1	0	INDP	IPOND
-4.428e-01
-4.377e-01
-4.375e-01
-4.375e-01
-4.375e-01
-4.375e-01
-4.375e-01
-4.375e-01
-4.375e-01
-4.375e-01
-4.375e-01
-4.375e-01
-4.375e-01
-4.375e-01
-4.375e-01
-4.375e-01
-4.375e-01
-4.374e-01
-4.381e-01
-4.349e-01
-4.260e-01
-4.383e-01
-4.293e-01
-4.286e-01
-4.285e-01
-4.285e-01
-4.285e-01
-4.285e-01
-4.285e-01
-4.285e-01
-4.285e-01
-4.285e-01
-4.285e-01
-4.285e-01
-4.285e-01
-4.285e-01
-4.285e-01
-4.285e-01
-4.286e-01
-4.290e-01
-4.271e-01
-4.173e-01
-4.383e-01
-4.287e-01
-4.276e-01
-4.276e-01
-4.276e-01
-4.276e-01
-4.276e-01
-4.276e-01
-4.276e-01
-4.276e-01
-4.276e-01
-4.276e-01
-4.276e-01
-4.276e-01
-4.276e-01
-4.276e-01
-4.276e-01
-4.276e-01
-4.280e-01
-4.262e-01
-4.152e-01
-4.383e-01
-4.287e-01
-4.276e-01
-4.276e-01
-4.276e-01
-4.276e-01
-4.276e-01
-4.276e-01
-4.276e-01
-4.276e-01
-4.276e-01
-4.276e-01
-4.276e-01
-4.276e-01
-4.276e-01
-4.276e-01
-4.276e-01
-4.276e-01
-4.280e-01
-4.262e-01
-4.151e-01
-4.383e-01
-4.287e-01
-4.276e-01
-4.276e-01
-4.276e-01
-4.276e-01
-4.276e-01
-4.276e-01
-4.276e-01
-4.276e-01
-4.276e-01
-4.276e-01
-4.276e-01
-4.276e-01
-4.276e-01
-4.276e-01
-4.276e-01
-4.276e-01
-4.280e-01
-4.262e-01
-4.151e-01
-4.383e-01
-4.287e-01
-4.276e-01
-4.276e-01
-4.276e-01
-4.276e-01
-4.276e-01
-4.276e-01
-4.276e-01
-4.276e-01
-4.276e-01
-4.276e-01
-4.276e-01
-4.276e-01
-4.276e-01
-4.276e-01
-4.276e-01
-4.276e-01
-4.280e-01
-4.262e-01
-4.151e-01
-4.383e-01
-4.287e-01
-4.276e-01
-4.276e-01
-4.276e-01
-4.276e-01
-4.276e-01
-4.276e-01
-4.276e-01
-4.276e-01
-4.276e-01
-4.276e-01
-4.276e-01
-4.276e-01
-4.276e-01
-4.276e-01
-4.276e-01
-4.276e-01
-4.280e-01
-4.262e-01
-4.151e-01
-4.383e-01
-4.287e-01
-4.276e-01
-4.276e-01
-4.276e-01
-4.276e-01
-4.276e-01
-4.276e-01
-4.276e-01
-4.276e-01
-4.276e-01
-4.276e-01
-4.276e-01
-4.276e-01
-4.276e-01
-4.276e-01
-4.276e-01
-4.276e-01
-4.280e-01
-4.262e-01
-4.151e-01
-4.383e-01
-4.287e-01
-4.276e-01
-4.276e-01
-4.276e-01
-4.276e-01
-4.276e-01
-4.276e-01
-4.276e-01
-4.276e-01
-4.276e-01
-4.276e-01
-4.276e-01
-4.276e-01
-4.276e-01
-4.276e-01
-4.276e-01
-4.276e-01
-4.280e-01
-4.262e-01
-4.151e-01
-4.383e-01
-4.287e-01
-4.276e-01
-4.276e-01
-4.276e-01
-4.276e-01
-4.276e-01
-4.276e-01
-4.276e-01
-4.276e-01
-4.276e-01
-4.276e-01
-4.276e-01
-4.276e-01
-4.276e-01
-4.276e-01
-4.276e-01
-4.276e-01
-4.280e-01
-4.262e-01
-4.151e-01
-4.383e-01
-4.287e-01
-4.276e-01
-4.276e-01
-4.276e-01
-4.276e-01
-4.276e-01
-4.276e-01
-4.276e-01
-4.276e-01
-4.276e-01
-4.276e-01
-4.276e-01
-4.276e-01
-4.276e-01
-4.276e-01
-4.276e-01
-4.276e-01
-4.280e-01
-4.262e-01
-4.151e-01
-4.383e-01
-4.287e-01
-4.276e-01
-4.276e-01
-4.276e-01
-4.276e-01
-4.276e-01
-4.276e-01
-4.276e-01
-4.276e-01
-4.276e-01
-4.276e-01
-4.276e-01
-4.276e-01
-4.276e-01
-4.276e-01
-4.276e-01
-4.276e-01
-4.280e-01
-4.262e-01
-4.151e-01
-4.383e-01
-4.287e-01
-4.276e-01
-4.276e-01
-4.276e-01
-4.276e-01
-4.276e-01
-4.276e-01
-4.276e-01
-4.276e-01
-4.276e-01
-4.276e-01
-4.276e-01
-4.276e-01
-4.276e-01
-4.276e-01
-4.276e-01
-4.276e-01
-4.280e-01
-4.262e-01
-4.151e-01
-4.383e-01
-4.287e-01
-4.276e-01
-4.276e-01
-4.276e-01
-4.276e-01
-4.276e-01
-4.276e-01
-4.276e-01
-4.276e-01
-4.276e-01
-4.276e-01
-4.276e-01
-4.276e-01
-4.276e-01
-4.276e-01
-4.276e-01
-4.276e-01
-4.280e-01
-4.262e-01
-4.151e-01
-4.383e-01
-4.287e-01
-4.276e-01
-4.276e-01
-4.276e-01
-4.276e-01
-4.276e-01
-4.276e-01
-4.276e-01
-4.276e-01
-4.276e-01
-4.276e-01
-4.276e-01
-4.276e-01
-4.276e-01
-4.276e-01
-4.276e-01
-4.276e-01
-4.280e-01
-4.262e-01
-4.151e-01
-4.383e-01
-4.287e-01
-4.276e-01
-4.276e-01
-4.276e-01
-4.276e-01
-4.276e-01
-4.276e-01
-4.276e-01
-4.276e-01
-4.276e-01
-4.276e-01
-4.276e-01
-4.276e-01
-4.276e-01
-4.276e-01
-4.276e-01
-4.276e-01
-4.280e-01
-4.262e-01
-4.151e-01
-4.383e-01
-4.287e-01
-4.276e-01
-4.276e-01
-4.276e-01
-4.276e-01
-4.276e-01
-4.276e-01
-4.276e-01
-4.276e-01
-4.276e-01
-4.276e-01
-4.276e-01
-4.276e-01
-4.276e-01
-4.276e-01
-4.275e-01
-4.276e-01
-4.280e-01
-4.262e-01
-4.151e-01
-4.382e-01
-4.287e-01
-4.276e-01
-4.276e-01
-4.276e-01
-4.276e-01
-4.276e-01
-4.276e-01
-4.276e-01
-4.276e-01
-4.276e-01
-4.276e-01
-4.276e-01
-4.276e-01
-4.276e-01
-4.276e-01
-4.276e-01
-4.275e-01
-4.280e-01
-4.261e-01
-4.151e-01
-4.388e-01
-4.290e-01
-4.279e-01
-4.280e-01
-4.280e-01
-4.280e-01
-4.280e-01
-4.280e-01
-4.280e-01
-4.280e-01
-4.280e-01
-4.280e-01
-4.280e-01
-4.280e-01
-4.280e-01
-4.280e-01
-4.280e-01
-4.280e-01
-4.283e-01
-4.263e-01
-4.151e-01
-4.358e-01
-4.272e-01
-4.261e-01
-4.261e-01
-4.261e-01
-4.261e-01
-4.261e-01
-4.261e-01
-4.261e-01
-4.261e-01
-4.261e-01
-4.261e-01
-4.261e-01
-4.261e-01
-4.261e-01
-4.261e-01
-4.261e-01
-4.261e-01
-4.264e-01
-4.249e-01
-4.147e-01
-4.268e-01
-4.180e-01
-4.156e-01
-4.155e-01
-4.155e-01
-4.155e-01
-4.155e-01
-4.155e-01
-4.155e-01
-4.155e-01
-4.155e-01
-4.155e-01
-4.155e-01
-4.155e-01
-4.155e-01
-4.155e-01
-4.155e-01
-4.155e-01
-4.157e-01
-4.152e-01
-4.092e-01
-4.370e-01
-4.322e-01
-4.320e-01
-4.320e-01
-4.320e-01
-4.320e-01
-4.320e-01
-4.320e-01
-4.320e-01
-4.320e-01
-4.320e-01
-4.320e-01
-4.320e-01
-4.320e-01
-4.320e-01
-4.320e-01
-4.320e-01
-4.320e-01
-4.326e-01
-4.294e-01
-4.212e-01
-4.329e-01
-4.245e-01
-4.237e-01
-4.237e-01
-4.237e-01
-4.237e-01
-4.237e-01
-4.237e-01
-4.237e-01
-4.237e-01
-4.237e-01
-4.237e-01
-4.237e-01
-4.237e-01
-4.237e-01
-4.237e-01
-4.237e-01
-4.237e-01
-4.241e-01
-4.222e-01
-4.130e-01
-4.328e-01
-4.239e-01
-4.228e-01
-4.228e-01
-4.228e-01
-4.228e-01
-4.228e-01
-4.228e-01
-4.228e-01
-4.228e-01
-4.228e-01
-4.228e-01
-4.228e-01
-4.228e-01
-4.228e-01
-4.228e-01
-4.228e-01
-4.227e-01
-4.231e-01
-4.214e-01
-4.108e-01
-4.329e-01
-4.239e-01
-4.227e-01
-4.227e-01
-4.227e-01
-4.227e-01
-4.227e-01
-4.227e-01
-4.227e-01
-4.227e-01
-4.227e-01
-4.227e-01
-4.227e-01
-4.227e-01
-4.227e-01
-4.227e-01
-4.227e-01
-4.227e-01
-4.231e-01
-4.213e-01
-4.107e-01
-4.329e-01
-4.239e-01
-4.227e-01
-4.227e-01
-4.228e-01
-4.228e-01
-4.228e-01
-4.228e-01
-4.228e-01
-4.228e-01
-4.228e-01
-4.228e-01
-4.228e-01
-4.228e-01
-4.228e-01
-4.228e-01
-4.227e-01
-4.227e-01
-4.232e-01
-4.213e-01
-4.108e-01
-4.329e-01
-4.239e-01
-4.227e-01
-4.227e-01
-4.228e-01
-4.227e-01
-4.227e-01
-4.227e-01
-4.227e-01
-4.227e-01
-4.227e-01
-4.227e-01
-4.227e-01
-4.227e-01
-4.227e-01
-4.228e-01
-4.227e-01
-4.227e-01
-4.232e-01
-4.213e-01
-4.108e-01
-4.329e-01
-4.239e-01
-4.227e-01
-4.227e-01
-4.228e-01
-4.227e-01
-4.227e-01
-4.227e-01
-4.227e-01
-4.227e-01
-4.227e-01
-4.227e-01
-4.227e-01
-4.227e-01
-4.227e-01
-4.228e-01
-4.227e-01
-4.227e-01
-4.232e-01
-4.213e-01
-4.108e-01
-4.329e-01
-4.239e-01
-4.227e-01
-4.227e-01
-4.228e-01
-4.227e-01
-4.227e-01
-4.227e-01
-4.227e-01
-4.227e-01
-4.227e-01
-4.227e-01
-4.227e-01
-4.227e-01
-4.227e-01
-4.228e-01
-4.227e-01
-4.227e-01
-4.232e-01
-4.213e-01
-4.108e-01
-4.329e-01
-4.239e-01
-4.227e-01
-4.227e-01
-4.228e-01
-4.227e-01
-4.227e-01
-4.227e-01
-4.227e-01
-4.227e-01
-4.227e-01
-4.227e-01
-4.227e-01
-4.227e-01
-4.227e-01
-4.228e-01
-4.227e-01
-4.227e-01
-4.232e-01
-4.213e-01
-4.108e-01
-4.329e-01
-4.239e-01
-4.227e-01
-4.227e-01
-4.228e-01
-4.227e-01
-4.227e-01
-4.227e-01
-4.227e-01
-4.227e-01
-4.227e-01
-4.227e-01
-4.227e-01
-4.227e-01
-4.227e-01
-4.228e-01
-4.227e-01
-4.227e-01
-4.232e-01
-4.213e-01
-4.108e-01
-4.329e-01
-4.239e-01
-4.227e-01
-4.227e-01
-4.228e-01
-4.227e-01
-4.227e-01
-4.227e-01
-4.227e-01
-4.227e-01
-4.227e-01
-4.227e-01
-4.227e-01
-4.227e-01
-4.227e-01
-4.228e-01
-4.227e-01
-4.227e-01
-4.232e-01
-4.213e-01
-4.108e-01
-4.329e-01
-4.239e-01
-4.227e-01
-4.227e-01
-4.228e-01
-4.227e-01
-4.227e-01
-4.227e-01
-4.227e-01
-4.227e-01
-4.227e-01
-4.227e-01
-4.227e-01
-4.227e-01
-4.227e-01
-4.228e-01
-4.227e-01
-4.227e-01
-4.232e-01
-4.213e-01
-4.108e-01
-4.329e-01
-4.239e-01
-4.227e-01
-4.227e-01
-4.228e-01
-4.227e-01
-4.227e-01
-4.227e-01
-4.227e-01
-4.227e-01
-4.227e-01
-4.227e-01
-4.227e-01
-4.227e-01
-4.227e-01
-4.228e-01
-4.227e-01
-4.227e-01
-4.232e-01
-4.213e-01
-4.108e-01
-4.329e-01
-4.239e-01
-4.227e-01
-4.227e-01
-4.228e-01
-4.227e-01
-4.227e-01
-4.227e-01
-4.227e-01
-4.227e-01
-4.227e-01
-4.227e-01
-4.227e-01
-4.227e-01
-4.227e-01
-4.228e-01
-4.227e-01
-4.227e-01
-4.232e-01
-4.213e-01
-4.108e-01
-4.329e-01
-4.239e-01
-4.227e-01
-4.227e-01
-4.228e-01
-4.227e-01
-4.227e-01
-4.227e-01
-4.227e-01
-4.227e-01
-4.227e-01
-4.227e-01
-4.228e-01
-4.228e-01
-4.227e-01
-4.228e-01
-4.227e-01
-4.227e-01
-4.232e-01
-4.213e-01
-4.108e-01
-4.328e-01
-4.239e-01
-4.227e-01
-4.227e-01
-4.228e-01
-4.228e-01
-4.228e-01
-4.228e-01
-4.228e-01
-4.228e-01
-4.228e-01
-4.228e-01
-4.228e-01
-4.227e-01
-4.228e-01
-4.227e-01
-4.227e-01
-4.227e-01
-4.232e-01
-4.213e-01
-4.108e-01
-4.328e-01
-4.239e-01
-4.227e-01
-4.227e-01
-4.227e-01
-4.227e-01
-4.227e-01
-4.227e-01
-4.227e-01
-4.227e-01
-4.227e-01
-4.227e-01
-4.227e-01
-4.227e-01
-4.227e-01
-4.227e-01
-4.227e-01
-4.227e-01
-4.232e-01
-4.213e-01
-4.108e-01
-4.328e-01
-4.239e-01
-4.227e-01
-4.227e-01
-4.227e-01
-4.227e-01
-4.227e-01
-4.227e-01
-4.227e-01
-4.227e-01
-4.227e-01
-4.227e-01
-4.227e-01
-4.227e-01
-4.227e-01
-4.227e-01
-4.227e-01
-4.227e-01
-4.231e-01
-4.213e-01
-4.108e-01
-4.333e-01
-4.242e-01
-4.231e-01
-4.231e-01
-4.231e-01
-4.231e-01
-4.231e-01
-4.231e-01
-4.231e-01
-4.231e-01
-4.231e-01
-4.231e-01
-4.231e-01
-4.231e-01
-4.231e-01
-4.231e-01
-4.231e-01
-4.231e-01
-4.234e-01
-4.215e-01
-4.108e-01
-4.304e-01
-4.223e-01
-4.213e-01
-4.213e-01
-4.213e-01
-4.213e-01
-4.213e-01
-4.213e-01
-4.213e-01
-4.213e-01
-4.213e-01
-4.213e-01
-4.213e-01
-4.213e-01
-4.213e-01
-4.213e-01
-4.213e-01
-4.213e-01
-4.215e-01
-4.200e-01
-4.104e-01
-4.219e-01
-4.137e-01
-4.113e-01
-4.112e-01
-4.112e-01
-4.112e-01
-4.112e-01
-4.112e-01
-4.112e-01
-4.112e-01
-4.112e-01
-4.112e-01
-4.112e-01
-4.112e-01
-4.112e-01
-4.112e-01
-4.112e-01
-4.112e-01
-4.114e-01
-4.109e-01
-4.050e-01
-4.309e-01
-4.273e-01
-4.271e-01
-4.271e-01
-4.271e-01
-4.271e-01
-4.271e-01
-4.271e-01
-4.271e-01
-4.271e-01
-4.271e-01
-4.271e-01
-4.271e-01
-4.271e-01
-4.271e-01
-4.271e-01
-4.271e-01
-4.270e-01
-4.276e-01
-4.243e-01
-4.180e-01
-4.280e-01
-4.215e-01
-4.207e-01
-4.207e-01
-4.207e-01
-4.207e-01
-4.207e-01
-4.207e-01
-4.207e-01
-4.207e-01
-4.207e-01
-4.207e-01
-4.207e-01
-4.207e-01
-4.207e-01
-4.207e-01
-4.207e-01
-4.207e-01
-4.211e-01
-4.191e-01
-4.117e-01
-4.279e-01
-4.209e-01
-4.198e-01
-4.198e-01
-4.198e-01
-4.198e-01
-4.198e-01
-4.198e-01
-4.198e-01
-4.198e-01
-4.198e-01
-4.198e-01
-4.198e-01
-4.198e-01
-4.198e-01
-4.198e-01
-4.198e-01
-4.197e-01
-4.201e-01
-4.182e-01
-4.095e-01
-4.279e-01
-4.209e-01
-4.197e-01
-4.197e-01
-4.197e-01
-4.197e-01
-4.197e-01
-4.197e-01
-4.197e-01
-4.197e-01
-4.197e-01
-4.197e-01
-4.197e-01
-4.197e-01
-4.197e-01
-4.197e-01
-4.197e-01
-4.197e-01
-4.201e-01
-4.181e-01
-4.094e-01
-4.279e-01
-4.209e-01
-4.197e-01
-4.197e-01
-4.197e-01
-4.197e-01
-4.197e-01
-4.197e-01
-4.197e-01
-4.197e-01
-4.197e-01
-4.197e-01
-4.197e-01
-4.197e-01
-4.197e-01
-4.197e-01
-4.197e-01
-4.197e-01
-4.201e-01
-4.181e-01
-4.094e-01
-4.279e-01
-4.209e-01
-4.197e-01
-4.197e-01
-4.197e-01
-4.197e-01
-4.197e-01
-4.197e-01
-4.197e-01
-4.197e-01
-4.197e-01
-4.197e-01
-4.197e-01
-4.197e-01
-4.197e-01
-4.197e-01
-4.197e-01
-4.197e-01
-4.201e-01
-4.181e-01
-4.094e-01
-4.279e-01
-4.209e-01
-4.197e-01
-4.197e-01
-4.197e-01
-4.197e-01
-4.197e-01
-4.197e-01
-4.197e-01
-4.197e-01
-4.197e-01
-4.197e-01
-4.197e-01
-4.197e-01
-4.197e-01
-4.197e-01
-4.197e-01
-4.197e-01
-4.201e-01
-4.181e-01
-4.094e-01
-4.279e-01
-4.209e-01
-4.197e-01
-4.197e-01
-4.197e-01
-4.197e-01
-4.197e-01
-4.197e-01
-4.197e-01
-4.197e-01
-4.197e-01
-4.197e-01
-4.197e-01
-4.197e-01
-4.197e-01
-4.197e-01
-4.197e-01
-4.197e-01
-4.201e-01
-4.181e-01
-4.094e-01
-4.279e-01
-4.209e-01
-4.197e-01
-4.197e-01
-4.197e-01
-4.197e-01
-4.197e-01
-4.197e-01
-4.197e-01
-4.197e-01
-4.197e-01
-4.197e-01
-4.197e-01
-4.197e-01
-4.197e-01
-4.197e-01
-4.197e-01
-4.197e-01
-4.201e-01
-4.181e-01
-4.094e-01
-4.279e-01
-4.209e-01
-4.197e-01
-4.197e-01
-4.197e-01
-4.197e-01
-4.197e-01
-4.197e-01
-4.197e-01
-4.197e-01
-4.197e-01
-4.197e-01
-4.197e-01
-4.197e-01
-4.197e-01
-4.197e-01
-4.197e-01
-4.197e-01
-4.201e-01
-4.181e-01
-4.094e-01
-4.279e-01
-4.209e-01
-4.197e-01
-4.197e-01
-4.197e-01
-4.197e-01
-4.197e-01
-4.197e-01
-4.197e-01
-4.197e-01
-4.197e-01
-4.197e-01
-4.197e-01
-4.197e-01
-4.197e-01
-4.197e-01
-4.197e-01
-4.197e-01
-4.201e-01
-4.181e-01
-4.094e-01
-4.279e-01
-4.209e-01
-4.197e-01
-4.197e-01
-4.197e-01
-4.197e-01
-4.197e-01
-4.197e-01
-4.197e-01
-4.197e-01
-4.197e-01
-4.197e-01
-4.197e-01
-4.197e-01
-4.197e-01
-4.197e-01
-4.197e-01
-4.197e-01
-4.201e-01
-4.181e-01
-4.094e-01
-4.279e-01
-4.209e-01
-4.197e-01
-4.197e-01
-4.197e-01
-4.197e-01
-4.197e-01
-4.197e-01
-4.197e-01
-4.197e-01
-4.197e-01
-4.197e-01
-4.197e-01
-4.197e-01
-4.197e-01
-4.197e-01
-4.197e-01
-4.197e-01
-4.201e-01
-4.181e-01
-4.094e-01
-4.279e-01
-4.209e-01
-4.197e-01
-4.197e-01
-4.197e-01
-4.197e-01
-4.197e-01
-4.197e-01
-4.197e-01
-4.197e-01
-4.197e-01
-4.197e-01
-4.197e-01
-4.197e-01
-4.197e-01
-4.197e-01
-4.197e-01
-4.197e-01
-4.201e-01
-4.181e-01
-4.094e-01
-4.279e-01
-4.209e-01
-4.197e-01
-4.197e-01
-4.197e-01
-4.197e-01
-4.197e-01
-4.197e-01
-4.197e-01
-4.197e-01
-4.197e-01
-4.197e-01
-4.197e-01
-4.197e-01
-4.197e-01
-4.197e-01
-4.197e-01
-4.197e-01
-4.201e-01
-4.181e-01
-4.094e-01
-4.279e-01
-4.209e-01
-4.197e-01
-4.197e-01
-4.197e-01
-4.197e-01
-4.197e-01
-4.197e-01
-4.197e-01
-4.197e-01
-4.197e-01
-4.197e-01
-4.197e-01
-4.197e-01
-4.197e-01
-4.197e-01
-4.197e-01
-4.197e-01
-4.201e-01
-4.181e-01
-4.094e-01
-4.279e-01
-4.209e-01
-4.197e-01
-4.197e-01
-4.197e-01
-4.197e-01
-4.197e-01
-4.197e-01
-4.197e-01
-4.197e-01
-4.197e-01
-4.197e-01
-4.197e-01
-4.197e-01
-4.197e-01
-4.197e-01
-4.197e-01
-4.197e-01
-4.201e-01
-4.181e-01
-4.094e-01
-4.278e-01
-4.209e-01
-4.197e-01
-4.197e-01
-4.197e-01
-4.197e-01
-4.197e-01
-4.197e-01
-4.197e-01
-4.197e-01
-4.197e-01
-4.197e-01
-4.197e-01
-4.197e-01
-4.197e-01
-4.197e-01
-4.197e-01
-4.197e-01
-4.201e-01
-4.181e-01
-4.094e-01
-4.284e-01
-4.212e-01
-4.200e-01
-4.201e-01
-4.201e-01
-4.201e-01
-4.201e-01
-4.201e-01
-4.201e-01
-4.201e-01
-4.201e-01
-4.201e-01
-4.201e-01
-4.201e-01
-4.201e-01
-4.201e-01
-4.201e-01
-4.201e-01
-4.204e-01
-4.183e-01
-4.095e-01
-4.253e-01
-4.192e-01
-4.181e-01
-4.181e-01
-4.181e-01
-4.181e-01
-4.181e-01
-4.181e-01
-4.181e-01
-4.181e-01
-4.181e-01
-4.181e-01
-4.181e-01
-4.181e-01
-4.181e-01
-4.181e-01
-4.181e-01
-4.181e-01
-4.183e-01
-4.168e-01
-4.090e-01
-4.188e-01
-4.125e-01
-4.100e-01
-4.099e-01
-4.099e-01
-4.099e-01
-4.099e-01
-4.099e-01
-4.099e-01
-4.099e-01
-4.099e-01
-4.099e-01
-4.099e-01
-4.099e-01
-4.099e-01
-4.099e-01
-4.099e-01
-4.099e-01
-4.101e-01
-4.095e-01
-4.046e-01
-4.379e-01
-4.364e-01
-4.362e-01
-4.362e-01
-4.362e-01
-4.362e-01
-4.362e-01
-4.362e-01
-4.362e-01
-4.362e-01
-4.362e-01
-4.362e-01
-4.362e-01
-4.362e-01
-4.362e-01
-4.362e-01
-4.362e-01
-4.362e-01
-4.366e-01
-4.331e-01
-4.309e-01
-4.372e-01
-4.350e-01
-4.342e-01
-4.342e-01
-4.342e-01
-4.342e-01
-4.342e-01
-4.342e-01
-4.342e-01
-4.342e-01
-4.342e-01
-4.342e-01
-4.342e-01
-4.342e-01
-4.342e-01
-4.342e-01
-4.342e-01
-4.342e-01
-4.345e-01
-4.322e-01
-4.292e-01
-4.371e-01
-4.344e-01
-4.333e-01
-4.333e-01
-4.333e-01
-4.333e-01
-4.333e-01
-4.333e-01
-4.333e-01
-4.333e-01
-4.333e-01
-4.333e-01
-4.333e-01
-4.333e-01
-4.333e-01
-4.333e-01
-4.333e-01
-4.332e-01
-4.335e-01
-4.313e-01
-4.272e-01
-4.372e-01
-4.344e-01
-4.333e-01
-4.332e-01
-4.332e-01
-4.332e-01
-4.332e-01
-4.332e-01
-4.332e-01
-4.332e-01
-4.332e-01
-4.332e-01
-4.332e-01
-4.332e-01
-4.332e-01
-4.332e-01
-4.332e-01
-4.332e-01
-4.335e-01
-4.312e-01
-4.270e-01
-4.372e-01
-4.344e-01
-4.333e-01
-4.332e-01
-4.332e-01
-4.332e-01
-4.332e-01
-4.332e-01
-4.332e-01
-4.332e-01
-4.332e-01
-4.332e-01
-4.332e-01
-4.332e-01
-4.332e-01
-4.332e-01
-4.332e-01
-4.332e-01
-4.335e-01
-4.312e-01
-4.270e-01
-4.372e-01
-4.344e-01
-4.333e-01
-4.332e-01
-4.332e-01
-4.332e-01
-4.332e-01
-4.332e-01
-4.332e-01
-4.332e-01
-4.332e-01
-4.332e-01
-4.332e-01
-4.332e-01
-4.332e-01
-4.332e-01
-4.332e-01
-4.332e-01
-4.335e-01
-4.312e-01
-4.270e-01
-4.372e-01
-4.344e-01
-4.333e-01
-4.332e-01
-4.332e-01
-4.332e-01
-4.332e-01
-4.332e-01
-4.332e-01
-4.332e-01
-4.332e-01
-4.332e-01
-4.332e-01
-4.332e-01
-4.332e-01
-4.332e-01
-4.332e-01
-4.332e-01
-4.335e-01
-4.312e-01
-4.270e-01
-4.372e-01
-4.344e-01
-4.333e-01
-4.332e-01
-4.332e-01
-4.332e-01
-4.332e-01
-4.332e-01
-4.332e-01
-4.332e-01
-4.332e-01
-4.332e-01
-4.332e-01
-4.332e-01
-4.332e-01
-4.332e-01
-4.332e-01
-4.332e-01
-4.335e-01
-4.312e-01
-4.270e-01
-4.372e-01
-4.344e-01
-4.333e-01
-4.332e-01
-4.332e-01
-4.332e-01
-4.332e-01
-4.332e-01
-4.332e-01
-4.332e-01
-4.332e-01
-4.332e-01
-4.332e-01
-4.332e-01
-4.332e-01
-4.332e-01
-4.332e-01
-4.332e-01
-4.335e-01
-4.312e-01
-4.270e-01
-4.372e-01
-4.344e-01
-4.333e-01
-4.332e-01
-4.332e-01
-4.332e-01
-4.332e-01
-4.332e-01
-4.332e-01
-4.332e-01
-4.332e-01
-4.332e-01
-4.332e-01
-4.332e-01
-4.332e-01
-4.332e-01
-4.332e-01
-4.332e-01
-4.335e-01
-4.312e-01
-4.270e-01
-4.372e-01
-4.344e-01
-4.333e-01
-4.332e-01
-4.332e-01
-4.332e-01
-4.332e-01
-4.332e-01
-4.332e-01
-4.332e-01
-4.332e-01
-4.332e-01
-4.332e-01
-4.332e-01
-4.332e-01
-4.332e-01
-4.332e-01
-4.332e-01
-4.335e-01
-4.312e-01
-4.270e-01
-4.372e-01
-4.344e-01
-4.333e-01
-4.332e-01
-4.332e-01
-4.332e-01
-4.332e-01
-4.332e-01
-4.332e-01
-4.332e-01
-4.332e-01
-4.332e-01
-4.332e-01
-4.332e-01
-4.332e-01
-4.332e-01
-4.332e-01
-4.332e-01
-4.335e-01
-4.312e-01
-4.270e-01
-4.372e-01
-4.344e-01
-4.333e-01
-4.332e-01
-4.332e-01
-4.332e-01
-4.332e-01
-4.332e-01
-4.332e-01
-4.332e-01
-4.332e-01
-4.332e-01
-4.332e-01
-4.332e-01
-4.332e-01
-4.332e-01
-4.332e-01
-4.332e-01
-4.335e-01
-4.312e-01
-4.270e-01
-4.372e-01
-4.344e-01
-4.333e-01
-4.332e-01
-4.332e-01
-4.332e-01
-4.332e-01
-4.332e-01
-4.332e-01
-4.332e-01
-4.332e-01
-4.332e-01
-4.332e-01
-4.332e-01
-4.332e-01
-4.332e-01
-4.332e-01
-4.332e-01
-4.335e-01
-4.312e-01
-4.270e-01
-4.372e-01
-4.344e-01
-4.333e-01
-4.332e-01
-4.332e-01
-4.332e-01
-4.332e-01
-4.332e-01
-4.332e-01
-4.332e-01
-4.332e-01
-4.332e-01
-4.332e-01
-4.332e-01
-4.332e-01
-4.332e-01
-4.332e-01
-4.332e-01
-4.335e-01
-4.312e-01
-4.270e-01
-4.371e-01
-4.344e-01
-4.333e-01
-4.332e-01
-4.332e-01
-4.332e-01
-4.332e-01
-4.332e-01
-4.332e-01
-4.332e-01
-4.332e-01
-4.332e-01
-4.332e-01
-4.332e-01
-4.332e-01
-4.332e-01
-4.332e-01
-4.332e-01
-4.335e-01
-4.312e-01
-4.270e-01
-4.371e-01
-4.344e-01
-4.332e-01
-4.332e-01
-4.332e-01
-4.332e-01
-4.332e-01
-4.332e-01
-4.332e-01
-4.332e-01
-4.332e-01
-4.332e-01
-4.332e-01
-4.332e-01
-4.332e-01
-4.332e-01
-4.331e-01
-4.332e-01
-4.335e-01
-4.312e-01
-4.270e-01
-4.371e-01
-4.345e-01
-4.332e-01
-4.332e-01
-4.332e-01
-4.332e-01
-4.332e-01
-4.332e-01
-4.332e-01
-4.332e-01
-4.332e-01
-4.332e-01
-4.332e-01
-4.332e-01
-4.332e-01
-4.332e-01
-4.332e-01
-4.332e-01
-4.335e-01
-4.312e-01
-4.270e-01
-4.375e-01
-4.347e-01
-4.335e-01
-4.335e-01
-4.335e-01
-4.335e-01
-4.335e-01
-4.335e-01
-4.335e-01
-4.335e-01
-4.335e-01
-4.335e-01
-4.335e-01
-4.335e-01
-4.335e-01
-4.335e-01
-4.335e-01
-4.335e-01
-4.337e-01
-4.313e-01
-4.270e-01
-4.343e-01
-4.324e-01
-4.313e-01
-4.312e-01
-4.312e-01
-4.312e-01
-4.312e-01
-4.312e-01
-4.312e-01
-4.312e-01
-4.312e-01
-4.312e-01
-4.312e-01
-4.312e-01
-4.312e-01
-4.312e-01
-4.312e-01
-4.312e-01
-4.314e-01
-4.296e-01
-4.264e-01
-4.319e-01
-4.302e-01
-4.278e-01
-4.276e-01
-4.276e-01
-4.276e-01
-4.276e-01
-4.276e-01
-4.276e-01
-4.276e-01
-4.276e-01
-4.276e-01
-4.276e-01
-4.276e-01
-4.276e-01
-4.276e-01
-4.276e-01
-4.276e-01
-4.278e-01
-4.270e-01
-4.249e-01
-4.833e-01
-4.871e-01
-4.870e-01
-4.870e-01
-4.870e-01
-4.870e-01
-4.870e-01
-4.870e-01
-4.870e-01
-4.870e-01
-4.870e-01
-4.870e-01
-4.870e-01
-4.870e-01
-4.870e-01
-4.870e-01
-4.870e-01
-4.871e-01
-4.870e-01
-4.836e-01
-4.928e-01
-4.880e-01
-4.971e-01
-4.971e-01
-4.970e-01
-4.970e-01
-4.970e-01
-4.970e-01
-4.970e-01
-4.970e-01
-4.970e-01
-4.970e-01
-4.970e-01
-4.970e-01
-4.970e-01
-4.970e-01
-4.970e-01
-4.970e-01
-4.971e-01
-4.970e-01
-4.945e-01
-5.061e-01
-4.881e-01
-4.974e-01
-4.973e-01
-4.972e-01
-4.972e-01
-4.972e-01
-4.972e-01
-4.972e-01
-4.972e-01
-4.972e-01
-4.972e-01
-4.972e-01
-4.972e-01
-4.972e-01
-4.972e-01
-4.972e-01
-4.972e-01
-4.972e-01
-4.971e-01
-4.945e-01
-5.063e-01
-4.881e-01
-4.973e-01
-4.972e-01
-4.971e-01
-4.971e-01
-4.971e-01
-4.971e-01
-4.971e-01
-4.971e-01
-4.971e-01
-4.971e-01
-4.971e-01
-4.971e-01
-4.971e-01
-4.971e-01
-4.971e-01
-4.971e-01
-4.971e-01
-4.970e-01
-4.944e-01
-5.062e-01
-4.881e-01
-4.973e-01
-4.972e-01
-4.971e-01
-4.971e-01
-4.971e-01
-4.971e-01
-4.971e-01
-4.971e-01
-4.971e-01
-4.971e-01
-4.971e-01
-4.971e-01
-4.971e-01
-4.971e-01
-4.971e-01
-4.971e-01
-4.971e-01
-4.970e-01
-4.944e-01
-5.062e-01
-4.881e-01
-4.973e-01
-4.972e-01
-4.971e-01
-4.971e-01
-4.970e-01
-4.970e-01
-4.970e-01
-4.970e-01
-4.970e-01
-4.970e-01
-4.970e-01
-4.970e-01
-4.970e-01
-4.970e-01
-4.971e-01
-4.971e-01
-4.971e-01
-4.970e-01
-4.944e-01
-5.062e-01
-4.881e-01
-4.973e-01
-4.972e-01
-4.971e-01
-4.971e-01
-4.970e-01
-4.970e-01
-4.970e-01
-4.970e-01
-4.970e-01
-4.970e-01
-4.970e-01
-4.970e-01
-4.970e-01
-4.970e-01
-4.971e-01
-4.971e-01
-4.971e-01
-4.970e-01
-4.944e-01
-5.062e-01
-4.881e-01
-4.973e-01
-4.972e-01
-4.971e-01
-4.971e-01
-4.970e-01
-4.970e-01
-4.970e-01
-4.970e-01
-4.970e-01
-4.970e-01
-4.970e-01
-4.970e-01
-4.970e-01
-4.970e-01
-4.971e-01
-4.971e-01
-4.971e-01
-4.970e-01
-4.944e-01
-5.062e-01
-4.881e-01
-4.973e-01
-4.972e-01
-4.971e-01
-4.971e-01
-4.970e-01
-4.970e-01
-4.970e-01
-4.970e-01
-4.970e-01
-4.970e-01
-4.970e-01
-4.970e-01
-4.970e-01
-4.970e-01
-4.971e-01
-4.971e-01
-4.971e-01
-4.970e-01
-4.944e-01
-5.062e-01
-4.881e-01
-4.973e-01
-4.972e-01
-4.971e-01
-4.971e-01
-4.970e-01
-4.970e-01
-4.970e-01
-4.970e-01
-4.970e-01
-4.970e-01
-4.970e-01
-4.970e-01
-4.970e-01
-4.970e-01
-4.971e-01
-4.971e-01
-4.971e-01
-4.970e-01
-4.944e-01
-5.062e-01
-4.881e-01
-4.973e-01
-4.972e-01
-4.971e-01
-4.971e-01
-4.970e-01
-4.970e-01
-4.970e-01
-4.970e-01
-4.970e-01
-4.970e-01
-4.970e-01
-4.970e-01
-4.970e-01
-4.970e-01
-4.971e-01
-4.971e-01
-4.971e-01
-4.970e-01
-4.944e-01
-5.062e-01
-4.881e-01
-4.973e-01
-4.972e-01
-4.971e-01
-4.971e-01
-4.970e-01
-4.970e-01
-4.970e-01
-4.970e-01
-4.970e-01
-4.970e-01
-4.970e-01
-4.970e-01
-4.970e-01
-4.970e-01
-4.971e-01
-4.971e-01
-4.971e-01
-4.970e-01
-4.944e-01
-5.062e-01
-4.881e-01
-4.973e-01
-4.972e-01
-4.971e-01
-4.971e-01
-4.970e-01
-4.970e-01
-4.970e-01
-4.970e-01
-4.970e-01
-4.970e-01
-4.970e-01
-4.970e-01
-4.970e-01
-4.970e-01
-4.971e-01
-4.971e-01
-4.971e-01
-4.970e-01
-4.944e-01
-5.062e-01
-4.881e-01
-4.973e-01
-4.972e-01
-4.971e-01
-4.971e-01
-4.970e-01
-4.970e-01
-4.970e-01
-4.970e-01
-4.970e-01
-4.970e-01
-4.970e-01
-4.971e-01
-4.971e-01
-4.971e-01
-4.971e-01
-4.971e-01
-4.971e-01
-4.970e-01
-4.944e-01
-5.062e-01
-4.881e-01
-4.973e-01
-4.972e-01
-4.971e-01
-4.971e-01
-4.970e-01
-4.970e-01
-4.970e-01
-4.970e-01
-4.970e-01
-4.970e-01
-4.971e-01
-4.971e-01
-4.971e-01
-4.971e-01
-4.971e-01
-4.971e-01
-4.971e-01
-4.970e-01
-4.944e-01
-5.062e-01
-4.881e-01
-4.973e-01
-4.972e-01
-4.971e-01
-4.971e-01
-4.971e-01
-4.971e-01
-4.971e-01
-4.971e-01
-4.971e-01
-4.971e-01
-4.971e-01
-4.971e-01
-4.970e-01
-4.971e-01
-4.970e-01
-4.971e-01
-4.971e-01
-4.970e-01
-4.944e-01
-5.062e-01
-4.881e-01
-4.973e-01
-4.972e-01
-4.971e-01
-4.971e-01
-4.971e-01
-4.971e-01
-4.971e-01
-4.971e-01
-4.971e-01
-4.971e-01
-4.971e-01
-4.971e-01
-4.971e-01
-4.971e-01
-4.971e-01
-4.970e-01
-4.971e-01
-4.970e-01
-4.945e-01
-5.062e-01
-4.882e-01
-4.974e-01
-4.972e-01
-4.971e-01
-4.971e-01
-4.971e-01
-4.971e-01
-4.971e-01
-4.971e-01
-4.971e-01
-4.971e-01
-4.971e-01
-4.971e-01
-4.971e-01
-4.971e-01
-4.971e-01
-4.971e-01
-4.972e-01
-4.971e-01
-4.945e-01
-5.062e-01
-4.880e-01
-4.972e-01
-4.970e-01
-4.970e-01
-4.970e-01
-4.970e-01
-4.970e-01
-4.970e-01
-4.970e-01
-4.970e-01
-4.970e-01
-4.970e-01
-4.970e-01
-4.970e-01
-4.970e-01
-4.970e-01
-4.970e-01
-4.970e-01
-4.969e-01
-4.944e-01
-5.061e-01
-4.851e-01
-4.950e-01
-4.947e-01
-4.946e-01
-4.946e-01
-4.946e-01
-4.946e-01
-4.946e-01
-4.946e-01
-4.946e-01
-4.946e-01
-4.946e-01
-4.946e-01
-4.946e-01
-4.946e-01
-4.946e-01
-4.946e-01
-4.946e-01
-4.946e-01
-4.927e-01
-5.051e-01
-4.943e-01
-5.077e-01
-5.075e-01
-5.073e-01
-5.072e-01
-5.072e-01
-5.072e-01
-5.072e-01
-5.072e-01
-5.072e-01
-5.072e-01
-5.072e-01
-5.072e-01
-5.072e-01
-5.072e-01
-5.072e-01
-5.072e-01
-5.073e-01
-5.074e-01
-5.061e-01
-5.153e-01
-6.294e-01
-6.497e-01
-6.505e-01
-6.505e-01
-6.505e-01
-6.505e-01
-6.505e-01
-6.505e-01
-6.505e-01
-6.505e-01
-6.505e-01
-6.505e-01
-6.505e-01
-6.505e-01
-6.505e-01
-6.504e-01
-6.505e-01
-6.506e-01
-6.489e-01
-6.513e-01
-7.020e-01
-6.507e-01
-6.956e-01
-6.993e-01
-6.993e-01
-6.993e-01
-6.993e-01
-6.993e-01
-6.993e-01
-6.993e-01
-6.993e-01
-6.993e-01
-6.993e-01
-6.993e-01
-6.993e-01
-6.993e-01
-6.993e-01
-6.994e-01
-6.994e-01
-6.981e-01
-7.022e-01
-7.716e-01
-6.518e-01
-6.995e-01
-7.045e-01
-7.046e-01
-7.046e-01
-7.046e-01
-7.046e-01
-7.046e-01
-7.046e-01
-7.046e-01
-7.046e-01
-7.046e-01
-7.046e-01
-7.046e-01
-7.046e-01
-7.046e-01
-7.046e-01
-7.047e-01
-7.031e-01
-7.077e-01
-7.836e-01
-6.518e-01
-6.997e-01
-7.046e-01
-7.048e-01
-7.048e-01
-7.048e-01
-7.048e-01
-7.048e-01
-7.048e-01
-7.048e-01
-7.048e-01
-7.048e-01
-7.048e-01
-7.048e-01
-7.048e-01
-7.048e-01
-7.049e-01
-7.049e-01
-7.033e-01
-7.079e-01
-7.844e-01
-6.518e-01
-6.997e-01
-7.046e-01
-7.048e-01
-7.048e-01
-7.048e-01
-7.048e-01
-7.048e-01
-7.048e-01
-7.048e-01
-7.048e-01
-7.048e-01
-7.048e-01
-7.048e-01
-7.048e-01
-7.048e-01
-7.049e-01
-7.049e-01
-7.034e-01
-7.080e-01
-7.845e-01
-6.518e-01
-6.997e-01
-7.046e-01
-7.048e-01
-7.048e-01
-7.048e-01
-7.048e-01
-7.048e-01
-7.048e-01
-7.048e-01
-7.048e-01
-7.048e-01
-7.048e-01
-7.048e-01
-7.048e-01
-7.048e-01
-7.049e-01
-7.049e-01
-7.034e-01
-7.080e-01
-7.845e-01
-6.518e-01
-6.997e-01
-7.046e-01
-7.048e-01
-7.048e-01
-7.048e-01
-7.048e-01
-7.048e-01
-7.048e-01
-7.048e-01
-7.048e-01
-7.048e-01
-7.048e-01
-7.048e-01
-7.048e-01
-7.048e-01
-7.049e-01
-7.049e-01
-7.034e-01
-7.080e-01
-7.845e-01
-6.518e-01
-6.997e-01
-7.046e-01
-7.048e-01
-7.048e-01
-7.048e-01
-7.048e-01
-7.048e-01
-7.048e-01
-7.048e-01
-7.048e-01
-7.048e-01
-7.048e-01
-7.048e-01
-7.048e-01
-7.048e-01
-7.049e-01
-7.049e-01
-7.034e-01
-7.080e-01
-7.845e-01
-6.518e-01
-6.997e-01
-7.046e-01
-7.048e-01
-7.048e-01
-7.048e-01
-7.048e-01
-7.048e-01
-7.048e-01
-7.048e-01
-7.048e-01
-7.048e-01
-7.048e-01
-7.048e-01
-7.048e-01
-7.048e-01
-7.049e-01
-7.049e-01
-7.034e-01
-7.080e-01
-7.845e-01
-6.518e-01
-6.997e-01
-7.046e-01
-7.048e-01
-7.048e-01
-7.048e-01
-7.048e-01
-7.048e-01
-7.048e-01
-7.048e-01
-7.048e-01
-7.048e-01
-7.048e-01
-7.048e-01
-7.048e-01
-7.048e-01
-7.049e-01
-7.049e-01
-7.034e-01
-7.080e-01
-7.845e-01
-6.518e-01
-6.997e-01
-7.046e-01
-7.048e-01
-7.048e-01
-7.048e-01
-7.048e-01
-7.048e-01
-7.048e-01
-7.048e-01
-7.048e-01
-7.048e-01
-7.048e-01
-7.048e-01
-7.048e-01
-7.048e-01
-7.049e-01
-7.049e-01
-7.034e-01
-7.080e-01
-7.845e-01
-6.518e-01
-6.997e-01
-7.046e-01
-7.048e-01
-7.048e-01
-7.048e-01
-7.048e-01
-7.048e-01
-7.048e-01
-7.048e-01
-7.048e-01
-7.048e-01
-7.048e-01
-7.048e-01
-7.048e-01
-7.048e-01
-7.049e-01
-7.049e-01
-7.034e-01
-7.080e-01
-7.845e-01
-6.518e-01
-6.997e-01
-7.046e-01
-7.048e-01
-7.048e-01
-7.048e-01
-7.048e-01
-7.048e-01
-7.048e-01
-7.048e-01
-7.048e-01
-7.048e-01
-7.048e-01
-7.048e-01
-7.048e-01
-7.048e-01
-7.049e-01
-7.049e-01
-7.034e-01
-7.080e-01
-7.845e-01
-6.518e-01
-6.997e-01
-7.046e-01
-7.048e-01
-7.048e-01
-7.048e-01
-7.048e-01
-7.048e-01
-7.048e-01
-7.048e-01
-7.048e-01
-7.048e-01
-7.049e-01
-7.049e-01
-7.049e-01
-7.048e-01
-7.049e-01
-7.049e-01
-7.034e-01
-7.080e-01
-7.845e-01
-6.518e-01
-6.997e-01
-7.046e-01
-7.048e-01
-7.048e-01
-7.048e-01
-7.048e-01
-7.048e-01
-7.048e-01
-7.048e-01
-7.048e-01
-7.049e-01
-7.049e-01
-7.049e-01
-7.049e-01
-7.048e-01
-7.049e-01
-7.049e-01
-7.034e-01
-7.080e-01
-7.845e-01
-6.518e-01
-6.997e-01
-7.046e-01
-7.048e-01
-7.048e-01
-7.048e-01
-7.048e-01
-7.048e-01
-7.048e-01
-7.048e-01
-7.048e-01
-7.048e-01
-7.048e-01
-7.048e-01
-7.048e-01
-7.048e-01
-7.049e-01
-7.049e-01
-7.034e-01
-7.080e-01
-7.845e-01
-6.518e-01
-6.998e-01
-7.046e-01
-7.049e-01
-7.049e-01
-7.049e-01
-7.049e-01
-7.049e-01
-7.049e-01
-7.049e-01
-7.049e-01
-7.049e-01
-7.049e-01
-7.049e-01
-7.049e-01
-7.049e-01
-7.049e-01
-7.049e-01
-7.034e-01
-7.080e-01
-7.845e-01
-6.519e-01
-6.997e-01
-7.047e-01
-7.049e-01
-7.049e-01
-7.049e-01
-7.049e-01
-7.049e-01
-7.049e-01
-7.049e-01
-7.049e-01
-7.049e-01
-7.049e-01
-7.049e-01
-7.049e-01
-7.049e-01
-7.049e-01
-7.050e-01
-7.034e-01
-7.080e-01
-7.844e-01
-6.501e-01
-6.983e-01
-7.031e-01
-7.034e-01
-7.034e-01
-7.034e-01
-7.034e-01
-7.034e-01
-7.034e-01
-7.034e-01
-7.034e-01
-7.034e-01
-7.034e-01
-7.034e-01
-7.034e-01
-7.034e-01
-7.034e-01
-7.034e-01
-7.020e-01
-7.071e-01
-7.839e-01
-6.536e-01
-7.034e-01
-7.086e-01
-7.089e-01
-7.089e-01
-7.089e-01
-7.089e-01
-7.089e-01
-7.089e-01
-7.089e-01
-7.089e-01
-7.089e-01
-7.089e-01
-7.089e-01
-7.089e-01
-7.089e-01
-7.089e-01
-7.089e-01
-7.080e-01
-7.131e-01
-7.884e-01
-7.048e-01
-7.747e-01
-7.861e-01
-7.868e-01
-7.868e-01
-7.868e-01
-7.868e-01
-7.868e-01
-7.868e-01
-7.868e-01
-7.868e-01
-7.868e-01
-7.868e-01
-7.868e-01
-7.868e-01
-7.868e-01
-7.868e-01
-7.869e-01
-7.865e-01
-7.902e-01
-8.451e-01
-9.683e-01
-1.006e+00
-1.007e+00
-1.007e+00
-1.007e+00
-1.007e+00
-1.007e+00
-1.007e+00
-1.007e+00
-1.007e+00
-1.007e+00
-1.007e+00
-1.007e+00
-1.007e+00
-1.007e+00
-1.007e+00
-1.007e+00
-1.007e+00
-1.007e+00
-1.026e+00
-1.074e+00
-1.006e+00
-1.056e+00
-1.058e+00
-1.058e+00
-1.058e+00
-1.058e+00
-1.058e+00
-1.058e+00
-1.058e+00
-1.058e+00
-1.058e+00
-1.058e+00
-1.058e+00
-1.058e+00
-1.058e+00
-1.058e+00
-1.058e+00
-1.058e+00
-1.060e+00
-1.070e+00
-1.100e+00
-1.008e+00
-1.058e+00
-1.063e+00
-1.063e+00
-1.063e+00
-1.063e+00
-1.063e+00
-1.063e+00
-1.063e+00
-1.063e+00
-1.063e+00
-1.063e+00
-1.063e+00
-1.063e+00
-1.063e+00
-1.063e+00
-1.063e+00
-1.063e+00
-1.063e+00
-1.074e+00
-1.104e+00
-1.008e+00
-1.059e+00
-1.063e+00
-1.063e+00
-1.063e+00
-1.063e+00
-1.063e+00
-1.063e+00
-1.063e+00
-1.063e+00
-1.063e+00
-1.063e+00
-1.063e+00
-1.063e+00
-1.063e+00
-1.063e+00
-1.063e+00
-1.063e+00
-1.063e+00
-1.074e+00
-1.104e+00
-1.008e+00
-1.059e+00
-1.063e+00
-1.063e+00
-1.063e+00
-1.063e+00
-1.063e+00
-1.063e+00
-1.063e+00
-1.063e+00
-1.063e+00
-1.063e+00
-1.063e+00
-1.063e+00
-1.063e+00
-1.063e+00
-1.063e+00
-1.063e+00
-1.063e+00
-1.074e+00
-1.104e+00
-1.008e+00
-1.059e+00
-1.063e+00
-1.063e+00
-1.063e+00
-1.063e+00
-1.063e+00
-1.063e+00
-1.063e+00
-1.063e+00
-1.063e+00
-1.063e+00
-1.063e+00
-1.063e+00
-1.063e+00
-1.063e+00
-1.063e+00
-1.063e+00
-1.063e+00
-1.074e+00
-1.104e+00
-1.008e+00
-1.059e+00
-1.063e+00
-1.063e+00
-1.063e+00
-1.063e+00
-1.063e+00
-1.063e+00
-1.063e+00
-1.063e+00
-1.063e+00
-1.063e+00
-1.063e+00
-1.063e+00
-1.063e+00
-1.063e+00
-1.063e+00
-1.063e+00
-1.063e+00
-1.074e+00
-1.104e+00
-1.008e+00
-1.059e+00
-1.063e+00
-1.063e+00
-1.063e+00
-1.063e+00
-1.063e+00
-1.063e+00
-1.063e+00
-1.063e+00
-1.063e+00
-1.063e+00
-1.063e+00
-1.063e+00
-1.063e+00
-1.063e+00
-1.063e+00
-1.063e+00
-1.063e+00
-1.074e+00
-1.104e+00
-1.008e+00
-1.059e+00
-1.063e+00
-1.063e+00
-1.063e+00
-1.063e+00
-1.063e+00
-1.063e+00
-1.063e+00
-1.063e+00
-1.063e+00
-1.063e+00
-1.063e+00
-1.063e+00
-1.063e+00
-1.063e+00
-1.063e+00
-1.063e+00
-1.063e+00
-1.074e+00
-1.104e+00
-1.008e+00
-1.059e+00
-1.063e+00
-1.063e+00
-1.063e+00
-1.063e+00
-1.063e+00
-1.063e+00
-1.063e+00
-1.063e+00
-1.063e+00
-1.063e+00
-1.063e+00
-1.063e+00
-1.063e+00
-1.063e+00
-1.063e+00
-1.063e+00
-1.063e+00
-1.074e+00
-1.104e+00
-1.008e+00
-1.059e+00
-1.063e+00
-1.063e+00
-1.063e+00
-1.063e+00
-1.063e+00
-1.063e+00
-1.063e+00
-1.063e+00
-1.063e+00
-1.063e+00
-1.063e+00
-1.063e+00
-1.063e+00
-1.063e+00
-1.063e+00
-1.063e+00
-1.063e+00
-1.074e+00
-1.104e+00
-1.008e+00
-1.059e+00
-1.063e+00
-1.063e+00
-1.063e+00
-1.063e+00
-1.063e+00
-1.063e+00
-1.063e+00
-1.063e+00
-1.063e+00
-1.063e+00
-1.063e+00
-1.063e+00
-1.063e+00
-1.063e+00
-1.063e+00
-1.063e+00
-1.063e+00
-1.074e+00
-1.104e+00
-1.008e+00
-1.059e+00
-1.063e+00
-1.063e+00
-1.063e+00
-1.063e+00
-1.063e+00
-1.063e+00
-1.063e+00
-1.063e+00
-1.063e+00
-1.063e+00
-1.063e+00
-1.063e+00
-1.063e+00
-1.063e+00
-1.063e+00
-1.063e+00
-1.063e+00
-1.074e+00
-1.104e+00
-1.008e+00
-1.059e+00
-1.063e+00
-1.063e+00
-1.063e+00
-1.063e+00
-1.063e+00
-1.063e+00
-1.063e+00
-1.063e+00
-1.063e+00
-1.063e+00
-1.063e+00
-1.063e+00
-1.063e+00
-1.063e+00
-1.063e+00
-1.063e+00
-1.063e+00
-1.074e+00
-1.104e+00
-1.008e+00
-1.059e+00
-1.063e+00
-1.063e+00
-1.063e+00
-1.063e+00
-1.063e+00
-1.063e+00
-1.063e+00
-1.063e+00
-1.063e+00
-1.063e+00
-1.063e+00
-1.063e+00
-1.063e+00
-1.063e+00
-1.063e+00
-1.063e+00
-1.063e+00
-1.074e+00
-1.104e+00
-1.008e+00
-1.059e+00
-1.063e+00
-1.063e+00
-1.063e+00
-1.063e+00
-1.063e+00
-1.063e+00
-1.063e+00
-1.063e+00
-1.063e+00
-1.063e+00
-1.063e+00
-1.063e+00
-1.063e+00
-1.063e+00
-1.063e+00
-1.063e+00
-1.063e+00
-1.074e+00
-1.104e+00
-1.008e+00
-1.059e+00
-1.063e+00
-1.063e+00
-1.063e+00
-1.063e+00
-1.063e+00
-1.063e+00
-1.063e+00
-1.063e+00
-1.063e+00
-1.063e+00
-1.063e+00
-1.063e+00
-1.063e+00
-1.063e+00
-1.063e+00
-1.063e+00
-1.063e+00
-1.074e+00
-1.104e+00
-1.008e+00
-1.058e+00
-1.063e+00
-1.063e+00
-1.063e+00
-1.063e+00
-1.063e+00
-1.063e+00
-1.063e+00
-1.063e+00
-1.063e+00
-1.063e+00
-1.063e+00
-1.063e+00
-1.063e+00
-1.063e+00
-1.063e+00
-1.063e+00
-1.063e+00
-1.074e+00
-1.104e+00
-1.008e+00
-1.060e+00
-1.063e+00
-1.063e+00
-1.063e+00
-1.063e+00
-1.063e+00
-1.063e+00
-1.063e+00
-1.063e+00
-1.063e+00
-1.063e+00
-1.063e+00
-1.063e+00
-1.063e+00
-1.063e+00
-1.063e+00
-1.063e+00
-1.063e+00
-1.075e+00
-1.104e+00
-1.028e+00
-1.071e+00
-1.075e+00
-1.075e+00
-1.075e+00
-1.075e+00
-1.075e+00
-1.075e+00
-1.075e+00
-1.075e+00
-1.075e+00
-1.075e+00
-1.075e+00
-1.075e+00
-1.075e+00
-1.075e+00
-1.075e+00
-1.075e+00
-1.075e+00
-1.084e+00
-1.107e+00
-1.075e+00
-1.101e+00
-1.104e+00
-1.104e+00
-1.104e+00
-1.104e+00
-1.104e+00
-1.104e+00
-1.104e+00
-1.104e+00
-1.104e+00
-1.104e+00
-1.104e+00
-1.104e+00
-1.104e+00
-1.104e+00
-1.104e+00
-1.104e+00
-1.104e+00
-1.107e+00
-1.115e+00
-1.144e+00
-1.145e+00
-1.145e+00
-1.145e+00
-1.145e+00
-1.145e+00
-1.145e+00
-1.145e+00
-1.145e+00
-1.145e+00
-1.145e+00
-1.145e+00
-1.145e+00
-1.145e+00
-1.145e+00
-1.145e+00
-1.145e+00
-1.145e+00
-1.145e+00
-1.145e+00
-1.147e+00
-1.145e+00
-1.145e+00
-1.146e+00
-1.146e+00
-1.146e+00
-1.146e+00
-1.146e+00
-1.146e+00
-1.146e+00
-1.146e+00
-1.146e+00
-1.146e+00
-1.146e+00
-1.146e+00
-1.146e+00
-1.146e+00
-1.146e+00
-1.146e+00
-1.147e+00
-1.147e+00
-1.147e+00
-1.145e+00
-1.146e+00
-1.147e+00
-1.147e+00
-1.147e+00
-1.147e+00
-1.147e+00
-1.147e+00
-1.147e+00
-1.147e+00
-1.147e+00
-1.147e+00
-1.147e+00
-1.147e+00
-1.147e+00
-1.147e+00
-1.147e+00
-1.147e+00
-1.147e+00
-1.147e+00
-1.147e+00
-1.145e+00
-1.146e+00
-1.147e+00
-1.147e+00
-1.147e+00
-1.147e+00
-1.147e+00
-1.147e+00
-1.147e+00
-1.147e+00
-1.147e+00
-1.147e+00
-1.147e+00
-1.147e+00
-1.147e+00
-1.147e+00
-1.147e+00
-1.147e+00
-1.147e+00
-1.147e+00
-1.147e+00
-1.145e+00
-1.146e+00
-1.147e+00
-1.147e+00
-1.147e+00
-1.147e+00
-1.147e+00
-1.147e+00
-1.147e+00
-1.147e+00
-1.147e+00
-1.147e+00
-1.147e+00
-1.147e+00
-1.147e+00
-1.147e+00
-1.147e+00
-1.147e+00
-1.147e+00
-1.147e+00
-1.147e+00
-1.145e+00
-1.146e+00
-1.147e+00
-1.147e+00
-1.147e+00
-1.147e+00
-1.147e+00
-1.147e+00
-1.147e+00
-1.147e+00
-1.147e+00
-1.147e+00
-1.147e+00
-1.147e+00
-1.147e+00
-1.147e+00
-1.147e+00
-1.147e+00
-1.147e+00
-1.147e+00
-1.147e+00
-1.145e+00
-1.146e+00
-1.147e+00
-1.147e+00
-1.147e+00
-1.147e+00
-1.147e+00
-1.147e+00
-1.147e+00
-1.147e+00
-1.147e+00
-1.147e+00
-1.147e+00
-1.147e+00
-1.147e+00
-1.147e+00
-1.147e+00
-1.147e+00
-1.147e+00
-1.147e+00
-1.147e+00
-1.145e+00
-1.146e+00
-1.147e+00
-1.147e+00
-1.147e+00
-1.147e+00
-1.147e+00
-1.147e+00
-1.147e+00
-1.147e+00
-1.147e+00
-1.147e+00
-1.147e+00
-1.147e+00
-1.147e+00
-1.147e+00
-1.147e+00
-1.147e+00
-1.147e+00
-1.147e+00
-1.147e+00
-1.145e+00
-1.146e+00
-1.147e+00
-1.147e+00
-1.147e+00
-1.147e+00
-1.147e+00
-1.147e+00
-1.147e+00
-1.147e+00
-1.147e+00
-1.147e+00
-1.147e+00
-1.147e+00
-1.147e+00
-1.147e+00
-1.147e+00
-1.147e+00
-1.147e+00
-1.147e+00
-1.147e+00
-1.145e+00
-1.146e+00
-1.147e+00
-1.147e+00
-1.147e+00
-1.147e+00
-1.147e+00
-1.147e+00
-1.147e+00
-1.147e+00
-1.147e+00
-1.147e+00
-1.147e+00
-1.147e+00
-1.147e+00
-1.147e+00
-1.147e+00
-1.147e+00
-1.147e+00
-1.147e+00
-1.147e+00
-1.145e+00
-1.146e+00
-1.147e+00
-1.147e+00
-1.147e+00
-1.147e+00
-1.147e+00
-1.147e+00
-1.147e+00
-1.147e+00
-1.147e+00
-1.147e+00
-1.147e+00
-1.147e+00
-1.147e+00
-1.147e+00
-1.147e+00
-1.147e+00
-1.147e+00
-1.147e+00
-1.147e+00
-1.145e+00
-1.146e+00
-1.147e+00
-1.147e+00
-1.147e+00
-1.147e+00
-1.147e+00
-1.147e+00
-1.147e+00
-1.147e+00
-1.147e+00
-1.147e+00
-1.147e+00
-1.147e+00
-1.147e+00
-1.147e+00
-1.147e+00
-1.147e+00
-1.147e+00
-1.147e+00
-1.147e+00
-1.145e+00
-1.146e+00
-1.147e+00
-1.147e+00
-1.147e+00
-1.147e+00
-1.147e+00
-1.147e+00
-1.147e+00
-1.147e+00
-1.147e+00
-1.147e+00
-1.147e+00
-1.147e+00
-1.147e+00
-1.147e+00
-1.147e+00
-1.147e+00
-1.147e+00
-1.147e+00
-1.147e+00
-1.145e+00
-1.146e+00
-1.147e+00
-1.147e+00
-1.147e+00
-1.147e+00
-1.147e+00
-1.147e+00
-1.147e+00
-1.147e+00
-1.147e+00
-1.147e+00
-1.147e+00
-1.147e+00
-1.147e+00
-1.147e+00
-1.147e+00
-1.147e+00
-1.147e+00
-1.147e+00
-1.147e+00
-1.145e+00
-1.146e+00
-1.147e+00
-1.147e+00
-1.147e+00
-1.147e+00
-1.147e+00
-1.147e+00
-1.147e+00
-1.147e+00
-1.147e+00
-1.147e+00
-1.147e+00
-1.147e+00
-1.147e+00
-1.147e+00
-1.147e+00
-1.147e+00
-1.147e+00
-1.147e+00
-1.147e+00
-1.145e+00
-1.146e+00
-1.147e+00
-1.147e+00
-1.147e+00
-1.147e+00
-1.147e+00
-1.147e+00
-1.147e+00
-1.147e+00
-1.147e+00
-1.147e+00
-1.147e+00
-1.147e+00
-1.147e+00
-1.147e+00
-1.147e+00
-1.147e+00
-1.147e+00
-1.147e+00
-1.147e+00
-1.145e+00
-1.146e+00
-1.147e+00
-1.147e+00
-1.147e+00
-1.147e+00
-1.147e+00
-1.147e+00
-1.147e+00
-1.147e+00
-1.147e+00
-1.147e+00
-1.147e+00
-1.147e+00
-1.147e+00
-1.147e+00
-1.147e+00
-1.147e+00
-1.147e+00
-1.147e+00
-1.147e+00
-1.145e+00
-1.146e+00
-1.147e+00
-1.147e+00
-1.147e+00
-1.147e+00
-1.147e+00
-1.147e+00
-1.147e+00
-1.147e+00
-1.147e+00
-1.147e+00
-1.147e+00
-1.147e+00
-1.147e+00
-1.147e+00
-1.147e+00
-1.147e+00
-1.147e+00
-1.147e+00
-1.147e+00
-1.145e+00
-1.147e+00
-1.147e+00
-1.147e+00
-1.147e+00
-1.147e+00
-1.147e+00
-1.147e+00
-1.147e+00
-1.147e+00
-1.147e+00
-1.147e+00
-1.147e+00
-1.147e+00
-1.147e+00
-1.147e+00
-1.147e+00
-1.147e+00
-1.147e+00
-1.147e+00
-1.147e+00
-1.145e+00
-1.147e+00
-1.147e+00
-1.147e+00
-1.147e+00
-1.147e+00
-1.147e+00
-1.147e+00
-1.147e+00
-1.147e+00
-1.147e+00
-1.147e+00
-1.147e+00
-1.147e+00
-1.147e+00
-1.147e+00
-1.147e+00
-1.147e+00
-1.147e+00
-1.147e+00
-1.147e+00
-1.147e+00
-1.147e+00
-1.147e+00
-1.147e+00
-1.147e+00
-1.147e+00
-1.147e+00
-1.147e+00
-1.147e+00
-1.147e+00
-1.147e+00
-1.147e+00
-1.147e+00
-1.147e+00
-1.147e+00
-1.147e+00
-1.147e+00
-1.147e+00
-1.147e+00
-1.147e+00
-1.147e+00
-1.171e+00
-1.155e+00
-1.155e+00
-1.155e+00
-1.155e+00
-1.155e+00
-1.155e+00
-1.155e+00
-1.155e+00
-1.155e+00
-1.155e+00
-1.155e+00
-1.155e+00
-1.155e+00
-1.155e+00
-1.155e+00
-1.155e+00
-1.155e+00
-1.155e+00
-1.155e+00
-1.132e+00
-1.155e+00
-1.132e+00
-1.132e+00
-1.132e+00
-1.132e+00
-1.132e+00
-1.132e+00
-1.132e+00
-1.132e+00
-1.132e+00
-1.132e+00
-1.132e+00
-1.132e+00
-1.132e+00
-1.132e+00
-1.132e+00
-1.132e+00
-1.132e+00
-1.132e+00
-1.132e+00
-1.113e+00
-1.155e+00
-1.132e+00
-1.132e+00
-1.132e+00
-1.132e+00
-1.132e+00
-1.132e+00
-1.132e+00
-1.132e+00
-1.132e+00
-1.132e+00
-1.132e+00
-1.132e+00
-1.132e+00
-1.132e+00
-1.132e+00
-1.132e+00
-1.132e+00
-1.132e+00
-1.132e+00
-1.113e+00
-1.155e+00
-1.132e+00
-1.132e+00
-1.132e+00
-1.132e+00
-1.132e+00
-1.132e+00
-1.132e+00
-1.132e+00
-1.132e+00
-1.132e+00
-1.132e+00
-1.132e+00
-1.132e+00
-1.132e+00
-1.132e+00
-1.132e+00
-1.132e+00
-1.132e+00
-1.132e+00
-1.113e+00
-1.155e+00
-1.132e+00
-1.132e+00
-1.132e+00
-1.132e+00
-1.132e+00
-1.132e+00
-1.132e+00
-1.132e+00
-1.132e+00
-1.132e+00
-1.132e+00
-1.132e+00
-1.132e+00
-1.132e+00
-1.132e+00
-1.132e+00
-1.132e+00
-1.132e+00
-1.132e+00
-1.113e+00
-1.155e+00
-1.132e+00
-1.132e+00
-1.132e+00
-1.132e+00
-1.132e+00
-1.132e+00
-1.132e+00
-1.132e+00
-1.132e+00
-1.132e+00
-1.132e+00
-1.132e+00
-1.132e+00
-1.132e+00
-1.132e+00
-1.132e+00
-1.132e+00
-1.132e+00
-1.132e+00
-1.113e+00
-1.155e+00
-1.132e+00
-1.132e+00
-1.132e+00
-1.132e+00
-1.132e+00
-1.132e+00
-1.132e+00
-1.132e+00
-1.132e+00
-1.132e+00
-1.132e+00
-1.132e+00
-1.132e+00
-1.132e+00
-1.132e+00
-1.132e+00
-1.132e+00
-1.132e+00
-1.132e+00
-1.113e+00
-1.155e+00
-1.132e+00
-1.132e+00
-1.132e+00
-1.132e+00
-1.132e+00
-1.132e+00
-1.132e+00
-1.132e+00
-1.132e+00
-1.132e+00
-1.132e+00
-1.132e+00
-1.132e+00
-1.132e+00
-1.132e+00
-1.132e+00
-1.132e+00
-1.132e+00
-1.132e+00
-1.113e+00
-1.155e+00
-1.132e+00
-1.132e+00
-1.132e+00
-1.132e+00
-1.132e+00
-1.132e+00
-1.132e+00
-1.132e+00
-1.132e+00
-1.132e+00
-1.132e+00
-1.132e+00
-1.132e+00
-1.132e+00
-1.132e+00
-1.132e+00
-1.132e+00
-1.132e+00
-1.132e+00
-1.113e+00
-1.155e+00
-1.132e+00
-1.132e+00
-1.132e+00
-1.132e+00
-1.132e+00
-1.132e+00
-1.132e+00
-1.132e+00
-1.132e+00
-1.132e+00
-1.132e+00
-1.132e+00
-1.132e+00
-1.132e+00
-1.132e+00
-1.132e+00
-1.132e+00
-1.132e+00
-1.132e+00
-1.113e+00
-1.155e+00
-1.132e+00
-1.132e+00
-1.132e+00
-1.132e+00
-1.132e+00
-1.132e+00
-1.132e+00
-1.132e+00
-1.132e+00
-1.132e+00
-1.132e+00
-1.132e+00
-1.132e+00
-1.132e+00
-1.132e+00
-1.132e+00
-1.132e+00
-1.132e+00
-1.132e+00
-1.113e+00
-1.155e+00
-1.132e+00
-1.132e+00
-1.132e+00
-1.132e+00
-1.132e+00
-1.132e+00
-1.132e+00
-1.132e+00
-1.132e+00
-1.132e+00
-1.132e+00
-1.132e+00
-1.132e+00
-1.132e+00
-1.132e+00
-1.132e+00
-1.132e+00
-1.132e+00
-1.132e+00
-1.113e+00
-1.155e+00
-1.132e+00
-1.132e+00
-1.132e+00
-1.132e+00
-1.132e+00
-1.132e+00
-1.132e+00
-1.132e+00
-1.132e+00
-1.132e+00
-1.132e+00
-1.132e+00
-1.132e+00
-1.132e+00
-1.132e+00
-1.132e+00
-1.132e+00
-1.132e+00
-1.132e+00
-1.113e+00
-1.155e+00
-1.132e+00
-1.132e+00
-1.132e+00
-1.132e+00
-1.132e+00
-1.132e+00
-1.132e+00
-1.132e+00
-1.132e+00
-1.132e+00
-1.132e+00
-1.132e+00
-1.132e+00
-1.132e+00
-1.132e+00
-1.132e+00
-1.132e+00
-1.132e+00
-1.132e+00
-1.113e+00
-1.155e+00
-1.132e+00
-1.132e+00
-1.132e+00
-1.132e+00
-1.132e+00
-1.132e+00
-1.132e+00
-1.132e+00
-1.132e+00
-1.132e+00
-1.132e+00
-1.132e+00
-1.132e+00
-1.132e+00
-1.132e+00
-1.132e+00
-1.132e+00
-1.132e+00
-1.132e+00
-1.113e+00
-1.155e+00
-1.132e+00
-1.132e+00
-1.132e+00
-1.132e+00
-1.132e+00
-1.132e+00
-1.132e+00
-1.132e+00
-1.132e+00
-1.132e+00
-1.132e+00
-1.132e+00
-1.132e+00
-1.132e+00
-1.132e+00
-1.132e+00
-1.132e+00
-1.132e+00
-1.132e+00
-1.113e+00
-1.155e+00
-1.132e+00
-1.132e+00
-1.132e+00
-1.132e+00
-1.132e+00
-1.132e+00
-1.132e+00
-1.132e+00
-1.132e+00
-1.132e+00
-1.132e+00
-1.132e+00
-1.132e+00
-1.132e+00
-1.132e+00
-1.132e+00
-1.132e+00
-1.132e+00
-1.132e+00
-1.113e+00
-1.155e+00
-1.132e+00
-1.132e+00
-1.132e+00
-1.132e+00
-1.132e+00
-1.132e+00
-1.132e+00
-1.132e+00
-1.132e+00
-1.132e+00
-1.132e+00
-1.132e+00
-1.132e+00
-1.132e+00
-1.132e+00
-1.132e+00
-1.132e+00
-1.132e+00
-1.132e+00
-1.113e+00
-1.155e+00
-1.132e+00
-1.132e+00
-1.132e+00
-1.132e+00
-1.132e+00
-1.132e+00
-1.132e+00
-1.132e+00
-1.132e+00
-1.132e+00
-1.132e+00
-1.132e+00
-1.132e+00
-1.132e+00
-1.132e+00
-1.132e+00
-1.132e+00
-1.132e+00
-1.132e+00
-1.113e+00
-1.155e+00
-1.132e+00
-1.132e+00
-1.132e+00
-1.132e+00
-1.132e+00
-1.132e+00
-1.132e+00
-1.132e+00
-1.132e+00
-1.132e+00
-1.132e+00
-1.132e+00
-1.132e+00
-1.132e+00
-1.132e+00
-1.132e+00
-1.132e+00
-1.132e+00
-1.132e+00
-1.113e+00
-1.132e+00
-1.113e+00
-1.113e+00
-1.113e+00
-1.113e+00
-1.113e+00
-1.113e+00
-1.113e+00
-1.113e+00
-1.113e+00
-1.113e+00
-1.113e+00
-1.113e+00
-1.113e+00
-1.113e+00
-1.113e+00
-1.113e+00
-1.113e+00
-1.113e+00
-1.113e+00
-1.107e+00
-1.095e+00
-1.095e+00
-1.095e+00
-1.095e+00
-1.095e+00
-1.095e+00
-1.095e+00
-1.095e+00
-1.095e+00
-1.095e+00
-1.095e+00
-1.095e+00
-1.095e+00
-1.095e+00
-1.095e+00
-1.095e+00
-1.095e+00
-1.095e+00
-1.095e+00
-1.095e+00
-1.094e+00
-1.095e+00
-1.095e+00
-1.095e+00
-1.095e+00
-1.095e+00
-1.095e+00
-1.095e+00
-1.095e+00
-1.095e+00
-1.095e+00
-1.095e+00
-1.095e+00
-1.095e+00
-1.095e+00
-1.095e+00
-1.095e+00
-1.095e+00
-1.095e+00
-1.095e+00
-1.095e+00
-1.094e+00
-1.095e+00
-1.095e+00
-1.095e+00
-1.095e+00
-1.095e+00
-1.095e+00
-1.095e+00
-1.095e+00
-1.095e+00
-1.095e+00
-1.095e+00
-1.095e+00
-1.095e+00
-1.095e+00
-1.095e+00
-1.095e+00
-1.095e+00
-1.095e+00
-1.095e+00
-1.094e+00
-1.094e+00
-1.095e+00
-1.095e+00
-1.095e+00
-1.095e+00
-1.095e+00
-1.095e+00
-1.095e+00
-1.095e+00
-1.095e+00
-1.095e+00
-1.095e+00
-1.095e+00
-1.095e+00
-1.095e+00
-1.095e+00
-1.095e+00
-1.095e+00
-1.095e+00
-1.095e+00
-1.094e+00
-1.094e+00
-1.095e+00
-1.095e+00
-1.095e+00
-1.095e+00
-1.095e+00
-1.095e+00
-1.095e+00
-1.095e+00
-1.095e+00
-1.095e+00
-1.095e+00
-1.095e+00
-1.095e+00
-1.095e+00
-1.095e+00
-1.095e+00
-1.095e+00
-1.095e+00
-1.095e+00
-1.094e+00
-1.094e+00
-1.095e+00
-1.095e+00
-1.095e+00
-1.095e+00
-1.095e+00
-1.095e+00
-1.095e+00
-1.095e+00
-1.095e+00
-1.095e+00
-1.095e+00
-1.095e+00
-1.095e+00
-1.095e+00
-1.095e+00
-1.095e+00
-1.095e+00
-1.095e+00
-1.095e+00
-1.094e+00
-1.094e+00
-1.095e+00
-1.095e+00
-1.095e+00
-1.095e+00
-1.095e+00
-1.095e+00
-1.095e+00
-1.095e+00
-1.095e+00
-1.095e+00
-1.095e+00
-1.095e+00
-1.095e+00
-1.095e+00
-1.095e+00
-1.095e+00
-1.095e+00
-1.095e+00
-1.095e+00
-1.094e+00
-1.094e+00
-1.095e+00
-1.095e+00
-1.095e+00
-1.095e+00
-1.095e+00
-1.095e+00
-1.095e+00
-1.095e+00
-1.095e+00
-1.095e+00
-1.095e+00
-1.095e+00
-1.095e+00
-1.095e+00
-1.095e+00
-1.095e+00
-1.095e+00
-1.095e+00
-1.095e+00
-1.094e+00
-1.094e+00
-1.095e+00
-1.095e+00
-1.095e+00
-1.095e+00
-1.095e+00
-1.095e+00
-1.095e+00
-1.095e+00
-1.095e+00
-1.095e+00
-1.095e+00
-1.095e+00
-1.095e+00
-1.095e+00
-1.095e+00
-1.095e+00
-1.095e+00
-1.095e+00
-1.095e+00
-1.094e+00
-1.094e+00
-1.095e+00
-1.095e+00
-1.095e+00
-1.095e+00
-1.095e+00
-1.095e+00
-1.095e+00
-1.095e+00
-1.095e+00
-1.095e+00
-1.095e+00
-1.095e+00
-1.095e+00
-1.095e+00
-1.095e+00
-1.095e+00
-1.095e+00
-1.095e+00
-1.095e+00
-1.094e+00
-1.094e+00
-1.095e+00
-1.095e+00
-1.095e+00
-1.095e+00
-1.095e+00
-1.095e+00
-1.095e+00
-1.095e+00
-1.095e+00
-1.095e+00
-1.095e+00
-1.095e+00
-1.095e+00
-1.095e+00
-1.095e+00
-1.095e+00
-1.095e+00
-1.095e+00
-1.095e+00
-1.094e+00
-1.094e+00
-1.095e+00
-1.095e+00
-1.095e+00
-1.095e+00
-1.095e+00
-1.095e+00
-1.095e+00
-1.095e+00
-1.095e+00
-1.095e+00
-1.095e+00
-1.095e+00
-1.095e+00
-1.095e+00
-1.095e+00
-1.095e+00
-1.095e+00
-1.095e+00
-1.095e+00
-1.094e+00
-1.094e+00
-1.095e+00
-1.095e+00
-1.095e+00
-1.095e+00
-1.095e+00
-1.095e+00
-1.095e+00
-1.095e+00
-1.095e+00
-1.095e+00
-1.095e+00
-1.095e+00
-1.095e+00
-1.095e+00
-1.095e+00
-1.095e+00
-1.095e+00
-1.095e+00
-1.095e+00
-1.094e+00
-1.094e+00
-1.095e+00
-1.095e+00
-1.095e+00
-1.095e+00
-1.095e+00
-1.095e+00
-1.095e+00
-1.095e+00
-1.095e+00
-1.095e+00
-1.095e+00
-1.095e+00
-1.095e+00
-1.095e+00
-1.095e+00
-1.095e+00
-1.095e+00
-1.095e+00
-1.095e+00
-1.094e+00
-1.094e+00
-1.095e+00
-1.095e+00
-1.095e+00
-1.095e+00
-1.095e+00
-1.095e+00
-1.095e+00
-1.095e+00
-1.095e+00
-1.095e+00
-1.095e+00
-1.095e+00
-1.095e+00
-1.095e+00
-1.095e+00
-1.095e+00
-1.095e+00
-1.095e+00
-1.095e+00
-1.094e+00
-1.094e+00
-1.095e+00
-1.095e+00
-1.095e+00
-1.095e+00
-1.095e+00
-1.095e+00
-1.095e+00
-1.095e+00
-1.095e+00
-1.095e+00
-1.095e+00
-1.095e+00
-1.095e+00
-1.095e+00
-1.095e+00
-1.095e+00
-1.095e+00
-1.095e+00
-1.095e+00
-1.094e+00
-1.094e+00
-1.095e+00
-1.095e+00
-1.095e+00
-1.095e+00
-1.095e+00
-1.095e+00
-1.095e+00
-1.095e+00
-1.095e+00
-1.095e+00
-1.095e+00
-1.095e+00
-1.095e+00
-1.095e+00
-1.095e+00
-1.095e+00
-1.095e+00
-1.095e+00
-1.095e+00
-1.094e+00
-1.094e+00
-1.095e+00
-1.095e+00
-1.095e+00
-1.095e+00
-1.095e+00
-1.095e+00
-1.095e+00
-1.095e+00
-1.095e+00
-1.095e+00
-1.095e+00
-1.095e+00
-1.095e+00
-1.095e+00
-1.095e+00
-1.095e+00
-1.095e+00
-1.095e+00
-1.095e+00
-1.094e+00
-1.094e+00
-1.095e+00
-1.095e+00
-1.095e+00
-1.095e+00
-1.095e+00
-1.095e+00
-1.095e+00
-1.095e+00
-1.095e+00
-1.095e+00
-1.095e+00
-1.095e+00
-1.095e+00
-1.095e+00
-1.095e+00
-1.095e+00
-1.095e+00
-1.095e+00
-1.095e+00
-1.094e+00
-1.094e+00
-1.095e+00
-1.095e+00
-1.094e+00
-1.094e+00
-1.094e+00
-1.094e+00
-1.094e+00
-1.094e+00
-1.094e+00
-1.094e+00
-1.094e+00
-1.094e+00
-1.094e+00
-1.094e+00
-1.094e+00
-1.094e+00
-1.094e+00
-1.094e+00
-1.094e+00
-1.094e+00
-1.094e+00
-1.094e+00
-1.094e+00
-1.094e+00
-1.094e+00
-1.094e+00
-1.094e+00
-1.094e+00
-1.094e+00
-1.094e+00
-1.094e+00
-1.094e+00
-1.094e+00
-1.094e+00
-1.094e+00
-1.094e+00
-1.094e+00
-1.094e+00
-1.094e+00
-1.094e+00
-1.094e+00
-1.094e+00
-1.082e+00
-1.076e+00
-1.076e+00
-1.076e+00
-1.076e+00
-1.076e+00
-1.076e+00
-1.076e+00
-1.076e+00
-1.076e+00
-1.076e+00
-1.076e+00
-1.076e+00
-1.076e+00
-1.076e+00
-1.076e+00
-1.076e+00
-1.076e+00
-1.076e+00
-1.076e+00
-1.067e+00
-1.076e+00
-1.067e+00
-1.067e+00
-1.067e+00
-1.067e+00
-1.067e+00
-1.067e+00
-1.067e+00
-1.067e+00
-1.067e+00
-1.067e+00
-1.067e+00
-1.067e+00
-1.067e+00
-1.067e+00
-1.067e+00
-1.067e+00
-1.067e+00
-1.067e+00
-1.067e+00
-1.059e+00
-1.076e+00
-1.067e+00
-1.066e+00
-1.066e+00
-1.066e+00
-1.066e+00
-1.066e+00
-1.066e+00
-1.066e+00
-1.066e+00
-1.066e+00
-1.066e+00
-1.066e+00
-1.066e+00
-1.066e+00
-1.066e+00
-1.066e+00
-1.066e+00
-1.066e+00
-1.066e+00
-1.059e+00
-1.076e+00
-1.067e+00
-1.066e+00
-1.066e+00
-1.066e+00
-1.066e+00
-1.066e+00
-1.066e+00
-1.066e+00
-1.066e+00
-1.066e+00
-1.066e+00
-1.066e+00
-1.066e+00
-1.066e+00
-1.066e+00
-1.066e+00
-1.066e+00
-1.066e+00
-1.066e+00
-1.059e+00
-1.076e+00
-1.067e+00
-1.066e+00
-1.066e+00
-1.066e+00
-1.066e+00
-1.066e+00
-1.066e+00
-1.066e+00
-1.066e+00
-1.066e+00
-1.066e+00
-1.066e+00
-1.066e+00
-1.066e+00
-1.066e+00
-1.066e+00
-1.066e+00
-1.066e+00
-1.066e+00
-1.059e+00
-1.076e+00
-1.067e+00
-1.066e+00
-1.066e+00
-1.066e+00
-1.066e+00
-1.066e+00
-1.066e+00
-1.066e+00
-1.066e+00
-1.066e+00
-1.066e+00
-1.066e+00
-1.066e+00
-1.066e+00
-1.066e+00
-1.066e+00
-1.066e+00
-1.066e+00
-1.066e+00
-1.059e+00
-1.076e+00
-1.067e+00
-1.066e+00
-1.066e+00
-1.066e+00
-1.066e+00
-1.066e+00
-1.066e+00
-1.066e+00
-1.066e+00
-1.066e+00
-1.066e+00
-1.066e+00
-1.066e+00
-1.066e+00
-1.066e+00
-1.066e+00
-1.066e+00
-1.066e+00
-1.066e+00
-1.059e+00
-1.076e+00
-1.067e+00
-1.066e+00
-1.066e+00
-1.066e+00
-1.066e+00
-1.066e+00
-1.066e+00
-1.066e+00
-1.066e+00
-1.066e+00
-1.066e+00
-1.066e+00
-1.066e+00
-1.066e+00
-1.066e+00
-1.066e+00
-1.066e+00
-1.066e+00
-1.066e+00
-1.059e+00
-1.076e+00
-1.067e+00
-1.066e+00
-1.066e+00
-1.066e+00
-1.066e+00
-1.066e+00
-1.066e+00
-1.066e+00
-1.066e+00
-1.066e+00
-1.066e+00
-1.066e+00
-1.066e+00
-1.066e+00
-1.066e+00
-1.066e+00
-1.066e+00
-1.066e+00
-1.066e+00
-1.059e+00
-1.076e+00
-1.067e+00
-1.066e+00
-1.066e+00
-1.066e+00
-1.066e+00
-1.066e+00
-1.066e+00
-1.066e+00
-1.066e+00
-1.066e+00
-1.066e+00
-1.066e+00
-1.066e+00
-1.066e+00
-1.066e+00
-1.066e+00
-1.066e+00
-1.066e+00
-1.066e+00
-1.059e+00
-1.076e+00
-1.067e+00
-1.066e+00
-1.066e+00
-1.066e+00
-1.066e+00
-1.066e+00
-1.066e+00
-1.066e+00
-1.066e+00
-1.066e+00
-1.066e+00
-1.066e+00
-1.066e+00
-1.066e+00
-1.066e+00
-1.066e+00
-1.066e+00
-1.066e+00
-1.066e+00
-1.059e+00
-1.076e+00
-1.067e+00
-1.066e+00
-1.066e+00
-1.066e+00
-1.066e+00
-1.066e+00
-1.066e+00
-1.066e+00
-1.066e+00
-1.066e+00
-1.066e+00
-1.066e+00
-1.066e+00
-1.066e+00
-1.066e+00
-1.066e+00
-1.066e+00
-1.066e+00
-1.066e+00
-1.059e+00
-1.076e+00
-1.067e+00
-1.066e+00
-1.066e+00
-1.066e+00
-1.066e+00
-1.066e+00
-1.066e+00
-1.066e+00
-1.066e+00
-1.066e+00
-1.066e+00
-1.066e+00
-1.066e+00
-1.066e+00
-1.066e+00
-1.066e+00
-1.066e+00
-1.066e+00
-1.066e+00
-1.059e+00
-1.076e+00
-1.067e+00
-1.066e+00
-1.066e+00
-1.066e+00
-1.066e+00
-1.066e+00
-1.066e+00
-1.066e+00
-1.066e+00
-1.066e+00
-1.066e+00
-1.066e+00
-1.066e+00
-1.066e+00
-1.066e+00
-1.066e+00
-1.066e+00
-1.066e+00
-1.066e+00
-1.059e+00
-1.076e+00
-1.067e+00
-1.066e+00
-1.066e+00
-1.066e+00
-1.066e+00
-1.066e+00
-1.066e+00
-1.066e+00
-1.066e+00
-1.066e+00
-1.066e+00
-1.066e+00
-1.066e+00
-1.066e+00
-1.066e+00
-1.066e+00
-1.066e+00
-1.066e+00
-1.066e+00
-1.059e+00
-1.076e+00
-1.067e+00
-1.066e+00
-1.066e+00
-1.066e+00
-1.066e+00
-1.066e+00
-1.066e+00
-1.066e+00
-1.066e+00
-1.066e+00
-1.066e+00
-1.066e+00
-1.066e+00
-1.066e+00
-1.066e+00
-1.066e+00
-1.066e+00
-1.066e+00
-1.066e+00
-1.059e+00
-1.076e+00
-1.067e+00
-1.066e+00
-1.066e+00
-1.066e+00
-1.066e+00
-1.066e+00
-1.066e+00
-1.066e+00
-1.066e+00
-1.066e+00
-1.066e+00
-1.066e+00
-1.066e+00
-1.066e+00
-1.066e+00
-1.066e+00
-1.066e+00
-1.066e+00
-1.066e+00
-1.059e+00
-1.076e+00
-1.067e+00
-1.066e+00
-1.066e+00
-1.066e+00
-1.066e+00
-1.066e+00
-1.066e+00
-1.066e+00
-1.066e+00
-1.066e+00
-1.066e+00
-1.066e+00
-1.066e+00
-1.066e+00
-1.066e+00
-1.066e+00
-1.066e+00
-1.066e+00
-1.066e+00
-1.059e+00
-1.076e+00
-1.067e+00
-1.066e+00
-1.066e+00
-1.066e+00
-1.066e+00
-1.066e+00
-1.066e+00
-1.066e+00
-1.066e+00
-1.066e+00
-1.066e+00
-1.066e+00
-1.066e+00
-1.066e+00
-1.066e+00
-1.066e+00
-1.066e+00
-1.066e+00
-1.066e+00
-1.059e+00
-1.076e+00
-1.067e+00
-1.066e+00
-1.066e+00
-1.066e+00
-1.066e+00
-1.066e+00
-1.066e+00
-1.066e+00
-1.066e+00
-1.066e+00
-1.066e+00
-1.066e+00
-1.066e+00
-1.066e+00
-1.066e+00
-1.066e+00
-1.066e+00
-1.066e+00
-1.066e+00
-1.059e+00
-1.067e+00
-1.059e+00
-1.059e+00
-1.059e+00
-1.059e+00
-1.059e+00
-1.059e+00
-1.059e+00
-1.059e+00
-1.059e+00
-1.059e+00
-1.059e+00
-1.059e+00
-1.059e+00
-1.059e+00
-1.059e+00
-1.059e+00
-1.059e+00
-1.059e+00
-1.059e+00
-1.058e+00
-1.026e+00
-1.026e+00
-1.026e+00
-1.026e+00
-1.026e+00
-1.026e+00
-1.026e+00
-1.026e+00
-1.026e+00
-1.026e+00
-1.026e+00
-1.026e+00
-1.026e+00
-1.026e+00
-1.026e+00
-1.026e+00
-1.026e+00
-1.026e+00
-1.026e+00
-1.026e+00
-1.026e+00
-1.026e+00
-1.026e+00
-1.026e+00
-1.026e+00
-1.026e+00
-1.026e+00
-1.026e+00
-1.026e+00
-1.026e+00
-1.026e+00
-1.026e+00
-1.026e+00
-1.026e+00
-1.026e+00
-1.026e+00
-1.026e+00
-1.026e+00
-1.026e+00
-1.026e+00
-1.026e+00
-1.026e+00
-1.026e+00
-1.026e+00
-1.026e+00
-1.026e+00
-1.026e+00
-1.026e+00
-1.026e+00
-1.026e+00
-1.026e+00
-1.026e+00
-1.026e+00
-1.026e+00
-1.026e+00
-1.026e+00
-1.026e+00
-1.026e+00
-1.026e+00
-1.026e+00
-1.026e+00
-1.026e+00
-1.026e+00
-1.026e+00
-1.026e+00
-1.026e+00
-1.026e+00
-1.026e+00
-1.026e+00
-1.026e+00
-1.026e+00
-1.026e+00
-1.026e+00
-1.026e+00
-1.026e+00
-1.026e+00
-1.026e+00
-1.026e+00
-1.026e+00
-1.026e+00
-1.026e+00
-1.026e+00
-1.026e+00
-1.026e+00
-1.026e+00
-1.026e+00
-1.026e+00
-1.026e+00
-1.026e+00
-1.026e+00
-1.026e+00
-1.026e+00
-1.026e+00
-1.026e+00
-1.026e+00
-1.026e+00
-1.026e+00
-1.026e+00
-1.026e+00
-1.026e+00
-1.026e+00
-1.026e+00
-1.026e+00
-1.026e+00
-1.026e+00
-1.026e+00
-1.026e+00
-1.026e+00
-1.026e+00
-1.026e+00
-1.026e+00
-1.026e+00
-1.026e+00
-1.026e+00
-1.026e+00
-1.026e+00
-1.026e+00
-1.026e+00
-1.026e+00
-1.026e+00
-1.026e+00
-1.026e+00
-1.026e+00
-1.026e+00
-1.026e+00
-1.026e+00
-1.026e+00
-1.026e+00
-1.026e+00
-1.026e+00
-1.026e+00
-1.026e+00
-1.026e+00
-1.026e+00
-1.026e+00
-1.026e+00
-1.026e+00
-1.026e+00
-1.026e+00
-1.026e+00
-1.026e+00
-1.026e+00
-1.026e+00
-1.026e+00
-1.026e+00
-1.026e+00
-1.026e+00
-1.026e+00
-1.026e+00
-1.026e+00
-1.026e+00
-1.026e+00
-1.026e+00
-1.026e+00
-1.026e+00
-1.026e+00
-1.026e+00
-1.026e+00
-1.026e+00
-1.026e+00
-1.026e+00
-1.026e+00
-1.026e+00
-1.026e+00
-1.026e+00
-1.026e+00
-1.026e+00
-1.026e+00
-1.026e+00
-1.026e+00
-1.026e+00
-1.026e+00
-1.026e+00
-1.026e+00
-1.026e+00
-1.026e+00
-1.026e+00
-1.026e+00
-1.026e+00
-1.026e+00
-1.026e+00
-1.026e+00
-1.026e+00
-1.026e+00
-1.026e+00
-1.026e+00
-1.026e+00
-1.026e+00
-1.026e+00
-1.026e+00
-1.026e+00
-1.026e+00
-1.026e+00
-1.026e+00
-1.026e+00
-1.026e+00
-1.026e+00
-1.026e+00
-1.026e+00
-1.026e+00
-1.026e+00
-1.026e+00
-1.026e+00
-1.026e+00
-1.026e+00
-1.026e+00
-1.026e+00
-1.026e+00
-1.026e+00
-1.026e+00
-1.026e+00
-1.026e+00
-1.026e+00
-1.026e+00
-1.026e+00
-1.026e+00
-1.026e+00
-1.026e+00
-1.026e+00
-1.026e+00
-1.026e+00
-1.026e+00
-1.026e+00
-1.026e+00
-1.026e+00
-1.026e+00
-1.026e+00
-1.026e+00
-1.026e+00
-1.026e+00
-1.026e+00
-1.026e+00
-1.026e+00
-1.026e+00
-1.026e+00
-1.026e+00
-1.026e+00
-1.026e+00
-1.026e+00
-1.026e+00
-1.026e+00
-1.026e+00
-1.026e+00
-1.026e+00
-1.026e+00
-1.026e+00
-1.026e+00
-1.026e+00
-1.026e+00
-1.026e+00
-1.026e+00
-1.026e+00
-1.026e+00
-1.026e+00
-1.026e+00
-1.026e+00
-1.026e+00
-1.026e+00
-1.026e+00
-1.026e+00
-1.026e+00
-1.026e+00
-1.026e+00
-1.026e+00
-1.026e+00
-1.026e+00
-1.026e+00
-1.026e+00
-1.026e+00
-1.026e+00
-1.026e+00
-1.026e+00
-1.026e+00
-1.026e+00
-1.026e+00
-1.026e+00
-1.026e+00
-1.026e+00
-1.026e+00
-1.026e+00
-1.026e+00
-1.026e+00
-1.026e+00
-1.026e+00
-1.026e+00
-1.026e+00
-1.026e+00
-1.026e+00
-1.026e+00
-1.026e+00
-1.026e+00
-1.026e+00
-1.026e+00
-1.026e+00
-1.026e+00
-1.026e+00
-1.026e+00
-1.026e+00
-1.026e+00
-1.026e+00
-1.026e+00
-1.026e+00
-1.026e+00
-1.026e+00
-1.026e+00
-1.026e+00
-1.026e+00
-1.026e+00
-1.026e+00
-1.026e+00
-1.026e+00
-1.026e+00
-1.026e+00
-1.026e+00
-1.026e+00
-1.026e+00
-1.026e+00
-1.026e+00
-1.026e+00
-1.026e+00
-1.026e+00
-1.026e+00
-1.026e+00
-1.026e+00
-1.026e+00
-1.026e+00
-1.026e+00
-1.026e+00
-1.026e+00
-1.026e+00
-1.026e+00
-1.026e+00
-1.026e+00
-1.026e+00
-1.026e+00
-1.026e+00
-1.026e+00
-1.026e+00
-1.026e+00
-1.026e+00
-1.026e+00
-1.026e+00
-1.026e+00
-1.026e+00
-1.026e+00
-1.026e+00
-1.026e+00
-1.026e+00
-1.026e+00
-1.026e+00
-1.026e+00
-1.026e+00
-1.026e+00
-1.026e+00
-1.026e+00
-1.026e+00
-1.026e+00
-1.026e+00
-1.026e+00
-1.026e+00
-1.026e+00
-1.026e+00
-1.026e+00
-1.026e+00
-1.026e+00
-1.026e+00
-1.026e+00
-1.026e+00
-1.026e+00
-1.026e+00
-1.026e+00
-1.026e+00
-1.026e+00
-1.026e+00
-1.026e+00
-1.026e+00
-1.026e+00
-1.026e+00
-1.026e+00
-1.026e+00
-1.026e+00
-1.026e+00
-1.026e+00
-1.026e+00
-1.026e+00
-1.026e+00
-1.026e+00
-1.026e+00
-1.026e+00
-1.026e+00
-1.026e+00
-1.026e+00
-1.026e+00
-1.026e+00
-1.026e+00
-1.026e+00
-1.026e+00
-1.026e+00
-1.026e+00
-1.026e+00
-1.026e+00
-1.026e+00
-1.026e+00
-1.026e+00
-1.026e+00
-1.026e+00
-1.026e+00
-1.026e+00
-1.026e+00
-1.026e+00
-1.026e+00
-1.026e+00
-1.026e+00
-1.026e+00
-1.026e+00
-1.026e+00
-1.026e+00
-1.026e+00
-1.026e+00
-1.026e+00
-1.026e+00
-1.026e+00
-1.026e+00
-1.026e+00
-1.026e+00
-1.026e+00
-1.026e+00
-1.026e+00
-1.026e+00
-1.026e+00
-1.026e+00
-1.026e+00
-1.026e+00
-1.026e+00
-1.026e+00
-1.026e+00
-1.026e+00
-1.026e+00
-1.026e+00
-1.026e+00
-1.026e+00
-1.003e+00
-1.003e+00
-1.003e+00
-1.003e+00
-1.003e+00
-1.003e+00
-1.003e+00
-1.003e+00
-1.003e+00
-1.003e+00
-1.003e+00
-1.003e+00
-1.003e+00
-1.003e+00
-1.003e+00
-1.003e+00
-1.003e+00
-1.003e+00
-1.003e+00
-1.003e+00
-1.003e+00
-1.003e+00
-1.003e+00
-1.003e+00
-1.003e+00
-1.003e+00
-1.003e+00
-1.003e+00
-1.003e+00
-1.003e+00
-1.003e+00
-1.003e+00
-1.003e+00
-1.003e+00
-1.003e+00
-1.003e+00
-1.003e+00
-1.003e+00
-1.003e+00
-1.003e+00
-1.003e+00
-1.003e+00
-1.003e+00
-1.003e+00
-1.003e+00
-1.003e+00
-1.003e+00
-1.003e+00
-1.003e+00
-1.003e+00
-1.003e+00
-1.003e+00
-1.003e+00
-1.003e+00
-1.003e+00
-1.003e+00
-1.003e+00
-1.003e+00
-1.003e+00
-1.003e+00
-1.003e+00
-1.003e+00
-1.003e+00
-1.003e+00
-1.003e+00
-1.003e+00
-1.003e+00
-1.003e+00
-1.003e+00
-1.003e+00
-1.003e+00
-1.003e+00
-1.003e+00
-1.003e+00
-1.003e+00
-1.003e+00
-1.003e+00
-1.003e+00
-1.003e+00
-1.003e+00
-1.003e+00
-1.003e+00
-1.003e+00
-1.003e+00
-1.003e+00
-1.003e+00
-1.003e+00
-1.003e+00
-1.003e+00
-1.003e+00
-1.003e+00
-1.003e+00
-1.003e+00
-1.003e+00
-1.003e+00
-1.003e+00
-1.003e+00
-1.003e+00
-1.003e+00
-1.003e+00
-1.003e+00
-1.003e+00
-1.003e+00
-1.003e+00
-1.003e+00
-1.003e+00
-1.003e+00
-1.003e+00
-1.003e+00
-1.003e+00
-1.003e+00
-1.003e+00
-1.003e+00
-1.003e+00
-1.003e+00
-1.003e+00
-1.003e+00
-1.003e+00
-1.003e+00
-1.003e+00
-1.003e+00
-1.003e+00
-1.003e+00
-1.003e+00
-1.003e+00
-1.003e+00
-1.003e+00
-1.003e+00
-1.003e+00
-1.003e+00
-1.003e+00
-1.003e+00
-1.003e+00
-1.003e+00
-1.003e+00
-1.003e+00
-1.003e+00
-1.003e+00
-1.003e+00
-1.003e+00
-1.003e+00
-1.003e+00
-1.003e+00
-1.003e+00
-1.003e+00
-1.003e+00
-1.003e+00
-1.003e+00
-1.003e+00
-1.003e+00
-1.003e+00
-1.003e+00
-1.003e+00
-1.003e+00
-1.003e+00
-1.003e+00
-1.003e+00
-1.003e+00
-1.003e+00
-1.003e+00
-1.003e+00
-1.003e+00
-1.003e+00
-1.003e+00
-1.003e+00
-1.003e+00
-1.003e+00
-1.003e+00
-1.003e+00
-1.003e+00
-1.003e+00
-1.003e+00
-1.003e+00
-1.003e+00
-1.003e+00
-1.003e+00
-1.003e+00
-1.003e+00
-1.003e+00
-1.003e+00
-1.003e+00
-1.003e+00
-1.003e+00
-1.003e+00
-1.003e+00
-1.003e+00
-1.003e+00
-1.003e+00
-1.003e+00
-1.003e+00
-1.003e+00
-1.003e+00
-1.003e+00
-1.003e+00
-1.003e+00
-1.003e+00
-1.003e+00
-1.003e+00
-1.003e+00
-1.003e+00
-1.003e+00
-1.003e+00
-1.003e+00
-1.003e+00
-1.003e+00
-1.003e+00
-1.003e+00
-1.003e+00
-1.003e+00
-1.003e+00
-1.003e+00
-1.003e+00
-1.003e+00
-1.003e+00
-1.003e+00
-1.003e+00
-1.003e+00
-1.003e+00
-1.003e+00
-1.003e+00
-1.003e+00
-1.003e+00
-1.003e+00
-1.003e+00
-1.003e+00
-1.003e+00
-1.003e+00
-1.003e+00
-1.003e+00
-1.003e+00
-1.003e+00
-1.003e+00
-1.003e+00
-1.003e+00
-1.003e+00
-1.003e+00
-1.003e+00
-1.003e+00
-1.003e+00
-1.003e+00
-1.003e+00
-1.003e+00
-1.003e+00
-1.003e+00
-1.003e+00
-1.003e+00
-1.003e+00
-1.003e+00
-1.003e+00
-1.003e+00
-1.003e+00
-1.003e+00
-1.003e+00
-1.003e+00
-1.003e+00
-1.003e+00
-1.003e+00
-1.003e+00
-1.003e+00
-1.003e+00
-1.003e+00
-1.003e+00
-1.003e+00
-1.003e+00
-1.003e+00
-1.003e+00
-1.003e+00
-1.003e+00
-1.003e+00
-1.003e+00
-1.003e+00
-1.003e+00
-1.003e+00
-1.003e+00
-1.003e+00
-1.003e+00
-1.003e+00
-1.003e+00
-1.003e+00
-1.003e+00
-1.003e+00
-1.003e+00
-1.003e+00
-1.003e+00
-1.003e+00
-1.003e+00
-1.003e+00
-1.003e+00
-1.003e+00
-1.003e+00
-1.003e+00
-1.003e+00
-1.003e+00
-1.003e+00
-1.003e+00
-1.003e+00
-1.003e+00
-1.003e+00
-1.003e+00
-1.003e+00
-1.003e+00
-1.003e+00
-1.003e+00
-1.003e+00
-1.003e+00
-1.003e+00
-1.003e+00
-1.003e+00
-1.003e+00
-1.003e+00
-1.003e+00
-1.003e+00
-1.003e+00
-1.003e+00
-1.003e+00
-1.003e+00
-1.003e+00
-1.003e+00
-1.003e+00
-1.003e+00
-1.003e+00
-1.003e+00
-1.003e+00
-1.003e+00
-1.003e+00
-1.003e+00
-1.003e+00
-1.003e+00
-1.003e+00
-1.003e+00
-1.003e+00
-1.003e+00
-1.003e+00
-1.003e+00
-1.003e+00
-1.003e+00
-1.003e+00
-1.003e+00
-1.003e+00
-1.003e+00
-1.003e+00
-1.003e+00
-1.003e+00
-1.003e+00
-1.003e+00
-1.003e+00
-1.003e+00
-1.003e+00
-1.003e+00
-1.003e+00
-1.003e+00
-1.003e+00
-1.003e+00
-1.003e+00
-1.003e+00
-1.003e+00
-1.003e+00
-1.003e+00
-1.003e+00
-1.003e+00
-1.003e+00
-1.003e+00
-1.003e+00
-1.003e+00
-1.003e+00
-1.003e+00
-1.003e+00
-1.003e+00
-1.003e+00
-1.003e+00
-1.003e+00
-1.003e+00
-1.003e+00
-1.003e+00
-1.003e+00
-1.003e+00
-1.003e+00
-1.003e+00
-1.003e+00
-1.003e+00
-1.003e+00
-1.003e+00
-1.003e+00
-1.003e+00
-1.003e+00
-1.003e+00
-1.003e+00
-1.003e+00
-1.003e+00
-1.003e+00
-1.003e+00
-1.003e+00
-1.003e+00
-1.003e+00
-1.003e+00
-1.003e+00
-1.003e+00
-1.003e+00
-1.003e+00
-1.003e+00
-1.003e+00
-1.003e+00
-1.003e+00
-1.003e+00
-1.003e+00
-1.003e+00
-1.003e+00
-1.003e+00
-1.003e+00
-1.003e+00
-1.003e+00
-1.003e+00
-1.003e+00
-1.003e+00
-1.003e+00
-1.003e+00
-1.003e+00
-1.003e+00
-1.003e+00
-1.003e+00
-1.003e+00
-1.003e+00
-1.003e+00
-1.003e+00
-1.003e+00
-1.003e+00
-1.003e+00
-1.003e+00
-1.003e+00
-1.003e+00
-1.003e+00
-1.003e+00
-1.003e+00
-1.003e+00
-1.003e+00
-1.003e+00
-1.003e+00
-1.003e+00
-1.003e+00
-1.003e+00
-1.003e+00
-1.000e+00
-1.000e+00
-1.000e+00
-1.000e+00
-1.000e+00
-1.000e+00
-1.000e+00
-1.000e+00
-1.000e+00
-1.000e+00
-1.000e+00
-1.000e+00
-1.000e+00
-1.000e+00
-1.000e+00
-1.000e+00
-1.000e+00
-1.000e+00
-1.000e+00
-1.000e+00
-1.000e+00
-1.000e+00
-1.000e+00
-1.000e+00
-1.000e+00
-1.000e+00
-1.000e+00
-1.000e+00
-1.000e+00
-1.000e+00
-1.000e+00
-1.000e+00
-1.000e+00
-1.000e+00
-1.000e+00
-1.000e+00
-1.000e+00
-1.000e+00
-1.000e+00
-1.000e+00
-1.000e+00
-1.000e+00
-1.000e+00
-1.000e+00
-1.000e+00
-1.000e+00
-1.000e+00
-1.000e+00
-1.000e+00
-1.000e+00
-1.000e+00
-1.000e+00
-1.000e+00
-1.000e+00
-1.000e+00
-1.000e+00
-1.000e+00
-1.000e+00
-1.000e+00
-1.000e+00
-1.000e+00
-1.000e+00
-1.000e+00
-1.000e+00
-1.000e+00
-1.000e+00
-1.000e+00
-1.000e+00
-1.000e+00
-1.000e+00
-1.000e+00
-1.000e+00
-1.000e+00
-1.000e+00
-1.000e+00
-1.000e+00
-1.000e+00
-1.000e+00
-1.000e+00
-1.000e+00
-1.000e+00
-1.000e+00
-1.000e+00
-1.000e+00
-1.000e+00
-1.000e+00
-1.000e+00
-1.000e+00
-1.000e+00
-1.000e+00
-1.000e+00
-1.000e+00
-1.000e+00
-1.000e+00
-1.000e+00
-1.000e+00
-1.000e+00
-1.000e+00
-1.000e+00
-1.000e+00
-1.000e+00
-1.000e+00
-1.000e+00
-1.000e+00
-1.000e+00
-1.000e+00
-1.000e+00
-1.000e+00
-1.000e+00
-1.000e+00
-1.000e+00
-1.000e+00
-1.000e+00
-1.000e+00
-1.000e+00
-1.000e+00
-1.000e+00
-1.000e+00
-1.000e+00
-1.000e+00
-1.000e+00
-1.000e+00
-1.000e+00
-1.000e+00
-1.000e+00
-1.000e+00
-1.000e+00
-1.000e+00
-1.000e+00
-1.000e+00
-1.000e+00
-1.000e+00
-1.000e+00
-1.000e+00
-1.000e+00
-1.000e+00
-1.000e+00
-1.000e+00
-1.000e+00
-1.000e+00
-1.000e+00
-1.000e+00
-1.000e+00
-1.000e+00
-1.000e+00
-1.000e+00
-1.000e+00
-1.000e+00
-1.000e+00
-1.000e+00
-1.000e+00
-1.000e+00
-1.000e+00
-1.000e+00
-1.000e+00
-1.000e+00
-1.000e+00
-1.000e+00
-1.000e+00
-1.000e+00
-1.000e+00
-1.000e+00
-1.000e+00
-1.000e+00
-1.000e+00
-1.000e+00
-1.000e+00
-1.000e+00
-1.000e+00
-1.000e+00
-1.000e+00
-1.000e+00
-1.000e+00
-1.000e+00
-1.000e+00
-1.000e+00
-1.000e+00
-1.000e+00
-1.000e+00
-1.000e+00
-1.000e+00
-1.000e+00
-1.000e+00
-1.000e+00
-1.000e+00
-1.000e+00
-1.000e+00
-1.000e+00
-1.000e+00
-1.000e+00
-1.000e+00
-1.000e+00
-1.000e+00
-1.000e+00
-1.000e+00
-1.000e+00
-1.000e+00
-1.000e+00
-1.000e+00
-1.000e+00
-1.000e+00
-1.000e+00
-1.000e+00
-1.000e+00
-1.000e+00
-1.000e+00
-1.000e+00
-1.000e+00
-1.000e+00
-1.000e+00
-1.000e+00
-1.000e+00
-1.000e+00
-1.000e+00
-1.000e+00
-1.000e+00
-1.000e+00
-1.000e+00
-1.000e+00
-1.000e+00
-1.000e+00
-1.000e+00
-1.000e+00
-1.000e+00
-1.000e+00
-1.000e+00
-1.000e+00
-1.000e+00
-1.000e+00
-1.000e+00
-1.000e+00
-1.000e+00
-1.000e+00
-1.000e+00
-1.000e+00
-1.000e+00
-1.000e+00
-1.000e+00
-1.000e+00
-1.000e+00
-1.000e+00
-1.000e+00
-1.000e+00
-1.000e+00
-1.000e+00
-1.000e+00
-1.000e+00
-1.000e+00
-1.000e+00
-1.000e+00
-1.000e+00
-1.000e+00
-1.000e+00
-1.000e+00
-1.000e+00
-1.000e+00
-1.000e+00
-1.000e+00
-1.000e+00
-1.000e+00
-1.000e+00
-1.000e+00
-1.000e+00
-1.000e+00
-1.000e+00
-1.000e+00
-1.000e+00
-1.000e+00
-1.000e+00
-1.000e+00
-1.000e+00
-1.000e+00
-1.000e+00
-1.000e+00
-1.000e+00
-1.000e+00
-1.000e+00
-1.000e+00
-1.000e+00
-1.000e+00
-1.000e+00
-1.000e+00
-1.000e+00
-1.000e+00
-1.000e+00
-1.000e+00
-1.000e+00
-1.000e+00
-1.000e+00
-1.000e+00
-1.000e+00
-1.000e+00
-1.000e+00
-1.000e+00
-1.000e+00
-1.000e+00
-1.000e+00
-1.000e+00
-1.000e+00
-1.000e+00
-1.000e+00
-1.000e+00
-1.000e+00
-1.000e+00
-1.000e+00
-1.000e+00
-1.000e+00
-1.000e+00
-1.000e+00
-1.000e+00
-1.000e+00
-1.000e+00
-1.000e+00
-1.000e+00
-1.000e+00
-1.000e+00
-1.000e+00
-1.000e+00
-1.000e+00
-1.000e+00
-1.000e+00
-1.000e+00
-1.000e+00
-1.000e+00
-1.000e+00
-1.000e+00
-1.000e+00
-1.000e+00
-1.000e+00
-1.000e+00
-1.000e+00
-1.000e+00
-1.000e+00
-1.000e+00
-1.000e+00
-1.000e+00
-1.000e+00
-1.000e+00
-1.000e+00
-1.000e+00
-1.000e+00
-1.000e+00
-1.000e+00
-1.000e+00
-1.000e+00
-1.000e+00
-1.000e+00
-1.000e+00
-1.000e+00
-1.000e+00
-1.000e+00
-1.000e+00
-1.000e+00
-1.000e+00
-1.000e+00
-1.000e+00
-1.000e+00
-1.000e+00
-1.000e+00
-1.000e+00
-1.000e+00
-1.000e+00
-1.000e+00
-1.000e+00
-1.000e+00
-1.000e+00
-1.000e+00
-1.000e+00
-1.000e+00
-1.000e+00
-1.000e+00
-1.000e+00
-1.000e+00
-1.000e+00
-1.000e+00
-1.000e+00
-1.000e+00
-1.000e+00
-1.000e+00
-1.000e+00
-1.000e+00
-1.000e+00
-1.000e+00
-1.000e+00
-1.000e+00
-1.000e+00
-1.000e+00
-1.000e+00
-1.000e+00
-1.000e+00
-1.000e+00
-1.000e+00
-1.000e+00
-1.000e+00
-1.000e+00
-1.000e+00
-1.000e+00
-1.000e+00
-1.000e+00
-1.000e+00
-1.000e+00
-1.000e+00
-1.000e+00
-1.000e+00
-1.000e+00
-1.000e+00
-1.000e+00
-1.000e+00
-1.000e+00
-1.000e+00
-1.000e+00
-1.000e+00
-1.000e+00
-1.000e+00
-1.000e+00
-1.000e+00
-1.000e+00
-1.000e+00
-1.000e+00
-1.000e+00
-1.000e+00
-1.000e+00
-1.000e+00
-1.000e+00
-1.000e+00
-1.000e+00
-1.000e+00
-1.000e+00
-1.000e+00
-1.000e+00
-1.000e+00
-1.000e+00
-1.000e+00
-1.000e+00
-1.000e+00
-1.000e+00
-1.000e+00
-1.000e+00
-1.000e+00
-1.000e+00
-1.000e+00
-1.000e+00
-1.000e+00
-1.000e+00
-1.000e+00
-1.000e+00
-1.000e+00
-1.000e+00
-1.000e+00
-1.000e+00
-1.000e+00
-1.000e+00
-1.000e+00
-1.000e+00
-1.000e+00
-1.000e+00
-1.000e+00
-1.000e+00
-1.000e+00
-1.000e+00
-1.000e+00
-1.000e+00
-1.000e+00
-1.000e+00
-1.000e+00
-1.000e+00
-1.000e+00
-1.000e+00
-1.000e+00
-1.000e+00
-1.000e+00
-1.000e+00
-1.000e+00
-1.000e+00
-1.000e+00
-1.000e+00
-1.000e+00
-1.000e+00
-1.000e+00
-1.000e+00
-1.000e+00
-1.000e+00
-1.000e+00
-1.000e+00
-1.000e+00
-1.000e+00
-1.000e+00
-1.000e+00
-1.000e+00
-1.000e+00
-1.000e+00
-1.000e+00
-1.000e+00
-1.000e+00
-1.000e+00
-1.000e+00
-1.000e+00
-1.000e+00
-1.000e+00
-1.000e+00
-1.000e+00
-1.000e+00
-1.000e+00
-1.000e+00
-1.000e+00
-1.000e+00
-1.000e+00
-1.000e+00
-1.000e+00
-1.000e+00
-1.000e+00
-1.000e+00
-1.000e+00
-1.000e+00
-1.000e+00
-1.000e+00
-1.000e+00
-1.000e+00
-1.000e+00
-1.000e+00
-1.000e+00
-1.000e+00
-1.000e+00
-1.000e+00
-1.000e+00
-1.000e+00
-1.000e+00
-1.000e+00
-1.000e+00
-1.000e+00
-1.000e+00
-1.000e+00
-1.000e+00
-1.000e+00
-1.000e+00
-1.000e+00
-1.000e+00
-1.000e+00
-1.000e+00
-1.000e+00
-1.000e+00
-1.000e+00
-1.000e+00
-1.000e+00
-1.000e+00
-1.000e+00
-1.000e+00
-1.000e+00
-1.000e+00
-1.000e+00
-1.000e+00
-1.000e+00
-1.000e+00
-1.000e+00
-1.000e+00
-1.000e+00
-1.000e+00
-1.000e+00
-1.000e+00
-1.000e+00
-1.000e+00
-1.000e+00
-1.000e+00
-1.000e+00
-1.000e+00
-1.000e+00
-1.000e+00
-1.000e+00
-1.000e+00
-1.000e+00
-1.000e+00
-1.000e+00
-1.000e+00
-1.000e+00
-1.000e+00
-1.000e+00
-1.000e+00
-1.000e+00
-1.000e+00
-1.000e+00
-1.000e+00
-1.000e+00
-1.000e+00
-1.000e+00
-1.000e+00
-1.000e+00
-1.000e+00
-1.000e+00
-1.000e+00
-1.000e+00
-1.000e+00
-1.000e+00
-1.000e+00
-1.000e+00
-1.000e+00
-1.000e+00
-1.000e+00
-1.000e+00
-1.000e+00
-1.000e+00
-1.000e+00
-1.000e+00
-1.000e+00
-1.000e+00
-1.000e+00
-1.000e+00
-1.000e+00
-1.000e+00
-1.000e+00
-1.000e+00
-1.000e+00
-1.000e+00
-1.000e+00
-1.000e+00
-1.000e+00
-1.000e+00
-1.000e+00
-1.000e+00
-1.000e+00
-1.000e+00
-1.000e+00
-1.000e+00
-1.000e+00
-1.000e+00
-1.000e+00
-1.000e+00
-1.000e+00
-1.000e+00
-1.000e+00
-1.000e+00
-1.000e+00
-1.000e+00
-1.000e+00
-1.000e+00
-1.000e+00
-1.000e+00
-1.000e+00
-1.000e+00
-1.000e+00
-1.000e+00
-1.000e+00
-1.000e+00
-1.000e+00
-1.000e+00
-1.000e+00
-1.000e+00
-1.000e+00
-1.000e+00
-1.000e+00
-1.000e+00
-1.000e+00
-1.000e+00
-1.000e+00
-1.000e+00
-1.000e+00
-1.000e+00
-1.000e+00
-1.000e+00
-1.000e+00
-1.000e+00
-1.000e+00
-1.000e+00
-1.000e+00
-1.000e+00
-1.000e+00
-1.000e+00
-1.000e+00
-1.000e+00
-1.000e+00
-1.000e+00
-1.000e+00
-1.000e+00
-1.000e+00
-1.000e+00
-1.000e+00
-1.000e+00
-1.000e+00
-1.000e+00
-1.000e+00
-1.000e+00
-1.000e+00
-1.000e+00
-1.000e+00
-1.000e+00
-1.000e+00
-1.000e+00
-1.000e+00
-1.000e+00
-1.000e+00
-1.000e+00
-1.000e+00
-1.000e+00
-1.000e+00
-1.000e+00
-1.000e+00
-1.000e+00
-1.000e+00
-1.000e+00
-1.000e+00
-1.000e+00
-1.000e+00
-1.000e+00
-1.000e+00
-1.000e+00
-1.000e+00
-1.000e+00
-1.000e+00
-1.000e+00
-1.000e+00
-1.000e+00
-1.000e+00
-1.000e+00
-1.000e+00
-1.000e+00
-1.000e+00
-1.000e+00
-1.000e+00
-1.000e+00
-1.000e+00
-1.000e+00
-1.000e+00
-1.000e+00
-1.000e+00
-1.000e+00
-1.000e+00
-1.000e+00
-1.000e+00
-1.000e+00
-1.000e+00
-1.000e+00
-1.000e+00
-1.000e+00
-1.000e+00
-1.000e+00
-1.000e+00
-1.000e+00
-1.000e+00
-1.000e+00
-1.000e+00
-1.000e+00
-1.000e+00
-1.000e+00
-1.000e+00
-1.000e+00
-1.000e+00
-1.000e+00
-1.000e+00
-1.000e+00
-1.000e+00
-1.000e+00
-1.000e+00
-1.000e+00
-1.000e+00
-1.000e+00
-1.000e+00
-1.000e+00
-1.000e+00
-1.000e+00
-1.000e+00
-1.000e+00
-1.000e+00
-1.000e+00
-1.000e+00
-1.000e+00
-1.000e+00
-1.000e+00
-1.000e+00
-1.000e+00
-1.000e+00
-1.000e+00
-1.000e+00
-1.000e+00
-1.000e+00
-1.000e+00
-1.000e+00
-1.000e+00
-1.000e+00
-1.000e+00
-1.000e+00
-1.000e+00
-1.000e+00
-1.000e+00
-1.000e+00
-1.000e+00
-1.000e+00
-1.000e+00
-1.000e+00
-1.000e+00
-1.000e+00
-1.000e+00
-1.000e+00
-1.000e+00
-1.000e+00
-1.000e+00
-1.000e+00
-1.000e+00
-1.000e+00
-1.000e+00
-1.000e+00
-1.000e+00
-1.000e+00
-1.000e+00
-1.000e+00
-1.000e+00
-1.000e+00
-1.000e+00
-1.000e+00
-1.000e+00
-1.000e+00
-1.000e+00
-1.000e+00
-1.000e+00
-1.000e+00
-1.000e+00
-1.000e+00
-1.000e+00
-1.000e+00
-1.000e+00
-1.000e+00
-1.000e+00
-1.000e+00
-1.000e+00
-1.000e+00
-1.000e+00
-1.000e+00
-1.000e+00
-1.000e+00
-1.000e+00
-1.000e+00
-1.000e+00
-1.000e+00
-1.000e+00
-1.000e+00
-1.000e+00
-1.000e+00
-1.000e+00
-1.000e+00
-1.000e+00
-1.000e+00
-1.000e+00
-1.000e+00
-1.000e+00
-1.000e+00
-1.000e+00
-1.000e+00
-1.000e+00
-1.000e+00
-1.000e+00
-1.000e+00
-1.000e+00
-1.000e+00
-1.000e+00
-1.000e+00
-1.000e+00
-1.000e+00
-1.000e+00
-1.000e+00
-1.000e+00
-1.000e+00
-1.000e+00
-1.000e+00
-1.000e+00
-1.000e+00
-1.000e+00
-1.000e+00
-1.000e+00
-1.000e+00
-1.000e+00
-1.000e+00
-1.000e+00
-1.000e+00
-1.000e+00
-1.000e+00
-1.000e+00
-1.000e+00
-1.000e+00
-1.000e+00
-1.000e+00
-1.000e+00
-1.000e+00
-1.000e+00
-1.000e+00
-9.990e-01
-9.990e-01
-9.990e-01
-9.990e-01
-9.990e-01
-9.990e-01
-9.990e-01
-9.990e-01
-9.990e-01
-9.990e-01
-9.990e-01
-9.990e-01
-9.990e-01
-9.990e-01
-9.990e-01
-9.990e-01
-9.990e-01
-9.990e-01
-9.990e-01
-9.990e-01
-9.985e-01
-9.990e-01
-9.985e-01
-9.985e-01
-9.985e-01
-9.985e-01
-9.985e-01
-9.985e-01
-9.985e-01
-9.985e-01
-9.985e-01
-9.985e-01
-9.985e-01
-9.985e-01
-9.985e-01
-9.985e-01
-9.985e-01
-9.985e-01
-9.985e-01
-9.985e-01
-9.985e-01
-9.980e-01
-9.990e-01
-9.985e-01
-9.985e-01
-9.985e-01
-9.985e-01
-9.985e-01
-9.985e-01
-9.985e-01
-9.985e-01
-9.985e-01
-9.985e-01
-9.985e-01
-9.985e-01
-9.985e-01
-9.985e-01
-9.985e-01
-9.985e-01
-9.985e-01
-9.985e-01
-9.985e-01
-9.980e-01
-9.990e-01
-9.985e-01
-9.985e-01
-9.985e-01
-9.985e-01
-9.985e-01
-9.985e-01
-9.985e-01
-9.985e-01
-9.985e-01
-9.985e-01
-9.985e-01
-9.985e-01
-9.985e-01
-9.985e-01
-9.985e-01
-9.985e-01
-9.985e-01
-9.985e-01
-9.985e-01
-9.980e-01
-9.990e-01
-9.985e-01
-9.985e-01
-9.985e-01
-9.985e-01
-9.985e-01
-9.985e-01
-9.985e-01
-9.985e-01
-9.985e-01
-9.985e-01
-9.985e-01
-9.985e-01
-9.985e-01
-9.985e-01
-9.985e-01
-9.985e-01
-9.985e-01
-9.985e-01
-9.985e-01
-9.980e-01
-9.990e-01
-9.985e-01
-9.985e-01
-9.985e-01
-9.985e-01
-9.985e-01
-9.985e-01
-9.985e-01
-9.985e-01
-9.985e-01
-9.985e-01
-9.985e-01
-9.985e-01
-9.985e-01
-9.985e-01
-9.985e-01
-9.985e-01
-9.985e-01
-9.985e-01
-9.985e-01
-9.980e-01
-9.990e-01
-9.985e-01
-9.985e-01
-9.985e-01
-9.985e-01
-9.985e-01
-9.985e-01
-9.985e-01
-9.985e-01
-9.985e-01
-9.985e-01
-9.985e-01
-9.985e-01
-9.985e-01
-9.985e-01
-9.985e-01
-9.985e-01
-9.985e-01
-9.985e-01
-9.985e-01
-9.980e-01
-9.990e-01
-9.985e-01
-9.985e-01
-9.985e-01
-9.985e-01
-9.985e-01
-9.985e-01
-9.985e-01
-9.985e-01
-9.985e-01
-9.985e-01
-9.985e-01
-9.985e-01
-9.985e-01
-9.985e-01
-9.985e-01
-9.985e-01
-9.985e-01
-9.985e-01
-9.985e-01
-9.980e-01
-9.990e-01
-9.985e-01
-9.985e-01
-9.985e-01
-9.985e-01
-9.985e-01
-9.985e-01
-9.985e-01
-9.985e-01
-9.985e-01
-9.985e-01
-9.985e-01
-9.985e-01
-9.985e-01
-9.985e-01
-9.985e-01
-9.985e-01
-9.985e-01
-9.985e-01
-9.985e-01
-9.980e-01
-9.990e-01
-9.985e-01
-9.985e-01
-9.985e-01
-9.985e-01
-9.985e-01
-9.985e-01
-9.985e-01
-9.985e-01
-9.985e-01
-9.985e-01
-9.985e-01
-9.985e-01
-9.985e-01
-9.985e-01
-9.985e-01
-9.985e-01
-9.985e-01
-9.985e-01
-9.985e-01
-9.980e-01
-9.990e-01
-9.985e-01
-9.985e-01
-9.985e-01
-9.985e-01
-9.985e-01
-9.985e-01
-9.985e-01
-9.985e-01
-9.985e-01
-9.985e-01
-9.985e-01
-9.985e-01
-9.985e-01
-9.985e-01
-9.985e-01
-9.985e-01
-9.985e-01
-9.985e-01
-9.985e-01
-9.980e-01
-9.990e-01
-9.985e-01
-9.985e-01
-9.985e-01
-9.985e-01
-9.985e-01
-9.985e-01
-9.985e-01
-9.985e-01
-9.985e-01
-9.985e-01
-9.985e-01
-9.985e-01
-9.985e-01
-9.985e-01
-9.985e-01
-9.985e-01
-9.985e-01
-9.985e-01
-9.985e-01
-9.980e-01
-9.990e-01
-9.985e-01
-9.985e-01
-9.985e-01
-9.985e-01
-9.985e-01
-9.985e-01
-9.985e-01
-9.985e-01
-9.985e-01
-9.985e-01
-9.985e-01
-9.985e-01
-9.985e-01
-9.985e-01
-9.985e-01
-9.985e-01
-9.985e-01
-9.985e-01
-9.985e-01
-9.980e-01
-9.990e-01
-9.985e-01
-9.985e-01
-9.985e-01
-9.985e-01
-9.985e-01
-9.985e-01
-9.985e-01
-9.985e-01
-9.985e-01
-9.985e-01
-9.985e-01
-9.985e-01
-9.985e-01
-9.985e-01
-9.985e-01
-9.985e-01
-9.985e-01
-9.985e-01
-9.985e-01
-9.980e-01
-9.990e-01
-9.985e-01
-9.985e-01
-9.985e-01
-9.985e-01
-9.985e-01
-9.985e-01
-9.985e-01
-9.985e-01
-9.985e-01
-9.985e-01
-9.985e-01
-9.985e-01
-9.985e-01
-9.985e-01
-9.985e-01
-9.985e-01
-9.985e-01
-9.985e-01
-9.985e-01
-9.980e-01
-9.990e-01
-9.985e-01
-9.985e-01
-9.985e-01
-9.985e-01
-9.985e-01
-9.985e-01
-9.985e-01
-9.985e-01
-9.985e-01
-9.985e-01
-9.985e-01
-9.985e-01
-9.985e-01
-9.985e-01
-9.985e-01
-9.985e-01
-9.985e-01
-9.985e-01
-9.985e-01
-9.980e-01
-9.990e-01
-9.985e-01
-9.985e-01
-9.985e-01
-9.985e-01
-9.985e-01
-9.985e-01
-9.985e-01
-9.985e-01
-9.985e-01
-9.985e-01
-9.985e-01
-9.985e-01
-9.985e-01
-9.985e-01
-9.985e-01
-9.985e-01
-9.985e-01
-9.985e-01
-9.985e-01
-9.980e-01
-9.990e-01
-9.985e-01
-9.985e-01
-9.985e-01
-9.985e-01
-9.985e-01
-9.985e-01
-9.985e-01
-9.985e-01
-9.985e-01
-9.985e-01
-9.985e-01
-9.985e-01
-9.985e-01
-9.985e-01
-9.985e-01
-9.985e-01
-9.985e-01
-9.985e-01
-9.985e-01
-9.980e-01
-9.990e-01
-9.985e-01
-9.985e-01
-9.985e-01
-9.985e-01
-9.985e-01
-9.985e-01
-9.985e-01
-9.985e-01
-9.985e-01
-9.985e-01
-9.985e-01
-9.985e-01
-9.985e-01
-9.985e-01
-9.985e-01
-9.985e-01
-9.985e-01
-9.985e-01
-9.985e-01
-9.980e-01
-9.990e-01
-9.985e-01
-9.985e-01
-9.985e-01
-9.985e-01
-9.985e-01
-9.985e-01
-9.985e-01
-9.985e-01
-9.985e-01
-9.985e-01
-9.985e-01
-9.985e-01
-9.985e-01
-9.985e-01
-9.985e-01
-9.985e-01
-9.985e-01
-9.985e-01
-9.985e-01
-9.980e-01
-9.985e-01
-9.980e-01
-9.980e-01
-9.980e-01
-9.980e-01
-9.980e-01
-9.980e-01
-9.980e-01
-9.980e-01
-9.980e-01
-9.980e-01
-9.980e-01
-9.980e-01
-9.980e-01
-9.980e-01
-9.980e-01
-9.980e-01
-9.980e-01
-9.980e-01
-9.980e-01
-9.975e-01
