1	0	INDP	IPOND
-2.000e+02
-1.998e+02
-1.998e+02
-1.998e+02
-1.998e+02
-1.998e+02
-1.998e+02
-1.998e+02
-1.998e+02
-1.998e+02
-1.998e+02
-1.998e+02
-1.998e+02
-1.998e+02
-1.998e+02
-1.998e+02
-1.998e+02
-1.998e+02
-1.998e+02
-1.996e+02
-1.800e+02
-1.998e+02
-1.807e+02
-1.806e+02
-1.806e+02
-1.806e+02
-1.806e+02
-1.806e+02
-1.806e+02
-1.806e+02
-1.806e+02
-1.806e+02
-1.806e+02
-1.806e+02
-1.806e+02
-1.806e+02
-1.806e+02
-1.806e+02
-1.806e+02
-1.806e+02
-1.801e+02
-6.714e+01
-1.998e+02
-1.806e+02
-1.805e+02
-1.805e+02
-1.805e+02
-1.805e+02
-1.805e+02
-1.805e+02
-1.805e+02
-1.805e+02
-1.805e+02
-1.805e+02
-1.805e+02
-1.805e+02
-1.805e+02
-1.805e+02
-1.805e+02
-1.805e+02
-1.805e+02
-1.801e+02
-6.784e+01
-1.998e+02
-1.806e+02
-1.805e+02
-1.805e+02
-1.805e+02
-1.805e+02
-1.805e+02
-1.805e+02
-1.805e+02
-1.805e+02
-1.805e+02
-1.805e+02
-1.805e+02
-1.805e+02
-1.805e+02
-1.805e+02
-1.805e+02
-1.805e+02
-1.805e+02
-1.801e+02
-6.784e+01
-1.998e+02
-1.806e+02
-1.805e+02
-1.805e+02
-1.805e+02
-1.805e+02
-1.805e+02
-1.805e+02
-1.805e+02
-1.805e+02
-1.805e+02
-1.805e+02
-1.805e+02
-1.805e+02
-1.805e+02
-1.805e+02
-1.805e+02
-1.805e+02
-1.805e+02
-1.801e+02
-6.784e+01
-1.998e+02
-1.806e+02
-1.805e+02
-1.805e+02
-1.805e+02
-1.805e+02
-1.805e+02
-1.805e+02
-1.805e+02
-1.805e+02
-1.805e+02
-1.805e+02
-1.805e+02
-1.805e+02
-1.805e+02
-1.805e+02
-1.805e+02
-1.805e+02
-1.805e+02
-1.801e+02
-6.784e+01
-1.998e+02
-1.806e+02
-1.805e+02
-1.805e+02
-1.805e+02
-1.805e+02
-1.805e+02
-1.805e+02
-1.805e+02
-1.805e+02
-1.805e+02
-1.805e+02
-1.805e+02
-1.805e+02
-1.805e+02
-1.805e+02
-1.805e+02
-1.805e+02
-1.805e+02
-1.801e+02
-6.784e+01
-1.998e+02
-1.806e+02
-1.805e+02
-1.805e+02
-1.805e+02
-1.805e+02
-1.805e+02
-1.805e+02
-1.805e+02
-1.805e+02
-1.805e+02
-1.805e+02
-1.805e+02
-1.805e+02
-1.805e+02
-1.805e+02
-1.805e+02
-1.805e+02
-1.805e+02
-1.801e+02
-6.784e+01
-1.998e+02
-1.806e+02
-1.805e+02
-1.805e+02
-1.805e+02
-1.805e+02
-1.805e+02
-1.805e+02
-1.805e+02
-1.805e+02
-1.805e+02
-1.805e+02
-1.805e+02
-1.805e+02
-1.805e+02
-1.805e+02
-1.805e+02
-1.805e+02
-1.805e+02
-1.801e+02
-6.784e+01
-1.999e+02
-1.812e+02
-1.811e+02
-1.811e+02
-1.811e+02
-1.811e+02
-1.811e+02
-1.811e+02
-1.811e+02
-1.811e+02
-1.811e+02
-1.811e+02
-1.811e+02
-1.811e+02
-1.811e+02
-1.811e+02
-1.811e+02
-1.811e+02
-1.811e+02
-1.809e+02
-6.786e+01
-2.000e+02
-2.000e+02
-2.000e+02
-2.000e+02
-2.000e+02
-2.000e+02
-2.000e+02
-2.000e+02
-2.000e+02
-2.000e+02
-2.000e+02
-2.000e+02
-2.000e+02
-2.000e+02
-2.000e+02
-2.000e+02
-2.000e+02
-2.000e+02
-2.000e+02
-2.000e+02
-2.001e+02
-2.021e+02
-2.023e+02
-2.023e+02
-2.023e+02
-2.023e+02
-2.023e+02
-2.023e+02
-2.023e+02
-2.023e+02
-2.023e+02
-2.023e+02
-2.023e+02
-2.023e+02
-2.023e+02
-2.023e+02
-2.023e+02
-2.023e+02
-2.023e+02
-2.023e+02
-2.023e+02
-2.017e+02
-2.021e+02
-2.023e+02
-2.023e+02
-2.023e+02
-2.023e+02
-2.023e+02
-2.023e+02
-2.023e+02
-2.023e+02
-2.023e+02
-2.023e+02
-2.023e+02
-2.023e+02
-2.023e+02
-2.023e+02
-2.023e+02
-2.023e+02
-2.023e+02
-2.023e+02
-2.023e+02
-2.017e+02
-2.021e+02
-2.023e+02
-2.023e+02
-2.023e+02
-2.023e+02
-2.023e+02
-2.023e+02
-2.023e+02
-2.023e+02
-2.023e+02
-2.023e+02
-2.023e+02
-2.023e+02
-2.023e+02
-2.023e+02
-2.023e+02
-2.023e+02
-2.023e+02
-2.023e+02
-2.023e+02
-2.017e+02
-2.021e+02
-2.023e+02
-2.023e+02
-2.023e+02
-2.023e+02
-2.023e+02
-2.023e+02
-2.023e+02
-2.023e+02
-2.023e+02
-2.023e+02
-2.023e+02
-2.023e+02
-2.023e+02
-2.023e+02
-2.023e+02
-2.023e+02
-2.023e+02
-2.023e+02
-2.023e+02
-2.017e+02
-2.021e+02
-2.023e+02
-2.023e+02
-2.023e+02
-2.023e+02
-2.023e+02
-2.023e+02
-2.023e+02
-2.023e+02
-2.023e+02
-2.023e+02
-2.023e+02
-2.023e+02
-2.023e+02
-2.023e+02
-2.023e+02
-2.023e+02
-2.023e+02
-2.023e+02
-2.023e+02
-2.017e+02
-2.021e+02
-2.023e+02
-2.023e+02
-2.023e+02
-2.023e+02
-2.023e+02
-2.023e+02
-2.023e+02
-2.023e+02
-2.023e+02
-2.023e+02
-2.023e+02
-2.023e+02
-2.023e+02
-2.023e+02
-2.023e+02
-2.023e+02
-2.023e+02
-2.023e+02
-2.023e+02
-2.017e+02
-2.021e+02
-2.023e+02
-2.023e+02
-2.023e+02
-2.023e+02
-2.023e+02
-2.023e+02
-2.023e+02
-2.023e+02
-2.023e+02
-2.023e+02
-2.023e+02
-2.023e+02
-2.023e+02
-2.023e+02
-2.023e+02
-2.023e+02
-2.023e+02
-2.023e+02
-2.023e+02
-2.017e+02
-2.021e+02
-2.023e+02
-2.023e+02
-2.023e+02
-2.023e+02
-2.023e+02
-2.023e+02
-2.023e+02
-2.023e+02
-2.023e+02
-2.023e+02
-2.023e+02
-2.023e+02
-2.023e+02
-2.023e+02
-2.023e+02
-2.023e+02
-2.023e+02
-2.023e+02
-2.023e+02
-2.017e+02
-2.023e+02
-2.023e+02
-2.023e+02
-2.023e+02
-2.023e+02
-2.023e+02
-2.023e+02
-2.023e+02
-2.023e+02
-2.023e+02
-2.023e+02
-2.023e+02
-2.023e+02
-2.023e+02
-2.023e+02
-2.023e+02
-2.023e+02
-2.023e+02
-2.023e+02
-2.023e+02
-2.017e+02
-2.023e+02
-2.017e+02
-2.017e+02
-2.017e+02
-2.017e+02
-2.017e+02
-2.017e+02
-2.017e+02
-2.017e+02
-2.017e+02
-2.017e+02
-2.017e+02
-2.017e+02
-2.017e+02
-2.017e+02
-2.017e+02
-2.017e+02
-2.017e+02
-2.017e+02
-2.017e+02
-2.008e+02
-1.994e+02
-1.974e+02
-1.974e+02
-1.974e+02
-1.974e+02
-1.974e+02
-1.974e+02
-1.974e+02
-1.974e+02
-1.974e+02
-1.974e+02
-1.974e+02
-1.974e+02
-1.974e+02
-1.974e+02
-1.974e+02
-1.974e+02
-1.974e+02
-1.974e+02
-1.977e+02
-1.778e+02
-1.974e+02
-1.779e+02
-1.778e+02
-1.778e+02
-1.778e+02
-1.778e+02
-1.778e+02
-1.778e+02
-1.778e+02
-1.778e+02
-1.778e+02
-1.778e+02
-1.778e+02
-1.778e+02
-1.778e+02
-1.778e+02
-1.778e+02
-1.778e+02
-1.778e+02
-1.778e+02
-1.191e+02
-1.974e+02
-1.778e+02
-1.778e+02
-1.778e+02
-1.778e+02
-1.778e+02
-1.778e+02
-1.778e+02
-1.778e+02
-1.778e+02
-1.778e+02
-1.778e+02
-1.778e+02
-1.778e+02
-1.778e+02
-1.778e+02
-1.778e+02
-1.778e+02
-1.777e+02
-1.777e+02
-1.188e+02
-1.974e+02
-1.778e+02
-1.778e+02
-1.778e+02
-1.778e+02
-1.778e+02
-1.778e+02
-1.778e+02
-1.778e+02
-1.778e+02
-1.778e+02
-1.778e+02
-1.778e+02
-1.778e+02
-1.778e+02
-1.778e+02
-1.778e+02
-1.778e+02
-1.777e+02
-1.777e+02
-1.188e+02
-1.974e+02
-1.778e+02
-1.778e+02
-1.778e+02
-1.778e+02
-1.778e+02
-1.778e+02
-1.778e+02
-1.778e+02
-1.778e+02
-1.778e+02
-1.778e+02
-1.778e+02
-1.778e+02
-1.778e+02
-1.778e+02
-1.778e+02
-1.778e+02
-1.777e+02
-1.777e+02
-1.188e+02
-1.974e+02
-1.778e+02
-1.778e+02
-1.778e+02
-1.778e+02
-1.778e+02
-1.778e+02
-1.778e+02
-1.778e+02
-1.778e+02
-1.778e+02
-1.778e+02
-1.778e+02
-1.778e+02
-1.778e+02
-1.778e+02
-1.778e+02
-1.778e+02
-1.777e+02
-1.777e+02
-1.188e+02
-1.974e+02
-1.778e+02
-1.778e+02
-1.778e+02
-1.778e+02
-1.778e+02
-1.778e+02
-1.778e+02
-1.778e+02
-1.778e+02
-1.778e+02
-1.778e+02
-1.778e+02
-1.778e+02
-1.778e+02
-1.778e+02
-1.778e+02
-1.778e+02
-1.777e+02
-1.777e+02
-1.188e+02
-1.974e+02
-1.778e+02
-1.778e+02
-1.778e+02
-1.778e+02
-1.778e+02
-1.778e+02
-1.778e+02
-1.778e+02
-1.778e+02
-1.778e+02
-1.778e+02
-1.778e+02
-1.778e+02
-1.778e+02
-1.778e+02
-1.778e+02
-1.778e+02
-1.777e+02
-1.777e+02
-1.188e+02
-1.974e+02
-1.778e+02
-1.778e+02
-1.778e+02
-1.778e+02
-1.778e+02
-1.778e+02
-1.778e+02
-1.778e+02
-1.778e+02
-1.778e+02
-1.778e+02
-1.778e+02
-1.778e+02
-1.778e+02
-1.778e+02
-1.778e+02
-1.778e+02
-1.778e+02
-1.777e+02
-1.188e+02
-1.975e+02
-1.785e+02
-1.784e+02
-1.784e+02
-1.784e+02
-1.784e+02
-1.784e+02
-1.784e+02
-1.784e+02
-1.784e+02
-1.784e+02
-1.784e+02
-1.784e+02
-1.784e+02
-1.784e+02
-1.784e+02
-1.784e+02
-1.784e+02
-1.784e+02
-1.784e+02
-1.206e+02
-2.000e+02
-2.000e+02
-2.000e+02
-2.000e+02
-2.000e+02
-2.000e+02
-2.000e+02
-2.000e+02
-2.000e+02
-2.000e+02
-2.000e+02
-2.000e+02
-2.000e+02
-2.000e+02
-2.000e+02
-2.000e+02
-2.000e+02
-2.000e+02
-2.000e+02
-2.000e+02
-2.001e+02
-2.024e+02
-2.022e+02
-2.022e+02
-2.022e+02
-2.022e+02
-2.022e+02
-2.022e+02
-2.022e+02
-2.022e+02
-2.022e+02
-2.022e+02
-2.022e+02
-2.022e+02
-2.022e+02
-2.022e+02
-2.022e+02
-2.022e+02
-2.022e+02
-2.022e+02
-2.022e+02
-2.023e+02
-2.024e+02
-2.022e+02
-2.022e+02
-2.022e+02
-2.022e+02
-2.022e+02
-2.022e+02
-2.022e+02
-2.022e+02
-2.022e+02
-2.022e+02
-2.022e+02
-2.022e+02
-2.022e+02
-2.022e+02
-2.022e+02
-2.022e+02
-2.022e+02
-2.022e+02
-2.022e+02
-2.023e+02
-2.024e+02
-2.022e+02
-2.022e+02
-2.022e+02
-2.022e+02
-2.022e+02
-2.022e+02
-2.022e+02
-2.022e+02
-2.022e+02
-2.022e+02
-2.022e+02
-2.022e+02
-2.022e+02
-2.022e+02
-2.022e+02
-2.022e+02
-2.022e+02
-2.022e+02
-2.022e+02
-2.023e+02
-2.024e+02
-2.022e+02
-2.022e+02
-2.022e+02
-2.022e+02
-2.022e+02
-2.022e+02
-2.022e+02
-2.022e+02
-2.022e+02
-2.022e+02
-2.022e+02
-2.022e+02
-2.022e+02
-2.022e+02
-2.022e+02
-2.022e+02
-2.022e+02
-2.022e+02
-2.022e+02
-2.023e+02
-2.024e+02
-2.022e+02
-2.022e+02
-2.022e+02
-2.022e+02
-2.022e+02
-2.022e+02
-2.022e+02
-2.022e+02
-2.022e+02
-2.022e+02
-2.022e+02
-2.022e+02
-2.022e+02
-2.022e+02
-2.022e+02
-2.022e+02
-2.022e+02
-2.022e+02
-2.022e+02
-2.023e+02
-2.024e+02
-2.022e+02
-2.022e+02
-2.022e+02
-2.022e+02
-2.022e+02
-2.022e+02
-2.022e+02
-2.022e+02
-2.022e+02
-2.022e+02
-2.022e+02
-2.022e+02
-2.022e+02
-2.022e+02
-2.022e+02
-2.022e+02
-2.022e+02
-2.022e+02
-2.022e+02
-2.023e+02
-2.024e+02
-2.022e+02
-2.022e+02
-2.022e+02
-2.022e+02
-2.022e+02
-2.022e+02
-2.022e+02
-2.022e+02
-2.022e+02
-2.022e+02
-2.022e+02
-2.022e+02
-2.022e+02
-2.022e+02
-2.022e+02
-2.022e+02
-2.022e+02
-2.022e+02
-2.022e+02
-2.023e+02
-2.024e+02
-2.022e+02
-2.022e+02
-2.022e+02
-2.022e+02
-2.022e+02
-2.022e+02
-2.022e+02
-2.022e+02
-2.022e+02
-2.022e+02
-2.022e+02
-2.022e+02
-2.022e+02
-2.022e+02
-2.022e+02
-2.022e+02
-2.022e+02
-2.022e+02
-2.022e+02
-2.023e+02
-2.023e+02
-2.022e+02
-2.022e+02
-2.022e+02
-2.022e+02
-2.022e+02
-2.022e+02
-2.022e+02
-2.022e+02
-2.022e+02
-2.022e+02
-2.022e+02
-2.022e+02
-2.022e+02
-2.022e+02
-2.022e+02
-2.022e+02
-2.022e+02
-2.022e+02
-2.022e+02
-2.023e+02
-2.022e+02
-2.022e+02
-2.023e+02
-2.023e+02
-2.023e+02
-2.023e+02
-2.023e+02
-2.023e+02
-2.023e+02
-2.023e+02
-2.023e+02
-2.023e+02
-2.023e+02
-2.023e+02
-2.023e+02
-2.023e+02
-2.023e+02
-2.023e+02
-2.023e+02
-2.023e+02
-2.022e+02
-1.944e+02
-1.893e+02
-1.893e+02
-1.893e+02
-1.893e+02
-1.893e+02
-1.893e+02
-1.893e+02
-1.893e+02
-1.893e+02
-1.893e+02
-1.893e+02
-1.893e+02
-1.893e+02
-1.893e+02
-1.893e+02
-1.893e+02
-1.893e+02
-1.893e+02
-1.896e+02
-1.682e+02
-1.893e+02
-1.683e+02
-1.683e+02
-1.682e+02
-1.682e+02
-1.682e+02
-1.682e+02
-1.682e+02
-1.682e+02
-1.682e+02
-1.682e+02
-1.682e+02
-1.682e+02
-1.682e+02
-1.682e+02
-1.682e+02
-1.682e+02
-1.682e+02
-1.683e+02
-1.682e+02
-1.321e+02
-1.893e+02
-1.683e+02
-1.682e+02
-1.682e+02
-1.682e+02
-1.682e+02
-1.682e+02
-1.682e+02
-1.682e+02
-1.682e+02
-1.682e+02
-1.682e+02
-1.682e+02
-1.682e+02
-1.682e+02
-1.682e+02
-1.682e+02
-1.682e+02
-1.682e+02
-1.682e+02
-1.320e+02
-1.893e+02
-1.682e+02
-1.682e+02
-1.682e+02
-1.682e+02
-1.682e+02
-1.682e+02
-1.682e+02
-1.682e+02
-1.682e+02
-1.682e+02
-1.682e+02
-1.682e+02
-1.682e+02
-1.682e+02
-1.682e+02
-1.682e+02
-1.682e+02
-1.682e+02
-1.682e+02
-1.320e+02
-1.893e+02
-1.682e+02
-1.682e+02
-1.682e+02
-1.682e+02
-1.682e+02
-1.682e+02
-1.682e+02
-1.682e+02
-1.682e+02
-1.682e+02
-1.682e+02
-1.682e+02
-1.682e+02
-1.682e+02
-1.682e+02
-1.682e+02
-1.682e+02
-1.682e+02
-1.682e+02
-1.320e+02
-1.893e+02
-1.682e+02
-1.682e+02
-1.682e+02
-1.682e+02
-1.682e+02
-1.682e+02
-1.682e+02
-1.682e+02
-1.682e+02
-1.682e+02
-1.682e+02
-1.682e+02
-1.682e+02
-1.682e+02
-1.682e+02
-1.682e+02
-1.682e+02
-1.682e+02
-1.682e+02
-1.320e+02
-1.893e+02
-1.682e+02
-1.682e+02
-1.682e+02
-1.682e+02
-1.682e+02
-1.682e+02
-1.682e+02
-1.682e+02
-1.682e+02
-1.682e+02
-1.682e+02
-1.682e+02
-1.682e+02
-1.682e+02
-1.682e+02
-1.682e+02
-1.682e+02
-1.682e+02
-1.682e+02
-1.320e+02
-1.893e+02
-1.682e+02
-1.683e+02
-1.683e+02
-1.683e+02
-1.683e+02
-1.683e+02
-1.683e+02
-1.683e+02
-1.683e+02
-1.683e+02
-1.683e+02
-1.683e+02
-1.683e+02
-1.683e+02
-1.683e+02
-1.683e+02
-1.682e+02
-1.682e+02
-1.682e+02
-1.320e+02
-1.893e+02
-1.683e+02
-1.683e+02
-1.683e+02
-1.683e+02
-1.683e+02
-1.683e+02
-1.683e+02
-1.683e+02
-1.683e+02
-1.683e+02
-1.683e+02
-1.683e+02
-1.683e+02
-1.683e+02
-1.683e+02
-1.683e+02
-1.683e+02
-1.683e+02
-1.682e+02
-1.320e+02
-1.892e+02
-1.689e+02
-1.689e+02
-1.689e+02
-1.689e+02
-1.689e+02
-1.689e+02
-1.689e+02
-1.689e+02
-1.689e+02
-1.689e+02
-1.689e+02
-1.689e+02
-1.689e+02
-1.689e+02
-1.689e+02
-1.689e+02
-1.689e+02
-1.689e+02
-1.688e+02
-1.336e+02
-2.000e+02
-2.000e+02
-2.000e+02
-2.000e+02
-2.000e+02
-2.000e+02
-2.000e+02
-2.000e+02
-2.000e+02
-2.000e+02
-2.000e+02
-2.000e+02
-2.000e+02
-2.000e+02
-2.000e+02
-2.000e+02
-2.000e+02
-2.000e+02
-2.000e+02
-2.000e+02
-2.001e+02
-2.024e+02
-2.021e+02
-2.021e+02
-2.021e+02
-2.021e+02
-2.021e+02
-2.021e+02
-2.021e+02
-2.021e+02
-2.021e+02
-2.021e+02
-2.021e+02
-2.021e+02
-2.021e+02
-2.021e+02
-2.021e+02
-2.021e+02
-2.021e+02
-2.021e+02
-2.021e+02
-2.021e+02
-2.024e+02
-2.022e+02
-2.021e+02
-2.021e+02
-2.021e+02
-2.021e+02
-2.021e+02
-2.021e+02
-2.021e+02
-2.021e+02
-2.021e+02
-2.021e+02
-2.021e+02
-2.021e+02
-2.021e+02
-2.021e+02
-2.021e+02
-2.021e+02
-2.021e+02
-2.021e+02
-2.021e+02
-2.024e+02
-2.021e+02
-2.021e+02
-2.021e+02
-2.021e+02
-2.021e+02
-2.021e+02
-2.021e+02
-2.021e+02
-2.021e+02
-2.021e+02
-2.021e+02
-2.021e+02
-2.021e+02
-2.021e+02
-2.021e+02
-2.021e+02
-2.021e+02
-2.021e+02
-2.021e+02
-2.021e+02
-2.024e+02
-2.021e+02
-2.021e+02
-2.021e+02
-2.021e+02
-2.021e+02
-2.021e+02
-2.021e+02
-2.021e+02
-2.021e+02
-2.021e+02
-2.021e+02
-2.021e+02
-2.021e+02
-2.021e+02
-2.021e+02
-2.021e+02
-2.021e+02
-2.021e+02
-2.021e+02
-2.021e+02
-2.024e+02
-2.021e+02
-2.021e+02
-2.021e+02
-2.021e+02
-2.021e+02
-2.021e+02
-2.021e+02
-2.021e+02
-2.021e+02
-2.021e+02
-2.021e+02
-2.021e+02
-2.021e+02
-2.021e+02
-2.021e+02
-2.021e+02
-2.021e+02
-2.021e+02
-2.021e+02
-2.021e+02
-2.024e+02
-2.021e+02
-2.021e+02
-2.021e+02
-2.021e+02
-2.021e+02
-2.021e+02
-2.021e+02
-2.021e+02
-2.021e+02
-2.021e+02
-2.021e+02
-2.021e+02
-2.021e+02
-2.021e+02
-2.021e+02
-2.021e+02
-2.021e+02
-2.021e+02
-2.021e+02
-2.021e+02
-2.024e+02
-2.021e+02
-2.021e+02
-2.021e+02
-2.021e+02
-2.021e+02
-2.021e+02
-2.021e+02
-2.021e+02
-2.021e+02
-2.021e+02
-2.021e+02
-2.021e+02
-2.021e+02
-2.021e+02
-2.021e+02
-2.021e+02
-2.021e+02
-2.021e+02
-2.021e+02
-2.021e+02
-2.024e+02
-2.021e+02
-2.021e+02
-2.021e+02
-2.021e+02
-2.021e+02
-2.021e+02
-2.021e+02
-2.021e+02
-2.021e+02
-2.021e+02
-2.021e+02
-2.021e+02
-2.021e+02
-2.021e+02
-2.021e+02
-2.021e+02
-2.021e+02
-2.021e+02
-2.021e+02
-2.021e+02
-2.024e+02
-2.021e+02
-2.021e+02
-2.021e+02
-2.021e+02
-2.021e+02
-2.021e+02
-2.021e+02
-2.021e+02
-2.021e+02
-2.021e+02
-2.021e+02
-2.021e+02
-2.021e+02
-2.021e+02
-2.021e+02
-2.021e+02
-2.021e+02
-2.021e+02
-2.021e+02
-2.021e+02
-2.021e+02
-2.021e+02
-2.021e+02
-2.021e+02
-2.021e+02
-2.021e+02
-2.021e+02
-2.021e+02
-2.021e+02
-2.021e+02
-2.021e+02
-2.021e+02
-2.021e+02
-2.021e+02
-2.021e+02
-2.021e+02
-2.021e+02
-2.021e+02
-2.021e+02
-2.021e+02
-2.020e+02
-1.799e+02
-1.713e+02
-1.713e+02
-1.713e+02
-1.713e+02
-1.713e+02
-1.713e+02
-1.713e+02
-1.713e+02
-1.713e+02
-1.713e+02
-1.713e+02
-1.713e+02
-1.713e+02
-1.713e+02
-1.713e+02
-1.713e+02
-1.713e+02
-1.713e+02
-1.713e+02
-1.476e+02
-1.713e+02
-1.477e+02
-1.476e+02
-1.476e+02
-1.476e+02
-1.476e+02
-1.476e+02
-1.476e+02
-1.476e+02
-1.476e+02
-1.476e+02
-1.476e+02
-1.476e+02
-1.476e+02
-1.476e+02
-1.476e+02
-1.476e+02
-1.476e+02
-1.476e+02
-1.476e+02
-1.195e+02
-1.713e+02
-1.476e+02
-1.476e+02
-1.476e+02
-1.476e+02
-1.476e+02
-1.476e+02
-1.476e+02
-1.476e+02
-1.476e+02
-1.476e+02
-1.476e+02
-1.476e+02
-1.476e+02
-1.476e+02
-1.476e+02
-1.476e+02
-1.476e+02
-1.476e+02
-1.476e+02
-1.195e+02
-1.713e+02
-1.476e+02
-1.476e+02
-1.476e+02
-1.476e+02
-1.476e+02
-1.476e+02
-1.476e+02
-1.476e+02
-1.476e+02
-1.476e+02
-1.476e+02
-1.476e+02
-1.476e+02
-1.476e+02
-1.476e+02
-1.476e+02
-1.476e+02
-1.476e+02
-1.476e+02
-1.195e+02
-1.713e+02
-1.476e+02
-1.476e+02
-1.476e+02
-1.476e+02
-1.476e+02
-1.476e+02
-1.476e+02
-1.476e+02
-1.476e+02
-1.476e+02
-1.476e+02
-1.476e+02
-1.476e+02
-1.476e+02
-1.476e+02
-1.476e+02
-1.476e+02
-1.476e+02
-1.476e+02
-1.195e+02
-1.713e+02
-1.476e+02
-1.476e+02
-1.476e+02
-1.476e+02
-1.476e+02
-1.476e+02
-1.476e+02
-1.476e+02
-1.476e+02
-1.476e+02
-1.476e+02
-1.476e+02
-1.476e+02
-1.476e+02
-1.476e+02
-1.476e+02
-1.476e+02
-1.476e+02
-1.476e+02
-1.195e+02
-1.713e+02
-1.476e+02
-1.476e+02
-1.476e+02
-1.476e+02
-1.476e+02
-1.476e+02
-1.476e+02
-1.476e+02
-1.476e+02
-1.476e+02
-1.476e+02
-1.476e+02
-1.476e+02
-1.476e+02
-1.476e+02
-1.476e+02
-1.476e+02
-1.476e+02
-1.476e+02
-1.195e+02
-1.713e+02
-1.476e+02
-1.476e+02
-1.476e+02
-1.476e+02
-1.476e+02
-1.476e+02
-1.476e+02
-1.476e+02
-1.476e+02
-1.476e+02
-1.476e+02
-1.476e+02
-1.476e+02
-1.476e+02
-1.476e+02
-1.476e+02
-1.476e+02
-1.476e+02
-1.476e+02
-1.195e+02
-1.713e+02
-1.476e+02
-1.476e+02
-1.476e+02
-1.476e+02
-1.476e+02
-1.476e+02
-1.476e+02
-1.476e+02
-1.476e+02
-1.476e+02
-1.476e+02
-1.476e+02
-1.476e+02
-1.476e+02
-1.476e+02
-1.476e+02
-1.476e+02
-1.476e+02
-1.476e+02
-1.195e+02
-1.713e+02
-1.485e+02
-1.485e+02
-1.485e+02
-1.485e+02
-1.485e+02
-1.485e+02
-1.485e+02
-1.485e+02
-1.485e+02
-1.485e+02
-1.485e+02
-1.485e+02
-1.485e+02
-1.485e+02
-1.485e+02
-1.485e+02
-1.485e+02
-1.485e+02
-1.485e+02
-1.207e+02
-2.000e+02
-2.001e+02
-2.001e+02
-2.001e+02
-2.001e+02
-2.001e+02
-2.001e+02
-2.001e+02
-2.001e+02
-2.001e+02
-2.001e+02
-2.001e+02
-2.001e+02
-2.001e+02
-2.001e+02
-2.001e+02
-2.001e+02
-2.001e+02
-2.001e+02
-2.001e+02
-2.001e+02
-2.012e+02
-2.002e+02
-2.002e+02
-2.002e+02
-2.002e+02
-2.002e+02
-2.002e+02
-2.002e+02
-2.002e+02
-2.002e+02
-2.002e+02
-2.002e+02
-2.002e+02
-2.002e+02
-2.002e+02
-2.002e+02
-2.002e+02
-2.002e+02
-2.002e+02
-2.002e+02
-2.000e+02
-2.011e+02
-2.002e+02
-2.001e+02
-2.001e+02
-2.001e+02
-2.001e+02
-2.001e+02
-2.001e+02
-2.001e+02
-2.001e+02
-2.001e+02
-2.001e+02
-2.001e+02
-2.001e+02
-2.001e+02
-2.001e+02
-2.001e+02
-2.001e+02
-2.001e+02
-2.001e+02
-2.000e+02
-2.011e+02
-2.002e+02
-2.001e+02
-2.001e+02
-2.001e+02
-2.001e+02
-2.001e+02
-2.001e+02
-2.001e+02
-2.001e+02
-2.001e+02
-2.001e+02
-2.001e+02
-2.001e+02
-2.001e+02
-2.001e+02
-2.001e+02
-2.001e+02
-2.001e+02
-2.001e+02
-2.000e+02
-2.011e+02
-2.002e+02
-2.001e+02
-2.001e+02
-2.001e+02
-2.001e+02
-2.001e+02
-2.001e+02
-2.001e+02
-2.001e+02
-2.001e+02
-2.001e+02
-2.001e+02
-2.001e+02
-2.001e+02
-2.001e+02
-2.001e+02
-2.001e+02
-2.001e+02
-2.001e+02
-2.000e+02
-2.011e+02
-2.002e+02
-2.001e+02
-2.001e+02
-2.001e+02
-2.001e+02
-2.001e+02
-2.001e+02
-2.001e+02
-2.001e+02
-2.001e+02
-2.001e+02
-2.001e+02
-2.001e+02
-2.001e+02
-2.001e+02
-2.001e+02
-2.001e+02
-2.001e+02
-2.001e+02
-2.000e+02
-2.011e+02
-2.002e+02
-2.001e+02
-2.001e+02
-2.001e+02
-2.001e+02
-2.001e+02
-2.001e+02
-2.001e+02
-2.001e+02
-2.001e+02
-2.001e+02
-2.001e+02
-2.001e+02
-2.001e+02
-2.001e+02
-2.001e+02
-2.001e+02
-2.001e+02
-2.001e+02
-2.000e+02
-2.011e+02
-2.002e+02
-2.001e+02
-2.001e+02
-2.001e+02
-2.001e+02
-2.001e+02
-2.001e+02
-2.001e+02
-2.001e+02
-2.001e+02
-2.001e+02
-2.001e+02
-2.001e+02
-2.001e+02
-2.001e+02
-2.001e+02
-2.001e+02
-2.001e+02
-2.001e+02
-2.000e+02
-2.011e+02
-2.002e+02
-2.001e+02
-2.001e+02
-2.001e+02
-2.001e+02
-2.001e+02
-2.001e+02
-2.001e+02
-2.001e+02
-2.001e+02
-2.001e+02
-2.001e+02
-2.001e+02
-2.001e+02
-2.001e+02
-2.001e+02
-2.001e+02
-2.001e+02
-2.001e+02
-2.000e+02
-2.011e+02
-2.002e+02
-2.001e+02
-2.001e+02
-2.001e+02
-2.001e+02
-2.001e+02
-2.001e+02
-2.001e+02
-2.001e+02
-2.001e+02
-2.001e+02
-2.001e+02
-2.001e+02
-2.001e+02
-2.001e+02
-2.001e+02
-2.001e+02
-2.001e+02
-2.001e+02
-2.000e+02
-2.002e+02
-2.000e+02
-2.000e+02
-2.000e+02
-2.000e+02
-2.000e+02
-2.000e+02
-2.000e+02
-2.000e+02
-2.000e+02
-2.000e+02
-2.000e+02
-2.000e+02
-2.000e+02
-2.000e+02
-2.000e+02
-2.000e+02
-2.000e+02
-2.000e+02
-2.000e+02
-2.000e+02
-1.483e+02
-1.373e+02
-1.373e+02
-1.373e+02
-1.373e+02
-1.373e+02
-1.373e+02
-1.373e+02
-1.373e+02
-1.373e+02
-1.373e+02
-1.373e+02
-1.373e+02
-1.373e+02
-1.373e+02
-1.373e+02
-1.373e+02
-1.373e+02
-1.373e+02
-1.373e+02
-1.145e+02
-1.373e+02
-1.145e+02
-1.145e+02
-1.145e+02
-1.145e+02
-1.145e+02
-1.145e+02
-1.145e+02
-1.145e+02
-1.145e+02
-1.145e+02
-1.145e+02
-1.145e+02
-1.145e+02
-1.145e+02
-1.145e+02
-1.145e+02
-1.145e+02
-1.145e+02
-1.145e+02
-9.316e+01
-1.373e+02
-1.145e+02
-1.145e+02
-1.145e+02
-1.145e+02
-1.145e+02
-1.145e+02
-1.145e+02
-1.145e+02
-1.145e+02
-1.145e+02
-1.145e+02
-1.145e+02
-1.145e+02
-1.145e+02
-1.145e+02
-1.145e+02
-1.145e+02
-1.145e+02
-1.145e+02
-9.325e+01
-1.373e+02
-1.145e+02
-1.145e+02
-1.145e+02
-1.145e+02
-1.145e+02
-1.145e+02
-1.145e+02
-1.145e+02
-1.145e+02
-1.145e+02
-1.145e+02
-1.145e+02
-1.145e+02
-1.145e+02
-1.145e+02
-1.145e+02
-1.145e+02
-1.145e+02
-1.145e+02
-9.325e+01
-1.373e+02
-1.145e+02
-1.145e+02
-1.145e+02
-1.145e+02
-1.145e+02
-1.145e+02
-1.145e+02
-1.145e+02
-1.145e+02
-1.145e+02
-1.145e+02
-1.145e+02
-1.145e+02
-1.145e+02
-1.145e+02
-1.145e+02
-1.145e+02
-1.145e+02
-1.145e+02
-9.325e+01
-1.373e+02
-1.145e+02
-1.145e+02
-1.145e+02
-1.145e+02
-1.145e+02
-1.145e+02
-1.145e+02
-1.145e+02
-1.145e+02
-1.145e+02
-1.145e+02
-1.145e+02
-1.145e+02
-1.145e+02
-1.145e+02
-1.145e+02
-1.145e+02
-1.145e+02
-1.145e+02
-9.325e+01
-1.373e+02
-1.145e+02
-1.145e+02
-1.145e+02
-1.145e+02
-1.145e+02
-1.145e+02
-1.145e+02
-1.145e+02
-1.145e+02
-1.145e+02
-1.145e+02
-1.145e+02
-1.145e+02
-1.145e+02
-1.145e+02
-1.145e+02
-1.145e+02
-1.145e+02
-1.145e+02
-9.325e+01
-1.373e+02
-1.145e+02
-1.145e+02
-1.145e+02
-1.145e+02
-1.145e+02
-1.145e+02
-1.145e+02
-1.145e+02
-1.145e+02
-1.145e+02
-1.145e+02
-1.145e+02
-1.145e+02
-1.145e+02
-1.145e+02
-1.145e+02
-1.145e+02
-1.145e+02
-1.145e+02
-9.325e+01
-1.373e+02
-1.145e+02
-1.145e+02
-1.145e+02
-1.145e+02
-1.145e+02
-1.145e+02
-1.145e+02
-1.145e+02
-1.145e+02
-1.145e+02
-1.145e+02
-1.145e+02
-1.145e+02
-1.145e+02
-1.145e+02
-1.145e+02
-1.145e+02
-1.145e+02
-1.145e+02
-9.325e+01
-1.376e+02
-1.150e+02
-1.150e+02
-1.150e+02
-1.150e+02
-1.150e+02
-1.150e+02
-1.150e+02
-1.150e+02
-1.150e+02
-1.150e+02
-1.150e+02
-1.150e+02
-1.150e+02
-1.150e+02
-1.150e+02
-1.150e+02
-1.150e+02
-1.150e+02
-1.150e+02
-9.375e+01
-2.000e+02
-2.000e+02
-2.000e+02
-2.000e+02
-2.000e+02
-2.000e+02
-2.000e+02
-2.000e+02
-2.000e+02
-2.000e+02
-2.000e+02
-2.000e+02
-2.000e+02
-2.000e+02
-2.000e+02
-2.000e+02
-2.000e+02
-2.000e+02
-2.000e+02
-2.000e+02
-2.000e+02
-2.000e+02
-2.000e+02
-2.000e+02
-2.000e+02
-2.000e+02
-2.000e+02
-2.000e+02
-2.000e+02
-2.000e+02
-2.000e+02
-2.000e+02
-2.000e+02
-2.000e+02
-2.000e+02
-2.000e+02
-2.000e+02
-2.000e+02
-2.000e+02
-2.000e+02
-2.000e+02
-2.000e+02
-2.000e+02
-2.000e+02
-2.000e+02
-2.000e+02
-2.000e+02
-2.000e+02
-2.000e+02
-2.000e+02
-2.000e+02
-2.000e+02
-2.000e+02
-2.000e+02
-2.000e+02
-2.000e+02
-2.000e+02
-2.000e+02
-2.000e+02
-2.000e+02
-2.000e+02
-2.000e+02
-2.000e+02
-2.000e+02
-2.000e+02
-2.000e+02
-2.000e+02
-2.000e+02
-2.000e+02
-2.000e+02
-2.000e+02
-2.000e+02
-2.000e+02
-2.000e+02
-2.000e+02
-2.000e+02
-2.000e+02
-2.000e+02
-2.000e+02
-2.000e+02
-2.000e+02
-2.000e+02
-2.000e+02
-2.000e+02
-2.000e+02
-2.000e+02
-2.000e+02
-2.000e+02
-2.000e+02
-2.000e+02
-2.000e+02
-2.000e+02
-2.000e+02
-2.000e+02
-2.000e+02
-2.000e+02
-2.000e+02
-2.000e+02
-2.000e+02
-2.000e+02
-2.000e+02
-2.000e+02
-2.000e+02
-2.000e+02
-2.000e+02
-2.000e+02
-2.000e+02
-2.000e+02
-2.000e+02
-2.000e+02
-2.000e+02
-2.000e+02
-2.000e+02
-2.000e+02
-2.000e+02
-2.000e+02
-2.000e+02
-2.000e+02
-2.000e+02
-2.000e+02
-2.000e+02
-2.000e+02
-2.000e+02
-2.000e+02
-2.000e+02
-2.000e+02
-2.000e+02
-2.000e+02
-2.000e+02
-2.000e+02
-2.000e+02
-2.000e+02
-2.000e+02
-2.000e+02
-2.000e+02
-2.000e+02
-2.000e+02
-2.000e+02
-2.000e+02
-2.000e+02
-2.000e+02
-2.000e+02
-2.000e+02
-2.000e+02
-2.000e+02
-2.000e+02
-2.000e+02
-2.000e+02
-2.000e+02
-2.000e+02
-2.000e+02
-2.000e+02
-2.000e+02
-2.000e+02
-2.000e+02
-2.000e+02
-2.000e+02
-2.000e+02
-2.000e+02
-2.000e+02
-2.000e+02
-2.000e+02
-2.000e+02
-2.000e+02
-2.000e+02
-2.000e+02
-2.000e+02
-2.000e+02
-2.000e+02
-2.000e+02
-2.000e+02
-2.000e+02
-2.000e+02
-2.000e+02
-2.000e+02
-2.000e+02
-2.000e+02
-2.000e+02
-2.000e+02
-2.000e+02
-2.000e+02
-2.000e+02
-2.000e+02
-2.000e+02
-2.000e+02
-2.000e+02
-2.000e+02
-2.000e+02
-2.000e+02
-2.000e+02
-2.000e+02
-2.000e+02
-2.000e+02
-2.000e+02
-2.000e+02
-2.000e+02
-2.000e+02
-2.000e+02
-2.000e+02
-2.000e+02
-2.000e+02
-2.000e+02
-2.000e+02
-2.000e+02
-2.000e+02
-2.000e+02
-2.000e+02
-2.000e+02
-2.000e+02
-2.000e+02
-2.000e+02
-2.000e+02
-2.000e+02
-2.000e+02
-2.000e+02
-2.000e+02
-2.000e+02
-2.000e+02
-2.000e+02
-2.000e+02
-2.000e+02
-2.000e+02
-2.000e+02
-2.000e+02
-2.000e+02
-2.000e+02
-2.000e+02
-2.000e+02
-2.000e+02
-2.000e+02
-2.000e+02
-7.879e+01
-7.746e+01
-7.746e+01
-7.746e+01
-7.746e+01
-7.746e+01
-7.746e+01
-7.746e+01
-7.746e+01
-7.746e+01
-7.746e+01
-7.746e+01
-7.746e+01
-7.746e+01
-7.746e+01
-7.746e+01
-7.746e+01
-7.746e+01
-7.746e+01
-7.745e+01
-7.541e+01
-7.746e+01
-7.541e+01
-7.538e+01
-7.538e+01
-7.538e+01
-7.538e+01
-7.538e+01
-7.538e+01
-7.538e+01
-7.538e+01
-7.538e+01
-7.538e+01
-7.538e+01
-7.538e+01
-7.538e+01
-7.538e+01
-7.538e+01
-7.538e+01
-7.538e+01
-7.538e+01
-7.326e+01
-7.746e+01
-7.538e+01
-7.535e+01
-7.535e+01
-7.535e+01
-7.535e+01
-7.535e+01
-7.535e+01
-7.535e+01
-7.535e+01
-7.535e+01
-7.535e+01
-7.535e+01
-7.535e+01
-7.535e+01
-7.535e+01
-7.535e+01
-7.535e+01
-7.535e+01
-7.535e+01
-7.296e+01
-7.746e+01
-7.538e+01
-7.535e+01
-7.535e+01
-7.535e+01
-7.535e+01
-7.535e+01
-7.535e+01
-7.535e+01
-7.535e+01
-7.535e+01
-7.535e+01
-7.535e+01
-7.535e+01
-7.535e+01
-7.535e+01
-7.535e+01
-7.535e+01
-7.535e+01
-7.535e+01
-7.296e+01
-7.746e+01
-7.538e+01
-7.535e+01
-7.535e+01
-7.535e+01
-7.535e+01
-7.535e+01
-7.535e+01
-7.535e+01
-7.535e+01
-7.535e+01
-7.535e+01
-7.535e+01
-7.535e+01
-7.535e+01
-7.535e+01
-7.535e+01
-7.535e+01
-7.535e+01
-7.535e+01
-7.296e+01
-7.746e+01
-7.538e+01
-7.535e+01
-7.535e+01
-7.535e+01
-7.535e+01
-7.535e+01
-7.535e+01
-7.535e+01
-7.535e+01
-7.535e+01
-7.535e+01
-7.535e+01
-7.535e+01
-7.535e+01
-7.535e+01
-7.535e+01
-7.535e+01
-7.535e+01
-7.535e+01
-7.296e+01
-7.746e+01
-7.538e+01
-7.535e+01
-7.535e+01
-7.535e+01
-7.535e+01
-7.535e+01
-7.535e+01
-7.535e+01
-7.535e+01
-7.535e+01
-7.535e+01
-7.535e+01
-7.535e+01
-7.535e+01
-7.535e+01
-7.535e+01
-7.535e+01
-7.535e+01
-7.535e+01
-7.296e+01
-7.746e+01
-7.538e+01
-7.535e+01
-7.535e+01
-7.535e+01
-7.535e+01
-7.535e+01
-7.535e+01
-7.535e+01
-7.535e+01
-7.535e+01
-7.535e+01
-7.535e+01
-7.535e+01
-7.535e+01
-7.535e+01
-7.535e+01
-7.535e+01
-7.535e+01
-7.535e+01
-7.296e+01
-7.746e+01
-7.538e+01
-7.535e+01
-7.535e+01
-7.535e+01
-7.535e+01
-7.535e+01
-7.535e+01
-7.535e+01
-7.535e+01
-7.535e+01
-7.535e+01
-7.535e+01
-7.535e+01
-7.535e+01
-7.535e+01
-7.535e+01
-7.535e+01
-7.535e+01
-7.535e+01
-7.296e+01
-7.706e+01
-7.534e+01
-7.534e+01
-7.534e+01
-7.534e+01
-7.534e+01
-7.534e+01
-7.534e+01
-7.534e+01
-7.534e+01
-7.534e+01
-7.534e+01
-7.534e+01
-7.534e+01
-7.534e+01
-7.534e+01
-7.534e+01
-7.534e+01
-7.534e+01
-7.534e+01
-7.314e+01
-2.005e+02
-2.003e+02
-2.003e+02
-2.003e+02
-2.003e+02
-2.003e+02
-2.003e+02
-2.003e+02
-2.003e+02
-2.003e+02
-2.003e+02
-2.003e+02
-2.003e+02
-2.003e+02
-2.003e+02
-2.003e+02
-2.003e+02
-2.003e+02
-2.003e+02
-2.003e+02
-2.002e+02
-2.005e+02
-2.004e+02
-2.004e+02
-2.004e+02
-2.004e+02
-2.004e+02
-2.004e+02
-2.004e+02
-2.004e+02
-2.004e+02
-2.004e+02
-2.004e+02
-2.004e+02
-2.004e+02
-2.004e+02
-2.004e+02
-2.004e+02
-2.004e+02
-2.004e+02
-2.004e+02
-2.003e+02
-2.005e+02
-2.004e+02
-2.004e+02
-2.004e+02
-2.004e+02
-2.004e+02
-2.004e+02
-2.004e+02
-2.004e+02
-2.004e+02
-2.004e+02
-2.004e+02
-2.004e+02
-2.004e+02
-2.004e+02
-2.004e+02
-2.004e+02
-2.004e+02
-2.004e+02
-2.004e+02
-2.003e+02
-2.005e+02
-2.004e+02
-2.004e+02
-2.004e+02
-2.004e+02
-2.004e+02
-2.004e+02
-2.004e+02
-2.004e+02
-2.004e+02
-2.004e+02
-2.004e+02
-2.004e+02
-2.004e+02
-2.004e+02
-2.004e+02
-2.004e+02
-2.004e+02
-2.004e+02
-2.004e+02
-2.003e+02
-2.005e+02
-2.004e+02
-2.004e+02
-2.004e+02
-2.004e+02
-2.004e+02
-2.004e+02
-2.004e+02
-2.004e+02
-2.004e+02
-2.004e+02
-2.004e+02
-2.004e+02
-2.004e+02
-2.004e+02
-2.004e+02
-2.004e+02
-2.004e+02
-2.004e+02
-2.004e+02
-2.003e+02
-2.005e+02
-2.004e+02
-2.004e+02
-2.004e+02
-2.004e+02
-2.004e+02
-2.004e+02
-2.004e+02
-2.004e+02
-2.004e+02
-2.004e+02
-2.004e+02
-2.004e+02
-2.004e+02
-2.004e+02
-2.004e+02
-2.004e+02
-2.004e+02
-2.004e+02
-2.004e+02
-2.003e+02
-2.005e+02
-2.004e+02
-2.004e+02
-2.004e+02
-2.004e+02
-2.004e+02
-2.004e+02
-2.004e+02
-2.004e+02
-2.004e+02
-2.004e+02
-2.004e+02
-2.004e+02
-2.004e+02
-2.004e+02
-2.004e+02
-2.004e+02
-2.004e+02
-2.004e+02
-2.004e+02
-2.003e+02
-2.005e+02
-2.004e+02
-2.004e+02
-2.004e+02
-2.004e+02
-2.004e+02
-2.004e+02
-2.004e+02
-2.004e+02
-2.004e+02
-2.004e+02
-2.004e+02
-2.004e+02
-2.004e+02
-2.004e+02
-2.004e+02
-2.004e+02
-2.004e+02
-2.004e+02
-2.004e+02
-2.003e+02
-2.005e+02
-2.004e+02
-2.004e+02
-2.004e+02
-2.004e+02
-2.004e+02
-2.004e+02
-2.004e+02
-2.004e+02
-2.004e+02
-2.004e+02
-2.004e+02
-2.004e+02
-2.004e+02
-2.004e+02
-2.004e+02
-2.004e+02
-2.004e+02
-2.004e+02
-2.004e+02
-2.003e+02
-2.005e+02
-2.004e+02
-2.004e+02
-2.004e+02
-2.004e+02
-2.004e+02
-2.004e+02
-2.004e+02
-2.004e+02
-2.004e+02
-2.004e+02
-2.004e+02
-2.004e+02
-2.004e+02
-2.004e+02
-2.004e+02
-2.004e+02
-2.004e+02
-2.004e+02
-2.004e+02
-2.003e+02
-2.004e+02
-2.003e+02
-2.003e+02
-2.003e+02
-2.003e+02
-2.003e+02
-2.003e+02
-2.003e+02
-2.003e+02
-2.003e+02
-2.003e+02
-2.003e+02
-2.003e+02
-2.003e+02
-2.003e+02
-2.003e+02
-2.003e+02
-2.003e+02
-2.003e+02
-2.003e+02
-2.002e+02
-1.356e+02
-9.725e+01
-9.724e+01
-9.724e+01
-9.724e+01
-9.724e+01
-9.724e+01
-9.724e+01
-9.724e+01
-9.724e+01
-9.724e+01
-9.724e+01
-9.724e+01
-9.724e+01
-9.724e+01
-9.724e+01
-9.724e+01
-9.724e+01
-9.724e+01
-9.714e+01
-4.816e+01
-9.725e+01
-4.817e+01
-4.817e+01
-4.817e+01
-4.817e+01
-4.817e+01
-4.817e+01
-4.817e+01
-4.817e+01
-4.817e+01
-4.817e+01
-4.817e+01
-4.817e+01
-4.817e+01
-4.817e+01
-4.817e+01
-4.817e+01
-4.817e+01
-4.817e+01
-4.816e+01
-2.804e+01
-9.724e+01
-4.817e+01
-4.827e+01
-4.827e+01
-4.827e+01
-4.827e+01
-4.827e+01
-4.827e+01
-4.827e+01
-4.827e+01
-4.827e+01
-4.827e+01
-4.827e+01
-4.827e+01
-4.827e+01
-4.827e+01
-4.827e+01
-4.827e+01
-4.827e+01
-4.816e+01
-2.809e+01
-9.724e+01
-4.817e+01
-4.827e+01
-4.827e+01
-4.827e+01
-4.827e+01
-4.827e+01
-4.827e+01
-4.827e+01
-4.827e+01
-4.827e+01
-4.827e+01
-4.827e+01
-4.827e+01
-4.827e+01
-4.827e+01
-4.827e+01
-4.827e+01
-4.827e+01
-4.816e+01
-2.809e+01
-9.724e+01
-4.817e+01
-4.827e+01
-4.827e+01
-4.827e+01
-4.827e+01
-4.827e+01
-4.827e+01
-4.827e+01
-4.827e+01
-4.827e+01
-4.827e+01
-4.827e+01
-4.827e+01
-4.827e+01
-4.827e+01
-4.827e+01
-4.827e+01
-4.827e+01
-4.816e+01
-2.809e+01
-9.724e+01
-4.817e+01
-4.827e+01
-4.827e+01
-4.827e+01
-4.827e+01
-4.827e+01
-4.827e+01
-4.827e+01
-4.827e+01
-4.827e+01
-4.827e+01
-4.827e+01
-4.827e+01
-4.827e+01
-4.827e+01
-4.827e+01
-4.827e+01
-4.827e+01
-4.816e+01
-2.809e+01
-9.724e+01
-4.817e+01
-4.827e+01
-4.827e+01
-4.827e+01
-4.827e+01
-4.827e+01
-4.827e+01
-4.827e+01
-4.827e+01
-4.827e+01
-4.827e+01
-4.827e+01
-4.827e+01
-4.827e+01
-4.827e+01
-4.827e+01
-4.827e+01
-4.827e+01
-4.816e+01
-2.809e+01
-9.724e+01
-4.817e+01
-4.827e+01
-4.827e+01
-4.827e+01
-4.827e+01
-4.827e+01
-4.827e+01
-4.827e+01
-4.827e+01
-4.827e+01
-4.827e+01
-4.827e+01
-4.827e+01
-4.827e+01
-4.827e+01
-4.827e+01
-4.827e+01
-4.827e+01
-4.816e+01
-2.809e+01
-9.724e+01
-4.817e+01
-4.827e+01
-4.827e+01
-4.827e+01
-4.827e+01
-4.827e+01
-4.827e+01
-4.827e+01
-4.827e+01
-4.827e+01
-4.827e+01
-4.827e+01
-4.827e+01
-4.827e+01
-4.827e+01
-4.827e+01
-4.827e+01
-4.827e+01
-4.816e+01
-2.809e+01
-9.758e+01
-4.831e+01
-4.831e+01
-4.831e+01
-4.831e+01
-4.831e+01
-4.831e+01
-4.831e+01
-4.831e+01
-4.831e+01
-4.831e+01
-4.831e+01
-4.831e+01
-4.831e+01
-4.831e+01
-4.831e+01
-4.831e+01
-4.831e+01
-4.831e+01
-4.831e+01
-2.805e+01
-1.241e+02
-9.035e+01
-9.097e+01
-9.103e+01
-9.103e+01
-9.103e+01
-9.103e+01
-9.103e+01
-9.103e+01
-9.103e+01
-9.103e+01
-9.103e+01
-9.103e+01
-9.103e+01
-9.103e+01
-9.103e+01
-9.103e+01
-9.103e+01
-9.103e+01
-9.094e+01
-6.332e+01
-1.123e+02
-7.457e+01
-7.460e+01
-7.466e+01
-7.466e+01
-7.466e+01
-7.466e+01
-7.466e+01
-7.466e+01
-7.466e+01
-7.466e+01
-7.466e+01
-7.466e+01
-7.466e+01
-7.466e+01
-7.466e+01
-7.466e+01
-7.466e+01
-7.466e+01
-7.455e+01
-4.879e+01
-1.130e+02
-7.547e+01
-7.581e+01
-7.584e+01
-7.583e+01
-7.583e+01
-7.583e+01
-7.583e+01
-7.583e+01
-7.583e+01
-7.583e+01
-7.583e+01
-7.583e+01
-7.583e+01
-7.583e+01
-7.583e+01
-7.583e+01
-7.583e+01
-7.583e+01
-7.569e+01
-4.968e+01
-1.129e+02
-7.543e+01
-7.577e+01
-7.574e+01
-7.572e+01
-7.572e+01
-7.572e+01
-7.572e+01
-7.572e+01
-7.572e+01
-7.572e+01
-7.572e+01
-7.572e+01
-7.572e+01
-7.572e+01
-7.572e+01
-7.572e+01
-7.572e+01
-7.572e+01
-7.563e+01
-4.965e+01
-1.129e+02
-7.544e+01
-7.577e+01
-7.572e+01
-7.572e+01
-7.572e+01
-7.572e+01
-7.572e+01
-7.572e+01
-7.572e+01
-7.572e+01
-7.572e+01
-7.572e+01
-7.572e+01
-7.572e+01
-7.572e+01
-7.572e+01
-7.572e+01
-7.572e+01
-7.565e+01
-4.965e+01
-1.129e+02
-7.544e+01
-7.577e+01
-7.572e+01
-7.572e+01
-7.574e+01
-7.574e+01
-7.574e+01
-7.574e+01
-7.574e+01
-7.574e+01
-7.574e+01
-7.574e+01
-7.574e+01
-7.574e+01
-7.574e+01
-7.574e+01
-7.574e+01
-7.574e+01
-7.567e+01
-4.965e+01
-1.129e+02
-7.544e+01
-7.577e+01
-7.572e+01
-7.572e+01
-7.574e+01
-7.574e+01
-7.574e+01
-7.574e+01
-7.574e+01
-7.574e+01
-7.574e+01
-7.574e+01
-7.574e+01
-7.574e+01
-7.574e+01
-7.574e+01
-7.574e+01
-7.574e+01
-7.567e+01
-4.965e+01
-1.129e+02
-7.544e+01
-7.577e+01
-7.572e+01
-7.572e+01
-7.574e+01
-7.574e+01
-7.574e+01
-7.574e+01
-7.574e+01
-7.574e+01
-7.574e+01
-7.574e+01
-7.574e+01
-7.574e+01
-7.574e+01
-7.574e+01
-7.574e+01
-7.574e+01
-7.567e+01
-4.965e+01
-1.129e+02
-7.544e+01
-7.577e+01
-7.572e+01
-7.572e+01
-7.574e+01
-7.574e+01
-7.574e+01
-7.574e+01
-7.574e+01
-7.574e+01
-7.574e+01
-7.574e+01
-7.574e+01
-7.574e+01
-7.574e+01
-7.574e+01
-7.574e+01
-7.574e+01
-7.567e+01
-4.965e+01
-1.128e+02
-7.529e+01
-7.565e+01
-7.565e+01
-7.565e+01
-7.567e+01
-7.567e+01
-7.567e+01
-7.567e+01
-7.567e+01
-7.567e+01
-7.567e+01
-7.567e+01
-7.567e+01
-7.567e+01
-7.567e+01
-7.567e+01
-7.567e+01
-7.567e+01
-7.556e+01
-4.964e+01
-7.491e+01
-4.917e+01
-4.964e+01
-4.965e+01
-4.965e+01
-4.965e+01
-4.965e+01
-4.965e+01
-4.965e+01
-4.965e+01
-4.965e+01
-4.965e+01
-4.965e+01
-4.965e+01
-4.965e+01
-4.965e+01
-4.965e+01
-4.965e+01
-4.965e+01
-4.964e+01
-4.122e+01
-2.299e+01
-2.279e+01
-2.279e+01
-2.279e+01
-2.279e+01
-2.279e+01
-2.279e+01
-2.279e+01
-2.279e+01
-2.279e+01
-2.279e+01
-2.279e+01
-2.279e+01
-2.279e+01
-2.279e+01
-2.279e+01
-2.279e+01
-2.279e+01
-2.279e+01
-2.282e+01
-2.243e+01
-2.279e+01
-2.243e+01
-2.242e+01
-2.242e+01
-2.242e+01
-2.242e+01
-2.242e+01
-2.242e+01
-2.242e+01
-2.242e+01
-2.242e+01
-2.242e+01
-2.242e+01
-2.242e+01
-2.242e+01
-2.242e+01
-2.242e+01
-2.242e+01
-2.242e+01
-2.242e+01
-2.213e+01
-2.279e+01
-2.242e+01
-2.237e+01
-2.237e+01
-2.237e+01
-2.237e+01
-2.237e+01
-2.237e+01
-2.237e+01
-2.237e+01
-2.237e+01
-2.237e+01
-2.237e+01
-2.237e+01
-2.237e+01
-2.237e+01
-2.237e+01
-2.237e+01
-2.237e+01
-2.237e+01
-2.208e+01
-2.279e+01
-2.242e+01
-2.237e+01
-2.237e+01
-2.237e+01
-2.237e+01
-2.237e+01
-2.237e+01
-2.237e+01
-2.237e+01
-2.237e+01
-2.237e+01
-2.237e+01
-2.237e+01
-2.237e+01
-2.237e+01
-2.237e+01
-2.237e+01
-2.237e+01
-2.237e+01
-2.208e+01
-2.279e+01
-2.242e+01
-2.237e+01
-2.237e+01
-2.237e+01
-2.237e+01
-2.237e+01
-2.237e+01
-2.237e+01
-2.237e+01
-2.237e+01
-2.237e+01
-2.237e+01
-2.237e+01
-2.237e+01
-2.237e+01
-2.237e+01
-2.237e+01
-2.237e+01
-2.237e+01
-2.208e+01
-2.279e+01
-2.242e+01
-2.237e+01
-2.237e+01
-2.237e+01
-2.237e+01
-2.237e+01
-2.237e+01
-2.237e+01
-2.237e+01
-2.237e+01
-2.237e+01
-2.237e+01
-2.237e+01
-2.237e+01
-2.237e+01
-2.237e+01
-2.237e+01
-2.237e+01
-2.237e+01
-2.208e+01
-2.279e+01
-2.242e+01
-2.237e+01
-2.237e+01
-2.237e+01
-2.237e+01
-2.237e+01
-2.237e+01
-2.237e+01
-2.237e+01
-2.237e+01
-2.237e+01
-2.237e+01
-2.237e+01
-2.237e+01
-2.237e+01
-2.237e+01
-2.237e+01
-2.237e+01
-2.237e+01
-2.208e+01
-2.279e+01
-2.242e+01
-2.237e+01
-2.237e+01
-2.237e+01
-2.237e+01
-2.237e+01
-2.237e+01
-2.237e+01
-2.237e+01
-2.237e+01
-2.237e+01
-2.237e+01
-2.237e+01
-2.237e+01
-2.237e+01
-2.237e+01
-2.237e+01
-2.237e+01
-2.237e+01
-2.208e+01
-2.279e+01
-2.242e+01
-2.237e+01
-2.237e+01
-2.237e+01
-2.237e+01
-2.237e+01
-2.237e+01
-2.237e+01
-2.237e+01
-2.237e+01
-2.237e+01
-2.237e+01
-2.237e+01
-2.237e+01
-2.237e+01
-2.237e+01
-2.237e+01
-2.237e+01
-2.237e+01
-2.208e+01
-2.251e+01
-2.176e+01
-2.173e+01
-2.173e+01
-2.173e+01
-2.173e+01
-2.173e+01
-2.173e+01
-2.173e+01
-2.173e+01
-2.173e+01
-2.173e+01
-2.173e+01
-2.173e+01
-2.173e+01
-2.173e+01
-2.173e+01
-2.173e+01
-2.173e+01
-2.176e+01
-2.156e+01
-3.099e+00
-3.033e+00
-3.040e+00
-3.040e+00
-3.040e+00
-3.040e+00
-3.040e+00
-3.040e+00
-3.040e+00
-3.040e+00
-3.040e+00
-3.040e+00
-3.040e+00
-3.040e+00
-3.040e+00
-3.040e+00
-3.040e+00
-3.040e+00
-3.040e+00
-3.040e+00
-2.979e+00
-3.174e+00
-3.131e+00
-3.135e+00
-3.134e+00
-3.134e+00
-3.134e+00
-3.134e+00
-3.134e+00
-3.134e+00
-3.134e+00
-3.134e+00
-3.134e+00
-3.134e+00
-3.134e+00
-3.134e+00
-3.134e+00
-3.134e+00
-3.134e+00
-3.134e+00
-3.134e+00
-3.074e+00
-3.166e+00
-3.123e+00
-3.129e+00
-3.128e+00
-3.128e+00
-3.128e+00
-3.128e+00
-3.128e+00
-3.128e+00
-3.128e+00
-3.128e+00
-3.128e+00
-3.128e+00
-3.128e+00
-3.128e+00
-3.128e+00
-3.128e+00
-3.128e+00
-3.128e+00
-3.126e+00
-3.067e+00
-3.167e+00
-3.124e+00
-3.129e+00
-3.127e+00
-3.127e+00
-3.127e+00
-3.127e+00
-3.127e+00
-3.127e+00
-3.127e+00
-3.127e+00
-3.127e+00
-3.127e+00
-3.127e+00
-3.127e+00
-3.127e+00
-3.127e+00
-3.127e+00
-3.127e+00
-3.127e+00
-3.067e+00
-3.167e+00
-3.124e+00
-3.129e+00
-3.127e+00
-3.128e+00
-3.128e+00
-3.128e+00
-3.128e+00
-3.128e+00
-3.128e+00
-3.128e+00
-3.128e+00
-3.128e+00
-3.128e+00
-3.128e+00
-3.128e+00
-3.128e+00
-3.128e+00
-3.128e+00
-3.128e+00
-3.067e+00
-3.167e+00
-3.124e+00
-3.129e+00
-3.127e+00
-3.128e+00
-3.128e+00
-3.128e+00
-3.128e+00
-3.128e+00
-3.128e+00
-3.128e+00
-3.128e+00
-3.128e+00
-3.128e+00
-3.128e+00
-3.128e+00
-3.128e+00
-3.128e+00
-3.128e+00
-3.128e+00
-3.067e+00
-3.167e+00
-3.124e+00
-3.129e+00
-3.127e+00
-3.128e+00
-3.128e+00
-3.128e+00
-3.128e+00
-3.128e+00
-3.128e+00
-3.128e+00
-3.128e+00
-3.128e+00
-3.128e+00
-3.128e+00
-3.128e+00
-3.128e+00
-3.128e+00
-3.128e+00
-3.128e+00
-3.067e+00
-3.167e+00
-3.124e+00
-3.129e+00
-3.127e+00
-3.128e+00
-3.128e+00
-3.128e+00
-3.128e+00
-3.128e+00
-3.128e+00
-3.128e+00
-3.128e+00
-3.128e+00
-3.128e+00
-3.128e+00
-3.128e+00
-3.128e+00
-3.128e+00
-3.128e+00
-3.128e+00
-3.067e+00
-3.167e+00
-3.124e+00
-3.129e+00
-3.127e+00
-3.128e+00
-3.128e+00
-3.128e+00
-3.128e+00
-3.128e+00
-3.128e+00
-3.128e+00
-3.128e+00
-3.128e+00
-3.128e+00
-3.128e+00
-3.128e+00
-3.128e+00
-3.128e+00
-3.128e+00
-3.129e+00
-3.067e+00
-3.168e+00
-3.123e+00
-3.129e+00
-3.126e+00
-3.128e+00
-3.128e+00
-3.128e+00
-3.128e+00
-3.128e+00
-3.128e+00
-3.128e+00
-3.128e+00
-3.128e+00
-3.128e+00
-3.128e+00
-3.128e+00
-3.128e+00
-3.128e+00
-3.129e+00
-3.127e+00
-3.067e+00
-3.120e+00
-3.063e+00
-3.068e+00
-3.067e+00
-3.067e+00
-3.067e+00
-3.067e+00
-3.067e+00
-3.067e+00
-3.067e+00
-3.067e+00
-3.067e+00
-3.067e+00
-3.067e+00
-3.067e+00
-3.067e+00
-3.067e+00
-3.067e+00
-3.067e+00
-3.067e+00
-3.042e+00
-3.309e+01
-2.180e+01
-2.180e+01
-2.180e+01
-2.180e+01
-2.180e+01
-2.180e+01
-2.180e+01
-2.180e+01
-2.180e+01
-2.180e+01
-2.180e+01
-2.180e+01
-2.180e+01
-2.180e+01
-2.180e+01
-2.180e+01
-2.180e+01
-2.180e+01
-2.178e+01
-1.250e+01
-2.180e+01
-1.251e+01
-1.251e+01
-1.251e+01
-1.251e+01
-1.251e+01
-1.251e+01
-1.251e+01
-1.251e+01
-1.251e+01
-1.251e+01
-1.251e+01
-1.251e+01
-1.251e+01
-1.251e+01
-1.251e+01
-1.251e+01
-1.251e+01
-1.251e+01
-1.251e+01
-8.809e+00
-2.180e+01
-1.251e+01
-1.253e+01
-1.253e+01
-1.253e+01
-1.253e+01
-1.253e+01
-1.253e+01
-1.253e+01
-1.253e+01
-1.253e+01
-1.253e+01
-1.253e+01
-1.253e+01
-1.253e+01
-1.253e+01
-1.253e+01
-1.253e+01
-1.253e+01
-1.251e+01
-8.819e+00
-2.180e+01
-1.251e+01
-1.253e+01
-1.253e+01
-1.253e+01
-1.253e+01
-1.253e+01
-1.253e+01
-1.253e+01
-1.253e+01
-1.253e+01
-1.253e+01
-1.253e+01
-1.253e+01
-1.253e+01
-1.253e+01
-1.253e+01
-1.253e+01
-1.253e+01
-1.251e+01
-8.819e+00
-2.180e+01
-1.251e+01
-1.253e+01
-1.253e+01
-1.253e+01
-1.253e+01
-1.253e+01
-1.253e+01
-1.253e+01
-1.253e+01
-1.253e+01
-1.253e+01
-1.253e+01
-1.253e+01
-1.253e+01
-1.253e+01
-1.253e+01
-1.253e+01
-1.253e+01
-1.251e+01
-8.819e+00
-2.180e+01
-1.251e+01
-1.253e+01
-1.253e+01
-1.253e+01
-1.253e+01
-1.253e+01
-1.253e+01
-1.253e+01
-1.253e+01
-1.253e+01
-1.253e+01
-1.253e+01
-1.253e+01
-1.253e+01
-1.253e+01
-1.253e+01
-1.253e+01
-1.253e+01
-1.251e+01
-8.819e+00
-2.180e+01
-1.251e+01
-1.253e+01
-1.253e+01
-1.253e+01
-1.253e+01
-1.253e+01
-1.253e+01
-1.253e+01
-1.253e+01
-1.253e+01
-1.253e+01
-1.253e+01
-1.253e+01
-1.253e+01
-1.253e+01
-1.253e+01
-1.253e+01
-1.253e+01
-1.251e+01
-8.819e+00
-2.180e+01
-1.251e+01
-1.253e+01
-1.253e+01
-1.253e+01
-1.253e+01
-1.253e+01
-1.253e+01
-1.253e+01
-1.253e+01
-1.253e+01
-1.253e+01
-1.253e+01
-1.253e+01
-1.253e+01
-1.253e+01
-1.253e+01
-1.253e+01
-1.253e+01
-1.251e+01
-8.819e+00
-2.180e+01
-1.251e+01
-1.253e+01
-1.253e+01
-1.253e+01
-1.253e+01
-1.253e+01
-1.253e+01
-1.253e+01
-1.253e+01
-1.253e+01
-1.253e+01
-1.253e+01
-1.253e+01
-1.253e+01
-1.253e+01
-1.253e+01
-1.253e+01
-1.253e+01
-1.251e+01
-8.819e+00
-2.077e+01
-1.248e+01
-1.248e+01
-1.248e+01
-1.248e+01
-1.248e+01
-1.248e+01
-1.248e+01
-1.248e+01
-1.248e+01
-1.248e+01
-1.248e+01
-1.248e+01
-1.248e+01
-1.248e+01
-1.248e+01
-1.248e+01
-1.248e+01
-1.248e+01
-1.248e+01
-8.844e+00
-1.960e+00
-1.897e+00
-1.897e+00
-1.897e+00
-1.897e+00
-1.897e+00
-1.897e+00
-1.897e+00
-1.897e+00
-1.897e+00
-1.897e+00
-1.897e+00
-1.897e+00
-1.897e+00
-1.897e+00
-1.897e+00
-1.897e+00
-1.897e+00
-1.897e+00
-1.897e+00
-1.865e+00
-1.958e+00
-1.897e+00
-1.897e+00
-1.897e+00
-1.897e+00
-1.897e+00
-1.897e+00
-1.897e+00
-1.897e+00
-1.897e+00
-1.897e+00
-1.897e+00
-1.897e+00
-1.897e+00
-1.897e+00
-1.897e+00
-1.897e+00
-1.897e+00
-1.897e+00
-1.897e+00
-1.866e+00
-1.958e+00
-1.897e+00
-1.897e+00
-1.897e+00
-1.897e+00
-1.897e+00
-1.897e+00
-1.897e+00
-1.897e+00
-1.897e+00
-1.897e+00
-1.897e+00
-1.897e+00
-1.897e+00
-1.897e+00
-1.897e+00
-1.897e+00
-1.897e+00
-1.897e+00
-1.897e+00
-1.866e+00
-1.958e+00
-1.897e+00
-1.897e+00
-1.897e+00
-1.897e+00
-1.897e+00
-1.897e+00
-1.897e+00
-1.897e+00
-1.897e+00
-1.897e+00
-1.897e+00
-1.897e+00
-1.897e+00
-1.897e+00
-1.897e+00
-1.897e+00
-1.897e+00
-1.897e+00
-1.897e+00
-1.866e+00
-1.958e+00
-1.897e+00
-1.897e+00
-1.897e+00
-1.897e+00
-1.897e+00
-1.897e+00
-1.897e+00
-1.897e+00
-1.897e+00
-1.897e+00
-1.897e+00
-1.897e+00
-1.897e+00
-1.897e+00
-1.897e+00
-1.897e+00
-1.897e+00
-1.897e+00
-1.897e+00
-1.866e+00
-1.958e+00
-1.897e+00
-1.897e+00
-1.897e+00
-1.897e+00
-1.897e+00
-1.897e+00
-1.897e+00
-1.897e+00
-1.897e+00
-1.897e+00
-1.897e+00
-1.897e+00
-1.897e+00
-1.897e+00
-1.897e+00
-1.897e+00
-1.897e+00
-1.897e+00
-1.897e+00
-1.866e+00
-1.958e+00
-1.897e+00
-1.897e+00
-1.897e+00
-1.897e+00
-1.897e+00
-1.897e+00
-1.897e+00
-1.897e+00
-1.897e+00
-1.897e+00
-1.897e+00
-1.897e+00
-1.897e+00
-1.897e+00
-1.897e+00
-1.897e+00
-1.897e+00
-1.897e+00
-1.897e+00
-1.866e+00
-1.958e+00
-1.897e+00
-1.897e+00
-1.897e+00
-1.897e+00
-1.897e+00
-1.897e+00
-1.897e+00
-1.897e+00
-1.897e+00
-1.897e+00
-1.897e+00
-1.897e+00
-1.897e+00
-1.897e+00
-1.897e+00
-1.897e+00
-1.897e+00
-1.897e+00
-1.897e+00
-1.866e+00
-1.958e+00
-1.897e+00
-1.897e+00
-1.897e+00
-1.897e+00
-1.897e+00
-1.897e+00
-1.897e+00
-1.897e+00
-1.897e+00
-1.897e+00
-1.897e+00
-1.897e+00
-1.897e+00
-1.897e+00
-1.897e+00
-1.897e+00
-1.897e+00
-1.897e+00
-1.897e+00
-1.866e+00
-1.958e+00
-1.897e+00
-1.897e+00
-1.897e+00
-1.897e+00
-1.897e+00
-1.897e+00
-1.897e+00
-1.897e+00
-1.897e+00
-1.897e+00
-1.897e+00
-1.897e+00
-1.897e+00
-1.897e+00
-1.897e+00
-1.897e+00
-1.897e+00
-1.897e+00
-1.897e+00
-1.866e+00
-1.897e+00
-1.866e+00
-1.866e+00
-1.866e+00
-1.866e+00
-1.866e+00
-1.866e+00
-1.866e+00
-1.866e+00
-1.866e+00
-1.866e+00
-1.866e+00
-1.866e+00
-1.866e+00
-1.866e+00
-1.866e+00
-1.866e+00
-1.866e+00
-1.866e+00
-1.866e+00
-1.858e+00
-4.883e+00
-4.878e+00
-4.878e+00
-4.878e+00
-4.878e+00
-4.878e+00
-4.878e+00
-4.878e+00
-4.878e+00
-4.878e+00
-4.878e+00
-4.878e+00
-4.878e+00
-4.878e+00
-4.878e+00
-4.878e+00
-4.878e+00
-4.878e+00
-4.878e+00
-4.881e+00
-4.860e+00
-4.878e+00
-4.860e+00
-4.860e+00
-4.860e+00
-4.860e+00
-4.860e+00
-4.860e+00
-4.860e+00
-4.860e+00
-4.860e+00
-4.860e+00
-4.860e+00
-4.860e+00
-4.860e+00
-4.860e+00
-4.860e+00
-4.860e+00
-4.860e+00
-4.860e+00
-4.860e+00
-4.839e+00
-4.878e+00
-4.860e+00
-4.860e+00
-4.860e+00
-4.860e+00
-4.860e+00
-4.860e+00
-4.860e+00
-4.860e+00
-4.860e+00
-4.860e+00
-4.860e+00
-4.860e+00
-4.860e+00
-4.860e+00
-4.860e+00
-4.860e+00
-4.860e+00
-4.860e+00
-4.860e+00
-4.839e+00
-4.878e+00
-4.860e+00
-4.860e+00
-4.860e+00
-4.860e+00
-4.860e+00
-4.860e+00
-4.860e+00
-4.860e+00
-4.860e+00
-4.860e+00
-4.860e+00
-4.860e+00
-4.860e+00
-4.860e+00
-4.860e+00
-4.860e+00
-4.860e+00
-4.860e+00
-4.860e+00
-4.839e+00
-4.878e+00
-4.860e+00
-4.860e+00
-4.860e+00
-4.860e+00
-4.860e+00
-4.860e+00
-4.860e+00
-4.860e+00
-4.860e+00
-4.860e+00
-4.860e+00
-4.860e+00
-4.860e+00
-4.860e+00
-4.860e+00
-4.860e+00
-4.860e+00
-4.860e+00
-4.860e+00
-4.839e+00
-4.878e+00
-4.860e+00
-4.860e+00
-4.860e+00
-4.860e+00
-4.860e+00
-4.860e+00
-4.860e+00
-4.860e+00
-4.860e+00
-4.860e+00
-4.860e+00
-4.860e+00
-4.860e+00
-4.860e+00
-4.860e+00
-4.860e+00
-4.860e+00
-4.860e+00
-4.860e+00
-4.839e+00
-4.878e+00
-4.860e+00
-4.860e+00
-4.860e+00
-4.860e+00
-4.860e+00
-4.860e+00
-4.860e+00
-4.860e+00
-4.860e+00
-4.860e+00
-4.860e+00
-4.860e+00
-4.860e+00
-4.860e+00
-4.860e+00
-4.860e+00
-4.860e+00
-4.860e+00
-4.860e+00
-4.839e+00
-4.878e+00
-4.860e+00
-4.860e+00
-4.860e+00
-4.860e+00
-4.860e+00
-4.860e+00
-4.860e+00
-4.860e+00
-4.860e+00
-4.860e+00
-4.860e+00
-4.860e+00
-4.860e+00
-4.860e+00
-4.860e+00
-4.860e+00
-4.860e+00
-4.860e+00
-4.860e+00
-4.839e+00
-4.878e+00
-4.860e+00
-4.860e+00
-4.860e+00
-4.860e+00
-4.860e+00
-4.860e+00
-4.860e+00
-4.860e+00
-4.860e+00
-4.860e+00
-4.860e+00
-4.860e+00
-4.860e+00
-4.860e+00
-4.860e+00
-4.860e+00
-4.860e+00
-4.860e+00
-4.860e+00
-4.839e+00
-4.923e+00
-4.863e+00
-4.863e+00
-4.863e+00
-4.863e+00
-4.863e+00
-4.863e+00
-4.863e+00
-4.863e+00
-4.863e+00
-4.863e+00
-4.863e+00
-4.863e+00
-4.863e+00
-4.863e+00
-4.863e+00
-4.863e+00
-4.863e+00
-4.863e+00
-4.863e+00
-4.832e+00
-1.637e+00
-1.637e+00
-1.637e+00
-1.637e+00
-1.637e+00
-1.637e+00
-1.637e+00
-1.637e+00
-1.637e+00
-1.637e+00
-1.637e+00
-1.637e+00
-1.637e+00
-1.637e+00
-1.637e+00
-1.637e+00
-1.637e+00
-1.637e+00
-1.637e+00
-1.637e+00
-1.637e+00
-1.636e+00
-1.636e+00
-1.636e+00
-1.636e+00
-1.636e+00
-1.636e+00
-1.636e+00
-1.636e+00
-1.636e+00
-1.636e+00
-1.636e+00
-1.636e+00
-1.636e+00
-1.636e+00
-1.636e+00
-1.636e+00
-1.636e+00
-1.636e+00
-1.636e+00
-1.636e+00
-1.636e+00
-1.636e+00
-1.636e+00
-1.636e+00
-1.636e+00
-1.636e+00
-1.636e+00
-1.636e+00
-1.636e+00
-1.636e+00
-1.636e+00
-1.636e+00
-1.636e+00
-1.636e+00
-1.636e+00
-1.636e+00
-1.636e+00
-1.636e+00
-1.636e+00
-1.636e+00
-1.636e+00
-1.636e+00
-1.636e+00
-1.636e+00
-1.636e+00
-1.636e+00
-1.636e+00
-1.636e+00
-1.636e+00
-1.636e+00
-1.636e+00
-1.636e+00
-1.636e+00
-1.636e+00
-1.636e+00
-1.636e+00
-1.636e+00
-1.636e+00
-1.636e+00
-1.636e+00
-1.636e+00
-1.636e+00
-1.636e+00
-1.636e+00
-1.636e+00
-1.636e+00
-1.636e+00
-1.636e+00
-1.636e+00
-1.636e+00
-1.636e+00
-1.636e+00
-1.636e+00
-1.636e+00
-1.636e+00
-1.636e+00
-1.636e+00
-1.636e+00
-1.636e+00
-1.636e+00
-1.636e+00
-1.636e+00
-1.636e+00
-1.636e+00
-1.636e+00
-1.636e+00
-1.636e+00
-1.636e+00
-1.636e+00
-1.636e+00
-1.636e+00
-1.636e+00
-1.636e+00
-1.636e+00
-1.636e+00
-1.636e+00
-1.636e+00
-1.636e+00
-1.636e+00
-1.636e+00
-1.636e+00
-1.636e+00
-1.636e+00
-1.636e+00
-1.636e+00
-1.636e+00
-1.636e+00
-1.636e+00
-1.636e+00
-1.636e+00
-1.636e+00
-1.636e+00
-1.636e+00
-1.636e+00
-1.636e+00
-1.636e+00
-1.636e+00
-1.636e+00
-1.636e+00
-1.636e+00
-1.636e+00
-1.636e+00
-1.636e+00
-1.636e+00
-1.636e+00
-1.636e+00
-1.636e+00
-1.636e+00
-1.636e+00
-1.636e+00
-1.636e+00
-1.636e+00
-1.636e+00
-1.636e+00
-1.636e+00
-1.636e+00
-1.636e+00
-1.636e+00
-1.636e+00
-1.636e+00
-1.636e+00
-1.636e+00
-1.636e+00
-1.636e+00
-1.636e+00
-1.636e+00
-1.636e+00
-1.636e+00
-1.636e+00
-1.636e+00
-1.636e+00
-1.636e+00
-1.636e+00
-1.636e+00
-1.636e+00
-1.636e+00
-1.636e+00
-1.636e+00
-1.636e+00
-1.636e+00
-1.636e+00
-1.636e+00
-1.636e+00
-1.636e+00
-1.636e+00
-1.636e+00
-1.636e+00
-1.636e+00
-1.636e+00
-1.636e+00
-1.636e+00
-1.636e+00
-1.636e+00
-1.636e+00
-1.636e+00
-1.636e+00
-1.636e+00
-1.636e+00
-1.636e+00
-1.636e+00
-1.636e+00
-1.636e+00
-1.636e+00
-1.636e+00
-1.636e+00
-1.636e+00
-1.636e+00
-1.636e+00
-1.636e+00
-1.636e+00
-1.636e+00
-1.636e+00
-1.636e+00
-1.636e+00
-1.636e+00
-1.636e+00
-1.636e+00
-1.636e+00
-1.636e+00
-1.636e+00
-1.636e+00
-1.636e+00
-1.636e+00
-1.636e+00
-1.636e+00
-1.636e+00
-1.636e+00
-1.636e+00
-1.636e+00
-1.636e+00
-3.141e+00
-2.967e+00
-2.965e+00
-2.965e+00
-2.965e+00
-2.965e+00
-2.965e+00
-2.965e+00
-2.965e+00
-2.965e+00
-2.965e+00
-2.965e+00
-2.965e+00
-2.965e+00
-2.965e+00
-2.965e+00
-2.965e+00
-2.965e+00
-2.965e+00
-2.965e+00
-2.710e+00
-2.967e+00
-2.710e+00
-2.710e+00
-2.710e+00
-2.710e+00
-2.710e+00
-2.710e+00
-2.710e+00
-2.710e+00
-2.710e+00
-2.710e+00
-2.710e+00
-2.710e+00
-2.710e+00
-2.710e+00
-2.710e+00
-2.710e+00
-2.710e+00
-2.710e+00
-2.710e+00
-2.528e+00
-2.965e+00
-2.710e+00
-2.710e+00
-2.710e+00
-2.710e+00
-2.710e+00
-2.710e+00
-2.710e+00
-2.710e+00
-2.710e+00
-2.710e+00
-2.710e+00
-2.710e+00
-2.710e+00
-2.710e+00
-2.710e+00
-2.710e+00
-2.710e+00
-2.710e+00
-2.710e+00
-2.528e+00
-2.965e+00
-2.710e+00
-2.710e+00
-2.710e+00
-2.710e+00
-2.710e+00
-2.710e+00
-2.710e+00
-2.710e+00
-2.710e+00
-2.710e+00
-2.710e+00
-2.710e+00
-2.710e+00
-2.710e+00
-2.710e+00
-2.710e+00
-2.710e+00
-2.710e+00
-2.710e+00
-2.528e+00
-2.965e+00
-2.710e+00
-2.710e+00
-2.710e+00
-2.710e+00
-2.710e+00
-2.710e+00
-2.710e+00
-2.710e+00
-2.710e+00
-2.710e+00
-2.710e+00
-2.710e+00
-2.710e+00
-2.710e+00
-2.710e+00
-2.710e+00
-2.710e+00
-2.710e+00
-2.710e+00
-2.528e+00
-2.965e+00
-2.710e+00
-2.710e+00
-2.710e+00
-2.710e+00
-2.710e+00
-2.710e+00
-2.710e+00
-2.710e+00
-2.710e+00
-2.710e+00
-2.710e+00
-2.710e+00
-2.710e+00
-2.710e+00
-2.710e+00
-2.710e+00
-2.710e+00
-2.710e+00
-2.710e+00
-2.528e+00
-2.965e+00
-2.710e+00
-2.710e+00
-2.710e+00
-2.710e+00
-2.710e+00
-2.710e+00
-2.710e+00
-2.710e+00
-2.710e+00
-2.710e+00
-2.710e+00
-2.710e+00
-2.710e+00
-2.710e+00
-2.710e+00
-2.710e+00
-2.710e+00
-2.710e+00
-2.710e+00
-2.528e+00
-2.965e+00
-2.710e+00
-2.710e+00
-2.710e+00
-2.710e+00
-2.710e+00
-2.710e+00
-2.710e+00
-2.710e+00
-2.710e+00
-2.710e+00
-2.710e+00
-2.710e+00
-2.710e+00
-2.710e+00
-2.710e+00
-2.710e+00
-2.710e+00
-2.710e+00
-2.710e+00
-2.528e+00
-2.965e+00
-2.710e+00
-2.710e+00
-2.710e+00
-2.710e+00
-2.710e+00
-2.710e+00
-2.710e+00
-2.710e+00
-2.710e+00
-2.710e+00
-2.710e+00
-2.710e+00
-2.710e+00
-2.710e+00
-2.710e+00
-2.710e+00
-2.710e+00
-2.710e+00
-2.710e+00
-2.528e+00
-2.965e+00
-2.710e+00
-2.710e+00
-2.710e+00
-2.710e+00
-2.710e+00
-2.710e+00
-2.710e+00
-2.710e+00
-2.710e+00
-2.710e+00
-2.710e+00
-2.710e+00
-2.710e+00
-2.710e+00
-2.710e+00
-2.710e+00
-2.710e+00
-2.710e+00
-2.710e+00
-2.527e+00
-1.468e+00
-1.467e+00
-1.467e+00
-1.467e+00
-1.467e+00
-1.467e+00
-1.467e+00
-1.467e+00
-1.467e+00
-1.467e+00
-1.467e+00
-1.467e+00
-1.467e+00
-1.467e+00
-1.467e+00
-1.467e+00
-1.467e+00
-1.467e+00
-1.467e+00
-1.467e+00
-1.468e+00
-1.466e+00
-1.467e+00
-1.467e+00
-1.467e+00
-1.467e+00
-1.467e+00
-1.467e+00
-1.467e+00
-1.467e+00
-1.467e+00
-1.467e+00
-1.467e+00
-1.467e+00
-1.467e+00
-1.467e+00
-1.467e+00
-1.467e+00
-1.467e+00
-1.467e+00
-1.467e+00
-1.467e+00
-1.466e+00
-1.467e+00
-1.467e+00
-1.467e+00
-1.467e+00
-1.467e+00
-1.467e+00
-1.467e+00
-1.467e+00
-1.467e+00
-1.467e+00
-1.467e+00
-1.467e+00
-1.467e+00
-1.467e+00
-1.467e+00
-1.467e+00
-1.467e+00
-1.467e+00
-1.467e+00
-1.467e+00
-1.466e+00
-1.467e+00
-1.467e+00
-1.467e+00
-1.467e+00
-1.467e+00
-1.467e+00
-1.467e+00
-1.467e+00
-1.467e+00
-1.467e+00
-1.467e+00
-1.467e+00
-1.467e+00
-1.467e+00
-1.467e+00
-1.467e+00
-1.467e+00
-1.467e+00
-1.467e+00
-1.467e+00
-1.466e+00
-1.467e+00
-1.467e+00
-1.467e+00
-1.467e+00
-1.467e+00
-1.467e+00
-1.467e+00
-1.467e+00
-1.467e+00
-1.467e+00
-1.467e+00
-1.467e+00
-1.467e+00
-1.467e+00
-1.467e+00
-1.467e+00
-1.467e+00
-1.467e+00
-1.467e+00
-1.467e+00
-1.466e+00
-1.467e+00
-1.467e+00
-1.467e+00
-1.467e+00
-1.467e+00
-1.467e+00
-1.467e+00
-1.467e+00
-1.467e+00
-1.467e+00
-1.467e+00
-1.467e+00
-1.467e+00
-1.467e+00
-1.467e+00
-1.467e+00
-1.467e+00
-1.467e+00
-1.467e+00
-1.467e+00
-1.466e+00
-1.467e+00
-1.467e+00
-1.467e+00
-1.467e+00
-1.467e+00
-1.467e+00
-1.467e+00
-1.467e+00
-1.467e+00
-1.467e+00
-1.467e+00
-1.467e+00
-1.467e+00
-1.467e+00
-1.467e+00
-1.467e+00
-1.467e+00
-1.467e+00
-1.467e+00
-1.467e+00
-1.466e+00
-1.467e+00
-1.467e+00
-1.467e+00
-1.467e+00
-1.467e+00
-1.467e+00
-1.467e+00
-1.467e+00
-1.467e+00
-1.467e+00
-1.467e+00
-1.467e+00
-1.467e+00
-1.467e+00
-1.467e+00
-1.467e+00
-1.467e+00
-1.467e+00
-1.467e+00
-1.467e+00
-1.466e+00
-1.467e+00
-1.467e+00
-1.467e+00
-1.467e+00
-1.467e+00
-1.467e+00
-1.467e+00
-1.467e+00
-1.467e+00
-1.467e+00
-1.467e+00
-1.467e+00
-1.467e+00
-1.467e+00
-1.467e+00
-1.467e+00
-1.467e+00
-1.467e+00
-1.467e+00
-1.467e+00
-1.466e+00
-1.467e+00
-1.467e+00
-1.467e+00
-1.467e+00
-1.467e+00
-1.467e+00
-1.467e+00
-1.467e+00
-1.467e+00
-1.467e+00
-1.467e+00
-1.467e+00
-1.467e+00
-1.467e+00
-1.467e+00
-1.467e+00
-1.467e+00
-1.467e+00
-1.467e+00
-1.467e+00
-1.467e+00
-1.467e+00
-1.467e+00
-1.467e+00
-1.467e+00
-1.467e+00
-1.467e+00
-1.467e+00
-1.467e+00
-1.467e+00
-1.467e+00
-1.467e+00
-1.467e+00
-1.467e+00
-1.467e+00
-1.467e+00
-1.467e+00
-1.467e+00
-1.467e+00
-1.467e+00
-1.465e+00
-1.322e+00
-1.322e+00
-1.322e+00
-1.322e+00
-1.322e+00
-1.322e+00
-1.322e+00
-1.322e+00
-1.322e+00
-1.322e+00
-1.322e+00
-1.322e+00
-1.322e+00
-1.322e+00
-1.322e+00
-1.322e+00
-1.322e+00
-1.322e+00
-1.322e+00
-1.322e+00
-1.322e+00
-1.322e+00
-1.322e+00
-1.322e+00
-1.322e+00
-1.322e+00
-1.322e+00
-1.322e+00
-1.322e+00
-1.322e+00
-1.322e+00
-1.322e+00
-1.322e+00
-1.322e+00
-1.322e+00
-1.322e+00
-1.322e+00
-1.322e+00
-1.322e+00
-1.322e+00
-1.322e+00
-1.322e+00
-1.322e+00
-1.322e+00
-1.322e+00
-1.322e+00
-1.322e+00
-1.322e+00
-1.322e+00
-1.322e+00
-1.322e+00
-1.322e+00
-1.322e+00
-1.322e+00
-1.322e+00
-1.322e+00
-1.322e+00
-1.322e+00
-1.322e+00
-1.322e+00
-1.322e+00
-1.322e+00
-1.322e+00
-1.322e+00
-1.322e+00
-1.322e+00
-1.322e+00
-1.322e+00
-1.322e+00
-1.322e+00
-1.322e+00
-1.322e+00
-1.322e+00
-1.322e+00
-1.322e+00
-1.322e+00
-1.322e+00
-1.322e+00
-1.322e+00
-1.322e+00
-1.322e+00
-1.322e+00
-1.322e+00
-1.322e+00
-1.322e+00
-1.322e+00
-1.322e+00
-1.322e+00
-1.322e+00
-1.322e+00
-1.322e+00
-1.322e+00
-1.322e+00
-1.322e+00
-1.322e+00
-1.322e+00
-1.322e+00
-1.322e+00
-1.322e+00
-1.322e+00
-1.322e+00
-1.322e+00
-1.322e+00
-1.322e+00
-1.322e+00
-1.322e+00
-1.322e+00
-1.322e+00
-1.322e+00
-1.322e+00
-1.322e+00
-1.322e+00
-1.322e+00
-1.322e+00
-1.322e+00
-1.322e+00
-1.322e+00
-1.322e+00
-1.322e+00
-1.322e+00
-1.322e+00
-1.322e+00
-1.322e+00
-1.322e+00
-1.322e+00
-1.322e+00
-1.322e+00
-1.322e+00
-1.322e+00
-1.322e+00
-1.322e+00
-1.322e+00
-1.322e+00
-1.322e+00
-1.322e+00
-1.322e+00
-1.322e+00
-1.322e+00
-1.322e+00
-1.322e+00
-1.322e+00
-1.322e+00
-1.322e+00
-1.322e+00
-1.322e+00
-1.322e+00
-1.322e+00
-1.322e+00
-1.322e+00
-1.322e+00
-1.322e+00
-1.322e+00
-1.322e+00
-1.322e+00
-1.322e+00
-1.322e+00
-1.322e+00
-1.322e+00
-1.322e+00
-1.322e+00
-1.322e+00
-1.322e+00
-1.322e+00
-1.322e+00
-1.322e+00
-1.322e+00
-1.322e+00
-1.322e+00
-1.322e+00
-1.322e+00
-1.322e+00
-1.322e+00
-1.322e+00
-1.322e+00
-1.322e+00
-1.322e+00
-1.322e+00
-1.322e+00
-1.322e+00
-1.322e+00
-1.322e+00
-1.322e+00
-1.322e+00
-1.322e+00
-1.322e+00
-1.322e+00
-1.322e+00
-1.322e+00
-1.322e+00
-1.322e+00
-1.322e+00
-1.322e+00
-1.322e+00
-1.322e+00
-1.322e+00
-1.322e+00
-1.322e+00
-1.322e+00
-1.322e+00
-1.322e+00
-1.322e+00
-1.322e+00
-1.322e+00
-1.322e+00
-1.322e+00
-1.322e+00
-1.322e+00
-1.322e+00
-1.322e+00
-1.322e+00
-1.160e+00
-1.160e+00
-1.160e+00
-1.160e+00
-1.160e+00
-1.160e+00
-1.160e+00
-1.160e+00
-1.160e+00
-1.160e+00
-1.160e+00
-1.160e+00
-1.160e+00
-1.160e+00
-1.160e+00
-1.160e+00
-1.160e+00
-1.160e+00
-1.160e+00
-1.160e+00
-1.160e+00
-1.160e+00
-1.160e+00
-1.160e+00
-1.160e+00
-1.160e+00
-1.160e+00
-1.160e+00
-1.160e+00
-1.160e+00
-1.160e+00
-1.160e+00
-1.160e+00
-1.160e+00
-1.160e+00
-1.160e+00
-1.160e+00
-1.160e+00
-1.160e+00
-1.160e+00
-1.160e+00
-1.160e+00
-1.160e+00
-1.160e+00
-1.160e+00
-1.160e+00
-1.160e+00
-1.160e+00
-1.160e+00
-1.160e+00
-1.160e+00
-1.160e+00
-1.160e+00
-1.160e+00
-1.160e+00
-1.160e+00
-1.160e+00
-1.160e+00
-1.160e+00
-1.160e+00
-1.160e+00
-1.160e+00
-1.160e+00
-1.160e+00
-1.160e+00
-1.160e+00
-1.160e+00
-1.160e+00
-1.160e+00
-1.160e+00
-1.160e+00
-1.160e+00
-1.160e+00
-1.160e+00
-1.160e+00
-1.160e+00
-1.160e+00
-1.160e+00
-1.160e+00
-1.160e+00
-1.160e+00
-1.160e+00
-1.160e+00
-1.160e+00
-1.160e+00
-1.160e+00
-1.160e+00
-1.160e+00
-1.160e+00
-1.160e+00
-1.160e+00
-1.160e+00
-1.160e+00
-1.160e+00
-1.160e+00
-1.160e+00
-1.160e+00
-1.160e+00
-1.160e+00
-1.160e+00
-1.160e+00
-1.160e+00
-1.160e+00
-1.160e+00
-1.160e+00
-1.160e+00
-1.160e+00
-1.160e+00
-1.160e+00
-1.160e+00
-1.160e+00
-1.160e+00
-1.160e+00
-1.160e+00
-1.160e+00
-1.160e+00
-1.160e+00
-1.160e+00
-1.160e+00
-1.160e+00
-1.160e+00
-1.160e+00
-1.160e+00
-1.160e+00
-1.160e+00
-1.160e+00
-1.160e+00
-1.160e+00
-1.160e+00
-1.160e+00
-1.160e+00
-1.160e+00
-1.160e+00
-1.160e+00
-1.160e+00
-1.160e+00
-1.160e+00
-1.160e+00
-1.160e+00
-1.160e+00
-1.160e+00
-1.160e+00
-1.160e+00
-1.160e+00
-1.160e+00
-1.160e+00
-1.160e+00
-1.160e+00
-1.160e+00
-1.160e+00
-1.160e+00
-1.160e+00
-1.160e+00
-1.160e+00
-1.160e+00
-1.160e+00
-1.160e+00
-1.160e+00
-1.160e+00
-1.160e+00
-1.160e+00
-1.160e+00
-1.160e+00
-1.160e+00
-1.160e+00
-1.160e+00
-1.160e+00
-1.160e+00
-1.160e+00
-1.160e+00
-1.160e+00
-1.160e+00
-1.160e+00
-1.160e+00
-1.160e+00
-1.160e+00
-1.160e+00
-1.160e+00
-1.160e+00
-1.160e+00
-1.160e+00
-1.160e+00
-1.160e+00
-1.160e+00
-1.160e+00
-1.160e+00
-1.160e+00
-1.160e+00
-1.160e+00
-1.160e+00
-1.160e+00
-1.160e+00
-1.160e+00
-1.160e+00
-1.160e+00
-1.160e+00
-1.160e+00
-1.160e+00
-1.160e+00
-1.160e+00
-1.160e+00
-1.160e+00
-1.160e+00
-1.160e+00
-1.160e+00
-1.160e+00
-1.160e+00
-1.160e+00
-1.160e+00
-1.160e+00
-1.160e+00
-1.160e+00
-1.160e+00
-1.160e+00
-1.160e+00
-1.160e+00
-1.160e+00
-1.160e+00
-1.160e+00
-1.160e+00
-1.160e+00
-1.160e+00
-1.160e+00
-1.160e+00
-1.160e+00
-1.160e+00
-1.160e+00
-1.160e+00
-1.160e+00
-1.160e+00
-1.160e+00
-8.632e-01
-8.627e-01
-8.627e-01
-8.627e-01
-8.627e-01
-8.627e-01
-8.627e-01
-8.627e-01
-8.627e-01
-8.627e-01
-8.627e-01
-8.627e-01
-8.627e-01
-8.627e-01
-8.627e-01
-8.627e-01
-8.627e-01
-8.627e-01
-8.627e-01
-8.627e-01
-8.626e-01
-8.627e-01
-8.625e-01
-8.625e-01
-8.625e-01
-8.625e-01
-8.625e-01
-8.625e-01
-8.625e-01
-8.625e-01
-8.625e-01
-8.625e-01
-8.625e-01
-8.625e-01
-8.625e-01
-8.625e-01
-8.625e-01
-8.625e-01
-8.625e-01
-8.625e-01
-8.625e-01
-8.624e-01
-8.627e-01
-8.625e-01
-8.624e-01
-8.624e-01
-8.624e-01
-8.624e-01
-8.624e-01
-8.624e-01
-8.624e-01
-8.624e-01
-8.624e-01
-8.624e-01
-8.624e-01
-8.624e-01
-8.624e-01
-8.624e-01
-8.624e-01
-8.624e-01
-8.624e-01
-8.625e-01
-8.624e-01
-8.627e-01
-8.625e-01
-8.624e-01
-8.624e-01
-8.624e-01
-8.624e-01
-8.624e-01
-8.624e-01
-8.624e-01
-8.624e-01
-8.624e-01
-8.624e-01
-8.624e-01
-8.624e-01
-8.624e-01
-8.624e-01
-8.624e-01
-8.624e-01
-8.624e-01
-8.625e-01
-8.624e-01
-8.627e-01
-8.625e-01
-8.624e-01
-8.624e-01
-8.624e-01
-8.624e-01
-8.624e-01
-8.624e-01
-8.624e-01
-8.624e-01
-8.624e-01
-8.624e-01
-8.624e-01
-8.624e-01
-8.624e-01
-8.624e-01
-8.624e-01
-8.624e-01
-8.624e-01
-8.625e-01
-8.624e-01
-8.627e-01
-8.625e-01
-8.624e-01
-8.624e-01
-8.624e-01
-8.624e-01
-8.624e-01
-8.624e-01
-8.624e-01
-8.624e-01
-8.624e-01
-8.624e-01
-8.624e-01
-8.624e-01
-8.624e-01
-8.624e-01
-8.624e-01
-8.624e-01
-8.624e-01
-8.625e-01
-8.624e-01
-8.627e-01
-8.625e-01
-8.624e-01
-8.624e-01
-8.624e-01
-8.624e-01
-8.624e-01
-8.624e-01
-8.624e-01
-8.624e-01
-8.624e-01
-8.624e-01
-8.624e-01
-8.624e-01
-8.624e-01
-8.624e-01
-8.624e-01
-8.624e-01
-8.624e-01
-8.625e-01
-8.624e-01
-8.627e-01
-8.625e-01
-8.624e-01
-8.624e-01
-8.624e-01
-8.624e-01
-8.624e-01
-8.624e-01
-8.624e-01
-8.624e-01
-8.624e-01
-8.624e-01
-8.624e-01
-8.624e-01
-8.624e-01
-8.624e-01
-8.624e-01
-8.624e-01
-8.624e-01
-8.625e-01
-8.624e-01
-8.627e-01
-8.625e-01
-8.625e-01
-8.625e-01
-8.625e-01
-8.625e-01
-8.625e-01
-8.625e-01
-8.625e-01
-8.625e-01
-8.625e-01
-8.625e-01
-8.625e-01
-8.625e-01
-8.625e-01
-8.625e-01
-8.625e-01
-8.625e-01
-8.625e-01
-8.625e-01
-8.624e-01
-8.627e-01
-8.625e-01
-8.625e-01
-8.625e-01
-8.625e-01
-8.625e-01
-8.625e-01
-8.625e-01
-8.625e-01
-8.625e-01
-8.625e-01
-8.625e-01
-8.625e-01
-8.625e-01
-8.625e-01
-8.625e-01
-8.625e-01
-8.625e-01
-8.625e-01
-8.625e-01
-8.625e-01
-8.600e-01
-8.600e-01
-8.600e-01
-8.600e-01
-8.600e-01
-8.600e-01
-8.600e-01
-8.600e-01
-8.600e-01
-8.600e-01
-8.600e-01
-8.600e-01
-8.600e-01
-8.600e-01
-8.600e-01
-8.600e-01
-8.600e-01
-8.600e-01
-8.600e-01
-8.600e-01
-8.600e-01
-8.600e-01
-8.600e-01
-8.600e-01
-8.600e-01
-8.600e-01
-8.600e-01
-8.600e-01
-8.600e-01
-8.600e-01
-8.600e-01
-8.600e-01
-8.600e-01
-8.600e-01
-8.600e-01
-8.600e-01
-8.600e-01
-8.600e-01
-8.600e-01
-8.600e-01
-8.600e-01
-8.600e-01
-8.600e-01
-8.600e-01
-8.600e-01
-8.600e-01
-8.600e-01
-8.600e-01
-8.600e-01
-8.600e-01
-8.600e-01
-8.600e-01
-8.600e-01
-8.600e-01
-8.600e-01
-8.600e-01
-8.600e-01
-8.600e-01
-8.600e-01
-8.600e-01
-8.600e-01
-8.600e-01
-8.600e-01
-8.600e-01
-8.600e-01
-8.600e-01
-8.600e-01
-8.600e-01
-8.600e-01
-8.600e-01
-8.600e-01
-8.600e-01
-8.600e-01
-8.600e-01
-8.600e-01
-8.600e-01
-8.600e-01
-8.600e-01
-8.600e-01
-8.600e-01
-8.600e-01
-8.600e-01
-8.600e-01
-8.600e-01
-8.600e-01
-8.600e-01
-8.600e-01
-8.600e-01
-8.600e-01
-8.600e-01
-8.600e-01
-8.600e-01
-8.600e-01
-8.600e-01
-8.600e-01
-8.600e-01
-8.600e-01
-8.600e-01
-8.600e-01
-8.600e-01
-8.600e-01
-8.600e-01
-8.600e-01
-8.600e-01
-8.600e-01
-8.600e-01
-8.600e-01
-8.600e-01
-8.600e-01
-8.600e-01
-8.600e-01
-8.600e-01
-8.600e-01
-8.600e-01
-8.600e-01
-8.600e-01
-8.600e-01
-8.600e-01
-8.600e-01
-8.600e-01
-8.600e-01
-8.600e-01
-8.600e-01
-8.600e-01
-8.600e-01
-8.600e-01
-8.600e-01
-8.600e-01
-8.600e-01
-8.600e-01
-8.600e-01
-8.600e-01
-8.600e-01
-8.600e-01
-8.600e-01
-8.600e-01
-8.600e-01
-8.600e-01
-8.600e-01
-8.600e-01
-8.600e-01
-8.600e-01
-8.600e-01
-8.600e-01
-8.600e-01
-8.600e-01
-8.600e-01
-8.600e-01
-8.600e-01
-8.600e-01
-8.600e-01
-8.600e-01
-8.600e-01
-8.600e-01
-8.600e-01
-8.600e-01
-8.600e-01
-8.600e-01
-8.600e-01
-8.600e-01
-8.600e-01
-8.600e-01
-8.600e-01
-8.600e-01
-8.600e-01
-8.600e-01
-8.600e-01
-8.600e-01
-8.600e-01
-8.600e-01
-8.600e-01
-8.600e-01
-8.600e-01
-8.600e-01
-8.600e-01
-8.600e-01
-8.600e-01
-8.600e-01
-8.600e-01
-8.600e-01
-8.600e-01
-8.600e-01
-8.600e-01
-8.600e-01
-8.600e-01
-8.600e-01
-8.600e-01
-8.600e-01
-8.600e-01
-8.600e-01
-8.600e-01
-8.600e-01
-8.600e-01
-8.600e-01
-8.600e-01
-8.600e-01
-8.600e-01
-8.600e-01
-8.600e-01
-8.600e-01
-8.600e-01
-8.600e-01
-8.600e-01
-8.600e-01
-8.600e-01
-8.600e-01
-8.600e-01
-8.600e-01
-8.600e-01
-8.600e-01
-8.600e-01
-8.600e-01
-8.600e-01
-8.600e-01
-8.600e-01
-8.600e-01
-8.600e-01
-8.600e-01
-8.600e-01
-8.600e-01
-8.600e-01
-8.600e-01
-8.600e-01
-8.600e-01
-8.600e-01
-8.600e-01
-8.600e-01
-8.600e-01
-8.600e-01
-8.600e-01
-8.600e-01
-2.600e-01
-2.600e-01
-2.600e-01
-2.600e-01
-2.600e-01
-2.600e-01
-2.600e-01
-2.600e-01
-2.600e-01
-2.600e-01
-2.600e-01
-2.600e-01
-2.600e-01
-2.600e-01
-2.600e-01
-2.600e-01
-2.600e-01
-2.600e-01
-2.600e-01
-2.600e-01
-2.600e-01
-2.600e-01
-2.600e-01
-2.600e-01
-2.600e-01
-2.600e-01
-2.600e-01
-2.600e-01
-2.600e-01
-2.600e-01
-2.600e-01
-2.600e-01
-2.600e-01
-2.600e-01
-2.600e-01
-2.600e-01
-2.600e-01
-2.600e-01
-2.600e-01
-2.600e-01
-2.600e-01
-2.600e-01
-2.600e-01
-2.600e-01
-2.600e-01
-2.600e-01
-2.600e-01
-2.600e-01
-2.600e-01
-2.600e-01
-2.600e-01
-2.600e-01
-2.600e-01
-2.600e-01
-2.600e-01
-2.600e-01
-2.600e-01
-2.600e-01
-2.600e-01
-2.600e-01
-2.600e-01
-2.600e-01
-2.600e-01
-2.600e-01
-2.600e-01
-2.600e-01
-2.600e-01
-2.600e-01
-2.600e-01
-2.600e-01
-2.600e-01
-2.600e-01
-2.600e-01
-2.600e-01
-2.600e-01
-2.600e-01
-2.600e-01
-2.600e-01
-2.600e-01
-2.600e-01
-2.600e-01
-2.600e-01
-2.600e-01
-2.600e-01
-2.600e-01
-2.600e-01
-2.600e-01
-2.600e-01
-2.600e-01
-2.600e-01
-2.600e-01
-2.600e-01
-2.600e-01
-2.600e-01
-2.600e-01
-2.600e-01
-2.600e-01
-2.600e-01
-2.600e-01
-2.600e-01
-2.600e-01
-2.600e-01
-2.600e-01
-2.600e-01
-2.600e-01
-2.600e-01
-2.600e-01
-2.600e-01
-2.600e-01
-2.600e-01
-2.600e-01
-2.600e-01
-2.600e-01
-2.600e-01
-2.600e-01
-2.600e-01
-2.600e-01
-2.600e-01
-2.600e-01
-2.600e-01
-2.600e-01
-2.600e-01
-2.600e-01
-2.600e-01
-2.600e-01
-2.600e-01
-2.600e-01
-2.600e-01
-2.600e-01
-2.600e-01
-2.600e-01
-2.600e-01
-2.600e-01
-2.600e-01
-2.600e-01
-2.600e-01
-2.600e-01
-2.600e-01
-2.600e-01
-2.600e-01
-2.600e-01
-2.600e-01
-2.600e-01
-2.600e-01
-2.600e-01
-2.600e-01
-2.600e-01
-2.600e-01
-2.600e-01
-2.600e-01
-2.600e-01
-2.600e-01
-2.600e-01
-2.600e-01
-2.600e-01
-2.600e-01
-2.600e-01
-2.600e-01
-2.600e-01
-2.600e-01
-2.600e-01
-2.600e-01
-2.600e-01
-2.600e-01
-2.600e-01
-2.600e-01
-2.600e-01
-2.600e-01
-2.600e-01
-2.600e-01
-2.600e-01
-2.600e-01
-2.600e-01
-2.600e-01
-2.600e-01
-2.600e-01
-2.600e-01
-2.600e-01
-2.600e-01
-2.600e-01
-2.600e-01
-2.600e-01
-2.600e-01
-2.600e-01
-2.600e-01
-2.600e-01
-2.600e-01
-2.600e-01
-2.600e-01
-2.600e-01
-2.600e-01
-2.600e-01
-2.600e-01
-2.600e-01
-2.600e-01
-2.600e-01
-2.600e-01
-2.600e-01
-2.600e-01
-2.600e-01
-2.600e-01
-2.600e-01
-2.600e-01
-2.600e-01
-2.600e-01
-2.600e-01
-2.600e-01
-2.600e-01
-2.600e-01
-2.600e-01
-2.600e-01
-2.600e-01
-2.600e-01
-2.600e-01
-2.600e-01
-2.600e-01
-2.600e-01
-2.600e-01
-2.600e-01
-2.600e-01
-2.600e-01
-2.600e-01
-2.600e-01
-2.600e-01
-2.600e-01
-2.600e-01
-2.600e-01
-2.600e-01
-2.600e-01
-2.600e-01
-2.600e-01
-2.600e-01
-2.600e-01
-2.600e-01
-2.600e-01
-2.600e-01
-2.600e-01
-2.600e-01
-2.600e-01
-2.600e-01
-2.600e-01
-2.600e-01
-2.600e-01
-2.600e-01
-2.600e-01
-2.600e-01
-2.600e-01
-2.600e-01
-2.600e-01
-2.600e-01
-2.600e-01
-2.600e-01
-2.600e-01
-2.600e-01
-2.600e-01
-2.600e-01
-2.600e-01
-2.600e-01
-2.600e-01
-2.600e-01
-2.600e-01
-2.600e-01
-2.600e-01
-2.600e-01
-2.600e-01
-2.600e-01
-2.600e-01
-2.600e-01
-2.600e-01
-2.600e-01
-2.600e-01
-2.600e-01
-2.600e-01
-2.600e-01
-2.600e-01
-2.600e-01
-2.600e-01
-2.600e-01
-2.600e-01
-2.600e-01
-2.600e-01
-2.600e-01
-2.600e-01
-2.600e-01
-2.600e-01
-2.600e-01
-2.600e-01
-2.600e-01
-2.600e-01
-2.600e-01
-2.600e-01
-2.600e-01
-2.600e-01
-2.600e-01
-2.600e-01
-2.600e-01
-2.600e-01
-2.600e-01
-2.600e-01
-2.600e-01
-2.600e-01
-2.600e-01
-2.600e-01
-2.600e-01
-2.600e-01
-2.600e-01
-2.600e-01
-2.600e-01
-2.600e-01
-2.600e-01
-2.600e-01
-2.600e-01
-2.600e-01
-2.600e-01
-2.600e-01
-2.600e-01
-2.600e-01
-2.600e-01
-2.600e-01
-2.600e-01
-2.600e-01
-2.600e-01
-2.600e-01
-2.600e-01
-2.600e-01
-2.600e-01
-2.600e-01
-2.600e-01
-2.600e-01
-2.600e-01
-2.600e-01
-2.600e-01
-2.600e-01
-2.600e-01
-2.600e-01
-2.600e-01
-2.600e-01
-2.600e-01
-2.600e-01
-2.600e-01
-2.600e-01
-2.600e-01
-2.600e-01
-2.600e-01
-2.600e-01
-2.600e-01
-2.600e-01
-2.600e-01
-2.600e-01
-2.600e-01
-2.600e-01
-2.600e-01
-2.600e-01
-2.600e-01
-2.600e-01
-2.600e-01
-2.600e-01
-2.600e-01
-2.600e-01
-2.600e-01
-2.600e-01
-2.600e-01
-2.600e-01
-2.600e-01
-2.600e-01
-2.600e-01
-2.600e-01
-2.600e-01
-2.600e-01
-2.600e-01
-2.600e-01
-2.600e-01
-2.600e-01
-2.600e-01
-2.600e-01
-2.600e-01
-2.600e-01
-2.600e-01
-2.600e-01
-2.600e-01
-2.600e-01
-2.600e-01
-2.600e-01
-2.600e-01
-2.600e-01
-2.600e-01
-2.600e-01
-2.600e-01
-2.600e-01
-2.600e-01
-2.600e-01
-2.600e-01
-2.600e-01
-2.600e-01
-2.600e-01
-2.600e-01
-2.600e-01
-2.600e-01
-2.600e-01
-2.600e-01
-2.600e-01
-2.600e-01
-2.600e-01
-2.600e-01
-2.600e-01
-2.600e-01
-2.600e-01
-2.600e-01
-2.600e-01
-2.600e-01
-2.600e-01
-2.600e-01
-2.600e-01
-2.600e-01
-2.600e-01
-2.600e-01
-2.600e-01
-2.600e-01
-2.597e-01
-2.597e-01
-2.600e-01
-2.600e-01
-2.600e-01
-2.600e-01
-2.600e-01
-2.600e-01
-2.600e-01
-2.600e-01
-2.600e-01
-2.600e-01
-2.600e-01
-2.600e-01
-2.600e-01
-2.600e-01
-2.600e-01
-2.600e-01
-2.600e-01
-2.600e-01
-2.600e-01
-2.597e-01
-2.590e-01
3.400e-01
3.400e-01
3.400e-01
3.400e-01
3.400e-01
3.400e-01
3.400e-01
3.400e-01
3.400e-01
3.400e-01
3.400e-01
3.400e-01
3.400e-01
3.400e-01
3.400e-01
3.400e-01
3.400e-01
3.400e-01
3.400e-01
3.400e-01
3.400e-01
3.400e-01
3.400e-01
3.400e-01
3.400e-01
3.400e-01
3.400e-01
3.400e-01
3.400e-01
3.400e-01
3.400e-01
3.400e-01
3.400e-01
3.400e-01
3.400e-01
3.400e-01
3.400e-01
3.400e-01
3.400e-01
3.400e-01
3.400e-01
3.400e-01
3.400e-01
3.400e-01
3.400e-01
3.400e-01
3.400e-01
3.400e-01
3.400e-01
3.400e-01
3.400e-01
3.400e-01
3.400e-01
3.400e-01
3.400e-01
3.400e-01
3.400e-01
3.400e-01
3.400e-01
3.400e-01
3.400e-01
3.400e-01
3.400e-01
3.400e-01
3.400e-01
3.400e-01
3.400e-01
3.400e-01
3.400e-01
3.400e-01
3.400e-01
3.400e-01
3.400e-01
3.400e-01
3.400e-01
3.400e-01
3.400e-01
3.400e-01
3.400e-01
3.400e-01
3.400e-01
3.400e-01
3.400e-01
3.400e-01
3.400e-01
3.400e-01
3.400e-01
3.400e-01
3.400e-01
3.400e-01
3.400e-01
3.400e-01
3.400e-01
3.400e-01
3.400e-01
3.400e-01
3.400e-01
3.400e-01
3.400e-01
3.400e-01
3.400e-01
3.400e-01
3.400e-01
3.400e-01
3.400e-01
3.400e-01
3.400e-01
3.400e-01
3.400e-01
3.400e-01
3.400e-01
3.400e-01
3.400e-01
3.400e-01
3.400e-01
3.400e-01
3.400e-01
3.400e-01
3.400e-01
3.400e-01
3.400e-01
3.400e-01
3.400e-01
3.400e-01
3.400e-01
3.400e-01
3.400e-01
3.400e-01
3.400e-01
3.400e-01
3.400e-01
3.400e-01
3.400e-01
3.400e-01
3.400e-01
3.400e-01
3.400e-01
3.400e-01
3.400e-01
3.400e-01
3.400e-01
3.400e-01
3.400e-01
3.400e-01
3.400e-01
3.400e-01
3.400e-01
3.400e-01
3.400e-01
3.400e-01
3.400e-01
3.400e-01
3.400e-01
3.400e-01
3.400e-01
3.400e-01
3.400e-01
3.400e-01
3.400e-01
3.400e-01
3.400e-01
3.400e-01
3.400e-01
3.400e-01
3.400e-01
3.400e-01
3.400e-01
3.400e-01
3.400e-01
3.400e-01
3.400e-01
3.400e-01
3.400e-01
3.400e-01
3.400e-01
3.400e-01
3.400e-01
3.400e-01
3.400e-01
3.400e-01
3.400e-01
3.400e-01
3.400e-01
3.400e-01
3.400e-01
3.400e-01
3.400e-01
3.400e-01
3.400e-01
3.400e-01
3.400e-01
3.400e-01
3.400e-01
3.400e-01
3.400e-01
3.400e-01
3.400e-01
3.400e-01
3.400e-01
3.400e-01
3.400e-01
3.400e-01
3.400e-01
3.400e-01
3.400e-01
3.400e-01
3.400e-01
3.400e-01
3.400e-01
3.400e-01
3.400e-01
3.400e-01
3.400e-01
3.400e-01
3.400e-01
3.400e-01
3.400e-01
3.400e-01
3.400e-01
3.400e-01
3.400e-01
3.400e-01
3.400e-01
3.400e-01
3.400e-01
3.400e-01
3.400e-01
3.400e-01
3.400e-01
3.400e-01
3.400e-01
3.400e-01
3.400e-01
3.400e-01
3.400e-01
3.400e-01
3.400e-01
3.400e-01
3.400e-01
3.400e-01
3.400e-01
3.400e-01
3.400e-01
3.400e-01
3.400e-01
3.400e-01
3.400e-01
3.400e-01
3.400e-01
3.400e-01
3.400e-01
3.400e-01
3.400e-01
3.400e-01
3.400e-01
3.400e-01
3.400e-01
3.400e-01
3.400e-01
3.400e-01
3.400e-01
3.400e-01
3.400e-01
3.400e-01
3.400e-01
3.400e-01
3.400e-01
3.400e-01
3.400e-01
3.400e-01
3.400e-01
3.400e-01
3.400e-01
3.400e-01
3.400e-01
3.400e-01
3.400e-01
3.400e-01
3.400e-01
3.400e-01
3.400e-01
3.400e-01
3.400e-01
3.400e-01
3.400e-01
3.400e-01
3.400e-01
3.400e-01
3.400e-01
3.400e-01
3.400e-01
3.400e-01
3.400e-01
3.400e-01
3.400e-01
3.400e-01
3.400e-01
3.400e-01
3.400e-01
3.400e-01
3.400e-01
3.400e-01
3.400e-01
3.400e-01
3.400e-01
3.400e-01
3.400e-01
3.400e-01
3.400e-01
3.400e-01
3.400e-01
3.400e-01
3.400e-01
3.400e-01
3.400e-01
3.400e-01
3.400e-01
3.400e-01
3.400e-01
3.400e-01
3.400e-01
3.400e-01
3.400e-01
3.400e-01
3.400e-01
3.400e-01
3.400e-01
3.400e-01
3.400e-01
3.400e-01
3.400e-01
3.400e-01
3.400e-01
3.400e-01
3.400e-01
3.400e-01
3.400e-01
3.400e-01
3.400e-01
3.400e-01
3.400e-01
3.400e-01
3.400e-01
3.400e-01
3.400e-01
3.400e-01
3.400e-01
3.400e-01
3.400e-01
3.400e-01
3.400e-01
3.400e-01
3.400e-01
3.400e-01
3.400e-01
3.400e-01
3.400e-01
3.400e-01
3.400e-01
3.400e-01
3.400e-01
3.400e-01
3.400e-01
3.400e-01
3.400e-01
3.400e-01
3.400e-01
3.400e-01
3.400e-01
3.400e-01
3.400e-01
3.400e-01
3.400e-01
3.400e-01
3.400e-01
3.400e-01
3.400e-01
3.400e-01
3.400e-01
3.400e-01
3.400e-01
3.400e-01
3.400e-01
3.400e-01
3.400e-01
3.400e-01
3.400e-01
3.400e-01
3.400e-01
3.400e-01
3.400e-01
3.400e-01
3.400e-01
3.400e-01
3.400e-01
3.400e-01
3.400e-01
3.400e-01
3.400e-01
3.400e-01
3.400e-01
3.400e-01
3.400e-01
3.400e-01
3.400e-01
3.400e-01
3.400e-01
3.400e-01
3.400e-01
3.400e-01
3.400e-01
3.400e-01
3.400e-01
3.400e-01
3.400e-01
3.400e-01
3.400e-01
3.400e-01
3.403e-01
3.403e-01
3.400e-01
3.400e-01
3.400e-01
3.400e-01
3.400e-01
3.400e-01
3.400e-01
3.400e-01
3.400e-01
3.400e-01
3.400e-01
3.400e-01
3.400e-01
3.400e-01
3.400e-01
3.400e-01
3.400e-01
3.400e-01
3.400e-01
3.403e-01
3.410e-01
1.000e+00
1.000e+00
1.000e+00
1.000e+00
1.000e+00
1.000e+00
1.000e+00
1.000e+00
1.000e+00
1.000e+00
1.000e+00
1.000e+00
1.000e+00
1.000e+00
1.000e+00
1.000e+00
1.000e+00
1.000e+00
1.000e+00
1.000e+00
1.000e+00
1.000e+00
1.000e+00
1.000e+00
1.000e+00
1.000e+00
1.000e+00
1.000e+00
1.000e+00
1.000e+00
1.000e+00
1.000e+00
1.000e+00
1.000e+00
1.000e+00
1.000e+00
1.000e+00
1.000e+00
1.000e+00
1.000e+00
1.000e+00
1.000e+00
1.000e+00
1.000e+00
1.000e+00
1.000e+00
1.000e+00
1.000e+00
1.000e+00
1.000e+00
1.000e+00
1.000e+00
1.000e+00
1.000e+00
1.000e+00
1.000e+00
1.000e+00
1.000e+00
1.000e+00
1.000e+00
1.000e+00
1.000e+00
1.000e+00
1.000e+00
1.000e+00
1.000e+00
1.000e+00
1.000e+00
1.000e+00
1.000e+00
1.000e+00
1.000e+00
1.000e+00
1.000e+00
1.000e+00
1.000e+00
1.000e+00
1.000e+00
1.000e+00
1.000e+00
1.000e+00
1.000e+00
1.000e+00
1.000e+00
1.000e+00
1.000e+00
1.000e+00
1.000e+00
1.000e+00
1.000e+00
1.000e+00
1.000e+00
1.000e+00
1.000e+00
1.000e+00
1.000e+00
1.000e+00
1.000e+00
1.000e+00
1.000e+00
1.000e+00
1.000e+00
1.000e+00
1.000e+00
1.000e+00
1.000e+00
1.000e+00
1.000e+00
1.000e+00
1.000e+00
1.000e+00
1.000e+00
1.000e+00
1.000e+00
1.000e+00
1.000e+00
1.000e+00
1.000e+00
1.000e+00
1.000e+00
1.000e+00
1.000e+00
1.000e+00
1.000e+00
1.000e+00
1.000e+00
1.000e+00
1.000e+00
1.000e+00
1.000e+00
1.000e+00
1.000e+00
1.000e+00
1.000e+00
1.000e+00
1.000e+00
1.000e+00
1.000e+00
1.000e+00
1.000e+00
1.000e+00
1.000e+00
1.000e+00
1.000e+00
1.000e+00
1.000e+00
1.000e+00
1.000e+00
1.000e+00
1.000e+00
1.000e+00
1.000e+00
1.000e+00
1.000e+00
1.000e+00
1.000e+00
1.000e+00
1.000e+00
1.000e+00
1.000e+00
1.000e+00
1.000e+00
1.000e+00
1.000e+00
1.000e+00
1.000e+00
1.000e+00
1.000e+00
1.000e+00
1.000e+00
1.000e+00
1.000e+00
1.000e+00
1.000e+00
1.000e+00
1.000e+00
1.000e+00
1.000e+00
1.000e+00
1.000e+00
1.000e+00
1.000e+00
1.000e+00
1.000e+00
1.000e+00
1.000e+00
1.000e+00
1.000e+00
1.000e+00
1.000e+00
1.000e+00
1.000e+00
1.000e+00
1.000e+00
1.000e+00
1.000e+00
1.000e+00
1.000e+00
1.000e+00
1.000e+00
1.000e+00
1.000e+00
1.000e+00
1.000e+00
1.000e+00
1.000e+00
1.000e+00
1.000e+00
1.000e+00
1.000e+00
1.000e+00
1.000e+00
1.000e+00
1.000e+00
1.000e+00
1.000e+00
1.000e+00
1.000e+00
1.000e+00
1.000e+00
1.000e+00
1.000e+00
1.000e+00
1.000e+00
1.000e+00
1.000e+00
1.000e+00
1.000e+00
1.000e+00
1.000e+00
1.000e+00
1.000e+00
1.000e+00
1.000e+00
1.000e+00
1.000e+00
1.000e+00
1.000e+00
1.000e+00
1.000e+00
1.000e+00
1.000e+00
1.000e+00
1.000e+00
1.000e+00
1.000e+00
1.000e+00
1.000e+00
1.000e+00
1.000e+00
1.000e+00
1.000e+00
1.000e+00
1.000e+00
1.000e+00
1.000e+00
1.000e+00
1.000e+00
1.000e+00
1.000e+00
1.000e+00
1.000e+00
1.000e+00
1.000e+00
1.000e+00
1.000e+00
1.000e+00
1.000e+00
1.000e+00
1.000e+00
1.000e+00
1.000e+00
1.000e+00
1.000e+00
1.000e+00
1.000e+00
1.000e+00
1.000e+00
1.000e+00
1.000e+00
1.000e+00
1.000e+00
1.000e+00
1.000e+00
1.000e+00
1.000e+00
1.000e+00
1.000e+00
1.000e+00
1.000e+00
1.000e+00
1.000e+00
1.000e+00
1.000e+00
1.000e+00
1.000e+00
1.000e+00
1.000e+00
1.000e+00
1.000e+00
1.000e+00
1.000e+00
1.000e+00
1.000e+00
1.000e+00
1.000e+00
1.000e+00
1.000e+00
1.000e+00
1.000e+00
1.000e+00
1.000e+00
1.000e+00
1.000e+00
1.000e+00
1.000e+00
1.000e+00
1.000e+00
1.000e+00
1.000e+00
1.000e+00
1.000e+00
1.000e+00
1.000e+00
1.000e+00
1.000e+00
1.000e+00
1.000e+00
1.000e+00
1.000e+00
1.000e+00
1.000e+00
1.000e+00
1.000e+00
1.000e+00
1.000e+00
1.000e+00
1.000e+00
1.000e+00
1.000e+00
1.000e+00
1.000e+00
1.000e+00
1.000e+00
1.000e+00
1.000e+00
1.000e+00
1.000e+00
1.000e+00
1.000e+00
1.000e+00
1.000e+00
1.000e+00
1.000e+00
1.000e+00
1.000e+00
1.000e+00
1.000e+00
1.000e+00
1.000e+00
1.000e+00
1.000e+00
1.000e+00
1.000e+00
1.000e+00
1.000e+00
1.000e+00
1.000e+00
1.000e+00
1.000e+00
1.000e+00
1.000e+00
1.000e+00
1.000e+00
1.000e+00
1.000e+00
1.000e+00
1.000e+00
1.000e+00
1.000e+00
1.000e+00
1.000e+00
1.000e+00
1.000e+00
1.000e+00
1.000e+00
1.000e+00
1.000e+00
1.000e+00
1.000e+00
1.000e+00
1.000e+00
1.000e+00
1.000e+00
1.000e+00
1.000e+00
1.000e+00
1.000e+00
1.000e+00
1.000e+00
1.000e+00
1.000e+00
1.000e+00
1.000e+00
1.000e+00
1.000e+00
1.000e+00
1.000e+00
1.000e+00
1.000e+00
1.000e+00
1.000e+00
1.000e+00
1.000e+00
1.000e+00
1.000e+00
1.000e+00
1.000e+00
1.000e+00
1.000e+00
1.000e+00
1.000e+00
1.000e+00
1.000e+00
1.000e+00
1.000e+00
1.000e+00
1.000e+00
1.000e+00
1.000e+00
1.000e+00
1.000e+00
1.000e+00
1.000e+00
1.000e+00
1.000e+00
1.000e+00
1.000e+00
1.000e+00
1.000e+00
1.001e+00
