1	0	INDP	IPOND
-4.523e-01
-4.443e-01
-4.440e-01
-4.439e-01
-4.440e-01
-4.439e-01
-4.439e-01
-4.440e-01
-4.441e-01
-4.440e-01
-4.440e-01
-4.440e-01
-4.440e-01
-4.441e-01
-4.440e-01
-4.441e-01
-4.441e-01
-4.441e-01
-4.452e-01
-4.402e-01
-4.274e-01
-4.450e-01
-4.319e-01
-4.307e-01
-4.306e-01
-4.307e-01
-4.307e-01
-4.307e-01
-4.306e-01
-4.306e-01
-4.306e-01
-4.306e-01
-4.307e-01
-4.307e-01
-4.308e-01
-4.307e-01
-4.308e-01
-4.308e-01
-4.308e-01
-4.315e-01
-4.290e-01
-4.185e-01
-4.450e-01
-4.309e-01
-4.291e-01
-4.291e-01
-4.292e-01
-4.292e-01
-4.292e-01
-4.292e-01
-4.292e-01
-4.292e-01
-4.293e-01
-4.293e-01
-4.293e-01
-4.293e-01
-4.294e-01
-4.294e-01
-4.295e-01
-4.296e-01
-4.304e-01
-4.280e-01
-4.155e-01
-4.450e-01
-4.309e-01
-4.292e-01
-4.291e-01
-4.292e-01
-4.292e-01
-4.292e-01
-4.293e-01
-4.292e-01
-4.293e-01
-4.294e-01
-4.294e-01
-4.294e-01
-4.296e-01
-4.297e-01
-4.298e-01
-4.299e-01
-4.300e-01
-4.308e-01
-4.285e-01
-4.161e-01
-4.450e-01
-4.309e-01
-4.292e-01
-4.292e-01
-4.292e-01
-4.293e-01
-4.294e-01
-4.293e-01
-4.295e-01
-4.295e-01
-4.296e-01
-4.297e-01
-4.298e-01
-4.299e-01
-4.300e-01
-4.302e-01
-4.303e-01
-4.306e-01
-4.313e-01
-4.293e-01
-4.170e-01
-4.451e-01
-4.310e-01
-4.293e-01
-4.293e-01
-4.293e-01
-4.295e-01
-4.295e-01
-4.296e-01
-4.297e-01
-4.298e-01
-4.299e-01
-4.300e-01
-4.301e-01
-4.303e-01
-4.304e-01
-4.306e-01
-4.309e-01
-4.312e-01
-4.322e-01
-4.303e-01
-4.182e-01
-4.452e-01
-4.310e-01
-4.294e-01
-4.294e-01
-4.296e-01
-4.297e-01
-4.298e-01
-4.299e-01
-4.300e-01
-4.301e-01
-4.302e-01
-4.304e-01
-4.306e-01
-4.307e-01
-4.311e-01
-4.314e-01
-4.317e-01
-4.321e-01
-4.332e-01
-4.315e-01
-4.195e-01
-4.452e-01
-4.311e-01
-4.295e-01
-4.297e-01
-4.298e-01
-4.299e-01
-4.300e-01
-4.302e-01
-4.304e-01
-4.305e-01
-4.307e-01
-4.308e-01
-4.312e-01
-4.314e-01
-4.318e-01
-4.322e-01
-4.326e-01
-4.333e-01
-4.344e-01
-4.329e-01
-4.213e-01
-4.454e-01
-4.313e-01
-4.297e-01
-4.299e-01
-4.301e-01
-4.302e-01
-4.304e-01
-4.306e-01
-4.308e-01
-4.311e-01
-4.313e-01
-4.316e-01
-4.320e-01
-4.323e-01
-4.328e-01
-4.332e-01
-4.340e-01
-4.346e-01
-4.358e-01
-4.345e-01
-4.229e-01
-4.456e-01
-4.316e-01
-4.300e-01
-4.302e-01
-4.304e-01
-4.306e-01
-4.309e-01
-4.312e-01
-4.314e-01
-4.318e-01
-4.321e-01
-4.325e-01
-4.330e-01
-4.334e-01
-4.340e-01
-4.346e-01
-4.352e-01
-4.360e-01
-4.373e-01
-4.361e-01
-4.247e-01
-4.459e-01
-4.318e-01
-4.304e-01
-4.306e-01
-4.310e-01
-4.313e-01
-4.316e-01
-4.320e-01
-4.323e-01
-4.327e-01
-4.331e-01
-4.336e-01
-4.341e-01
-4.347e-01
-4.353e-01
-4.359e-01
-4.366e-01
-4.375e-01
-4.386e-01
-4.376e-01
-4.262e-01
-4.462e-01
-4.323e-01
-4.309e-01
-4.313e-01
-4.317e-01
-4.321e-01
-4.325e-01
-4.329e-01
-4.334e-01
-4.339e-01
-4.344e-01
-4.350e-01
-4.355e-01
-4.361e-01
-4.367e-01
-4.374e-01
-4.381e-01
-4.388e-01
-4.401e-01
-4.391e-01
-4.277e-01
-4.467e-01
-4.328e-01
-4.317e-01
-4.321e-01
-4.326e-01
-4.331e-01
-4.336e-01
-4.342e-01
-4.347e-01
-4.353e-01
-4.358e-01
-4.363e-01
-4.370e-01
-4.375e-01
-4.381e-01
-4.387e-01
-4.394e-01
-4.401e-01
-4.413e-01
-4.403e-01
-4.288e-01
-4.473e-01
-4.338e-01
-4.326e-01
-4.332e-01
-4.339e-01
-4.344e-01
-4.350e-01
-4.356e-01
-4.361e-01
-4.367e-01
-4.373e-01
-4.379e-01
-4.384e-01
-4.389e-01
-4.395e-01
-4.401e-01
-4.406e-01
-4.413e-01
-4.423e-01
-4.410e-01
-4.295e-01
-4.483e-01
-4.350e-01
-4.339e-01
-4.346e-01
-4.353e-01
-4.360e-01
-4.366e-01
-4.372e-01
-4.377e-01
-4.383e-01
-4.388e-01
-4.392e-01
-4.398e-01
-4.402e-01
-4.407e-01
-4.413e-01
-4.417e-01
-4.422e-01
-4.427e-01
-4.411e-01
-4.296e-01
-4.496e-01
-4.365e-01
-4.355e-01
-4.363e-01
-4.370e-01
-4.377e-01
-4.383e-01
-4.388e-01
-4.393e-01
-4.398e-01
-4.402e-01
-4.407e-01
-4.411e-01
-4.415e-01
-4.419e-01
-4.422e-01
-4.423e-01
-4.425e-01
-4.429e-01
-4.413e-01
-4.298e-01
-4.510e-01
-4.383e-01
-4.373e-01
-4.381e-01
-4.388e-01
-4.394e-01
-4.399e-01
-4.404e-01
-4.409e-01
-4.413e-01
-4.416e-01
-4.419e-01
-4.423e-01
-4.424e-01
-4.424e-01
-4.426e-01
-4.426e-01
-4.426e-01
-4.431e-01
-4.415e-01
-4.299e-01
-4.527e-01
-4.403e-01
-4.392e-01
-4.399e-01
-4.406e-01
-4.411e-01
-4.416e-01
-4.419e-01
-4.422e-01
-4.424e-01
-4.424e-01
-4.425e-01
-4.426e-01
-4.426e-01
-4.427e-01
-4.427e-01
-4.428e-01
-4.429e-01
-4.433e-01
-4.417e-01
-4.301e-01
-4.553e-01
-4.427e-01
-4.415e-01
-4.422e-01
-4.424e-01
-4.428e-01
-4.428e-01
-4.428e-01
-4.429e-01
-4.429e-01
-4.430e-01
-4.431e-01
-4.431e-01
-4.432e-01
-4.432e-01
-4.432e-01
-4.433e-01
-4.434e-01
-4.436e-01
-4.420e-01
-4.303e-01
-4.528e-01
-4.428e-01
-4.411e-01
-4.413e-01
-4.414e-01
-4.415e-01
-4.416e-01
-4.416e-01
-4.416e-01
-4.417e-01
-4.417e-01
-4.417e-01
-4.418e-01
-4.418e-01
-4.419e-01
-4.419e-01
-4.419e-01
-4.421e-01
-4.422e-01
-4.413e-01
-4.310e-01
-4.429e-01
-4.346e-01
-4.305e-01
-4.307e-01
-4.308e-01
-4.308e-01
-4.309e-01
-4.308e-01
-4.310e-01
-4.310e-01
-4.310e-01
-4.311e-01
-4.310e-01
-4.311e-01
-4.311e-01
-4.311e-01
-4.312e-01
-4.312e-01
-4.314e-01
-4.316e-01
-4.244e-01
-4.472e-01
-4.402e-01
-4.399e-01
-4.399e-01
-4.399e-01
-4.399e-01
-4.399e-01
-4.399e-01
-4.400e-01
-4.399e-01
-4.399e-01
-4.399e-01
-4.399e-01
-4.400e-01
-4.399e-01
-4.400e-01
-4.400e-01
-4.400e-01
-4.411e-01
-4.361e-01
-4.248e-01
-4.409e-01
-4.294e-01
-4.282e-01
-4.282e-01
-4.282e-01
-4.282e-01
-4.282e-01
-4.281e-01
-4.281e-01
-4.281e-01
-4.281e-01
-4.282e-01
-4.282e-01
-4.283e-01
-4.282e-01
-4.283e-01
-4.283e-01
-4.283e-01
-4.290e-01
-4.264e-01
-4.174e-01
-4.409e-01
-4.284e-01
-4.266e-01
-4.266e-01
-4.266e-01
-4.266e-01
-4.266e-01
-4.267e-01
-4.267e-01
-4.267e-01
-4.268e-01
-4.268e-01
-4.268e-01
-4.268e-01
-4.269e-01
-4.269e-01
-4.270e-01
-4.271e-01
-4.279e-01
-4.254e-01
-4.143e-01
-4.410e-01
-4.284e-01
-4.266e-01
-4.266e-01
-4.266e-01
-4.267e-01
-4.267e-01
-4.267e-01
-4.267e-01
-4.268e-01
-4.268e-01
-4.269e-01
-4.269e-01
-4.270e-01
-4.271e-01
-4.273e-01
-4.274e-01
-4.275e-01
-4.283e-01
-4.259e-01
-4.149e-01
-4.410e-01
-4.284e-01
-4.267e-01
-4.267e-01
-4.267e-01
-4.268e-01
-4.268e-01
-4.268e-01
-4.269e-01
-4.270e-01
-4.271e-01
-4.271e-01
-4.272e-01
-4.274e-01
-4.275e-01
-4.276e-01
-4.278e-01
-4.281e-01
-4.288e-01
-4.267e-01
-4.158e-01
-4.410e-01
-4.285e-01
-4.267e-01
-4.268e-01
-4.268e-01
-4.269e-01
-4.269e-01
-4.270e-01
-4.271e-01
-4.272e-01
-4.273e-01
-4.275e-01
-4.276e-01
-4.278e-01
-4.279e-01
-4.281e-01
-4.284e-01
-4.287e-01
-4.297e-01
-4.277e-01
-4.170e-01
-4.411e-01
-4.285e-01
-4.269e-01
-4.269e-01
-4.270e-01
-4.271e-01
-4.272e-01
-4.273e-01
-4.274e-01
-4.276e-01
-4.277e-01
-4.279e-01
-4.281e-01
-4.282e-01
-4.286e-01
-4.289e-01
-4.292e-01
-4.297e-01
-4.308e-01
-4.290e-01
-4.184e-01
-4.411e-01
-4.286e-01
-4.270e-01
-4.271e-01
-4.272e-01
-4.274e-01
-4.275e-01
-4.277e-01
-4.279e-01
-4.280e-01
-4.282e-01
-4.283e-01
-4.287e-01
-4.290e-01
-4.293e-01
-4.297e-01
-4.302e-01
-4.308e-01
-4.320e-01
-4.304e-01
-4.203e-01
-4.413e-01
-4.288e-01
-4.272e-01
-4.274e-01
-4.275e-01
-4.277e-01
-4.279e-01
-4.281e-01
-4.283e-01
-4.286e-01
-4.288e-01
-4.291e-01
-4.295e-01
-4.299e-01
-4.303e-01
-4.308e-01
-4.315e-01
-4.321e-01
-4.334e-01
-4.320e-01
-4.220e-01
-4.415e-01
-4.291e-01
-4.275e-01
-4.277e-01
-4.279e-01
-4.281e-01
-4.284e-01
-4.287e-01
-4.290e-01
-4.293e-01
-4.297e-01
-4.300e-01
-4.305e-01
-4.309e-01
-4.316e-01
-4.322e-01
-4.328e-01
-4.336e-01
-4.349e-01
-4.336e-01
-4.238e-01
-4.419e-01
-4.294e-01
-4.279e-01
-4.281e-01
-4.285e-01
-4.288e-01
-4.291e-01
-4.295e-01
-4.299e-01
-4.302e-01
-4.307e-01
-4.312e-01
-4.317e-01
-4.323e-01
-4.329e-01
-4.336e-01
-4.343e-01
-4.351e-01
-4.363e-01
-4.352e-01
-4.253e-01
-4.421e-01
-4.299e-01
-4.284e-01
-4.288e-01
-4.292e-01
-4.296e-01
-4.300e-01
-4.305e-01
-4.309e-01
-4.315e-01
-4.320e-01
-4.326e-01
-4.331e-01
-4.337e-01
-4.343e-01
-4.351e-01
-4.357e-01
-4.365e-01
-4.378e-01
-4.367e-01
-4.269e-01
-4.427e-01
-4.304e-01
-4.292e-01
-4.296e-01
-4.301e-01
-4.307e-01
-4.312e-01
-4.318e-01
-4.323e-01
-4.329e-01
-4.334e-01
-4.340e-01
-4.346e-01
-4.352e-01
-4.358e-01
-4.364e-01
-4.371e-01
-4.378e-01
-4.390e-01
-4.379e-01
-4.280e-01
-4.433e-01
-4.314e-01
-4.302e-01
-4.307e-01
-4.314e-01
-4.320e-01
-4.326e-01
-4.332e-01
-4.338e-01
-4.343e-01
-4.350e-01
-4.356e-01
-4.360e-01
-4.366e-01
-4.372e-01
-4.378e-01
-4.383e-01
-4.390e-01
-4.401e-01
-4.387e-01
-4.288e-01
-4.443e-01
-4.326e-01
-4.315e-01
-4.322e-01
-4.329e-01
-4.336e-01
-4.343e-01
-4.348e-01
-4.354e-01
-4.359e-01
-4.365e-01
-4.369e-01
-4.375e-01
-4.379e-01
-4.385e-01
-4.390e-01
-4.395e-01
-4.400e-01
-4.405e-01
-4.388e-01
-4.290e-01
-4.456e-01
-4.342e-01
-4.331e-01
-4.339e-01
-4.347e-01
-4.353e-01
-4.359e-01
-4.365e-01
-4.370e-01
-4.375e-01
-4.380e-01
-4.384e-01
-4.389e-01
-4.392e-01
-4.396e-01
-4.400e-01
-4.401e-01
-4.403e-01
-4.406e-01
-4.390e-01
-4.291e-01
-4.470e-01
-4.360e-01
-4.350e-01
-4.358e-01
-4.365e-01
-4.371e-01
-4.376e-01
-4.381e-01
-4.386e-01
-4.390e-01
-4.393e-01
-4.397e-01
-4.400e-01
-4.401e-01
-4.402e-01
-4.403e-01
-4.403e-01
-4.404e-01
-4.408e-01
-4.392e-01
-4.292e-01
-4.488e-01
-4.381e-01
-4.369e-01
-4.376e-01
-4.384e-01
-4.389e-01
-4.393e-01
-4.397e-01
-4.400e-01
-4.402e-01
-4.402e-01
-4.403e-01
-4.404e-01
-4.404e-01
-4.405e-01
-4.405e-01
-4.406e-01
-4.407e-01
-4.411e-01
-4.394e-01
-4.295e-01
-4.514e-01
-4.405e-01
-4.393e-01
-4.399e-01
-4.402e-01
-4.405e-01
-4.405e-01
-4.406e-01
-4.406e-01
-4.407e-01
-4.408e-01
-4.408e-01
-4.408e-01
-4.409e-01
-4.409e-01
-4.410e-01
-4.410e-01
-4.412e-01
-4.414e-01
-4.396e-01
-4.297e-01
-4.488e-01
-4.406e-01
-4.388e-01
-4.390e-01
-4.391e-01
-4.391e-01
-4.393e-01
-4.393e-01
-4.393e-01
-4.393e-01
-4.394e-01
-4.394e-01
-4.395e-01
-4.395e-01
-4.396e-01
-4.396e-01
-4.396e-01
-4.398e-01
-4.399e-01
-4.390e-01
-4.304e-01
-4.406e-01
-4.341e-01
-4.299e-01
-4.300e-01
-4.302e-01
-4.302e-01
-4.303e-01
-4.302e-01
-4.303e-01
-4.304e-01
-4.304e-01
-4.305e-01
-4.304e-01
-4.305e-01
-4.305e-01
-4.305e-01
-4.306e-01
-4.306e-01
-4.307e-01
-4.310e-01
-4.247e-01
-4.569e-01
-4.528e-01
-4.524e-01
-4.523e-01
-4.523e-01
-4.523e-01
-4.523e-01
-4.524e-01
-4.525e-01
-4.524e-01
-4.524e-01
-4.524e-01
-4.524e-01
-4.525e-01
-4.524e-01
-4.525e-01
-4.525e-01
-4.525e-01
-4.536e-01
-4.481e-01
-4.411e-01
-4.536e-01
-4.467e-01
-4.452e-01
-4.452e-01
-4.452e-01
-4.452e-01
-4.452e-01
-4.452e-01
-4.452e-01
-4.452e-01
-4.452e-01
-4.452e-01
-4.452e-01
-4.453e-01
-4.452e-01
-4.453e-01
-4.453e-01
-4.454e-01
-4.461e-01
-4.429e-01
-4.384e-01
-4.535e-01
-4.455e-01
-4.433e-01
-4.432e-01
-4.432e-01
-4.433e-01
-4.433e-01
-4.433e-01
-4.433e-01
-4.433e-01
-4.434e-01
-4.434e-01
-4.434e-01
-4.434e-01
-4.435e-01
-4.436e-01
-4.437e-01
-4.439e-01
-4.446e-01
-4.416e-01
-4.347e-01
-4.536e-01
-4.454e-01
-4.432e-01
-4.431e-01
-4.431e-01
-4.432e-01
-4.432e-01
-4.433e-01
-4.432e-01
-4.433e-01
-4.434e-01
-4.435e-01
-4.435e-01
-4.436e-01
-4.438e-01
-4.439e-01
-4.440e-01
-4.442e-01
-4.450e-01
-4.421e-01
-4.353e-01
-4.536e-01
-4.455e-01
-4.433e-01
-4.432e-01
-4.432e-01
-4.433e-01
-4.434e-01
-4.434e-01
-4.435e-01
-4.435e-01
-4.437e-01
-4.438e-01
-4.439e-01
-4.440e-01
-4.442e-01
-4.443e-01
-4.446e-01
-4.449e-01
-4.456e-01
-4.430e-01
-4.363e-01
-4.536e-01
-4.456e-01
-4.434e-01
-4.433e-01
-4.434e-01
-4.435e-01
-4.435e-01
-4.436e-01
-4.437e-01
-4.439e-01
-4.440e-01
-4.441e-01
-4.443e-01
-4.445e-01
-4.447e-01
-4.449e-01
-4.452e-01
-4.456e-01
-4.466e-01
-4.442e-01
-4.378e-01
-4.537e-01
-4.456e-01
-4.435e-01
-4.435e-01
-4.436e-01
-4.437e-01
-4.439e-01
-4.440e-01
-4.441e-01
-4.443e-01
-4.444e-01
-4.446e-01
-4.449e-01
-4.450e-01
-4.454e-01
-4.458e-01
-4.462e-01
-4.467e-01
-4.479e-01
-4.456e-01
-4.395e-01
-4.538e-01
-4.457e-01
-4.437e-01
-4.437e-01
-4.439e-01
-4.440e-01
-4.441e-01
-4.444e-01
-4.446e-01
-4.448e-01
-4.450e-01
-4.452e-01
-4.455e-01
-4.459e-01
-4.463e-01
-4.468e-01
-4.473e-01
-4.481e-01
-4.493e-01
-4.473e-01
-4.417e-01
-4.540e-01
-4.460e-01
-4.440e-01
-4.440e-01
-4.442e-01
-4.444e-01
-4.446e-01
-4.449e-01
-4.452e-01
-4.454e-01
-4.457e-01
-4.461e-01
-4.465e-01
-4.469e-01
-4.475e-01
-4.480e-01
-4.489e-01
-4.496e-01
-4.510e-01
-4.491e-01
-4.438e-01
-4.543e-01
-4.463e-01
-4.443e-01
-4.444e-01
-4.447e-01
-4.449e-01
-4.452e-01
-4.455e-01
-4.459e-01
-4.463e-01
-4.467e-01
-4.471e-01
-4.477e-01
-4.482e-01
-4.489e-01
-4.496e-01
-4.504e-01
-4.513e-01
-4.526e-01
-4.509e-01
-4.459e-01
-4.546e-01
-4.466e-01
-4.448e-01
-4.449e-01
-4.453e-01
-4.457e-01
-4.460e-01
-4.465e-01
-4.469e-01
-4.474e-01
-4.479e-01
-4.485e-01
-4.491e-01
-4.497e-01
-4.505e-01
-4.512e-01
-4.520e-01
-4.530e-01
-4.542e-01
-4.527e-01
-4.478e-01
-4.550e-01
-4.472e-01
-4.453e-01
-4.457e-01
-4.462e-01
-4.466e-01
-4.471e-01
-4.476e-01
-4.482e-01
-4.488e-01
-4.494e-01
-4.500e-01
-4.506e-01
-4.514e-01
-4.521e-01
-4.529e-01
-4.537e-01
-4.546e-01
-4.559e-01
-4.544e-01
-4.497e-01
-4.556e-01
-4.479e-01
-4.462e-01
-4.467e-01
-4.473e-01
-4.479e-01
-4.485e-01
-4.492e-01
-4.498e-01
-4.504e-01
-4.511e-01
-4.517e-01
-4.524e-01
-4.530e-01
-4.538e-01
-4.544e-01
-4.552e-01
-4.561e-01
-4.573e-01
-4.559e-01
-4.511e-01
-4.564e-01
-4.490e-01
-4.474e-01
-4.480e-01
-4.488e-01
-4.494e-01
-4.501e-01
-4.508e-01
-4.514e-01
-4.521e-01
-4.528e-01
-4.535e-01
-4.540e-01
-4.547e-01
-4.553e-01
-4.560e-01
-4.567e-01
-4.575e-01
-4.585e-01
-4.567e-01
-4.520e-01
-4.575e-01
-4.504e-01
-4.489e-01
-4.497e-01
-4.505e-01
-4.512e-01
-4.520e-01
-4.527e-01
-4.533e-01
-4.539e-01
-4.545e-01
-4.550e-01
-4.556e-01
-4.562e-01
-4.568e-01
-4.574e-01
-4.579e-01
-4.585e-01
-4.589e-01
-4.569e-01
-4.522e-01
-4.590e-01
-4.522e-01
-4.508e-01
-4.516e-01
-4.525e-01
-4.532e-01
-4.539e-01
-4.546e-01
-4.551e-01
-4.557e-01
-4.562e-01
-4.567e-01
-4.572e-01
-4.576e-01
-4.581e-01
-4.585e-01
-4.586e-01
-4.589e-01
-4.592e-01
-4.571e-01
-4.524e-01
-4.607e-01
-4.543e-01
-4.530e-01
-4.537e-01
-4.545e-01
-4.552e-01
-4.558e-01
-4.564e-01
-4.569e-01
-4.574e-01
-4.578e-01
-4.582e-01
-4.585e-01
-4.587e-01
-4.587e-01
-4.589e-01
-4.589e-01
-4.590e-01
-4.594e-01
-4.573e-01
-4.525e-01
-4.627e-01
-4.568e-01
-4.552e-01
-4.559e-01
-4.567e-01
-4.573e-01
-4.578e-01
-4.582e-01
-4.586e-01
-4.588e-01
-4.588e-01
-4.589e-01
-4.590e-01
-4.590e-01
-4.591e-01
-4.591e-01
-4.592e-01
-4.594e-01
-4.596e-01
-4.575e-01
-4.528e-01
-4.655e-01
-4.594e-01
-4.577e-01
-4.583e-01
-4.586e-01
-4.590e-01
-4.590e-01
-4.591e-01
-4.591e-01
-4.592e-01
-4.593e-01
-4.594e-01
-4.594e-01
-4.595e-01
-4.595e-01
-4.595e-01
-4.596e-01
-4.598e-01
-4.599e-01
-4.577e-01
-4.529e-01
-4.625e-01
-4.592e-01
-4.570e-01
-4.571e-01
-4.572e-01
-4.573e-01
-4.574e-01
-4.575e-01
-4.575e-01
-4.575e-01
-4.576e-01
-4.576e-01
-4.577e-01
-4.577e-01
-4.578e-01
-4.578e-01
-4.578e-01
-4.581e-01
-4.581e-01
-4.568e-01
-4.540e-01
-4.593e-01
-4.590e-01
-4.537e-01
-4.535e-01
-4.537e-01
-4.537e-01
-4.538e-01
-4.537e-01
-4.538e-01
-4.539e-01
-4.539e-01
-4.540e-01
-4.540e-01
-4.541e-01
-4.540e-01
-4.541e-01
-4.542e-01
-4.542e-01
-4.543e-01
-4.548e-01
-4.518e-01
-5.335e-01
-5.379e-01
-5.375e-01
-5.374e-01
-5.374e-01
-5.374e-01
-5.374e-01
-5.375e-01
-5.376e-01
-5.375e-01
-5.376e-01
-5.375e-01
-5.375e-01
-5.376e-01
-5.376e-01
-5.377e-01
-5.377e-01
-5.378e-01
-5.389e-01
-5.317e-01
-5.370e-01
-5.389e-01
-5.472e-01
-5.468e-01
-5.467e-01
-5.467e-01
-5.467e-01
-5.468e-01
-5.467e-01
-5.467e-01
-5.467e-01
-5.467e-01
-5.468e-01
-5.468e-01
-5.469e-01
-5.468e-01
-5.470e-01
-5.470e-01
-5.471e-01
-5.482e-01
-5.412e-01
-5.473e-01
-5.389e-01
-5.471e-01
-5.468e-01
-5.467e-01
-5.468e-01
-5.468e-01
-5.468e-01
-5.469e-01
-5.469e-01
-5.469e-01
-5.470e-01
-5.470e-01
-5.470e-01
-5.471e-01
-5.472e-01
-5.473e-01
-5.475e-01
-5.478e-01
-5.490e-01
-5.416e-01
-5.488e-01
-5.390e-01
-5.471e-01
-5.468e-01
-5.467e-01
-5.468e-01
-5.469e-01
-5.469e-01
-5.469e-01
-5.469e-01
-5.471e-01
-5.471e-01
-5.473e-01
-5.473e-01
-5.476e-01
-5.477e-01
-5.479e-01
-5.481e-01
-5.485e-01
-5.498e-01
-5.424e-01
-5.497e-01
-5.390e-01
-5.472e-01
-5.469e-01
-5.469e-01
-5.469e-01
-5.470e-01
-5.471e-01
-5.472e-01
-5.473e-01
-5.474e-01
-5.476e-01
-5.477e-01
-5.479e-01
-5.481e-01
-5.484e-01
-5.486e-01
-5.490e-01
-5.495e-01
-5.508e-01
-5.436e-01
-5.509e-01
-5.391e-01
-5.473e-01
-5.470e-01
-5.471e-01
-5.471e-01
-5.473e-01
-5.473e-01
-5.475e-01
-5.477e-01
-5.479e-01
-5.481e-01
-5.483e-01
-5.485e-01
-5.489e-01
-5.492e-01
-5.496e-01
-5.500e-01
-5.507e-01
-5.523e-01
-5.451e-01
-5.526e-01
-5.392e-01
-5.474e-01
-5.473e-01
-5.473e-01
-5.475e-01
-5.477e-01
-5.479e-01
-5.481e-01
-5.483e-01
-5.485e-01
-5.488e-01
-5.491e-01
-5.495e-01
-5.498e-01
-5.503e-01
-5.509e-01
-5.514e-01
-5.523e-01
-5.541e-01
-5.469e-01
-5.545e-01
-5.394e-01
-5.476e-01
-5.475e-01
-5.477e-01
-5.479e-01
-5.481e-01
-5.483e-01
-5.487e-01
-5.491e-01
-5.493e-01
-5.497e-01
-5.500e-01
-5.505e-01
-5.510e-01
-5.516e-01
-5.523e-01
-5.531e-01
-5.542e-01
-5.562e-01
-5.490e-01
-5.570e-01
-5.397e-01
-5.480e-01
-5.479e-01
-5.481e-01
-5.484e-01
-5.488e-01
-5.491e-01
-5.495e-01
-5.499e-01
-5.503e-01
-5.507e-01
-5.513e-01
-5.519e-01
-5.526e-01
-5.534e-01
-5.542e-01
-5.553e-01
-5.564e-01
-5.586e-01
-5.512e-01
-5.592e-01
-5.402e-01
-5.485e-01
-5.484e-01
-5.488e-01
-5.492e-01
-5.496e-01
-5.501e-01
-5.505e-01
-5.510e-01
-5.516e-01
-5.522e-01
-5.529e-01
-5.536e-01
-5.544e-01
-5.555e-01
-5.564e-01
-5.575e-01
-5.588e-01
-5.609e-01
-5.534e-01
-5.613e-01
-5.408e-01
-5.490e-01
-5.492e-01
-5.496e-01
-5.502e-01
-5.507e-01
-5.513e-01
-5.519e-01
-5.526e-01
-5.533e-01
-5.540e-01
-5.548e-01
-5.557e-01
-5.566e-01
-5.576e-01
-5.586e-01
-5.597e-01
-5.611e-01
-5.631e-01
-5.556e-01
-5.633e-01
-5.414e-01
-5.499e-01
-5.501e-01
-5.507e-01
-5.515e-01
-5.521e-01
-5.529e-01
-5.536e-01
-5.544e-01
-5.553e-01
-5.561e-01
-5.570e-01
-5.579e-01
-5.589e-01
-5.599e-01
-5.610e-01
-5.620e-01
-5.632e-01
-5.653e-01
-5.575e-01
-5.653e-01
-5.425e-01
-5.509e-01
-5.515e-01
-5.522e-01
-5.531e-01
-5.540e-01
-5.548e-01
-5.557e-01
-5.566e-01
-5.575e-01
-5.585e-01
-5.593e-01
-5.603e-01
-5.612e-01
-5.621e-01
-5.630e-01
-5.641e-01
-5.653e-01
-5.673e-01
-5.592e-01
-5.668e-01
-5.438e-01
-5.524e-01
-5.531e-01
-5.541e-01
-5.552e-01
-5.562e-01
-5.572e-01
-5.581e-01
-5.590e-01
-5.599e-01
-5.608e-01
-5.617e-01
-5.625e-01
-5.633e-01
-5.642e-01
-5.651e-01
-5.660e-01
-5.671e-01
-5.690e-01
-5.603e-01
-5.679e-01
-5.455e-01
-5.544e-01
-5.554e-01
-5.565e-01
-5.576e-01
-5.587e-01
-5.597e-01
-5.606e-01
-5.615e-01
-5.623e-01
-5.631e-01
-5.638e-01
-5.647e-01
-5.654e-01
-5.662e-01
-5.670e-01
-5.677e-01
-5.686e-01
-5.697e-01
-5.606e-01
-5.682e-01
-5.479e-01
-5.568e-01
-5.580e-01
-5.591e-01
-5.603e-01
-5.613e-01
-5.623e-01
-5.632e-01
-5.639e-01
-5.647e-01
-5.654e-01
-5.661e-01
-5.668e-01
-5.673e-01
-5.680e-01
-5.685e-01
-5.688e-01
-5.692e-01
-5.701e-01
-5.609e-01
-5.684e-01
-5.504e-01
-5.596e-01
-5.608e-01
-5.620e-01
-5.631e-01
-5.640e-01
-5.648e-01
-5.656e-01
-5.663e-01
-5.669e-01
-5.675e-01
-5.680e-01
-5.685e-01
-5.688e-01
-5.689e-01
-5.692e-01
-5.693e-01
-5.695e-01
-5.704e-01
-5.611e-01
-5.685e-01
-5.533e-01
-5.626e-01
-5.638e-01
-5.649e-01
-5.660e-01
-5.668e-01
-5.675e-01
-5.681e-01
-5.686e-01
-5.689e-01
-5.690e-01
-5.692e-01
-5.693e-01
-5.694e-01
-5.696e-01
-5.696e-01
-5.697e-01
-5.699e-01
-5.708e-01
-5.614e-01
-5.690e-01
-5.572e-01
-5.663e-01
-5.676e-01
-5.685e-01
-5.690e-01
-5.696e-01
-5.697e-01
-5.699e-01
-5.700e-01
-5.701e-01
-5.703e-01
-5.704e-01
-5.704e-01
-5.705e-01
-5.706e-01
-5.706e-01
-5.707e-01
-5.710e-01
-5.716e-01
-5.620e-01
-5.691e-01
-5.515e-01
-5.605e-01
-5.606e-01
-5.609e-01
-5.610e-01
-5.612e-01
-5.614e-01
-5.614e-01
-5.614e-01
-5.615e-01
-5.616e-01
-5.616e-01
-5.617e-01
-5.617e-01
-5.618e-01
-5.619e-01
-5.619e-01
-5.621e-01
-5.625e-01
-5.543e-01
-5.650e-01
-5.573e-01
-5.678e-01
-5.698e-01
-5.700e-01
-5.702e-01
-5.702e-01
-5.703e-01
-5.701e-01
-5.704e-01
-5.705e-01
-5.704e-01
-5.706e-01
-5.705e-01
-5.706e-01
-5.704e-01
-5.706e-01
-5.707e-01
-5.705e-01
-5.710e-01
-5.662e-01
-5.732e-01
-6.497e-01
-6.497e-01
-6.501e-01
-6.500e-01
-6.500e-01
-6.499e-01
-6.499e-01
-6.500e-01
-6.502e-01
-6.501e-01
-6.501e-01
-6.499e-01
-6.498e-01
-6.500e-01
-6.497e-01
-6.498e-01
-6.492e-01
-6.502e-01
-6.459e-01
-6.203e-01
-6.591e-01
-6.506e-01
-6.870e-01
-6.913e-01
-6.914e-01
-6.914e-01
-6.914e-01
-6.916e-01
-6.915e-01
-6.915e-01
-6.914e-01
-6.913e-01
-6.912e-01
-6.913e-01
-6.912e-01
-6.908e-01
-6.906e-01
-6.901e-01
-6.912e-01
-6.853e-01
-6.705e-01
-8.898e-01
-6.514e-01
-6.921e-01
-6.973e-01
-6.973e-01
-6.972e-01
-6.971e-01
-6.971e-01
-6.972e-01
-6.970e-01
-6.969e-01
-6.970e-01
-6.967e-01
-6.964e-01
-6.963e-01
-6.962e-01
-6.958e-01
-6.956e-01
-6.966e-01
-6.901e-01
-6.768e-01
-9.226e-01
-6.512e-01
-6.919e-01
-6.972e-01
-6.971e-01
-6.972e-01
-6.970e-01
-6.970e-01
-6.968e-01
-6.965e-01
-6.966e-01
-6.963e-01
-6.964e-01
-6.960e-01
-6.961e-01
-6.957e-01
-6.953e-01
-6.947e-01
-6.954e-01
-6.886e-01
-6.766e-01
-9.296e-01
-6.510e-01
-6.918e-01
-6.971e-01
-6.971e-01
-6.968e-01
-6.966e-01
-6.965e-01
-6.963e-01
-6.964e-01
-6.961e-01
-6.960e-01
-6.957e-01
-6.952e-01
-6.951e-01
-6.946e-01
-6.939e-01
-6.933e-01
-6.939e-01
-6.868e-01
-6.770e-01
-9.385e-01
-6.506e-01
-6.916e-01
-6.967e-01
-6.968e-01
-6.963e-01
-6.965e-01
-6.959e-01
-6.957e-01
-6.954e-01
-6.955e-01
-6.952e-01
-6.947e-01
-6.942e-01
-6.941e-01
-6.934e-01
-6.926e-01
-6.919e-01
-6.925e-01
-6.850e-01
-6.773e-01
-9.512e-01
-6.502e-01
-6.910e-01
-6.965e-01
-6.964e-01
-6.961e-01
-6.957e-01
-6.956e-01
-6.953e-01
-6.950e-01
-6.946e-01
-6.942e-01
-6.938e-01
-6.933e-01
-6.926e-01
-6.921e-01
-6.915e-01
-6.903e-01
-6.907e-01
-6.832e-01
-6.789e-01
-9.657e-01
-6.495e-01
-6.907e-01
-6.959e-01
-6.955e-01
-6.953e-01
-6.950e-01
-6.947e-01
-6.943e-01
-6.943e-01
-6.936e-01
-6.929e-01
-6.923e-01
-6.917e-01
-6.912e-01
-6.904e-01
-6.897e-01
-6.886e-01
-6.891e-01
-6.818e-01
-6.809e-01
-9.842e-01
-6.487e-01
-6.903e-01
-6.952e-01
-6.949e-01
-6.945e-01
-6.943e-01
-6.939e-01
-6.933e-01
-6.929e-01
-6.923e-01
-6.914e-01
-6.910e-01
-6.905e-01
-6.897e-01
-6.892e-01
-6.883e-01
-6.877e-01
-6.883e-01
-6.815e-01
-6.842e-01
-1.003e+00
-6.477e-01
-6.896e-01
-6.944e-01
-6.940e-01
-6.936e-01
-6.930e-01
-6.926e-01
-6.919e-01
-6.914e-01
-6.905e-01
-6.900e-01
-6.895e-01
-6.888e-01
-6.885e-01
-6.881e-01
-6.875e-01
-6.873e-01
-6.882e-01
-6.818e-01
-6.889e-01
-1.021e+00
-6.461e-01
-6.882e-01
-6.935e-01
-6.928e-01
-6.923e-01
-6.919e-01
-6.909e-01
-6.906e-01
-6.900e-01
-6.893e-01
-6.885e-01
-6.884e-01
-6.878e-01
-6.877e-01
-6.877e-01
-6.875e-01
-6.876e-01
-6.893e-01
-6.827e-01
-6.945e-01
-1.039e+00
-6.439e-01
-6.872e-01
-6.920e-01
-6.914e-01
-6.908e-01
-6.899e-01
-6.895e-01
-6.888e-01
-6.882e-01
-6.881e-01
-6.876e-01
-6.878e-01
-6.877e-01
-6.877e-01
-6.880e-01
-6.884e-01
-6.887e-01
-6.906e-01
-6.848e-01
-7.000e-01
-1.055e+00
-6.410e-01
-6.854e-01
-6.903e-01
-6.897e-01
-6.891e-01
-6.885e-01
-6.881e-01
-6.875e-01
-6.874e-01
-6.873e-01
-6.876e-01
-6.878e-01
-6.882e-01
-6.887e-01
-6.889e-01
-6.894e-01
-6.904e-01
-6.928e-01
-6.872e-01
-7.045e-01
-1.068e+00
-6.367e-01
-6.834e-01
-6.885e-01
-6.881e-01
-6.878e-01
-6.873e-01
-6.874e-01
-6.873e-01
-6.874e-01
-6.878e-01
-6.880e-01
-6.886e-01
-6.894e-01
-6.900e-01
-6.911e-01
-6.919e-01
-6.928e-01
-6.952e-01
-6.891e-01
-7.069e-01
-1.074e+00
-6.311e-01
-6.815e-01
-6.872e-01
-6.870e-01
-6.870e-01
-6.873e-01
-6.877e-01
-6.882e-01
-6.885e-01
-6.889e-01
-6.895e-01
-6.903e-01
-6.913e-01
-6.923e-01
-6.936e-01
-6.942e-01
-6.953e-01
-6.969e-01
-6.902e-01
-7.082e-01
-1.077e+00
-6.245e-01
-6.801e-01
-6.868e-01
-6.871e-01
-6.877e-01
-6.883e-01
-6.888e-01
-6.898e-01
-6.906e-01
-6.913e-01
-6.923e-01
-6.931e-01
-6.941e-01
-6.945e-01
-6.959e-01
-6.962e-01
-6.966e-01
-6.980e-01
-6.906e-01
-7.092e-01
-1.079e+00
-6.165e-01
-6.799e-01
-6.876e-01
-6.887e-01
-6.898e-01
-6.906e-01
-6.914e-01
-6.927e-01
-6.934e-01
-6.941e-01
-6.948e-01
-6.957e-01
-6.963e-01
-6.969e-01
-6.969e-01
-6.973e-01
-6.974e-01
-6.984e-01
-6.910e-01
-7.097e-01
-1.081e+00
-6.102e-01
-6.824e-01
-6.905e-01
-6.919e-01
-6.938e-01
-6.946e-01
-6.956e-01
-6.964e-01
-6.968e-01
-6.976e-01
-6.975e-01
-6.979e-01
-6.979e-01
-6.977e-01
-6.983e-01
-6.981e-01
-6.986e-01
-6.993e-01
-6.922e-01
-7.108e-01
-1.083e+00
-5.978e-01
-6.788e-01
-6.877e-01
-6.886e-01
-6.894e-01
-6.902e-01
-6.900e-01
-6.904e-01
-6.906e-01
-6.907e-01
-6.908e-01
-6.911e-01
-6.912e-01
-6.912e-01
-6.915e-01
-6.913e-01
-6.914e-01
-6.925e-01
-6.855e-01
-7.086e-01
-1.084e+00
-5.783e-01
-6.996e-01
-7.103e-01
-7.117e-01
-7.118e-01
-7.125e-01
-7.130e-01
-7.130e-01
-7.130e-01
-7.129e-01
-7.137e-01
-7.136e-01
-7.138e-01
-7.137e-01
-7.144e-01
-7.142e-01
-7.145e-01
-7.152e-01
-7.118e-01
-7.456e-01
-1.129e+00
-7.099e-01
-1.054e+00
-1.087e+00
-1.089e+00
-1.090e+00
-1.090e+00
-1.091e+00
-1.091e+00
-1.092e+00
-1.092e+00
-1.093e+00
-1.094e+00
-1.094e+00
-1.094e+00
-1.093e+00
-1.094e+00
-1.095e+00
-1.095e+00
-1.096e+00
-1.135e+00
-1.416e+00
-1.747e+00
-1.845e+00
-1.847e+00
-1.847e+00
-1.847e+00
-1.847e+00
-1.847e+00
-1.847e+00
-1.847e+00
-1.847e+00
-1.847e+00
-1.846e+00
-1.846e+00
-1.847e+00
-1.847e+00
-1.847e+00
-1.848e+00
-1.847e+00
-1.851e+00
-1.902e+00
-2.013e+00
-1.845e+00
-1.966e+00
-1.970e+00
-1.970e+00
-1.970e+00
-1.970e+00
-1.970e+00
-1.970e+00
-1.970e+00
-1.971e+00
-1.971e+00
-1.971e+00
-1.971e+00
-1.971e+00
-1.970e+00
-1.971e+00
-1.971e+00
-1.972e+00
-1.974e+00
-2.002e+00
-2.071e+00
-1.847e+00
-1.970e+00
-1.974e+00
-1.974e+00
-1.974e+00
-1.974e+00
-1.974e+00
-1.975e+00
-1.975e+00
-1.975e+00
-1.975e+00
-1.975e+00
-1.976e+00
-1.976e+00
-1.977e+00
-1.978e+00
-1.978e+00
-1.978e+00
-1.981e+00
-2.010e+00
-2.078e+00
-1.848e+00
-1.970e+00
-1.974e+00
-1.974e+00
-1.975e+00
-1.975e+00
-1.975e+00
-1.975e+00
-1.976e+00
-1.976e+00
-1.975e+00
-1.977e+00
-1.978e+00
-1.977e+00
-1.979e+00
-1.979e+00
-1.981e+00
-1.982e+00
-1.985e+00
-2.014e+00
-2.081e+00
-1.848e+00
-1.971e+00
-1.975e+00
-1.975e+00
-1.975e+00
-1.976e+00
-1.976e+00
-1.976e+00
-1.976e+00
-1.977e+00
-1.978e+00
-1.979e+00
-1.979e+00
-1.980e+00
-1.981e+00
-1.983e+00
-1.984e+00
-1.986e+00
-1.990e+00
-2.018e+00
-2.086e+00
-1.848e+00
-1.970e+00
-1.975e+00
-1.976e+00
-1.976e+00
-1.977e+00
-1.978e+00
-1.977e+00
-1.978e+00
-1.979e+00
-1.980e+00
-1.981e+00
-1.982e+00
-1.984e+00
-1.985e+00
-1.986e+00
-1.989e+00
-1.990e+00
-1.995e+00
-2.023e+00
-2.090e+00
-1.849e+00
-1.971e+00
-1.975e+00
-1.977e+00
-1.977e+00
-1.978e+00
-1.978e+00
-1.980e+00
-1.981e+00
-1.982e+00
-1.983e+00
-1.984e+00
-1.986e+00
-1.988e+00
-1.990e+00
-1.992e+00
-1.994e+00
-1.996e+00
-2.001e+00
-2.029e+00
-2.095e+00
-1.850e+00
-1.972e+00
-1.977e+00
-1.978e+00
-1.979e+00
-1.980e+00
-1.981e+00
-1.982e+00
-1.984e+00
-1.985e+00
-1.987e+00
-1.988e+00
-1.990e+00
-1.993e+00
-1.994e+00
-1.997e+00
-1.999e+00
-2.002e+00
-2.006e+00
-2.035e+00
-2.100e+00
-1.853e+00
-1.974e+00
-1.979e+00
-1.980e+00
-1.982e+00
-1.983e+00
-1.985e+00
-1.986e+00
-1.988e+00
-1.990e+00
-1.992e+00
-1.993e+00
-1.996e+00
-1.998e+00
-2.000e+00
-2.002e+00
-2.005e+00
-2.007e+00
-2.013e+00
-2.041e+00
-2.105e+00
-1.855e+00
-1.977e+00
-1.982e+00
-1.984e+00
-1.984e+00
-1.986e+00
-1.988e+00
-1.990e+00
-1.993e+00
-1.995e+00
-1.996e+00
-1.998e+00
-2.000e+00
-2.003e+00
-2.005e+00
-2.007e+00
-2.011e+00
-2.014e+00
-2.018e+00
-2.046e+00
-2.110e+00
-1.859e+00
-1.979e+00
-1.984e+00
-1.987e+00
-1.989e+00
-1.991e+00
-1.993e+00
-1.996e+00
-1.998e+00
-2.000e+00
-2.001e+00
-2.004e+00
-2.007e+00
-2.008e+00
-2.011e+00
-2.014e+00
-2.016e+00
-2.019e+00
-2.024e+00
-2.052e+00
-2.116e+00
-1.862e+00
-1.982e+00
-1.989e+00
-1.992e+00
-1.994e+00
-1.997e+00
-1.998e+00
-2.000e+00
-2.003e+00
-2.005e+00
-2.007e+00
-2.010e+00
-2.012e+00
-2.014e+00
-2.016e+00
-2.019e+00
-2.021e+00
-2.023e+00
-2.029e+00
-2.057e+00
-2.121e+00
-1.868e+00
-1.987e+00
-1.993e+00
-1.996e+00
-1.999e+00
-2.001e+00
-2.005e+00
-2.007e+00
-2.009e+00
-2.010e+00
-2.013e+00
-2.015e+00
-2.017e+00
-2.020e+00
-2.021e+00
-2.024e+00
-2.026e+00
-2.029e+00
-2.033e+00
-2.060e+00
-2.126e+00
-1.874e+00
-1.993e+00
-2.000e+00
-2.002e+00
-2.005e+00
-2.007e+00
-2.010e+00
-2.012e+00
-2.015e+00
-2.016e+00
-2.019e+00
-2.021e+00
-2.022e+00
-2.025e+00
-2.026e+00
-2.029e+00
-2.031e+00
-2.033e+00
-2.036e+00
-2.064e+00
-2.129e+00
-1.882e+00
-1.999e+00
-2.005e+00
-2.008e+00
-2.012e+00
-2.014e+00
-2.017e+00
-2.018e+00
-2.020e+00
-2.022e+00
-2.024e+00
-2.026e+00
-2.028e+00
-2.030e+00
-2.032e+00
-2.033e+00
-2.034e+00
-2.036e+00
-2.038e+00
-2.065e+00
-2.129e+00
-1.890e+00
-2.005e+00
-2.013e+00
-2.015e+00
-2.018e+00
-2.020e+00
-2.023e+00
-2.024e+00
-2.025e+00
-2.028e+00
-2.030e+00
-2.031e+00
-2.032e+00
-2.033e+00
-2.035e+00
-2.036e+00
-2.037e+00
-2.038e+00
-2.039e+00
-2.066e+00
-2.131e+00
-1.899e+00
-2.012e+00
-2.020e+00
-2.022e+00
-2.024e+00
-2.027e+00
-2.028e+00
-2.030e+00
-2.032e+00
-2.033e+00
-2.034e+00
-2.035e+00
-2.036e+00
-2.037e+00
-2.037e+00
-2.038e+00
-2.039e+00
-2.038e+00
-2.040e+00
-2.067e+00
-2.132e+00
-1.906e+00
-2.019e+00
-2.026e+00
-2.028e+00
-2.031e+00
-2.032e+00
-2.034e+00
-2.035e+00
-2.036e+00
-2.036e+00
-2.037e+00
-2.038e+00
-2.038e+00
-2.037e+00
-2.038e+00
-2.038e+00
-2.039e+00
-2.039e+00
-2.041e+00
-2.067e+00
-2.133e+00
-1.917e+00
-2.028e+00
-2.035e+00
-2.036e+00
-2.038e+00
-2.039e+00
-2.039e+00
-2.039e+00
-2.040e+00
-2.040e+00
-2.041e+00
-2.041e+00
-2.041e+00
-2.042e+00
-2.042e+00
-2.041e+00
-2.042e+00
-2.042e+00
-2.044e+00
-2.069e+00
-2.134e+00
-1.968e+00
-2.061e+00
-2.066e+00
-2.067e+00
-2.067e+00
-2.067e+00
-2.068e+00
-2.068e+00
-2.069e+00
-2.068e+00
-2.068e+00
-2.068e+00
-2.069e+00
-2.069e+00
-2.070e+00
-2.070e+00
-2.070e+00
-2.070e+00
-2.072e+00
-2.089e+00
-2.141e+00
-2.073e+00
-2.127e+00
-2.132e+00
-2.134e+00
-2.133e+00
-2.134e+00
-2.134e+00
-2.135e+00
-2.135e+00
-2.135e+00
-2.135e+00
-2.136e+00
-2.136e+00
-2.136e+00
-2.136e+00
-2.136e+00
-2.137e+00
-2.137e+00
-2.138e+00
-2.142e+00
-2.159e+00
-2.122e+00
-2.111e+00
-2.113e+00
-2.112e+00
-2.112e+00
-2.112e+00
-2.112e+00
-2.112e+00
-2.112e+00
-2.112e+00
-2.112e+00
-2.113e+00
-2.113e+00
-2.113e+00
-2.114e+00
-2.113e+00
-2.114e+00
-2.114e+00
-2.115e+00
-2.116e+00
-2.097e+00
-2.112e+00
-2.093e+00
-2.093e+00
-2.093e+00
-2.093e+00
-2.093e+00
-2.093e+00
-2.093e+00
-2.094e+00
-2.092e+00
-2.092e+00
-2.094e+00
-2.093e+00
-2.093e+00
-2.094e+00
-2.095e+00
-2.094e+00
-2.095e+00
-2.096e+00
-2.098e+00
-2.080e+00
-2.112e+00
-2.093e+00
-2.093e+00
-2.093e+00
-2.093e+00
-2.093e+00
-2.093e+00
-2.093e+00
-2.094e+00
-2.094e+00
-2.093e+00
-2.094e+00
-2.094e+00
-2.095e+00
-2.095e+00
-2.097e+00
-2.096e+00
-2.097e+00
-2.099e+00
-2.101e+00
-2.084e+00
-2.113e+00
-2.093e+00
-2.093e+00
-2.093e+00
-2.093e+00
-2.094e+00
-2.094e+00
-2.095e+00
-2.094e+00
-2.095e+00
-2.095e+00
-2.095e+00
-2.095e+00
-2.097e+00
-2.097e+00
-2.099e+00
-2.100e+00
-2.101e+00
-2.103e+00
-2.106e+00
-2.089e+00
-2.114e+00
-2.094e+00
-2.094e+00
-2.094e+00
-2.095e+00
-2.094e+00
-2.095e+00
-2.095e+00
-2.095e+00
-2.095e+00
-2.097e+00
-2.097e+00
-2.098e+00
-2.100e+00
-2.101e+00
-2.102e+00
-2.104e+00
-2.106e+00
-2.108e+00
-2.111e+00
-2.093e+00
-2.113e+00
-2.093e+00
-2.095e+00
-2.094e+00
-2.095e+00
-2.095e+00
-2.096e+00
-2.097e+00
-2.096e+00
-2.097e+00
-2.099e+00
-2.100e+00
-2.102e+00
-2.104e+00
-2.105e+00
-2.107e+00
-2.108e+00
-2.110e+00
-2.112e+00
-2.115e+00
-2.098e+00
-2.114e+00
-2.093e+00
-2.095e+00
-2.096e+00
-2.097e+00
-2.096e+00
-2.098e+00
-2.099e+00
-2.100e+00
-2.102e+00
-2.103e+00
-2.104e+00
-2.106e+00
-2.108e+00
-2.109e+00
-2.111e+00
-2.112e+00
-2.114e+00
-2.116e+00
-2.119e+00
-2.102e+00
-2.114e+00
-2.095e+00
-2.096e+00
-2.096e+00
-2.097e+00
-2.099e+00
-2.101e+00
-2.102e+00
-2.104e+00
-2.106e+00
-2.107e+00
-2.109e+00
-2.109e+00
-2.111e+00
-2.113e+00
-2.114e+00
-2.116e+00
-2.118e+00
-2.119e+00
-2.123e+00
-2.105e+00
-2.116e+00
-2.097e+00
-2.098e+00
-2.099e+00
-2.101e+00
-2.103e+00
-2.105e+00
-2.106e+00
-2.107e+00
-2.109e+00
-2.111e+00
-2.112e+00
-2.112e+00
-2.115e+00
-2.117e+00
-2.118e+00
-2.120e+00
-2.122e+00
-2.124e+00
-2.126e+00
-2.108e+00
-2.119e+00
-2.100e+00
-2.102e+00
-2.103e+00
-2.106e+00
-2.107e+00
-2.109e+00
-2.109e+00
-2.111e+00
-2.113e+00
-2.114e+00
-2.116e+00
-2.117e+00
-2.118e+00
-2.120e+00
-2.121e+00
-2.123e+00
-2.125e+00
-2.128e+00
-2.129e+00
-2.112e+00
-2.123e+00
-2.103e+00
-2.105e+00
-2.107e+00
-2.108e+00
-2.110e+00
-2.112e+00
-2.113e+00
-2.115e+00
-2.116e+00
-2.117e+00
-2.120e+00
-2.121e+00
-2.123e+00
-2.123e+00
-2.125e+00
-2.127e+00
-2.129e+00
-2.131e+00
-2.133e+00
-2.115e+00
-2.127e+00
-2.107e+00
-2.109e+00
-2.110e+00
-2.113e+00
-2.114e+00
-2.115e+00
-2.117e+00
-2.118e+00
-2.120e+00
-2.120e+00
-2.122e+00
-2.124e+00
-2.125e+00
-2.127e+00
-2.128e+00
-2.130e+00
-2.132e+00
-2.133e+00
-2.136e+00
-2.118e+00
-2.130e+00
-2.111e+00
-2.112e+00
-2.115e+00
-2.116e+00
-2.117e+00
-2.120e+00
-2.120e+00
-2.123e+00
-2.123e+00
-2.125e+00
-2.126e+00
-2.127e+00
-2.129e+00
-2.130e+00
-2.132e+00
-2.133e+00
-2.135e+00
-2.137e+00
-2.139e+00
-2.120e+00
-2.133e+00
-2.115e+00
-2.116e+00
-2.118e+00
-2.120e+00
-2.122e+00
-2.122e+00
-2.124e+00
-2.125e+00
-2.127e+00
-2.128e+00
-2.130e+00
-2.131e+00
-2.132e+00
-2.134e+00
-2.134e+00
-2.136e+00
-2.138e+00
-2.140e+00
-2.141e+00
-2.122e+00
-2.137e+00
-2.118e+00
-2.120e+00
-2.122e+00
-2.124e+00
-2.125e+00
-2.126e+00
-2.128e+00
-2.129e+00
-2.131e+00
-2.131e+00
-2.133e+00
-2.134e+00
-2.136e+00
-2.138e+00
-2.138e+00
-2.139e+00
-2.140e+00
-2.142e+00
-2.142e+00
-2.123e+00
-2.142e+00
-2.121e+00
-2.124e+00
-2.126e+00
-2.128e+00
-2.129e+00
-2.131e+00
-2.131e+00
-2.133e+00
-2.134e+00
-2.136e+00
-2.137e+00
-2.138e+00
-2.139e+00
-2.140e+00
-2.140e+00
-2.141e+00
-2.142e+00
-2.142e+00
-2.143e+00
-2.123e+00
-2.146e+00
-2.127e+00
-2.128e+00
-2.130e+00
-2.131e+00
-2.133e+00
-2.135e+00
-2.136e+00
-2.137e+00
-2.138e+00
-2.138e+00
-2.140e+00
-2.140e+00
-2.141e+00
-2.142e+00
-2.142e+00
-2.142e+00
-2.143e+00
-2.143e+00
-2.143e+00
-2.124e+00
-2.152e+00
-2.131e+00
-2.133e+00
-2.135e+00
-2.136e+00
-2.138e+00
-2.139e+00
-2.140e+00
-2.140e+00
-2.141e+00
-2.142e+00
-2.142e+00
-2.143e+00
-2.142e+00
-2.143e+00
-2.143e+00
-2.143e+00
-2.143e+00
-2.145e+00
-2.145e+00
-2.125e+00
-2.158e+00
-2.136e+00
-2.139e+00
-2.140e+00
-2.140e+00
-2.141e+00
-2.142e+00
-2.143e+00
-2.143e+00
-2.143e+00
-2.142e+00
-2.143e+00
-2.143e+00
-2.144e+00
-2.144e+00
-2.144e+00
-2.144e+00
-2.145e+00
-2.146e+00
-2.146e+00
-2.126e+00
-2.165e+00
-2.141e+00
-2.142e+00
-2.142e+00
-2.143e+00
-2.143e+00
-2.144e+00
-2.144e+00
-2.145e+00
-2.145e+00
-2.144e+00
-2.145e+00
-2.145e+00
-2.145e+00
-2.146e+00
-2.146e+00
-2.145e+00
-2.146e+00
-2.147e+00
-2.147e+00
-2.127e+00
-2.142e+00
-2.124e+00
-2.124e+00
-2.124e+00
-2.124e+00
-2.125e+00
-2.125e+00
-2.126e+00
-2.126e+00
-2.126e+00
-2.126e+00
-2.126e+00
-2.126e+00
-2.127e+00
-2.126e+00
-2.126e+00
-2.127e+00
-2.127e+00
-2.128e+00
-2.127e+00
-2.120e+00
-2.034e+00
-2.035e+00
-2.035e+00
-2.035e+00
-2.036e+00
-2.036e+00
-2.036e+00
-2.036e+00
-2.037e+00
-2.036e+00
-2.037e+00
-2.037e+00
-2.038e+00
-2.038e+00
-2.039e+00
-2.041e+00
-2.042e+00
-2.044e+00
-2.046e+00
-2.048e+00
-2.049e+00
-2.035e+00
-2.035e+00
-2.036e+00
-2.036e+00
-2.036e+00
-2.036e+00
-2.036e+00
-2.036e+00
-2.035e+00
-2.036e+00
-2.037e+00
-2.038e+00
-2.039e+00
-2.039e+00
-2.040e+00
-2.042e+00
-2.044e+00
-2.046e+00
-2.047e+00
-2.050e+00
-2.049e+00
-2.036e+00
-2.036e+00
-2.036e+00
-2.036e+00
-2.036e+00
-2.036e+00
-2.037e+00
-2.037e+00
-2.038e+00
-2.039e+00
-2.040e+00
-2.041e+00
-2.042e+00
-2.044e+00
-2.046e+00
-2.047e+00
-2.049e+00
-2.050e+00
-2.052e+00
-2.054e+00
-2.054e+00
-2.036e+00
-2.036e+00
-2.036e+00
-2.036e+00
-2.037e+00
-2.038e+00
-2.039e+00
-2.040e+00
-2.041e+00
-2.043e+00
-2.044e+00
-2.046e+00
-2.047e+00
-2.048e+00
-2.050e+00
-2.051e+00
-2.053e+00
-2.055e+00
-2.057e+00
-2.059e+00
-2.059e+00
-2.037e+00
-2.037e+00
-2.038e+00
-2.039e+00
-2.039e+00
-2.040e+00
-2.042e+00
-2.044e+00
-2.046e+00
-2.046e+00
-2.049e+00
-2.049e+00
-2.051e+00
-2.053e+00
-2.054e+00
-2.056e+00
-2.058e+00
-2.059e+00
-2.062e+00
-2.063e+00
-2.063e+00
-2.038e+00
-2.039e+00
-2.040e+00
-2.041e+00
-2.043e+00
-2.045e+00
-2.046e+00
-2.048e+00
-2.049e+00
-2.050e+00
-2.052e+00
-2.054e+00
-2.055e+00
-2.057e+00
-2.059e+00
-2.060e+00
-2.062e+00
-2.063e+00
-2.065e+00
-2.067e+00
-2.067e+00
-2.041e+00
-2.041e+00
-2.043e+00
-2.045e+00
-2.047e+00
-2.049e+00
-2.051e+00
-2.052e+00
-2.053e+00
-2.055e+00
-2.057e+00
-2.058e+00
-2.059e+00
-2.061e+00
-2.062e+00
-2.064e+00
-2.066e+00
-2.067e+00
-2.069e+00
-2.071e+00
-2.071e+00
-2.045e+00
-2.046e+00
-2.047e+00
-2.049e+00
-2.050e+00
-2.052e+00
-2.054e+00
-2.055e+00
-2.058e+00
-2.058e+00
-2.060e+00
-2.062e+00
-2.063e+00
-2.064e+00
-2.066e+00
-2.068e+00
-2.070e+00
-2.072e+00
-2.073e+00
-2.075e+00
-2.075e+00
-2.050e+00
-2.049e+00
-2.051e+00
-2.053e+00
-2.055e+00
-2.057e+00
-2.059e+00
-2.059e+00
-2.061e+00
-2.062e+00
-2.064e+00
-2.065e+00
-2.067e+00
-2.069e+00
-2.069e+00
-2.071e+00
-2.073e+00
-2.075e+00
-2.076e+00
-2.079e+00
-2.078e+00
-2.053e+00
-2.053e+00
-2.055e+00
-2.056e+00
-2.058e+00
-2.060e+00
-2.062e+00
-2.063e+00
-2.064e+00
-2.065e+00
-2.067e+00
-2.069e+00
-2.071e+00
-2.071e+00
-2.073e+00
-2.075e+00
-2.076e+00
-2.079e+00
-2.080e+00
-2.081e+00
-2.081e+00
-2.057e+00
-2.056e+00
-2.059e+00
-2.060e+00
-2.063e+00
-2.063e+00
-2.065e+00
-2.066e+00
-2.068e+00
-2.070e+00
-2.071e+00
-2.072e+00
-2.073e+00
-2.075e+00
-2.076e+00
-2.078e+00
-2.079e+00
-2.081e+00
-2.083e+00
-2.085e+00
-2.084e+00
-2.060e+00
-2.060e+00
-2.063e+00
-2.064e+00
-2.066e+00
-2.067e+00
-2.069e+00
-2.071e+00
-2.072e+00
-2.073e+00
-2.074e+00
-2.076e+00
-2.077e+00
-2.078e+00
-2.079e+00
-2.080e+00
-2.081e+00
-2.083e+00
-2.085e+00
-2.087e+00
-2.086e+00
-2.064e+00
-2.064e+00
-2.065e+00
-2.067e+00
-2.069e+00
-2.071e+00
-2.073e+00
-2.073e+00
-2.075e+00
-2.077e+00
-2.077e+00
-2.078e+00
-2.080e+00
-2.081e+00
-2.082e+00
-2.084e+00
-2.085e+00
-2.086e+00
-2.088e+00
-2.089e+00
-2.089e+00
-2.068e+00
-2.067e+00
-2.070e+00
-2.071e+00
-2.072e+00
-2.074e+00
-2.076e+00
-2.078e+00
-2.079e+00
-2.079e+00
-2.081e+00
-2.081e+00
-2.083e+00
-2.084e+00
-2.085e+00
-2.086e+00
-2.087e+00
-2.089e+00
-2.090e+00
-2.091e+00
-2.091e+00
-2.072e+00
-2.071e+00
-2.073e+00
-2.075e+00
-2.076e+00
-2.079e+00
-2.078e+00
-2.080e+00
-2.081e+00
-2.083e+00
-2.083e+00
-2.084e+00
-2.086e+00
-2.086e+00
-2.087e+00
-2.089e+00
-2.089e+00
-2.090e+00
-2.091e+00
-2.092e+00
-2.092e+00
-2.075e+00
-2.075e+00
-2.077e+00
-2.078e+00
-2.080e+00
-2.082e+00
-2.083e+00
-2.083e+00
-2.084e+00
-2.086e+00
-2.086e+00
-2.087e+00
-2.088e+00
-2.089e+00
-2.090e+00
-2.090e+00
-2.091e+00
-2.092e+00
-2.092e+00
-2.093e+00
-2.092e+00
-2.079e+00
-2.079e+00
-2.081e+00
-2.082e+00
-2.083e+00
-2.085e+00
-2.085e+00
-2.087e+00
-2.088e+00
-2.089e+00
-2.089e+00
-2.090e+00
-2.090e+00
-2.090e+00
-2.091e+00
-2.092e+00
-2.092e+00
-2.093e+00
-2.093e+00
-2.094e+00
-2.093e+00
-2.083e+00
-2.082e+00
-2.084e+00
-2.085e+00
-2.087e+00
-2.088e+00
-2.089e+00
-2.090e+00
-2.090e+00
-2.090e+00
-2.091e+00
-2.092e+00
-2.092e+00
-2.092e+00
-2.093e+00
-2.092e+00
-2.093e+00
-2.093e+00
-2.094e+00
-2.095e+00
-2.094e+00
-2.087e+00
-2.087e+00
-2.088e+00
-2.089e+00
-2.090e+00
-2.091e+00
-2.092e+00
-2.092e+00
-2.092e+00
-2.092e+00
-2.092e+00
-2.093e+00
-2.094e+00
-2.093e+00
-2.093e+00
-2.094e+00
-2.095e+00
-2.094e+00
-2.095e+00
-2.096e+00
-2.095e+00
-2.091e+00
-2.091e+00
-2.092e+00
-2.092e+00
-2.094e+00
-2.093e+00
-2.094e+00
-2.094e+00
-2.094e+00
-2.095e+00
-2.095e+00
-2.095e+00
-2.095e+00
-2.095e+00
-2.095e+00
-2.096e+00
-2.095e+00
-2.096e+00
-2.096e+00
-2.097e+00
-2.097e+00
-2.092e+00
-2.092e+00
-2.093e+00
-2.094e+00
-2.094e+00
-2.095e+00
-2.094e+00
-2.095e+00
-2.095e+00
-2.095e+00
-2.095e+00
-2.095e+00
-2.096e+00
-2.095e+00
-2.095e+00
-2.096e+00
-2.097e+00
-2.097e+00
-2.097e+00
-2.097e+00
-2.098e+00
-2.002e+00
-1.994e+00
-1.997e+00
-1.998e+00
-2.001e+00
-2.002e+00
-2.004e+00
-2.006e+00
-2.008e+00
-2.009e+00
-2.010e+00
-2.012e+00
-2.013e+00
-2.015e+00
-2.015e+00
-2.018e+00
-2.019e+00
-2.021e+00
-2.023e+00
-2.025e+00
-2.011e+00
-1.997e+00
-1.981e+00
-1.983e+00
-1.986e+00
-1.987e+00
-1.990e+00
-1.991e+00
-1.993e+00
-1.995e+00
-1.996e+00
-1.997e+00
-1.999e+00
-2.000e+00
-2.001e+00
-2.002e+00
-2.004e+00
-2.007e+00
-2.008e+00
-2.010e+00
-2.012e+00
-2.001e+00
-2.001e+00
-1.987e+00
-1.989e+00
-1.991e+00
-1.993e+00
-1.995e+00
-1.997e+00
-1.998e+00
-1.999e+00
-2.000e+00
-2.002e+00
-2.003e+00
-2.005e+00
-2.006e+00
-2.008e+00
-2.009e+00
-2.011e+00
-2.013e+00
-2.014e+00
-2.016e+00
-2.006e+00
-2.007e+00
-1.992e+00
-1.994e+00
-1.996e+00
-1.998e+00
-1.999e+00
-2.000e+00
-2.002e+00
-2.002e+00
-2.005e+00
-2.007e+00
-2.008e+00
-2.010e+00
-2.010e+00
-2.012e+00
-2.014e+00
-2.016e+00
-2.017e+00
-2.019e+00
-2.021e+00
-2.010e+00
-2.011e+00
-1.997e+00
-1.998e+00
-1.999e+00
-2.002e+00
-2.002e+00
-2.004e+00
-2.006e+00
-2.008e+00
-2.009e+00
-2.011e+00
-2.012e+00
-2.014e+00
-2.015e+00
-2.017e+00
-2.018e+00
-2.020e+00
-2.021e+00
-2.024e+00
-2.025e+00
-2.015e+00
-2.014e+00
-2.000e+00
-2.002e+00
-2.003e+00
-2.005e+00
-2.007e+00
-2.009e+00
-2.010e+00
-2.012e+00
-2.013e+00
-2.014e+00
-2.016e+00
-2.017e+00
-2.019e+00
-2.021e+00
-2.023e+00
-2.025e+00
-2.026e+00
-2.028e+00
-2.030e+00
-2.018e+00
-2.018e+00
-2.003e+00
-2.005e+00
-2.008e+00
-2.009e+00
-2.011e+00
-2.012e+00
-2.014e+00
-2.016e+00
-2.017e+00
-2.019e+00
-2.020e+00
-2.022e+00
-2.024e+00
-2.024e+00
-2.026e+00
-2.028e+00
-2.030e+00
-2.031e+00
-2.033e+00
-2.022e+00
-2.022e+00
-2.008e+00
-2.009e+00
-2.012e+00
-2.013e+00
-2.014e+00
-2.017e+00
-2.018e+00
-2.020e+00
-2.021e+00
-2.023e+00
-2.025e+00
-2.026e+00
-2.027e+00
-2.029e+00
-2.030e+00
-2.031e+00
-2.033e+00
-2.035e+00
-2.037e+00
-2.026e+00
-2.026e+00
-2.011e+00
-2.014e+00
-2.015e+00
-2.017e+00
-2.019e+00
-2.020e+00
-2.021e+00
-2.023e+00
-2.024e+00
-2.026e+00
-2.028e+00
-2.029e+00
-2.030e+00
-2.032e+00
-2.034e+00
-2.035e+00
-2.036e+00
-2.038e+00
-2.040e+00
-2.029e+00
-2.030e+00
-2.015e+00
-2.017e+00
-2.018e+00
-2.021e+00
-2.023e+00
-2.023e+00
-2.026e+00
-2.027e+00
-2.028e+00
-2.030e+00
-2.031e+00
-2.032e+00
-2.033e+00
-2.035e+00
-2.036e+00
-2.038e+00
-2.040e+00
-2.042e+00
-2.044e+00
-2.032e+00
-2.034e+00
-2.018e+00
-2.021e+00
-2.023e+00
-2.024e+00
-2.026e+00
-2.027e+00
-2.029e+00
-2.030e+00
-2.031e+00
-2.034e+00
-2.035e+00
-2.036e+00
-2.037e+00
-2.038e+00
-2.040e+00
-2.041e+00
-2.043e+00
-2.045e+00
-2.046e+00
-2.036e+00
-2.038e+00
-2.022e+00
-2.025e+00
-2.027e+00
-2.028e+00
-2.029e+00
-2.031e+00
-2.032e+00
-2.033e+00
-2.035e+00
-2.036e+00
-2.038e+00
-2.038e+00
-2.040e+00
-2.042e+00
-2.043e+00
-2.044e+00
-2.046e+00
-2.047e+00
-2.049e+00
-2.037e+00
-2.041e+00
-2.027e+00
-2.028e+00
-2.030e+00
-2.031e+00
-2.034e+00
-2.035e+00
-2.036e+00
-2.037e+00
-2.038e+00
-2.040e+00
-2.041e+00
-2.041e+00
-2.043e+00
-2.044e+00
-2.045e+00
-2.046e+00
-2.048e+00
-2.050e+00
-2.051e+00
-2.040e+00
-2.045e+00
-2.030e+00
-2.031e+00
-2.034e+00
-2.035e+00
-2.037e+00
-2.038e+00
-2.039e+00
-2.041e+00
-2.041e+00
-2.042e+00
-2.044e+00
-2.044e+00
-2.046e+00
-2.046e+00
-2.048e+00
-2.049e+00
-2.051e+00
-2.052e+00
-2.053e+00
-2.042e+00
-2.048e+00
-2.034e+00
-2.035e+00
-2.037e+00
-2.038e+00
-2.040e+00
-2.041e+00
-2.042e+00
-2.044e+00
-2.045e+00
-2.045e+00
-2.047e+00
-2.048e+00
-2.048e+00
-2.049e+00
-2.051e+00
-2.051e+00
-2.052e+00
-2.053e+00
-2.055e+00
-2.042e+00
-2.052e+00
-2.038e+00
-2.039e+00
-2.040e+00
-2.042e+00
-2.043e+00
-2.045e+00
-2.046e+00
-2.047e+00
-2.048e+00
-2.048e+00
-2.049e+00
-2.050e+00
-2.051e+00
-2.052e+00
-2.053e+00
-2.053e+00
-2.053e+00
-2.055e+00
-2.056e+00
-2.043e+00
-2.056e+00
-2.041e+00
-2.042e+00
-2.044e+00
-2.045e+00
-2.047e+00
-2.047e+00
-2.049e+00
-2.050e+00
-2.051e+00
-2.051e+00
-2.052e+00
-2.053e+00
-2.053e+00
-2.053e+00
-2.053e+00
-2.054e+00
-2.054e+00
-2.056e+00
-2.056e+00
-2.044e+00
-2.059e+00
-2.044e+00
-2.047e+00
-2.048e+00
-2.050e+00
-2.050e+00
-2.051e+00
-2.052e+00
-2.052e+00
-2.053e+00
-2.053e+00
-2.053e+00
-2.054e+00
-2.054e+00
-2.054e+00
-2.055e+00
-2.056e+00
-2.056e+00
-2.056e+00
-2.056e+00
-2.045e+00
-2.064e+00
-2.049e+00
-2.050e+00
-2.051e+00
-2.053e+00
-2.053e+00
-2.053e+00
-2.054e+00
-2.055e+00
-2.054e+00
-2.055e+00
-2.056e+00
-2.055e+00
-2.056e+00
-2.056e+00
-2.056e+00
-2.056e+00
-2.056e+00
-2.057e+00
-2.058e+00
-2.047e+00
-2.068e+00
-2.053e+00
-2.054e+00
-2.055e+00
-2.055e+00
-2.056e+00
-2.056e+00
-2.056e+00
-2.056e+00
-2.056e+00
-2.057e+00
-2.057e+00
-2.058e+00
-2.057e+00
-2.058e+00
-2.058e+00
-2.058e+00
-2.059e+00
-2.059e+00
-2.059e+00
-2.048e+00
-2.054e+00
-2.043e+00
-2.044e+00
-2.044e+00
-2.044e+00
-2.046e+00
-2.045e+00
-2.046e+00
-2.046e+00
-2.047e+00
-2.046e+00
-2.047e+00
-2.047e+00
-2.048e+00
-2.047e+00
-2.048e+00
-2.048e+00
-2.048e+00
-2.049e+00
-2.049e+00
-2.045e+00
-1.926e+00
-1.928e+00
-1.929e+00
-1.932e+00
-1.934e+00
-1.935e+00
-1.937e+00
-1.939e+00
-1.940e+00
-1.941e+00
-1.943e+00
-1.945e+00
-1.946e+00
-1.947e+00
-1.949e+00
-1.950e+00
-1.952e+00
-1.954e+00
-1.956e+00
-1.957e+00
-1.958e+00
-1.929e+00
-1.930e+00
-1.931e+00
-1.933e+00
-1.935e+00
-1.937e+00
-1.940e+00
-1.941e+00
-1.942e+00
-1.944e+00
-1.946e+00
-1.947e+00
-1.948e+00
-1.949e+00
-1.951e+00
-1.952e+00
-1.954e+00
-1.956e+00
-1.958e+00
-1.960e+00
-1.960e+00
-1.934e+00
-1.935e+00
-1.937e+00
-1.939e+00
-1.941e+00
-1.942e+00
-1.944e+00
-1.945e+00
-1.947e+00
-1.948e+00
-1.950e+00
-1.951e+00
-1.953e+00
-1.954e+00
-1.956e+00
-1.956e+00
-1.959e+00
-1.961e+00
-1.962e+00
-1.964e+00
-1.965e+00
-1.940e+00
-1.940e+00
-1.941e+00
-1.943e+00
-1.945e+00
-1.947e+00
-1.948e+00
-1.950e+00
-1.951e+00
-1.953e+00
-1.954e+00
-1.956e+00
-1.957e+00
-1.959e+00
-1.960e+00
-1.962e+00
-1.963e+00
-1.965e+00
-1.967e+00
-1.968e+00
-1.968e+00
-1.944e+00
-1.943e+00
-1.946e+00
-1.947e+00
-1.950e+00
-1.950e+00
-1.952e+00
-1.954e+00
-1.955e+00
-1.957e+00
-1.958e+00
-1.960e+00
-1.961e+00
-1.963e+00
-1.964e+00
-1.966e+00
-1.967e+00
-1.969e+00
-1.972e+00
-1.973e+00
-1.973e+00
-1.948e+00
-1.948e+00
-1.950e+00
-1.951e+00
-1.953e+00
-1.955e+00
-1.957e+00
-1.958e+00
-1.960e+00
-1.960e+00
-1.962e+00
-1.964e+00
-1.966e+00
-1.966e+00
-1.968e+00
-1.970e+00
-1.971e+00
-1.974e+00
-1.975e+00
-1.977e+00
-1.977e+00
-1.951e+00
-1.951e+00
-1.954e+00
-1.955e+00
-1.957e+00
-1.958e+00
-1.960e+00
-1.961e+00
-1.963e+00
-1.965e+00
-1.966e+00
-1.967e+00
-1.969e+00
-1.970e+00
-1.972e+00
-1.974e+00
-1.976e+00
-1.977e+00
-1.979e+00
-1.981e+00
-1.980e+00
-1.955e+00
-1.956e+00
-1.957e+00
-1.959e+00
-1.960e+00
-1.962e+00
-1.964e+00
-1.965e+00
-1.967e+00
-1.968e+00
-1.970e+00
-1.971e+00
-1.973e+00
-1.974e+00
-1.975e+00
-1.977e+00
-1.979e+00
-1.980e+00
-1.982e+00
-1.984e+00
-1.984e+00
-1.959e+00
-1.960e+00
-1.961e+00
-1.963e+00
-1.965e+00
-1.966e+00
-1.967e+00
-1.969e+00
-1.971e+00
-1.972e+00
-1.973e+00
-1.975e+00
-1.975e+00
-1.978e+00
-1.979e+00
-1.981e+00
-1.982e+00
-1.984e+00
-1.986e+00
-1.988e+00
-1.987e+00
-1.962e+00
-1.963e+00
-1.964e+00
-1.967e+00
-1.968e+00
-1.970e+00
-1.971e+00
-1.973e+00
-1.974e+00
-1.975e+00
-1.977e+00
-1.978e+00
-1.979e+00
-1.981e+00
-1.982e+00
-1.984e+00
-1.985e+00
-1.987e+00
-1.989e+00
-1.990e+00
-1.990e+00
-1.966e+00
-1.967e+00
-1.968e+00
-1.970e+00
-1.971e+00
-1.974e+00
-1.975e+00
-1.977e+00
-1.978e+00
-1.979e+00
-1.980e+00
-1.981e+00
-1.983e+00
-1.984e+00
-1.985e+00
-1.987e+00
-1.988e+00
-1.990e+00
-1.992e+00
-1.993e+00
-1.993e+00
-1.970e+00
-1.970e+00
-1.971e+00
-1.973e+00
-1.976e+00
-1.977e+00
-1.978e+00
-1.979e+00
-1.981e+00
-1.983e+00
-1.984e+00
-1.985e+00
-1.985e+00
-1.988e+00
-1.989e+00
-1.989e+00
-1.991e+00
-1.992e+00
-1.994e+00
-1.996e+00
-1.996e+00
-1.974e+00
-1.973e+00
-1.976e+00
-1.977e+00
-1.978e+00
-1.980e+00
-1.981e+00
-1.982e+00
-1.984e+00
-1.985e+00
-1.987e+00
-1.988e+00
-1.988e+00
-1.990e+00
-1.991e+00
-1.992e+00
-1.994e+00
-1.995e+00
-1.997e+00
-1.998e+00
-1.998e+00
-1.977e+00
-1.977e+00
-1.979e+00
-1.981e+00
-1.982e+00
-1.984e+00
-1.984e+00
-1.986e+00
-1.988e+00
-1.989e+00
-1.989e+00
-1.991e+00
-1.991e+00
-1.992e+00
-1.993e+00
-1.995e+00
-1.997e+00
-1.997e+00
-1.999e+00
-2.000e+00
-2.000e+00
-1.981e+00
-1.981e+00
-1.982e+00
-1.984e+00
-1.986e+00
-1.987e+00
-1.988e+00
-1.989e+00
-1.990e+00
-1.992e+00
-1.992e+00
-1.993e+00
-1.995e+00
-1.995e+00
-1.996e+00
-1.997e+00
-1.997e+00
-1.999e+00
-2.000e+00
-2.001e+00
-2.002e+00
-1.984e+00
-1.984e+00
-1.986e+00
-1.988e+00
-1.989e+00
-1.990e+00
-1.992e+00
-1.992e+00
-1.994e+00
-1.995e+00
-1.995e+00
-1.996e+00
-1.997e+00
-1.998e+00
-1.998e+00
-1.999e+00
-2.000e+00
-2.000e+00
-2.001e+00
-2.002e+00
-2.002e+00
-1.988e+00
-1.988e+00
-1.989e+00
-1.991e+00
-1.992e+00
-1.994e+00
-1.994e+00
-1.996e+00
-1.996e+00
-1.997e+00
-1.998e+00
-1.999e+00
-1.999e+00
-2.000e+00
-2.000e+00
-2.001e+00
-2.001e+00
-2.002e+00
-2.003e+00
-2.003e+00
-2.003e+00
-1.991e+00
-1.991e+00
-1.993e+00
-1.995e+00
-1.996e+00
-1.997e+00
-1.998e+00
-1.999e+00
-1.999e+00
-2.000e+00
-2.001e+00
-2.001e+00
-2.001e+00
-2.001e+00
-2.002e+00
-2.002e+00
-2.003e+00
-2.003e+00
-2.003e+00
-2.005e+00
-2.004e+00
-1.996e+00
-1.996e+00
-1.997e+00
-1.998e+00
-1.999e+00
-2.000e+00
-2.000e+00
-2.001e+00
-2.002e+00
-2.001e+00
-2.002e+00
-2.003e+00
-2.002e+00
-2.003e+00
-2.003e+00
-2.004e+00
-2.004e+00
-2.005e+00
-2.005e+00
-2.006e+00
-2.006e+00
-2.000e+00
-2.000e+00
-2.001e+00
-2.001e+00
-2.003e+00
-2.003e+00
-2.003e+00
-2.004e+00
-2.004e+00
-2.005e+00
-2.004e+00
-2.005e+00
-2.005e+00
-2.006e+00
-2.006e+00
-2.006e+00
-2.006e+00
-2.007e+00
-2.008e+00
-2.008e+00
-2.008e+00
-2.001e+00
-2.001e+00
-2.003e+00
-2.004e+00
-2.004e+00
-2.004e+00
-2.004e+00
-2.005e+00
-2.006e+00
-2.005e+00
-2.006e+00
-2.007e+00
-2.006e+00
-2.007e+00
-2.007e+00
-2.007e+00
-2.008e+00
-2.008e+00
-2.008e+00
-2.009e+00
-2.010e+00
-1.950e+00
-1.951e+00
-1.953e+00
-1.955e+00
-1.958e+00
-1.959e+00
-1.961e+00
-1.963e+00
-1.963e+00
-1.965e+00
-1.967e+00
-1.969e+00
-1.970e+00
-1.971e+00
-1.973e+00
-1.974e+00
-1.976e+00
-1.977e+00
-1.979e+00
-1.982e+00
-1.982e+00
-1.953e+00
-1.954e+00
-1.955e+00
-1.957e+00
-1.960e+00
-1.961e+00
-1.963e+00
-1.965e+00
-1.966e+00
-1.968e+00
-1.968e+00
-1.971e+00
-1.972e+00
-1.973e+00
-1.974e+00
-1.977e+00
-1.977e+00
-1.980e+00
-1.982e+00
-1.984e+00
-1.984e+00
-1.958e+00
-1.958e+00
-1.960e+00
-1.962e+00
-1.964e+00
-1.966e+00
-1.968e+00
-1.969e+00
-1.971e+00
-1.973e+00
-1.974e+00
-1.975e+00
-1.976e+00
-1.977e+00
-1.979e+00
-1.981e+00
-1.983e+00
-1.985e+00
-1.986e+00
-1.988e+00
-1.988e+00
-1.963e+00
-1.963e+00
-1.966e+00
-1.967e+00
-1.969e+00
-1.971e+00
-1.972e+00
-1.974e+00
-1.975e+00
-1.977e+00
-1.977e+00
-1.979e+00
-1.981e+00
-1.983e+00
-1.984e+00
-1.985e+00
-1.987e+00
-1.988e+00
-1.991e+00
-1.992e+00
-1.993e+00
-1.968e+00
-1.968e+00
-1.970e+00
-1.971e+00
-1.972e+00
-1.975e+00
-1.976e+00
-1.977e+00
-1.979e+00
-1.981e+00
-1.982e+00
-1.984e+00
-1.985e+00
-1.987e+00
-1.988e+00
-1.989e+00
-1.991e+00
-1.993e+00
-1.995e+00
-1.997e+00
-1.997e+00
-1.971e+00
-1.972e+00
-1.974e+00
-1.975e+00
-1.977e+00
-1.978e+00
-1.980e+00
-1.981e+00
-1.983e+00
-1.984e+00
-1.986e+00
-1.987e+00
-1.989e+00
-1.990e+00
-1.992e+00
-1.994e+00
-1.995e+00
-1.997e+00
-1.999e+00
-2.000e+00
-2.001e+00
-1.975e+00
-1.976e+00
-1.977e+00
-1.979e+00
-1.981e+00
-1.982e+00
-1.984e+00
-1.986e+00
-1.987e+00
-1.989e+00
-1.990e+00
-1.991e+00
-1.993e+00
-1.994e+00
-1.996e+00
-1.997e+00
-1.998e+00
-2.001e+00
-2.003e+00
-2.004e+00
-2.004e+00
-1.979e+00
-1.980e+00
-1.981e+00
-1.983e+00
-1.984e+00
-1.986e+00
-1.988e+00
-1.990e+00
-1.991e+00
-1.993e+00
-1.994e+00
-1.995e+00
-1.996e+00
-1.998e+00
-1.999e+00
-2.001e+00
-2.003e+00
-2.004e+00
-2.006e+00
-2.007e+00
-2.008e+00
-1.983e+00
-1.983e+00
-1.985e+00
-1.987e+00
-1.988e+00
-1.990e+00
-1.992e+00
-1.993e+00
-1.995e+00
-1.996e+00
-1.997e+00
-1.999e+00
-2.000e+00
-2.001e+00
-2.003e+00
-2.004e+00
-2.006e+00
-2.008e+00
-2.009e+00
-2.011e+00
-2.011e+00
-1.987e+00
-1.987e+00
-1.989e+00
-1.991e+00
-1.992e+00
-1.994e+00
-1.995e+00
-1.997e+00
-1.998e+00
-1.999e+00
-2.000e+00
-2.001e+00
-2.004e+00
-2.004e+00
-2.006e+00
-2.008e+00
-2.008e+00
-2.010e+00
-2.012e+00
-2.014e+00
-2.014e+00
-1.990e+00
-1.990e+00
-1.992e+00
-1.993e+00
-1.995e+00
-1.997e+00
-1.998e+00
-2.000e+00
-2.001e+00
-2.002e+00
-2.004e+00
-2.005e+00
-2.006e+00
-2.007e+00
-2.008e+00
-2.010e+00
-2.011e+00
-2.013e+00
-2.015e+00
-2.017e+00
-2.016e+00
-1.994e+00
-1.993e+00
-1.996e+00
-1.998e+00
-1.998e+00
-2.000e+00
-2.001e+00
-2.004e+00
-2.005e+00
-2.006e+00
-2.007e+00
-2.009e+00
-2.010e+00
-2.011e+00
-2.012e+00
-2.013e+00
-2.015e+00
-2.017e+00
-2.017e+00
-2.019e+00
-2.020e+00
-1.997e+00
-1.998e+00
-1.999e+00
-2.001e+00
-2.003e+00
-2.004e+00
-2.005e+00
-2.007e+00
-2.008e+00
-2.008e+00
-2.010e+00
-2.011e+00
-2.013e+00
-2.014e+00
-2.015e+00
-2.016e+00
-2.018e+00
-2.019e+00
-2.020e+00
-2.022e+00
-2.022e+00
-2.001e+00
-2.001e+00
-2.003e+00
-2.004e+00
-2.006e+00
-2.007e+00
-2.008e+00
-2.010e+00
-2.011e+00
-2.012e+00
-2.013e+00
-2.014e+00
-2.016e+00
-2.016e+00
-2.018e+00
-2.018e+00
-2.020e+00
-2.021e+00
-2.022e+00
-2.024e+00
-2.024e+00
-2.004e+00
-2.004e+00
-2.006e+00
-2.008e+00
-2.009e+00
-2.010e+00
-2.011e+00
-2.013e+00
-2.014e+00
-2.015e+00
-2.016e+00
-2.017e+00
-2.018e+00
-2.019e+00
-2.020e+00
-2.021e+00
-2.022e+00
-2.023e+00
-2.024e+00
-2.025e+00
-2.025e+00
-2.008e+00
-2.008e+00
-2.009e+00
-2.011e+00
-2.013e+00
-2.013e+00
-2.015e+00
-2.017e+00
-2.017e+00
-2.018e+00
-2.019e+00
-2.019e+00
-2.020e+00
-2.021e+00
-2.022e+00
-2.023e+00
-2.024e+00
-2.024e+00
-2.025e+00
-2.026e+00
-2.026e+00
-2.012e+00
-2.012e+00
-2.014e+00
-2.014e+00
-2.017e+00
-2.018e+00
-2.018e+00
-2.019e+00
-2.020e+00
-2.021e+00
-2.022e+00
-2.022e+00
-2.023e+00
-2.023e+00
-2.023e+00
-2.025e+00
-2.025e+00
-2.026e+00
-2.027e+00
-2.027e+00
-2.028e+00
-2.016e+00
-2.015e+00
-2.017e+00
-2.018e+00
-2.020e+00
-2.020e+00
-2.022e+00
-2.022e+00
-2.023e+00
-2.023e+00
-2.023e+00
-2.025e+00
-2.025e+00
-2.026e+00
-2.026e+00
-2.026e+00
-2.027e+00
-2.028e+00
-2.028e+00
-2.029e+00
-2.028e+00
-2.019e+00
-2.019e+00
-2.021e+00
-2.022e+00
-2.023e+00
-2.024e+00
-2.025e+00
-2.025e+00
-2.025e+00
-2.026e+00
-2.026e+00
-2.027e+00
-2.027e+00
-2.028e+00
-2.027e+00
-2.029e+00
-2.029e+00
-2.029e+00
-2.030e+00
-2.031e+00
-2.031e+00
-2.024e+00
-2.023e+00
-2.024e+00
-2.026e+00
-2.027e+00
-2.027e+00
-2.028e+00
-2.028e+00
-2.029e+00
-2.029e+00
-2.029e+00
-2.030e+00
-2.029e+00
-2.030e+00
-2.030e+00
-2.031e+00
-2.031e+00
-2.032e+00
-2.033e+00
-2.034e+00
-2.033e+00
-2.024e+00
-2.026e+00
-2.026e+00
-2.028e+00
-2.028e+00
-2.029e+00
-2.029e+00
-2.030e+00
-2.030e+00
-2.030e+00
-2.030e+00
-2.031e+00
-2.030e+00
-2.032e+00
-2.032e+00
-2.032e+00
-2.032e+00
-2.034e+00
-2.033e+00
-2.035e+00
-2.036e+00
-2.011e+00
-2.012e+00
-2.014e+00
-2.017e+00
-2.018e+00
-2.020e+00
-2.022e+00
-2.023e+00
-2.025e+00
-2.026e+00
-2.028e+00
-2.029e+00
-2.031e+00
-2.032e+00
-2.034e+00
-2.036e+00
-2.036e+00
-2.039e+00
-2.040e+00
-2.042e+00
-2.042e+00
-2.014e+00
-2.015e+00
-2.016e+00
-2.019e+00
-2.020e+00
-2.022e+00
-2.023e+00
-2.025e+00
-2.027e+00
-2.028e+00
-2.030e+00
-2.031e+00
-2.033e+00
-2.034e+00
-2.035e+00
-2.036e+00
-2.039e+00
-2.041e+00
-2.042e+00
-2.044e+00
-2.044e+00
-2.019e+00
-2.019e+00
-2.022e+00
-2.023e+00
-2.025e+00
-2.027e+00
-2.028e+00
-2.029e+00
-2.031e+00
-2.033e+00
-2.035e+00
-2.036e+00
-2.037e+00
-2.039e+00
-2.041e+00
-2.042e+00
-2.044e+00
-2.045e+00
-2.047e+00
-2.049e+00
-2.049e+00
-2.024e+00
-2.024e+00
-2.026e+00
-2.028e+00
-2.029e+00
-2.031e+00
-2.033e+00
-2.035e+00
-2.036e+00
-2.036e+00
-2.039e+00
-2.040e+00
-2.041e+00
-2.043e+00
-2.044e+00
-2.046e+00
-2.047e+00
-2.049e+00
-2.051e+00
-2.053e+00
-2.053e+00
-2.028e+00
-2.028e+00
-2.030e+00
-2.032e+00
-2.033e+00
-2.035e+00
-2.037e+00
-2.039e+00
-2.040e+00
-2.041e+00
-2.042e+00
-2.044e+00
-2.046e+00
-2.047e+00
-2.048e+00
-2.050e+00
-2.052e+00
-2.053e+00
-2.055e+00
-2.057e+00
-2.056e+00
-2.032e+00
-2.032e+00
-2.035e+00
-2.036e+00
-2.038e+00
-2.040e+00
-2.040e+00
-2.042e+00
-2.044e+00
-2.045e+00
-2.047e+00
-2.048e+00
-2.050e+00
-2.051e+00
-2.052e+00
-2.054e+00
-2.056e+00
-2.056e+00
-2.059e+00
-2.060e+00
-2.059e+00
-2.036e+00
-2.035e+00
-2.038e+00
-2.040e+00
-2.041e+00
-2.043e+00
-2.045e+00
-2.046e+00
-2.047e+00
-2.049e+00
-2.051e+00
-2.051e+00
-2.054e+00
-2.054e+00
-2.056e+00
-2.057e+00
-2.058e+00
-2.060e+00
-2.061e+00
-2.062e+00
-2.061e+00
-2.040e+00
-2.041e+00
-2.042e+00
-2.043e+00
-2.045e+00
-2.047e+00
-2.048e+00
-2.049e+00
-2.051e+00
-2.052e+00
-2.054e+00
-2.055e+00
-2.056e+00
-2.058e+00
-2.059e+00
-2.059e+00
-2.061e+00
-2.062e+00
-2.063e+00
-2.063e+00
-2.062e+00
-2.043e+00
-2.043e+00
-2.046e+00
-2.047e+00
-2.049e+00
-2.051e+00
-2.051e+00
-2.053e+00
-2.055e+00
-2.056e+00
-2.057e+00
-2.058e+00
-2.059e+00
-2.060e+00
-2.062e+00
-2.062e+00
-2.062e+00
-2.063e+00
-2.063e+00
-2.064e+00
-2.064e+00
-2.048e+00
-2.047e+00
-2.049e+00
-2.051e+00
-2.052e+00
-2.054e+00
-2.055e+00
-2.056e+00
-2.058e+00
-2.059e+00
-2.060e+00
-2.061e+00
-2.061e+00
-2.062e+00
-2.062e+00
-2.063e+00
-2.064e+00
-2.064e+00
-2.066e+00
-2.067e+00
-2.066e+00
-2.051e+00
-2.051e+00
-2.052e+00
-2.054e+00
-2.056e+00
-2.057e+00
-2.058e+00
-2.059e+00
-2.060e+00
-2.061e+00
-2.061e+00
-2.062e+00
-2.062e+00
-2.063e+00
-2.064e+00
-2.065e+00
-2.065e+00
-2.067e+00
-2.069e+00
-2.070e+00
-2.069e+00
-2.055e+00
-2.054e+00
-2.055e+00
-2.057e+00
-2.058e+00
-2.060e+00
-2.061e+00
-2.061e+00
-2.062e+00
-2.062e+00
-2.063e+00
-2.063e+00
-2.064e+00
-2.065e+00
-2.065e+00
-2.067e+00
-2.068e+00
-2.070e+00
-2.072e+00
-2.073e+00
-2.073e+00
-2.058e+00
-2.057e+00
-2.059e+00
-2.060e+00
-2.061e+00
-2.061e+00
-2.062e+00
-2.063e+00
-2.064e+00
-2.064e+00
-2.064e+00
-2.065e+00
-2.066e+00
-2.068e+00
-2.069e+00
-2.071e+00
-2.072e+00
-2.073e+00
-2.075e+00
-2.077e+00
-2.077e+00
-2.061e+00
-2.059e+00
-2.061e+00
-2.062e+00
-2.062e+00
-2.063e+00
-2.064e+00
-2.064e+00
-2.064e+00
-2.066e+00
-2.067e+00
-2.068e+00
-2.070e+00
-2.071e+00
-2.073e+00
-2.074e+00
-2.076e+00
-2.078e+00
-2.079e+00
-2.081e+00
-2.080e+00
-2.063e+00
-2.061e+00
-2.063e+00
-2.064e+00
-2.063e+00
-2.065e+00
-2.065e+00
-2.067e+00
-2.068e+00
-2.070e+00
-2.071e+00
-2.072e+00
-2.073e+00
-2.074e+00
-2.076e+00
-2.078e+00
-2.080e+00
-2.081e+00
-2.083e+00
-2.085e+00
-2.083e+00
-2.064e+00
-2.064e+00
-2.064e+00
-2.065e+00
-2.066e+00
-2.067e+00
-2.070e+00
-2.070e+00
-2.072e+00
-2.073e+00
-2.074e+00
-2.076e+00
-2.077e+00
-2.079e+00
-2.080e+00
-2.081e+00
-2.083e+00
-2.084e+00
-2.086e+00
-2.087e+00
-2.087e+00
-2.066e+00
-2.065e+00
-2.067e+00
-2.069e+00
-2.070e+00
-2.071e+00
-2.072e+00
-2.074e+00
-2.076e+00
-2.077e+00
-2.078e+00
-2.079e+00
-2.081e+00
-2.082e+00
-2.084e+00
-2.085e+00
-2.086e+00
-2.087e+00
-2.089e+00
-2.090e+00
-2.091e+00
-2.070e+00
-2.069e+00
-2.071e+00
-2.073e+00
-2.074e+00
-2.075e+00
-2.077e+00
-2.079e+00
-2.079e+00
-2.081e+00
-2.082e+00
-2.084e+00
-2.085e+00
-2.086e+00
-2.087e+00
-2.088e+00
-2.090e+00
-2.091e+00
-2.094e+00
-2.096e+00
-2.095e+00
-2.074e+00
-2.073e+00
-2.075e+00
-2.076e+00
-2.078e+00
-2.079e+00
-2.081e+00
-2.083e+00
-2.083e+00
-2.085e+00
-2.086e+00
-2.087e+00
-2.087e+00
-2.089e+00
-2.091e+00
-2.093e+00
-2.095e+00
-2.096e+00
-2.098e+00
-2.101e+00
-2.101e+00
-2.079e+00
-2.077e+00
-2.079e+00
-2.081e+00
-2.082e+00
-2.084e+00
-2.084e+00
-2.086e+00
-2.087e+00
-2.089e+00
-2.090e+00
-2.092e+00
-2.094e+00
-2.095e+00
-2.097e+00
-2.099e+00
-2.100e+00
-2.101e+00
-2.104e+00
-2.106e+00
-2.106e+00
-2.079e+00
-2.078e+00
-2.080e+00
-2.082e+00
-2.083e+00
-2.084e+00
-2.085e+00
-2.087e+00
-2.089e+00
-2.091e+00
-2.092e+00
-2.094e+00
-2.096e+00
-2.097e+00
-2.099e+00
-2.101e+00
-2.103e+00
-2.104e+00
-2.106e+00
-2.108e+00
-2.110e+00
-2.042e+00
-2.045e+00
-2.047e+00
-2.050e+00
-2.053e+00
-2.056e+00
-2.058e+00
-2.060e+00
-2.063e+00
-2.066e+00
-2.067e+00
-2.070e+00
-2.073e+00
-2.075e+00
-2.078e+00
-2.080e+00
-2.082e+00
-2.085e+00
-2.087e+00
-2.088e+00
-2.088e+00
-2.047e+00
-2.047e+00
-2.050e+00
-2.054e+00
-2.055e+00
-2.059e+00
-2.062e+00
-2.063e+00
-2.066e+00
-2.069e+00
-2.071e+00
-2.073e+00
-2.076e+00
-2.077e+00
-2.081e+00
-2.083e+00
-2.085e+00
-2.086e+00
-2.087e+00
-2.090e+00
-2.090e+00
-2.054e+00
-2.055e+00
-2.057e+00
-2.060e+00
-2.062e+00
-2.065e+00
-2.067e+00
-2.071e+00
-2.073e+00
-2.075e+00
-2.078e+00
-2.079e+00
-2.082e+00
-2.084e+00
-2.085e+00
-2.086e+00
-2.088e+00
-2.090e+00
-2.093e+00
-2.097e+00
-2.097e+00
-2.061e+00
-2.061e+00
-2.064e+00
-2.067e+00
-2.069e+00
-2.072e+00
-2.074e+00
-2.076e+00
-2.079e+00
-2.081e+00
-2.082e+00
-2.084e+00
-2.085e+00
-2.087e+00
-2.089e+00
-2.092e+00
-2.095e+00
-2.098e+00
-2.101e+00
-2.104e+00
-2.104e+00
-2.068e+00
-2.067e+00
-2.070e+00
-2.073e+00
-2.076e+00
-2.078e+00
-2.080e+00
-2.082e+00
-2.084e+00
-2.085e+00
-2.086e+00
-2.088e+00
-2.091e+00
-2.093e+00
-2.096e+00
-2.099e+00
-2.101e+00
-2.104e+00
-2.107e+00
-2.110e+00
-2.111e+00
-2.074e+00
-2.073e+00
-2.076e+00
-2.079e+00
-2.081e+00
-2.083e+00
-2.084e+00
-2.086e+00
-2.087e+00
-2.090e+00
-2.093e+00
-2.095e+00
-2.098e+00
-2.100e+00
-2.103e+00
-2.106e+00
-2.108e+00
-2.111e+00
-2.114e+00
-2.117e+00
-2.116e+00
-2.079e+00
-2.080e+00
-2.082e+00
-2.083e+00
-2.085e+00
-2.086e+00
-2.090e+00
-2.092e+00
-2.095e+00
-2.097e+00
-2.100e+00
-2.102e+00
-2.104e+00
-2.107e+00
-2.109e+00
-2.111e+00
-2.115e+00
-2.117e+00
-2.120e+00
-2.122e+00
-2.122e+00
-2.084e+00
-2.083e+00
-2.085e+00
-2.088e+00
-2.090e+00
-2.093e+00
-2.096e+00
-2.098e+00
-2.101e+00
-2.103e+00
-2.106e+00
-2.108e+00
-2.110e+00
-2.113e+00
-2.115e+00
-2.118e+00
-2.120e+00
-2.123e+00
-2.125e+00
-2.128e+00
-2.128e+00
-2.088e+00
-2.088e+00
-2.091e+00
-2.094e+00
-2.096e+00
-2.100e+00
-2.102e+00
-2.104e+00
-2.107e+00
-2.109e+00
-2.111e+00
-2.114e+00
-2.117e+00
-2.119e+00
-2.120e+00
-2.123e+00
-2.125e+00
-2.128e+00
-2.130e+00
-2.133e+00
-2.134e+00
-2.094e+00
-2.094e+00
-2.097e+00
-2.100e+00
-2.103e+00
-2.106e+00
-2.108e+00
-2.110e+00
-2.113e+00
-2.115e+00
-2.117e+00
-2.119e+00
-2.122e+00
-2.123e+00
-2.126e+00
-2.128e+00
-2.130e+00
-2.134e+00
-2.136e+00
-2.138e+00
-2.138e+00
-2.101e+00
-2.100e+00
-2.103e+00
-2.106e+00
-2.109e+00
-2.112e+00
-2.114e+00
-2.117e+00
-2.118e+00
-2.121e+00
-2.122e+00
-2.125e+00
-2.127e+00
-2.129e+00
-2.131e+00
-2.134e+00
-2.136e+00
-2.138e+00
-2.141e+00
-2.145e+00
-2.144e+00
-2.106e+00
-2.106e+00
-2.109e+00
-2.112e+00
-2.115e+00
-2.117e+00
-2.119e+00
-2.122e+00
-2.123e+00
-2.126e+00
-2.128e+00
-2.130e+00
-2.132e+00
-2.134e+00
-2.136e+00
-2.139e+00
-2.142e+00
-2.144e+00
-2.146e+00
-2.149e+00
-2.149e+00
-2.112e+00
-2.112e+00
-2.115e+00
-2.117e+00
-2.121e+00
-2.122e+00
-2.124e+00
-2.127e+00
-2.129e+00
-2.131e+00
-2.133e+00
-2.135e+00
-2.137e+00
-2.140e+00
-2.142e+00
-2.144e+00
-2.147e+00
-2.149e+00
-2.152e+00
-2.155e+00
-2.155e+00
-2.118e+00
-2.118e+00
-2.120e+00
-2.124e+00
-2.126e+00
-2.128e+00
-2.130e+00
-2.132e+00
-2.134e+00
-2.136e+00
-2.139e+00
-2.141e+00
-2.143e+00
-2.145e+00
-2.147e+00
-2.150e+00
-2.153e+00
-2.155e+00
-2.157e+00
-2.160e+00
-2.160e+00
-2.124e+00
-2.123e+00
-2.127e+00
-2.129e+00
-2.131e+00
-2.134e+00
-2.137e+00
-2.138e+00
-2.140e+00
-2.142e+00
-2.145e+00
-2.146e+00
-2.149e+00
-2.151e+00
-2.153e+00
-2.155e+00
-2.158e+00
-2.160e+00
-2.162e+00
-2.164e+00
-2.165e+00
-2.130e+00
-2.129e+00
-2.132e+00
-2.135e+00
-2.137e+00
-2.140e+00
-2.142e+00
-2.144e+00
-2.147e+00
-2.148e+00
-2.150e+00
-2.153e+00
-2.155e+00
-2.156e+00
-2.159e+00
-2.161e+00
-2.163e+00
-2.165e+00
-2.167e+00
-2.170e+00
-2.170e+00
-2.135e+00
-2.135e+00
-2.138e+00
-2.141e+00
-2.143e+00
-2.145e+00
-2.148e+00
-2.150e+00
-2.153e+00
-2.154e+00
-2.156e+00
-2.158e+00
-2.160e+00
-2.162e+00
-2.163e+00
-2.166e+00
-2.168e+00
-2.170e+00
-2.173e+00
-2.176e+00
-2.176e+00
-2.142e+00
-2.142e+00
-2.145e+00
-2.147e+00
-2.150e+00
-2.152e+00
-2.155e+00
-2.156e+00
-2.158e+00
-2.160e+00
-2.161e+00
-2.164e+00
-2.166e+00
-2.168e+00
-2.170e+00
-2.172e+00
-2.174e+00
-2.177e+00
-2.179e+00
-2.181e+00
-2.181e+00
-2.148e+00
-2.148e+00
-2.152e+00
-2.154e+00
-2.156e+00
-2.159e+00
-2.161e+00
-2.162e+00
-2.164e+00
-2.166e+00
-2.168e+00
-2.170e+00
-2.172e+00
-2.174e+00
-2.176e+00
-2.178e+00
-2.180e+00
-2.182e+00
-2.185e+00
-2.187e+00
-2.188e+00
-2.155e+00
-2.156e+00
-2.158e+00
-2.160e+00
-2.163e+00
-2.165e+00
-2.167e+00
-2.169e+00
-2.171e+00
-2.172e+00
-2.174e+00
-2.177e+00
-2.179e+00
-2.181e+00
-2.183e+00
-2.185e+00
-2.187e+00
-2.190e+00
-2.192e+00
-2.194e+00
-2.193e+00
-2.158e+00
-2.158e+00
-2.161e+00
-2.163e+00
-2.166e+00
-2.168e+00
-2.170e+00
-2.172e+00
-2.174e+00
-2.176e+00
-2.178e+00
-2.179e+00
-2.181e+00
-2.184e+00
-2.186e+00
-2.188e+00
-2.189e+00
-2.192e+00
-2.195e+00
-2.197e+00
-2.199e+00
-2.212e+00
-2.214e+00
-2.217e+00
-2.220e+00
-2.223e+00
-2.225e+00
-2.228e+00
-2.230e+00
-2.233e+00
-2.236e+00
-2.237e+00
-2.240e+00
-2.243e+00
-2.246e+00
-2.248e+00
-2.251e+00
-2.253e+00
-2.256e+00
-2.259e+00
-2.262e+00
-2.262e+00
-2.217e+00
-2.217e+00
-2.220e+00
-2.222e+00
-2.225e+00
-2.228e+00
-2.230e+00
-2.233e+00
-2.236e+00
-2.239e+00
-2.241e+00
-2.243e+00
-2.246e+00
-2.248e+00
-2.251e+00
-2.254e+00
-2.257e+00
-2.259e+00
-2.262e+00
-2.265e+00
-2.265e+00
-2.225e+00
-2.225e+00
-2.227e+00
-2.230e+00
-2.233e+00
-2.235e+00
-2.237e+00
-2.240e+00
-2.243e+00
-2.246e+00
-2.249e+00
-2.251e+00
-2.253e+00
-2.256e+00
-2.258e+00
-2.261e+00
-2.264e+00
-2.266e+00
-2.270e+00
-2.272e+00
-2.272e+00
-2.231e+00
-2.231e+00
-2.234e+00
-2.237e+00
-2.239e+00
-2.242e+00
-2.245e+00
-2.248e+00
-2.249e+00
-2.252e+00
-2.255e+00
-2.257e+00
-2.260e+00
-2.263e+00
-2.265e+00
-2.268e+00
-2.271e+00
-2.274e+00
-2.276e+00
-2.279e+00
-2.279e+00
-2.237e+00
-2.237e+00
-2.241e+00
-2.243e+00
-2.246e+00
-2.249e+00
-2.251e+00
-2.254e+00
-2.257e+00
-2.259e+00
-2.262e+00
-2.264e+00
-2.267e+00
-2.270e+00
-2.272e+00
-2.275e+00
-2.278e+00
-2.280e+00
-2.283e+00
-2.286e+00
-2.286e+00
-2.243e+00
-2.245e+00
-2.248e+00
-2.250e+00
-2.253e+00
-2.256e+00
-2.258e+00
-2.260e+00
-2.264e+00
-2.266e+00
-2.268e+00
-2.271e+00
-2.273e+00
-2.276e+00
-2.278e+00
-2.281e+00
-2.283e+00
-2.286e+00
-2.289e+00
-2.292e+00
-2.291e+00
-2.251e+00
-2.251e+00
-2.254e+00
-2.257e+00
-2.259e+00
-2.262e+00
-2.265e+00
-2.267e+00
-2.271e+00
-2.273e+00
-2.275e+00
-2.278e+00
-2.280e+00
-2.282e+00
-2.285e+00
-2.287e+00
-2.289e+00
-2.292e+00
-2.295e+00
-2.297e+00
-2.297e+00
-2.257e+00
-2.257e+00
-2.260e+00
-2.263e+00
-2.266e+00
-2.268e+00
-2.271e+00
-2.274e+00
-2.276e+00
-2.279e+00
-2.281e+00
-2.284e+00
-2.286e+00
-2.287e+00
-2.291e+00
-2.293e+00
-2.295e+00
-2.297e+00
-2.300e+00
-2.303e+00
-2.303e+00
-2.263e+00
-2.264e+00
-2.267e+00
-2.269e+00
-2.272e+00
-2.275e+00
-2.277e+00
-2.280e+00
-2.282e+00
-2.285e+00
-2.287e+00
-2.289e+00
-2.291e+00
-2.294e+00
-2.296e+00
-2.298e+00
-2.301e+00
-2.303e+00
-2.307e+00
-2.308e+00
-2.308e+00
-2.270e+00
-2.270e+00
-2.273e+00
-2.276e+00
-2.278e+00
-2.281e+00
-2.284e+00
-2.286e+00
-2.287e+00
-2.290e+00
-2.293e+00
-2.294e+00
-2.296e+00
-2.299e+00
-2.302e+00
-2.304e+00
-2.306e+00
-2.309e+00
-2.312e+00
-2.314e+00
-2.315e+00
-2.276e+00
-2.276e+00
-2.279e+00
-2.282e+00
-2.284e+00
-2.287e+00
-2.289e+00
-2.291e+00
-2.293e+00
-2.295e+00
-2.298e+00
-2.300e+00
-2.302e+00
-2.304e+00
-2.307e+00
-2.309e+00
-2.312e+00
-2.315e+00
-2.317e+00
-2.320e+00
-2.320e+00
-2.282e+00
-2.282e+00
-2.285e+00
-2.288e+00
-2.290e+00
-2.293e+00
-2.294e+00
-2.296e+00
-2.299e+00
-2.302e+00
-2.303e+00
-2.306e+00
-2.308e+00
-2.310e+00
-2.312e+00
-2.315e+00
-2.317e+00
-2.320e+00
-2.322e+00
-2.325e+00
-2.325e+00
-2.288e+00
-2.288e+00
-2.290e+00
-2.293e+00
-2.295e+00
-2.297e+00
-2.300e+00
-2.302e+00
-2.304e+00
-2.307e+00
-2.308e+00
-2.312e+00
-2.314e+00
-2.315e+00
-2.318e+00
-2.320e+00
-2.323e+00
-2.326e+00
-2.328e+00
-2.331e+00
-2.331e+00
-2.293e+00
-2.293e+00
-2.296e+00
-2.299e+00
-2.301e+00
-2.303e+00
-2.305e+00
-2.309e+00
-2.310e+00
-2.313e+00
-2.315e+00
-2.317e+00
-2.319e+00
-2.321e+00
-2.324e+00
-2.326e+00
-2.328e+00
-2.331e+00
-2.333e+00
-2.337e+00
-2.336e+00
-2.299e+00
-2.299e+00
-2.302e+00
-2.304e+00
-2.307e+00
-2.310e+00
-2.312e+00
-2.315e+00
-2.316e+00
-2.318e+00
-2.321e+00
-2.323e+00
-2.325e+00
-2.327e+00
-2.329e+00
-2.331e+00
-2.334e+00
-2.337e+00
-2.340e+00
-2.342e+00
-2.342e+00
-2.305e+00
-2.306e+00
-2.309e+00
-2.310e+00
-2.313e+00
-2.315e+00
-2.318e+00
-2.321e+00
-2.323e+00
-2.325e+00
-2.327e+00
-2.329e+00
-2.331e+00
-2.334e+00
-2.336e+00
-2.338e+00
-2.340e+00
-2.342e+00
-2.344e+00
-2.347e+00
-2.347e+00
-2.311e+00
-2.312e+00
-2.314e+00
-2.317e+00
-2.319e+00
-2.322e+00
-2.324e+00
-2.326e+00
-2.329e+00
-2.331e+00
-2.333e+00
-2.335e+00
-2.337e+00
-2.339e+00
-2.341e+00
-2.343e+00
-2.345e+00
-2.347e+00
-2.350e+00
-2.353e+00
-2.353e+00
-2.318e+00
-2.318e+00
-2.321e+00
-2.323e+00
-2.326e+00
-2.329e+00
-2.331e+00
-2.333e+00
-2.334e+00
-2.337e+00
-2.339e+00
-2.341e+00
-2.343e+00
-2.345e+00
-2.347e+00
-2.349e+00
-2.351e+00
-2.354e+00
-2.357e+00
-2.359e+00
-2.360e+00
-2.325e+00
-2.325e+00
-2.327e+00
-2.330e+00
-2.332e+00
-2.334e+00
-2.337e+00
-2.339e+00
-2.341e+00
-2.343e+00
-2.345e+00
-2.348e+00
-2.349e+00
-2.351e+00
-2.354e+00
-2.356e+00
-2.358e+00
-2.361e+00
-2.363e+00
-2.366e+00
-2.366e+00
-2.332e+00
-2.332e+00
-2.334e+00
-2.337e+00
-2.339e+00
-2.342e+00
-2.344e+00
-2.346e+00
-2.348e+00
-2.350e+00
-2.352e+00
-2.354e+00
-2.357e+00
-2.358e+00
-2.361e+00
-2.363e+00
-2.364e+00
-2.367e+00
-2.370e+00
-2.373e+00
-2.373e+00
-2.333e+00
-2.335e+00
-2.337e+00
-2.340e+00
-2.342e+00
-2.344e+00
-2.347e+00
-2.349e+00
-2.351e+00
-2.353e+00
-2.355e+00
-2.357e+00
-2.359e+00
-2.361e+00
-2.364e+00
-2.365e+00
-2.368e+00
-2.370e+00
-2.373e+00
-2.376e+00
-2.377e+00
-2.388e+00
-2.389e+00
-2.392e+00
-2.396e+00
-2.398e+00
-2.401e+00
-2.404e+00
-2.406e+00
-2.408e+00
-2.411e+00
-2.414e+00
-2.417e+00
-2.419e+00
-2.422e+00
-2.425e+00
-2.427e+00
-2.430e+00
-2.432e+00
-2.436e+00
-2.439e+00
-2.439e+00
-2.392e+00
-2.393e+00
-2.396e+00
-2.399e+00
-2.402e+00
-2.405e+00
-2.407e+00
-2.409e+00
-2.412e+00
-2.415e+00
-2.417e+00
-2.420e+00
-2.422e+00
-2.425e+00
-2.428e+00
-2.430e+00
-2.432e+00
-2.436e+00
-2.438e+00
-2.441e+00
-2.442e+00
-2.399e+00
-2.400e+00
-2.403e+00
-2.406e+00
-2.408e+00
-2.411e+00
-2.414e+00
-2.417e+00
-2.419e+00
-2.422e+00
-2.425e+00
-2.427e+00
-2.430e+00
-2.432e+00
-2.435e+00
-2.437e+00
-2.440e+00
-2.443e+00
-2.446e+00
-2.449e+00
-2.449e+00
-2.407e+00
-2.407e+00
-2.410e+00
-2.413e+00
-2.416e+00
-2.418e+00
-2.421e+00
-2.424e+00
-2.427e+00
-2.428e+00
-2.432e+00
-2.434e+00
-2.436e+00
-2.440e+00
-2.442e+00
-2.444e+00
-2.447e+00
-2.450e+00
-2.452e+00
-2.456e+00
-2.456e+00
-2.413e+00
-2.414e+00
-2.417e+00
-2.420e+00
-2.422e+00
-2.425e+00
-2.428e+00
-2.430e+00
-2.433e+00
-2.435e+00
-2.438e+00
-2.441e+00
-2.444e+00
-2.446e+00
-2.448e+00
-2.451e+00
-2.454e+00
-2.456e+00
-2.459e+00
-2.462e+00
-2.462e+00
-2.420e+00
-2.421e+00
-2.424e+00
-2.426e+00
-2.429e+00
-2.431e+00
-2.435e+00
-2.437e+00
-2.439e+00
-2.443e+00
-2.445e+00
-2.448e+00
-2.450e+00
-2.452e+00
-2.455e+00
-2.457e+00
-2.461e+00
-2.463e+00
-2.466e+00
-2.468e+00
-2.469e+00
-2.427e+00
-2.427e+00
-2.430e+00
-2.433e+00
-2.436e+00
-2.438e+00
-2.442e+00
-2.443e+00
-2.446e+00
-2.449e+00
-2.451e+00
-2.454e+00
-2.456e+00
-2.459e+00
-2.461e+00
-2.464e+00
-2.467e+00
-2.469e+00
-2.472e+00
-2.475e+00
-2.475e+00
-2.433e+00
-2.434e+00
-2.437e+00
-2.440e+00
-2.442e+00
-2.445e+00
-2.447e+00
-2.449e+00
-2.452e+00
-2.455e+00
-2.457e+00
-2.460e+00
-2.462e+00
-2.465e+00
-2.468e+00
-2.469e+00
-2.472e+00
-2.475e+00
-2.477e+00
-2.480e+00
-2.480e+00
-2.440e+00
-2.440e+00
-2.443e+00
-2.445e+00
-2.449e+00
-2.451e+00
-2.454e+00
-2.456e+00
-2.459e+00
-2.460e+00
-2.464e+00
-2.465e+00
-2.469e+00
-2.471e+00
-2.473e+00
-2.476e+00
-2.479e+00
-2.482e+00
-2.484e+00
-2.487e+00
-2.487e+00
-2.446e+00
-2.446e+00
-2.449e+00
-2.452e+00
-2.455e+00
-2.457e+00
-2.460e+00
-2.462e+00
-2.465e+00
-2.468e+00
-2.470e+00
-2.472e+00
-2.475e+00
-2.477e+00
-2.479e+00
-2.482e+00
-2.484e+00
-2.487e+00
-2.490e+00
-2.492e+00
-2.493e+00
-2.453e+00
-2.453e+00
-2.456e+00
-2.458e+00
-2.462e+00
-2.464e+00
-2.465e+00
-2.468e+00
-2.470e+00
-2.473e+00
-2.475e+00
-2.478e+00
-2.480e+00
-2.483e+00
-2.485e+00
-2.488e+00
-2.490e+00
-2.492e+00
-2.495e+00
-2.498e+00
-2.498e+00
-2.459e+00
-2.459e+00
-2.462e+00
-2.465e+00
-2.467e+00
-2.470e+00
-2.472e+00
-2.475e+00
-2.477e+00
-2.479e+00
-2.481e+00
-2.484e+00
-2.487e+00
-2.489e+00
-2.491e+00
-2.494e+00
-2.496e+00
-2.499e+00
-2.501e+00
-2.504e+00
-2.504e+00
-2.465e+00
-2.465e+00
-2.468e+00
-2.470e+00
-2.472e+00
-2.475e+00
-2.478e+00
-2.480e+00
-2.483e+00
-2.485e+00
-2.487e+00
-2.489e+00
-2.492e+00
-2.495e+00
-2.496e+00
-2.499e+00
-2.501e+00
-2.503e+00
-2.507e+00
-2.510e+00
-2.510e+00
-2.471e+00
-2.471e+00
-2.473e+00
-2.477e+00
-2.480e+00
-2.482e+00
-2.484e+00
-2.486e+00
-2.488e+00
-2.492e+00
-2.494e+00
-2.495e+00
-2.498e+00
-2.500e+00
-2.502e+00
-2.505e+00
-2.508e+00
-2.510e+00
-2.512e+00
-2.515e+00
-2.515e+00
-2.477e+00
-2.477e+00
-2.480e+00
-2.482e+00
-2.485e+00
-2.487e+00
-2.490e+00
-2.493e+00
-2.494e+00
-2.497e+00
-2.499e+00
-2.501e+00
-2.504e+00
-2.506e+00
-2.508e+00
-2.511e+00
-2.513e+00
-2.515e+00
-2.518e+00
-2.521e+00
-2.521e+00
-2.483e+00
-2.483e+00
-2.486e+00
-2.489e+00
-2.492e+00
-2.494e+00
-2.497e+00
-2.498e+00
-2.501e+00
-2.503e+00
-2.506e+00
-2.507e+00
-2.510e+00
-2.512e+00
-2.514e+00
-2.516e+00
-2.519e+00
-2.522e+00
-2.524e+00
-2.527e+00
-2.528e+00
-2.490e+00
-2.490e+00
-2.492e+00
-2.496e+00
-2.498e+00
-2.501e+00
-2.502e+00
-2.505e+00
-2.507e+00
-2.510e+00
-2.511e+00
-2.513e+00
-2.517e+00
-2.518e+00
-2.520e+00
-2.523e+00
-2.525e+00
-2.528e+00
-2.531e+00
-2.536e+00
-2.535e+00
-2.497e+00
-2.497e+00
-2.500e+00
-2.502e+00
-2.505e+00
-2.506e+00
-2.510e+00
-2.511e+00
-2.514e+00
-2.516e+00
-2.518e+00
-2.521e+00
-2.522e+00
-2.524e+00
-2.527e+00
-2.529e+00
-2.533e+00
-2.536e+00
-2.539e+00
-2.541e+00
-2.542e+00
-2.503e+00
-2.504e+00
-2.506e+00
-2.508e+00
-2.511e+00
-2.514e+00
-2.516e+00
-2.518e+00
-2.520e+00
-2.523e+00
-2.525e+00
-2.527e+00
-2.530e+00
-2.531e+00
-2.535e+00
-2.538e+00
-2.541e+00
-2.543e+00
-2.545e+00
-2.548e+00
-2.549e+00
-2.510e+00
-2.511e+00
-2.514e+00
-2.516e+00
-2.519e+00
-2.521e+00
-2.524e+00
-2.525e+00
-2.528e+00
-2.530e+00
-2.533e+00
-2.535e+00
-2.538e+00
-2.541e+00
-2.543e+00
-2.545e+00
-2.548e+00
-2.550e+00
-2.552e+00
-2.555e+00
-2.556e+00
-2.513e+00
-2.514e+00
-2.516e+00
-2.520e+00
-2.521e+00
-2.525e+00
-2.527e+00
-2.531e+00
-2.534e+00
-2.535e+00
-2.538e+00
-2.539e+00
-2.541e+00
-2.544e+00
-2.546e+00
-2.548e+00
-2.550e+00
-2.553e+00
-2.555e+00
-2.558e+00
-2.560e+00
-2.584e+00
-2.585e+00
-2.588e+00
-2.591e+00
-2.594e+00
-2.596e+00
-2.599e+00
-2.602e+00
-2.604e+00
-2.607e+00
-2.610e+00
-2.612e+00
-2.615e+00
-2.617e+00
-2.620e+00
-2.622e+00
-2.625e+00
-2.628e+00
-2.631e+00
-2.634e+00
-2.634e+00
-2.588e+00
-2.588e+00
-2.591e+00
-2.593e+00
-2.596e+00
-2.599e+00
-2.602e+00
-2.605e+00
-2.607e+00
-2.609e+00
-2.612e+00
-2.615e+00
-2.617e+00
-2.620e+00
-2.623e+00
-2.625e+00
-2.628e+00
-2.631e+00
-2.634e+00
-2.636e+00
-2.636e+00
-2.596e+00
-2.595e+00
-2.598e+00
-2.601e+00
-2.604e+00
-2.606e+00
-2.609e+00
-2.611e+00
-2.614e+00
-2.617e+00
-2.619e+00
-2.623e+00
-2.625e+00
-2.627e+00
-2.629e+00
-2.632e+00
-2.636e+00
-2.638e+00
-2.641e+00
-2.643e+00
-2.643e+00
-2.603e+00
-2.602e+00
-2.605e+00
-2.608e+00
-2.611e+00
-2.613e+00
-2.616e+00
-2.619e+00
-2.621e+00
-2.624e+00
-2.626e+00
-2.628e+00
-2.631e+00
-2.634e+00
-2.637e+00
-2.640e+00
-2.641e+00
-2.644e+00
-2.647e+00
-2.651e+00
-2.650e+00
-2.609e+00
-2.609e+00
-2.612e+00
-2.615e+00
-2.617e+00
-2.621e+00
-2.623e+00
-2.625e+00
-2.628e+00
-2.631e+00
-2.633e+00
-2.636e+00
-2.638e+00
-2.641e+00
-2.643e+00
-2.646e+00
-2.649e+00
-2.651e+00
-2.654e+00
-2.657e+00
-2.657e+00
-2.616e+00
-2.616e+00
-2.619e+00
-2.621e+00
-2.624e+00
-2.627e+00
-2.630e+00
-2.632e+00
-2.634e+00
-2.637e+00
-2.639e+00
-2.642e+00
-2.644e+00
-2.647e+00
-2.650e+00
-2.652e+00
-2.655e+00
-2.658e+00
-2.661e+00
-2.664e+00
-2.664e+00
-2.622e+00
-2.622e+00
-2.626e+00
-2.628e+00
-2.630e+00
-2.634e+00
-2.636e+00
-2.638e+00
-2.641e+00
-2.644e+00
-2.646e+00
-2.648e+00
-2.651e+00
-2.654e+00
-2.656e+00
-2.659e+00
-2.661e+00
-2.664e+00
-2.667e+00
-2.669e+00
-2.669e+00
-2.628e+00
-2.629e+00
-2.632e+00
-2.634e+00
-2.637e+00
-2.640e+00
-2.643e+00
-2.645e+00
-2.647e+00
-2.650e+00
-2.652e+00
-2.654e+00
-2.657e+00
-2.660e+00
-2.663e+00
-2.665e+00
-2.668e+00
-2.670e+00
-2.673e+00
-2.675e+00
-2.675e+00
-2.635e+00
-2.636e+00
-2.638e+00
-2.641e+00
-2.643e+00
-2.646e+00
-2.648e+00
-2.651e+00
-2.654e+00
-2.655e+00
-2.658e+00
-2.660e+00
-2.663e+00
-2.666e+00
-2.669e+00
-2.671e+00
-2.673e+00
-2.676e+00
-2.679e+00
-2.682e+00
-2.681e+00
-2.642e+00
-2.641e+00
-2.644e+00
-2.647e+00
-2.649e+00
-2.652e+00
-2.654e+00
-2.657e+00
-2.660e+00
-2.662e+00
-2.664e+00
-2.667e+00
-2.669e+00
-2.672e+00
-2.674e+00
-2.677e+00
-2.679e+00
-2.681e+00
-2.685e+00
-2.688e+00
-2.687e+00
-2.648e+00
-2.648e+00
-2.650e+00
-2.653e+00
-2.656e+00
-2.658e+00
-2.660e+00
-2.663e+00
-2.665e+00
-2.668e+00
-2.670e+00
-2.673e+00
-2.676e+00
-2.677e+00
-2.680e+00
-2.682e+00
-2.685e+00
-2.687e+00
-2.690e+00
-2.693e+00
-2.693e+00
-2.654e+00
-2.653e+00
-2.657e+00
-2.659e+00
-2.662e+00
-2.664e+00
-2.667e+00
-2.669e+00
-2.671e+00
-2.674e+00
-2.676e+00
-2.678e+00
-2.681e+00
-2.684e+00
-2.685e+00
-2.688e+00
-2.691e+00
-2.694e+00
-2.696e+00
-2.699e+00
-2.698e+00
-2.659e+00
-2.660e+00
-2.663e+00
-2.666e+00
-2.668e+00
-2.670e+00
-2.673e+00
-2.675e+00
-2.678e+00
-2.680e+00
-2.683e+00
-2.684e+00
-2.687e+00
-2.690e+00
-2.691e+00
-2.694e+00
-2.696e+00
-2.699e+00
-2.702e+00
-2.705e+00
-2.704e+00
-2.666e+00
-2.666e+00
-2.668e+00
-2.672e+00
-2.674e+00
-2.677e+00
-2.679e+00
-2.681e+00
-2.683e+00
-2.686e+00
-2.688e+00
-2.691e+00
-2.692e+00
-2.695e+00
-2.697e+00
-2.700e+00
-2.702e+00
-2.705e+00
-2.708e+00
-2.710e+00
-2.709e+00
-2.672e+00
-2.672e+00
-2.675e+00
-2.677e+00
-2.680e+00
-2.682e+00
-2.685e+00
-2.688e+00
-2.690e+00
-2.692e+00
-2.694e+00
-2.696e+00
-2.698e+00
-2.701e+00
-2.703e+00
-2.706e+00
-2.708e+00
-2.710e+00
-2.713e+00
-2.716e+00
-2.715e+00
-2.679e+00
-2.678e+00
-2.681e+00
-2.684e+00
-2.687e+00
-2.689e+00
-2.692e+00
-2.694e+00
-2.695e+00
-2.699e+00
-2.700e+00
-2.702e+00
-2.705e+00
-2.707e+00
-2.708e+00
-2.712e+00
-2.714e+00
-2.717e+00
-2.719e+00
-2.721e+00
-2.721e+00
-2.685e+00
-2.685e+00
-2.687e+00
-2.690e+00
-2.693e+00
-2.696e+00
-2.698e+00
-2.699e+00
-2.702e+00
-2.705e+00
-2.707e+00
-2.709e+00
-2.711e+00
-2.713e+00
-2.716e+00
-2.717e+00
-2.720e+00
-2.722e+00
-2.725e+00
-2.727e+00
-2.726e+00
-2.691e+00
-2.692e+00
-2.694e+00
-2.697e+00
-2.700e+00
-2.702e+00
-2.704e+00
-2.706e+00
-2.708e+00
-2.710e+00
-2.712e+00
-2.715e+00
-2.717e+00
-2.720e+00
-2.721e+00
-2.723e+00
-2.725e+00
-2.727e+00
-2.731e+00
-2.733e+00
-2.733e+00
-2.698e+00
-2.699e+00
-2.701e+00
-2.704e+00
-2.706e+00
-2.708e+00
-2.711e+00
-2.713e+00
-2.715e+00
-2.717e+00
-2.720e+00
-2.721e+00
-2.723e+00
-2.726e+00
-2.728e+00
-2.730e+00
-2.731e+00
-2.734e+00
-2.736e+00
-2.739e+00
-2.738e+00
-2.706e+00
-2.705e+00
-2.709e+00
-2.710e+00
-2.713e+00
-2.716e+00
-2.718e+00
-2.720e+00
-2.722e+00
-2.724e+00
-2.727e+00
-2.728e+00
-2.729e+00
-2.732e+00
-2.733e+00
-2.736e+00
-2.738e+00
-2.741e+00
-2.743e+00
-2.746e+00
-2.746e+00
-2.707e+00
-2.708e+00
-2.710e+00
-2.713e+00
-2.715e+00
-2.718e+00
-2.720e+00
-2.722e+00
-2.724e+00
-2.726e+00
-2.728e+00
-2.730e+00
-2.732e+00
-2.734e+00
-2.736e+00
-2.739e+00
-2.741e+00
-2.743e+00
-2.746e+00
-2.749e+00
-2.752e+00
