#INITIAL VOLUME OF WATER IN THE SUBSURFACE =   4.50100E+01
#NSTEP       DELTAT         TIME  NLIN   AVG.LIN       STORE1       STORE2       DSTORE   CUM.DSTORE       VIN  CUM.VIN       VOUT    CUM.VOUT   VIN+VOUT   CUM. VIN  M.BAL.ERR   REL. MBE   CUM. MBE      CUM.
#                                 ITER.    ITER.                             (>0 x inc)                                                                      + VOUT  (Vi+Vo-Ds)        (%)             ABS(MBE)
     1 1.000000E+00 1.000000E+00     1 1.000E+00 4.501004E+01 4.501004E+01  2.39493E-15  2.39493E-15 0.000E+00 0.000E+00 -5.000E-06 -5.000E-06 -5.000E-06 -5.000E-06 -5.000E-06  1.000E+02 -5.000E-06 5.000E-06
     2 1.100000E+00 2.100000E+00     1 1.000E+00 4.501004E+01 4.501004E+01  3.23330E-15  5.62824E-15 0.000E+00 0.000E+00  0.000E+00 -5.000E-06  0.000E+00 -5.000E-06 -3.233E-15  0.000E+00 -5.000E-06 5.000E-06
     3 1.210000E+00 3.310000E+00     1 1.000E+00 4.501004E+01 4.501004E+01  2.78864E-15  8.41688E-15 0.000E+00 0.000E+00  0.000E+00 -5.000E-06  0.000E+00 -5.000E-06 -2.789E-15  0.000E+00 -5.000E-06 5.000E-06
     4 1.331000E+00 4.641000E+00     1 1.000E+00 4.501004E+01 4.501004E+01  2.20950E-15  1.06264E-14 0.000E+00 0.000E+00  0.000E+00 -5.000E-06  0.000E+00 -5.000E-06 -2.209E-15  0.000E+00 -5.000E-06 5.000E-06
     5 1.464100E+00 6.105100E+00     1 1.000E+00 4.501004E+01 4.501004E+01  2.19661E-15  1.28230E-14 0.000E+00 0.000E+00  0.000E+00 -5.000E-06  0.000E+00 -5.000E-06 -2.197E-15  0.000E+00 -5.000E-06 5.000E-06
     6 1.610510E+00 7.715610E+00     1 1.000E+00 4.501004E+01 4.501004E+01  1.58559E-15  1.44086E-14 0.000E+00 0.000E+00  0.000E+00 -5.000E-06  0.000E+00 -5.000E-06 -1.586E-15  0.000E+00 -5.000E-06 5.000E-06
     7 1.771561E+00 9.487171E+00     1 1.000E+00 4.501004E+01 4.501004E+01  7.21718E-16  1.51303E-14 0.000E+00 0.000E+00  0.000E+00 -5.000E-06  0.000E+00 -5.000E-06 -7.217E-16  0.000E+00 -5.000E-06 5.000E-06
     8 1.948717E+00 1.143589E+01     1 1.000E+00 4.501004E+01 4.501004E+01 -1.92398E-16  1.49379E-14 0.000E+00 0.000E+00  0.000E+00 -5.000E-06  0.000E+00 -5.000E-06  1.924E-16  0.000E+00 -5.000E-06 5.000E-06
     9 2.143589E+00 1.357948E+01     1 1.000E+00 4.501004E+01 4.501004E+01 -1.09016E-15  1.38477E-14 0.000E+00 0.000E+00  0.000E+00 -5.000E-06  0.000E+00 -5.000E-06  1.090E-15  0.000E+00 -5.000E-06 5.000E-06
    10 2.357948E+00 1.593742E+01     1 1.000E+00 4.501004E+01 4.501004E+01 -2.26387E-15  1.15839E-14 0.000E+00 0.000E+00  0.000E+00 -5.000E-06  0.000E+00 -5.000E-06  2.264E-15  0.000E+00 -5.000E-06 5.000E-06
    11 2.593742E+00 1.853117E+01     1 1.000E+00 4.501004E+01 4.501004E+01  1.07240E-15  1.26563E-14 0.000E+00 0.000E+00  0.000E+00 -5.000E-06  0.000E+00 -5.000E-06 -1.072E-15  0.000E+00 -5.000E-06 5.000E-06
    12 2.853117E+00 2.138428E+01     1 1.000E+00 4.501004E+01 4.501004E+01  1.62879E-15  1.42851E-14 0.000E+00 0.000E+00  0.000E+00 -5.000E-06  0.000E+00 -5.000E-06 -1.629E-15  0.000E+00 -5.000E-06 5.000E-06
    13 3.138428E+00 2.452271E+01     1 1.000E+00 4.501004E+01 4.501004E+01  2.50773E-15  1.67928E-14 0.000E+00 0.000E+00  0.000E+00 -5.000E-06  0.000E+00 -5.000E-06 -2.508E-15  0.000E+00 -5.000E-06 5.000E-06
    14 3.452271E+00 2.797498E+01     1 1.000E+00 4.501004E+01 4.501004E+01  1.09213E-15  1.78849E-14 0.000E+00 0.000E+00  0.000E+00 -5.000E-06  0.000E+00 -5.000E-06 -1.092E-15  0.000E+00 -5.000E-06 5.000E-06
    15 3.797498E+00 3.177248E+01     1 1.000E+00 4.501004E+01 4.501004E+01 -4.96546E-16  1.73884E-14 0.000E+00 0.000E+00  0.000E+00 -5.000E-06  0.000E+00 -5.000E-06  4.965E-16  0.000E+00 -5.000E-06 5.000E-06
    16 4.177248E+00 3.594973E+01     1 1.000E+00 4.501004E+01 4.501004E+01  1.18799E-15  1.85764E-14 0.000E+00 0.000E+00  0.000E+00 -5.000E-06  0.000E+00 -5.000E-06 -1.188E-15  0.000E+00 -5.000E-06 5.000E-06
    17 4.594973E+00 4.054470E+01     1 1.000E+00 4.501004E+01 4.501004E+01  1.86203E-15  2.04384E-14 0.000E+00 0.000E+00  0.000E+00 -5.000E-06  0.000E+00 -5.000E-06 -1.862E-15  0.000E+00 -5.000E-06 5.000E-06
    18 5.054470E+00 4.559917E+01     1 1.000E+00 4.501004E+01 4.501004E+01  2.36123E-15  2.27996E-14 0.000E+00 0.000E+00  0.000E+00 -5.000E-06  0.000E+00 -5.000E-06 -2.361E-15  0.000E+00 -5.000E-06 5.000E-06
    19 5.559917E+00 5.115909E+01     1 1.000E+00 4.501004E+01 4.501004E+01  3.48282E-16  2.31479E-14 0.000E+00 0.000E+00  0.000E+00 -5.000E-06  0.000E+00 -5.000E-06 -3.483E-16  0.000E+00 -5.000E-06 5.000E-06
    20 6.115909E+00 5.727500E+01     1 1.000E+00 4.501004E+01 4.501004E+01  2.08788E-15  2.52358E-14 0.000E+00 0.000E+00  0.000E+00 -5.000E-06  0.000E+00 -5.000E-06 -2.088E-15  0.000E+00 -5.000E-06 5.000E-06
    21 6.727500E+00 6.400250E+01     1 1.000E+00 4.501004E+01 4.501004E+01  9.23918E-16  2.61597E-14 0.000E+00 0.000E+00  0.000E+00 -5.000E-06  0.000E+00 -5.000E-06 -9.239E-16  0.000E+00 -5.000E-06 5.000E-06
    22 7.400250E+00 7.140275E+01     1 1.000E+00 4.501004E+01 4.501004E+01  3.27249E-15  2.94322E-14 0.000E+00 0.000E+00  0.000E+00 -5.000E-06  0.000E+00 -5.000E-06 -3.272E-15  0.000E+00 -5.000E-06 5.000E-06
    23 8.140275E+00 7.954302E+01     1 1.000E+00 4.501004E+01 4.501004E+01  2.22583E-15  3.16580E-14 0.000E+00 0.000E+00  0.000E+00 -5.000E-06  0.000E+00 -5.000E-06 -2.226E-15  0.000E+00 -5.000E-06 5.000E-06
    24 8.954302E+00 8.849733E+01     1 1.000E+00 4.501004E+01 4.501004E+01  2.50714E-15  3.41652E-14 0.000E+00 0.000E+00  0.000E+00 -5.000E-06  0.000E+00 -5.000E-06 -2.507E-15  0.000E+00 -5.000E-06 5.000E-06
    25 9.849733E+00 9.834706E+01     1 1.000E+00 4.501004E+01 4.501004E+01  2.40643E-15  3.65716E-14 0.000E+00 0.000E+00  0.000E+00 -5.000E-06  0.000E+00 -5.000E-06 -2.406E-15  0.000E+00 -5.000E-06 5.000E-06
    26 1.083471E+01 1.091818E+02     1 1.000E+00 4.501004E+01 4.501004E+01  3.36174E-15  3.99333E-14 0.000E+00 0.000E+00  0.000E+00 -5.000E-06  0.000E+00 -5.000E-06 -3.362E-15  0.000E+00 -5.000E-06 5.000E-06
    27 1.191818E+01 1.210999E+02     1 1.000E+00 4.501004E+01 4.501004E+01  2.29804E-15  4.22314E-14 0.000E+00 0.000E+00  0.000E+00 -5.000E-06  0.000E+00 -5.000E-06 -2.298E-15  0.000E+00 -5.000E-06 5.000E-06
    28 1.310999E+01 1.342099E+02     1 1.000E+00 4.501004E+01 4.501004E+01  4.20798E-15  4.64394E-14 0.000E+00 0.000E+00  0.000E+00 -5.000E-06  0.000E+00 -5.000E-06 -4.208E-15  0.000E+00 -5.000E-06 5.000E-06
    29 1.442099E+01 1.486309E+02     1 1.000E+00 4.501004E+01 4.501004E+01  4.08452E-15  5.05239E-14 0.000E+00 0.000E+00  0.000E+00 -5.000E-06  0.000E+00 -5.000E-06 -4.085E-15  0.000E+00 -5.000E-06 5.000E-06
    30 1.586309E+01 1.644940E+02     1 1.000E+00 4.501004E+01 4.501004E+01  5.38605E-15  5.59099E-14 0.000E+00 0.000E+00  0.000E+00 -5.000E-06  0.000E+00 -5.000E-06 -5.386E-15  0.000E+00 -5.000E-06 5.000E-06
    31 1.744940E+01 1.819434E+02     1 1.000E+00 4.501004E+01 4.501004E+01  6.55152E-15  6.24615E-14 0.000E+00 0.000E+00  0.000E+00 -5.000E-06  0.000E+00 -5.000E-06 -6.552E-15  0.000E+00 -5.000E-06 5.000E-06
    32 1.919434E+01 2.011378E+02     1 1.000E+00 4.501004E+01 4.501004E+01  7.07870E-15  6.95402E-14 0.000E+00 0.000E+00  0.000E+00 -5.000E-06  0.000E+00 -5.000E-06 -7.079E-15  0.000E+00 -5.000E-06 5.000E-06
    33 2.111378E+01 2.222515E+02     1 1.000E+00 4.501004E+01 4.501004E+01  6.53089E-15  7.60710E-14 0.000E+00 0.000E+00  0.000E+00 -5.000E-06  0.000E+00 -5.000E-06 -6.531E-15  0.000E+00 -5.000E-06 5.000E-06
    34 2.322515E+01 2.454767E+02     1 1.000E+00 4.501004E+01 4.501004E+01  7.64696E-15  8.37180E-14 0.000E+00 0.000E+00  0.000E+00 -5.000E-06  0.000E+00 -5.000E-06 -7.647E-15  0.000E+00 -5.000E-06 5.000E-06
    35 2.554767E+01 2.710244E+02     1 1.000E+00 4.501004E+01 4.501004E+01  8.68608E-15  9.24041E-14 0.000E+00 0.000E+00  0.000E+00 -5.000E-06  0.000E+00 -5.000E-06 -8.686E-15  0.000E+00 -5.000E-06 5.000E-06
    36 2.810244E+01 2.991268E+02     1 1.000E+00 4.501004E+01 4.501004E+01  8.81466E-15  1.01219E-13 0.000E+00 0.000E+00  0.000E+00 -5.000E-06  0.000E+00 -5.000E-06 -8.815E-15  0.000E+00 -5.000E-06 5.000E-06
    37 3.091268E+01 3.300395E+02     1 1.000E+00 4.501004E+01 4.501004E+01  8.86037E-15  1.10079E-13 0.000E+00 0.000E+00  0.000E+00 -5.000E-06  0.000E+00 -5.000E-06 -8.860E-15  0.000E+00 -5.000E-06 5.000E-06
    38 3.400395E+01 3.640434E+02     1 1.000E+00 4.501004E+01 4.501004E+01  1.02256E-14  1.20305E-13 0.000E+00 0.000E+00  0.000E+00 -5.000E-06  0.000E+00 -5.000E-06 -1.023E-14  0.000E+00 -5.000E-06 5.000E-06
    39 3.740434E+01 4.014478E+02     1 1.000E+00 4.501004E+01 4.501004E+01  1.13934E-14  1.31698E-13 0.000E+00 0.000E+00  0.000E+00 -5.000E-06  0.000E+00 -5.000E-06 -1.139E-14  0.000E+00 -5.000E-06 5.000E-06
    40 4.114478E+01 4.425926E+02     1 1.000E+00 4.501004E+01 4.501004E+01  1.26282E-14  1.44326E-13 0.000E+00 0.000E+00  0.000E+00 -5.000E-06  0.000E+00 -5.000E-06 -1.263E-14  0.000E+00 -5.000E-06 5.000E-06
    41 4.525926E+01 4.878518E+02     1 1.000E+00 4.501004E+01 4.501004E+01  1.36330E-14  1.57959E-13 0.000E+00 0.000E+00  0.000E+00 -5.000E-06  0.000E+00 -5.000E-06 -1.363E-14  0.000E+00 -5.000E-06 5.000E-06
    42 4.978518E+01 5.376370E+02     1 1.000E+00 4.501004E+01 4.501004E+01  1.52422E-14  1.73202E-13 0.000E+00 0.000E+00  0.000E+00 -5.000E-06  0.000E+00 -5.000E-06 -1.524E-14  0.000E+00 -5.000E-06 5.000E-06
    43 5.476370E+01 5.924007E+02     1 1.000E+00 4.501004E+01 4.501004E+01  1.65856E-14  1.89787E-13 0.000E+00 0.000E+00  0.000E+00 -5.000E-06  0.000E+00 -5.000E-06 -1.659E-14  0.000E+00 -5.000E-06 5.000E-06
    44 6.024007E+01 6.526408E+02     1 1.000E+00 4.501004E+01 4.501004E+01  1.89416E-14  2.08729E-13 0.000E+00 0.000E+00  0.000E+00 -5.000E-06  0.000E+00 -5.000E-06 -1.894E-14  0.000E+00 -5.000E-06 5.000E-06
    45 6.626408E+01 7.189048E+02     1 1.000E+00 4.501004E+01 4.501004E+01  2.05277E-14  2.29256E-13 0.000E+00 0.000E+00  0.000E+00 -5.000E-06  0.000E+00 -5.000E-06 -2.053E-14  0.000E+00 -5.000E-06 5.000E-06
    46 7.289048E+01 7.917953E+02     1 1.000E+00 4.501004E+01 4.501004E+01  2.23671E-14  2.51624E-13 0.000E+00 0.000E+00  0.000E+00 -5.000E-06  0.000E+00 -5.000E-06 -2.237E-14  0.000E+00 -5.000E-06 5.000E-06
    47 8.017953E+01 8.719749E+02     1 1.000E+00 4.501004E+01 4.501004E+01  2.46092E-14  2.76233E-13 0.000E+00 0.000E+00  0.000E+00 -5.000E-06  0.000E+00 -5.000E-06 -2.461E-14  0.000E+00 -5.000E-06 5.000E-06
    48 8.819749E+01 9.601723E+02     1 1.000E+00 4.501004E+01 4.501004E+01  2.75113E-14  3.03744E-13 0.000E+00 0.000E+00  0.000E+00 -5.000E-06  0.000E+00 -5.000E-06 -2.751E-14  0.000E+00 -5.000E-06 5.000E-06
    49 9.701723E+01 1.057190E+03     1 1.000E+00 4.501004E+01 4.501004E+01  3.00148E-14  3.33759E-13 0.000E+00 0.000E+00  0.000E+00 -5.000E-06  0.000E+00 -5.000E-06 -3.001E-14  0.000E+00 -5.000E-06 5.000E-06
    50 1.067190E+02 1.163909E+03     1 1.000E+00 4.501004E+01 4.501004E+01  3.27581E-14  3.66517E-13 0.000E+00 0.000E+00  0.000E+00 -5.000E-06  0.000E+00 -5.000E-06 -3.276E-14  0.000E+00 -5.000E-06 5.000E-06
    51 1.173909E+02 1.281299E+03     1 1.000E+00 4.501004E+01 4.501004E+01  3.61474E-14  4.02664E-13 0.000E+00 0.000E+00  0.000E+00 -5.000E-06  0.000E+00 -5.000E-06 -3.615E-14  0.000E+00 -5.000E-06 5.000E-06
    52 1.291299E+02 1.410429E+03     1 1.000E+00 4.501004E+01 4.501004E+01  3.99731E-14  4.42637E-13 0.000E+00 0.000E+00  0.000E+00 -5.000E-06  0.000E+00 -5.000E-06 -3.997E-14  0.000E+00 -5.000E-06 5.000E-06
    53 1.420429E+02 1.552472E+03     1 1.000E+00 4.501004E+01 4.501004E+01  4.37142E-14  4.86352E-13 0.000E+00 0.000E+00  0.000E+00 -5.000E-06  0.000E+00 -5.000E-06 -4.371E-14  0.000E+00 -5.000E-06 5.000E-06
    54 1.562472E+02 1.708719E+03     1 1.000E+00 4.501004E+01 4.501004E+01  4.83370E-14  5.34689E-13 0.000E+00 0.000E+00  0.000E+00 -5.000E-06  0.000E+00 -5.000E-06 -4.834E-14  0.000E+00 -5.000E-06 5.000E-06
    55 1.718719E+02 1.880591E+03     1 1.000E+00 4.501004E+01 4.501004E+01  5.31148E-14  5.87803E-13 0.000E+00 0.000E+00  0.000E+00 -5.000E-06  0.000E+00 -5.000E-06 -5.311E-14  0.000E+00 -5.000E-06 5.000E-06
    56 1.890591E+02 2.069651E+03     1 1.000E+00 4.501004E+01 4.501004E+01  5.88098E-14  6.46613E-13 0.000E+00 0.000E+00  0.000E+00 -5.000E-06  0.000E+00 -5.000E-06 -5.881E-14  0.000E+00 -5.000E-06 5.000E-06
    57 2.079651E+02 2.277616E+03     1 1.000E+00 4.501004E+01 4.501004E+01  6.41181E-14  7.10731E-13 0.000E+00 0.000E+00  0.000E+00 -5.000E-06  0.000E+00 -5.000E-06 -6.412E-14  0.000E+00 -5.000E-06 5.000E-06
    58 2.287616E+02 2.506377E+03     1 1.000E+00 4.501004E+01 4.501004E+01  7.06783E-14  7.81409E-13 0.000E+00 0.000E+00  0.000E+00 -5.000E-06  0.000E+00 -5.000E-06 -7.068E-14  0.000E+00 -5.000E-06 5.000E-06
    59 2.516377E+02 2.758015E+03     1 1.000E+00 4.501004E+01 4.501004E+01  7.79219E-14  8.59331E-13 0.000E+00 0.000E+00  0.000E+00 -5.000E-06  0.000E+00 -5.000E-06 -7.792E-14  0.000E+00 -5.000E-06 5.000E-06
    60 2.768015E+02 3.034816E+03     1 1.000E+00 4.501004E+01 4.501004E+01  8.54710E-14  9.44802E-13 0.000E+00 0.000E+00  0.000E+00 -5.000E-06  0.000E+00 -5.000E-06 -8.547E-14  0.000E+00 -5.000E-06 5.000E-06
    61 3.044816E+02 3.339298E+03     1 1.000E+00 4.501004E+01 4.501004E+01  9.39398E-14  1.03874E-12 0.000E+00 0.000E+00  0.000E+00 -5.000E-06  0.000E+00 -5.000E-06 -9.394E-14  0.000E+00 -5.000E-06 5.000E-06
    62 3.349298E+02 3.674228E+03     1 1.000E+00 4.501004E+01 4.501004E+01  1.03401E-13  1.14214E-12 0.000E+00 0.000E+00  0.000E+00 -5.000E-06  0.000E+00 -5.000E-06 -1.034E-13  0.000E+00 -5.000E-06 5.000E-06
    63 3.684228E+02 4.042651E+03     1 1.000E+00 4.501004E+01 4.501004E+01  1.13499E-13  1.25564E-12 0.000E+00 0.000E+00  0.000E+00 -5.000E-06  0.000E+00 -5.000E-06 -1.135E-13  0.000E+00 -5.000E-06 5.000E-06
    64 4.052651E+02 4.447916E+03     1 1.000E+00 4.501004E+01 4.501004E+01  1.25073E-13  1.38071E-12 0.000E+00 0.000E+00  0.000E+00 -5.000E-06  0.000E+00 -5.000E-06 -1.251E-13  0.000E+00 -5.000E-06 5.000E-06
    65 4.457916E+02 4.893707E+03     1 1.000E+00 4.501004E+01 4.501004E+01  1.37683E-13  1.51840E-12 0.000E+00 0.000E+00  0.000E+00 -5.000E-06  0.000E+00 -5.000E-06 -1.377E-13  0.000E+00 -5.000E-06 5.000E-06
    66 4.903707E+02 5.384078E+03     1 1.000E+00 4.501004E+01 4.501004E+01  1.51554E-13  1.66995E-12 0.000E+00 0.000E+00  0.000E+00 -5.000E-06  0.000E+00 -5.000E-06 -1.516E-13  0.000E+00 -5.000E-06 5.000E-06
    67 5.394078E+02 5.923486E+03     1 1.000E+00 4.501004E+01 4.501004E+01  1.66600E-13  1.83655E-12 0.000E+00 0.000E+00  0.000E+00 -5.000E-06  0.000E+00 -5.000E-06 -1.666E-13  0.000E+00 -5.000E-06 5.000E-06
    68 5.933486E+02 6.516834E+03     1 1.000E+00 4.501004E+01 4.501004E+01  1.83450E-13  2.02000E-12 0.000E+00 0.000E+00  0.000E+00 -5.000E-06  0.000E+00 -5.000E-06 -1.834E-13  0.000E+00 -5.000E-06 5.000E-06
    69 6.526834E+02 7.169518E+03     1 1.000E+00 4.501004E+01 4.501004E+01  2.01412E-13  2.22141E-12 0.000E+00 0.000E+00  0.000E+00 -5.000E-06  0.000E+00 -5.000E-06 -2.014E-13  0.000E+00 -5.000E-06 5.000E-06
    70 7.179518E+02 7.887470E+03     1 1.000E+00 4.501004E+01 4.501004E+01  2.21603E-13  2.44302E-12 0.000E+00 0.000E+00  0.000E+00 -5.000E-06  0.000E+00 -5.000E-06 -2.216E-13  0.000E+00 -5.000E-06 5.000E-06
    71 7.897470E+02 8.677217E+03     1 1.000E+00 4.501004E+01 4.501004E+01  2.43809E-13  2.68683E-12 0.000E+00 0.000E+00  0.000E+00 -5.000E-06  0.000E+00 -5.000E-06 -2.438E-13  0.000E+00 -5.000E-06 5.000E-06
    72 4.613917E+02 9.138608E+03     1 1.000E+00 4.501004E+01 4.501004E+01  1.42731E-13  2.82956E-12 0.000E+00 0.000E+00  0.000E+00 -5.000E-06  0.000E+00 -5.000E-06 -1.427E-13  0.000E+00 -5.000E-06 5.000E-06
    73 4.613917E+02 9.600000E+03     1 1.000E+00 4.501004E+01 4.501004E+01  1.42731E-13  2.97229E-12 0.000E+00 0.000E+00  0.000E+00 -5.000E-06  0.000E+00 -5.000E-06 -1.427E-13  0.000E+00 -5.000E-06 5.000E-06
