1	0	INDP	IPOND
-1.996e+02
-1.965e+02
-1.964e+02
-1.964e+02
-1.964e+02
-1.964e+02
-1.964e+02
-1.964e+02
-1.964e+02
-1.964e+02
-1.964e+02
-1.964e+02
-1.964e+02
-1.964e+02
-1.964e+02
-1.964e+02
-1.964e+02
-1.964e+02
-1.964e+02
-1.887e+02
-9.025e+01
-1.965e+02
-9.116e+01
-9.112e+01
-9.112e+01
-9.112e+01
-9.112e+01
-9.112e+01
-9.112e+01
-9.112e+01
-9.112e+01
-9.112e+01
-9.112e+01
-9.112e+01
-9.112e+01
-9.112e+01
-9.112e+01
-9.112e+01
-9.112e+01
-9.112e+01
-9.053e+01
-2.722e+01
-1.964e+02
-9.112e+01
-9.096e+01
-9.096e+01
-9.096e+01
-9.096e+01
-9.096e+01
-9.096e+01
-9.096e+01
-9.096e+01
-9.096e+01
-9.096e+01
-9.096e+01
-9.096e+01
-9.096e+01
-9.096e+01
-9.096e+01
-9.096e+01
-9.096e+01
-9.041e+01
-2.753e+01
-1.964e+02
-9.112e+01
-9.096e+01
-9.096e+01
-9.096e+01
-9.096e+01
-9.096e+01
-9.096e+01
-9.096e+01
-9.096e+01
-9.096e+01
-9.096e+01
-9.096e+01
-9.096e+01
-9.096e+01
-9.096e+01
-9.096e+01
-9.096e+01
-9.096e+01
-9.041e+01
-2.753e+01
-1.964e+02
-9.112e+01
-9.096e+01
-9.096e+01
-9.096e+01
-9.096e+01
-9.096e+01
-9.096e+01
-9.096e+01
-9.096e+01
-9.096e+01
-9.096e+01
-9.096e+01
-9.096e+01
-9.096e+01
-9.096e+01
-9.096e+01
-9.096e+01
-9.096e+01
-9.041e+01
-2.753e+01
-1.964e+02
-9.112e+01
-9.096e+01
-9.096e+01
-9.096e+01
-9.096e+01
-9.096e+01
-9.096e+01
-9.096e+01
-9.096e+01
-9.096e+01
-9.096e+01
-9.096e+01
-9.096e+01
-9.096e+01
-9.096e+01
-9.096e+01
-9.096e+01
-9.096e+01
-9.041e+01
-2.753e+01
-1.964e+02
-9.112e+01
-9.096e+01
-9.096e+01
-9.096e+01
-9.096e+01
-9.096e+01
-9.096e+01
-9.096e+01
-9.096e+01
-9.096e+01
-9.096e+01
-9.096e+01
-9.096e+01
-9.096e+01
-9.096e+01
-9.096e+01
-9.096e+01
-9.096e+01
-9.041e+01
-2.753e+01
-1.964e+02
-9.112e+01
-9.096e+01
-9.096e+01
-9.096e+01
-9.096e+01
-9.096e+01
-9.096e+01
-9.096e+01
-9.096e+01
-9.096e+01
-9.096e+01
-9.096e+01
-9.096e+01
-9.096e+01
-9.096e+01
-9.096e+01
-9.096e+01
-9.096e+01
-9.041e+01
-2.753e+01
-1.965e+02
-9.112e+01
-9.096e+01
-9.096e+01
-9.096e+01
-9.096e+01
-9.096e+01
-9.096e+01
-9.096e+01
-9.096e+01
-9.096e+01
-9.096e+01
-9.096e+01
-9.096e+01
-9.096e+01
-9.096e+01
-9.096e+01
-9.096e+01
-9.096e+01
-9.041e+01
-2.753e+01
-1.976e+02
-9.262e+01
-9.247e+01
-9.247e+01
-9.247e+01
-9.247e+01
-9.247e+01
-9.247e+01
-9.247e+01
-9.247e+01
-9.247e+01
-9.247e+01
-9.247e+01
-9.247e+01
-9.247e+01
-9.247e+01
-9.247e+01
-9.247e+01
-9.247e+01
-9.216e+01
-2.755e+01
-2.010e+02
-2.000e+02
-2.000e+02
-2.000e+02
-2.000e+02
-2.000e+02
-2.000e+02
-2.000e+02
-2.000e+02
-2.000e+02
-2.000e+02
-2.000e+02
-2.000e+02
-2.000e+02
-2.000e+02
-2.000e+02
-2.000e+02
-2.000e+02
-2.000e+02
-2.000e+02
-2.000e+02
-2.016e+02
-2.016e+02
-2.016e+02
-2.016e+02
-2.016e+02
-2.016e+02
-2.016e+02
-2.016e+02
-2.016e+02
-2.016e+02
-2.016e+02
-2.016e+02
-2.016e+02
-2.016e+02
-2.016e+02
-2.016e+02
-2.016e+02
-2.016e+02
-2.016e+02
-2.016e+02
-2.008e+02
-2.016e+02
-2.016e+02
-2.016e+02
-2.016e+02
-2.016e+02
-2.016e+02
-2.016e+02
-2.016e+02
-2.016e+02
-2.016e+02
-2.016e+02
-2.016e+02
-2.016e+02
-2.016e+02
-2.016e+02
-2.016e+02
-2.016e+02
-2.016e+02
-2.016e+02
-2.016e+02
-2.008e+02
-2.016e+02
-2.016e+02
-2.016e+02
-2.016e+02
-2.016e+02
-2.016e+02
-2.016e+02
-2.016e+02
-2.016e+02
-2.016e+02
-2.016e+02
-2.016e+02
-2.016e+02
-2.016e+02
-2.016e+02
-2.016e+02
-2.016e+02
-2.016e+02
-2.016e+02
-2.016e+02
-2.008e+02
-2.016e+02
-2.016e+02
-2.016e+02
-2.016e+02
-2.016e+02
-2.016e+02
-2.016e+02
-2.016e+02
-2.016e+02
-2.016e+02
-2.016e+02
-2.016e+02
-2.016e+02
-2.016e+02
-2.016e+02
-2.016e+02
-2.016e+02
-2.016e+02
-2.016e+02
-2.016e+02
-2.008e+02
-2.016e+02
-2.016e+02
-2.016e+02
-2.016e+02
-2.016e+02
-2.016e+02
-2.016e+02
-2.016e+02
-2.016e+02
-2.016e+02
-2.016e+02
-2.016e+02
-2.016e+02
-2.016e+02
-2.016e+02
-2.016e+02
-2.016e+02
-2.016e+02
-2.016e+02
-2.016e+02
-2.008e+02
-2.016e+02
-2.016e+02
-2.016e+02
-2.016e+02
-2.016e+02
-2.016e+02
-2.016e+02
-2.016e+02
-2.016e+02
-2.016e+02
-2.016e+02
-2.016e+02
-2.016e+02
-2.016e+02
-2.016e+02
-2.016e+02
-2.016e+02
-2.016e+02
-2.016e+02
-2.016e+02
-2.008e+02
-2.016e+02
-2.016e+02
-2.016e+02
-2.016e+02
-2.016e+02
-2.016e+02
-2.016e+02
-2.016e+02
-2.016e+02
-2.016e+02
-2.016e+02
-2.016e+02
-2.016e+02
-2.016e+02
-2.016e+02
-2.016e+02
-2.016e+02
-2.016e+02
-2.016e+02
-2.016e+02
-2.008e+02
-2.016e+02
-2.016e+02
-2.016e+02
-2.016e+02
-2.016e+02
-2.016e+02
-2.016e+02
-2.016e+02
-2.016e+02
-2.016e+02
-2.016e+02
-2.016e+02
-2.016e+02
-2.016e+02
-2.016e+02
-2.016e+02
-2.016e+02
-2.016e+02
-2.016e+02
-2.016e+02
-2.008e+02
-2.018e+02
-2.016e+02
-2.016e+02
-2.016e+02
-2.016e+02
-2.016e+02
-2.016e+02
-2.016e+02
-2.016e+02
-2.016e+02
-2.016e+02
-2.016e+02
-2.016e+02
-2.016e+02
-2.016e+02
-2.016e+02
-2.016e+02
-2.016e+02
-2.016e+02
-2.016e+02
-2.008e+02
-2.016e+02
-2.008e+02
-2.008e+02
-2.008e+02
-2.008e+02
-2.008e+02
-2.008e+02
-2.008e+02
-2.008e+02
-2.008e+02
-2.008e+02
-2.008e+02
-2.008e+02
-2.008e+02
-2.008e+02
-2.008e+02
-2.008e+02
-2.008e+02
-2.008e+02
-2.008e+02
-2.003e+02
-1.893e+02
-1.650e+02
-1.650e+02
-1.650e+02
-1.650e+02
-1.650e+02
-1.650e+02
-1.650e+02
-1.650e+02
-1.650e+02
-1.650e+02
-1.650e+02
-1.650e+02
-1.650e+02
-1.650e+02
-1.650e+02
-1.650e+02
-1.650e+02
-1.651e+02
-1.695e+02
-8.661e+01
-1.650e+02
-8.645e+01
-8.654e+01
-8.654e+01
-8.654e+01
-8.654e+01
-8.654e+01
-8.654e+01
-8.654e+01
-8.654e+01
-8.654e+01
-8.654e+01
-8.654e+01
-8.654e+01
-8.654e+01
-8.654e+01
-8.654e+01
-8.654e+01
-8.654e+01
-8.659e+01
-4.258e+01
-1.650e+02
-8.654e+01
-8.653e+01
-8.653e+01
-8.653e+01
-8.653e+01
-8.653e+01
-8.653e+01
-8.653e+01
-8.653e+01
-8.653e+01
-8.653e+01
-8.653e+01
-8.653e+01
-8.653e+01
-8.653e+01
-8.653e+01
-8.653e+01
-8.644e+01
-8.653e+01
-4.250e+01
-1.650e+02
-8.654e+01
-8.653e+01
-8.653e+01
-8.653e+01
-8.653e+01
-8.653e+01
-8.653e+01
-8.653e+01
-8.653e+01
-8.653e+01
-8.653e+01
-8.653e+01
-8.653e+01
-8.653e+01
-8.653e+01
-8.653e+01
-8.653e+01
-8.644e+01
-8.653e+01
-4.250e+01
-1.650e+02
-8.654e+01
-8.653e+01
-8.653e+01
-8.653e+01
-8.653e+01
-8.653e+01
-8.653e+01
-8.653e+01
-8.653e+01
-8.653e+01
-8.653e+01
-8.653e+01
-8.653e+01
-8.653e+01
-8.653e+01
-8.653e+01
-8.653e+01
-8.644e+01
-8.653e+01
-4.250e+01
-1.650e+02
-8.654e+01
-8.653e+01
-8.653e+01
-8.653e+01
-8.653e+01
-8.653e+01
-8.653e+01
-8.653e+01
-8.653e+01
-8.653e+01
-8.653e+01
-8.653e+01
-8.653e+01
-8.653e+01
-8.653e+01
-8.653e+01
-8.653e+01
-8.644e+01
-8.653e+01
-4.250e+01
-1.650e+02
-8.654e+01
-8.653e+01
-8.653e+01
-8.653e+01
-8.653e+01
-8.653e+01
-8.653e+01
-8.653e+01
-8.653e+01
-8.653e+01
-8.653e+01
-8.653e+01
-8.653e+01
-8.653e+01
-8.653e+01
-8.653e+01
-8.653e+01
-8.644e+01
-8.653e+01
-4.250e+01
-1.650e+02
-8.654e+01
-8.644e+01
-8.644e+01
-8.644e+01
-8.644e+01
-8.644e+01
-8.644e+01
-8.644e+01
-8.644e+01
-8.644e+01
-8.644e+01
-8.644e+01
-8.644e+01
-8.644e+01
-8.644e+01
-8.644e+01
-8.653e+01
-8.644e+01
-8.653e+01
-4.250e+01
-1.650e+02
-8.654e+01
-8.653e+01
-8.653e+01
-8.653e+01
-8.653e+01
-8.653e+01
-8.653e+01
-8.653e+01
-8.653e+01
-8.653e+01
-8.653e+01
-8.653e+01
-8.653e+01
-8.653e+01
-8.653e+01
-8.653e+01
-8.653e+01
-8.644e+01
-8.653e+01
-4.250e+01
-1.654e+02
-8.778e+01
-8.771e+01
-8.771e+01
-8.771e+01
-8.771e+01
-8.771e+01
-8.771e+01
-8.771e+01
-8.771e+01
-8.771e+01
-8.771e+01
-8.771e+01
-8.771e+01
-8.771e+01
-8.771e+01
-8.771e+01
-8.771e+01
-8.771e+01
-8.778e+01
-4.339e+01
-2.005e+02
-2.000e+02
-2.000e+02
-2.000e+02
-2.000e+02
-2.000e+02
-2.000e+02
-2.000e+02
-2.000e+02
-2.000e+02
-2.000e+02
-2.000e+02
-2.000e+02
-2.000e+02
-2.000e+02
-2.000e+02
-2.000e+02
-2.000e+02
-2.000e+02
-2.000e+02
-2.000e+02
-2.016e+02
-2.015e+02
-2.015e+02
-2.015e+02
-2.015e+02
-2.015e+02
-2.015e+02
-2.015e+02
-2.015e+02
-2.015e+02
-2.015e+02
-2.015e+02
-2.015e+02
-2.015e+02
-2.015e+02
-2.015e+02
-2.015e+02
-2.015e+02
-2.015e+02
-2.015e+02
-2.013e+02
-2.016e+02
-2.015e+02
-2.015e+02
-2.015e+02
-2.015e+02
-2.015e+02
-2.015e+02
-2.015e+02
-2.015e+02
-2.015e+02
-2.015e+02
-2.015e+02
-2.015e+02
-2.015e+02
-2.015e+02
-2.015e+02
-2.015e+02
-2.015e+02
-2.015e+02
-2.015e+02
-2.013e+02
-2.016e+02
-2.015e+02
-2.015e+02
-2.015e+02
-2.015e+02
-2.015e+02
-2.015e+02
-2.015e+02
-2.015e+02
-2.015e+02
-2.015e+02
-2.015e+02
-2.015e+02
-2.015e+02
-2.015e+02
-2.015e+02
-2.015e+02
-2.015e+02
-2.015e+02
-2.015e+02
-2.013e+02
-2.016e+02
-2.015e+02
-2.015e+02
-2.015e+02
-2.015e+02
-2.015e+02
-2.015e+02
-2.015e+02
-2.015e+02
-2.015e+02
-2.015e+02
-2.015e+02
-2.015e+02
-2.015e+02
-2.015e+02
-2.015e+02
-2.015e+02
-2.015e+02
-2.015e+02
-2.015e+02
-2.013e+02
-2.016e+02
-2.015e+02
-2.015e+02
-2.015e+02
-2.015e+02
-2.015e+02
-2.015e+02
-2.015e+02
-2.015e+02
-2.015e+02
-2.015e+02
-2.015e+02
-2.015e+02
-2.015e+02
-2.015e+02
-2.015e+02
-2.015e+02
-2.015e+02
-2.015e+02
-2.015e+02
-2.013e+02
-2.016e+02
-2.015e+02
-2.015e+02
-2.015e+02
-2.015e+02
-2.015e+02
-2.015e+02
-2.015e+02
-2.015e+02
-2.015e+02
-2.015e+02
-2.015e+02
-2.015e+02
-2.015e+02
-2.015e+02
-2.015e+02
-2.015e+02
-2.015e+02
-2.015e+02
-2.015e+02
-2.013e+02
-2.016e+02
-2.015e+02
-2.015e+02
-2.015e+02
-2.015e+02
-2.015e+02
-2.015e+02
-2.015e+02
-2.015e+02
-2.015e+02
-2.015e+02
-2.015e+02
-2.015e+02
-2.015e+02
-2.015e+02
-2.015e+02
-2.015e+02
-2.015e+02
-2.015e+02
-2.015e+02
-2.013e+02
-2.016e+02
-2.015e+02
-2.015e+02
-2.015e+02
-2.015e+02
-2.015e+02
-2.015e+02
-2.015e+02
-2.015e+02
-2.015e+02
-2.015e+02
-2.015e+02
-2.015e+02
-2.015e+02
-2.015e+02
-2.015e+02
-2.015e+02
-2.015e+02
-2.015e+02
-2.015e+02
-2.013e+02
-2.015e+02
-2.015e+02
-2.015e+02
-2.015e+02
-2.015e+02
-2.015e+02
-2.015e+02
-2.015e+02
-2.015e+02
-2.015e+02
-2.015e+02
-2.015e+02
-2.015e+02
-2.015e+02
-2.015e+02
-2.015e+02
-2.015e+02
-2.015e+02
-2.015e+02
-2.015e+02
-2.013e+02
-2.015e+02
-2.013e+02
-2.013e+02
-2.013e+02
-2.013e+02
-2.013e+02
-2.013e+02
-2.013e+02
-2.013e+02
-2.013e+02
-2.013e+02
-2.013e+02
-2.013e+02
-2.013e+02
-2.013e+02
-2.013e+02
-2.013e+02
-2.013e+02
-2.013e+02
-2.013e+02
-2.012e+02
-1.421e+02
-1.175e+02
-1.175e+02
-1.175e+02
-1.175e+02
-1.175e+02
-1.175e+02
-1.175e+02
-1.175e+02
-1.175e+02
-1.175e+02
-1.175e+02
-1.175e+02
-1.175e+02
-1.175e+02
-1.175e+02
-1.175e+02
-1.175e+02
-1.175e+02
-1.185e+02
-7.541e+01
-1.175e+02
-7.562e+01
-7.561e+01
-7.561e+01
-7.561e+01
-7.561e+01
-7.561e+01
-7.561e+01
-7.561e+01
-7.561e+01
-7.561e+01
-7.561e+01
-7.561e+01
-7.561e+01
-7.561e+01
-7.561e+01
-7.561e+01
-7.561e+01
-7.561e+01
-7.541e+01
-4.934e+01
-1.175e+02
-7.561e+01
-7.561e+01
-7.561e+01
-7.561e+01
-7.561e+01
-7.561e+01
-7.561e+01
-7.561e+01
-7.561e+01
-7.561e+01
-7.561e+01
-7.561e+01
-7.561e+01
-7.561e+01
-7.561e+01
-7.561e+01
-7.561e+01
-7.561e+01
-7.541e+01
-4.934e+01
-1.175e+02
-7.561e+01
-7.561e+01
-7.561e+01
-7.561e+01
-7.561e+01
-7.561e+01
-7.561e+01
-7.561e+01
-7.561e+01
-7.561e+01
-7.561e+01
-7.561e+01
-7.561e+01
-7.561e+01
-7.561e+01
-7.561e+01
-7.561e+01
-7.561e+01
-7.541e+01
-4.934e+01
-1.175e+02
-7.561e+01
-7.561e+01
-7.561e+01
-7.561e+01
-7.561e+01
-7.561e+01
-7.561e+01
-7.561e+01
-7.561e+01
-7.561e+01
-7.561e+01
-7.561e+01
-7.561e+01
-7.561e+01
-7.561e+01
-7.561e+01
-7.561e+01
-7.561e+01
-7.541e+01
-4.934e+01
-1.175e+02
-7.561e+01
-7.561e+01
-7.561e+01
-7.561e+01
-7.561e+01
-7.561e+01
-7.561e+01
-7.561e+01
-7.561e+01
-7.561e+01
-7.561e+01
-7.561e+01
-7.561e+01
-7.561e+01
-7.561e+01
-7.561e+01
-7.561e+01
-7.561e+01
-7.541e+01
-4.934e+01
-1.175e+02
-7.561e+01
-7.561e+01
-7.561e+01
-7.561e+01
-7.561e+01
-7.561e+01
-7.561e+01
-7.561e+01
-7.561e+01
-7.561e+01
-7.561e+01
-7.561e+01
-7.561e+01
-7.561e+01
-7.561e+01
-7.561e+01
-7.561e+01
-7.561e+01
-7.541e+01
-4.934e+01
-1.175e+02
-7.561e+01
-7.561e+01
-7.561e+01
-7.561e+01
-7.561e+01
-7.561e+01
-7.561e+01
-7.561e+01
-7.561e+01
-7.561e+01
-7.561e+01
-7.561e+01
-7.561e+01
-7.561e+01
-7.561e+01
-7.561e+01
-7.561e+01
-7.561e+01
-7.541e+01
-4.934e+01
-1.175e+02
-7.561e+01
-7.561e+01
-7.561e+01
-7.561e+01
-7.561e+01
-7.561e+01
-7.561e+01
-7.561e+01
-7.561e+01
-7.561e+01
-7.561e+01
-7.561e+01
-7.561e+01
-7.561e+01
-7.561e+01
-7.561e+01
-7.561e+01
-7.561e+01
-7.541e+01
-4.934e+01
-1.169e+02
-7.624e+01
-7.624e+01
-7.624e+01
-7.624e+01
-7.624e+01
-7.624e+01
-7.624e+01
-7.624e+01
-7.624e+01
-7.624e+01
-7.624e+01
-7.624e+01
-7.624e+01
-7.624e+01
-7.624e+01
-7.624e+01
-7.624e+01
-7.624e+01
-7.624e+01
-5.013e+01
-2.000e+02
-2.000e+02
-2.000e+02
-2.000e+02
-2.000e+02
-2.000e+02
-2.000e+02
-2.000e+02
-2.000e+02
-2.000e+02
-2.000e+02
-2.000e+02
-2.000e+02
-2.000e+02
-2.000e+02
-2.000e+02
-2.000e+02
-2.000e+02
-2.000e+02
-2.000e+02
-2.001e+02
-2.017e+02
-2.015e+02
-2.014e+02
-2.014e+02
-2.014e+02
-2.014e+02
-2.014e+02
-2.014e+02
-2.014e+02
-2.014e+02
-2.014e+02
-2.014e+02
-2.014e+02
-2.014e+02
-2.014e+02
-2.014e+02
-2.014e+02
-2.014e+02
-2.014e+02
-2.014e+02
-2.013e+02
-2.017e+02
-2.014e+02
-2.014e+02
-2.014e+02
-2.014e+02
-2.014e+02
-2.014e+02
-2.014e+02
-2.014e+02
-2.014e+02
-2.014e+02
-2.014e+02
-2.014e+02
-2.014e+02
-2.014e+02
-2.014e+02
-2.014e+02
-2.014e+02
-2.014e+02
-2.014e+02
-2.013e+02
-2.017e+02
-2.014e+02
-2.014e+02
-2.014e+02
-2.014e+02
-2.014e+02
-2.014e+02
-2.014e+02
-2.014e+02
-2.014e+02
-2.014e+02
-2.014e+02
-2.014e+02
-2.014e+02
-2.014e+02
-2.014e+02
-2.014e+02
-2.014e+02
-2.014e+02
-2.014e+02
-2.013e+02
-2.017e+02
-2.014e+02
-2.014e+02
-2.014e+02
-2.014e+02
-2.014e+02
-2.014e+02
-2.014e+02
-2.014e+02
-2.014e+02
-2.014e+02
-2.014e+02
-2.014e+02
-2.014e+02
-2.014e+02
-2.014e+02
-2.014e+02
-2.014e+02
-2.014e+02
-2.014e+02
-2.013e+02
-2.017e+02
-2.014e+02
-2.014e+02
-2.014e+02
-2.014e+02
-2.014e+02
-2.014e+02
-2.014e+02
-2.014e+02
-2.014e+02
-2.014e+02
-2.014e+02
-2.014e+02
-2.014e+02
-2.014e+02
-2.014e+02
-2.014e+02
-2.014e+02
-2.014e+02
-2.014e+02
-2.013e+02
-2.017e+02
-2.014e+02
-2.014e+02
-2.014e+02
-2.014e+02
-2.014e+02
-2.014e+02
-2.014e+02
-2.014e+02
-2.014e+02
-2.014e+02
-2.014e+02
-2.014e+02
-2.014e+02
-2.014e+02
-2.014e+02
-2.014e+02
-2.014e+02
-2.014e+02
-2.014e+02
-2.013e+02
-2.017e+02
-2.014e+02
-2.014e+02
-2.014e+02
-2.014e+02
-2.014e+02
-2.014e+02
-2.014e+02
-2.014e+02
-2.014e+02
-2.014e+02
-2.014e+02
-2.014e+02
-2.014e+02
-2.014e+02
-2.014e+02
-2.014e+02
-2.014e+02
-2.014e+02
-2.014e+02
-2.013e+02
-2.017e+02
-2.014e+02
-2.014e+02
-2.014e+02
-2.014e+02
-2.014e+02
-2.014e+02
-2.014e+02
-2.014e+02
-2.014e+02
-2.014e+02
-2.014e+02
-2.014e+02
-2.014e+02
-2.014e+02
-2.014e+02
-2.014e+02
-2.014e+02
-2.014e+02
-2.014e+02
-2.013e+02
-2.017e+02
-2.014e+02
-2.014e+02
-2.014e+02
-2.014e+02
-2.014e+02
-2.014e+02
-2.014e+02
-2.014e+02
-2.014e+02
-2.014e+02
-2.014e+02
-2.014e+02
-2.014e+02
-2.014e+02
-2.014e+02
-2.014e+02
-2.014e+02
-2.014e+02
-2.014e+02
-2.013e+02
-2.014e+02
-2.013e+02
-2.013e+02
-2.013e+02
-2.013e+02
-2.013e+02
-2.013e+02
-2.013e+02
-2.013e+02
-2.013e+02
-2.013e+02
-2.013e+02
-2.013e+02
-2.013e+02
-2.013e+02
-2.013e+02
-2.013e+02
-2.013e+02
-2.013e+02
-2.013e+02
-2.011e+02
-8.974e+01
-7.671e+01
-7.671e+01
-7.671e+01
-7.671e+01
-7.671e+01
-7.671e+01
-7.671e+01
-7.671e+01
-7.671e+01
-7.671e+01
-7.671e+01
-7.671e+01
-7.671e+01
-7.671e+01
-7.671e+01
-7.671e+01
-7.671e+01
-7.671e+01
-7.692e+01
-5.660e+01
-7.671e+01
-5.667e+01
-5.667e+01
-5.667e+01
-5.667e+01
-5.667e+01
-5.667e+01
-5.667e+01
-5.667e+01
-5.667e+01
-5.667e+01
-5.667e+01
-5.667e+01
-5.667e+01
-5.667e+01
-5.667e+01
-5.667e+01
-5.667e+01
-5.667e+01
-5.660e+01
-4.290e+01
-7.671e+01
-5.667e+01
-5.667e+01
-5.667e+01
-5.667e+01
-5.667e+01
-5.667e+01
-5.667e+01
-5.667e+01
-5.667e+01
-5.667e+01
-5.667e+01
-5.667e+01
-5.667e+01
-5.667e+01
-5.667e+01
-5.667e+01
-5.667e+01
-5.667e+01
-5.660e+01
-4.290e+01
-7.671e+01
-5.667e+01
-5.667e+01
-5.667e+01
-5.667e+01
-5.667e+01
-5.667e+01
-5.667e+01
-5.667e+01
-5.667e+01
-5.667e+01
-5.667e+01
-5.667e+01
-5.667e+01
-5.667e+01
-5.667e+01
-5.667e+01
-5.667e+01
-5.667e+01
-5.660e+01
-4.290e+01
-7.671e+01
-5.667e+01
-5.667e+01
-5.667e+01
-5.667e+01
-5.667e+01
-5.667e+01
-5.667e+01
-5.667e+01
-5.667e+01
-5.667e+01
-5.667e+01
-5.667e+01
-5.667e+01
-5.667e+01
-5.667e+01
-5.667e+01
-5.667e+01
-5.667e+01
-5.660e+01
-4.290e+01
-7.671e+01
-5.667e+01
-5.667e+01
-5.667e+01
-5.667e+01
-5.667e+01
-5.667e+01
-5.667e+01
-5.667e+01
-5.667e+01
-5.667e+01
-5.667e+01
-5.667e+01
-5.667e+01
-5.667e+01
-5.667e+01
-5.667e+01
-5.667e+01
-5.667e+01
-5.660e+01
-4.290e+01
-7.671e+01
-5.667e+01
-5.667e+01
-5.667e+01
-5.667e+01
-5.667e+01
-5.667e+01
-5.667e+01
-5.667e+01
-5.667e+01
-5.667e+01
-5.667e+01
-5.667e+01
-5.667e+01
-5.667e+01
-5.667e+01
-5.667e+01
-5.667e+01
-5.667e+01
-5.660e+01
-4.290e+01
-7.671e+01
-5.667e+01
-5.667e+01
-5.667e+01
-5.667e+01
-5.667e+01
-5.667e+01
-5.667e+01
-5.667e+01
-5.667e+01
-5.667e+01
-5.667e+01
-5.667e+01
-5.667e+01
-5.667e+01
-5.667e+01
-5.667e+01
-5.667e+01
-5.667e+01
-5.660e+01
-4.290e+01
-7.671e+01
-5.667e+01
-5.667e+01
-5.667e+01
-5.667e+01
-5.667e+01
-5.667e+01
-5.667e+01
-5.667e+01
-5.667e+01
-5.667e+01
-5.667e+01
-5.667e+01
-5.667e+01
-5.667e+01
-5.667e+01
-5.667e+01
-5.667e+01
-5.667e+01
-5.660e+01
-4.290e+01
-7.701e+01
-5.702e+01
-5.701e+01
-5.701e+01
-5.701e+01
-5.701e+01
-5.701e+01
-5.701e+01
-5.701e+01
-5.701e+01
-5.701e+01
-5.701e+01
-5.701e+01
-5.701e+01
-5.701e+01
-5.701e+01
-5.701e+01
-5.701e+01
-5.701e+01
-5.701e+01
-4.338e+01
-2.000e+02
-2.001e+02
-2.001e+02
-2.001e+02
-2.001e+02
-2.001e+02
-2.001e+02
-2.001e+02
-2.001e+02
-2.001e+02
-2.001e+02
-2.001e+02
-2.001e+02
-2.001e+02
-2.001e+02
-2.001e+02
-2.001e+02
-2.001e+02
-2.001e+02
-2.001e+02
-2.001e+02
-2.000e+02
-2.000e+02
-2.000e+02
-2.000e+02
-2.000e+02
-2.000e+02
-2.000e+02
-2.000e+02
-2.000e+02
-2.000e+02
-2.000e+02
-2.000e+02
-2.000e+02
-2.000e+02
-2.000e+02
-2.000e+02
-2.000e+02
-2.000e+02
-2.000e+02
-2.000e+02
-2.000e+02
-2.000e+02
-2.000e+02
-2.000e+02
-2.000e+02
-2.000e+02
-2.000e+02
-2.000e+02
-2.000e+02
-2.000e+02
-2.000e+02
-2.000e+02
-2.000e+02
-2.000e+02
-2.000e+02
-2.000e+02
-2.000e+02
-2.000e+02
-2.000e+02
-2.000e+02
-2.000e+02
-2.000e+02
-2.000e+02
-2.000e+02
-2.000e+02
-2.000e+02
-2.000e+02
-2.000e+02
-2.000e+02
-2.000e+02
-2.000e+02
-2.000e+02
-2.000e+02
-2.000e+02
-2.000e+02
-2.000e+02
-2.000e+02
-2.000e+02
-2.000e+02
-2.000e+02
-2.000e+02
-2.000e+02
-2.000e+02
-2.000e+02
-2.000e+02
-2.000e+02
-2.000e+02
-2.000e+02
-2.000e+02
-2.000e+02
-2.000e+02
-2.000e+02
-2.000e+02
-2.000e+02
-2.000e+02
-2.000e+02
-2.000e+02
-2.000e+02
-2.000e+02
-2.000e+02
-2.000e+02
-2.000e+02
-2.000e+02
-2.000e+02
-2.000e+02
-2.000e+02
-2.000e+02
-2.000e+02
-2.000e+02
-2.000e+02
-2.000e+02
-2.000e+02
-2.000e+02
-2.000e+02
-2.000e+02
-2.000e+02
-2.000e+02
-2.000e+02
-2.000e+02
-2.000e+02
-2.000e+02
-2.000e+02
-2.000e+02
-2.000e+02
-2.000e+02
-2.000e+02
-2.000e+02
-2.000e+02
-2.000e+02
-2.000e+02
-2.000e+02
-2.000e+02
-2.000e+02
-2.000e+02
-2.000e+02
-2.000e+02
-2.000e+02
-2.000e+02
-2.000e+02
-2.000e+02
-2.000e+02
-2.000e+02
-2.000e+02
-2.000e+02
-2.000e+02
-2.000e+02
-2.000e+02
-2.000e+02
-2.000e+02
-2.000e+02
-2.000e+02
-2.000e+02
-2.000e+02
-2.000e+02
-2.000e+02
-2.000e+02
-2.000e+02
-2.000e+02
-2.000e+02
-2.000e+02
-2.000e+02
-2.000e+02
-2.000e+02
-2.000e+02
-2.000e+02
-2.000e+02
-2.000e+02
-2.000e+02
-2.000e+02
-2.000e+02
-2.000e+02
-2.000e+02
-2.000e+02
-2.000e+02
-2.000e+02
-2.000e+02
-2.000e+02
-2.000e+02
-2.000e+02
-2.000e+02
-2.000e+02
-2.000e+02
-2.000e+02
-2.000e+02
-2.000e+02
-2.000e+02
-2.000e+02
-2.000e+02
-2.000e+02
-2.000e+02
-2.000e+02
-2.000e+02
-2.000e+02
-2.000e+02
-2.000e+02
-2.000e+02
-2.000e+02
-2.000e+02
-2.000e+02
-2.000e+02
-2.000e+02
-2.000e+02
-2.000e+02
-2.000e+02
-2.000e+02
-2.000e+02
-2.000e+02
-2.000e+02
-2.000e+02
-2.000e+02
-2.000e+02
-2.000e+02
-2.000e+02
-2.000e+02
-2.000e+02
-2.000e+02
-2.000e+02
-2.000e+02
-2.000e+02
-2.000e+02
-2.000e+02
-2.000e+02
-2.000e+02
-2.000e+02
-2.000e+02
-2.000e+02
-2.000e+02
-2.000e+02
-2.000e+02
-2.000e+02
-5.436e+01
-4.857e+01
-4.857e+01
-4.857e+01
-4.857e+01
-4.857e+01
-4.857e+01
-4.857e+01
-4.857e+01
-4.857e+01
-4.857e+01
-4.857e+01
-4.857e+01
-4.857e+01
-4.857e+01
-4.857e+01
-4.857e+01
-4.857e+01
-4.857e+01
-4.857e+01
-3.938e+01
-4.857e+01
-3.938e+01
-3.938e+01
-3.938e+01
-3.938e+01
-3.938e+01
-3.938e+01
-3.938e+01
-3.938e+01
-3.938e+01
-3.938e+01
-3.938e+01
-3.938e+01
-3.938e+01
-3.938e+01
-3.938e+01
-3.938e+01
-3.938e+01
-3.938e+01
-3.938e+01
-3.263e+01
-4.857e+01
-3.938e+01
-3.938e+01
-3.938e+01
-3.938e+01
-3.938e+01
-3.938e+01
-3.938e+01
-3.938e+01
-3.938e+01
-3.938e+01
-3.938e+01
-3.938e+01
-3.938e+01
-3.938e+01
-3.938e+01
-3.938e+01
-3.938e+01
-3.938e+01
-3.938e+01
-3.263e+01
-4.857e+01
-3.938e+01
-3.938e+01
-3.938e+01
-3.938e+01
-3.938e+01
-3.938e+01
-3.938e+01
-3.938e+01
-3.938e+01
-3.938e+01
-3.938e+01
-3.938e+01
-3.938e+01
-3.938e+01
-3.938e+01
-3.938e+01
-3.938e+01
-3.938e+01
-3.938e+01
-3.263e+01
-4.857e+01
-3.938e+01
-3.938e+01
-3.938e+01
-3.938e+01
-3.938e+01
-3.938e+01
-3.938e+01
-3.938e+01
-3.938e+01
-3.938e+01
-3.938e+01
-3.938e+01
-3.938e+01
-3.938e+01
-3.938e+01
-3.938e+01
-3.938e+01
-3.938e+01
-3.938e+01
-3.263e+01
-4.857e+01
-3.938e+01
-3.938e+01
-3.938e+01
-3.938e+01
-3.938e+01
-3.938e+01
-3.938e+01
-3.938e+01
-3.938e+01
-3.938e+01
-3.938e+01
-3.938e+01
-3.938e+01
-3.938e+01
-3.938e+01
-3.938e+01
-3.938e+01
-3.938e+01
-3.938e+01
-3.263e+01
-4.857e+01
-3.938e+01
-3.938e+01
-3.938e+01
-3.938e+01
-3.938e+01
-3.938e+01
-3.938e+01
-3.938e+01
-3.938e+01
-3.938e+01
-3.938e+01
-3.938e+01
-3.938e+01
-3.938e+01
-3.938e+01
-3.938e+01
-3.938e+01
-3.938e+01
-3.938e+01
-3.263e+01
-4.857e+01
-3.938e+01
-3.938e+01
-3.938e+01
-3.938e+01
-3.938e+01
-3.938e+01
-3.938e+01
-3.938e+01
-3.938e+01
-3.938e+01
-3.938e+01
-3.938e+01
-3.938e+01
-3.938e+01
-3.938e+01
-3.938e+01
-3.938e+01
-3.938e+01
-3.938e+01
-3.263e+01
-4.857e+01
-3.938e+01
-3.938e+01
-3.938e+01
-3.938e+01
-3.938e+01
-3.938e+01
-3.938e+01
-3.938e+01
-3.938e+01
-3.938e+01
-3.938e+01
-3.938e+01
-3.938e+01
-3.938e+01
-3.938e+01
-3.938e+01
-3.938e+01
-3.938e+01
-3.938e+01
-3.263e+01
-4.866e+01
-3.945e+01
-3.945e+01
-3.945e+01
-3.945e+01
-3.945e+01
-3.945e+01
-3.945e+01
-3.945e+01
-3.945e+01
-3.945e+01
-3.945e+01
-3.945e+01
-3.945e+01
-3.945e+01
-3.945e+01
-3.945e+01
-3.945e+01
-3.945e+01
-3.945e+01
-3.273e+01
-1.999e+02
-1.999e+02
-1.999e+02
-1.999e+02
-1.999e+02
-1.999e+02
-1.999e+02
-1.999e+02
-1.999e+02
-1.999e+02
-1.999e+02
-1.999e+02
-1.999e+02
-1.999e+02
-1.999e+02
-1.999e+02
-1.999e+02
-1.999e+02
-1.999e+02
-1.999e+02
-1.998e+02
-2.000e+02
-2.000e+02
-2.000e+02
-2.000e+02
-2.000e+02
-2.000e+02
-2.000e+02
-2.000e+02
-2.000e+02
-2.000e+02
-2.000e+02
-2.000e+02
-2.000e+02
-2.000e+02
-2.000e+02
-2.000e+02
-2.000e+02
-2.000e+02
-2.000e+02
-2.000e+02
-1.999e+02
-2.000e+02
-2.000e+02
-2.000e+02
-2.000e+02
-2.000e+02
-2.000e+02
-2.000e+02
-2.000e+02
-2.000e+02
-2.000e+02
-2.000e+02
-2.000e+02
-2.000e+02
-2.000e+02
-2.000e+02
-2.000e+02
-2.000e+02
-2.000e+02
-2.000e+02
-2.000e+02
-1.999e+02
-2.000e+02
-2.000e+02
-2.000e+02
-2.000e+02
-2.000e+02
-2.000e+02
-2.000e+02
-2.000e+02
-2.000e+02
-2.000e+02
-2.000e+02
-2.000e+02
-2.000e+02
-2.000e+02
-2.000e+02
-2.000e+02
-2.000e+02
-2.000e+02
-2.000e+02
-2.000e+02
-1.999e+02
-2.000e+02
-2.000e+02
-2.000e+02
-2.000e+02
-2.000e+02
-2.000e+02
-2.000e+02
-2.000e+02
-2.000e+02
-2.000e+02
-2.000e+02
-2.000e+02
-2.000e+02
-2.000e+02
-2.000e+02
-2.000e+02
-2.000e+02
-2.000e+02
-2.000e+02
-2.000e+02
-1.999e+02
-2.000e+02
-2.000e+02
-2.000e+02
-2.000e+02
-2.000e+02
-2.000e+02
-2.000e+02
-2.000e+02
-2.000e+02
-2.000e+02
-2.000e+02
-2.000e+02
-2.000e+02
-2.000e+02
-2.000e+02
-2.000e+02
-2.000e+02
-2.000e+02
-2.000e+02
-2.000e+02
-1.999e+02
-2.000e+02
-2.000e+02
-2.000e+02
-2.000e+02
-2.000e+02
-2.000e+02
-2.000e+02
-2.000e+02
-2.000e+02
-2.000e+02
-2.000e+02
-2.000e+02
-2.000e+02
-2.000e+02
-2.000e+02
-2.000e+02
-2.000e+02
-2.000e+02
-2.000e+02
-2.000e+02
-1.999e+02
-2.000e+02
-2.000e+02
-2.000e+02
-2.000e+02
-2.000e+02
-2.000e+02
-2.000e+02
-2.000e+02
-2.000e+02
-2.000e+02
-2.000e+02
-2.000e+02
-2.000e+02
-2.000e+02
-2.000e+02
-2.000e+02
-2.000e+02
-2.000e+02
-2.000e+02
-2.000e+02
-1.999e+02
-2.000e+02
-2.000e+02
-2.000e+02
-2.000e+02
-2.000e+02
-2.000e+02
-2.000e+02
-2.000e+02
-2.000e+02
-2.000e+02
-2.000e+02
-2.000e+02
-2.000e+02
-2.000e+02
-2.000e+02
-2.000e+02
-2.000e+02
-2.000e+02
-2.000e+02
-2.000e+02
-1.999e+02
-2.000e+02
-2.000e+02
-2.000e+02
-2.000e+02
-2.000e+02
-2.000e+02
-2.000e+02
-2.000e+02
-2.000e+02
-2.000e+02
-2.000e+02
-2.000e+02
-2.000e+02
-2.000e+02
-2.000e+02
-2.000e+02
-2.000e+02
-2.000e+02
-2.000e+02
-2.000e+02
-1.999e+02
-2.000e+02
-1.999e+02
-1.999e+02
-1.999e+02
-1.999e+02
-1.999e+02
-1.999e+02
-1.999e+02
-1.999e+02
-1.999e+02
-1.999e+02
-1.999e+02
-1.999e+02
-1.999e+02
-1.999e+02
-1.999e+02
-1.999e+02
-1.999e+02
-1.999e+02
-1.999e+02
-1.999e+02
-2.723e+01
-2.687e+01
-2.687e+01
-2.687e+01
-2.687e+01
-2.687e+01
-2.687e+01
-2.687e+01
-2.687e+01
-2.687e+01
-2.687e+01
-2.687e+01
-2.687e+01
-2.687e+01
-2.687e+01
-2.687e+01
-2.687e+01
-2.687e+01
-2.687e+01
-2.687e+01
-2.635e+01
-2.687e+01
-2.635e+01
-2.634e+01
-2.634e+01
-2.634e+01
-2.634e+01
-2.634e+01
-2.634e+01
-2.634e+01
-2.634e+01
-2.634e+01
-2.634e+01
-2.634e+01
-2.634e+01
-2.634e+01
-2.634e+01
-2.634e+01
-2.634e+01
-2.634e+01
-2.634e+01
-2.570e+01
-2.687e+01
-2.634e+01
-2.634e+01
-2.634e+01
-2.634e+01
-2.634e+01
-2.634e+01
-2.634e+01
-2.634e+01
-2.634e+01
-2.634e+01
-2.634e+01
-2.634e+01
-2.634e+01
-2.634e+01
-2.634e+01
-2.634e+01
-2.634e+01
-2.634e+01
-2.634e+01
-2.567e+01
-2.687e+01
-2.634e+01
-2.634e+01
-2.634e+01
-2.634e+01
-2.634e+01
-2.634e+01
-2.634e+01
-2.634e+01
-2.634e+01
-2.634e+01
-2.634e+01
-2.634e+01
-2.634e+01
-2.634e+01
-2.634e+01
-2.634e+01
-2.634e+01
-2.634e+01
-2.634e+01
-2.567e+01
-2.687e+01
-2.634e+01
-2.634e+01
-2.634e+01
-2.634e+01
-2.634e+01
-2.634e+01
-2.634e+01
-2.634e+01
-2.634e+01
-2.634e+01
-2.634e+01
-2.634e+01
-2.634e+01
-2.634e+01
-2.634e+01
-2.634e+01
-2.634e+01
-2.634e+01
-2.634e+01
-2.567e+01
-2.687e+01
-2.634e+01
-2.634e+01
-2.634e+01
-2.634e+01
-2.634e+01
-2.634e+01
-2.634e+01
-2.634e+01
-2.634e+01
-2.634e+01
-2.634e+01
-2.634e+01
-2.634e+01
-2.634e+01
-2.634e+01
-2.634e+01
-2.634e+01
-2.634e+01
-2.634e+01
-2.567e+01
-2.687e+01
-2.634e+01
-2.634e+01
-2.634e+01
-2.634e+01
-2.634e+01
-2.634e+01
-2.634e+01
-2.634e+01
-2.634e+01
-2.634e+01
-2.634e+01
-2.634e+01
-2.634e+01
-2.634e+01
-2.634e+01
-2.634e+01
-2.634e+01
-2.634e+01
-2.634e+01
-2.567e+01
-2.687e+01
-2.634e+01
-2.634e+01
-2.634e+01
-2.634e+01
-2.634e+01
-2.634e+01
-2.634e+01
-2.634e+01
-2.634e+01
-2.634e+01
-2.634e+01
-2.634e+01
-2.634e+01
-2.634e+01
-2.634e+01
-2.634e+01
-2.634e+01
-2.634e+01
-2.634e+01
-2.567e+01
-2.687e+01
-2.634e+01
-2.634e+01
-2.634e+01
-2.634e+01
-2.634e+01
-2.634e+01
-2.634e+01
-2.634e+01
-2.634e+01
-2.634e+01
-2.634e+01
-2.634e+01
-2.634e+01
-2.634e+01
-2.634e+01
-2.634e+01
-2.634e+01
-2.634e+01
-2.634e+01
-2.567e+01
-2.678e+01
-2.626e+01
-2.621e+01
-2.621e+01
-2.621e+01
-2.621e+01
-2.621e+01
-2.621e+01
-2.621e+01
-2.621e+01
-2.621e+01
-2.621e+01
-2.621e+01
-2.621e+01
-2.621e+01
-2.621e+01
-2.621e+01
-2.621e+01
-2.621e+01
-2.624e+01
-2.560e+01
-8.410e+01
-8.442e+01
-8.314e+01
-8.320e+01
-8.320e+01
-8.320e+01
-8.320e+01
-8.320e+01
-8.320e+01
-8.320e+01
-8.320e+01
-8.320e+01
-8.320e+01
-8.320e+01
-8.320e+01
-8.320e+01
-8.320e+01
-8.320e+01
-8.320e+01
-8.319e+01
-8.048e+01
-7.757e+01
-6.912e+01
-6.712e+01
-6.717e+01
-6.717e+01
-6.717e+01
-6.717e+01
-6.717e+01
-6.717e+01
-6.717e+01
-6.717e+01
-6.717e+01
-6.717e+01
-6.717e+01
-6.717e+01
-6.717e+01
-6.717e+01
-6.717e+01
-6.717e+01
-6.716e+01
-5.852e+01
-7.787e+01
-6.989e+01
-6.813e+01
-6.825e+01
-6.825e+01
-6.825e+01
-6.825e+01
-6.825e+01
-6.825e+01
-6.825e+01
-6.825e+01
-6.825e+01
-6.825e+01
-6.825e+01
-6.825e+01
-6.825e+01
-6.825e+01
-6.825e+01
-6.825e+01
-6.824e+01
-5.979e+01
-7.787e+01
-6.986e+01
-6.814e+01
-6.822e+01
-6.821e+01
-6.821e+01
-6.821e+01
-6.821e+01
-6.821e+01
-6.821e+01
-6.821e+01
-6.821e+01
-6.821e+01
-6.821e+01
-6.821e+01
-6.821e+01
-6.821e+01
-6.821e+01
-6.821e+01
-6.819e+01
-5.974e+01
-7.787e+01
-6.986e+01
-6.814e+01
-6.822e+01
-6.821e+01
-6.821e+01
-6.821e+01
-6.821e+01
-6.821e+01
-6.821e+01
-6.821e+01
-6.821e+01
-6.821e+01
-6.821e+01
-6.821e+01
-6.821e+01
-6.821e+01
-6.821e+01
-6.821e+01
-6.819e+01
-5.974e+01
-7.787e+01
-6.986e+01
-6.814e+01
-6.822e+01
-6.821e+01
-6.821e+01
-6.821e+01
-6.821e+01
-6.821e+01
-6.821e+01
-6.821e+01
-6.821e+01
-6.821e+01
-6.821e+01
-6.821e+01
-6.821e+01
-6.821e+01
-6.821e+01
-6.821e+01
-6.819e+01
-5.974e+01
-7.787e+01
-6.986e+01
-6.814e+01
-6.822e+01
-6.821e+01
-6.821e+01
-6.821e+01
-6.821e+01
-6.821e+01
-6.821e+01
-6.821e+01
-6.821e+01
-6.821e+01
-6.821e+01
-6.821e+01
-6.821e+01
-6.821e+01
-6.821e+01
-6.821e+01
-6.819e+01
-5.974e+01
-7.787e+01
-6.986e+01
-6.814e+01
-6.822e+01
-6.821e+01
-6.821e+01
-6.821e+01
-6.821e+01
-6.821e+01
-6.821e+01
-6.821e+01
-6.821e+01
-6.821e+01
-6.821e+01
-6.821e+01
-6.821e+01
-6.821e+01
-6.821e+01
-6.821e+01
-6.819e+01
-5.974e+01
-7.787e+01
-6.986e+01
-6.814e+01
-6.822e+01
-6.821e+01
-6.821e+01
-6.821e+01
-6.821e+01
-6.821e+01
-6.821e+01
-6.821e+01
-6.821e+01
-6.821e+01
-6.821e+01
-6.821e+01
-6.821e+01
-6.821e+01
-6.821e+01
-6.821e+01
-6.819e+01
-5.974e+01
-7.796e+01
-6.986e+01
-6.813e+01
-6.819e+01
-6.819e+01
-6.819e+01
-6.819e+01
-6.819e+01
-6.819e+01
-6.819e+01
-6.819e+01
-6.819e+01
-6.819e+01
-6.819e+01
-6.819e+01
-6.819e+01
-6.819e+01
-6.819e+01
-6.819e+01
-6.829e+01
-5.972e+01
-7.084e+01
-6.151e+01
-5.966e+01
-5.974e+01
-5.974e+01
-5.974e+01
-5.974e+01
-5.974e+01
-5.974e+01
-5.974e+01
-5.974e+01
-5.974e+01
-5.974e+01
-5.974e+01
-5.974e+01
-5.974e+01
-5.974e+01
-5.974e+01
-5.974e+01
-5.972e+01
-5.525e+01
-4.229e+01
-3.041e+01
-3.041e+01
-3.041e+01
-3.041e+01
-3.041e+01
-3.041e+01
-3.041e+01
-3.041e+01
-3.041e+01
-3.041e+01
-3.041e+01
-3.041e+01
-3.041e+01
-3.041e+01
-3.041e+01
-3.041e+01
-3.041e+01
-3.041e+01
-3.029e+01
-1.859e+01
-3.041e+01
-1.859e+01
-1.859e+01
-1.859e+01
-1.859e+01
-1.859e+01
-1.859e+01
-1.859e+01
-1.859e+01
-1.859e+01
-1.859e+01
-1.859e+01
-1.859e+01
-1.859e+01
-1.859e+01
-1.859e+01
-1.859e+01
-1.859e+01
-1.859e+01
-1.859e+01
-1.319e+01
-3.041e+01
-1.859e+01
-1.859e+01
-1.859e+01
-1.859e+01
-1.859e+01
-1.859e+01
-1.859e+01
-1.859e+01
-1.859e+01
-1.859e+01
-1.859e+01
-1.859e+01
-1.859e+01
-1.859e+01
-1.859e+01
-1.859e+01
-1.859e+01
-1.859e+01
-1.859e+01
-1.319e+01
-3.041e+01
-1.859e+01
-1.859e+01
-1.859e+01
-1.859e+01
-1.859e+01
-1.859e+01
-1.859e+01
-1.859e+01
-1.859e+01
-1.859e+01
-1.859e+01
-1.859e+01
-1.859e+01
-1.859e+01
-1.859e+01
-1.859e+01
-1.859e+01
-1.859e+01
-1.859e+01
-1.319e+01
-3.041e+01
-1.859e+01
-1.859e+01
-1.859e+01
-1.859e+01
-1.859e+01
-1.859e+01
-1.859e+01
-1.859e+01
-1.859e+01
-1.859e+01
-1.859e+01
-1.859e+01
-1.859e+01
-1.859e+01
-1.859e+01
-1.859e+01
-1.859e+01
-1.859e+01
-1.859e+01
-1.319e+01
-3.041e+01
-1.859e+01
-1.859e+01
-1.859e+01
-1.859e+01
-1.859e+01
-1.859e+01
-1.859e+01
-1.859e+01
-1.859e+01
-1.859e+01
-1.859e+01
-1.859e+01
-1.859e+01
-1.859e+01
-1.859e+01
-1.859e+01
-1.859e+01
-1.859e+01
-1.859e+01
-1.319e+01
-3.041e+01
-1.859e+01
-1.859e+01
-1.859e+01
-1.859e+01
-1.859e+01
-1.859e+01
-1.859e+01
-1.859e+01
-1.859e+01
-1.859e+01
-1.859e+01
-1.859e+01
-1.859e+01
-1.859e+01
-1.859e+01
-1.859e+01
-1.859e+01
-1.859e+01
-1.859e+01
-1.319e+01
-3.041e+01
-1.859e+01
-1.859e+01
-1.859e+01
-1.859e+01
-1.859e+01
-1.859e+01
-1.859e+01
-1.859e+01
-1.859e+01
-1.859e+01
-1.859e+01
-1.859e+01
-1.859e+01
-1.859e+01
-1.859e+01
-1.859e+01
-1.859e+01
-1.859e+01
-1.859e+01
-1.319e+01
-3.041e+01
-1.859e+01
-1.859e+01
-1.859e+01
-1.859e+01
-1.859e+01
-1.859e+01
-1.859e+01
-1.859e+01
-1.859e+01
-1.859e+01
-1.859e+01
-1.859e+01
-1.859e+01
-1.859e+01
-1.859e+01
-1.859e+01
-1.859e+01
-1.859e+01
-1.859e+01
-1.319e+01
-2.920e+01
-1.837e+01
-1.837e+01
-1.837e+01
-1.837e+01
-1.837e+01
-1.837e+01
-1.837e+01
-1.837e+01
-1.837e+01
-1.837e+01
-1.837e+01
-1.837e+01
-1.837e+01
-1.837e+01
-1.837e+01
-1.837e+01
-1.837e+01
-1.837e+01
-1.835e+01
-1.317e+01
-5.528e+00
-5.131e+00
-5.149e+00
-5.148e+00
-5.148e+00
-5.148e+00
-5.148e+00
-5.148e+00
-5.148e+00
-5.148e+00
-5.148e+00
-5.148e+00
-5.148e+00
-5.148e+00
-5.148e+00
-5.148e+00
-5.148e+00
-5.148e+00
-5.148e+00
-5.148e+00
-4.821e+00
-5.534e+00
-5.168e+00
-5.197e+00
-5.194e+00
-5.194e+00
-5.194e+00
-5.194e+00
-5.194e+00
-5.194e+00
-5.194e+00
-5.194e+00
-5.194e+00
-5.194e+00
-5.194e+00
-5.194e+00
-5.194e+00
-5.194e+00
-5.194e+00
-5.194e+00
-5.191e+00
-4.834e+00
-5.535e+00
-5.169e+00
-5.202e+00
-5.201e+00
-5.201e+00
-5.201e+00
-5.201e+00
-5.201e+00
-5.201e+00
-5.201e+00
-5.201e+00
-5.201e+00
-5.201e+00
-5.201e+00
-5.201e+00
-5.201e+00
-5.201e+00
-5.201e+00
-5.201e+00
-5.198e+00
-4.843e+00
-5.535e+00
-5.168e+00
-5.202e+00
-5.199e+00
-5.199e+00
-5.199e+00
-5.199e+00
-5.199e+00
-5.199e+00
-5.199e+00
-5.199e+00
-5.199e+00
-5.199e+00
-5.199e+00
-5.199e+00
-5.199e+00
-5.199e+00
-5.199e+00
-5.199e+00
-5.198e+00
-4.842e+00
-5.535e+00
-5.168e+00
-5.202e+00
-5.199e+00
-5.199e+00
-5.199e+00
-5.199e+00
-5.199e+00
-5.199e+00
-5.199e+00
-5.199e+00
-5.199e+00
-5.199e+00
-5.199e+00
-5.199e+00
-5.199e+00
-5.199e+00
-5.199e+00
-5.199e+00
-5.198e+00
-4.842e+00
-5.535e+00
-5.168e+00
-5.202e+00
-5.199e+00
-5.199e+00
-5.199e+00
-5.199e+00
-5.199e+00
-5.199e+00
-5.199e+00
-5.199e+00
-5.199e+00
-5.199e+00
-5.199e+00
-5.199e+00
-5.199e+00
-5.199e+00
-5.199e+00
-5.199e+00
-5.198e+00
-4.842e+00
-5.535e+00
-5.168e+00
-5.202e+00
-5.199e+00
-5.199e+00
-5.199e+00
-5.199e+00
-5.199e+00
-5.199e+00
-5.199e+00
-5.199e+00
-5.199e+00
-5.199e+00
-5.199e+00
-5.199e+00
-5.199e+00
-5.199e+00
-5.199e+00
-5.199e+00
-5.198e+00
-4.842e+00
-5.535e+00
-5.168e+00
-5.202e+00
-5.199e+00
-5.199e+00
-5.199e+00
-5.199e+00
-5.199e+00
-5.199e+00
-5.199e+00
-5.199e+00
-5.199e+00
-5.199e+00
-5.199e+00
-5.199e+00
-5.199e+00
-5.199e+00
-5.199e+00
-5.199e+00
-5.198e+00
-4.842e+00
-5.535e+00
-5.168e+00
-5.202e+00
-5.199e+00
-5.199e+00
-5.199e+00
-5.199e+00
-5.199e+00
-5.199e+00
-5.199e+00
-5.199e+00
-5.199e+00
-5.199e+00
-5.199e+00
-5.199e+00
-5.199e+00
-5.199e+00
-5.199e+00
-5.199e+00
-5.198e+00
-4.842e+00
-5.533e+00
-5.168e+00
-5.201e+00
-5.198e+00
-5.198e+00
-5.198e+00
-5.198e+00
-5.198e+00
-5.198e+00
-5.198e+00
-5.198e+00
-5.198e+00
-5.198e+00
-5.198e+00
-5.198e+00
-5.198e+00
-5.198e+00
-5.198e+00
-5.198e+00
-5.197e+00
-4.842e+00
-5.150e+00
-4.810e+00
-4.844e+00
-4.842e+00
-4.842e+00
-4.842e+00
-4.842e+00
-4.842e+00
-4.842e+00
-4.842e+00
-4.842e+00
-4.842e+00
-4.842e+00
-4.842e+00
-4.842e+00
-4.842e+00
-4.842e+00
-4.842e+00
-4.842e+00
-4.842e+00
-4.699e+00
-1.087e+01
-1.080e+01
-1.080e+01
-1.080e+01
-1.080e+01
-1.080e+01
-1.080e+01
-1.080e+01
-1.080e+01
-1.080e+01
-1.080e+01
-1.080e+01
-1.080e+01
-1.080e+01
-1.080e+01
-1.080e+01
-1.080e+01
-1.080e+01
-1.080e+01
-1.080e+01
-1.071e+01
-1.080e+01
-1.071e+01
-1.070e+01
-1.070e+01
-1.070e+01
-1.070e+01
-1.070e+01
-1.070e+01
-1.070e+01
-1.070e+01
-1.070e+01
-1.070e+01
-1.070e+01
-1.070e+01
-1.070e+01
-1.070e+01
-1.070e+01
-1.070e+01
-1.070e+01
-1.070e+01
-1.058e+01
-1.080e+01
-1.070e+01
-1.070e+01
-1.070e+01
-1.070e+01
-1.070e+01
-1.070e+01
-1.070e+01
-1.070e+01
-1.070e+01
-1.070e+01
-1.070e+01
-1.070e+01
-1.070e+01
-1.070e+01
-1.070e+01
-1.070e+01
-1.070e+01
-1.070e+01
-1.070e+01
-1.058e+01
-1.080e+01
-1.070e+01
-1.070e+01
-1.070e+01
-1.070e+01
-1.070e+01
-1.070e+01
-1.070e+01
-1.070e+01
-1.070e+01
-1.070e+01
-1.070e+01
-1.070e+01
-1.070e+01
-1.070e+01
-1.070e+01
-1.070e+01
-1.070e+01
-1.070e+01
-1.070e+01
-1.058e+01
-1.080e+01
-1.070e+01
-1.070e+01
-1.070e+01
-1.070e+01
-1.070e+01
-1.070e+01
-1.070e+01
-1.070e+01
-1.070e+01
-1.070e+01
-1.070e+01
-1.070e+01
-1.070e+01
-1.070e+01
-1.070e+01
-1.070e+01
-1.070e+01
-1.070e+01
-1.070e+01
-1.058e+01
-1.080e+01
-1.070e+01
-1.070e+01
-1.070e+01
-1.070e+01
-1.070e+01
-1.070e+01
-1.070e+01
-1.070e+01
-1.070e+01
-1.070e+01
-1.070e+01
-1.070e+01
-1.070e+01
-1.070e+01
-1.070e+01
-1.070e+01
-1.070e+01
-1.070e+01
-1.070e+01
-1.058e+01
-1.080e+01
-1.070e+01
-1.070e+01
-1.070e+01
-1.070e+01
-1.070e+01
-1.070e+01
-1.070e+01
-1.070e+01
-1.070e+01
-1.070e+01
-1.070e+01
-1.070e+01
-1.070e+01
-1.070e+01
-1.070e+01
-1.070e+01
-1.070e+01
-1.070e+01
-1.070e+01
-1.058e+01
-1.080e+01
-1.070e+01
-1.070e+01
-1.070e+01
-1.070e+01
-1.070e+01
-1.070e+01
-1.070e+01
-1.070e+01
-1.070e+01
-1.070e+01
-1.070e+01
-1.070e+01
-1.070e+01
-1.070e+01
-1.070e+01
-1.070e+01
-1.070e+01
-1.070e+01
-1.070e+01
-1.058e+01
-1.080e+01
-1.070e+01
-1.070e+01
-1.070e+01
-1.070e+01
-1.070e+01
-1.070e+01
-1.070e+01
-1.070e+01
-1.070e+01
-1.070e+01
-1.070e+01
-1.070e+01
-1.070e+01
-1.070e+01
-1.070e+01
-1.070e+01
-1.070e+01
-1.070e+01
-1.070e+01
-1.058e+01
-1.085e+01
-1.054e+01
-1.053e+01
-1.053e+01
-1.053e+01
-1.053e+01
-1.053e+01
-1.053e+01
-1.053e+01
-1.053e+01
-1.053e+01
-1.053e+01
-1.053e+01
-1.053e+01
-1.053e+01
-1.053e+01
-1.053e+01
-1.053e+01
-1.053e+01
-1.054e+01
-1.042e+01
-1.997e+00
-1.996e+00
-1.996e+00
-1.996e+00
-1.996e+00
-1.996e+00
-1.996e+00
-1.996e+00
-1.996e+00
-1.996e+00
-1.996e+00
-1.996e+00
-1.996e+00
-1.996e+00
-1.996e+00
-1.996e+00
-1.996e+00
-1.996e+00
-1.996e+00
-1.996e+00
-1.989e+00
-2.004e+00
-2.009e+00
-2.009e+00
-2.009e+00
-2.009e+00
-2.009e+00
-2.009e+00
-2.009e+00
-2.009e+00
-2.009e+00
-2.009e+00
-2.009e+00
-2.009e+00
-2.009e+00
-2.009e+00
-2.009e+00
-2.009e+00
-2.009e+00
-2.009e+00
-2.010e+00
-2.009e+00
-2.004e+00
-2.009e+00
-2.009e+00
-2.009e+00
-2.009e+00
-2.009e+00
-2.009e+00
-2.009e+00
-2.009e+00
-2.009e+00
-2.009e+00
-2.009e+00
-2.009e+00
-2.009e+00
-2.009e+00
-2.009e+00
-2.009e+00
-2.009e+00
-2.009e+00
-2.010e+00
-2.009e+00
-2.004e+00
-2.009e+00
-2.009e+00
-2.009e+00
-2.009e+00
-2.009e+00
-2.009e+00
-2.009e+00
-2.009e+00
-2.009e+00
-2.009e+00
-2.009e+00
-2.009e+00
-2.009e+00
-2.009e+00
-2.009e+00
-2.009e+00
-2.009e+00
-2.009e+00
-2.010e+00
-2.009e+00
-2.004e+00
-2.009e+00
-2.009e+00
-2.009e+00
-2.009e+00
-2.009e+00
-2.009e+00
-2.009e+00
-2.009e+00
-2.009e+00
-2.009e+00
-2.009e+00
-2.009e+00
-2.009e+00
-2.009e+00
-2.009e+00
-2.009e+00
-2.009e+00
-2.009e+00
-2.010e+00
-2.009e+00
-2.004e+00
-2.009e+00
-2.009e+00
-2.009e+00
-2.009e+00
-2.009e+00
-2.009e+00
-2.009e+00
-2.009e+00
-2.009e+00
-2.009e+00
-2.009e+00
-2.009e+00
-2.009e+00
-2.009e+00
-2.009e+00
-2.009e+00
-2.009e+00
-2.009e+00
-2.010e+00
-2.009e+00
-2.004e+00
-2.009e+00
-2.009e+00
-2.009e+00
-2.009e+00
-2.009e+00
-2.009e+00
-2.009e+00
-2.009e+00
-2.009e+00
-2.009e+00
-2.009e+00
-2.009e+00
-2.009e+00
-2.009e+00
-2.009e+00
-2.009e+00
-2.009e+00
-2.009e+00
-2.010e+00
-2.009e+00
-2.004e+00
-2.009e+00
-2.009e+00
-2.009e+00
-2.009e+00
-2.009e+00
-2.009e+00
-2.009e+00
-2.009e+00
-2.009e+00
-2.009e+00
-2.009e+00
-2.009e+00
-2.009e+00
-2.009e+00
-2.009e+00
-2.009e+00
-2.009e+00
-2.009e+00
-2.010e+00
-2.009e+00
-2.004e+00
-2.009e+00
-2.009e+00
-2.009e+00
-2.009e+00
-2.009e+00
-2.009e+00
-2.009e+00
-2.009e+00
-2.009e+00
-2.009e+00
-2.009e+00
-2.009e+00
-2.009e+00
-2.009e+00
-2.009e+00
-2.009e+00
-2.009e+00
-2.009e+00
-2.010e+00
-2.009e+00
-2.006e+00
-2.009e+00
-2.010e+00
-2.010e+00
-2.010e+00
-2.010e+00
-2.010e+00
-2.010e+00
-2.010e+00
-2.010e+00
-2.010e+00
-2.010e+00
-2.010e+00
-2.010e+00
-2.010e+00
-2.010e+00
-2.010e+00
-2.010e+00
-2.010e+00
-2.010e+00
-2.009e+00
-2.009e+00
-2.009e+00
-2.009e+00
-2.009e+00
-2.009e+00
-2.009e+00
-2.009e+00
-2.009e+00
-2.009e+00
-2.009e+00
-2.009e+00
-2.009e+00
-2.009e+00
-2.009e+00
-2.009e+00
-2.009e+00
-2.009e+00
-2.009e+00
-2.009e+00
-2.009e+00
-2.011e+00
-1.245e+01
-9.788e+00
-9.788e+00
-9.788e+00
-9.788e+00
-9.788e+00
-9.788e+00
-9.788e+00
-9.788e+00
-9.788e+00
-9.788e+00
-9.788e+00
-9.788e+00
-9.788e+00
-9.788e+00
-9.788e+00
-9.788e+00
-9.788e+00
-9.788e+00
-9.775e+00
-7.005e+00
-9.788e+00
-7.009e+00
-7.009e+00
-7.009e+00
-7.009e+00
-7.009e+00
-7.009e+00
-7.009e+00
-7.009e+00
-7.009e+00
-7.009e+00
-7.009e+00
-7.009e+00
-7.009e+00
-7.009e+00
-7.009e+00
-7.009e+00
-7.009e+00
-7.009e+00
-7.009e+00
-5.611e+00
-9.788e+00
-7.009e+00
-7.009e+00
-7.009e+00
-7.009e+00
-7.009e+00
-7.009e+00
-7.009e+00
-7.009e+00
-7.009e+00
-7.009e+00
-7.009e+00
-7.009e+00
-7.009e+00
-7.009e+00
-7.009e+00
-7.009e+00
-7.009e+00
-7.009e+00
-7.009e+00
-5.611e+00
-9.788e+00
-7.009e+00
-7.009e+00
-7.009e+00
-7.009e+00
-7.009e+00
-7.009e+00
-7.009e+00
-7.009e+00
-7.009e+00
-7.009e+00
-7.009e+00
-7.009e+00
-7.009e+00
-7.009e+00
-7.009e+00
-7.009e+00
-7.009e+00
-7.009e+00
-7.009e+00
-5.611e+00
-9.788e+00
-7.009e+00
-7.009e+00
-7.009e+00
-7.009e+00
-7.009e+00
-7.009e+00
-7.009e+00
-7.009e+00
-7.009e+00
-7.009e+00
-7.009e+00
-7.009e+00
-7.009e+00
-7.009e+00
-7.009e+00
-7.009e+00
-7.009e+00
-7.009e+00
-7.009e+00
-5.611e+00
-9.788e+00
-7.009e+00
-7.009e+00
-7.009e+00
-7.009e+00
-7.009e+00
-7.009e+00
-7.009e+00
-7.009e+00
-7.009e+00
-7.009e+00
-7.009e+00
-7.009e+00
-7.009e+00
-7.009e+00
-7.009e+00
-7.009e+00
-7.009e+00
-7.009e+00
-7.009e+00
-5.611e+00
-9.788e+00
-7.009e+00
-7.009e+00
-7.009e+00
-7.009e+00
-7.009e+00
-7.009e+00
-7.009e+00
-7.009e+00
-7.009e+00
-7.009e+00
-7.009e+00
-7.009e+00
-7.009e+00
-7.009e+00
-7.009e+00
-7.009e+00
-7.009e+00
-7.009e+00
-7.009e+00
-5.611e+00
-9.788e+00
-7.009e+00
-7.009e+00
-7.009e+00
-7.009e+00
-7.009e+00
-7.009e+00
-7.009e+00
-7.009e+00
-7.009e+00
-7.009e+00
-7.009e+00
-7.009e+00
-7.009e+00
-7.009e+00
-7.009e+00
-7.009e+00
-7.009e+00
-7.009e+00
-7.009e+00
-5.611e+00
-9.788e+00
-7.009e+00
-7.009e+00
-7.009e+00
-7.009e+00
-7.009e+00
-7.009e+00
-7.009e+00
-7.009e+00
-7.009e+00
-7.009e+00
-7.009e+00
-7.009e+00
-7.009e+00
-7.009e+00
-7.009e+00
-7.009e+00
-7.009e+00
-7.009e+00
-7.009e+00
-5.611e+00
-9.638e+00
-7.022e+00
-7.026e+00
-7.026e+00
-7.026e+00
-7.026e+00
-7.026e+00
-7.026e+00
-7.026e+00
-7.026e+00
-7.026e+00
-7.026e+00
-7.026e+00
-7.026e+00
-7.026e+00
-7.026e+00
-7.026e+00
-7.026e+00
-7.026e+00
-7.021e+00
-5.622e+00
-1.868e+00
-1.852e+00
-1.852e+00
-1.852e+00
-1.852e+00
-1.852e+00
-1.852e+00
-1.852e+00
-1.852e+00
-1.852e+00
-1.852e+00
-1.852e+00
-1.852e+00
-1.852e+00
-1.852e+00
-1.852e+00
-1.852e+00
-1.852e+00
-1.852e+00
-1.852e+00
-1.839e+00
-1.866e+00
-1.851e+00
-1.851e+00
-1.851e+00
-1.851e+00
-1.851e+00
-1.851e+00
-1.851e+00
-1.851e+00
-1.851e+00
-1.851e+00
-1.851e+00
-1.851e+00
-1.851e+00
-1.851e+00
-1.851e+00
-1.851e+00
-1.851e+00
-1.851e+00
-1.851e+00
-1.838e+00
-1.866e+00
-1.851e+00
-1.851e+00
-1.851e+00
-1.851e+00
-1.851e+00
-1.851e+00
-1.851e+00
-1.851e+00
-1.851e+00
-1.851e+00
-1.851e+00
-1.851e+00
-1.851e+00
-1.851e+00
-1.851e+00
-1.851e+00
-1.851e+00
-1.851e+00
-1.851e+00
-1.838e+00
-1.866e+00
-1.851e+00
-1.851e+00
-1.851e+00
-1.851e+00
-1.851e+00
-1.851e+00
-1.851e+00
-1.851e+00
-1.851e+00
-1.851e+00
-1.851e+00
-1.851e+00
-1.851e+00
-1.851e+00
-1.851e+00
-1.851e+00
-1.851e+00
-1.851e+00
-1.851e+00
-1.838e+00
-1.866e+00
-1.851e+00
-1.851e+00
-1.851e+00
-1.851e+00
-1.851e+00
-1.851e+00
-1.851e+00
-1.851e+00
-1.851e+00
-1.851e+00
-1.851e+00
-1.851e+00
-1.851e+00
-1.851e+00
-1.851e+00
-1.851e+00
-1.851e+00
-1.851e+00
-1.851e+00
-1.838e+00
-1.866e+00
-1.851e+00
-1.851e+00
-1.851e+00
-1.851e+00
-1.851e+00
-1.851e+00
-1.851e+00
-1.851e+00
-1.851e+00
-1.851e+00
-1.851e+00
-1.851e+00
-1.851e+00
-1.851e+00
-1.851e+00
-1.851e+00
-1.851e+00
-1.851e+00
-1.851e+00
-1.838e+00
-1.866e+00
-1.851e+00
-1.851e+00
-1.851e+00
-1.851e+00
-1.851e+00
-1.851e+00
-1.851e+00
-1.851e+00
-1.851e+00
-1.851e+00
-1.851e+00
-1.851e+00
-1.851e+00
-1.851e+00
-1.851e+00
-1.851e+00
-1.851e+00
-1.851e+00
-1.851e+00
-1.838e+00
-1.866e+00
-1.851e+00
-1.851e+00
-1.851e+00
-1.851e+00
-1.851e+00
-1.851e+00
-1.851e+00
-1.851e+00
-1.851e+00
-1.851e+00
-1.851e+00
-1.851e+00
-1.851e+00
-1.851e+00
-1.851e+00
-1.851e+00
-1.851e+00
-1.851e+00
-1.851e+00
-1.838e+00
-1.866e+00
-1.851e+00
-1.851e+00
-1.851e+00
-1.851e+00
-1.851e+00
-1.851e+00
-1.851e+00
-1.851e+00
-1.851e+00
-1.851e+00
-1.851e+00
-1.851e+00
-1.851e+00
-1.851e+00
-1.851e+00
-1.851e+00
-1.851e+00
-1.851e+00
-1.851e+00
-1.838e+00
-1.866e+00
-1.851e+00
-1.851e+00
-1.851e+00
-1.851e+00
-1.851e+00
-1.851e+00
-1.851e+00
-1.851e+00
-1.851e+00
-1.851e+00
-1.851e+00
-1.851e+00
-1.851e+00
-1.851e+00
-1.851e+00
-1.851e+00
-1.851e+00
-1.851e+00
-1.851e+00
-1.838e+00
-1.851e+00
-1.838e+00
-1.838e+00
-1.838e+00
-1.838e+00
-1.838e+00
-1.838e+00
-1.838e+00
-1.838e+00
-1.838e+00
-1.838e+00
-1.838e+00
-1.838e+00
-1.838e+00
-1.838e+00
-1.838e+00
-1.838e+00
-1.838e+00
-1.838e+00
-1.838e+00
-1.833e+00
-3.433e+00
-3.433e+00
-3.433e+00
-3.433e+00
-3.433e+00
-3.433e+00
-3.433e+00
-3.433e+00
-3.433e+00
-3.433e+00
-3.433e+00
-3.433e+00
-3.433e+00
-3.433e+00
-3.433e+00
-3.433e+00
-3.433e+00
-3.433e+00
-3.433e+00
-3.433e+00
-3.429e+00
-3.433e+00
-3.429e+00
-3.429e+00
-3.429e+00
-3.429e+00
-3.429e+00
-3.429e+00
-3.429e+00
-3.429e+00
-3.429e+00
-3.429e+00
-3.429e+00
-3.429e+00
-3.429e+00
-3.429e+00
-3.429e+00
-3.429e+00
-3.429e+00
-3.429e+00
-3.429e+00
-3.422e+00
-3.433e+00
-3.429e+00
-3.428e+00
-3.428e+00
-3.428e+00
-3.428e+00
-3.428e+00
-3.428e+00
-3.428e+00
-3.428e+00
-3.428e+00
-3.428e+00
-3.428e+00
-3.428e+00
-3.428e+00
-3.428e+00
-3.428e+00
-3.428e+00
-3.428e+00
-3.429e+00
-3.422e+00
-3.433e+00
-3.429e+00
-3.428e+00
-3.428e+00
-3.428e+00
-3.428e+00
-3.428e+00
-3.428e+00
-3.428e+00
-3.428e+00
-3.428e+00
-3.428e+00
-3.428e+00
-3.428e+00
-3.428e+00
-3.428e+00
-3.428e+00
-3.428e+00
-3.428e+00
-3.429e+00
-3.422e+00
-3.433e+00
-3.429e+00
-3.428e+00
-3.428e+00
-3.428e+00
-3.428e+00
-3.428e+00
-3.428e+00
-3.428e+00
-3.428e+00
-3.428e+00
-3.428e+00
-3.428e+00
-3.428e+00
-3.428e+00
-3.428e+00
-3.428e+00
-3.428e+00
-3.428e+00
-3.429e+00
-3.422e+00
-3.433e+00
-3.429e+00
-3.428e+00
-3.428e+00
-3.428e+00
-3.428e+00
-3.428e+00
-3.428e+00
-3.428e+00
-3.428e+00
-3.428e+00
-3.428e+00
-3.428e+00
-3.428e+00
-3.428e+00
-3.428e+00
-3.428e+00
-3.428e+00
-3.428e+00
-3.429e+00
-3.422e+00
-3.433e+00
-3.429e+00
-3.428e+00
-3.428e+00
-3.428e+00
-3.428e+00
-3.428e+00
-3.428e+00
-3.428e+00
-3.428e+00
-3.428e+00
-3.428e+00
-3.428e+00
-3.428e+00
-3.428e+00
-3.428e+00
-3.428e+00
-3.428e+00
-3.428e+00
-3.429e+00
-3.422e+00
-3.433e+00
-3.429e+00
-3.428e+00
-3.428e+00
-3.428e+00
-3.428e+00
-3.428e+00
-3.428e+00
-3.428e+00
-3.428e+00
-3.428e+00
-3.428e+00
-3.428e+00
-3.428e+00
-3.428e+00
-3.428e+00
-3.428e+00
-3.428e+00
-3.428e+00
-3.429e+00
-3.422e+00
-3.433e+00
-3.429e+00
-3.428e+00
-3.428e+00
-3.428e+00
-3.428e+00
-3.428e+00
-3.428e+00
-3.428e+00
-3.428e+00
-3.428e+00
-3.428e+00
-3.428e+00
-3.428e+00
-3.428e+00
-3.428e+00
-3.428e+00
-3.428e+00
-3.428e+00
-3.429e+00
-3.422e+00
-3.444e+00
-3.431e+00
-3.431e+00
-3.431e+00
-3.431e+00
-3.431e+00
-3.431e+00
-3.431e+00
-3.431e+00
-3.431e+00
-3.431e+00
-3.431e+00
-3.431e+00
-3.431e+00
-3.431e+00
-3.431e+00
-3.431e+00
-3.431e+00
-3.431e+00
-3.431e+00
-3.421e+00
-1.639e+00
-1.637e+00
-1.637e+00
-1.637e+00
-1.637e+00
-1.637e+00
-1.637e+00
-1.637e+00
-1.637e+00
-1.637e+00
-1.637e+00
-1.637e+00
-1.637e+00
-1.637e+00
-1.637e+00
-1.637e+00
-1.637e+00
-1.637e+00
-1.637e+00
-1.637e+00
-1.636e+00
-1.636e+00
-1.636e+00
-1.636e+00
-1.636e+00
-1.636e+00
-1.636e+00
-1.636e+00
-1.636e+00
-1.636e+00
-1.636e+00
-1.636e+00
-1.636e+00
-1.636e+00
-1.636e+00
-1.636e+00
-1.636e+00
-1.636e+00
-1.636e+00
-1.636e+00
-1.636e+00
-1.636e+00
-1.636e+00
-1.636e+00
-1.636e+00
-1.636e+00
-1.636e+00
-1.636e+00
-1.636e+00
-1.636e+00
-1.636e+00
-1.636e+00
-1.636e+00
-1.636e+00
-1.636e+00
-1.636e+00
-1.636e+00
-1.636e+00
-1.636e+00
-1.636e+00
-1.636e+00
-1.636e+00
-1.636e+00
-1.636e+00
-1.636e+00
-1.636e+00
-1.636e+00
-1.636e+00
-1.636e+00
-1.636e+00
-1.636e+00
-1.636e+00
-1.636e+00
-1.636e+00
-1.636e+00
-1.636e+00
-1.636e+00
-1.636e+00
-1.636e+00
-1.636e+00
-1.636e+00
-1.636e+00
-1.636e+00
-1.636e+00
-1.636e+00
-1.636e+00
-1.636e+00
-1.636e+00
-1.636e+00
-1.636e+00
-1.636e+00
-1.636e+00
-1.636e+00
-1.636e+00
-1.636e+00
-1.636e+00
-1.636e+00
-1.636e+00
-1.636e+00
-1.636e+00
-1.636e+00
-1.636e+00
-1.636e+00
-1.636e+00
-1.636e+00
-1.636e+00
-1.636e+00
-1.636e+00
-1.636e+00
-1.636e+00
-1.636e+00
-1.636e+00
-1.636e+00
-1.636e+00
-1.636e+00
-1.636e+00
-1.636e+00
-1.636e+00
-1.636e+00
-1.636e+00
-1.636e+00
-1.636e+00
-1.636e+00
-1.636e+00
-1.636e+00
-1.636e+00
-1.636e+00
-1.636e+00
-1.636e+00
-1.636e+00
-1.636e+00
-1.636e+00
-1.636e+00
-1.636e+00
-1.636e+00
-1.636e+00
-1.636e+00
-1.636e+00
-1.636e+00
-1.636e+00
-1.636e+00
-1.636e+00
-1.636e+00
-1.636e+00
-1.636e+00
-1.636e+00
-1.636e+00
-1.636e+00
-1.636e+00
-1.636e+00
-1.636e+00
-1.636e+00
-1.636e+00
-1.636e+00
-1.636e+00
-1.636e+00
-1.636e+00
-1.636e+00
-1.636e+00
-1.636e+00
-1.636e+00
-1.636e+00
-1.636e+00
-1.636e+00
-1.636e+00
-1.636e+00
-1.636e+00
-1.636e+00
-1.636e+00
-1.636e+00
-1.636e+00
-1.636e+00
-1.636e+00
-1.636e+00
-1.636e+00
-1.636e+00
-1.636e+00
-1.636e+00
-1.636e+00
-1.636e+00
-1.636e+00
-1.636e+00
-1.636e+00
-1.636e+00
-1.636e+00
-1.636e+00
-1.636e+00
-1.636e+00
-1.636e+00
-1.636e+00
-1.636e+00
-1.636e+00
-1.636e+00
-1.636e+00
-1.636e+00
-1.636e+00
-1.636e+00
-1.636e+00
-1.636e+00
-1.636e+00
-1.636e+00
-1.636e+00
-1.636e+00
-1.636e+00
-1.636e+00
-1.636e+00
-1.636e+00
-1.636e+00
-1.636e+00
-1.636e+00
-1.636e+00
-1.636e+00
-1.636e+00
-1.636e+00
-1.636e+00
-1.636e+00
-1.636e+00
-1.636e+00
-1.636e+00
-1.636e+00
-1.636e+00
-1.636e+00
-1.636e+00
-1.636e+00
-1.636e+00
-1.636e+00
-1.636e+00
-1.636e+00
-1.636e+00
-1.636e+00
-1.636e+00
-2.363e+00
-2.287e+00
-2.287e+00
-2.287e+00
-2.287e+00
-2.287e+00
-2.287e+00
-2.287e+00
-2.287e+00
-2.287e+00
-2.287e+00
-2.287e+00
-2.287e+00
-2.287e+00
-2.287e+00
-2.287e+00
-2.287e+00
-2.287e+00
-2.287e+00
-2.287e+00
-2.167e+00
-2.287e+00
-2.167e+00
-2.167e+00
-2.167e+00
-2.167e+00
-2.167e+00
-2.167e+00
-2.167e+00
-2.167e+00
-2.167e+00
-2.167e+00
-2.167e+00
-2.167e+00
-2.167e+00
-2.167e+00
-2.167e+00
-2.167e+00
-2.167e+00
-2.167e+00
-2.167e+00
-2.078e+00
-2.287e+00
-2.167e+00
-2.167e+00
-2.167e+00
-2.167e+00
-2.167e+00
-2.167e+00
-2.167e+00
-2.167e+00
-2.167e+00
-2.167e+00
-2.167e+00
-2.167e+00
-2.167e+00
-2.167e+00
-2.167e+00
-2.167e+00
-2.167e+00
-2.167e+00
-2.167e+00
-2.078e+00
-2.287e+00
-2.167e+00
-2.167e+00
-2.167e+00
-2.167e+00
-2.167e+00
-2.167e+00
-2.167e+00
-2.167e+00
-2.167e+00
-2.167e+00
-2.167e+00
-2.167e+00
-2.167e+00
-2.167e+00
-2.167e+00
-2.167e+00
-2.167e+00
-2.167e+00
-2.167e+00
-2.078e+00
-2.287e+00
-2.167e+00
-2.167e+00
-2.167e+00
-2.167e+00
-2.167e+00
-2.167e+00
-2.167e+00
-2.167e+00
-2.167e+00
-2.167e+00
-2.167e+00
-2.167e+00
-2.167e+00
-2.167e+00
-2.167e+00
-2.167e+00
-2.167e+00
-2.167e+00
-2.167e+00
-2.078e+00
-2.287e+00
-2.167e+00
-2.167e+00
-2.167e+00
-2.167e+00
-2.167e+00
-2.167e+00
-2.167e+00
-2.167e+00
-2.167e+00
-2.167e+00
-2.167e+00
-2.167e+00
-2.167e+00
-2.167e+00
-2.167e+00
-2.167e+00
-2.167e+00
-2.167e+00
-2.167e+00
-2.078e+00
-2.287e+00
-2.167e+00
-2.167e+00
-2.167e+00
-2.167e+00
-2.167e+00
-2.167e+00
-2.167e+00
-2.167e+00
-2.167e+00
-2.167e+00
-2.167e+00
-2.167e+00
-2.167e+00
-2.167e+00
-2.167e+00
-2.167e+00
-2.167e+00
-2.167e+00
-2.167e+00
-2.078e+00
-2.287e+00
-2.167e+00
-2.167e+00
-2.167e+00
-2.167e+00
-2.167e+00
-2.167e+00
-2.167e+00
-2.167e+00
-2.167e+00
-2.167e+00
-2.167e+00
-2.167e+00
-2.167e+00
-2.167e+00
-2.167e+00
-2.167e+00
-2.167e+00
-2.167e+00
-2.167e+00
-2.078e+00
-2.287e+00
-2.167e+00
-2.167e+00
-2.167e+00
-2.167e+00
-2.167e+00
-2.167e+00
-2.167e+00
-2.167e+00
-2.167e+00
-2.167e+00
-2.167e+00
-2.167e+00
-2.167e+00
-2.167e+00
-2.167e+00
-2.167e+00
-2.167e+00
-2.167e+00
-2.167e+00
-2.078e+00
-2.286e+00
-2.167e+00
-2.167e+00
-2.167e+00
-2.167e+00
-2.167e+00
-2.167e+00
-2.167e+00
-2.167e+00
-2.167e+00
-2.167e+00
-2.167e+00
-2.167e+00
-2.167e+00
-2.167e+00
-2.167e+00
-2.167e+00
-2.167e+00
-2.167e+00
-2.167e+00
-2.076e+00
-1.469e+00
-1.468e+00
-1.468e+00
-1.468e+00
-1.468e+00
-1.468e+00
-1.468e+00
-1.468e+00
-1.468e+00
-1.468e+00
-1.468e+00
-1.468e+00
-1.468e+00
-1.468e+00
-1.468e+00
-1.468e+00
-1.468e+00
-1.468e+00
-1.468e+00
-1.468e+00
-1.468e+00
-1.468e+00
-1.468e+00
-1.468e+00
-1.468e+00
-1.468e+00
-1.468e+00
-1.468e+00
-1.468e+00
-1.468e+00
-1.468e+00
-1.468e+00
-1.468e+00
-1.468e+00
-1.468e+00
-1.468e+00
-1.468e+00
-1.468e+00
-1.468e+00
-1.468e+00
-1.468e+00
-1.466e+00
-1.468e+00
-1.468e+00
-1.468e+00
-1.468e+00
-1.468e+00
-1.468e+00
-1.468e+00
-1.468e+00
-1.468e+00
-1.468e+00
-1.468e+00
-1.468e+00
-1.468e+00
-1.468e+00
-1.468e+00
-1.468e+00
-1.468e+00
-1.468e+00
-1.468e+00
-1.468e+00
-1.466e+00
-1.468e+00
-1.468e+00
-1.468e+00
-1.468e+00
-1.468e+00
-1.468e+00
-1.468e+00
-1.468e+00
-1.468e+00
-1.468e+00
-1.468e+00
-1.468e+00
-1.468e+00
-1.468e+00
-1.468e+00
-1.468e+00
-1.468e+00
-1.468e+00
-1.468e+00
-1.468e+00
-1.466e+00
-1.468e+00
-1.468e+00
-1.468e+00
-1.468e+00
-1.468e+00
-1.468e+00
-1.468e+00
-1.468e+00
-1.468e+00
-1.468e+00
-1.468e+00
-1.468e+00
-1.468e+00
-1.468e+00
-1.468e+00
-1.468e+00
-1.468e+00
-1.468e+00
-1.468e+00
-1.468e+00
-1.466e+00
-1.468e+00
-1.468e+00
-1.468e+00
-1.468e+00
-1.468e+00
-1.468e+00
-1.468e+00
-1.468e+00
-1.468e+00
-1.468e+00
-1.468e+00
-1.468e+00
-1.468e+00
-1.468e+00
-1.468e+00
-1.468e+00
-1.468e+00
-1.468e+00
-1.468e+00
-1.468e+00
-1.466e+00
-1.468e+00
-1.468e+00
-1.468e+00
-1.468e+00
-1.468e+00
-1.468e+00
-1.468e+00
-1.468e+00
-1.468e+00
-1.468e+00
-1.468e+00
-1.468e+00
-1.468e+00
-1.468e+00
-1.468e+00
-1.468e+00
-1.468e+00
-1.468e+00
-1.468e+00
-1.468e+00
-1.466e+00
-1.468e+00
-1.468e+00
-1.468e+00
-1.468e+00
-1.468e+00
-1.468e+00
-1.468e+00
-1.468e+00
-1.468e+00
-1.468e+00
-1.468e+00
-1.468e+00
-1.468e+00
-1.468e+00
-1.468e+00
-1.468e+00
-1.468e+00
-1.468e+00
-1.468e+00
-1.468e+00
-1.466e+00
-1.468e+00
-1.468e+00
-1.468e+00
-1.468e+00
-1.468e+00
-1.468e+00
-1.468e+00
-1.468e+00
-1.468e+00
-1.468e+00
-1.468e+00
-1.468e+00
-1.468e+00
-1.468e+00
-1.468e+00
-1.468e+00
-1.468e+00
-1.468e+00
-1.468e+00
-1.468e+00
-1.466e+00
-1.468e+00
-1.468e+00
-1.468e+00
-1.468e+00
-1.468e+00
-1.468e+00
-1.468e+00
-1.468e+00
-1.468e+00
-1.468e+00
-1.468e+00
-1.468e+00
-1.468e+00
-1.468e+00
-1.468e+00
-1.468e+00
-1.468e+00
-1.468e+00
-1.468e+00
-1.468e+00
-1.466e+00
-1.468e+00
-1.466e+00
-1.466e+00
-1.466e+00
-1.466e+00
-1.466e+00
-1.466e+00
-1.466e+00
-1.466e+00
-1.466e+00
-1.466e+00
-1.466e+00
-1.466e+00
-1.466e+00
-1.466e+00
-1.466e+00
-1.466e+00
-1.466e+00
-1.466e+00
-1.466e+00
-1.465e+00
-1.204e+00
-1.204e+00
-1.204e+00
-1.204e+00
-1.204e+00
-1.204e+00
-1.204e+00
-1.204e+00
-1.204e+00
-1.204e+00
-1.204e+00
-1.204e+00
-1.204e+00
-1.204e+00
-1.204e+00
-1.204e+00
-1.204e+00
-1.204e+00
-1.204e+00
-1.204e+00
-1.204e+00
-1.204e+00
-1.204e+00
-1.204e+00
-1.204e+00
-1.204e+00
-1.204e+00
-1.204e+00
-1.204e+00
-1.204e+00
-1.204e+00
-1.204e+00
-1.204e+00
-1.204e+00
-1.204e+00
-1.204e+00
-1.204e+00
-1.204e+00
-1.204e+00
-1.204e+00
-1.204e+00
-1.204e+00
-1.204e+00
-1.204e+00
-1.204e+00
-1.204e+00
-1.204e+00
-1.204e+00
-1.204e+00
-1.204e+00
-1.204e+00
-1.204e+00
-1.204e+00
-1.204e+00
-1.204e+00
-1.204e+00
-1.204e+00
-1.204e+00
-1.204e+00
-1.204e+00
-1.204e+00
-1.204e+00
-1.204e+00
-1.204e+00
-1.204e+00
-1.204e+00
-1.204e+00
-1.204e+00
-1.204e+00
-1.204e+00
-1.204e+00
-1.204e+00
-1.204e+00
-1.204e+00
-1.204e+00
-1.204e+00
-1.204e+00
-1.204e+00
-1.204e+00
-1.204e+00
-1.204e+00
-1.204e+00
-1.204e+00
-1.204e+00
-1.204e+00
-1.204e+00
-1.204e+00
-1.204e+00
-1.204e+00
-1.204e+00
-1.204e+00
-1.204e+00
-1.204e+00
-1.204e+00
-1.204e+00
-1.204e+00
-1.204e+00
-1.204e+00
-1.204e+00
-1.204e+00
-1.204e+00
-1.204e+00
-1.204e+00
-1.204e+00
-1.204e+00
-1.204e+00
-1.204e+00
-1.204e+00
-1.204e+00
-1.204e+00
-1.204e+00
-1.204e+00
-1.204e+00
-1.204e+00
-1.204e+00
-1.204e+00
-1.204e+00
-1.204e+00
-1.204e+00
-1.204e+00
-1.204e+00
-1.204e+00
-1.204e+00
-1.204e+00
-1.204e+00
-1.204e+00
-1.204e+00
-1.204e+00
-1.204e+00
-1.204e+00
-1.204e+00
-1.204e+00
-1.204e+00
-1.204e+00
-1.204e+00
-1.204e+00
-1.204e+00
-1.204e+00
-1.204e+00
-1.204e+00
-1.204e+00
-1.204e+00
-1.204e+00
-1.204e+00
-1.204e+00
-1.204e+00
-1.204e+00
-1.204e+00
-1.204e+00
-1.204e+00
-1.204e+00
-1.204e+00
-1.204e+00
-1.204e+00
-1.204e+00
-1.204e+00
-1.204e+00
-1.204e+00
-1.204e+00
-1.204e+00
-1.204e+00
-1.204e+00
-1.204e+00
-1.204e+00
-1.204e+00
-1.204e+00
-1.204e+00
-1.204e+00
-1.204e+00
-1.204e+00
-1.204e+00
-1.204e+00
-1.204e+00
-1.204e+00
-1.204e+00
-1.204e+00
-1.204e+00
-1.204e+00
-1.204e+00
-1.204e+00
-1.204e+00
-1.204e+00
-1.204e+00
-1.204e+00
-1.204e+00
-1.204e+00
-1.204e+00
-1.204e+00
-1.204e+00
-1.204e+00
-1.204e+00
-1.204e+00
-1.204e+00
-1.204e+00
-1.204e+00
-1.204e+00
-1.204e+00
-1.204e+00
-1.204e+00
-1.204e+00
-1.204e+00
-1.204e+00
-1.204e+00
-1.204e+00
-1.204e+00
-1.204e+00
-1.204e+00
-1.204e+00
-1.204e+00
-1.204e+00
-1.160e+00
-1.160e+00
-1.160e+00
-1.160e+00
-1.160e+00
-1.160e+00
-1.160e+00
-1.160e+00
-1.160e+00
-1.160e+00
-1.160e+00
-1.160e+00
-1.160e+00
-1.160e+00
-1.160e+00
-1.160e+00
-1.160e+00
-1.160e+00
-1.160e+00
-1.160e+00
-1.160e+00
-1.160e+00
-1.160e+00
-1.160e+00
-1.160e+00
-1.160e+00
-1.160e+00
-1.160e+00
-1.160e+00
-1.160e+00
-1.160e+00
-1.160e+00
-1.160e+00
-1.160e+00
-1.160e+00
-1.160e+00
-1.160e+00
-1.160e+00
-1.160e+00
-1.160e+00
-1.160e+00
-1.160e+00
-1.160e+00
-1.160e+00
-1.160e+00
-1.160e+00
-1.160e+00
-1.160e+00
-1.160e+00
-1.160e+00
-1.160e+00
-1.160e+00
-1.160e+00
-1.160e+00
-1.160e+00
-1.160e+00
-1.160e+00
-1.160e+00
-1.160e+00
-1.160e+00
-1.160e+00
-1.160e+00
-1.160e+00
-1.160e+00
-1.160e+00
-1.160e+00
-1.160e+00
-1.160e+00
-1.160e+00
-1.160e+00
-1.160e+00
-1.160e+00
-1.160e+00
-1.160e+00
-1.160e+00
-1.160e+00
-1.160e+00
-1.160e+00
-1.160e+00
-1.160e+00
-1.160e+00
-1.160e+00
-1.160e+00
-1.160e+00
-1.160e+00
-1.160e+00
-1.160e+00
-1.160e+00
-1.160e+00
-1.160e+00
-1.160e+00
-1.160e+00
-1.160e+00
-1.160e+00
-1.160e+00
-1.160e+00
-1.160e+00
-1.160e+00
-1.160e+00
-1.160e+00
-1.160e+00
-1.160e+00
-1.160e+00
-1.160e+00
-1.160e+00
-1.160e+00
-1.160e+00
-1.160e+00
-1.160e+00
-1.160e+00
-1.160e+00
-1.160e+00
-1.160e+00
-1.160e+00
-1.160e+00
-1.160e+00
-1.160e+00
-1.160e+00
-1.160e+00
-1.160e+00
-1.160e+00
-1.160e+00
-1.160e+00
-1.160e+00
-1.160e+00
-1.160e+00
-1.160e+00
-1.160e+00
-1.160e+00
-1.160e+00
-1.160e+00
-1.160e+00
-1.160e+00
-1.160e+00
-1.160e+00
-1.160e+00
-1.160e+00
-1.160e+00
-1.160e+00
-1.160e+00
-1.160e+00
-1.160e+00
-1.160e+00
-1.160e+00
-1.160e+00
-1.160e+00
-1.160e+00
-1.160e+00
-1.160e+00
-1.160e+00
-1.160e+00
-1.160e+00
-1.160e+00
-1.160e+00
-1.160e+00
-1.160e+00
-1.160e+00
-1.160e+00
-1.160e+00
-1.160e+00
-1.160e+00
-1.160e+00
-1.160e+00
-1.160e+00
-1.160e+00
-1.160e+00
-1.160e+00
-1.160e+00
-1.160e+00
-1.160e+00
-1.160e+00
-1.160e+00
-1.160e+00
-1.160e+00
-1.160e+00
-1.160e+00
-1.160e+00
-1.160e+00
-1.160e+00
-1.160e+00
-1.160e+00
-1.160e+00
-1.160e+00
-1.160e+00
-1.160e+00
-1.160e+00
-1.160e+00
-1.160e+00
-1.160e+00
-1.160e+00
-1.160e+00
-1.160e+00
-1.160e+00
-1.160e+00
-1.160e+00
-1.160e+00
-1.160e+00
-1.160e+00
-1.160e+00
-1.160e+00
-1.160e+00
-1.160e+00
-1.160e+00
-1.160e+00
-1.160e+00
-1.160e+00
-1.160e+00
-1.160e+00
-1.160e+00
-1.160e+00
-1.160e+00
-1.160e+00
-1.160e+00
-1.160e+00
-1.160e+00
-1.160e+00
-1.160e+00
-1.160e+00
-1.160e+00
-1.160e+00
-1.160e+00
-1.160e+00
-1.160e+00
-1.160e+00
-1.160e+00
-1.160e+00
-1.160e+00
-1.160e+00
-1.160e+00
-1.160e+00
-1.160e+00
-8.636e-01
-8.630e-01
-8.630e-01
-8.630e-01
-8.630e-01
-8.630e-01
-8.630e-01
-8.630e-01
-8.630e-01
-8.630e-01
-8.630e-01
-8.630e-01
-8.630e-01
-8.630e-01
-8.630e-01
-8.630e-01
-8.630e-01
-8.630e-01
-8.630e-01
-8.630e-01
-8.628e-01
-8.630e-01
-8.628e-01
-8.628e-01
-8.628e-01
-8.628e-01
-8.628e-01
-8.628e-01
-8.628e-01
-8.628e-01
-8.628e-01
-8.628e-01
-8.628e-01
-8.628e-01
-8.628e-01
-8.628e-01
-8.628e-01
-8.628e-01
-8.628e-01
-8.628e-01
-8.628e-01
-8.625e-01
-8.630e-01
-8.628e-01
-8.628e-01
-8.628e-01
-8.628e-01
-8.628e-01
-8.628e-01
-8.628e-01
-8.628e-01
-8.628e-01
-8.628e-01
-8.628e-01
-8.628e-01
-8.628e-01
-8.628e-01
-8.628e-01
-8.628e-01
-8.628e-01
-8.628e-01
-8.628e-01
-8.625e-01
-8.630e-01
-8.628e-01
-8.628e-01
-8.628e-01
-8.628e-01
-8.628e-01
-8.628e-01
-8.628e-01
-8.628e-01
-8.628e-01
-8.628e-01
-8.628e-01
-8.628e-01
-8.628e-01
-8.628e-01
-8.628e-01
-8.628e-01
-8.628e-01
-8.628e-01
-8.628e-01
-8.625e-01
-8.630e-01
-8.628e-01
-8.628e-01
-8.628e-01
-8.628e-01
-8.628e-01
-8.628e-01
-8.628e-01
-8.628e-01
-8.628e-01
-8.628e-01
-8.628e-01
-8.628e-01
-8.628e-01
-8.628e-01
-8.628e-01
-8.628e-01
-8.628e-01
-8.628e-01
-8.628e-01
-8.625e-01
-8.630e-01
-8.628e-01
-8.628e-01
-8.628e-01
-8.628e-01
-8.628e-01
-8.628e-01
-8.628e-01
-8.628e-01
-8.628e-01
-8.628e-01
-8.628e-01
-8.628e-01
-8.628e-01
-8.628e-01
-8.628e-01
-8.628e-01
-8.628e-01
-8.628e-01
-8.628e-01
-8.625e-01
-8.630e-01
-8.628e-01
-8.628e-01
-8.628e-01
-8.628e-01
-8.628e-01
-8.628e-01
-8.628e-01
-8.628e-01
-8.628e-01
-8.628e-01
-8.628e-01
-8.628e-01
-8.628e-01
-8.628e-01
-8.628e-01
-8.628e-01
-8.628e-01
-8.628e-01
-8.628e-01
-8.625e-01
-8.630e-01
-8.628e-01
-8.628e-01
-8.628e-01
-8.628e-01
-8.628e-01
-8.628e-01
-8.628e-01
-8.628e-01
-8.628e-01
-8.628e-01
-8.628e-01
-8.628e-01
-8.628e-01
-8.628e-01
-8.628e-01
-8.628e-01
-8.628e-01
-8.628e-01
-8.628e-01
-8.625e-01
-8.630e-01
-8.628e-01
-8.628e-01
-8.628e-01
-8.628e-01
-8.628e-01
-8.628e-01
-8.628e-01
-8.628e-01
-8.628e-01
-8.628e-01
-8.628e-01
-8.628e-01
-8.628e-01
-8.628e-01
-8.628e-01
-8.628e-01
-8.628e-01
-8.628e-01
-8.628e-01
-8.625e-01
-8.630e-01
-8.627e-01
-8.627e-01
-8.627e-01
-8.627e-01
-8.627e-01
-8.627e-01
-8.627e-01
-8.627e-01
-8.627e-01
-8.627e-01
-8.627e-01
-8.627e-01
-8.627e-01
-8.627e-01
-8.627e-01
-8.627e-01
-8.627e-01
-8.627e-01
-8.627e-01
-8.623e-01
-8.600e-01
-8.600e-01
-8.600e-01
-8.600e-01
-8.600e-01
-8.600e-01
-8.600e-01
-8.600e-01
-8.600e-01
-8.600e-01
-8.600e-01
-8.600e-01
-8.600e-01
-8.600e-01
-8.600e-01
-8.600e-01
-8.600e-01
-8.600e-01
-8.600e-01
-8.600e-01
-8.600e-01
-8.600e-01
-8.600e-01
-8.600e-01
-8.600e-01
-8.600e-01
-8.600e-01
-8.600e-01
-8.600e-01
-8.600e-01
-8.600e-01
-8.600e-01
-8.600e-01
-8.600e-01
-8.600e-01
-8.600e-01
-8.600e-01
-8.600e-01
-8.600e-01
-8.600e-01
-8.600e-01
-8.600e-01
-8.600e-01
-8.600e-01
-8.600e-01
-8.600e-01
-8.600e-01
-8.600e-01
-8.600e-01
-8.600e-01
-8.600e-01
-8.600e-01
-8.600e-01
-8.600e-01
-8.600e-01
-8.600e-01
-8.600e-01
-8.600e-01
-8.600e-01
-8.600e-01
-8.600e-01
-8.600e-01
-8.600e-01
-8.600e-01
-8.600e-01
-8.600e-01
-8.600e-01
-8.600e-01
-8.600e-01
-8.600e-01
-8.600e-01
-8.600e-01
-8.600e-01
-8.600e-01
-8.600e-01
-8.600e-01
-8.600e-01
-8.600e-01
-8.600e-01
-8.600e-01
-8.600e-01
-8.600e-01
-8.600e-01
-8.600e-01
-8.600e-01
-8.600e-01
-8.600e-01
-8.600e-01
-8.600e-01
-8.600e-01
-8.600e-01
-8.600e-01
-8.600e-01
-8.600e-01
-8.600e-01
-8.600e-01
-8.600e-01
-8.600e-01
-8.600e-01
-8.600e-01
-8.600e-01
-8.600e-01
-8.600e-01
-8.600e-01
-8.600e-01
-8.600e-01
-8.600e-01
-8.600e-01
-8.600e-01
-8.600e-01
-8.600e-01
-8.600e-01
-8.600e-01
-8.600e-01
-8.600e-01
-8.600e-01
-8.600e-01
-8.600e-01
-8.600e-01
-8.600e-01
-8.600e-01
-8.600e-01
-8.600e-01
-8.600e-01
-8.600e-01
-8.600e-01
-8.600e-01
-8.600e-01
-8.600e-01
-8.600e-01
-8.600e-01
-8.600e-01
-8.600e-01
-8.600e-01
-8.600e-01
-8.600e-01
-8.600e-01
-8.600e-01
-8.600e-01
-8.600e-01
-8.600e-01
-8.600e-01
-8.600e-01
-8.600e-01
-8.600e-01
-8.600e-01
-8.600e-01
-8.600e-01
-8.600e-01
-8.600e-01
-8.600e-01
-8.600e-01
-8.600e-01
-8.600e-01
-8.600e-01
-8.600e-01
-8.600e-01
-8.600e-01
-8.600e-01
-8.600e-01
-8.600e-01
-8.600e-01
-8.600e-01
-8.600e-01
-8.600e-01
-8.600e-01
-8.600e-01
-8.600e-01
-8.600e-01
-8.600e-01
-8.600e-01
-8.600e-01
-8.600e-01
-8.600e-01
-8.600e-01
-8.600e-01
-8.600e-01
-8.600e-01
-8.600e-01
-8.600e-01
-8.600e-01
-8.600e-01
-8.600e-01
-8.600e-01
-8.600e-01
-8.600e-01
-8.600e-01
-8.600e-01
-8.600e-01
-8.600e-01
-8.600e-01
-8.600e-01
-8.600e-01
-8.600e-01
-8.600e-01
-8.600e-01
-8.600e-01
-8.600e-01
-8.600e-01
-8.600e-01
-8.600e-01
-8.600e-01
-8.600e-01
-8.600e-01
-8.600e-01
-8.600e-01
-8.600e-01
-8.600e-01
-8.600e-01
-8.600e-01
-8.600e-01
-8.600e-01
-8.600e-01
-8.600e-01
-8.600e-01
-8.600e-01
-8.600e-01
-8.600e-01
-8.600e-01
-8.600e-01
-8.600e-01
-8.600e-01
-8.600e-01
-8.600e-01
-8.600e-01
-8.600e-01
-8.600e-01
-8.600e-01
-8.600e-01
-8.600e-01
-8.600e-01
-2.600e-01
-2.600e-01
-2.600e-01
-2.600e-01
-2.600e-01
-2.600e-01
-2.600e-01
-2.600e-01
-2.600e-01
-2.600e-01
-2.600e-01
-2.600e-01
-2.600e-01
-2.600e-01
-2.600e-01
-2.600e-01
-2.600e-01
-2.600e-01
-2.600e-01
-2.600e-01
-2.600e-01
-2.600e-01
-2.600e-01
-2.600e-01
-2.600e-01
-2.600e-01
-2.600e-01
-2.600e-01
-2.600e-01
-2.600e-01
-2.600e-01
-2.600e-01
-2.600e-01
-2.600e-01
-2.600e-01
-2.600e-01
-2.600e-01
-2.600e-01
-2.600e-01
-2.600e-01
-2.600e-01
-2.600e-01
-2.600e-01
-2.600e-01
-2.600e-01
-2.600e-01
-2.600e-01
-2.600e-01
-2.600e-01
-2.600e-01
-2.600e-01
-2.600e-01
-2.600e-01
-2.600e-01
-2.600e-01
-2.600e-01
-2.600e-01
-2.600e-01
-2.600e-01
-2.600e-01
-2.600e-01
-2.600e-01
-2.600e-01
-2.600e-01
-2.600e-01
-2.600e-01
-2.600e-01
-2.600e-01
-2.600e-01
-2.600e-01
-2.600e-01
-2.600e-01
-2.600e-01
-2.600e-01
-2.600e-01
-2.600e-01
-2.600e-01
-2.600e-01
-2.600e-01
-2.600e-01
-2.600e-01
-2.600e-01
-2.600e-01
-2.600e-01
-2.600e-01
-2.600e-01
-2.600e-01
-2.600e-01
-2.600e-01
-2.600e-01
-2.600e-01
-2.600e-01
-2.600e-01
-2.600e-01
-2.600e-01
-2.600e-01
-2.600e-01
-2.600e-01
-2.600e-01
-2.600e-01
-2.600e-01
-2.600e-01
-2.600e-01
-2.600e-01
-2.600e-01
-2.600e-01
-2.600e-01
-2.600e-01
-2.600e-01
-2.600e-01
-2.600e-01
-2.600e-01
-2.600e-01
-2.600e-01
-2.600e-01
-2.600e-01
-2.600e-01
-2.600e-01
-2.600e-01
-2.600e-01
-2.600e-01
-2.600e-01
-2.600e-01
-2.600e-01
-2.600e-01
-2.600e-01
-2.600e-01
-2.600e-01
-2.600e-01
-2.600e-01
-2.600e-01
-2.600e-01
-2.600e-01
-2.600e-01
-2.600e-01
-2.600e-01
-2.600e-01
-2.600e-01
-2.600e-01
-2.600e-01
-2.600e-01
-2.600e-01
-2.600e-01
-2.600e-01
-2.600e-01
-2.600e-01
-2.600e-01
-2.600e-01
-2.600e-01
-2.600e-01
-2.600e-01
-2.600e-01
-2.600e-01
-2.600e-01
-2.600e-01
-2.600e-01
-2.600e-01
-2.600e-01
-2.600e-01
-2.600e-01
-2.600e-01
-2.600e-01
-2.600e-01
-2.600e-01
-2.600e-01
-2.600e-01
-2.600e-01
-2.600e-01
-2.600e-01
-2.600e-01
-2.600e-01
-2.600e-01
-2.600e-01
-2.600e-01
-2.600e-01
-2.600e-01
-2.600e-01
-2.600e-01
-2.600e-01
-2.600e-01
-2.600e-01
-2.600e-01
-2.600e-01
-2.600e-01
-2.600e-01
-2.600e-01
-2.600e-01
-2.600e-01
-2.600e-01
-2.600e-01
-2.600e-01
-2.600e-01
-2.600e-01
-2.600e-01
-2.600e-01
-2.600e-01
-2.600e-01
-2.600e-01
-2.600e-01
-2.600e-01
-2.600e-01
-2.600e-01
-2.600e-01
-2.600e-01
-2.600e-01
-2.600e-01
-2.600e-01
-2.600e-01
-2.600e-01
-2.600e-01
-2.600e-01
-2.600e-01
-2.600e-01
-2.600e-01
-2.600e-01
-2.600e-01
-2.600e-01
-2.600e-01
-2.600e-01
-2.600e-01
-2.600e-01
-2.600e-01
-2.600e-01
-2.600e-01
-2.600e-01
-2.600e-01
-2.600e-01
-2.600e-01
-2.600e-01
-2.600e-01
-2.600e-01
-2.600e-01
-2.600e-01
-2.600e-01
-2.600e-01
-2.600e-01
-2.600e-01
-2.600e-01
-2.600e-01
-2.600e-01
-2.600e-01
-2.600e-01
-2.600e-01
-2.600e-01
-2.600e-01
-2.600e-01
-2.600e-01
-2.600e-01
-2.600e-01
-2.600e-01
-2.600e-01
-2.600e-01
-2.600e-01
-2.600e-01
-2.600e-01
-2.600e-01
-2.600e-01
-2.600e-01
-2.600e-01
-2.600e-01
-2.600e-01
-2.600e-01
-2.600e-01
-2.600e-01
-2.600e-01
-2.600e-01
-2.600e-01
-2.600e-01
-2.600e-01
-2.600e-01
-2.600e-01
-2.600e-01
-2.600e-01
-2.600e-01
-2.600e-01
-2.600e-01
-2.600e-01
-2.600e-01
-2.600e-01
-2.600e-01
-2.600e-01
-2.600e-01
-2.600e-01
-2.600e-01
-2.600e-01
-2.600e-01
-2.600e-01
-2.600e-01
-2.600e-01
-2.600e-01
-2.600e-01
-2.600e-01
-2.600e-01
-2.600e-01
-2.600e-01
-2.600e-01
-2.600e-01
-2.600e-01
-2.600e-01
-2.600e-01
-2.600e-01
-2.600e-01
-2.600e-01
-2.600e-01
-2.600e-01
-2.600e-01
-2.600e-01
-2.600e-01
-2.600e-01
-2.600e-01
-2.600e-01
-2.600e-01
-2.600e-01
-2.600e-01
-2.600e-01
-2.600e-01
-2.600e-01
-2.600e-01
-2.600e-01
-2.600e-01
-2.600e-01
-2.600e-01
-2.600e-01
-2.600e-01
-2.600e-01
-2.600e-01
-2.600e-01
-2.600e-01
-2.600e-01
-2.600e-01
-2.600e-01
-2.600e-01
-2.600e-01
-2.600e-01
-2.600e-01
-2.600e-01
-2.600e-01
-2.600e-01
-2.600e-01
-2.600e-01
-2.600e-01
-2.600e-01
-2.600e-01
-2.600e-01
-2.600e-01
-2.600e-01
-2.600e-01
-2.600e-01
-2.600e-01
-2.600e-01
-2.600e-01
-2.600e-01
-2.600e-01
-2.600e-01
-2.600e-01
-2.600e-01
-2.600e-01
-2.600e-01
-2.600e-01
-2.600e-01
-2.600e-01
-2.600e-01
-2.600e-01
-2.600e-01
-2.600e-01
-2.600e-01
-2.600e-01
-2.600e-01
-2.600e-01
-2.600e-01
-2.600e-01
-2.600e-01
-2.600e-01
-2.600e-01
-2.600e-01
-2.600e-01
-2.600e-01
-2.600e-01
-2.600e-01
-2.600e-01
-2.600e-01
-2.600e-01
-2.600e-01
-2.600e-01
-2.600e-01
-2.600e-01
-2.600e-01
-2.600e-01
-2.600e-01
-2.600e-01
-2.600e-01
-2.600e-01
-2.600e-01
-2.600e-01
-2.600e-01
-2.600e-01
-2.600e-01
-2.600e-01
-2.600e-01
-2.600e-01
-2.600e-01
-2.600e-01
-2.600e-01
-2.600e-01
-2.600e-01
-2.600e-01
-2.600e-01
-2.600e-01
-2.600e-01
-2.600e-01
-2.600e-01
-2.600e-01
-2.600e-01
-2.600e-01
-2.600e-01
-2.600e-01
-2.600e-01
-2.600e-01
-2.597e-01
-2.597e-01
-2.600e-01
-2.600e-01
-2.600e-01
-2.600e-01
-2.600e-01
-2.600e-01
-2.600e-01
-2.600e-01
-2.600e-01
-2.600e-01
-2.600e-01
-2.600e-01
-2.600e-01
-2.600e-01
-2.600e-01
-2.600e-01
-2.600e-01
-2.600e-01
-2.600e-01
-2.597e-01
-2.590e-01
3.400e-01
3.400e-01
3.400e-01
3.400e-01
3.400e-01
3.400e-01
3.400e-01
3.400e-01
3.400e-01
3.400e-01
3.400e-01
3.400e-01
3.400e-01
3.400e-01
3.400e-01
3.400e-01
3.400e-01
3.400e-01
3.400e-01
3.400e-01
3.400e-01
3.400e-01
3.400e-01
3.400e-01
3.400e-01
3.400e-01
3.400e-01
3.400e-01
3.400e-01
3.400e-01
3.400e-01
3.400e-01
3.400e-01
3.400e-01
3.400e-01
3.400e-01
3.400e-01
3.400e-01
3.400e-01
3.400e-01
3.400e-01
3.400e-01
3.400e-01
3.400e-01
3.400e-01
3.400e-01
3.400e-01
3.400e-01
3.400e-01
3.400e-01
3.400e-01
3.400e-01
3.400e-01
3.400e-01
3.400e-01
3.400e-01
3.400e-01
3.400e-01
3.400e-01
3.400e-01
3.400e-01
3.400e-01
3.400e-01
3.400e-01
3.400e-01
3.400e-01
3.400e-01
3.400e-01
3.400e-01
3.400e-01
3.400e-01
3.400e-01
3.400e-01
3.400e-01
3.400e-01
3.400e-01
3.400e-01
3.400e-01
3.400e-01
3.400e-01
3.400e-01
3.400e-01
3.400e-01
3.400e-01
3.400e-01
3.400e-01
3.400e-01
3.400e-01
3.400e-01
3.400e-01
3.400e-01
3.400e-01
3.400e-01
3.400e-01
3.400e-01
3.400e-01
3.400e-01
3.400e-01
3.400e-01
3.400e-01
3.400e-01
3.400e-01
3.400e-01
3.400e-01
3.400e-01
3.400e-01
3.400e-01
3.400e-01
3.400e-01
3.400e-01
3.400e-01
3.400e-01
3.400e-01
3.400e-01
3.400e-01
3.400e-01
3.400e-01
3.400e-01
3.400e-01
3.400e-01
3.400e-01
3.400e-01
3.400e-01
3.400e-01
3.400e-01
3.400e-01
3.400e-01
3.400e-01
3.400e-01
3.400e-01
3.400e-01
3.400e-01
3.400e-01
3.400e-01
3.400e-01
3.400e-01
3.400e-01
3.400e-01
3.400e-01
3.400e-01
3.400e-01
3.400e-01
3.400e-01
3.400e-01
3.400e-01
3.400e-01
3.400e-01
3.400e-01
3.400e-01
3.400e-01
3.400e-01
3.400e-01
3.400e-01
3.400e-01
3.400e-01
3.400e-01
3.400e-01
3.400e-01
3.400e-01
3.400e-01
3.400e-01
3.400e-01
3.400e-01
3.400e-01
3.400e-01
3.400e-01
3.400e-01
3.400e-01
3.400e-01
3.400e-01
3.400e-01
3.400e-01
3.400e-01
3.400e-01
3.400e-01
3.400e-01
3.400e-01
3.400e-01
3.400e-01
3.400e-01
3.400e-01
3.400e-01
3.400e-01
3.400e-01
3.400e-01
3.400e-01
3.400e-01
3.400e-01
3.400e-01
3.400e-01
3.400e-01
3.400e-01
3.400e-01
3.400e-01
3.400e-01
3.400e-01
3.400e-01
3.400e-01
3.400e-01
3.400e-01
3.400e-01
3.400e-01
3.400e-01
3.400e-01
3.400e-01
3.400e-01
3.400e-01
3.400e-01
3.400e-01
3.400e-01
3.400e-01
3.400e-01
3.400e-01
3.400e-01
3.400e-01
3.400e-01
3.400e-01
3.400e-01
3.400e-01
3.400e-01
3.400e-01
3.400e-01
3.400e-01
3.400e-01
3.400e-01
3.400e-01
3.400e-01
3.400e-01
3.400e-01
3.400e-01
3.400e-01
3.400e-01
3.400e-01
3.400e-01
3.400e-01
3.400e-01
3.400e-01
3.400e-01
3.400e-01
3.400e-01
3.400e-01
3.400e-01
3.400e-01
3.400e-01
3.400e-01
3.400e-01
3.400e-01
3.400e-01
3.400e-01
3.400e-01
3.400e-01
3.400e-01
3.400e-01
3.400e-01
3.400e-01
3.400e-01
3.400e-01
3.400e-01
3.400e-01
3.400e-01
3.400e-01
3.400e-01
3.400e-01
3.400e-01
3.400e-01
3.400e-01
3.400e-01
3.400e-01
3.400e-01
3.400e-01
3.400e-01
3.400e-01
3.400e-01
3.400e-01
3.400e-01
3.400e-01
3.400e-01
3.400e-01
3.400e-01
3.400e-01
3.400e-01
3.400e-01
3.400e-01
3.400e-01
3.400e-01
3.400e-01
3.400e-01
3.400e-01
3.400e-01
3.400e-01
3.400e-01
3.400e-01
3.400e-01
3.400e-01
3.400e-01
3.400e-01
3.400e-01
3.400e-01
3.400e-01
3.400e-01
3.400e-01
3.400e-01
3.400e-01
3.400e-01
3.400e-01
3.400e-01
3.400e-01
3.400e-01
3.400e-01
3.400e-01
3.400e-01
3.400e-01
3.400e-01
3.400e-01
3.400e-01
3.400e-01
3.400e-01
3.400e-01
3.400e-01
3.400e-01
3.400e-01
3.400e-01
3.400e-01
3.400e-01
3.400e-01
3.400e-01
3.400e-01
3.400e-01
3.400e-01
3.400e-01
3.400e-01
3.400e-01
3.400e-01
3.400e-01
3.400e-01
3.400e-01
3.400e-01
3.400e-01
3.400e-01
3.400e-01
3.400e-01
3.400e-01
3.400e-01
3.400e-01
3.400e-01
3.400e-01
3.400e-01
3.400e-01
3.400e-01
3.400e-01
3.400e-01
3.400e-01
3.400e-01
3.400e-01
3.400e-01
3.400e-01
3.400e-01
3.400e-01
3.400e-01
3.400e-01
3.400e-01
3.400e-01
3.400e-01
3.400e-01
3.400e-01
3.400e-01
3.400e-01
3.400e-01
3.400e-01
3.400e-01
3.400e-01
3.400e-01
3.400e-01
3.400e-01
3.400e-01
3.400e-01
3.400e-01
3.400e-01
3.400e-01
3.400e-01
3.400e-01
3.400e-01
3.400e-01
3.400e-01
3.400e-01
3.400e-01
3.400e-01
3.400e-01
3.400e-01
3.400e-01
3.400e-01
3.400e-01
3.400e-01
3.400e-01
3.400e-01
3.400e-01
3.400e-01
3.400e-01
3.400e-01
3.400e-01
3.400e-01
3.400e-01
3.400e-01
3.400e-01
3.400e-01
3.400e-01
3.400e-01
3.400e-01
3.400e-01
3.400e-01
3.400e-01
3.400e-01
3.400e-01
3.400e-01
3.400e-01
3.400e-01
3.400e-01
3.400e-01
3.403e-01
3.403e-01
3.400e-01
3.400e-01
3.400e-01
3.400e-01
3.400e-01
3.400e-01
3.400e-01
3.400e-01
3.400e-01
3.400e-01
3.400e-01
3.400e-01
3.400e-01
3.400e-01
3.400e-01
3.400e-01
3.400e-01
3.400e-01
3.400e-01
3.403e-01
3.410e-01
1.000e+00
1.000e+00
1.000e+00
1.000e+00
1.000e+00
1.000e+00
1.000e+00
1.000e+00
1.000e+00
1.000e+00
1.000e+00
1.000e+00
1.000e+00
1.000e+00
1.000e+00
1.000e+00
1.000e+00
1.000e+00
1.000e+00
1.000e+00
1.000e+00
1.000e+00
1.000e+00
1.000e+00
1.000e+00
1.000e+00
1.000e+00
1.000e+00
1.000e+00
1.000e+00
1.000e+00
1.000e+00
1.000e+00
1.000e+00
1.000e+00
1.000e+00
1.000e+00
1.000e+00
1.000e+00
1.000e+00
1.000e+00
1.000e+00
1.000e+00
1.000e+00
1.000e+00
1.000e+00
1.000e+00
1.000e+00
1.000e+00
1.000e+00
1.000e+00
1.000e+00
1.000e+00
1.000e+00
1.000e+00
1.000e+00
1.000e+00
1.000e+00
1.000e+00
1.000e+00
1.000e+00
1.000e+00
1.000e+00
1.000e+00
1.000e+00
1.000e+00
1.000e+00
1.000e+00
1.000e+00
1.000e+00
1.000e+00
1.000e+00
1.000e+00
1.000e+00
1.000e+00
1.000e+00
1.000e+00
1.000e+00
1.000e+00
1.000e+00
1.000e+00
1.000e+00
1.000e+00
1.000e+00
1.000e+00
1.000e+00
1.000e+00
1.000e+00
1.000e+00
1.000e+00
1.000e+00
1.000e+00
1.000e+00
1.000e+00
1.000e+00
1.000e+00
1.000e+00
1.000e+00
1.000e+00
1.000e+00
1.000e+00
1.000e+00
1.000e+00
1.000e+00
1.000e+00
1.000e+00
1.000e+00
1.000e+00
1.000e+00
1.000e+00
1.000e+00
1.000e+00
1.000e+00
1.000e+00
1.000e+00
1.000e+00
1.000e+00
1.000e+00
1.000e+00
1.000e+00
1.000e+00
1.000e+00
1.000e+00
1.000e+00
1.000e+00
1.000e+00
1.000e+00
1.000e+00
1.000e+00
1.000e+00
1.000e+00
1.000e+00
1.000e+00
1.000e+00
1.000e+00
1.000e+00
1.000e+00
1.000e+00
1.000e+00
1.000e+00
1.000e+00
1.000e+00
1.000e+00
1.000e+00
1.000e+00
1.000e+00
1.000e+00
1.000e+00
1.000e+00
1.000e+00
1.000e+00
1.000e+00
1.000e+00
1.000e+00
1.000e+00
1.000e+00
1.000e+00
1.000e+00
1.000e+00
1.000e+00
1.000e+00
1.000e+00
1.000e+00
1.000e+00
1.000e+00
1.000e+00
1.000e+00
1.000e+00
1.000e+00
1.000e+00
1.000e+00
1.000e+00
1.000e+00
1.000e+00
1.000e+00
1.000e+00
1.000e+00
1.000e+00
1.000e+00
1.000e+00
1.000e+00
1.000e+00
1.000e+00
1.000e+00
1.000e+00
1.000e+00
1.000e+00
1.000e+00
1.000e+00
1.000e+00
1.000e+00
1.000e+00
1.000e+00
1.000e+00
1.000e+00
1.000e+00
1.000e+00
1.000e+00
1.000e+00
1.000e+00
1.000e+00
1.000e+00
1.000e+00
1.000e+00
1.000e+00
1.000e+00
1.000e+00
1.000e+00
1.000e+00
1.000e+00
1.000e+00
1.000e+00
1.000e+00
1.000e+00
1.000e+00
1.000e+00
1.000e+00
1.000e+00
1.000e+00
1.000e+00
1.000e+00
1.000e+00
1.000e+00
1.000e+00
1.000e+00
1.000e+00
1.000e+00
1.000e+00
1.000e+00
1.000e+00
1.000e+00
1.000e+00
1.000e+00
1.000e+00
1.000e+00
1.000e+00
1.000e+00
1.000e+00
1.000e+00
1.000e+00
1.000e+00
1.000e+00
1.000e+00
1.000e+00
1.000e+00
1.000e+00
1.000e+00
1.000e+00
1.000e+00
1.000e+00
1.000e+00
1.000e+00
1.000e+00
1.000e+00
1.000e+00
1.000e+00
1.000e+00
1.000e+00
1.000e+00
1.000e+00
1.000e+00
1.000e+00
1.000e+00
1.000e+00
1.000e+00
1.000e+00
1.000e+00
1.000e+00
1.000e+00
1.000e+00
1.000e+00
1.000e+00
1.000e+00
1.000e+00
1.000e+00
1.000e+00
1.000e+00
1.000e+00
1.000e+00
1.000e+00
1.000e+00
1.000e+00
1.000e+00
1.000e+00
1.000e+00
1.000e+00
1.000e+00
1.000e+00
1.000e+00
1.000e+00
1.000e+00
1.000e+00
1.000e+00
1.000e+00
1.000e+00
1.000e+00
1.000e+00
1.000e+00
1.000e+00
1.000e+00
1.000e+00
1.000e+00
1.000e+00
1.000e+00
1.000e+00
1.000e+00
1.000e+00
1.000e+00
1.000e+00
1.000e+00
1.000e+00
1.000e+00
1.000e+00
1.000e+00
1.000e+00
1.000e+00
1.000e+00
1.000e+00
1.000e+00
1.000e+00
1.000e+00
1.000e+00
1.000e+00
1.000e+00
1.000e+00
1.000e+00
1.000e+00
1.000e+00
1.000e+00
1.000e+00
1.000e+00
1.000e+00
1.000e+00
1.000e+00
1.000e+00
1.000e+00
1.000e+00
1.000e+00
1.000e+00
1.000e+00
1.000e+00
1.000e+00
1.000e+00
1.000e+00
1.000e+00
1.000e+00
1.000e+00
1.000e+00
1.000e+00
1.000e+00
1.000e+00
1.000e+00
1.000e+00
1.000e+00
1.000e+00
1.000e+00
1.000e+00
1.000e+00
1.000e+00
1.000e+00
1.000e+00
1.000e+00
1.000e+00
1.000e+00
1.000e+00
1.000e+00
1.000e+00
1.000e+00
1.000e+00
1.000e+00
1.000e+00
1.000e+00
1.000e+00
1.000e+00
1.000e+00
1.000e+00
1.000e+00
1.000e+00
1.000e+00
1.000e+00
1.000e+00
1.000e+00
1.000e+00
1.000e+00
1.000e+00
1.000e+00
1.000e+00
1.000e+00
1.000e+00
1.000e+00
1.000e+00
1.000e+00
1.000e+00
1.000e+00
1.000e+00
1.000e+00
1.000e+00
1.000e+00
1.000e+00
1.000e+00
1.000e+00
1.000e+00
1.000e+00
1.000e+00
1.000e+00
1.000e+00
1.000e+00
1.000e+00
1.000e+00
1.000e+00
1.000e+00
1.000e+00
1.000e+00
1.000e+00
1.000e+00
1.000e+00
1.000e+00
1.000e+00
1.000e+00
1.000e+00
1.000e+00
1.000e+00
1.000e+00
1.000e+00
1.000e+00
1.000e+00
1.000e+00
1.000e+00
1.000e+00
1.000e+00
1.000e+00
1.000e+00
1.000e+00
1.000e+00
1.000e+00
1.000e+00
1.000e+00
1.000e+00
1.000e+00
1.000e+00
1.001e+00
