#TIME      <--- WTDEPTH(NODVP(I)), I=1,2,...,NUMVP --->
   1.000000E+00   1.620548E+03
   2.100000E+00   1.945214E+03
   3.200000E+00   1.895709E+03
   4.300000E+00   1.806389E+03
   5.510000E+00   1.697178E+03
   6.841000E+00   1.573961E+03
   8.305100E+00   1.443843E+03
   9.915610E+00   1.316161E+03
   1.168717E+01   1.200343E+03
   1.363589E+01   1.102298E+03
   1.577948E+01   1.024210E+03
   1.813742E+01   9.659849E+02
   2.073117E+01   9.259352E+02
   2.358428E+01   9.010800E+02
   2.672271E+01   8.875539E+02
   3.017498E+01   8.812875E+02
   3.397248E+01   8.788481E+02
   3.814973E+01   8.780155E+02
   4.274470E+01   8.777145E+02
   4.779917E+01   8.775487E+02
   5.335909E+01   8.774035E+02
   5.947500E+01   8.772518E+02
   6.620250E+01   8.770870E+02
   7.360275E+01   8.769066E+02
   8.174302E+01   8.767086E+02
   9.069733E+01   8.764912E+02
   1.005471E+02   8.762523E+02
   1.113818E+02   8.759897E+02
   1.232999E+02   8.757012E+02
   1.352181E+02   8.756996E+02
   1.483281E+02   8.753825E+02
   1.614381E+02   8.753808E+02
   1.745481E+02   8.753790E+02
   1.876581E+02   8.753773E+02
   2.007681E+02   8.753756E+02
   2.138781E+02   8.753739E+02
   2.269881E+02   8.753722E+02
   2.400981E+02   8.753706E+02
   2.532081E+02   8.753689E+02
   2.663181E+02   8.753672E+02
   2.794281E+02   8.753655E+02
   2.925380E+02   8.753639E+02
   3.056480E+02   8.753622E+02
   3.187580E+02   8.753606E+02
   3.318680E+02   8.753589E+02
   3.449780E+02   8.753572E+02
   3.580880E+02   8.753556E+02
   3.711980E+02   8.753539E+02
   3.843080E+02   8.753523E+02
   3.974180E+02   8.753506E+02
   4.105280E+02   8.753490E+02
   4.236380E+02   8.753474E+02
   4.367480E+02   8.753457E+02
   4.498580E+02   8.753441E+02
   4.629680E+02   8.753424E+02
   4.760780E+02   8.753408E+02
   4.891880E+02   8.753392E+02
   5.022980E+02   8.753376E+02
   5.154080E+02   8.753359E+02
   5.285179E+02   8.753343E+02
   5.416279E+02   8.753327E+02
   5.547379E+02   8.753311E+02
   5.678479E+02   8.753295E+02
   5.809579E+02   8.753279E+02
   5.940679E+02   8.753263E+02
   6.071779E+02   8.753246E+02
   6.202879E+02   8.753230E+02
   6.333979E+02   8.753214E+02
   6.465079E+02   8.753198E+02
   6.596179E+02   8.753182E+02
   6.727279E+02   8.753166E+02
   6.858379E+02   8.753151E+02
   6.989479E+02   8.753135E+02
   7.120579E+02   8.753119E+02
   7.251679E+02   8.753103E+02
   7.382779E+02   8.753087E+02
   7.513878E+02   8.753071E+02
   7.644978E+02   8.753056E+02
   7.776078E+02   8.753040E+02
   7.907178E+02   8.753024E+02
   8.038278E+02   8.753008E+02
   8.169378E+02   8.752993E+02
   8.300478E+02   8.752977E+02
   8.431578E+02   8.752961E+02
   8.562678E+02   8.752946E+02
   8.693778E+02   8.752930E+02
   8.824878E+02   8.752915E+02
   8.955978E+02   8.752899E+02
   9.087078E+02   8.752884E+02
   9.218178E+02   8.752868E+02
   9.349278E+02   8.752853E+02
   9.480378E+02   8.752837E+02
   9.611478E+02   8.752822E+02
   9.742577E+02   8.752807E+02
   9.873677E+02   8.752791E+02
   1.000478E+03   8.752776E+02
   1.013588E+03   8.752760E+02
   1.028009E+03   8.749280E+02
   1.042430E+03   8.749263E+02
   1.056851E+03   8.749245E+02
   1.071272E+03   8.749228E+02
   1.085693E+03   8.749211E+02
   1.100114E+03   8.749195E+02
   1.114535E+03   8.749178E+02
   1.128956E+03   8.749161E+02
   1.143377E+03   8.749145E+02
   1.157798E+03   8.749128E+02
   1.172219E+03   8.749112E+02
   1.186640E+03   8.749095E+02
   1.201061E+03   8.749079E+02
   1.215482E+03   8.749062E+02
   1.229903E+03   8.749046E+02
   1.244324E+03   8.749029E+02
   1.258745E+03   8.749013E+02
   1.273166E+03   8.748997E+02
   1.287587E+03   8.748980E+02
   1.302008E+03   8.748964E+02
   1.316429E+03   8.748948E+02
   1.330850E+03   8.748932E+02
   1.345271E+03   8.748915E+02
   1.359692E+03   8.748899E+02
   1.374113E+03   8.748883E+02
   1.388534E+03   8.748867E+02
   1.402955E+03   8.748851E+02
   1.417376E+03   8.748835E+02
   1.431797E+03   8.748819E+02
   1.446218E+03   8.748803E+02
   1.460639E+03   8.748787E+02
   1.475060E+03   8.748771E+02
   1.489481E+03   8.748755E+02
   1.503902E+03   8.748739E+02
   1.518323E+03   8.748723E+02
   1.532743E+03   8.748707E+02
   1.547164E+03   8.748691E+02
   1.561585E+03   8.748675E+02
   1.576006E+03   8.748660E+02
   1.590427E+03   8.748644E+02
   1.604848E+03   8.748628E+02
   1.619269E+03   8.748612E+02
   1.633690E+03   8.748597E+02
   1.648111E+03   8.748581E+02
   1.662532E+03   8.748566E+02
   1.676953E+03   8.748550E+02
   1.691374E+03   8.748534E+02
   1.705795E+03   8.748519E+02
   1.720216E+03   8.748503E+02
   1.734637E+03   8.748488E+02
   1.749058E+03   8.748472E+02
   1.763479E+03   8.748457E+02
   1.777900E+03   8.748441E+02
   1.792321E+03   8.748426E+02
   1.806742E+03   8.748411E+02
   1.821163E+03   8.748395E+02
   1.835584E+03   8.748380E+02
   1.850005E+03   8.748365E+02
   1.864426E+03   8.748350E+02
   1.878847E+03   8.748334E+02
   1.893268E+03   8.748319E+02
   1.907689E+03   8.748304E+02
   1.922110E+03   8.748289E+02
   1.936531E+03   8.748274E+02
   1.950952E+03   8.748259E+02
   1.965373E+03   8.748243E+02
   1.979794E+03   8.748228E+02
   1.994215E+03   8.748213E+02
   2.008636E+03   8.748198E+02
   2.023057E+03   8.748183E+02
   2.037478E+03   8.748168E+02
   2.051899E+03   8.748154E+02
   2.066320E+03   8.748139E+02
   2.080741E+03   8.748124E+02
   2.095162E+03   8.748109E+02
   2.109583E+03   8.748094E+02
   2.124004E+03   8.748079E+02
   2.138425E+03   8.748064E+02
   2.152846E+03   8.748050E+02
   2.168709E+03   8.744227E+02
   2.184572E+03   8.744211E+02
   2.200436E+03   8.744194E+02
   2.216299E+03   8.744178E+02
   2.232162E+03   8.744161E+02
   2.248025E+03   8.744145E+02
   2.263888E+03   8.744129E+02
   2.279751E+03   8.744113E+02
   2.295614E+03   8.744097E+02
   2.311477E+03   8.744082E+02
   2.327340E+03   8.744066E+02
   2.343203E+03   8.744050E+02
   2.359066E+03   8.744034E+02
   2.374930E+03   8.744018E+02
   2.390793E+03   8.744002E+02
   2.406656E+03   8.743987E+02
   2.422519E+03   8.743971E+02
   2.438382E+03   8.743955E+02
   2.454245E+03   8.743939E+02
   2.470108E+03   8.743924E+02
   2.485971E+03   8.743908E+02
   2.501834E+03   8.743893E+02
   2.517697E+03   8.743877E+02
   2.533560E+03   8.743862E+02
   2.549424E+03   8.743846E+02
   2.565287E+03   8.743831E+02
   2.581150E+03   8.743815E+02
   2.597013E+03   8.743800E+02
   2.612876E+03   8.743784E+02
   2.628739E+03   8.743769E+02
   2.644602E+03   8.743754E+02
   2.660465E+03   8.743738E+02
   2.676328E+03   8.743723E+02
   2.692191E+03   8.743708E+02
   2.708054E+03   8.743693E+02
   2.723918E+03   8.743678E+02
   2.739781E+03   8.743662E+02
   2.755644E+03   8.743647E+02
   2.771507E+03   8.743632E+02
   2.787370E+03   8.743617E+02
   2.803233E+03   8.743602E+02
   2.819096E+03   8.743587E+02
   2.834959E+03   8.743572E+02
   2.850822E+03   8.743557E+02
   2.866685E+03   8.743542E+02
   2.882549E+03   8.743527E+02
   2.898412E+03   8.743512E+02
   2.914275E+03   8.743498E+02
   2.930138E+03   8.743483E+02
   2.946001E+03   8.743468E+02
   2.961864E+03   8.743453E+02
   2.977727E+03   8.743438E+02
   2.993590E+03   8.743424E+02
   3.009453E+03   8.743409E+02
   3.025316E+03   8.743394E+02
   3.041179E+03   8.743380E+02
   3.057043E+03   8.743365E+02
   3.072906E+03   8.743351E+02
   3.088769E+03   8.743336E+02
   3.104632E+03   8.743321E+02
   3.120495E+03   8.743307E+02
   3.136358E+03   8.743293E+02
   3.152221E+03   8.743278E+02
   3.168084E+03   8.743264E+02
   3.183947E+03   8.743249E+02
   3.199810E+03   8.743235E+02
   3.215673E+03   8.743221E+02
   3.231537E+03   8.743206E+02
   3.247400E+03   8.743192E+02
   3.263263E+03   8.743178E+02
   3.279126E+03   8.743164E+02
   3.294989E+03   8.743149E+02
   3.310852E+03   8.743135E+02
   3.328301E+03   8.738938E+02
   3.345751E+03   8.738922E+02
   3.363200E+03   8.738906E+02
   3.380650E+03   8.738890E+02
   3.398099E+03   8.738875E+02
   3.415548E+03   8.738859E+02
   3.432998E+03   8.738844E+02
   3.450447E+03   8.738829E+02
   3.467897E+03   8.738813E+02
   3.485346E+03   8.738798E+02
   3.502795E+03   8.738783E+02
   3.520245E+03   8.738768E+02
   3.537694E+03   8.738752E+02
   3.555144E+03   8.738737E+02
   3.572593E+03   8.738723E+02
   3.590042E+03   8.738708E+02
   3.607492E+03   8.738694E+02
   3.624941E+03   8.738680E+02
   3.642391E+03   8.738666E+02
   3.659840E+03   8.738652E+02
   3.677289E+03   8.738638E+02
   3.694739E+03   8.738623E+02
   3.712188E+03   8.738609E+02
   3.729638E+03   8.738595E+02
   3.747087E+03   8.738581E+02
   3.764536E+03   8.738567E+02
   3.781986E+03   8.738553E+02
   3.799435E+03   8.738540E+02
   3.816885E+03   8.738526E+02
   3.834334E+03   8.738512E+02
   3.851783E+03   8.738498E+02
   3.869233E+03   8.738484E+02
   3.886682E+03   8.738470E+02
   3.904132E+03   8.738457E+02
   3.921581E+03   8.738443E+02
   3.939030E+03   8.738429E+02
   3.956480E+03   8.738415E+02
   3.973929E+03   8.738402E+02
   3.991379E+03   8.738388E+02
   4.008828E+03   8.738375E+02
   4.026278E+03   8.738361E+02
   4.043727E+03   8.738347E+02
   4.061176E+03   8.738334E+02
   4.078626E+03   8.738320E+02
   4.096075E+03   8.738307E+02
   4.113525E+03   8.738294E+02
   4.130974E+03   8.738280E+02
   4.148423E+03   8.738267E+02
   4.165873E+03   8.738253E+02
   4.183322E+03   8.738240E+02
   4.200772E+03   8.738227E+02
   4.218221E+03   8.738213E+02
   4.235670E+03   8.738200E+02
   4.253120E+03   8.738187E+02
   4.270569E+03   8.738174E+02
   4.288019E+03   8.738161E+02
   4.305468E+03   8.738147E+02
   4.322917E+03   8.738134E+02
   4.340367E+03   8.738121E+02
   4.357816E+03   8.738108E+02
   4.375266E+03   8.738095E+02
   4.392715E+03   8.738082E+02
   4.410164E+03   8.738069E+02
   4.427614E+03   8.738056E+02
   4.445063E+03   8.738043E+02
   4.462513E+03   8.738030E+02
   4.481707E+03   8.733422E+02
   4.500901E+03   8.733408E+02
   4.520096E+03   8.733393E+02
   4.539290E+03   8.733379E+02
   4.558484E+03   8.733365E+02
   4.577679E+03   8.733351E+02
   4.596873E+03   8.733337E+02
   4.616067E+03   8.733323E+02
   4.635262E+03   8.733309E+02
   4.654456E+03   8.733295E+02
   4.673650E+03   8.733281E+02
   4.692845E+03   8.733268E+02
   4.712039E+03   8.733254E+02
   4.731233E+03   8.733240E+02
   4.750428E+03   8.733226E+02
   4.769622E+03   8.733212E+02
   4.788816E+03   8.733199E+02
   4.808011E+03   8.733185E+02
   4.827205E+03   8.733172E+02
   4.846399E+03   8.733158E+02
   4.865594E+03   8.733144E+02
   4.884788E+03   8.733131E+02
   4.903982E+03   8.733117E+02
   4.923177E+03   8.733104E+02
   4.942371E+03   8.733090E+02
   4.961565E+03   8.733077E+02
   4.980760E+03   8.733064E+02
   4.999954E+03   8.733050E+02
   5.019148E+03   8.733037E+02
   5.038343E+03   8.733024E+02
   5.057537E+03   8.733010E+02
   5.076732E+03   8.732997E+02
   5.095926E+03   8.732984E+02
   5.115120E+03   8.732971E+02
   5.134315E+03   8.732958E+02
   5.153509E+03   8.732945E+02
   5.172703E+03   8.732932E+02
   5.191898E+03   8.732919E+02
   5.211092E+03   8.732906E+02
   5.230286E+03   8.732893E+02
   5.249481E+03   8.732880E+02
   5.268675E+03   8.732867E+02
   5.287869E+03   8.732854E+02
   5.307064E+03   8.732842E+02
   5.326258E+03   8.732829E+02
   5.345452E+03   8.732816E+02
   5.364647E+03   8.732804E+02
   5.383841E+03   8.732791E+02
   5.403035E+03   8.732778E+02
   5.422230E+03   8.732766E+02
   5.441424E+03   8.732753E+02
   5.460618E+03   8.732741E+02
   5.479813E+03   8.732728E+02
   5.499007E+03   8.732715E+02
   5.518201E+03   8.732703E+02
   5.537396E+03   8.732691E+02
   5.556590E+03   8.732678E+02
   5.575784E+03   8.732666E+02
   5.594979E+03   8.732653E+02
   5.614173E+03   8.732641E+02
   5.633367E+03   8.732629E+02
   5.654481E+03   8.727570E+02
   5.675595E+03   8.727557E+02
   5.696709E+03   8.727542E+02
   5.717823E+03   8.727529E+02
   5.738936E+03   8.727515E+02
   5.760050E+03   8.727502E+02
   5.781164E+03   8.727489E+02
   5.802278E+03   8.727476E+02
   5.823391E+03   8.727462E+02
   5.844505E+03   8.727449E+02
   5.865619E+03   8.727436E+02
   5.886733E+03   8.727423E+02
   5.907847E+03   8.727410E+02
   5.928960E+03   8.727397E+02
   5.950074E+03   8.727384E+02
   5.971188E+03   8.727371E+02
   5.992302E+03   8.727358E+02
   6.013415E+03   8.727345E+02
   6.034529E+03   8.727332E+02
   6.055643E+03   8.727319E+02
   6.076757E+03   8.727306E+02
   6.097871E+03   8.727293E+02
   6.118984E+03   8.727280E+02
   6.140098E+03   8.727268E+02
   6.161212E+03   8.727255E+02
   6.182326E+03   8.727242E+02
   6.203439E+03   8.727230E+02
   6.224553E+03   8.727217E+02
   6.245667E+03   8.727204E+02
   6.266781E+03   8.727192E+02
   6.287895E+03   8.727179E+02
   6.309008E+03   8.727167E+02
   6.330122E+03   8.727154E+02
   6.351236E+03   8.727142E+02
   6.372350E+03   8.727130E+02
   6.393463E+03   8.727117E+02
   6.414577E+03   8.727105E+02
   6.435691E+03   8.727093E+02
   6.456805E+03   8.727080E+02
   6.477919E+03   8.727068E+02
   6.499032E+03   8.727056E+02
   6.520146E+03   8.727044E+02
   6.541260E+03   8.727031E+02
   6.562374E+03   8.727019E+02
   6.583487E+03   8.727007E+02
   6.604601E+03   8.726995E+02
   6.625715E+03   8.726983E+02
   6.646829E+03   8.726971E+02
   6.667943E+03   8.726959E+02
   6.689056E+03   8.726947E+02
   6.710170E+03   8.726935E+02
   6.731284E+03   8.726923E+02
   6.752398E+03   8.726911E+02
   6.773511E+03   8.726900E+02
   6.794625E+03   8.726888E+02
   6.815739E+03   8.726876E+02
   6.836853E+03   8.726864E+02
   6.857967E+03   8.726853E+02
   6.879080E+03   8.726841E+02
   6.900194E+03   8.726829E+02
   6.921308E+03   8.726818E+02
   6.942422E+03   8.726806E+02
   6.963535E+03   8.726794E+02
   6.984649E+03   8.726783E+02
   7.005763E+03   8.726771E+02
   7.026877E+03   8.726760E+02
   7.047990E+03   8.726748E+02
   7.069104E+03   8.726737E+02
   7.090218E+03   8.726726E+02
   7.111332E+03   8.726714E+02
   7.132446E+03   8.726703E+02
   7.155671E+03   8.721150E+02
   7.178896E+03   8.721138E+02
   7.202121E+03   8.721125E+02
   7.225346E+03   8.721112E+02
   7.248571E+03   8.721100E+02
   7.271797E+03   8.721087E+02
   7.295022E+03   8.721075E+02
   7.318247E+03   8.721063E+02
   7.341472E+03   8.721051E+02
   7.364697E+03   8.721039E+02
   7.387922E+03   8.721027E+02
   7.411147E+03   8.721014E+02
   7.434373E+03   8.721002E+02
   7.457598E+03   8.720990E+02
   7.480823E+03   8.720978E+02
   7.504048E+03   8.720967E+02
   7.527273E+03   8.720955E+02
   7.550498E+03   8.720943E+02
   7.573724E+03   8.720931E+02
   7.596949E+03   8.720919E+02
   7.620174E+03   8.720907E+02
   7.643399E+03   8.720896E+02
   7.666624E+03   8.720884E+02
   7.689849E+03   8.720873E+02
   7.713074E+03   8.720861E+02
   7.736300E+03   8.720850E+02
   7.759525E+03   8.720838E+02
   7.782750E+03   8.720827E+02
   7.805975E+03   8.720816E+02
   7.829200E+03   8.720804E+02
   7.852425E+03   8.720793E+02
   7.875651E+03   8.720782E+02
   7.898876E+03   8.720770E+02
   7.922101E+03   8.720759E+02
   7.945326E+03   8.720748E+02
   7.968551E+03   8.720737E+02
   7.991776E+03   8.720726E+02
   8.015001E+03   8.720715E+02
   8.038227E+03   8.720704E+02
   8.061452E+03   8.720693E+02
   8.084677E+03   8.720682E+02
   8.107902E+03   8.720671E+02
   8.131127E+03   8.720660E+02
   8.154352E+03   8.720649E+02
   8.177578E+03   8.720638E+02
   8.200803E+03   8.720627E+02
   8.224028E+03   8.720616E+02
   8.247253E+03   8.720606E+02
   8.270478E+03   8.720595E+02
   8.293703E+03   8.720584E+02
   8.316928E+03   8.720573E+02
   8.340154E+03   8.720563E+02
   8.363379E+03   8.720552E+02
   8.386604E+03   8.720541E+02
   8.409829E+03   8.720531E+02
   8.433054E+03   8.720520E+02
   8.456279E+03   8.720510E+02
   8.479505E+03   8.720499E+02
   8.502730E+03   8.720489E+02
   8.525955E+03   8.720478E+02
   8.549180E+03   8.720468E+02
   8.572405E+03   8.720458E+02
   8.595630E+03   8.720447E+02
   8.618855E+03   8.720437E+02
   8.642081E+03   8.720427E+02
   8.665306E+03   8.720416E+02
   8.688531E+03   8.720406E+02
   8.711756E+03   8.720396E+02
   8.734981E+03   8.720386E+02
   8.758206E+03   8.720376E+02
   8.781432E+03   8.720366E+02
   8.804657E+03   8.720355E+02
   8.827882E+03   8.720345E+02
   8.851107E+03   8.720335E+02
   8.874332E+03   8.720325E+02
   8.897557E+03   8.720315E+02
   8.920782E+03   8.720305E+02
   8.944008E+03   8.720295E+02
   8.967233E+03   8.720285E+02
   8.990458E+03   8.720276E+02
   9.013683E+03   8.720266E+02
   9.036908E+03   8.720256E+02
   9.060133E+03   8.720246E+02
   9.083359E+03   8.720236E+02
   9.106584E+03   8.720227E+02
   9.129809E+03   8.720217E+02
   9.153034E+03   8.720207E+02
   9.176259E+03   8.720198E+02
   9.199484E+03   8.720188E+02
   9.222710E+03   8.720178E+02
   9.245935E+03   8.720169E+02
   9.269160E+03   8.720159E+02
   9.292385E+03   8.720150E+02
   9.315610E+03   8.720140E+02
   9.338835E+03   8.720131E+02
   9.362060E+03   8.720121E+02
   9.385286E+03   8.720112E+02
   9.408511E+03   8.720102E+02
   9.431736E+03   8.720093E+02
   9.454961E+03   8.720084E+02
   9.478186E+03   8.720074E+02
   9.501411E+03   8.720065E+02
   9.524637E+03   8.720056E+02
   9.547862E+03   8.720046E+02
   9.571087E+03   8.720037E+02
   9.585543E+03   8.743114E+02
   9.600000E+03   8.743103E+02
