      0  0.00000000E+00     NSTEP   TIME
 SURFACE NODE =   441  X =   1.0000E+01  Y =   0.0000E+00
              Z  PRESSURE HEAD             SW           CKRW        QTRANIE
   3.350000E-01  -5.250000E-01   4.703552E-01   1.338948E-05   0.000000E+00   0.000000E+00
   3.290000E-01  -5.210000E-01   4.710405E-01   1.371234E-05   0.000000E+00   0.000000E+00
   3.170000E-01  -5.200000E-01   4.712130E-01   1.379465E-05   0.000000E+00   0.000000E+00
   2.990000E-01  -5.362000E-01   4.684755E-01   1.253710E-05   0.000000E+00   0.000000E+00
   2.750000E-01  -6.051000E-01   4.580342E-01   8.598668E-06   0.000000E+00   0.000000E+00
   2.450000E-01  -8.486000E-01   4.315914E-01   2.985616E-06   0.000000E+00   0.000000E+00
   2.150000E-01  -1.242000E+00   4.062026E-01   9.039680E-07   0.000000E+00   0.000000E+00
   1.550000E-01  -1.347000E+00   4.013324E-01   7.005794E-07   0.000000E+00   0.000000E+00
   9.500000E-02  -1.245000E+00   4.060553E-01   8.971457E-07   0.000000E+00   0.000000E+00
  -5.500000E-02  -1.200000E+00   4.083215E-01   1.007079E-06   0.000000E+00   0.000000E+00
  -2.050000E-01  -1.108000E+00   4.133626E-01   1.293605E-06   0.000000E+00   0.000000E+00
  -5.050000E-01  -1.034000E+00   4.178797E-01   1.606916E-06   0.000000E+00   0.000000E+00
  -8.050000E-01  -1.000000E+00   4.201155E-01   1.784599E-06   0.000000E+00   0.000000E+00
  -1.405000E+00  -1.000000E+00   4.201155E-01   1.784599E-06   0.000000E+00   0.000000E+00
  -2.005000E+00  -1.000000E+00   4.201155E-01   1.784599E-06   0.000000E+00   0.000000E+00
  -2.665000E+00  -9.960000E-01   4.203858E-01   1.807174E-06   0.000000E+00   0.000000E+00
      1  1.00000000E+00     NSTEP   TIME
 SURFACE NODE =   441  X =   1.0000E+01  Y =   0.0000E+00
              Z  PRESSURE HEAD             SW           CKRW        QTRANIE
   3.350000E-01  -5.250038E-01   4.703546E-01   1.338918E-05   6.487911E-11   0.000000E+00
   3.290000E-01  -5.210038E-01   4.710399E-01   1.371203E-05   1.923664E-10   0.000000E+00
   3.170000E-01  -5.200038E-01   4.712124E-01   1.379434E-05   3.131402E-10   0.000000E+00
   2.990000E-01  -5.362037E-01   4.684749E-01   1.253683E-05   4.230500E-10   0.000000E+00
   2.750000E-01  -6.051034E-01   4.580337E-01   8.598517E-06   5.184149E-10   0.000000E+00
   2.450000E-01  -8.486016E-01   4.315913E-01   2.985598E-06   5.419776E-10   0.000000E+00
   2.150000E-01  -1.242004E+00   4.062024E-01   9.039590E-07   7.641361E-10   0.000000E+00
   1.550000E-01  -1.347007E+00   4.013321E-01   7.005677E-07   8.970910E-10   0.000000E+00
   9.500000E-02  -1.245005E+00   4.060550E-01   8.971347E-07   1.375312E-09   0.000000E+00
  -5.500000E-02  -1.200004E+00   4.083213E-01   1.007069E-06   1.372332E-09   0.000000E+00
  -2.050000E-01  -1.108002E+00   4.133625E-01   1.293598E-06   1.357341E-09   0.000000E+00
  -5.050000E-01  -1.034001E+00   4.178797E-01   1.606913E-06   5.132932E-10   0.000000E+00
  -8.050000E-01  -1.000000E+00   4.201155E-01   1.784599E-06   0.000000E+00   0.000000E+00
  -1.405000E+00  -1.000000E+00   4.201155E-01   1.784599E-06   0.000000E+00   0.000000E+00
  -2.005000E+00  -1.000000E+00   4.201155E-01   1.784599E-06   0.000000E+00   0.000000E+00
  -2.665000E+00  -9.959999E-01   4.203858E-01   1.807175E-06   0.000000E+00   0.000000E+00
     73  9.60000000E+03     NSTEP   TIME
 SURFACE NODE =   441  X =   1.0000E+01  Y =   0.0000E+00
              Z  PRESSURE HEAD             SW           CKRW        QTRANIE
   3.350000E-01  -5.614023E-01   4.644439E-01   1.086445E-05   6.487911E-11   0.000000E+00
   3.290000E-01  -5.575076E-01   4.650498E-01   1.110290E-05   1.923664E-10   0.000000E+00
   3.170000E-01  -5.566364E-01   4.651862E-01   1.115718E-05   3.131402E-10   0.000000E+00
   2.990000E-01  -5.725530E-01   4.627419E-01   1.021799E-05   4.230500E-10   0.000000E+00
   2.750000E-01  -6.390581E-01   4.534948E-01   7.250615E-06   5.184149E-10   0.000000E+00
   2.450000E-01  -8.692476E-01   4.298580E-01   2.769002E-06   5.419776E-10   0.000000E+00
   2.150000E-01  -1.281197E+00   4.043169E-01   8.199291E-07   7.641361E-10   0.000000E+00
   1.550000E-01  -1.417695E+00   3.983533E-01   5.965787E-07   8.970910E-10   0.000000E+00
   9.500000E-02  -1.293055E+00   4.037628E-01   7.965466E-07   1.375312E-09   0.000000E+00
  -5.500000E-02  -1.237775E+00   4.064111E-01   9.136931E-07   1.372332E-09   0.000000E+00
  -2.050000E-01  -1.127041E+00   4.122705E-01   1.226246E-06   1.357341E-09   0.000000E+00
  -5.050000E-01  -1.039675E+00   4.175169E-01   1.579561E-06   5.132932E-10   0.000000E+00
  -8.050000E-01  -1.000024E+00   4.201139E-01   1.784465E-06   0.000000E+00   0.000000E+00
  -1.405000E+00  -1.000000E+00   4.201155E-01   1.784599E-06   0.000000E+00   0.000000E+00
  -2.005000E+00  -1.000000E+00   4.201155E-01   1.784598E-06   0.000000E+00   0.000000E+00
  -2.665000E+00  -9.954768E-01   4.204212E-01   1.810155E-06   0.000000E+00   0.000000E+00
     73  9.60000000E+03     NSTEP   TIME
 SURFACE NODE =   441  X =   1.0000E+01  Y =   0.0000E+00
              Z  PRESSURE HEAD             SW           CKRW        QTRANIE
   3.350000E-01  -5.614023E-01   4.644439E-01   1.086445E-05   6.487911E-11   0.000000E+00
   3.290000E-01  -5.575076E-01   4.650498E-01   1.110290E-05   1.923664E-10   0.000000E+00
   3.170000E-01  -5.566364E-01   4.651862E-01   1.115718E-05   3.131402E-10   0.000000E+00
   2.990000E-01  -5.725530E-01   4.627419E-01   1.021799E-05   4.230500E-10   0.000000E+00
   2.750000E-01  -6.390581E-01   4.534948E-01   7.250615E-06   5.184149E-10   0.000000E+00
   2.450000E-01  -8.692476E-01   4.298580E-01   2.769002E-06   5.419776E-10   0.000000E+00
   2.150000E-01  -1.281197E+00   4.043169E-01   8.199291E-07   7.641361E-10   0.000000E+00
   1.550000E-01  -1.417695E+00   3.983533E-01   5.965787E-07   8.970910E-10   0.000000E+00
   9.500000E-02  -1.293055E+00   4.037628E-01   7.965466E-07   1.375312E-09   0.000000E+00
  -5.500000E-02  -1.237775E+00   4.064111E-01   9.136931E-07   1.372332E-09   0.000000E+00
  -2.050000E-01  -1.127041E+00   4.122705E-01   1.226246E-06   1.357341E-09   0.000000E+00
  -5.050000E-01  -1.039675E+00   4.175169E-01   1.579561E-06   5.132932E-10   0.000000E+00
  -8.050000E-01  -1.000024E+00   4.201139E-01   1.784465E-06   0.000000E+00   0.000000E+00
  -1.405000E+00  -1.000000E+00   4.201155E-01   1.784599E-06   0.000000E+00   0.000000E+00
  -2.005000E+00  -1.000000E+00   4.201155E-01   1.784598E-06   0.000000E+00   0.000000E+00
  -2.665000E+00  -9.954768E-01   4.204212E-01   1.810155E-06   0.000000E+00   0.000000E+00
