1	0	INDP	IPOND
-6.206e+00
-5.381e+00
-5.372e+00
-5.372e+00
-5.372e+00
-5.372e+00
-5.372e+00
-5.372e+00
-5.372e+00
-5.372e+00
-5.372e+00
-5.372e+00
-5.372e+00
-5.372e+00
-5.372e+00
-5.372e+00
-5.372e+00
-5.372e+00
-5.372e+00
-5.308e+00
-4.343e+00
-5.381e+00
-4.346e+00
-4.343e+00
-4.343e+00
-4.343e+00
-4.343e+00
-4.343e+00
-4.343e+00
-4.343e+00
-4.343e+00
-4.343e+00
-4.343e+00
-4.343e+00
-4.343e+00
-4.343e+00
-4.343e+00
-4.343e+00
-4.343e+00
-4.343e+00
-4.343e+00
-3.752e+00
-5.372e+00
-4.343e+00
-4.341e+00
-4.341e+00
-4.341e+00
-4.341e+00
-4.341e+00
-4.341e+00
-4.341e+00
-4.341e+00
-4.341e+00
-4.341e+00
-4.341e+00
-4.341e+00
-4.341e+00
-4.341e+00
-4.341e+00
-4.341e+00
-4.341e+00
-4.341e+00
-3.758e+00
-5.372e+00
-4.343e+00
-4.341e+00
-4.341e+00
-4.341e+00
-4.341e+00
-4.341e+00
-4.341e+00
-4.341e+00
-4.341e+00
-4.341e+00
-4.341e+00
-4.341e+00
-4.341e+00
-4.341e+00
-4.341e+00
-4.341e+00
-4.341e+00
-4.341e+00
-4.341e+00
-3.758e+00
-5.372e+00
-4.343e+00
-4.341e+00
-4.341e+00
-4.341e+00
-4.341e+00
-4.341e+00
-4.341e+00
-4.341e+00
-4.341e+00
-4.341e+00
-4.341e+00
-4.341e+00
-4.341e+00
-4.341e+00
-4.341e+00
-4.341e+00
-4.341e+00
-4.341e+00
-4.341e+00
-3.758e+00
-5.372e+00
-4.343e+00
-4.341e+00
-4.341e+00
-4.341e+00
-4.341e+00
-4.341e+00
-4.341e+00
-4.341e+00
-4.341e+00
-4.341e+00
-4.341e+00
-4.341e+00
-4.341e+00
-4.341e+00
-4.341e+00
-4.341e+00
-4.341e+00
-4.341e+00
-4.341e+00
-3.758e+00
-5.372e+00
-4.343e+00
-4.341e+00
-4.341e+00
-4.341e+00
-4.341e+00
-4.341e+00
-4.341e+00
-4.341e+00
-4.341e+00
-4.341e+00
-4.341e+00
-4.341e+00
-4.341e+00
-4.341e+00
-4.341e+00
-4.341e+00
-4.341e+00
-4.341e+00
-4.341e+00
-3.758e+00
-5.372e+00
-4.343e+00
-4.341e+00
-4.341e+00
-4.341e+00
-4.341e+00
-4.341e+00
-4.341e+00
-4.341e+00
-4.341e+00
-4.341e+00
-4.341e+00
-4.341e+00
-4.341e+00
-4.341e+00
-4.341e+00
-4.341e+00
-4.341e+00
-4.341e+00
-4.341e+00
-3.758e+00
-5.375e+00
-4.343e+00
-4.341e+00
-4.341e+00
-4.341e+00
-4.341e+00
-4.341e+00
-4.341e+00
-4.341e+00
-4.341e+00
-4.341e+00
-4.341e+00
-4.341e+00
-4.341e+00
-4.341e+00
-4.341e+00
-4.341e+00
-4.341e+00
-4.341e+00
-4.341e+00
-3.758e+00
-5.561e+00
-4.364e+00
-4.364e+00
-4.364e+00
-4.364e+00
-4.364e+00
-4.364e+00
-4.364e+00
-4.364e+00
-4.364e+00
-4.364e+00
-4.364e+00
-4.364e+00
-4.364e+00
-4.364e+00
-4.364e+00
-4.364e+00
-4.364e+00
-4.364e+00
-4.363e+00
-3.761e+00
-1.943e+02
-1.815e+02
-1.796e+02
-1.796e+02
-1.796e+02
-1.796e+02
-1.796e+02
-1.796e+02
-1.796e+02
-1.796e+02
-1.796e+02
-1.796e+02
-1.796e+02
-1.796e+02
-1.796e+02
-1.796e+02
-1.796e+02
-1.796e+02
-1.796e+02
-1.796e+02
-1.658e+02
-1.999e+02
-1.996e+02
-1.996e+02
-1.996e+02
-1.996e+02
-1.996e+02
-1.996e+02
-1.996e+02
-1.996e+02
-1.996e+02
-1.996e+02
-1.996e+02
-1.996e+02
-1.996e+02
-1.996e+02
-1.996e+02
-1.996e+02
-1.996e+02
-1.996e+02
-1.996e+02
-1.988e+02
-1.999e+02
-1.996e+02
-1.996e+02
-1.996e+02
-1.996e+02
-1.996e+02
-1.996e+02
-1.996e+02
-1.996e+02
-1.996e+02
-1.996e+02
-1.996e+02
-1.996e+02
-1.996e+02
-1.996e+02
-1.996e+02
-1.996e+02
-1.996e+02
-1.996e+02
-1.996e+02
-1.988e+02
-1.999e+02
-1.996e+02
-1.996e+02
-1.996e+02
-1.996e+02
-1.996e+02
-1.996e+02
-1.996e+02
-1.996e+02
-1.996e+02
-1.996e+02
-1.996e+02
-1.996e+02
-1.996e+02
-1.996e+02
-1.996e+02
-1.996e+02
-1.996e+02
-1.996e+02
-1.996e+02
-1.988e+02
-1.999e+02
-1.996e+02
-1.996e+02
-1.996e+02
-1.996e+02
-1.996e+02
-1.996e+02
-1.996e+02
-1.996e+02
-1.996e+02
-1.996e+02
-1.996e+02
-1.996e+02
-1.996e+02
-1.996e+02
-1.996e+02
-1.996e+02
-1.996e+02
-1.996e+02
-1.996e+02
-1.988e+02
-1.999e+02
-1.996e+02
-1.996e+02
-1.996e+02
-1.996e+02
-1.996e+02
-1.996e+02
-1.996e+02
-1.996e+02
-1.996e+02
-1.996e+02
-1.996e+02
-1.996e+02
-1.996e+02
-1.996e+02
-1.996e+02
-1.996e+02
-1.996e+02
-1.996e+02
-1.996e+02
-1.988e+02
-1.999e+02
-1.996e+02
-1.996e+02
-1.996e+02
-1.996e+02
-1.996e+02
-1.996e+02
-1.996e+02
-1.996e+02
-1.996e+02
-1.996e+02
-1.996e+02
-1.996e+02
-1.996e+02
-1.996e+02
-1.996e+02
-1.996e+02
-1.996e+02
-1.996e+02
-1.996e+02
-1.988e+02
-1.999e+02
-1.996e+02
-1.996e+02
-1.996e+02
-1.996e+02
-1.996e+02
-1.996e+02
-1.996e+02
-1.996e+02
-1.996e+02
-1.996e+02
-1.996e+02
-1.996e+02
-1.996e+02
-1.996e+02
-1.996e+02
-1.996e+02
-1.996e+02
-1.996e+02
-1.996e+02
-1.988e+02
-1.999e+02
-1.996e+02
-1.996e+02
-1.996e+02
-1.996e+02
-1.996e+02
-1.996e+02
-1.996e+02
-1.996e+02
-1.996e+02
-1.996e+02
-1.996e+02
-1.996e+02
-1.996e+02
-1.996e+02
-1.996e+02
-1.996e+02
-1.996e+02
-1.996e+02
-1.996e+02
-1.988e+02
-1.999e+02
-1.996e+02
-1.996e+02
-1.996e+02
-1.996e+02
-1.996e+02
-1.996e+02
-1.996e+02
-1.996e+02
-1.996e+02
-1.996e+02
-1.996e+02
-1.996e+02
-1.996e+02
-1.996e+02
-1.996e+02
-1.996e+02
-1.996e+02
-1.996e+02
-1.996e+02
-1.988e+02
-1.996e+02
-1.988e+02
-1.988e+02
-1.988e+02
-1.988e+02
-1.988e+02
-1.988e+02
-1.988e+02
-1.988e+02
-1.988e+02
-1.988e+02
-1.988e+02
-1.988e+02
-1.988e+02
-1.988e+02
-1.988e+02
-1.988e+02
-1.988e+02
-1.988e+02
-1.988e+02
-1.955e+02
-5.645e+00
-5.049e+00
-5.049e+00
-5.049e+00
-5.049e+00
-5.049e+00
-5.049e+00
-5.049e+00
-5.049e+00
-5.049e+00
-5.049e+00
-5.049e+00
-5.049e+00
-5.049e+00
-5.049e+00
-5.049e+00
-5.049e+00
-5.049e+00
-5.049e+00
-5.051e+00
-4.311e+00
-5.049e+00
-4.312e+00
-4.310e+00
-4.310e+00
-4.310e+00
-4.310e+00
-4.310e+00
-4.310e+00
-4.310e+00
-4.310e+00
-4.310e+00
-4.310e+00
-4.310e+00
-4.310e+00
-4.310e+00
-4.310e+00
-4.310e+00
-4.310e+00
-4.310e+00
-4.311e+00
-3.862e+00
-5.049e+00
-4.310e+00
-4.309e+00
-4.309e+00
-4.309e+00
-4.309e+00
-4.309e+00
-4.309e+00
-4.309e+00
-4.309e+00
-4.309e+00
-4.309e+00
-4.309e+00
-4.309e+00
-4.309e+00
-4.309e+00
-4.309e+00
-4.309e+00
-4.309e+00
-4.311e+00
-3.860e+00
-5.049e+00
-4.310e+00
-4.309e+00
-4.309e+00
-4.309e+00
-4.309e+00
-4.309e+00
-4.309e+00
-4.309e+00
-4.309e+00
-4.309e+00
-4.309e+00
-4.309e+00
-4.309e+00
-4.309e+00
-4.309e+00
-4.309e+00
-4.309e+00
-4.309e+00
-4.311e+00
-3.860e+00
-5.049e+00
-4.310e+00
-4.309e+00
-4.309e+00
-4.309e+00
-4.309e+00
-4.309e+00
-4.309e+00
-4.309e+00
-4.309e+00
-4.309e+00
-4.309e+00
-4.309e+00
-4.309e+00
-4.309e+00
-4.309e+00
-4.309e+00
-4.309e+00
-4.309e+00
-4.311e+00
-3.860e+00
-5.049e+00
-4.310e+00
-4.309e+00
-4.309e+00
-4.309e+00
-4.309e+00
-4.309e+00
-4.309e+00
-4.309e+00
-4.309e+00
-4.309e+00
-4.309e+00
-4.309e+00
-4.309e+00
-4.309e+00
-4.309e+00
-4.309e+00
-4.309e+00
-4.309e+00
-4.311e+00
-3.860e+00
-5.049e+00
-4.310e+00
-4.309e+00
-4.309e+00
-4.309e+00
-4.309e+00
-4.309e+00
-4.309e+00
-4.309e+00
-4.309e+00
-4.309e+00
-4.309e+00
-4.309e+00
-4.309e+00
-4.309e+00
-4.309e+00
-4.309e+00
-4.309e+00
-4.309e+00
-4.311e+00
-3.860e+00
-5.049e+00
-4.310e+00
-4.309e+00
-4.309e+00
-4.309e+00
-4.309e+00
-4.309e+00
-4.309e+00
-4.309e+00
-4.309e+00
-4.309e+00
-4.309e+00
-4.309e+00
-4.309e+00
-4.309e+00
-4.309e+00
-4.309e+00
-4.309e+00
-4.309e+00
-4.311e+00
-3.860e+00
-5.049e+00
-4.310e+00
-4.309e+00
-4.309e+00
-4.309e+00
-4.309e+00
-4.309e+00
-4.309e+00
-4.309e+00
-4.309e+00
-4.309e+00
-4.309e+00
-4.309e+00
-4.309e+00
-4.309e+00
-4.309e+00
-4.309e+00
-4.309e+00
-4.309e+00
-4.311e+00
-3.860e+00
-5.069e+00
-4.327e+00
-4.327e+00
-4.327e+00
-4.327e+00
-4.327e+00
-4.327e+00
-4.327e+00
-4.327e+00
-4.327e+00
-4.327e+00
-4.327e+00
-4.327e+00
-4.327e+00
-4.327e+00
-4.327e+00
-4.327e+00
-4.327e+00
-4.327e+00
-4.327e+00
-3.874e+00
-1.933e+02
-1.798e+02
-1.781e+02
-1.781e+02
-1.781e+02
-1.781e+02
-1.781e+02
-1.781e+02
-1.781e+02
-1.781e+02
-1.781e+02
-1.781e+02
-1.781e+02
-1.781e+02
-1.781e+02
-1.781e+02
-1.781e+02
-1.781e+02
-1.781e+02
-1.781e+02
-1.641e+02
-1.997e+02
-1.995e+02
-1.995e+02
-1.995e+02
-1.995e+02
-1.995e+02
-1.995e+02
-1.995e+02
-1.995e+02
-1.995e+02
-1.995e+02
-1.995e+02
-1.995e+02
-1.995e+02
-1.995e+02
-1.995e+02
-1.995e+02
-1.995e+02
-1.995e+02
-1.995e+02
-1.993e+02
-1.997e+02
-1.995e+02
-1.995e+02
-1.995e+02
-1.995e+02
-1.995e+02
-1.995e+02
-1.995e+02
-1.995e+02
-1.995e+02
-1.995e+02
-1.995e+02
-1.995e+02
-1.995e+02
-1.995e+02
-1.995e+02
-1.995e+02
-1.995e+02
-1.995e+02
-1.995e+02
-1.993e+02
-1.997e+02
-1.995e+02
-1.995e+02
-1.995e+02
-1.995e+02
-1.995e+02
-1.995e+02
-1.995e+02
-1.995e+02
-1.995e+02
-1.995e+02
-1.995e+02
-1.995e+02
-1.995e+02
-1.995e+02
-1.995e+02
-1.995e+02
-1.995e+02
-1.995e+02
-1.995e+02
-1.993e+02
-1.997e+02
-1.995e+02
-1.995e+02
-1.995e+02
-1.995e+02
-1.995e+02
-1.995e+02
-1.995e+02
-1.995e+02
-1.995e+02
-1.995e+02
-1.995e+02
-1.995e+02
-1.995e+02
-1.995e+02
-1.995e+02
-1.995e+02
-1.995e+02
-1.995e+02
-1.995e+02
-1.993e+02
-1.997e+02
-1.995e+02
-1.995e+02
-1.995e+02
-1.995e+02
-1.995e+02
-1.995e+02
-1.995e+02
-1.995e+02
-1.995e+02
-1.995e+02
-1.995e+02
-1.995e+02
-1.995e+02
-1.995e+02
-1.995e+02
-1.995e+02
-1.995e+02
-1.995e+02
-1.995e+02
-1.993e+02
-1.997e+02
-1.995e+02
-1.995e+02
-1.995e+02
-1.995e+02
-1.995e+02
-1.995e+02
-1.995e+02
-1.995e+02
-1.995e+02
-1.995e+02
-1.995e+02
-1.995e+02
-1.995e+02
-1.995e+02
-1.995e+02
-1.995e+02
-1.995e+02
-1.995e+02
-1.995e+02
-1.993e+02
-1.997e+02
-1.995e+02
-1.995e+02
-1.995e+02
-1.995e+02
-1.995e+02
-1.995e+02
-1.995e+02
-1.995e+02
-1.995e+02
-1.995e+02
-1.995e+02
-1.995e+02
-1.995e+02
-1.995e+02
-1.995e+02
-1.995e+02
-1.995e+02
-1.995e+02
-1.995e+02
-1.993e+02
-1.997e+02
-1.995e+02
-1.995e+02
-1.995e+02
-1.995e+02
-1.995e+02
-1.995e+02
-1.995e+02
-1.995e+02
-1.995e+02
-1.995e+02
-1.995e+02
-1.995e+02
-1.995e+02
-1.995e+02
-1.995e+02
-1.995e+02
-1.995e+02
-1.995e+02
-1.995e+02
-1.993e+02
-1.997e+02
-1.995e+02
-1.995e+02
-1.995e+02
-1.995e+02
-1.995e+02
-1.995e+02
-1.995e+02
-1.995e+02
-1.995e+02
-1.995e+02
-1.995e+02
-1.995e+02
-1.995e+02
-1.995e+02
-1.995e+02
-1.995e+02
-1.995e+02
-1.995e+02
-1.995e+02
-1.993e+02
-1.995e+02
-1.993e+02
-1.993e+02
-1.993e+02
-1.993e+02
-1.993e+02
-1.993e+02
-1.993e+02
-1.993e+02
-1.993e+02
-1.993e+02
-1.993e+02
-1.993e+02
-1.993e+02
-1.993e+02
-1.993e+02
-1.993e+02
-1.993e+02
-1.993e+02
-1.993e+02
-1.991e+02
-4.692e+00
-4.489e+00
-4.489e+00
-4.489e+00
-4.489e+00
-4.489e+00
-4.489e+00
-4.489e+00
-4.489e+00
-4.489e+00
-4.489e+00
-4.489e+00
-4.489e+00
-4.489e+00
-4.489e+00
-4.489e+00
-4.489e+00
-4.489e+00
-4.489e+00
-4.493e+00
-4.165e+00
-4.489e+00
-4.166e+00
-4.166e+00
-4.166e+00
-4.166e+00
-4.166e+00
-4.166e+00
-4.166e+00
-4.166e+00
-4.166e+00
-4.166e+00
-4.166e+00
-4.166e+00
-4.166e+00
-4.166e+00
-4.166e+00
-4.166e+00
-4.166e+00
-4.166e+00
-4.165e+00
-3.913e+00
-4.489e+00
-4.166e+00
-4.166e+00
-4.166e+00
-4.166e+00
-4.166e+00
-4.166e+00
-4.166e+00
-4.166e+00
-4.166e+00
-4.166e+00
-4.166e+00
-4.166e+00
-4.166e+00
-4.166e+00
-4.166e+00
-4.166e+00
-4.166e+00
-4.166e+00
-4.165e+00
-3.912e+00
-4.489e+00
-4.166e+00
-4.166e+00
-4.166e+00
-4.166e+00
-4.166e+00
-4.166e+00
-4.166e+00
-4.166e+00
-4.166e+00
-4.166e+00
-4.166e+00
-4.166e+00
-4.166e+00
-4.166e+00
-4.166e+00
-4.166e+00
-4.166e+00
-4.166e+00
-4.165e+00
-3.912e+00
-4.489e+00
-4.166e+00
-4.166e+00
-4.166e+00
-4.166e+00
-4.166e+00
-4.166e+00
-4.166e+00
-4.166e+00
-4.166e+00
-4.166e+00
-4.166e+00
-4.166e+00
-4.166e+00
-4.166e+00
-4.166e+00
-4.166e+00
-4.166e+00
-4.166e+00
-4.165e+00
-3.912e+00
-4.489e+00
-4.166e+00
-4.166e+00
-4.166e+00
-4.166e+00
-4.166e+00
-4.166e+00
-4.166e+00
-4.166e+00
-4.166e+00
-4.166e+00
-4.166e+00
-4.166e+00
-4.166e+00
-4.166e+00
-4.166e+00
-4.166e+00
-4.166e+00
-4.166e+00
-4.165e+00
-3.912e+00
-4.489e+00
-4.166e+00
-4.166e+00
-4.166e+00
-4.166e+00
-4.166e+00
-4.166e+00
-4.166e+00
-4.166e+00
-4.166e+00
-4.166e+00
-4.166e+00
-4.166e+00
-4.166e+00
-4.166e+00
-4.166e+00
-4.166e+00
-4.166e+00
-4.166e+00
-4.165e+00
-3.912e+00
-4.489e+00
-4.166e+00
-4.166e+00
-4.166e+00
-4.166e+00
-4.166e+00
-4.166e+00
-4.166e+00
-4.166e+00
-4.166e+00
-4.166e+00
-4.166e+00
-4.166e+00
-4.166e+00
-4.166e+00
-4.166e+00
-4.166e+00
-4.166e+00
-4.166e+00
-4.165e+00
-3.912e+00
-4.489e+00
-4.166e+00
-4.166e+00
-4.166e+00
-4.166e+00
-4.166e+00
-4.166e+00
-4.166e+00
-4.166e+00
-4.166e+00
-4.166e+00
-4.166e+00
-4.166e+00
-4.166e+00
-4.166e+00
-4.166e+00
-4.166e+00
-4.166e+00
-4.166e+00
-4.165e+00
-3.912e+00
-4.477e+00
-4.171e+00
-4.171e+00
-4.171e+00
-4.171e+00
-4.171e+00
-4.171e+00
-4.171e+00
-4.171e+00
-4.171e+00
-4.171e+00
-4.171e+00
-4.171e+00
-4.171e+00
-4.171e+00
-4.171e+00
-4.171e+00
-4.171e+00
-4.171e+00
-4.172e+00
-3.922e+00
-1.854e+02
-1.688e+02
-1.675e+02
-1.675e+02
-1.675e+02
-1.675e+02
-1.675e+02
-1.675e+02
-1.675e+02
-1.675e+02
-1.675e+02
-1.675e+02
-1.675e+02
-1.675e+02
-1.675e+02
-1.675e+02
-1.675e+02
-1.675e+02
-1.675e+02
-1.675e+02
-1.529e+02
-1.994e+02
-1.993e+02
-1.992e+02
-1.992e+02
-1.992e+02
-1.992e+02
-1.992e+02
-1.992e+02
-1.992e+02
-1.992e+02
-1.992e+02
-1.992e+02
-1.992e+02
-1.992e+02
-1.992e+02
-1.992e+02
-1.992e+02
-1.992e+02
-1.992e+02
-1.992e+02
-1.989e+02
-1.994e+02
-1.992e+02
-1.992e+02
-1.992e+02
-1.992e+02
-1.992e+02
-1.992e+02
-1.992e+02
-1.992e+02
-1.992e+02
-1.992e+02
-1.992e+02
-1.992e+02
-1.992e+02
-1.992e+02
-1.992e+02
-1.992e+02
-1.992e+02
-1.992e+02
-1.992e+02
-1.989e+02
-1.994e+02
-1.992e+02
-1.992e+02
-1.992e+02
-1.992e+02
-1.992e+02
-1.992e+02
-1.992e+02
-1.992e+02
-1.992e+02
-1.992e+02
-1.992e+02
-1.992e+02
-1.992e+02
-1.992e+02
-1.992e+02
-1.992e+02
-1.992e+02
-1.992e+02
-1.992e+02
-1.989e+02
-1.994e+02
-1.992e+02
-1.992e+02
-1.992e+02
-1.992e+02
-1.992e+02
-1.992e+02
-1.992e+02
-1.992e+02
-1.992e+02
-1.992e+02
-1.992e+02
-1.992e+02
-1.992e+02
-1.992e+02
-1.992e+02
-1.992e+02
-1.992e+02
-1.992e+02
-1.992e+02
-1.989e+02
-1.994e+02
-1.992e+02
-1.992e+02
-1.992e+02
-1.992e+02
-1.992e+02
-1.992e+02
-1.992e+02
-1.992e+02
-1.992e+02
-1.992e+02
-1.992e+02
-1.992e+02
-1.992e+02
-1.992e+02
-1.992e+02
-1.992e+02
-1.992e+02
-1.992e+02
-1.992e+02
-1.989e+02
-1.994e+02
-1.992e+02
-1.992e+02
-1.992e+02
-1.992e+02
-1.992e+02
-1.992e+02
-1.992e+02
-1.992e+02
-1.992e+02
-1.992e+02
-1.992e+02
-1.992e+02
-1.992e+02
-1.992e+02
-1.992e+02
-1.992e+02
-1.992e+02
-1.992e+02
-1.992e+02
-1.989e+02
-1.994e+02
-1.992e+02
-1.992e+02
-1.992e+02
-1.992e+02
-1.992e+02
-1.992e+02
-1.992e+02
-1.992e+02
-1.992e+02
-1.992e+02
-1.992e+02
-1.992e+02
-1.992e+02
-1.992e+02
-1.992e+02
-1.992e+02
-1.992e+02
-1.992e+02
-1.992e+02
-1.989e+02
-1.994e+02
-1.992e+02
-1.992e+02
-1.992e+02
-1.992e+02
-1.992e+02
-1.992e+02
-1.992e+02
-1.992e+02
-1.992e+02
-1.992e+02
-1.992e+02
-1.992e+02
-1.992e+02
-1.992e+02
-1.992e+02
-1.992e+02
-1.992e+02
-1.992e+02
-1.992e+02
-1.989e+02
-1.994e+02
-1.992e+02
-1.992e+02
-1.992e+02
-1.992e+02
-1.992e+02
-1.992e+02
-1.992e+02
-1.992e+02
-1.992e+02
-1.992e+02
-1.992e+02
-1.992e+02
-1.992e+02
-1.992e+02
-1.992e+02
-1.992e+02
-1.992e+02
-1.992e+02
-1.992e+02
-1.989e+02
-1.992e+02
-1.989e+02
-1.989e+02
-1.989e+02
-1.989e+02
-1.989e+02
-1.989e+02
-1.989e+02
-1.989e+02
-1.989e+02
-1.989e+02
-1.989e+02
-1.989e+02
-1.989e+02
-1.989e+02
-1.989e+02
-1.989e+02
-1.989e+02
-1.989e+02
-1.989e+02
-1.985e+02
-4.230e+00
-4.130e+00
-4.130e+00
-4.130e+00
-4.130e+00
-4.130e+00
-4.130e+00
-4.130e+00
-4.130e+00
-4.130e+00
-4.130e+00
-4.130e+00
-4.130e+00
-4.130e+00
-4.130e+00
-4.130e+00
-4.130e+00
-4.130e+00
-4.130e+00
-4.131e+00
-3.957e+00
-4.130e+00
-3.957e+00
-3.957e+00
-3.957e+00
-3.957e+00
-3.957e+00
-3.957e+00
-3.957e+00
-3.957e+00
-3.957e+00
-3.957e+00
-3.957e+00
-3.957e+00
-3.957e+00
-3.957e+00
-3.957e+00
-3.957e+00
-3.957e+00
-3.957e+00
-3.957e+00
-3.807e+00
-4.130e+00
-3.957e+00
-3.957e+00
-3.957e+00
-3.957e+00
-3.957e+00
-3.957e+00
-3.957e+00
-3.957e+00
-3.957e+00
-3.957e+00
-3.957e+00
-3.957e+00
-3.957e+00
-3.957e+00
-3.957e+00
-3.957e+00
-3.957e+00
-3.957e+00
-3.957e+00
-3.807e+00
-4.130e+00
-3.957e+00
-3.957e+00
-3.957e+00
-3.957e+00
-3.957e+00
-3.957e+00
-3.957e+00
-3.957e+00
-3.957e+00
-3.957e+00
-3.957e+00
-3.957e+00
-3.957e+00
-3.957e+00
-3.957e+00
-3.957e+00
-3.957e+00
-3.957e+00
-3.957e+00
-3.807e+00
-4.130e+00
-3.957e+00
-3.957e+00
-3.957e+00
-3.957e+00
-3.957e+00
-3.957e+00
-3.957e+00
-3.957e+00
-3.957e+00
-3.957e+00
-3.957e+00
-3.957e+00
-3.957e+00
-3.957e+00
-3.957e+00
-3.957e+00
-3.957e+00
-3.957e+00
-3.957e+00
-3.807e+00
-4.130e+00
-3.957e+00
-3.957e+00
-3.957e+00
-3.957e+00
-3.957e+00
-3.957e+00
-3.957e+00
-3.957e+00
-3.957e+00
-3.957e+00
-3.957e+00
-3.957e+00
-3.957e+00
-3.957e+00
-3.957e+00
-3.957e+00
-3.957e+00
-3.957e+00
-3.957e+00
-3.807e+00
-4.130e+00
-3.957e+00
-3.957e+00
-3.957e+00
-3.957e+00
-3.957e+00
-3.957e+00
-3.957e+00
-3.957e+00
-3.957e+00
-3.957e+00
-3.957e+00
-3.957e+00
-3.957e+00
-3.957e+00
-3.957e+00
-3.957e+00
-3.957e+00
-3.957e+00
-3.957e+00
-3.807e+00
-4.130e+00
-3.957e+00
-3.957e+00
-3.957e+00
-3.957e+00
-3.957e+00
-3.957e+00
-3.957e+00
-3.957e+00
-3.957e+00
-3.957e+00
-3.957e+00
-3.957e+00
-3.957e+00
-3.957e+00
-3.957e+00
-3.957e+00
-3.957e+00
-3.957e+00
-3.957e+00
-3.807e+00
-4.130e+00
-3.957e+00
-3.957e+00
-3.957e+00
-3.957e+00
-3.957e+00
-3.957e+00
-3.957e+00
-3.957e+00
-3.957e+00
-3.957e+00
-3.957e+00
-3.957e+00
-3.957e+00
-3.957e+00
-3.957e+00
-3.957e+00
-3.957e+00
-3.957e+00
-3.957e+00
-3.807e+00
-4.133e+00
-3.962e+00
-3.962e+00
-3.962e+00
-3.962e+00
-3.962e+00
-3.962e+00
-3.962e+00
-3.962e+00
-3.962e+00
-3.962e+00
-3.962e+00
-3.962e+00
-3.962e+00
-3.962e+00
-3.962e+00
-3.962e+00
-3.962e+00
-3.962e+00
-3.962e+00
-3.816e+00
-1.555e+02
-1.354e+02
-1.347e+02
-1.347e+02
-1.347e+02
-1.347e+02
-1.347e+02
-1.347e+02
-1.347e+02
-1.347e+02
-1.347e+02
-1.347e+02
-1.347e+02
-1.347e+02
-1.347e+02
-1.347e+02
-1.347e+02
-1.347e+02
-1.347e+02
-1.347e+02
-1.205e+02
-1.956e+02
-1.902e+02
-1.902e+02
-1.902e+02
-1.902e+02
-1.902e+02
-1.902e+02
-1.902e+02
-1.902e+02
-1.902e+02
-1.902e+02
-1.902e+02
-1.902e+02
-1.902e+02
-1.902e+02
-1.902e+02
-1.902e+02
-1.902e+02
-1.902e+02
-1.902e+02
-1.800e+02
-1.955e+02
-1.902e+02
-1.902e+02
-1.902e+02
-1.902e+02
-1.902e+02
-1.902e+02
-1.902e+02
-1.902e+02
-1.902e+02
-1.902e+02
-1.902e+02
-1.902e+02
-1.902e+02
-1.902e+02
-1.902e+02
-1.902e+02
-1.902e+02
-1.902e+02
-1.902e+02
-1.799e+02
-1.955e+02
-1.902e+02
-1.902e+02
-1.902e+02
-1.902e+02
-1.902e+02
-1.902e+02
-1.902e+02
-1.902e+02
-1.902e+02
-1.902e+02
-1.902e+02
-1.902e+02
-1.902e+02
-1.902e+02
-1.902e+02
-1.902e+02
-1.902e+02
-1.902e+02
-1.902e+02
-1.799e+02
-1.955e+02
-1.902e+02
-1.902e+02
-1.902e+02
-1.902e+02
-1.902e+02
-1.902e+02
-1.902e+02
-1.902e+02
-1.902e+02
-1.902e+02
-1.902e+02
-1.902e+02
-1.902e+02
-1.902e+02
-1.902e+02
-1.902e+02
-1.902e+02
-1.902e+02
-1.902e+02
-1.799e+02
-1.955e+02
-1.902e+02
-1.902e+02
-1.902e+02
-1.902e+02
-1.902e+02
-1.902e+02
-1.902e+02
-1.902e+02
-1.902e+02
-1.902e+02
-1.902e+02
-1.902e+02
-1.902e+02
-1.902e+02
-1.902e+02
-1.902e+02
-1.902e+02
-1.902e+02
-1.902e+02
-1.799e+02
-1.955e+02
-1.902e+02
-1.902e+02
-1.902e+02
-1.902e+02
-1.902e+02
-1.902e+02
-1.902e+02
-1.902e+02
-1.902e+02
-1.902e+02
-1.902e+02
-1.902e+02
-1.902e+02
-1.902e+02
-1.902e+02
-1.902e+02
-1.902e+02
-1.902e+02
-1.902e+02
-1.799e+02
-1.955e+02
-1.902e+02
-1.902e+02
-1.902e+02
-1.902e+02
-1.902e+02
-1.902e+02
-1.902e+02
-1.902e+02
-1.902e+02
-1.902e+02
-1.902e+02
-1.902e+02
-1.902e+02
-1.902e+02
-1.902e+02
-1.902e+02
-1.902e+02
-1.902e+02
-1.902e+02
-1.799e+02
-1.955e+02
-1.902e+02
-1.902e+02
-1.902e+02
-1.902e+02
-1.902e+02
-1.902e+02
-1.902e+02
-1.902e+02
-1.902e+02
-1.902e+02
-1.902e+02
-1.902e+02
-1.902e+02
-1.902e+02
-1.902e+02
-1.902e+02
-1.902e+02
-1.902e+02
-1.902e+02
-1.799e+02
-1.955e+02
-1.902e+02
-1.902e+02
-1.902e+02
-1.902e+02
-1.902e+02
-1.902e+02
-1.902e+02
-1.902e+02
-1.902e+02
-1.902e+02
-1.902e+02
-1.902e+02
-1.902e+02
-1.902e+02
-1.902e+02
-1.902e+02
-1.902e+02
-1.902e+02
-1.902e+02
-1.799e+02
-1.902e+02
-1.800e+02
-1.799e+02
-1.799e+02
-1.799e+02
-1.799e+02
-1.799e+02
-1.799e+02
-1.799e+02
-1.799e+02
-1.799e+02
-1.799e+02
-1.799e+02
-1.799e+02
-1.799e+02
-1.799e+02
-1.799e+02
-1.799e+02
-1.799e+02
-1.799e+02
-1.722e+02
-3.910e+00
-3.851e+00
-3.851e+00
-3.851e+00
-3.851e+00
-3.851e+00
-3.851e+00
-3.851e+00
-3.851e+00
-3.851e+00
-3.851e+00
-3.851e+00
-3.851e+00
-3.851e+00
-3.851e+00
-3.851e+00
-3.851e+00
-3.851e+00
-3.851e+00
-3.851e+00
-3.742e+00
-3.851e+00
-3.742e+00
-3.742e+00
-3.742e+00
-3.742e+00
-3.742e+00
-3.742e+00
-3.742e+00
-3.742e+00
-3.742e+00
-3.742e+00
-3.742e+00
-3.742e+00
-3.742e+00
-3.742e+00
-3.742e+00
-3.742e+00
-3.742e+00
-3.742e+00
-3.742e+00
-3.641e+00
-3.851e+00
-3.742e+00
-3.742e+00
-3.742e+00
-3.742e+00
-3.742e+00
-3.742e+00
-3.742e+00
-3.742e+00
-3.742e+00
-3.742e+00
-3.742e+00
-3.742e+00
-3.742e+00
-3.742e+00
-3.742e+00
-3.742e+00
-3.742e+00
-3.742e+00
-3.742e+00
-3.641e+00
-3.851e+00
-3.742e+00
-3.742e+00
-3.742e+00
-3.742e+00
-3.742e+00
-3.742e+00
-3.742e+00
-3.742e+00
-3.742e+00
-3.742e+00
-3.742e+00
-3.742e+00
-3.742e+00
-3.742e+00
-3.742e+00
-3.742e+00
-3.742e+00
-3.742e+00
-3.742e+00
-3.641e+00
-3.851e+00
-3.742e+00
-3.742e+00
-3.742e+00
-3.742e+00
-3.742e+00
-3.742e+00
-3.742e+00
-3.742e+00
-3.742e+00
-3.742e+00
-3.742e+00
-3.742e+00
-3.742e+00
-3.742e+00
-3.742e+00
-3.742e+00
-3.742e+00
-3.742e+00
-3.742e+00
-3.641e+00
-3.851e+00
-3.742e+00
-3.742e+00
-3.742e+00
-3.742e+00
-3.742e+00
-3.742e+00
-3.742e+00
-3.742e+00
-3.742e+00
-3.742e+00
-3.742e+00
-3.742e+00
-3.742e+00
-3.742e+00
-3.742e+00
-3.742e+00
-3.742e+00
-3.742e+00
-3.742e+00
-3.641e+00
-3.851e+00
-3.742e+00
-3.742e+00
-3.742e+00
-3.742e+00
-3.742e+00
-3.742e+00
-3.742e+00
-3.742e+00
-3.742e+00
-3.742e+00
-3.742e+00
-3.742e+00
-3.742e+00
-3.742e+00
-3.742e+00
-3.742e+00
-3.742e+00
-3.742e+00
-3.742e+00
-3.641e+00
-3.851e+00
-3.742e+00
-3.742e+00
-3.742e+00
-3.742e+00
-3.742e+00
-3.742e+00
-3.742e+00
-3.742e+00
-3.742e+00
-3.742e+00
-3.742e+00
-3.742e+00
-3.742e+00
-3.742e+00
-3.742e+00
-3.742e+00
-3.742e+00
-3.742e+00
-3.742e+00
-3.641e+00
-3.851e+00
-3.742e+00
-3.742e+00
-3.742e+00
-3.742e+00
-3.742e+00
-3.742e+00
-3.742e+00
-3.742e+00
-3.742e+00
-3.742e+00
-3.742e+00
-3.742e+00
-3.742e+00
-3.742e+00
-3.742e+00
-3.742e+00
-3.742e+00
-3.742e+00
-3.742e+00
-3.641e+00
-3.852e+00
-3.743e+00
-3.744e+00
-3.744e+00
-3.744e+00
-3.744e+00
-3.744e+00
-3.744e+00
-3.744e+00
-3.744e+00
-3.744e+00
-3.744e+00
-3.744e+00
-3.744e+00
-3.744e+00
-3.744e+00
-3.744e+00
-3.744e+00
-3.744e+00
-3.744e+00
-3.645e+00
-6.409e+01
-5.957e+01
-6.051e+01
-6.051e+01
-6.051e+01
-6.051e+01
-6.051e+01
-6.051e+01
-6.051e+01
-6.051e+01
-6.051e+01
-6.051e+01
-6.051e+01
-6.051e+01
-6.051e+01
-6.051e+01
-6.051e+01
-6.051e+01
-6.051e+01
-6.048e+01
-5.433e+01
-5.153e+01
-4.133e+01
-4.137e+01
-4.137e+01
-4.137e+01
-4.137e+01
-4.137e+01
-4.137e+01
-4.137e+01
-4.137e+01
-4.137e+01
-4.137e+01
-4.137e+01
-4.137e+01
-4.137e+01
-4.137e+01
-4.137e+01
-4.137e+01
-4.137e+01
-4.137e+01
-3.406e+01
-5.151e+01
-4.133e+01
-4.135e+01
-4.135e+01
-4.135e+01
-4.135e+01
-4.135e+01
-4.135e+01
-4.135e+01
-4.135e+01
-4.135e+01
-4.135e+01
-4.135e+01
-4.135e+01
-4.135e+01
-4.135e+01
-4.135e+01
-4.135e+01
-4.135e+01
-4.134e+01
-3.403e+01
-5.151e+01
-4.133e+01
-4.135e+01
-4.135e+01
-4.135e+01
-4.135e+01
-4.135e+01
-4.135e+01
-4.135e+01
-4.135e+01
-4.135e+01
-4.135e+01
-4.135e+01
-4.135e+01
-4.135e+01
-4.135e+01
-4.135e+01
-4.135e+01
-4.135e+01
-4.134e+01
-3.403e+01
-5.151e+01
-4.133e+01
-4.135e+01
-4.135e+01
-4.135e+01
-4.135e+01
-4.135e+01
-4.135e+01
-4.135e+01
-4.135e+01
-4.135e+01
-4.135e+01
-4.135e+01
-4.135e+01
-4.135e+01
-4.135e+01
-4.135e+01
-4.135e+01
-4.135e+01
-4.134e+01
-3.403e+01
-5.151e+01
-4.133e+01
-4.135e+01
-4.135e+01
-4.135e+01
-4.135e+01
-4.135e+01
-4.135e+01
-4.135e+01
-4.135e+01
-4.135e+01
-4.135e+01
-4.135e+01
-4.135e+01
-4.135e+01
-4.135e+01
-4.135e+01
-4.135e+01
-4.135e+01
-4.134e+01
-3.403e+01
-5.151e+01
-4.133e+01
-4.135e+01
-4.135e+01
-4.135e+01
-4.135e+01
-4.135e+01
-4.135e+01
-4.135e+01
-4.135e+01
-4.135e+01
-4.135e+01
-4.135e+01
-4.135e+01
-4.135e+01
-4.135e+01
-4.135e+01
-4.135e+01
-4.135e+01
-4.134e+01
-3.403e+01
-5.151e+01
-4.133e+01
-4.135e+01
-4.135e+01
-4.135e+01
-4.135e+01
-4.135e+01
-4.135e+01
-4.135e+01
-4.135e+01
-4.135e+01
-4.135e+01
-4.135e+01
-4.135e+01
-4.135e+01
-4.135e+01
-4.135e+01
-4.135e+01
-4.135e+01
-4.134e+01
-3.403e+01
-5.151e+01
-4.133e+01
-4.135e+01
-4.135e+01
-4.135e+01
-4.135e+01
-4.135e+01
-4.135e+01
-4.135e+01
-4.135e+01
-4.135e+01
-4.135e+01
-4.135e+01
-4.135e+01
-4.135e+01
-4.135e+01
-4.135e+01
-4.135e+01
-4.135e+01
-4.134e+01
-3.403e+01
-5.150e+01
-4.131e+01
-4.134e+01
-4.134e+01
-4.134e+01
-4.134e+01
-4.134e+01
-4.134e+01
-4.134e+01
-4.134e+01
-4.134e+01
-4.134e+01
-4.134e+01
-4.134e+01
-4.134e+01
-4.134e+01
-4.134e+01
-4.134e+01
-4.134e+01
-4.134e+01
-3.403e+01
-4.131e+01
-3.402e+01
-3.403e+01
-3.403e+01
-3.403e+01
-3.403e+01
-3.403e+01
-3.403e+01
-3.403e+01
-3.403e+01
-3.403e+01
-3.403e+01
-3.403e+01
-3.403e+01
-3.403e+01
-3.403e+01
-3.403e+01
-3.403e+01
-3.403e+01
-3.403e+01
-3.114e+01
-3.525e+00
-3.517e+00
-3.517e+00
-3.517e+00
-3.517e+00
-3.517e+00
-3.517e+00
-3.517e+00
-3.517e+00
-3.517e+00
-3.517e+00
-3.517e+00
-3.517e+00
-3.517e+00
-3.517e+00
-3.517e+00
-3.517e+00
-3.517e+00
-3.517e+00
-3.517e+00
-3.504e+00
-3.517e+00
-3.504e+00
-3.504e+00
-3.504e+00
-3.504e+00
-3.504e+00
-3.504e+00
-3.504e+00
-3.504e+00
-3.504e+00
-3.504e+00
-3.504e+00
-3.504e+00
-3.504e+00
-3.504e+00
-3.504e+00
-3.504e+00
-3.504e+00
-3.504e+00
-3.504e+00
-3.487e+00
-3.517e+00
-3.504e+00
-3.504e+00
-3.504e+00
-3.504e+00
-3.504e+00
-3.504e+00
-3.504e+00
-3.504e+00
-3.504e+00
-3.504e+00
-3.504e+00
-3.504e+00
-3.504e+00
-3.504e+00
-3.504e+00
-3.504e+00
-3.504e+00
-3.504e+00
-3.504e+00
-3.487e+00
-3.517e+00
-3.504e+00
-3.504e+00
-3.504e+00
-3.504e+00
-3.504e+00
-3.504e+00
-3.504e+00
-3.504e+00
-3.504e+00
-3.504e+00
-3.504e+00
-3.504e+00
-3.504e+00
-3.504e+00
-3.504e+00
-3.504e+00
-3.504e+00
-3.504e+00
-3.504e+00
-3.487e+00
-3.517e+00
-3.504e+00
-3.504e+00
-3.504e+00
-3.504e+00
-3.504e+00
-3.504e+00
-3.504e+00
-3.504e+00
-3.504e+00
-3.504e+00
-3.504e+00
-3.504e+00
-3.504e+00
-3.504e+00
-3.504e+00
-3.504e+00
-3.504e+00
-3.504e+00
-3.504e+00
-3.487e+00
-3.517e+00
-3.504e+00
-3.504e+00
-3.504e+00
-3.504e+00
-3.504e+00
-3.504e+00
-3.504e+00
-3.504e+00
-3.504e+00
-3.504e+00
-3.504e+00
-3.504e+00
-3.504e+00
-3.504e+00
-3.504e+00
-3.504e+00
-3.504e+00
-3.504e+00
-3.504e+00
-3.487e+00
-3.517e+00
-3.504e+00
-3.504e+00
-3.504e+00
-3.504e+00
-3.504e+00
-3.504e+00
-3.504e+00
-3.504e+00
-3.504e+00
-3.504e+00
-3.504e+00
-3.504e+00
-3.504e+00
-3.504e+00
-3.504e+00
-3.504e+00
-3.504e+00
-3.504e+00
-3.504e+00
-3.487e+00
-3.517e+00
-3.504e+00
-3.504e+00
-3.504e+00
-3.504e+00
-3.504e+00
-3.504e+00
-3.504e+00
-3.504e+00
-3.504e+00
-3.504e+00
-3.504e+00
-3.504e+00
-3.504e+00
-3.504e+00
-3.504e+00
-3.504e+00
-3.504e+00
-3.504e+00
-3.504e+00
-3.487e+00
-3.517e+00
-3.504e+00
-3.504e+00
-3.504e+00
-3.504e+00
-3.504e+00
-3.504e+00
-3.504e+00
-3.504e+00
-3.504e+00
-3.504e+00
-3.504e+00
-3.504e+00
-3.504e+00
-3.504e+00
-3.504e+00
-3.504e+00
-3.504e+00
-3.504e+00
-3.504e+00
-3.487e+00
-3.513e+00
-3.504e+00
-3.504e+00
-3.504e+00
-3.504e+00
-3.504e+00
-3.504e+00
-3.504e+00
-3.504e+00
-3.504e+00
-3.504e+00
-3.504e+00
-3.504e+00
-3.504e+00
-3.504e+00
-3.504e+00
-3.504e+00
-3.504e+00
-3.504e+00
-3.504e+00
-3.487e+00
-8.022e+00
-8.180e+00
-8.176e+00
-8.176e+00
-8.176e+00
-8.176e+00
-8.176e+00
-8.176e+00
-8.176e+00
-8.176e+00
-8.176e+00
-8.176e+00
-8.176e+00
-8.176e+00
-8.176e+00
-8.176e+00
-8.176e+00
-8.176e+00
-8.176e+00
-8.177e+00
-8.226e+00
-7.729e+00
-7.661e+00
-7.647e+00
-7.647e+00
-7.647e+00
-7.647e+00
-7.647e+00
-7.647e+00
-7.647e+00
-7.647e+00
-7.647e+00
-7.647e+00
-7.647e+00
-7.647e+00
-7.647e+00
-7.647e+00
-7.647e+00
-7.647e+00
-7.647e+00
-7.650e+00
-7.552e+00
-7.729e+00
-7.663e+00
-7.650e+00
-7.650e+00
-7.650e+00
-7.650e+00
-7.650e+00
-7.650e+00
-7.650e+00
-7.650e+00
-7.650e+00
-7.650e+00
-7.650e+00
-7.650e+00
-7.650e+00
-7.650e+00
-7.650e+00
-7.650e+00
-7.650e+00
-7.653e+00
-7.556e+00
-7.729e+00
-7.663e+00
-7.650e+00
-7.650e+00
-7.650e+00
-7.650e+00
-7.650e+00
-7.650e+00
-7.650e+00
-7.650e+00
-7.650e+00
-7.650e+00
-7.650e+00
-7.650e+00
-7.650e+00
-7.650e+00
-7.650e+00
-7.650e+00
-7.650e+00
-7.653e+00
-7.556e+00
-7.729e+00
-7.663e+00
-7.650e+00
-7.650e+00
-7.650e+00
-7.650e+00
-7.650e+00
-7.650e+00
-7.650e+00
-7.650e+00
-7.650e+00
-7.650e+00
-7.650e+00
-7.650e+00
-7.650e+00
-7.650e+00
-7.650e+00
-7.650e+00
-7.650e+00
-7.653e+00
-7.556e+00
-7.729e+00
-7.663e+00
-7.650e+00
-7.650e+00
-7.650e+00
-7.650e+00
-7.650e+00
-7.650e+00
-7.650e+00
-7.650e+00
-7.650e+00
-7.650e+00
-7.650e+00
-7.650e+00
-7.650e+00
-7.650e+00
-7.650e+00
-7.650e+00
-7.650e+00
-7.653e+00
-7.556e+00
-7.729e+00
-7.663e+00
-7.650e+00
-7.650e+00
-7.650e+00
-7.650e+00
-7.650e+00
-7.650e+00
-7.650e+00
-7.650e+00
-7.650e+00
-7.650e+00
-7.650e+00
-7.650e+00
-7.650e+00
-7.650e+00
-7.650e+00
-7.650e+00
-7.650e+00
-7.653e+00
-7.556e+00
-7.729e+00
-7.663e+00
-7.650e+00
-7.650e+00
-7.650e+00
-7.650e+00
-7.650e+00
-7.650e+00
-7.650e+00
-7.650e+00
-7.650e+00
-7.650e+00
-7.650e+00
-7.650e+00
-7.650e+00
-7.650e+00
-7.650e+00
-7.650e+00
-7.650e+00
-7.653e+00
-7.556e+00
-7.729e+00
-7.663e+00
-7.650e+00
-7.650e+00
-7.650e+00
-7.650e+00
-7.650e+00
-7.650e+00
-7.650e+00
-7.650e+00
-7.650e+00
-7.650e+00
-7.650e+00
-7.650e+00
-7.650e+00
-7.650e+00
-7.650e+00
-7.650e+00
-7.650e+00
-7.653e+00
-7.556e+00
-7.731e+00
-7.663e+00
-7.653e+00
-7.653e+00
-7.653e+00
-7.653e+00
-7.653e+00
-7.653e+00
-7.653e+00
-7.653e+00
-7.653e+00
-7.653e+00
-7.653e+00
-7.653e+00
-7.653e+00
-7.653e+00
-7.653e+00
-7.653e+00
-7.653e+00
-7.653e+00
-7.556e+00
-7.671e+00
-7.573e+00
-7.556e+00
-7.556e+00
-7.556e+00
-7.556e+00
-7.556e+00
-7.556e+00
-7.556e+00
-7.556e+00
-7.556e+00
-7.556e+00
-7.556e+00
-7.556e+00
-7.556e+00
-7.556e+00
-7.556e+00
-7.556e+00
-7.556e+00
-7.556e+00
-7.496e+00
-3.726e+00
-3.554e+00
-3.554e+00
-3.554e+00
-3.554e+00
-3.554e+00
-3.554e+00
-3.554e+00
-3.554e+00
-3.554e+00
-3.554e+00
-3.554e+00
-3.554e+00
-3.554e+00
-3.554e+00
-3.554e+00
-3.554e+00
-3.554e+00
-3.554e+00
-3.553e+00
-3.288e+00
-3.554e+00
-3.288e+00
-3.288e+00
-3.288e+00
-3.288e+00
-3.288e+00
-3.288e+00
-3.288e+00
-3.288e+00
-3.288e+00
-3.288e+00
-3.288e+00
-3.288e+00
-3.288e+00
-3.288e+00
-3.288e+00
-3.288e+00
-3.288e+00
-3.288e+00
-3.288e+00
-3.097e+00
-3.554e+00
-3.288e+00
-3.288e+00
-3.288e+00
-3.288e+00
-3.288e+00
-3.288e+00
-3.288e+00
-3.288e+00
-3.288e+00
-3.288e+00
-3.288e+00
-3.288e+00
-3.288e+00
-3.288e+00
-3.288e+00
-3.288e+00
-3.288e+00
-3.288e+00
-3.288e+00
-3.098e+00
-3.554e+00
-3.288e+00
-3.288e+00
-3.288e+00
-3.288e+00
-3.288e+00
-3.288e+00
-3.288e+00
-3.288e+00
-3.288e+00
-3.288e+00
-3.288e+00
-3.288e+00
-3.288e+00
-3.288e+00
-3.288e+00
-3.288e+00
-3.288e+00
-3.288e+00
-3.288e+00
-3.098e+00
-3.554e+00
-3.288e+00
-3.288e+00
-3.288e+00
-3.288e+00
-3.288e+00
-3.288e+00
-3.288e+00
-3.288e+00
-3.288e+00
-3.288e+00
-3.288e+00
-3.288e+00
-3.288e+00
-3.288e+00
-3.288e+00
-3.288e+00
-3.288e+00
-3.288e+00
-3.288e+00
-3.098e+00
-3.554e+00
-3.288e+00
-3.288e+00
-3.288e+00
-3.288e+00
-3.288e+00
-3.288e+00
-3.288e+00
-3.288e+00
-3.288e+00
-3.288e+00
-3.288e+00
-3.288e+00
-3.288e+00
-3.288e+00
-3.288e+00
-3.288e+00
-3.288e+00
-3.288e+00
-3.288e+00
-3.098e+00
-3.554e+00
-3.288e+00
-3.288e+00
-3.288e+00
-3.288e+00
-3.288e+00
-3.288e+00
-3.288e+00
-3.288e+00
-3.288e+00
-3.288e+00
-3.288e+00
-3.288e+00
-3.288e+00
-3.288e+00
-3.288e+00
-3.288e+00
-3.288e+00
-3.288e+00
-3.288e+00
-3.098e+00
-3.554e+00
-3.288e+00
-3.288e+00
-3.288e+00
-3.288e+00
-3.288e+00
-3.288e+00
-3.288e+00
-3.288e+00
-3.288e+00
-3.288e+00
-3.288e+00
-3.288e+00
-3.288e+00
-3.288e+00
-3.288e+00
-3.288e+00
-3.288e+00
-3.288e+00
-3.288e+00
-3.098e+00
-3.554e+00
-3.288e+00
-3.288e+00
-3.288e+00
-3.288e+00
-3.288e+00
-3.288e+00
-3.288e+00
-3.288e+00
-3.288e+00
-3.288e+00
-3.288e+00
-3.288e+00
-3.288e+00
-3.288e+00
-3.288e+00
-3.288e+00
-3.288e+00
-3.288e+00
-3.288e+00
-3.098e+00
-3.554e+00
-3.288e+00
-3.288e+00
-3.288e+00
-3.288e+00
-3.288e+00
-3.288e+00
-3.288e+00
-3.288e+00
-3.288e+00
-3.288e+00
-3.288e+00
-3.288e+00
-3.288e+00
-3.288e+00
-3.288e+00
-3.288e+00
-3.288e+00
-3.288e+00
-3.288e+00
-3.097e+00
-3.849e+00
-3.532e+00
-3.535e+00
-3.535e+00
-3.535e+00
-3.535e+00
-3.535e+00
-3.535e+00
-3.535e+00
-3.535e+00
-3.535e+00
-3.535e+00
-3.535e+00
-3.535e+00
-3.535e+00
-3.535e+00
-3.535e+00
-3.535e+00
-3.535e+00
-3.534e+00
-3.311e+00
-3.839e+00
-3.518e+00
-3.520e+00
-3.520e+00
-3.520e+00
-3.520e+00
-3.520e+00
-3.520e+00
-3.520e+00
-3.520e+00
-3.520e+00
-3.520e+00
-3.520e+00
-3.520e+00
-3.520e+00
-3.520e+00
-3.520e+00
-3.520e+00
-3.520e+00
-3.519e+00
-3.294e+00
-3.839e+00
-3.518e+00
-3.521e+00
-3.521e+00
-3.521e+00
-3.521e+00
-3.521e+00
-3.521e+00
-3.521e+00
-3.521e+00
-3.521e+00
-3.521e+00
-3.521e+00
-3.521e+00
-3.521e+00
-3.521e+00
-3.521e+00
-3.521e+00
-3.521e+00
-3.519e+00
-3.294e+00
-3.839e+00
-3.518e+00
-3.521e+00
-3.521e+00
-3.521e+00
-3.521e+00
-3.521e+00
-3.521e+00
-3.521e+00
-3.521e+00
-3.521e+00
-3.521e+00
-3.521e+00
-3.521e+00
-3.521e+00
-3.521e+00
-3.521e+00
-3.521e+00
-3.521e+00
-3.519e+00
-3.294e+00
-3.839e+00
-3.518e+00
-3.521e+00
-3.521e+00
-3.521e+00
-3.521e+00
-3.521e+00
-3.521e+00
-3.521e+00
-3.521e+00
-3.521e+00
-3.521e+00
-3.521e+00
-3.521e+00
-3.521e+00
-3.521e+00
-3.521e+00
-3.521e+00
-3.521e+00
-3.519e+00
-3.294e+00
-3.839e+00
-3.518e+00
-3.521e+00
-3.521e+00
-3.521e+00
-3.521e+00
-3.521e+00
-3.521e+00
-3.521e+00
-3.521e+00
-3.521e+00
-3.521e+00
-3.521e+00
-3.521e+00
-3.521e+00
-3.521e+00
-3.521e+00
-3.521e+00
-3.521e+00
-3.519e+00
-3.294e+00
-3.839e+00
-3.518e+00
-3.521e+00
-3.521e+00
-3.521e+00
-3.521e+00
-3.521e+00
-3.521e+00
-3.521e+00
-3.521e+00
-3.521e+00
-3.521e+00
-3.521e+00
-3.521e+00
-3.521e+00
-3.521e+00
-3.521e+00
-3.521e+00
-3.521e+00
-3.519e+00
-3.294e+00
-3.839e+00
-3.518e+00
-3.521e+00
-3.521e+00
-3.521e+00
-3.521e+00
-3.521e+00
-3.521e+00
-3.521e+00
-3.521e+00
-3.521e+00
-3.521e+00
-3.521e+00
-3.521e+00
-3.521e+00
-3.521e+00
-3.521e+00
-3.521e+00
-3.521e+00
-3.519e+00
-3.294e+00
-3.839e+00
-3.518e+00
-3.521e+00
-3.521e+00
-3.521e+00
-3.521e+00
-3.521e+00
-3.521e+00
-3.521e+00
-3.521e+00
-3.521e+00
-3.521e+00
-3.521e+00
-3.521e+00
-3.521e+00
-3.521e+00
-3.521e+00
-3.521e+00
-3.520e+00
-3.519e+00
-3.294e+00
-3.838e+00
-3.516e+00
-3.519e+00
-3.519e+00
-3.519e+00
-3.519e+00
-3.519e+00
-3.519e+00
-3.519e+00
-3.519e+00
-3.519e+00
-3.519e+00
-3.519e+00
-3.519e+00
-3.519e+00
-3.519e+00
-3.519e+00
-3.519e+00
-3.519e+00
-3.519e+00
-3.294e+00
-3.516e+00
-3.290e+00
-3.294e+00
-3.294e+00
-3.294e+00
-3.294e+00
-3.294e+00
-3.294e+00
-3.294e+00
-3.294e+00
-3.294e+00
-3.294e+00
-3.294e+00
-3.294e+00
-3.294e+00
-3.294e+00
-3.294e+00
-3.294e+00
-3.294e+00
-3.294e+00
-3.208e+00
-2.937e+00
-2.931e+00
-2.931e+00
-2.931e+00
-2.931e+00
-2.931e+00
-2.931e+00
-2.931e+00
-2.931e+00
-2.931e+00
-2.931e+00
-2.931e+00
-2.931e+00
-2.931e+00
-2.931e+00
-2.931e+00
-2.931e+00
-2.931e+00
-2.931e+00
-2.931e+00
-2.926e+00
-2.931e+00
-2.926e+00
-2.926e+00
-2.926e+00
-2.926e+00
-2.926e+00
-2.926e+00
-2.926e+00
-2.926e+00
-2.926e+00
-2.926e+00
-2.926e+00
-2.926e+00
-2.926e+00
-2.926e+00
-2.926e+00
-2.926e+00
-2.926e+00
-2.926e+00
-2.926e+00
-2.922e+00
-2.931e+00
-2.926e+00
-2.926e+00
-2.926e+00
-2.926e+00
-2.926e+00
-2.926e+00
-2.926e+00
-2.926e+00
-2.926e+00
-2.926e+00
-2.926e+00
-2.926e+00
-2.926e+00
-2.926e+00
-2.926e+00
-2.926e+00
-2.926e+00
-2.926e+00
-2.926e+00
-2.922e+00
-2.931e+00
-2.926e+00
-2.926e+00
-2.926e+00
-2.926e+00
-2.926e+00
-2.926e+00
-2.926e+00
-2.926e+00
-2.926e+00
-2.926e+00
-2.926e+00
-2.926e+00
-2.926e+00
-2.926e+00
-2.926e+00
-2.926e+00
-2.926e+00
-2.926e+00
-2.926e+00
-2.922e+00
-2.931e+00
-2.926e+00
-2.926e+00
-2.926e+00
-2.926e+00
-2.926e+00
-2.926e+00
-2.926e+00
-2.926e+00
-2.926e+00
-2.926e+00
-2.926e+00
-2.926e+00
-2.926e+00
-2.926e+00
-2.926e+00
-2.926e+00
-2.926e+00
-2.926e+00
-2.926e+00
-2.922e+00
-2.931e+00
-2.926e+00
-2.926e+00
-2.926e+00
-2.926e+00
-2.926e+00
-2.926e+00
-2.926e+00
-2.926e+00
-2.926e+00
-2.926e+00
-2.926e+00
-2.926e+00
-2.926e+00
-2.926e+00
-2.926e+00
-2.926e+00
-2.926e+00
-2.926e+00
-2.926e+00
-2.922e+00
-2.931e+00
-2.926e+00
-2.926e+00
-2.926e+00
-2.926e+00
-2.926e+00
-2.926e+00
-2.926e+00
-2.926e+00
-2.926e+00
-2.926e+00
-2.926e+00
-2.926e+00
-2.926e+00
-2.926e+00
-2.926e+00
-2.926e+00
-2.926e+00
-2.926e+00
-2.926e+00
-2.922e+00
-2.931e+00
-2.926e+00
-2.926e+00
-2.926e+00
-2.926e+00
-2.926e+00
-2.926e+00
-2.926e+00
-2.926e+00
-2.926e+00
-2.926e+00
-2.926e+00
-2.926e+00
-2.926e+00
-2.926e+00
-2.926e+00
-2.926e+00
-2.926e+00
-2.926e+00
-2.926e+00
-2.922e+00
-2.931e+00
-2.926e+00
-2.926e+00
-2.926e+00
-2.926e+00
-2.926e+00
-2.926e+00
-2.926e+00
-2.926e+00
-2.926e+00
-2.926e+00
-2.926e+00
-2.926e+00
-2.926e+00
-2.926e+00
-2.926e+00
-2.926e+00
-2.926e+00
-2.926e+00
-2.926e+00
-2.922e+00
-2.930e+00
-2.926e+00
-2.925e+00
-2.925e+00
-2.925e+00
-2.925e+00
-2.925e+00
-2.925e+00
-2.925e+00
-2.925e+00
-2.925e+00
-2.925e+00
-2.925e+00
-2.925e+00
-2.925e+00
-2.925e+00
-2.925e+00
-2.925e+00
-2.925e+00
-2.926e+00
-2.920e+00
-1.918e+00
-1.918e+00
-1.918e+00
-1.918e+00
-1.918e+00
-1.918e+00
-1.918e+00
-1.918e+00
-1.918e+00
-1.918e+00
-1.918e+00
-1.918e+00
-1.918e+00
-1.918e+00
-1.918e+00
-1.918e+00
-1.918e+00
-1.918e+00
-1.918e+00
-1.918e+00
-1.918e+00
-1.920e+00
-1.922e+00
-1.922e+00
-1.922e+00
-1.922e+00
-1.922e+00
-1.922e+00
-1.922e+00
-1.922e+00
-1.922e+00
-1.922e+00
-1.922e+00
-1.922e+00
-1.922e+00
-1.922e+00
-1.922e+00
-1.922e+00
-1.922e+00
-1.922e+00
-1.922e+00
-1.922e+00
-1.920e+00
-1.922e+00
-1.922e+00
-1.922e+00
-1.922e+00
-1.922e+00
-1.922e+00
-1.922e+00
-1.922e+00
-1.922e+00
-1.922e+00
-1.922e+00
-1.922e+00
-1.922e+00
-1.922e+00
-1.922e+00
-1.922e+00
-1.922e+00
-1.922e+00
-1.922e+00
-1.922e+00
-1.920e+00
-1.922e+00
-1.922e+00
-1.922e+00
-1.922e+00
-1.922e+00
-1.922e+00
-1.922e+00
-1.922e+00
-1.922e+00
-1.922e+00
-1.922e+00
-1.922e+00
-1.922e+00
-1.922e+00
-1.922e+00
-1.922e+00
-1.922e+00
-1.922e+00
-1.922e+00
-1.922e+00
-1.920e+00
-1.922e+00
-1.922e+00
-1.922e+00
-1.922e+00
-1.922e+00
-1.922e+00
-1.922e+00
-1.922e+00
-1.922e+00
-1.922e+00
-1.922e+00
-1.922e+00
-1.922e+00
-1.922e+00
-1.922e+00
-1.922e+00
-1.922e+00
-1.922e+00
-1.922e+00
-1.922e+00
-1.920e+00
-1.922e+00
-1.922e+00
-1.922e+00
-1.922e+00
-1.922e+00
-1.922e+00
-1.922e+00
-1.922e+00
-1.922e+00
-1.922e+00
-1.922e+00
-1.922e+00
-1.922e+00
-1.922e+00
-1.922e+00
-1.922e+00
-1.922e+00
-1.922e+00
-1.922e+00
-1.922e+00
-1.920e+00
-1.922e+00
-1.922e+00
-1.922e+00
-1.922e+00
-1.922e+00
-1.922e+00
-1.922e+00
-1.922e+00
-1.922e+00
-1.922e+00
-1.922e+00
-1.922e+00
-1.922e+00
-1.922e+00
-1.922e+00
-1.922e+00
-1.922e+00
-1.922e+00
-1.922e+00
-1.922e+00
-1.920e+00
-1.922e+00
-1.922e+00
-1.922e+00
-1.922e+00
-1.922e+00
-1.922e+00
-1.922e+00
-1.922e+00
-1.922e+00
-1.922e+00
-1.922e+00
-1.922e+00
-1.922e+00
-1.922e+00
-1.922e+00
-1.922e+00
-1.922e+00
-1.922e+00
-1.922e+00
-1.922e+00
-1.920e+00
-1.922e+00
-1.922e+00
-1.922e+00
-1.922e+00
-1.922e+00
-1.922e+00
-1.922e+00
-1.922e+00
-1.922e+00
-1.922e+00
-1.922e+00
-1.922e+00
-1.922e+00
-1.922e+00
-1.922e+00
-1.922e+00
-1.922e+00
-1.922e+00
-1.922e+00
-1.922e+00
-1.920e+00
-1.922e+00
-1.922e+00
-1.922e+00
-1.922e+00
-1.922e+00
-1.922e+00
-1.922e+00
-1.922e+00
-1.922e+00
-1.922e+00
-1.922e+00
-1.922e+00
-1.922e+00
-1.922e+00
-1.922e+00
-1.922e+00
-1.922e+00
-1.922e+00
-1.922e+00
-1.922e+00
-1.922e+00
-1.922e+00
-1.922e+00
-1.922e+00
-1.922e+00
-1.922e+00
-1.922e+00
-1.922e+00
-1.922e+00
-1.922e+00
-1.922e+00
-1.922e+00
-1.922e+00
-1.922e+00
-1.922e+00
-1.922e+00
-1.922e+00
-1.922e+00
-1.922e+00
-1.922e+00
-1.923e+00
-2.972e+00
-2.831e+00
-2.831e+00
-2.831e+00
-2.831e+00
-2.831e+00
-2.831e+00
-2.831e+00
-2.831e+00
-2.831e+00
-2.831e+00
-2.831e+00
-2.831e+00
-2.831e+00
-2.831e+00
-2.831e+00
-2.831e+00
-2.831e+00
-2.831e+00
-2.831e+00
-2.631e+00
-2.831e+00
-2.631e+00
-2.631e+00
-2.631e+00
-2.631e+00
-2.631e+00
-2.631e+00
-2.631e+00
-2.631e+00
-2.631e+00
-2.631e+00
-2.631e+00
-2.631e+00
-2.631e+00
-2.631e+00
-2.631e+00
-2.631e+00
-2.631e+00
-2.631e+00
-2.631e+00
-2.492e+00
-2.831e+00
-2.631e+00
-2.631e+00
-2.631e+00
-2.631e+00
-2.631e+00
-2.631e+00
-2.631e+00
-2.631e+00
-2.631e+00
-2.631e+00
-2.631e+00
-2.631e+00
-2.631e+00
-2.631e+00
-2.631e+00
-2.631e+00
-2.631e+00
-2.631e+00
-2.631e+00
-2.492e+00
-2.831e+00
-2.631e+00
-2.631e+00
-2.631e+00
-2.631e+00
-2.631e+00
-2.631e+00
-2.631e+00
-2.631e+00
-2.631e+00
-2.631e+00
-2.631e+00
-2.631e+00
-2.631e+00
-2.631e+00
-2.631e+00
-2.631e+00
-2.631e+00
-2.631e+00
-2.631e+00
-2.492e+00
-2.831e+00
-2.631e+00
-2.631e+00
-2.631e+00
-2.631e+00
-2.631e+00
-2.631e+00
-2.631e+00
-2.631e+00
-2.631e+00
-2.631e+00
-2.631e+00
-2.631e+00
-2.631e+00
-2.631e+00
-2.631e+00
-2.631e+00
-2.631e+00
-2.631e+00
-2.631e+00
-2.492e+00
-2.831e+00
-2.631e+00
-2.631e+00
-2.631e+00
-2.631e+00
-2.631e+00
-2.631e+00
-2.631e+00
-2.631e+00
-2.631e+00
-2.631e+00
-2.631e+00
-2.631e+00
-2.631e+00
-2.631e+00
-2.631e+00
-2.631e+00
-2.631e+00
-2.631e+00
-2.631e+00
-2.492e+00
-2.831e+00
-2.631e+00
-2.631e+00
-2.631e+00
-2.631e+00
-2.631e+00
-2.631e+00
-2.631e+00
-2.631e+00
-2.631e+00
-2.631e+00
-2.631e+00
-2.631e+00
-2.631e+00
-2.631e+00
-2.631e+00
-2.631e+00
-2.631e+00
-2.631e+00
-2.631e+00
-2.492e+00
-2.831e+00
-2.631e+00
-2.631e+00
-2.631e+00
-2.631e+00
-2.631e+00
-2.631e+00
-2.631e+00
-2.631e+00
-2.631e+00
-2.631e+00
-2.631e+00
-2.631e+00
-2.631e+00
-2.631e+00
-2.631e+00
-2.631e+00
-2.631e+00
-2.631e+00
-2.631e+00
-2.492e+00
-2.831e+00
-2.631e+00
-2.631e+00
-2.631e+00
-2.631e+00
-2.631e+00
-2.631e+00
-2.631e+00
-2.631e+00
-2.631e+00
-2.631e+00
-2.631e+00
-2.631e+00
-2.631e+00
-2.631e+00
-2.631e+00
-2.631e+00
-2.631e+00
-2.631e+00
-2.631e+00
-2.492e+00
-2.831e+00
-2.631e+00
-2.631e+00
-2.631e+00
-2.631e+00
-2.631e+00
-2.631e+00
-2.631e+00
-2.631e+00
-2.631e+00
-2.631e+00
-2.631e+00
-2.631e+00
-2.631e+00
-2.631e+00
-2.631e+00
-2.631e+00
-2.631e+00
-2.631e+00
-2.631e+00
-2.492e+00
-1.808e+00
-1.800e+00
-1.800e+00
-1.800e+00
-1.800e+00
-1.800e+00
-1.800e+00
-1.800e+00
-1.800e+00
-1.800e+00
-1.800e+00
-1.800e+00
-1.800e+00
-1.800e+00
-1.800e+00
-1.800e+00
-1.800e+00
-1.800e+00
-1.800e+00
-1.800e+00
-1.794e+00
-1.808e+00
-1.800e+00
-1.800e+00
-1.800e+00
-1.800e+00
-1.800e+00
-1.800e+00
-1.800e+00
-1.800e+00
-1.800e+00
-1.800e+00
-1.800e+00
-1.800e+00
-1.800e+00
-1.800e+00
-1.800e+00
-1.800e+00
-1.800e+00
-1.800e+00
-1.800e+00
-1.794e+00
-1.808e+00
-1.800e+00
-1.800e+00
-1.800e+00
-1.800e+00
-1.800e+00
-1.800e+00
-1.800e+00
-1.800e+00
-1.800e+00
-1.800e+00
-1.800e+00
-1.800e+00
-1.800e+00
-1.800e+00
-1.800e+00
-1.800e+00
-1.800e+00
-1.800e+00
-1.800e+00
-1.794e+00
-1.808e+00
-1.800e+00
-1.800e+00
-1.800e+00
-1.800e+00
-1.800e+00
-1.800e+00
-1.800e+00
-1.800e+00
-1.800e+00
-1.800e+00
-1.800e+00
-1.800e+00
-1.800e+00
-1.800e+00
-1.800e+00
-1.800e+00
-1.800e+00
-1.800e+00
-1.800e+00
-1.794e+00
-1.808e+00
-1.800e+00
-1.800e+00
-1.800e+00
-1.800e+00
-1.800e+00
-1.800e+00
-1.800e+00
-1.800e+00
-1.800e+00
-1.800e+00
-1.800e+00
-1.800e+00
-1.800e+00
-1.800e+00
-1.800e+00
-1.800e+00
-1.800e+00
-1.800e+00
-1.800e+00
-1.794e+00
-1.808e+00
-1.800e+00
-1.800e+00
-1.800e+00
-1.800e+00
-1.800e+00
-1.800e+00
-1.800e+00
-1.800e+00
-1.800e+00
-1.800e+00
-1.800e+00
-1.800e+00
-1.800e+00
-1.800e+00
-1.800e+00
-1.800e+00
-1.800e+00
-1.800e+00
-1.800e+00
-1.794e+00
-1.808e+00
-1.800e+00
-1.800e+00
-1.800e+00
-1.800e+00
-1.800e+00
-1.800e+00
-1.800e+00
-1.800e+00
-1.800e+00
-1.800e+00
-1.800e+00
-1.800e+00
-1.800e+00
-1.800e+00
-1.800e+00
-1.800e+00
-1.800e+00
-1.800e+00
-1.800e+00
-1.794e+00
-1.808e+00
-1.800e+00
-1.800e+00
-1.800e+00
-1.800e+00
-1.800e+00
-1.800e+00
-1.800e+00
-1.800e+00
-1.800e+00
-1.800e+00
-1.800e+00
-1.800e+00
-1.800e+00
-1.800e+00
-1.800e+00
-1.800e+00
-1.800e+00
-1.800e+00
-1.800e+00
-1.794e+00
-1.808e+00
-1.800e+00
-1.800e+00
-1.800e+00
-1.800e+00
-1.800e+00
-1.800e+00
-1.800e+00
-1.800e+00
-1.800e+00
-1.800e+00
-1.800e+00
-1.800e+00
-1.800e+00
-1.800e+00
-1.800e+00
-1.800e+00
-1.800e+00
-1.800e+00
-1.800e+00
-1.794e+00
-1.808e+00
-1.800e+00
-1.800e+00
-1.800e+00
-1.800e+00
-1.800e+00
-1.800e+00
-1.800e+00
-1.800e+00
-1.800e+00
-1.800e+00
-1.800e+00
-1.800e+00
-1.800e+00
-1.800e+00
-1.800e+00
-1.800e+00
-1.800e+00
-1.800e+00
-1.800e+00
-1.794e+00
-1.799e+00
-1.794e+00
-1.794e+00
-1.794e+00
-1.794e+00
-1.794e+00
-1.794e+00
-1.794e+00
-1.794e+00
-1.794e+00
-1.794e+00
-1.794e+00
-1.794e+00
-1.794e+00
-1.794e+00
-1.794e+00
-1.794e+00
-1.794e+00
-1.794e+00
-1.794e+00
-1.792e+00
-2.087e+00
-2.087e+00
-2.087e+00
-2.087e+00
-2.087e+00
-2.087e+00
-2.087e+00
-2.087e+00
-2.087e+00
-2.087e+00
-2.087e+00
-2.087e+00
-2.087e+00
-2.087e+00
-2.087e+00
-2.087e+00
-2.087e+00
-2.087e+00
-2.087e+00
-2.087e+00
-2.087e+00
-2.087e+00
-2.087e+00
-2.087e+00
-2.087e+00
-2.087e+00
-2.087e+00
-2.087e+00
-2.087e+00
-2.087e+00
-2.087e+00
-2.087e+00
-2.087e+00
-2.087e+00
-2.087e+00
-2.087e+00
-2.087e+00
-2.087e+00
-2.087e+00
-2.087e+00
-2.087e+00
-2.084e+00
-2.087e+00
-2.087e+00
-2.087e+00
-2.087e+00
-2.087e+00
-2.087e+00
-2.087e+00
-2.087e+00
-2.087e+00
-2.087e+00
-2.087e+00
-2.087e+00
-2.087e+00
-2.087e+00
-2.087e+00
-2.087e+00
-2.087e+00
-2.087e+00
-2.087e+00
-2.087e+00
-2.084e+00
-2.087e+00
-2.087e+00
-2.087e+00
-2.087e+00
-2.087e+00
-2.087e+00
-2.087e+00
-2.087e+00
-2.087e+00
-2.087e+00
-2.087e+00
-2.087e+00
-2.087e+00
-2.087e+00
-2.087e+00
-2.087e+00
-2.087e+00
-2.087e+00
-2.087e+00
-2.087e+00
-2.084e+00
-2.087e+00
-2.087e+00
-2.087e+00
-2.087e+00
-2.087e+00
-2.087e+00
-2.087e+00
-2.087e+00
-2.087e+00
-2.087e+00
-2.087e+00
-2.087e+00
-2.087e+00
-2.087e+00
-2.087e+00
-2.087e+00
-2.087e+00
-2.087e+00
-2.087e+00
-2.087e+00
-2.084e+00
-2.087e+00
-2.087e+00
-2.087e+00
-2.087e+00
-2.087e+00
-2.087e+00
-2.087e+00
-2.087e+00
-2.087e+00
-2.087e+00
-2.087e+00
-2.087e+00
-2.087e+00
-2.087e+00
-2.087e+00
-2.087e+00
-2.087e+00
-2.087e+00
-2.087e+00
-2.087e+00
-2.084e+00
-2.087e+00
-2.087e+00
-2.087e+00
-2.087e+00
-2.087e+00
-2.087e+00
-2.087e+00
-2.087e+00
-2.087e+00
-2.087e+00
-2.087e+00
-2.087e+00
-2.087e+00
-2.087e+00
-2.087e+00
-2.087e+00
-2.087e+00
-2.087e+00
-2.087e+00
-2.087e+00
-2.084e+00
-2.087e+00
-2.087e+00
-2.087e+00
-2.087e+00
-2.087e+00
-2.087e+00
-2.087e+00
-2.087e+00
-2.087e+00
-2.087e+00
-2.087e+00
-2.087e+00
-2.087e+00
-2.087e+00
-2.087e+00
-2.087e+00
-2.087e+00
-2.087e+00
-2.087e+00
-2.087e+00
-2.084e+00
-2.087e+00
-2.087e+00
-2.087e+00
-2.087e+00
-2.087e+00
-2.087e+00
-2.087e+00
-2.087e+00
-2.087e+00
-2.087e+00
-2.087e+00
-2.087e+00
-2.087e+00
-2.087e+00
-2.087e+00
-2.087e+00
-2.087e+00
-2.087e+00
-2.087e+00
-2.087e+00
-2.084e+00
-2.087e+00
-2.086e+00
-2.086e+00
-2.086e+00
-2.086e+00
-2.086e+00
-2.086e+00
-2.086e+00
-2.086e+00
-2.086e+00
-2.086e+00
-2.086e+00
-2.086e+00
-2.086e+00
-2.086e+00
-2.086e+00
-2.086e+00
-2.086e+00
-2.086e+00
-2.086e+00
-2.084e+00
-1.621e+00
-1.621e+00
-1.621e+00
-1.621e+00
-1.621e+00
-1.621e+00
-1.621e+00
-1.621e+00
-1.621e+00
-1.621e+00
-1.621e+00
-1.621e+00
-1.621e+00
-1.621e+00
-1.621e+00
-1.621e+00
-1.621e+00
-1.621e+00
-1.621e+00
-1.621e+00
-1.621e+00
-1.621e+00
-1.621e+00
-1.621e+00
-1.621e+00
-1.621e+00
-1.621e+00
-1.621e+00
-1.621e+00
-1.621e+00
-1.621e+00
-1.621e+00
-1.621e+00
-1.621e+00
-1.621e+00
-1.621e+00
-1.621e+00
-1.621e+00
-1.621e+00
-1.621e+00
-1.621e+00
-1.621e+00
-1.621e+00
-1.621e+00
-1.621e+00
-1.621e+00
-1.621e+00
-1.621e+00
-1.621e+00
-1.621e+00
-1.621e+00
-1.621e+00
-1.621e+00
-1.621e+00
-1.621e+00
-1.621e+00
-1.621e+00
-1.621e+00
-1.621e+00
-1.621e+00
-1.621e+00
-1.621e+00
-1.621e+00
-1.621e+00
-1.621e+00
-1.621e+00
-1.621e+00
-1.621e+00
-1.621e+00
-1.621e+00
-1.621e+00
-1.621e+00
-1.621e+00
-1.621e+00
-1.621e+00
-1.621e+00
-1.621e+00
-1.621e+00
-1.621e+00
-1.621e+00
-1.621e+00
-1.621e+00
-1.621e+00
-1.621e+00
-1.621e+00
-1.621e+00
-1.621e+00
-1.621e+00
-1.621e+00
-1.621e+00
-1.621e+00
-1.621e+00
-1.621e+00
-1.621e+00
-1.621e+00
-1.621e+00
-1.621e+00
-1.621e+00
-1.621e+00
-1.621e+00
-1.621e+00
-1.621e+00
-1.621e+00
-1.621e+00
-1.621e+00
-1.621e+00
-1.621e+00
-1.621e+00
-1.621e+00
-1.621e+00
-1.621e+00
-1.621e+00
-1.621e+00
-1.621e+00
-1.621e+00
-1.621e+00
-1.621e+00
-1.621e+00
-1.621e+00
-1.621e+00
-1.621e+00
-1.621e+00
-1.621e+00
-1.621e+00
-1.621e+00
-1.621e+00
-1.621e+00
-1.621e+00
-1.621e+00
-1.621e+00
-1.621e+00
-1.621e+00
-1.621e+00
-1.621e+00
-1.621e+00
-1.621e+00
-1.621e+00
-1.621e+00
-1.621e+00
-1.621e+00
-1.621e+00
-1.621e+00
-1.621e+00
-1.621e+00
-1.621e+00
-1.621e+00
-1.621e+00
-1.621e+00
-1.621e+00
-1.621e+00
-1.621e+00
-1.621e+00
-1.621e+00
-1.621e+00
-1.621e+00
-1.621e+00
-1.621e+00
-1.621e+00
-1.621e+00
-1.621e+00
-1.621e+00
-1.621e+00
-1.621e+00
-1.621e+00
-1.621e+00
-1.621e+00
-1.621e+00
-1.621e+00
-1.621e+00
-1.621e+00
-1.621e+00
-1.621e+00
-1.621e+00
-1.621e+00
-1.621e+00
-1.621e+00
-1.621e+00
-1.621e+00
-1.621e+00
-1.621e+00
-1.621e+00
-1.621e+00
-1.621e+00
-1.621e+00
-1.621e+00
-1.621e+00
-1.621e+00
-1.621e+00
-1.621e+00
-1.621e+00
-1.621e+00
-1.621e+00
-1.621e+00
-1.621e+00
-1.621e+00
-1.621e+00
-1.621e+00
-1.621e+00
-1.621e+00
-1.621e+00
-1.621e+00
-1.621e+00
-1.621e+00
-1.621e+00
-1.621e+00
-1.621e+00
-1.621e+00
-1.621e+00
-1.621e+00
-1.621e+00
-1.621e+00
-1.621e+00
-1.621e+00
-1.621e+00
-1.621e+00
-1.621e+00
-1.621e+00
-1.621e+00
-1.621e+00
-1.621e+00
-1.621e+00
-1.621e+00
-1.621e+00
-1.621e+00
-1.621e+00
-1.621e+00
-1.621e+00
-1.621e+00
-1.621e+00
-1.621e+00
-1.621e+00
-1.764e+00
-1.743e+00
-1.743e+00
-1.743e+00
-1.743e+00
-1.743e+00
-1.743e+00
-1.743e+00
-1.743e+00
-1.743e+00
-1.743e+00
-1.743e+00
-1.743e+00
-1.743e+00
-1.743e+00
-1.743e+00
-1.743e+00
-1.743e+00
-1.743e+00
-1.743e+00
-1.708e+00
-1.743e+00
-1.708e+00
-1.708e+00
-1.708e+00
-1.708e+00
-1.708e+00
-1.708e+00
-1.708e+00
-1.708e+00
-1.708e+00
-1.708e+00
-1.708e+00
-1.708e+00
-1.708e+00
-1.708e+00
-1.708e+00
-1.708e+00
-1.708e+00
-1.708e+00
-1.708e+00
-1.681e+00
-1.743e+00
-1.708e+00
-1.708e+00
-1.708e+00
-1.708e+00
-1.708e+00
-1.708e+00
-1.708e+00
-1.708e+00
-1.708e+00
-1.708e+00
-1.708e+00
-1.708e+00
-1.708e+00
-1.708e+00
-1.708e+00
-1.708e+00
-1.708e+00
-1.708e+00
-1.708e+00
-1.681e+00
-1.743e+00
-1.708e+00
-1.708e+00
-1.708e+00
-1.708e+00
-1.708e+00
-1.708e+00
-1.708e+00
-1.708e+00
-1.708e+00
-1.708e+00
-1.708e+00
-1.708e+00
-1.708e+00
-1.708e+00
-1.708e+00
-1.708e+00
-1.708e+00
-1.708e+00
-1.708e+00
-1.681e+00
-1.743e+00
-1.708e+00
-1.708e+00
-1.708e+00
-1.708e+00
-1.708e+00
-1.708e+00
-1.708e+00
-1.708e+00
-1.708e+00
-1.708e+00
-1.708e+00
-1.708e+00
-1.708e+00
-1.708e+00
-1.708e+00
-1.708e+00
-1.708e+00
-1.708e+00
-1.708e+00
-1.681e+00
-1.743e+00
-1.708e+00
-1.708e+00
-1.708e+00
-1.708e+00
-1.708e+00
-1.708e+00
-1.708e+00
-1.708e+00
-1.708e+00
-1.708e+00
-1.708e+00
-1.708e+00
-1.708e+00
-1.708e+00
-1.708e+00
-1.708e+00
-1.708e+00
-1.708e+00
-1.708e+00
-1.681e+00
-1.743e+00
-1.708e+00
-1.708e+00
-1.708e+00
-1.708e+00
-1.708e+00
-1.708e+00
-1.708e+00
-1.708e+00
-1.708e+00
-1.708e+00
-1.708e+00
-1.708e+00
-1.708e+00
-1.708e+00
-1.708e+00
-1.708e+00
-1.708e+00
-1.708e+00
-1.708e+00
-1.681e+00
-1.743e+00
-1.708e+00
-1.708e+00
-1.708e+00
-1.708e+00
-1.708e+00
-1.708e+00
-1.708e+00
-1.708e+00
-1.708e+00
-1.708e+00
-1.708e+00
-1.708e+00
-1.708e+00
-1.708e+00
-1.708e+00
-1.708e+00
-1.708e+00
-1.708e+00
-1.708e+00
-1.681e+00
-1.743e+00
-1.708e+00
-1.708e+00
-1.708e+00
-1.708e+00
-1.708e+00
-1.708e+00
-1.708e+00
-1.708e+00
-1.708e+00
-1.708e+00
-1.708e+00
-1.708e+00
-1.708e+00
-1.708e+00
-1.708e+00
-1.708e+00
-1.708e+00
-1.708e+00
-1.708e+00
-1.681e+00
-1.743e+00
-1.708e+00
-1.708e+00
-1.708e+00
-1.708e+00
-1.708e+00
-1.708e+00
-1.708e+00
-1.708e+00
-1.708e+00
-1.708e+00
-1.708e+00
-1.708e+00
-1.708e+00
-1.708e+00
-1.708e+00
-1.708e+00
-1.708e+00
-1.708e+00
-1.708e+00
-1.681e+00
-1.463e+00
-1.463e+00
-1.463e+00
-1.463e+00
-1.463e+00
-1.463e+00
-1.463e+00
-1.463e+00
-1.463e+00
-1.463e+00
-1.463e+00
-1.463e+00
-1.463e+00
-1.463e+00
-1.463e+00
-1.463e+00
-1.463e+00
-1.463e+00
-1.463e+00
-1.463e+00
-1.462e+00
-1.463e+00
-1.463e+00
-1.463e+00
-1.463e+00
-1.463e+00
-1.463e+00
-1.463e+00
-1.463e+00
-1.463e+00
-1.463e+00
-1.463e+00
-1.463e+00
-1.463e+00
-1.463e+00
-1.463e+00
-1.463e+00
-1.463e+00
-1.463e+00
-1.463e+00
-1.463e+00
-1.462e+00
-1.463e+00
-1.463e+00
-1.463e+00
-1.463e+00
-1.463e+00
-1.463e+00
-1.463e+00
-1.463e+00
-1.463e+00
-1.463e+00
-1.463e+00
-1.463e+00
-1.463e+00
-1.463e+00
-1.463e+00
-1.463e+00
-1.463e+00
-1.463e+00
-1.463e+00
-1.463e+00
-1.462e+00
-1.463e+00
-1.463e+00
-1.463e+00
-1.463e+00
-1.463e+00
-1.463e+00
-1.463e+00
-1.463e+00
-1.463e+00
-1.463e+00
-1.463e+00
-1.463e+00
-1.463e+00
-1.463e+00
-1.463e+00
-1.463e+00
-1.463e+00
-1.463e+00
-1.463e+00
-1.463e+00
-1.462e+00
-1.463e+00
-1.463e+00
-1.463e+00
-1.463e+00
-1.463e+00
-1.463e+00
-1.463e+00
-1.463e+00
-1.463e+00
-1.463e+00
-1.463e+00
-1.463e+00
-1.463e+00
-1.463e+00
-1.463e+00
-1.463e+00
-1.463e+00
-1.463e+00
-1.463e+00
-1.463e+00
-1.462e+00
-1.463e+00
-1.463e+00
-1.463e+00
-1.463e+00
-1.463e+00
-1.463e+00
-1.463e+00
-1.463e+00
-1.463e+00
-1.463e+00
-1.463e+00
-1.463e+00
-1.463e+00
-1.463e+00
-1.463e+00
-1.463e+00
-1.463e+00
-1.463e+00
-1.463e+00
-1.463e+00
-1.462e+00
-1.463e+00
-1.463e+00
-1.463e+00
-1.463e+00
-1.463e+00
-1.463e+00
-1.463e+00
-1.463e+00
-1.463e+00
-1.463e+00
-1.463e+00
-1.463e+00
-1.463e+00
-1.463e+00
-1.463e+00
-1.463e+00
-1.463e+00
-1.463e+00
-1.463e+00
-1.463e+00
-1.462e+00
-1.463e+00
-1.463e+00
-1.463e+00
-1.463e+00
-1.463e+00
-1.463e+00
-1.463e+00
-1.463e+00
-1.463e+00
-1.463e+00
-1.463e+00
-1.463e+00
-1.463e+00
-1.463e+00
-1.463e+00
-1.463e+00
-1.463e+00
-1.463e+00
-1.463e+00
-1.463e+00
-1.462e+00
-1.463e+00
-1.463e+00
-1.463e+00
-1.463e+00
-1.463e+00
-1.463e+00
-1.463e+00
-1.463e+00
-1.463e+00
-1.463e+00
-1.463e+00
-1.463e+00
-1.463e+00
-1.463e+00
-1.463e+00
-1.463e+00
-1.463e+00
-1.463e+00
-1.463e+00
-1.463e+00
-1.462e+00
-1.463e+00
-1.463e+00
-1.463e+00
-1.463e+00
-1.463e+00
-1.463e+00
-1.463e+00
-1.463e+00
-1.463e+00
-1.463e+00
-1.463e+00
-1.463e+00
-1.463e+00
-1.463e+00
-1.463e+00
-1.463e+00
-1.463e+00
-1.463e+00
-1.463e+00
-1.463e+00
-1.462e+00
-1.463e+00
-1.462e+00
-1.462e+00
-1.462e+00
-1.462e+00
-1.462e+00
-1.462e+00
-1.462e+00
-1.462e+00
-1.462e+00
-1.462e+00
-1.462e+00
-1.462e+00
-1.462e+00
-1.462e+00
-1.462e+00
-1.462e+00
-1.462e+00
-1.462e+00
-1.462e+00
-1.462e+00
-1.200e+00
-1.200e+00
-1.200e+00
-1.200e+00
-1.200e+00
-1.200e+00
-1.200e+00
-1.200e+00
-1.200e+00
-1.200e+00
-1.200e+00
-1.200e+00
-1.200e+00
-1.200e+00
-1.200e+00
-1.200e+00
-1.200e+00
-1.200e+00
-1.200e+00
-1.200e+00
-1.200e+00
-1.200e+00
-1.200e+00
-1.200e+00
-1.200e+00
-1.200e+00
-1.200e+00
-1.200e+00
-1.200e+00
-1.200e+00
-1.200e+00
-1.200e+00
-1.200e+00
-1.200e+00
-1.200e+00
-1.200e+00
-1.200e+00
-1.200e+00
-1.200e+00
-1.200e+00
-1.200e+00
-1.200e+00
-1.200e+00
-1.200e+00
-1.200e+00
-1.200e+00
-1.200e+00
-1.200e+00
-1.200e+00
-1.200e+00
-1.200e+00
-1.200e+00
-1.200e+00
-1.200e+00
-1.200e+00
-1.200e+00
-1.200e+00
-1.200e+00
-1.200e+00
-1.200e+00
-1.200e+00
-1.200e+00
-1.200e+00
-1.200e+00
-1.200e+00
-1.200e+00
-1.200e+00
-1.200e+00
-1.200e+00
-1.200e+00
-1.200e+00
-1.200e+00
-1.200e+00
-1.200e+00
-1.200e+00
-1.200e+00
-1.200e+00
-1.200e+00
-1.200e+00
-1.200e+00
-1.200e+00
-1.200e+00
-1.200e+00
-1.200e+00
-1.200e+00
-1.200e+00
-1.200e+00
-1.200e+00
-1.200e+00
-1.200e+00
-1.200e+00
-1.200e+00
-1.200e+00
-1.200e+00
-1.200e+00
-1.200e+00
-1.200e+00
-1.200e+00
-1.200e+00
-1.200e+00
-1.200e+00
-1.200e+00
-1.200e+00
-1.200e+00
-1.200e+00
-1.200e+00
-1.200e+00
-1.200e+00
-1.200e+00
-1.200e+00
-1.200e+00
-1.200e+00
-1.200e+00
-1.200e+00
-1.200e+00
-1.200e+00
-1.200e+00
-1.200e+00
-1.200e+00
-1.200e+00
-1.200e+00
-1.200e+00
-1.200e+00
-1.200e+00
-1.200e+00
-1.200e+00
-1.200e+00
-1.200e+00
-1.200e+00
-1.200e+00
-1.200e+00
-1.200e+00
-1.200e+00
-1.200e+00
-1.200e+00
-1.200e+00
-1.200e+00
-1.200e+00
-1.200e+00
-1.200e+00
-1.200e+00
-1.200e+00
-1.200e+00
-1.200e+00
-1.200e+00
-1.200e+00
-1.200e+00
-1.200e+00
-1.200e+00
-1.200e+00
-1.200e+00
-1.200e+00
-1.200e+00
-1.200e+00
-1.200e+00
-1.200e+00
-1.200e+00
-1.200e+00
-1.200e+00
-1.200e+00
-1.200e+00
-1.200e+00
-1.200e+00
-1.200e+00
-1.200e+00
-1.200e+00
-1.200e+00
-1.200e+00
-1.200e+00
-1.200e+00
-1.200e+00
-1.200e+00
-1.200e+00
-1.200e+00
-1.200e+00
-1.200e+00
-1.200e+00
-1.200e+00
-1.200e+00
-1.200e+00
-1.200e+00
-1.200e+00
-1.200e+00
-1.200e+00
-1.200e+00
-1.200e+00
-1.200e+00
-1.200e+00
-1.200e+00
-1.200e+00
-1.200e+00
-1.200e+00
-1.200e+00
-1.200e+00
-1.200e+00
-1.200e+00
-1.200e+00
-1.200e+00
-1.200e+00
-1.200e+00
-1.200e+00
-1.200e+00
-1.200e+00
-1.200e+00
-1.200e+00
-1.200e+00
-1.200e+00
-1.200e+00
-1.200e+00
-1.200e+00
-1.160e+00
-1.160e+00
-1.160e+00
-1.160e+00
-1.160e+00
-1.160e+00
-1.160e+00
-1.160e+00
-1.160e+00
-1.160e+00
-1.160e+00
-1.160e+00
-1.160e+00
-1.160e+00
-1.160e+00
-1.160e+00
-1.160e+00
-1.160e+00
-1.160e+00
-1.160e+00
-1.160e+00
-1.160e+00
-1.160e+00
-1.160e+00
-1.160e+00
-1.160e+00
-1.160e+00
-1.160e+00
-1.160e+00
-1.160e+00
-1.160e+00
-1.160e+00
-1.160e+00
-1.160e+00
-1.160e+00
-1.160e+00
-1.160e+00
-1.160e+00
-1.160e+00
-1.160e+00
-1.160e+00
-1.160e+00
-1.160e+00
-1.160e+00
-1.160e+00
-1.160e+00
-1.160e+00
-1.160e+00
-1.160e+00
-1.160e+00
-1.160e+00
-1.160e+00
-1.160e+00
-1.160e+00
-1.160e+00
-1.160e+00
-1.160e+00
-1.160e+00
-1.160e+00
-1.160e+00
-1.160e+00
-1.160e+00
-1.160e+00
-1.160e+00
-1.160e+00
-1.160e+00
-1.160e+00
-1.160e+00
-1.160e+00
-1.160e+00
-1.160e+00
-1.160e+00
-1.160e+00
-1.160e+00
-1.160e+00
-1.160e+00
-1.160e+00
-1.160e+00
-1.160e+00
-1.160e+00
-1.160e+00
-1.160e+00
-1.160e+00
-1.160e+00
-1.160e+00
-1.160e+00
-1.160e+00
-1.160e+00
-1.160e+00
-1.160e+00
-1.160e+00
-1.160e+00
-1.160e+00
-1.160e+00
-1.160e+00
-1.160e+00
-1.160e+00
-1.160e+00
-1.160e+00
-1.160e+00
-1.160e+00
-1.160e+00
-1.160e+00
-1.160e+00
-1.160e+00
-1.160e+00
-1.160e+00
-1.160e+00
-1.160e+00
-1.160e+00
-1.160e+00
-1.160e+00
-1.160e+00
-1.160e+00
-1.160e+00
-1.160e+00
-1.160e+00
-1.160e+00
-1.160e+00
-1.160e+00
-1.160e+00
-1.160e+00
-1.160e+00
-1.160e+00
-1.160e+00
-1.160e+00
-1.160e+00
-1.160e+00
-1.160e+00
-1.160e+00
-1.160e+00
-1.160e+00
-1.160e+00
-1.160e+00
-1.160e+00
-1.160e+00
-1.160e+00
-1.160e+00
-1.160e+00
-1.160e+00
-1.160e+00
-1.160e+00
-1.160e+00
-1.160e+00
-1.160e+00
-1.160e+00
-1.160e+00
-1.160e+00
-1.160e+00
-1.160e+00
-1.160e+00
-1.160e+00
-1.160e+00
-1.160e+00
-1.160e+00
-1.160e+00
-1.160e+00
-1.160e+00
-1.160e+00
-1.160e+00
-1.160e+00
-1.160e+00
-1.160e+00
-1.160e+00
-1.160e+00
-1.160e+00
-1.160e+00
-1.160e+00
-1.160e+00
-1.160e+00
-1.160e+00
-1.160e+00
-1.160e+00
-1.160e+00
-1.160e+00
-1.160e+00
-1.160e+00
-1.160e+00
-1.160e+00
-1.160e+00
-1.160e+00
-1.160e+00
-1.160e+00
-1.160e+00
-1.160e+00
-1.160e+00
-1.160e+00
-1.160e+00
-1.160e+00
-1.160e+00
-1.160e+00
-1.160e+00
-1.160e+00
-1.160e+00
-1.160e+00
-1.160e+00
-1.160e+00
-1.160e+00
-1.160e+00
-1.160e+00
-1.160e+00
-1.160e+00
-1.160e+00
-1.160e+00
-1.160e+00
-1.160e+00
-1.160e+00
-1.160e+00
-1.160e+00
-1.160e+00
-1.160e+00
-1.160e+00
-1.160e+00
-1.160e+00
-1.160e+00
-1.160e+00
-1.160e+00
-1.160e+00
-1.160e+00
-1.160e+00
-1.160e+00
-1.160e+00
-1.160e+00
-1.160e+00
-1.160e+00
-1.160e+00
-1.160e+00
-1.160e+00
-1.160e+00
-1.160e+00
-1.160e+00
-8.614e-01
-8.613e-01
-8.613e-01
-8.613e-01
-8.613e-01
-8.613e-01
-8.613e-01
-8.613e-01
-8.613e-01
-8.613e-01
-8.613e-01
-8.613e-01
-8.613e-01
-8.613e-01
-8.613e-01
-8.613e-01
-8.613e-01
-8.613e-01
-8.613e-01
-8.613e-01
-8.611e-01
-8.613e-01
-8.611e-01
-8.611e-01
-8.611e-01
-8.611e-01
-8.611e-01
-8.611e-01
-8.611e-01
-8.611e-01
-8.611e-01
-8.611e-01
-8.611e-01
-8.611e-01
-8.611e-01
-8.611e-01
-8.611e-01
-8.611e-01
-8.611e-01
-8.611e-01
-8.611e-01
-8.611e-01
-8.613e-01
-8.611e-01
-8.611e-01
-8.611e-01
-8.611e-01
-8.611e-01
-8.611e-01
-8.611e-01
-8.611e-01
-8.611e-01
-8.611e-01
-8.611e-01
-8.611e-01
-8.611e-01
-8.611e-01
-8.611e-01
-8.611e-01
-8.611e-01
-8.611e-01
-8.611e-01
-8.611e-01
-8.613e-01
-8.611e-01
-8.611e-01
-8.611e-01
-8.611e-01
-8.611e-01
-8.611e-01
-8.611e-01
-8.611e-01
-8.611e-01
-8.611e-01
-8.611e-01
-8.611e-01
-8.611e-01
-8.611e-01
-8.611e-01
-8.611e-01
-8.611e-01
-8.611e-01
-8.611e-01
-8.611e-01
-8.613e-01
-8.611e-01
-8.611e-01
-8.611e-01
-8.611e-01
-8.611e-01
-8.611e-01
-8.611e-01
-8.611e-01
-8.611e-01
-8.611e-01
-8.611e-01
-8.611e-01
-8.611e-01
-8.611e-01
-8.611e-01
-8.611e-01
-8.611e-01
-8.611e-01
-8.611e-01
-8.611e-01
-8.613e-01
-8.611e-01
-8.611e-01
-8.611e-01
-8.611e-01
-8.611e-01
-8.611e-01
-8.611e-01
-8.611e-01
-8.611e-01
-8.611e-01
-8.611e-01
-8.611e-01
-8.611e-01
-8.611e-01
-8.611e-01
-8.611e-01
-8.611e-01
-8.611e-01
-8.611e-01
-8.611e-01
-8.613e-01
-8.611e-01
-8.611e-01
-8.611e-01
-8.611e-01
-8.611e-01
-8.611e-01
-8.611e-01
-8.611e-01
-8.611e-01
-8.611e-01
-8.611e-01
-8.611e-01
-8.611e-01
-8.611e-01
-8.611e-01
-8.611e-01
-8.611e-01
-8.611e-01
-8.611e-01
-8.611e-01
-8.613e-01
-8.611e-01
-8.611e-01
-8.611e-01
-8.611e-01
-8.611e-01
-8.611e-01
-8.611e-01
-8.611e-01
-8.611e-01
-8.611e-01
-8.611e-01
-8.611e-01
-8.611e-01
-8.611e-01
-8.611e-01
-8.611e-01
-8.611e-01
-8.611e-01
-8.611e-01
-8.611e-01
-8.613e-01
-8.611e-01
-8.611e-01
-8.611e-01
-8.611e-01
-8.611e-01
-8.611e-01
-8.611e-01
-8.611e-01
-8.611e-01
-8.611e-01
-8.611e-01
-8.611e-01
-8.611e-01
-8.611e-01
-8.611e-01
-8.611e-01
-8.611e-01
-8.611e-01
-8.611e-01
-8.611e-01
-8.613e-01
-8.611e-01
-8.611e-01
-8.611e-01
-8.611e-01
-8.611e-01
-8.611e-01
-8.611e-01
-8.611e-01
-8.611e-01
-8.611e-01
-8.611e-01
-8.611e-01
-8.611e-01
-8.611e-01
-8.611e-01
-8.611e-01
-8.611e-01
-8.611e-01
-8.611e-01
-8.611e-01
-8.600e-01
-8.600e-01
-8.600e-01
-8.600e-01
-8.600e-01
-8.600e-01
-8.600e-01
-8.600e-01
-8.600e-01
-8.600e-01
-8.600e-01
-8.600e-01
-8.600e-01
-8.600e-01
-8.600e-01
-8.600e-01
-8.600e-01
-8.600e-01
-8.600e-01
-8.600e-01
-8.600e-01
-8.600e-01
-8.600e-01
-8.600e-01
-8.600e-01
-8.600e-01
-8.600e-01
-8.600e-01
-8.600e-01
-8.600e-01
-8.600e-01
-8.600e-01
-8.600e-01
-8.600e-01
-8.600e-01
-8.600e-01
-8.600e-01
-8.600e-01
-8.600e-01
-8.600e-01
-8.600e-01
-8.600e-01
-8.600e-01
-8.600e-01
-8.600e-01
-8.600e-01
-8.600e-01
-8.600e-01
-8.600e-01
-8.600e-01
-8.600e-01
-8.600e-01
-8.600e-01
-8.600e-01
-8.600e-01
-8.600e-01
-8.600e-01
-8.600e-01
-8.600e-01
-8.600e-01
-8.600e-01
-8.600e-01
-8.600e-01
-8.600e-01
-8.600e-01
-8.600e-01
-8.600e-01
-8.600e-01
-8.600e-01
-8.600e-01
-8.600e-01
-8.600e-01
-8.600e-01
-8.600e-01
-8.600e-01
-8.600e-01
-8.600e-01
-8.600e-01
-8.600e-01
-8.600e-01
-8.600e-01
-8.600e-01
-8.600e-01
-8.600e-01
-8.600e-01
-8.600e-01
-8.600e-01
-8.600e-01
-8.600e-01
-8.600e-01
-8.600e-01
-8.600e-01
-8.600e-01
-8.600e-01
-8.600e-01
-8.600e-01
-8.600e-01
-8.600e-01
-8.600e-01
-8.600e-01
-8.600e-01
-8.600e-01
-8.600e-01
-8.600e-01
-8.600e-01
-8.600e-01
-8.600e-01
-8.600e-01
-8.600e-01
-8.600e-01
-8.600e-01
-8.600e-01
-8.600e-01
-8.600e-01
-8.600e-01
-8.600e-01
-8.600e-01
-8.600e-01
-8.600e-01
-8.600e-01
-8.600e-01
-8.600e-01
-8.600e-01
-8.600e-01
-8.600e-01
-8.600e-01
-8.600e-01
-8.600e-01
-8.600e-01
-8.600e-01
-8.600e-01
-8.600e-01
-8.600e-01
-8.600e-01
-8.600e-01
-8.600e-01
-8.600e-01
-8.600e-01
-8.600e-01
-8.600e-01
-8.600e-01
-8.600e-01
-8.600e-01
-8.600e-01
-8.600e-01
-8.600e-01
-8.600e-01
-8.600e-01
-8.600e-01
-8.600e-01
-8.600e-01
-8.600e-01
-8.600e-01
-8.600e-01
-8.600e-01
-8.600e-01
-8.600e-01
-8.600e-01
-8.600e-01
-8.600e-01
-8.600e-01
-8.600e-01
-8.600e-01
-8.600e-01
-8.600e-01
-8.600e-01
-8.600e-01
-8.600e-01
-8.600e-01
-8.600e-01
-8.600e-01
-8.600e-01
-8.600e-01
-8.600e-01
-8.600e-01
-8.600e-01
-8.600e-01
-8.600e-01
-8.600e-01
-8.600e-01
-8.600e-01
-8.600e-01
-8.600e-01
-8.600e-01
-8.600e-01
-8.600e-01
-8.600e-01
-8.600e-01
-8.600e-01
-8.600e-01
-8.600e-01
-8.600e-01
-8.600e-01
-8.600e-01
-8.600e-01
-8.600e-01
-8.600e-01
-8.600e-01
-8.600e-01
-8.600e-01
-8.600e-01
-8.600e-01
-8.600e-01
-8.600e-01
-8.600e-01
-8.600e-01
-8.600e-01
-8.600e-01
-8.600e-01
-8.600e-01
-8.600e-01
-8.600e-01
-8.600e-01
-8.600e-01
-8.600e-01
-8.600e-01
-8.600e-01
-8.600e-01
-8.600e-01
-8.600e-01
-8.600e-01
-8.600e-01
-8.600e-01
-8.600e-01
-8.600e-01
-8.600e-01
-8.600e-01
-8.600e-01
-8.600e-01
-8.600e-01
-8.600e-01
-2.600e-01
-2.600e-01
-2.600e-01
-2.600e-01
-2.600e-01
-2.600e-01
-2.600e-01
-2.600e-01
-2.600e-01
-2.600e-01
-2.600e-01
-2.600e-01
-2.600e-01
-2.600e-01
-2.600e-01
-2.600e-01
-2.600e-01
-2.600e-01
-2.600e-01
-2.600e-01
-2.600e-01
-2.600e-01
-2.600e-01
-2.600e-01
-2.600e-01
-2.600e-01
-2.600e-01
-2.600e-01
-2.600e-01
-2.600e-01
-2.600e-01
-2.600e-01
-2.600e-01
-2.600e-01
-2.600e-01
-2.600e-01
-2.600e-01
-2.600e-01
-2.600e-01
-2.600e-01
-2.600e-01
-2.600e-01
-2.600e-01
-2.600e-01
-2.600e-01
-2.600e-01
-2.600e-01
-2.600e-01
-2.600e-01
-2.600e-01
-2.600e-01
-2.600e-01
-2.600e-01
-2.600e-01
-2.600e-01
-2.600e-01
-2.600e-01
-2.600e-01
-2.600e-01
-2.600e-01
-2.600e-01
-2.600e-01
-2.600e-01
-2.600e-01
-2.600e-01
-2.600e-01
-2.600e-01
-2.600e-01
-2.600e-01
-2.600e-01
-2.600e-01
-2.600e-01
-2.600e-01
-2.600e-01
-2.600e-01
-2.600e-01
-2.600e-01
-2.600e-01
-2.600e-01
-2.600e-01
-2.600e-01
-2.600e-01
-2.600e-01
-2.600e-01
-2.600e-01
-2.600e-01
-2.600e-01
-2.600e-01
-2.600e-01
-2.600e-01
-2.600e-01
-2.600e-01
-2.600e-01
-2.600e-01
-2.600e-01
-2.600e-01
-2.600e-01
-2.600e-01
-2.600e-01
-2.600e-01
-2.600e-01
-2.600e-01
-2.600e-01
-2.600e-01
-2.600e-01
-2.600e-01
-2.600e-01
-2.600e-01
-2.600e-01
-2.600e-01
-2.600e-01
-2.600e-01
-2.600e-01
-2.600e-01
-2.600e-01
-2.600e-01
-2.600e-01
-2.600e-01
-2.600e-01
-2.600e-01
-2.600e-01
-2.600e-01
-2.600e-01
-2.600e-01
-2.600e-01
-2.600e-01
-2.600e-01
-2.600e-01
-2.600e-01
-2.600e-01
-2.600e-01
-2.600e-01
-2.600e-01
-2.600e-01
-2.600e-01
-2.600e-01
-2.600e-01
-2.600e-01
-2.600e-01
-2.600e-01
-2.600e-01
-2.600e-01
-2.600e-01
-2.600e-01
-2.600e-01
-2.600e-01
-2.600e-01
-2.600e-01
-2.600e-01
-2.600e-01
-2.600e-01
-2.600e-01
-2.600e-01
-2.600e-01
-2.600e-01
-2.600e-01
-2.600e-01
-2.600e-01
-2.600e-01
-2.600e-01
-2.600e-01
-2.600e-01
-2.600e-01
-2.600e-01
-2.600e-01
-2.600e-01
-2.600e-01
-2.600e-01
-2.600e-01
-2.600e-01
-2.600e-01
-2.600e-01
-2.600e-01
-2.600e-01
-2.600e-01
-2.600e-01
-2.600e-01
-2.600e-01
-2.600e-01
-2.600e-01
-2.600e-01
-2.600e-01
-2.600e-01
-2.600e-01
-2.600e-01
-2.600e-01
-2.600e-01
-2.600e-01
-2.600e-01
-2.600e-01
-2.600e-01
-2.600e-01
-2.600e-01
-2.600e-01
-2.600e-01
-2.600e-01
-2.600e-01
-2.600e-01
-2.600e-01
-2.600e-01
-2.600e-01
-2.600e-01
-2.600e-01
-2.600e-01
-2.600e-01
-2.600e-01
-2.600e-01
-2.600e-01
-2.600e-01
-2.600e-01
-2.600e-01
-2.600e-01
-2.600e-01
-2.600e-01
-2.600e-01
-2.600e-01
-2.600e-01
-2.600e-01
-2.600e-01
-2.600e-01
-2.600e-01
-2.600e-01
-2.600e-01
-2.600e-01
-2.600e-01
-2.600e-01
-2.600e-01
-2.600e-01
-2.600e-01
-2.600e-01
-2.600e-01
-2.600e-01
-2.600e-01
-2.600e-01
-2.600e-01
-2.600e-01
-2.600e-01
-2.600e-01
-2.600e-01
-2.600e-01
-2.600e-01
-2.600e-01
-2.600e-01
-2.600e-01
-2.600e-01
-2.600e-01
-2.600e-01
-2.600e-01
-2.600e-01
-2.600e-01
-2.600e-01
-2.600e-01
-2.600e-01
-2.600e-01
-2.600e-01
-2.600e-01
-2.600e-01
-2.600e-01
-2.600e-01
-2.600e-01
-2.600e-01
-2.600e-01
-2.600e-01
-2.600e-01
-2.600e-01
-2.600e-01
-2.600e-01
-2.600e-01
-2.600e-01
-2.600e-01
-2.600e-01
-2.600e-01
-2.600e-01
-2.600e-01
-2.600e-01
-2.600e-01
-2.600e-01
-2.600e-01
-2.600e-01
-2.600e-01
-2.600e-01
-2.600e-01
-2.600e-01
-2.600e-01
-2.600e-01
-2.600e-01
-2.600e-01
-2.600e-01
-2.600e-01
-2.600e-01
-2.600e-01
-2.600e-01
-2.600e-01
-2.600e-01
-2.600e-01
-2.600e-01
-2.600e-01
-2.600e-01
-2.600e-01
-2.600e-01
-2.600e-01
-2.600e-01
-2.600e-01
-2.600e-01
-2.600e-01
-2.600e-01
-2.600e-01
-2.600e-01
-2.600e-01
-2.600e-01
-2.600e-01
-2.600e-01
-2.600e-01
-2.600e-01
-2.600e-01
-2.600e-01
-2.600e-01
-2.600e-01
-2.600e-01
-2.600e-01
-2.600e-01
-2.600e-01
-2.600e-01
-2.600e-01
-2.600e-01
-2.600e-01
-2.600e-01
-2.600e-01
-2.600e-01
-2.600e-01
-2.600e-01
-2.600e-01
-2.600e-01
-2.600e-01
-2.600e-01
-2.600e-01
-2.600e-01
-2.600e-01
-2.600e-01
-2.600e-01
-2.600e-01
-2.600e-01
-2.600e-01
-2.600e-01
-2.600e-01
-2.600e-01
-2.600e-01
-2.600e-01
-2.600e-01
-2.600e-01
-2.600e-01
-2.600e-01
-2.600e-01
-2.600e-01
-2.600e-01
-2.600e-01
-2.600e-01
-2.600e-01
-2.600e-01
-2.600e-01
-2.600e-01
-2.600e-01
-2.600e-01
-2.600e-01
-2.600e-01
-2.600e-01
-2.600e-01
-2.600e-01
-2.600e-01
-2.600e-01
-2.600e-01
-2.600e-01
-2.600e-01
-2.600e-01
-2.600e-01
-2.600e-01
-2.600e-01
-2.600e-01
-2.600e-01
-2.600e-01
-2.600e-01
-2.600e-01
-2.600e-01
-2.600e-01
-2.600e-01
-2.600e-01
-2.600e-01
-2.600e-01
-2.600e-01
-2.600e-01
-2.600e-01
-2.600e-01
-2.600e-01
-2.600e-01
-2.600e-01
-2.600e-01
-2.600e-01
-2.600e-01
-2.600e-01
-2.600e-01
-2.600e-01
-2.600e-01
-2.600e-01
-2.600e-01
-2.600e-01
-2.600e-01
-2.600e-01
-2.600e-01
-2.600e-01
-2.600e-01
-2.600e-01
-2.600e-01
-2.600e-01
-2.600e-01
-2.600e-01
-2.600e-01
-2.600e-01
-2.600e-01
-2.597e-01
-2.597e-01
-2.600e-01
-2.600e-01
-2.600e-01
-2.600e-01
-2.600e-01
-2.600e-01
-2.600e-01
-2.600e-01
-2.600e-01
-2.600e-01
-2.600e-01
-2.600e-01
-2.600e-01
-2.600e-01
-2.600e-01
-2.600e-01
-2.600e-01
-2.600e-01
-2.600e-01
-2.597e-01
-2.590e-01
3.400e-01
3.400e-01
3.400e-01
3.400e-01
3.400e-01
3.400e-01
3.400e-01
3.400e-01
3.400e-01
3.400e-01
3.400e-01
3.400e-01
3.400e-01
3.400e-01
3.400e-01
3.400e-01
3.400e-01
3.400e-01
3.400e-01
3.400e-01
3.400e-01
3.400e-01
3.400e-01
3.400e-01
3.400e-01
3.400e-01
3.400e-01
3.400e-01
3.400e-01
3.400e-01
3.400e-01
3.400e-01
3.400e-01
3.400e-01
3.400e-01
3.400e-01
3.400e-01
3.400e-01
3.400e-01
3.400e-01
3.400e-01
3.400e-01
3.400e-01
3.400e-01
3.400e-01
3.400e-01
3.400e-01
3.400e-01
3.400e-01
3.400e-01
3.400e-01
3.400e-01
3.400e-01
3.400e-01
3.400e-01
3.400e-01
3.400e-01
3.400e-01
3.400e-01
3.400e-01
3.400e-01
3.400e-01
3.400e-01
3.400e-01
3.400e-01
3.400e-01
3.400e-01
3.400e-01
3.400e-01
3.400e-01
3.400e-01
3.400e-01
3.400e-01
3.400e-01
3.400e-01
3.400e-01
3.400e-01
3.400e-01
3.400e-01
3.400e-01
3.400e-01
3.400e-01
3.400e-01
3.400e-01
3.400e-01
3.400e-01
3.400e-01
3.400e-01
3.400e-01
3.400e-01
3.400e-01
3.400e-01
3.400e-01
3.400e-01
3.400e-01
3.400e-01
3.400e-01
3.400e-01
3.400e-01
3.400e-01
3.400e-01
3.400e-01
3.400e-01
3.400e-01
3.400e-01
3.400e-01
3.400e-01
3.400e-01
3.400e-01
3.400e-01
3.400e-01
3.400e-01
3.400e-01
3.400e-01
3.400e-01
3.400e-01
3.400e-01
3.400e-01
3.400e-01
3.400e-01
3.400e-01
3.400e-01
3.400e-01
3.400e-01
3.400e-01
3.400e-01
3.400e-01
3.400e-01
3.400e-01
3.400e-01
3.400e-01
3.400e-01
3.400e-01
3.400e-01
3.400e-01
3.400e-01
3.400e-01
3.400e-01
3.400e-01
3.400e-01
3.400e-01
3.400e-01
3.400e-01
3.400e-01
3.400e-01
3.400e-01
3.400e-01
3.400e-01
3.400e-01
3.400e-01
3.400e-01
3.400e-01
3.400e-01
3.400e-01
3.400e-01
3.400e-01
3.400e-01
3.400e-01
3.400e-01
3.400e-01
3.400e-01
3.400e-01
3.400e-01
3.400e-01
3.400e-01
3.400e-01
3.400e-01
3.400e-01
3.400e-01
3.400e-01
3.400e-01
3.400e-01
3.400e-01
3.400e-01
3.400e-01
3.400e-01
3.400e-01
3.400e-01
3.400e-01
3.400e-01
3.400e-01
3.400e-01
3.400e-01
3.400e-01
3.400e-01
3.400e-01
3.400e-01
3.400e-01
3.400e-01
3.400e-01
3.400e-01
3.400e-01
3.400e-01
3.400e-01
3.400e-01
3.400e-01
3.400e-01
3.400e-01
3.400e-01
3.400e-01
3.400e-01
3.400e-01
3.400e-01
3.400e-01
3.400e-01
3.400e-01
3.400e-01
3.400e-01
3.400e-01
3.400e-01
3.400e-01
3.400e-01
3.400e-01
3.400e-01
3.400e-01
3.400e-01
3.400e-01
3.400e-01
3.400e-01
3.400e-01
3.400e-01
3.400e-01
3.400e-01
3.400e-01
3.400e-01
3.400e-01
3.400e-01
3.400e-01
3.400e-01
3.400e-01
3.400e-01
3.400e-01
3.400e-01
3.400e-01
3.400e-01
3.400e-01
3.400e-01
3.400e-01
3.400e-01
3.400e-01
3.400e-01
3.400e-01
3.400e-01
3.400e-01
3.400e-01
3.400e-01
3.400e-01
3.400e-01
3.400e-01
3.400e-01
3.400e-01
3.400e-01
3.400e-01
3.400e-01
3.400e-01
3.400e-01
3.400e-01
3.400e-01
3.400e-01
3.400e-01
3.400e-01
3.400e-01
3.400e-01
3.400e-01
3.400e-01
3.400e-01
3.400e-01
3.400e-01
3.400e-01
3.400e-01
3.400e-01
3.400e-01
3.400e-01
3.400e-01
3.400e-01
3.400e-01
3.400e-01
3.400e-01
3.400e-01
3.400e-01
3.400e-01
3.400e-01
3.400e-01
3.400e-01
3.400e-01
3.400e-01
3.400e-01
3.400e-01
3.400e-01
3.400e-01
3.400e-01
3.400e-01
3.400e-01
3.400e-01
3.400e-01
3.400e-01
3.400e-01
3.400e-01
3.400e-01
3.400e-01
3.400e-01
3.400e-01
3.400e-01
3.400e-01
3.400e-01
3.400e-01
3.400e-01
3.400e-01
3.400e-01
3.400e-01
3.400e-01
3.400e-01
3.400e-01
3.400e-01
3.400e-01
3.400e-01
3.400e-01
3.400e-01
3.400e-01
3.400e-01
3.400e-01
3.400e-01
3.400e-01
3.400e-01
3.400e-01
3.400e-01
3.400e-01
3.400e-01
3.400e-01
3.400e-01
3.400e-01
3.400e-01
3.400e-01
3.400e-01
3.400e-01
3.400e-01
3.400e-01
3.400e-01
3.400e-01
3.400e-01
3.400e-01
3.400e-01
3.400e-01
3.400e-01
3.400e-01
3.400e-01
3.400e-01
3.400e-01
3.400e-01
3.400e-01
3.400e-01
3.400e-01
3.400e-01
3.400e-01
3.400e-01
3.400e-01
3.400e-01
3.400e-01
3.400e-01
3.400e-01
3.400e-01
3.400e-01
3.400e-01
3.400e-01
3.400e-01
3.400e-01
3.400e-01
3.400e-01
3.400e-01
3.400e-01
3.400e-01
3.400e-01
3.400e-01
3.400e-01
3.400e-01
3.400e-01
3.400e-01
3.400e-01
3.400e-01
3.400e-01
3.400e-01
3.400e-01
3.400e-01
3.400e-01
3.400e-01
3.400e-01
3.400e-01
3.400e-01
3.400e-01
3.400e-01
3.400e-01
3.400e-01
3.400e-01
3.400e-01
3.400e-01
3.400e-01
3.400e-01
3.400e-01
3.400e-01
3.400e-01
3.400e-01
3.400e-01
3.400e-01
3.400e-01
3.400e-01
3.400e-01
3.400e-01
3.400e-01
3.400e-01
3.400e-01
3.400e-01
3.400e-01
3.400e-01
3.400e-01
3.400e-01
3.400e-01
3.400e-01
3.400e-01
3.403e-01
3.403e-01
3.400e-01
3.400e-01
3.400e-01
3.400e-01
3.400e-01
3.400e-01
3.400e-01
3.400e-01
3.400e-01
3.400e-01
3.400e-01
3.400e-01
3.400e-01
3.400e-01
3.400e-01
3.400e-01
3.400e-01
3.400e-01
3.400e-01
3.403e-01
3.410e-01
1.000e+00
1.000e+00
1.000e+00
1.000e+00
1.000e+00
1.000e+00
1.000e+00
1.000e+00
1.000e+00
1.000e+00
1.000e+00
1.000e+00
1.000e+00
1.000e+00
1.000e+00
1.000e+00
1.000e+00
1.000e+00
1.000e+00
1.000e+00
1.000e+00
1.000e+00
1.000e+00
1.000e+00
1.000e+00
1.000e+00
1.000e+00
1.000e+00
1.000e+00
1.000e+00
1.000e+00
1.000e+00
1.000e+00
1.000e+00
1.000e+00
1.000e+00
1.000e+00
1.000e+00
1.000e+00
1.000e+00
1.000e+00
1.000e+00
1.000e+00
1.000e+00
1.000e+00
1.000e+00
1.000e+00
1.000e+00
1.000e+00
1.000e+00
1.000e+00
1.000e+00
1.000e+00
1.000e+00
1.000e+00
1.000e+00
1.000e+00
1.000e+00
1.000e+00
1.000e+00
1.000e+00
1.000e+00
1.000e+00
1.000e+00
1.000e+00
1.000e+00
1.000e+00
1.000e+00
1.000e+00
1.000e+00
1.000e+00
1.000e+00
1.000e+00
1.000e+00
1.000e+00
1.000e+00
1.000e+00
1.000e+00
1.000e+00
1.000e+00
1.000e+00
1.000e+00
1.000e+00
1.000e+00
1.000e+00
1.000e+00
1.000e+00
1.000e+00
1.000e+00
1.000e+00
1.000e+00
1.000e+00
1.000e+00
1.000e+00
1.000e+00
1.000e+00
1.000e+00
1.000e+00
1.000e+00
1.000e+00
1.000e+00
1.000e+00
1.000e+00
1.000e+00
1.000e+00
1.000e+00
1.000e+00
1.000e+00
1.000e+00
1.000e+00
1.000e+00
1.000e+00
1.000e+00
1.000e+00
1.000e+00
1.000e+00
1.000e+00
1.000e+00
1.000e+00
1.000e+00
1.000e+00
1.000e+00
1.000e+00
1.000e+00
1.000e+00
1.000e+00
1.000e+00
1.000e+00
1.000e+00
1.000e+00
1.000e+00
1.000e+00
1.000e+00
1.000e+00
1.000e+00
1.000e+00
1.000e+00
1.000e+00
1.000e+00
1.000e+00
1.000e+00
1.000e+00
1.000e+00
1.000e+00
1.000e+00
1.000e+00
1.000e+00
1.000e+00
1.000e+00
1.000e+00
1.000e+00
1.000e+00
1.000e+00
1.000e+00
1.000e+00
1.000e+00
1.000e+00
1.000e+00
1.000e+00
1.000e+00
1.000e+00
1.000e+00
1.000e+00
1.000e+00
1.000e+00
1.000e+00
1.000e+00
1.000e+00
1.000e+00
1.000e+00
1.000e+00
1.000e+00
1.000e+00
1.000e+00
1.000e+00
1.000e+00
1.000e+00
1.000e+00
1.000e+00
1.000e+00
1.000e+00
1.000e+00
1.000e+00
1.000e+00
1.000e+00
1.000e+00
1.000e+00
1.000e+00
1.000e+00
1.000e+00
1.000e+00
1.000e+00
1.000e+00
1.000e+00
1.000e+00
1.000e+00
1.000e+00
1.000e+00
1.000e+00
1.000e+00
1.000e+00
1.000e+00
1.000e+00
1.000e+00
1.000e+00
1.000e+00
1.000e+00
1.000e+00
1.000e+00
1.000e+00
1.000e+00
1.000e+00
1.000e+00
1.000e+00
1.000e+00
1.000e+00
1.000e+00
1.000e+00
1.000e+00
1.000e+00
1.000e+00
1.000e+00
1.000e+00
1.000e+00
1.000e+00
1.000e+00
1.000e+00
1.000e+00
1.000e+00
1.000e+00
1.000e+00
1.000e+00
1.000e+00
1.000e+00
1.000e+00
1.000e+00
1.000e+00
1.000e+00
1.000e+00
1.000e+00
1.000e+00
1.000e+00
1.000e+00
1.000e+00
1.000e+00
1.000e+00
1.000e+00
1.000e+00
1.000e+00
1.000e+00
1.000e+00
1.000e+00
1.000e+00
1.000e+00
1.000e+00
1.000e+00
1.000e+00
1.000e+00
1.000e+00
1.000e+00
1.000e+00
1.000e+00
1.000e+00
1.000e+00
1.000e+00
1.000e+00
1.000e+00
1.000e+00
1.000e+00
1.000e+00
1.000e+00
1.000e+00
1.000e+00
1.000e+00
1.000e+00
1.000e+00
1.000e+00
1.000e+00
1.000e+00
1.000e+00
1.000e+00
1.000e+00
1.000e+00
1.000e+00
1.000e+00
1.000e+00
1.000e+00
1.000e+00
1.000e+00
1.000e+00
1.000e+00
1.000e+00
1.000e+00
1.000e+00
1.000e+00
1.000e+00
1.000e+00
1.000e+00
1.000e+00
1.000e+00
1.000e+00
1.000e+00
1.000e+00
1.000e+00
1.000e+00
1.000e+00
1.000e+00
1.000e+00
1.000e+00
1.000e+00
1.000e+00
1.000e+00
1.000e+00
1.000e+00
1.000e+00
1.000e+00
1.000e+00
1.000e+00
1.000e+00
1.000e+00
1.000e+00
1.000e+00
1.000e+00
1.000e+00
1.000e+00
1.000e+00
1.000e+00
1.000e+00
1.000e+00
1.000e+00
1.000e+00
1.000e+00
1.000e+00
1.000e+00
1.000e+00
1.000e+00
1.000e+00
1.000e+00
1.000e+00
1.000e+00
1.000e+00
1.000e+00
1.000e+00
1.000e+00
1.000e+00
1.000e+00
1.000e+00
1.000e+00
1.000e+00
1.000e+00
1.000e+00
1.000e+00
1.000e+00
1.000e+00
1.000e+00
1.000e+00
1.000e+00
1.000e+00
1.000e+00
1.000e+00
1.000e+00
1.000e+00
1.000e+00
1.000e+00
1.000e+00
1.000e+00
1.000e+00
1.000e+00
1.000e+00
1.000e+00
1.000e+00
1.000e+00
1.000e+00
1.000e+00
1.000e+00
1.000e+00
1.000e+00
1.000e+00
1.000e+00
1.000e+00
1.000e+00
1.000e+00
1.000e+00
1.000e+00
1.000e+00
1.000e+00
1.000e+00
1.000e+00
1.000e+00
1.000e+00
1.000e+00
1.000e+00
1.000e+00
1.000e+00
1.000e+00
1.000e+00
1.000e+00
1.000e+00
1.000e+00
1.000e+00
1.000e+00
1.000e+00
1.000e+00
1.000e+00
1.000e+00
1.000e+00
1.000e+00
1.000e+00
1.000e+00
1.000e+00
1.000e+00
1.000e+00
1.000e+00
1.000e+00
1.000e+00
1.000e+00
1.000e+00
1.000e+00
1.000e+00
1.000e+00
1.000e+00
1.000e+00
1.000e+00
1.000e+00
1.000e+00
1.000e+00
1.000e+00
1.000e+00
1.000e+00
1.000e+00
1.000e+00
1.000e+00
1.000e+00
1.000e+00
1.000e+00
1.000e+00
1.000e+00
1.000e+00
1.000e+00
1.000e+00
1.001e+00
