#       1
#          TIME              381
  1.00000000E+00  0.00000000E+00  0.00000000E+00  0.00000000E+00  0.00000000E+00
  2.10000000E+00  0.00000000E+00  0.00000000E+00  0.00000000E+00  0.00000000E+00
  3.31000000E+00  0.00000000E+00  0.00000000E+00  0.00000000E+00  0.00000000E+00
  4.64100000E+00  0.00000000E+00  0.00000000E+00  0.00000000E+00  0.00000000E+00
  6.10510000E+00  0.00000000E+00  0.00000000E+00  0.00000000E+00  0.00000000E+00
  7.71561000E+00  0.00000000E+00  0.00000000E+00  0.00000000E+00  0.00000000E+00
  9.48717100E+00  0.00000000E+00  0.00000000E+00  0.00000000E+00  0.00000000E+00
  1.14358881E+01  0.00000000E+00  0.00000000E+00  0.00000000E+00  0.00000000E+00
  1.35794769E+01  0.00000000E+00  0.00000000E+00  0.00000000E+00  0.00000000E+00
  1.59374246E+01  0.00000000E+00  0.00000000E+00  0.00000000E+00  0.00000000E+00
  1.85311671E+01  0.00000000E+00  0.00000000E+00  0.00000000E+00  0.00000000E+00
  2.13842838E+01  0.00000000E+00  0.00000000E+00  0.00000000E+00  0.00000000E+00
  2.45227121E+01  0.00000000E+00  0.00000000E+00  0.00000000E+00  0.00000000E+00
  2.79749834E+01  0.00000000E+00  0.00000000E+00  0.00000000E+00  0.00000000E+00
  3.17724817E+01  0.00000000E+00  0.00000000E+00  0.00000000E+00  0.00000000E+00
  3.59497299E+01  0.00000000E+00  0.00000000E+00  0.00000000E+00  0.00000000E+00
  4.05447028E+01  0.00000000E+00  0.00000000E+00  0.00000000E+00  0.00000000E+00
  4.55991731E+01  0.00000000E+00  0.00000000E+00  0.00000000E+00  0.00000000E+00
  5.11590904E+01  0.00000000E+00  0.00000000E+00  0.00000000E+00  0.00000000E+00
  5.72749995E+01  0.00000000E+00  0.00000000E+00  0.00000000E+00  0.00000000E+00
  6.40024994E+01  0.00000000E+00  0.00000000E+00  0.00000000E+00  0.00000000E+00
  7.14027494E+01  0.00000000E+00  0.00000000E+00  0.00000000E+00  0.00000000E+00
  7.95430243E+01  0.00000000E+00  0.00000000E+00  0.00000000E+00  0.00000000E+00
  8.84973268E+01  0.00000000E+00  0.00000000E+00  0.00000000E+00  0.00000000E+00
  9.83470594E+01  0.00000000E+00  0.00000000E+00  0.00000000E+00  0.00000000E+00
  1.09181765E+02  0.00000000E+00  0.00000000E+00  0.00000000E+00  0.00000000E+00
  1.21099942E+02  0.00000000E+00  0.00000000E+00  0.00000000E+00  0.00000000E+00
  1.34209936E+02  0.00000000E+00  0.00000000E+00  0.00000000E+00  0.00000000E+00
  1.48630930E+02  0.00000000E+00  0.00000000E+00  0.00000000E+00  0.00000000E+00
  1.64494023E+02  0.00000000E+00  0.00000000E+00  0.00000000E+00  0.00000000E+00
  1.81943425E+02  0.00000000E+00  0.00000000E+00  0.00000000E+00  0.00000000E+00
  2.01137767E+02  0.00000000E+00  0.00000000E+00  0.00000000E+00  0.00000000E+00
  2.22251544E+02  0.00000000E+00  0.00000000E+00  0.00000000E+00  0.00000000E+00
  2.45476699E+02  0.00000000E+00  0.00000000E+00  0.00000000E+00  0.00000000E+00
  2.71024368E+02  0.00000000E+00  0.00000000E+00  0.00000000E+00  0.00000000E+00
  2.99126805E+02  0.00000000E+00  0.00000000E+00  0.00000000E+00  0.00000000E+00
  3.30039486E+02  0.00000000E+00  0.00000000E+00  0.00000000E+00  0.00000000E+00
  3.64043434E+02  0.00000000E+00  0.00000000E+00  0.00000000E+00  0.00000000E+00
  4.01447778E+02  0.00000000E+00  0.00000000E+00  0.00000000E+00  0.00000000E+00
  4.42592556E+02  0.00000000E+00  0.00000000E+00  0.00000000E+00  0.00000000E+00
  4.87851811E+02  0.00000000E+00  0.00000000E+00  0.00000000E+00  0.00000000E+00
  5.37636992E+02  0.00000000E+00  0.00000000E+00  0.00000000E+00  0.00000000E+00
  5.92400692E+02  0.00000000E+00  0.00000000E+00  0.00000000E+00  0.00000000E+00
  6.52640761E+02  0.00000000E+00  0.00000000E+00  0.00000000E+00  0.00000000E+00
  7.18904837E+02  0.00000000E+00  0.00000000E+00  0.00000000E+00  0.00000000E+00
  7.91795321E+02  0.00000000E+00  0.00000000E+00  0.00000000E+00  0.00000000E+00
  8.71974853E+02  0.00000000E+00  0.00000000E+00  0.00000000E+00  0.00000000E+00
  9.60172338E+02  0.00000000E+00  0.00000000E+00  0.00000000E+00  0.00000000E+00
  1.05718957E+03  0.00000000E+00  0.00000000E+00  0.00000000E+00  0.00000000E+00
  1.16390853E+03  0.00000000E+00  0.00000000E+00  0.00000000E+00  0.00000000E+00
  1.28129938E+03  0.00000000E+00  0.00000000E+00  0.00000000E+00  0.00000000E+00
  1.41042932E+03  0.00000000E+00  0.00000000E+00  0.00000000E+00  0.00000000E+00
  1.55247225E+03  0.00000000E+00  0.00000000E+00  0.00000000E+00  0.00000000E+00
  1.69451518E+03  0.00000000E+00  0.00000000E+00  0.00000000E+00  0.00000000E+00
  1.83655812E+03  0.00000000E+00  0.00000000E+00  0.00000000E+00  0.00000000E+00
  1.97860105E+03  0.00000000E+00  0.00000000E+00  0.00000000E+00  0.00000000E+00
  2.12064398E+03  0.00000000E+00  0.00000000E+00  0.00000000E+00  0.00000000E+00
  2.26268691E+03  0.00000000E+00  0.00000000E+00  0.00000000E+00  0.00000000E+00
  2.40472984E+03  0.00000000E+00  0.00000000E+00  0.00000000E+00  0.00000000E+00
  2.54677278E+03  0.00000000E+00  0.00000000E+00  0.00000000E+00  0.00000000E+00
  2.68881571E+03  0.00000000E+00  0.00000000E+00  0.00000000E+00  0.00000000E+00
  2.83085864E+03  0.00000000E+00  0.00000000E+00  0.00000000E+00  0.00000000E+00
  2.97290157E+03  0.00000000E+00  0.00000000E+00  0.00000000E+00  0.00000000E+00
  3.11494450E+03  0.00000000E+00  0.00000000E+00  0.00000000E+00  0.00000000E+00
  3.25698744E+03  0.00000000E+00  0.00000000E+00  0.00000000E+00  0.00000000E+00
  3.39903037E+03  0.00000000E+00  0.00000000E+00  0.00000000E+00  0.00000000E+00
  3.54107330E+03  0.00000000E+00  0.00000000E+00  0.00000000E+00  0.00000000E+00
  3.68311623E+03  0.00000000E+00  0.00000000E+00  0.00000000E+00  0.00000000E+00
  3.82515916E+03  0.00000000E+00  0.00000000E+00  0.00000000E+00  0.00000000E+00
  3.96720210E+03  0.00000000E+00  0.00000000E+00  0.00000000E+00  0.00000000E+00
  4.10924503E+03  0.00000000E+00  0.00000000E+00  0.00000000E+00  0.00000000E+00
  4.25128796E+03  0.00000000E+00  0.00000000E+00  0.00000000E+00  0.00000000E+00
  4.39333089E+03  0.00000000E+00  0.00000000E+00  0.00000000E+00  0.00000000E+00
  4.53537382E+03  0.00000000E+00  0.00000000E+00  0.00000000E+00  0.00000000E+00
  4.67741676E+03  0.00000000E+00  0.00000000E+00  0.00000000E+00  0.00000000E+00
  4.81945969E+03  0.00000000E+00  0.00000000E+00  0.00000000E+00  0.00000000E+00
  4.96150262E+03  0.00000000E+00  0.00000000E+00  0.00000000E+00  0.00000000E+00
  5.10354555E+03  0.00000000E+00  0.00000000E+00  0.00000000E+00  0.00000000E+00
  5.24558848E+03  0.00000000E+00  0.00000000E+00  0.00000000E+00  0.00000000E+00
  5.38763142E+03  0.00000000E+00  0.00000000E+00  0.00000000E+00  0.00000000E+00
  5.52967435E+03  0.00000000E+00  0.00000000E+00  0.00000000E+00  0.00000000E+00
  5.67171728E+03  0.00000000E+00  0.00000000E+00  0.00000000E+00  0.00000000E+00
  5.81376021E+03  0.00000000E+00  0.00000000E+00  0.00000000E+00  0.00000000E+00
  5.95580314E+03  0.00000000E+00  0.00000000E+00  0.00000000E+00  0.00000000E+00
  6.09784608E+03  0.00000000E+00  0.00000000E+00  0.00000000E+00  0.00000000E+00
  6.23988901E+03  0.00000000E+00  0.00000000E+00  0.00000000E+00  0.00000000E+00
  6.38193194E+03  0.00000000E+00  0.00000000E+00  0.00000000E+00  0.00000000E+00
  6.52397487E+03  0.00000000E+00  0.00000000E+00  0.00000000E+00  0.00000000E+00
  6.66601780E+03  0.00000000E+00  0.00000000E+00  0.00000000E+00  0.00000000E+00
  6.80806074E+03  0.00000000E+00  0.00000000E+00  0.00000000E+00  0.00000000E+00
  6.95010367E+03  0.00000000E+00  0.00000000E+00  0.00000000E+00  0.00000000E+00
  7.09214660E+03  0.00000000E+00  0.00000000E+00  0.00000000E+00  0.00000000E+00
  7.23418953E+03  0.00000000E+00  0.00000000E+00  0.00000000E+00  0.00000000E+00
  7.37623246E+03  0.00000000E+00  0.00000000E+00  0.00000000E+00  0.00000000E+00
  7.51827540E+03  0.00000000E+00  0.00000000E+00  0.00000000E+00  0.00000000E+00
  7.66031833E+03  0.00000000E+00  0.00000000E+00  0.00000000E+00  0.00000000E+00
  7.80236126E+03  0.00000000E+00  0.00000000E+00  0.00000000E+00  0.00000000E+00
  7.94440419E+03  0.00000000E+00  0.00000000E+00  0.00000000E+00  0.00000000E+00
  8.08644712E+03  0.00000000E+00  0.00000000E+00  0.00000000E+00  0.00000000E+00
  8.22849006E+03  0.00000000E+00  0.00000000E+00  0.00000000E+00  0.00000000E+00
  8.37053299E+03  0.00000000E+00  0.00000000E+00  0.00000000E+00  0.00000000E+00
  8.51257592E+03  0.00000000E+00  0.00000000E+00  0.00000000E+00  0.00000000E+00
  8.65461885E+03  0.00000000E+00  0.00000000E+00  0.00000000E+00  0.00000000E+00
  8.79666178E+03  0.00000000E+00  0.00000000E+00  0.00000000E+00  0.00000000E+00
  8.93870472E+03  0.00000000E+00  0.00000000E+00  0.00000000E+00  0.00000000E+00
  9.08074765E+03  0.00000000E+00  0.00000000E+00  0.00000000E+00  0.00000000E+00
  9.22279058E+03  0.00000000E+00  0.00000000E+00  0.00000000E+00  0.00000000E+00
  9.36483351E+03  0.00000000E+00  0.00000000E+00  0.00000000E+00  0.00000000E+00
  9.48241676E+03  0.00000000E+00  0.00000000E+00  0.00000000E+00  0.00000000E+00
  9.60000000E+03  0.00000000E+00  0.00000000E+00  0.00000000E+00  0.00000000E+00
