1	0	INDP	IPOND
-3.305e+00
-3.057e+00
-3.056e+00
-3.056e+00
-3.056e+00
-3.056e+00
-3.056e+00
-3.056e+00
-3.056e+00
-3.056e+00
-3.056e+00
-3.056e+00
-3.056e+00
-3.056e+00
-3.056e+00
-3.056e+00
-3.056e+00
-3.056e+00
-3.056e+00
-3.051e+00
-2.755e+00
-3.057e+00
-2.756e+00
-2.756e+00
-2.756e+00
-2.756e+00
-2.756e+00
-2.756e+00
-2.756e+00
-2.756e+00
-2.756e+00
-2.756e+00
-2.756e+00
-2.756e+00
-2.756e+00
-2.756e+00
-2.756e+00
-2.756e+00
-2.756e+00
-2.756e+00
-2.755e+00
-2.580e+00
-3.056e+00
-2.756e+00
-2.756e+00
-2.756e+00
-2.756e+00
-2.756e+00
-2.756e+00
-2.756e+00
-2.756e+00
-2.756e+00
-2.756e+00
-2.756e+00
-2.756e+00
-2.756e+00
-2.756e+00
-2.756e+00
-2.756e+00
-2.756e+00
-2.756e+00
-2.755e+00
-2.581e+00
-3.056e+00
-2.756e+00
-2.756e+00
-2.756e+00
-2.756e+00
-2.756e+00
-2.756e+00
-2.756e+00
-2.756e+00
-2.756e+00
-2.756e+00
-2.756e+00
-2.756e+00
-2.756e+00
-2.756e+00
-2.756e+00
-2.756e+00
-2.756e+00
-2.756e+00
-2.755e+00
-2.581e+00
-3.056e+00
-2.756e+00
-2.756e+00
-2.756e+00
-2.756e+00
-2.756e+00
-2.756e+00
-2.756e+00
-2.756e+00
-2.756e+00
-2.756e+00
-2.756e+00
-2.756e+00
-2.756e+00
-2.756e+00
-2.756e+00
-2.756e+00
-2.756e+00
-2.756e+00
-2.755e+00
-2.581e+00
-3.056e+00
-2.756e+00
-2.756e+00
-2.756e+00
-2.756e+00
-2.756e+00
-2.756e+00
-2.756e+00
-2.756e+00
-2.756e+00
-2.756e+00
-2.756e+00
-2.756e+00
-2.756e+00
-2.756e+00
-2.756e+00
-2.756e+00
-2.756e+00
-2.756e+00
-2.755e+00
-2.581e+00
-3.056e+00
-2.756e+00
-2.756e+00
-2.756e+00
-2.756e+00
-2.756e+00
-2.756e+00
-2.756e+00
-2.756e+00
-2.756e+00
-2.756e+00
-2.756e+00
-2.756e+00
-2.756e+00
-2.756e+00
-2.756e+00
-2.756e+00
-2.756e+00
-2.756e+00
-2.755e+00
-2.581e+00
-3.056e+00
-2.756e+00
-2.756e+00
-2.756e+00
-2.756e+00
-2.756e+00
-2.756e+00
-2.756e+00
-2.756e+00
-2.756e+00
-2.756e+00
-2.756e+00
-2.756e+00
-2.756e+00
-2.756e+00
-2.756e+00
-2.756e+00
-2.756e+00
-2.756e+00
-2.755e+00
-2.581e+00
-3.056e+00
-2.756e+00
-2.756e+00
-2.756e+00
-2.756e+00
-2.756e+00
-2.756e+00
-2.756e+00
-2.756e+00
-2.756e+00
-2.756e+00
-2.756e+00
-2.756e+00
-2.756e+00
-2.756e+00
-2.756e+00
-2.756e+00
-2.756e+00
-2.756e+00
-2.755e+00
-2.581e+00
-3.088e+00
-2.757e+00
-2.757e+00
-2.757e+00
-2.757e+00
-2.757e+00
-2.757e+00
-2.757e+00
-2.757e+00
-2.757e+00
-2.757e+00
-2.757e+00
-2.757e+00
-2.757e+00
-2.757e+00
-2.757e+00
-2.757e+00
-2.757e+00
-2.757e+00
-2.757e+00
-2.580e+00
-1.054e+02
-4.075e+01
-4.036e+01
-4.036e+01
-4.036e+01
-4.036e+01
-4.036e+01
-4.036e+01
-4.036e+01
-4.036e+01
-4.036e+01
-4.036e+01
-4.036e+01
-4.036e+01
-4.036e+01
-4.036e+01
-4.036e+01
-4.036e+01
-4.036e+01
-4.029e+01
-1.852e+01
-1.966e+02
-5.590e+01
-5.568e+01
-5.568e+01
-5.568e+01
-5.568e+01
-5.568e+01
-5.568e+01
-5.568e+01
-5.568e+01
-5.568e+01
-5.568e+01
-5.568e+01
-5.568e+01
-5.568e+01
-5.568e+01
-5.568e+01
-5.568e+01
-5.568e+01
-5.497e+01
-1.635e+01
-1.966e+02
-5.590e+01
-5.569e+01
-5.569e+01
-5.569e+01
-5.569e+01
-5.569e+01
-5.569e+01
-5.569e+01
-5.569e+01
-5.569e+01
-5.569e+01
-5.569e+01
-5.569e+01
-5.569e+01
-5.569e+01
-5.569e+01
-5.569e+01
-5.568e+01
-5.497e+01
-1.635e+01
-1.966e+02
-5.590e+01
-5.569e+01
-5.569e+01
-5.569e+01
-5.569e+01
-5.569e+01
-5.569e+01
-5.569e+01
-5.569e+01
-5.569e+01
-5.569e+01
-5.569e+01
-5.569e+01
-5.569e+01
-5.569e+01
-5.569e+01
-5.569e+01
-5.568e+01
-5.497e+01
-1.635e+01
-1.966e+02
-5.590e+01
-5.569e+01
-5.569e+01
-5.569e+01
-5.569e+01
-5.569e+01
-5.569e+01
-5.569e+01
-5.569e+01
-5.569e+01
-5.569e+01
-5.569e+01
-5.569e+01
-5.569e+01
-5.569e+01
-5.569e+01
-5.569e+01
-5.568e+01
-5.497e+01
-1.635e+01
-1.966e+02
-5.590e+01
-5.569e+01
-5.569e+01
-5.569e+01
-5.569e+01
-5.569e+01
-5.569e+01
-5.569e+01
-5.569e+01
-5.569e+01
-5.569e+01
-5.569e+01
-5.569e+01
-5.569e+01
-5.569e+01
-5.569e+01
-5.569e+01
-5.568e+01
-5.497e+01
-1.635e+01
-1.966e+02
-5.590e+01
-5.569e+01
-5.569e+01
-5.569e+01
-5.569e+01
-5.569e+01
-5.569e+01
-5.569e+01
-5.569e+01
-5.569e+01
-5.569e+01
-5.569e+01
-5.569e+01
-5.569e+01
-5.569e+01
-5.569e+01
-5.569e+01
-5.568e+01
-5.497e+01
-1.635e+01
-1.966e+02
-5.590e+01
-5.569e+01
-5.569e+01
-5.569e+01
-5.569e+01
-5.569e+01
-5.569e+01
-5.569e+01
-5.569e+01
-5.569e+01
-5.569e+01
-5.569e+01
-5.569e+01
-5.569e+01
-5.569e+01
-5.569e+01
-5.569e+01
-5.568e+01
-5.497e+01
-1.635e+01
-1.966e+02
-5.590e+01
-5.568e+01
-5.568e+01
-5.568e+01
-5.568e+01
-5.568e+01
-5.568e+01
-5.568e+01
-5.568e+01
-5.568e+01
-5.568e+01
-5.568e+01
-5.568e+01
-5.568e+01
-5.568e+01
-5.568e+01
-5.568e+01
-5.568e+01
-5.497e+01
-1.635e+01
-1.893e+02
-5.517e+01
-5.497e+01
-5.497e+01
-5.497e+01
-5.497e+01
-5.497e+01
-5.497e+01
-5.497e+01
-5.497e+01
-5.497e+01
-5.497e+01
-5.497e+01
-5.497e+01
-5.497e+01
-5.497e+01
-5.497e+01
-5.497e+01
-5.497e+01
-5.434e+01
-1.637e+01
-5.492e+01
-1.631e+01
-1.635e+01
-1.635e+01
-1.635e+01
-1.635e+01
-1.635e+01
-1.635e+01
-1.635e+01
-1.635e+01
-1.635e+01
-1.635e+01
-1.635e+01
-1.635e+01
-1.635e+01
-1.635e+01
-1.635e+01
-1.635e+01
-1.635e+01
-1.637e+01
-1.178e+01
-3.017e+00
-2.900e+00
-2.900e+00
-2.900e+00
-2.900e+00
-2.900e+00
-2.900e+00
-2.900e+00
-2.900e+00
-2.900e+00
-2.900e+00
-2.900e+00
-2.900e+00
-2.900e+00
-2.900e+00
-2.900e+00
-2.900e+00
-2.900e+00
-2.900e+00
-2.901e+00
-2.741e+00
-2.900e+00
-2.741e+00
-2.741e+00
-2.741e+00
-2.741e+00
-2.741e+00
-2.741e+00
-2.741e+00
-2.741e+00
-2.741e+00
-2.741e+00
-2.741e+00
-2.741e+00
-2.741e+00
-2.741e+00
-2.741e+00
-2.741e+00
-2.741e+00
-2.741e+00
-2.741e+00
-2.634e+00
-2.900e+00
-2.741e+00
-2.741e+00
-2.741e+00
-2.741e+00
-2.741e+00
-2.741e+00
-2.741e+00
-2.741e+00
-2.741e+00
-2.741e+00
-2.741e+00
-2.741e+00
-2.741e+00
-2.741e+00
-2.741e+00
-2.741e+00
-2.741e+00
-2.741e+00
-2.741e+00
-2.634e+00
-2.900e+00
-2.741e+00
-2.741e+00
-2.741e+00
-2.741e+00
-2.741e+00
-2.741e+00
-2.741e+00
-2.741e+00
-2.741e+00
-2.741e+00
-2.741e+00
-2.741e+00
-2.741e+00
-2.741e+00
-2.741e+00
-2.741e+00
-2.741e+00
-2.741e+00
-2.741e+00
-2.634e+00
-2.900e+00
-2.741e+00
-2.741e+00
-2.741e+00
-2.741e+00
-2.741e+00
-2.741e+00
-2.741e+00
-2.741e+00
-2.741e+00
-2.741e+00
-2.741e+00
-2.741e+00
-2.741e+00
-2.741e+00
-2.741e+00
-2.741e+00
-2.741e+00
-2.741e+00
-2.741e+00
-2.634e+00
-2.900e+00
-2.741e+00
-2.741e+00
-2.741e+00
-2.741e+00
-2.741e+00
-2.741e+00
-2.741e+00
-2.741e+00
-2.741e+00
-2.741e+00
-2.741e+00
-2.741e+00
-2.741e+00
-2.741e+00
-2.741e+00
-2.741e+00
-2.741e+00
-2.741e+00
-2.741e+00
-2.634e+00
-2.900e+00
-2.741e+00
-2.741e+00
-2.741e+00
-2.741e+00
-2.741e+00
-2.741e+00
-2.741e+00
-2.741e+00
-2.741e+00
-2.741e+00
-2.741e+00
-2.741e+00
-2.741e+00
-2.741e+00
-2.741e+00
-2.741e+00
-2.741e+00
-2.741e+00
-2.741e+00
-2.634e+00
-2.900e+00
-2.741e+00
-2.741e+00
-2.741e+00
-2.741e+00
-2.741e+00
-2.741e+00
-2.741e+00
-2.741e+00
-2.741e+00
-2.741e+00
-2.741e+00
-2.741e+00
-2.741e+00
-2.741e+00
-2.741e+00
-2.741e+00
-2.741e+00
-2.741e+00
-2.741e+00
-2.634e+00
-2.900e+00
-2.741e+00
-2.741e+00
-2.741e+00
-2.741e+00
-2.741e+00
-2.741e+00
-2.741e+00
-2.741e+00
-2.741e+00
-2.741e+00
-2.741e+00
-2.741e+00
-2.741e+00
-2.741e+00
-2.741e+00
-2.741e+00
-2.741e+00
-2.741e+00
-2.741e+00
-2.634e+00
-2.899e+00
-2.742e+00
-2.742e+00
-2.742e+00
-2.742e+00
-2.742e+00
-2.742e+00
-2.742e+00
-2.742e+00
-2.742e+00
-2.742e+00
-2.742e+00
-2.742e+00
-2.742e+00
-2.742e+00
-2.742e+00
-2.742e+00
-2.742e+00
-2.742e+00
-2.742e+00
-2.635e+00
-8.977e+01
-3.617e+01
-3.610e+01
-3.610e+01
-3.610e+01
-3.610e+01
-3.610e+01
-3.610e+01
-3.610e+01
-3.610e+01
-3.610e+01
-3.610e+01
-3.610e+01
-3.610e+01
-3.610e+01
-3.610e+01
-3.610e+01
-3.610e+01
-3.610e+01
-3.607e+01
-2.001e+01
-8.098e+01
-3.771e+01
-3.772e+01
-3.772e+01
-3.772e+01
-3.772e+01
-3.772e+01
-3.772e+01
-3.772e+01
-3.772e+01
-3.772e+01
-3.772e+01
-3.772e+01
-3.772e+01
-3.772e+01
-3.772e+01
-3.772e+01
-3.772e+01
-3.772e+01
-3.780e+01
-2.245e+01
-8.100e+01
-3.771e+01
-3.771e+01
-3.771e+01
-3.771e+01
-3.771e+01
-3.771e+01
-3.771e+01
-3.771e+01
-3.771e+01
-3.771e+01
-3.771e+01
-3.771e+01
-3.771e+01
-3.771e+01
-3.771e+01
-3.771e+01
-3.771e+01
-3.772e+01
-3.780e+01
-2.245e+01
-8.100e+01
-3.771e+01
-3.771e+01
-3.771e+01
-3.771e+01
-3.771e+01
-3.771e+01
-3.771e+01
-3.771e+01
-3.771e+01
-3.771e+01
-3.771e+01
-3.771e+01
-3.771e+01
-3.771e+01
-3.771e+01
-3.771e+01
-3.771e+01
-3.772e+01
-3.780e+01
-2.245e+01
-8.100e+01
-3.771e+01
-3.771e+01
-3.771e+01
-3.771e+01
-3.771e+01
-3.771e+01
-3.771e+01
-3.771e+01
-3.771e+01
-3.771e+01
-3.771e+01
-3.771e+01
-3.771e+01
-3.771e+01
-3.771e+01
-3.771e+01
-3.771e+01
-3.772e+01
-3.780e+01
-2.245e+01
-8.100e+01
-3.771e+01
-3.771e+01
-3.771e+01
-3.771e+01
-3.771e+01
-3.771e+01
-3.771e+01
-3.771e+01
-3.771e+01
-3.771e+01
-3.771e+01
-3.771e+01
-3.771e+01
-3.771e+01
-3.771e+01
-3.771e+01
-3.771e+01
-3.772e+01
-3.780e+01
-2.245e+01
-8.100e+01
-3.771e+01
-3.771e+01
-3.771e+01
-3.771e+01
-3.771e+01
-3.771e+01
-3.771e+01
-3.771e+01
-3.771e+01
-3.771e+01
-3.771e+01
-3.771e+01
-3.771e+01
-3.771e+01
-3.771e+01
-3.771e+01
-3.771e+01
-3.772e+01
-3.780e+01
-2.245e+01
-8.100e+01
-3.771e+01
-3.771e+01
-3.771e+01
-3.771e+01
-3.771e+01
-3.771e+01
-3.771e+01
-3.771e+01
-3.771e+01
-3.771e+01
-3.771e+01
-3.771e+01
-3.771e+01
-3.771e+01
-3.771e+01
-3.771e+01
-3.771e+01
-3.772e+01
-3.780e+01
-2.245e+01
-8.104e+01
-3.771e+01
-3.772e+01
-3.772e+01
-3.772e+01
-3.772e+01
-3.772e+01
-3.772e+01
-3.772e+01
-3.772e+01
-3.772e+01
-3.772e+01
-3.772e+01
-3.772e+01
-3.772e+01
-3.772e+01
-3.772e+01
-3.772e+01
-3.772e+01
-3.780e+01
-2.245e+01
-8.592e+01
-3.781e+01
-3.780e+01
-3.780e+01
-3.780e+01
-3.780e+01
-3.780e+01
-3.780e+01
-3.780e+01
-3.780e+01
-3.780e+01
-3.780e+01
-3.780e+01
-3.780e+01
-3.780e+01
-3.780e+01
-3.780e+01
-3.780e+01
-3.780e+01
-3.790e+01
-2.243e+01
-3.786e+01
-2.249e+01
-2.245e+01
-2.245e+01
-2.245e+01
-2.245e+01
-2.245e+01
-2.245e+01
-2.245e+01
-2.245e+01
-2.245e+01
-2.245e+01
-2.245e+01
-2.245e+01
-2.245e+01
-2.245e+01
-2.245e+01
-2.245e+01
-2.245e+01
-2.243e+01
-1.845e+01
-2.813e+00
-2.771e+00
-2.771e+00
-2.771e+00
-2.771e+00
-2.771e+00
-2.771e+00
-2.771e+00
-2.771e+00
-2.771e+00
-2.771e+00
-2.771e+00
-2.771e+00
-2.771e+00
-2.771e+00
-2.771e+00
-2.771e+00
-2.771e+00
-2.771e+00
-2.771e+00
-2.700e+00
-2.771e+00
-2.700e+00
-2.700e+00
-2.700e+00
-2.700e+00
-2.700e+00
-2.700e+00
-2.700e+00
-2.700e+00
-2.700e+00
-2.700e+00
-2.700e+00
-2.700e+00
-2.700e+00
-2.700e+00
-2.700e+00
-2.700e+00
-2.700e+00
-2.700e+00
-2.700e+00
-2.642e+00
-2.771e+00
-2.700e+00
-2.700e+00
-2.700e+00
-2.700e+00
-2.700e+00
-2.700e+00
-2.700e+00
-2.700e+00
-2.700e+00
-2.700e+00
-2.700e+00
-2.700e+00
-2.700e+00
-2.700e+00
-2.700e+00
-2.700e+00
-2.700e+00
-2.700e+00
-2.700e+00
-2.642e+00
-2.771e+00
-2.700e+00
-2.700e+00
-2.700e+00
-2.700e+00
-2.700e+00
-2.700e+00
-2.700e+00
-2.700e+00
-2.700e+00
-2.700e+00
-2.700e+00
-2.700e+00
-2.700e+00
-2.700e+00
-2.700e+00
-2.700e+00
-2.700e+00
-2.700e+00
-2.700e+00
-2.642e+00
-2.771e+00
-2.700e+00
-2.700e+00
-2.700e+00
-2.700e+00
-2.700e+00
-2.700e+00
-2.700e+00
-2.700e+00
-2.700e+00
-2.700e+00
-2.700e+00
-2.700e+00
-2.700e+00
-2.700e+00
-2.700e+00
-2.700e+00
-2.700e+00
-2.700e+00
-2.700e+00
-2.642e+00
-2.771e+00
-2.700e+00
-2.700e+00
-2.700e+00
-2.700e+00
-2.700e+00
-2.700e+00
-2.700e+00
-2.700e+00
-2.700e+00
-2.700e+00
-2.700e+00
-2.700e+00
-2.700e+00
-2.700e+00
-2.700e+00
-2.700e+00
-2.700e+00
-2.700e+00
-2.700e+00
-2.642e+00
-2.771e+00
-2.700e+00
-2.700e+00
-2.700e+00
-2.700e+00
-2.700e+00
-2.700e+00
-2.700e+00
-2.700e+00
-2.700e+00
-2.700e+00
-2.700e+00
-2.700e+00
-2.700e+00
-2.700e+00
-2.700e+00
-2.700e+00
-2.700e+00
-2.700e+00
-2.700e+00
-2.642e+00
-2.771e+00
-2.700e+00
-2.700e+00
-2.700e+00
-2.700e+00
-2.700e+00
-2.700e+00
-2.700e+00
-2.700e+00
-2.700e+00
-2.700e+00
-2.700e+00
-2.700e+00
-2.700e+00
-2.700e+00
-2.700e+00
-2.700e+00
-2.700e+00
-2.700e+00
-2.700e+00
-2.642e+00
-2.771e+00
-2.700e+00
-2.700e+00
-2.700e+00
-2.700e+00
-2.700e+00
-2.700e+00
-2.700e+00
-2.700e+00
-2.700e+00
-2.700e+00
-2.700e+00
-2.700e+00
-2.700e+00
-2.700e+00
-2.700e+00
-2.700e+00
-2.700e+00
-2.700e+00
-2.700e+00
-2.642e+00
-2.769e+00
-2.701e+00
-2.701e+00
-2.701e+00
-2.701e+00
-2.701e+00
-2.701e+00
-2.701e+00
-2.701e+00
-2.701e+00
-2.701e+00
-2.701e+00
-2.701e+00
-2.701e+00
-2.701e+00
-2.701e+00
-2.701e+00
-2.701e+00
-2.701e+00
-2.701e+00
-2.642e+00
-2.722e+01
-1.927e+01
-1.929e+01
-1.929e+01
-1.929e+01
-1.929e+01
-1.929e+01
-1.929e+01
-1.929e+01
-1.929e+01
-1.929e+01
-1.929e+01
-1.929e+01
-1.929e+01
-1.929e+01
-1.929e+01
-1.929e+01
-1.929e+01
-1.929e+01
-1.930e+01
-1.494e+01
-2.464e+01
-1.863e+01
-1.863e+01
-1.863e+01
-1.863e+01
-1.863e+01
-1.863e+01
-1.863e+01
-1.863e+01
-1.863e+01
-1.863e+01
-1.863e+01
-1.863e+01
-1.863e+01
-1.863e+01
-1.863e+01
-1.863e+01
-1.863e+01
-1.863e+01
-1.864e+01
-1.491e+01
-2.464e+01
-1.863e+01
-1.863e+01
-1.863e+01
-1.863e+01
-1.863e+01
-1.863e+01
-1.863e+01
-1.863e+01
-1.863e+01
-1.863e+01
-1.863e+01
-1.863e+01
-1.863e+01
-1.863e+01
-1.863e+01
-1.863e+01
-1.863e+01
-1.863e+01
-1.864e+01
-1.491e+01
-2.464e+01
-1.863e+01
-1.863e+01
-1.863e+01
-1.863e+01
-1.863e+01
-1.863e+01
-1.863e+01
-1.863e+01
-1.863e+01
-1.863e+01
-1.863e+01
-1.863e+01
-1.863e+01
-1.863e+01
-1.863e+01
-1.863e+01
-1.863e+01
-1.863e+01
-1.864e+01
-1.491e+01
-2.464e+01
-1.863e+01
-1.863e+01
-1.863e+01
-1.863e+01
-1.863e+01
-1.863e+01
-1.863e+01
-1.863e+01
-1.863e+01
-1.863e+01
-1.863e+01
-1.863e+01
-1.863e+01
-1.863e+01
-1.863e+01
-1.863e+01
-1.863e+01
-1.863e+01
-1.864e+01
-1.491e+01
-2.464e+01
-1.863e+01
-1.863e+01
-1.863e+01
-1.863e+01
-1.863e+01
-1.863e+01
-1.863e+01
-1.863e+01
-1.863e+01
-1.863e+01
-1.863e+01
-1.863e+01
-1.863e+01
-1.863e+01
-1.863e+01
-1.863e+01
-1.863e+01
-1.863e+01
-1.864e+01
-1.491e+01
-2.464e+01
-1.863e+01
-1.863e+01
-1.863e+01
-1.863e+01
-1.863e+01
-1.863e+01
-1.863e+01
-1.863e+01
-1.863e+01
-1.863e+01
-1.863e+01
-1.863e+01
-1.863e+01
-1.863e+01
-1.863e+01
-1.863e+01
-1.863e+01
-1.863e+01
-1.864e+01
-1.491e+01
-2.464e+01
-1.863e+01
-1.863e+01
-1.863e+01
-1.863e+01
-1.863e+01
-1.863e+01
-1.863e+01
-1.863e+01
-1.863e+01
-1.863e+01
-1.863e+01
-1.863e+01
-1.863e+01
-1.863e+01
-1.863e+01
-1.863e+01
-1.863e+01
-1.863e+01
-1.864e+01
-1.491e+01
-2.464e+01
-1.863e+01
-1.863e+01
-1.863e+01
-1.863e+01
-1.863e+01
-1.863e+01
-1.863e+01
-1.863e+01
-1.863e+01
-1.863e+01
-1.863e+01
-1.863e+01
-1.863e+01
-1.863e+01
-1.863e+01
-1.863e+01
-1.863e+01
-1.863e+01
-1.864e+01
-1.491e+01
-2.468e+01
-1.864e+01
-1.864e+01
-1.864e+01
-1.864e+01
-1.864e+01
-1.864e+01
-1.864e+01
-1.864e+01
-1.864e+01
-1.864e+01
-1.864e+01
-1.864e+01
-1.864e+01
-1.864e+01
-1.864e+01
-1.864e+01
-1.864e+01
-1.864e+01
-1.865e+01
-1.491e+01
-1.865e+01
-1.492e+01
-1.491e+01
-1.491e+01
-1.491e+01
-1.491e+01
-1.491e+01
-1.491e+01
-1.491e+01
-1.491e+01
-1.491e+01
-1.491e+01
-1.491e+01
-1.491e+01
-1.491e+01
-1.491e+01
-1.491e+01
-1.491e+01
-1.491e+01
-1.491e+01
-1.356e+01
-2.706e+00
-2.682e+00
-2.682e+00
-2.682e+00
-2.682e+00
-2.682e+00
-2.682e+00
-2.682e+00
-2.682e+00
-2.682e+00
-2.682e+00
-2.682e+00
-2.682e+00
-2.682e+00
-2.682e+00
-2.682e+00
-2.682e+00
-2.682e+00
-2.682e+00
-2.682e+00
-2.640e+00
-2.682e+00
-2.640e+00
-2.640e+00
-2.640e+00
-2.640e+00
-2.640e+00
-2.640e+00
-2.640e+00
-2.640e+00
-2.640e+00
-2.640e+00
-2.640e+00
-2.640e+00
-2.640e+00
-2.640e+00
-2.640e+00
-2.640e+00
-2.640e+00
-2.640e+00
-2.640e+00
-2.601e+00
-2.682e+00
-2.640e+00
-2.640e+00
-2.640e+00
-2.640e+00
-2.640e+00
-2.640e+00
-2.640e+00
-2.640e+00
-2.640e+00
-2.640e+00
-2.640e+00
-2.640e+00
-2.640e+00
-2.640e+00
-2.640e+00
-2.640e+00
-2.640e+00
-2.640e+00
-2.640e+00
-2.601e+00
-2.682e+00
-2.640e+00
-2.640e+00
-2.640e+00
-2.640e+00
-2.640e+00
-2.640e+00
-2.640e+00
-2.640e+00
-2.640e+00
-2.640e+00
-2.640e+00
-2.640e+00
-2.640e+00
-2.640e+00
-2.640e+00
-2.640e+00
-2.640e+00
-2.640e+00
-2.640e+00
-2.601e+00
-2.682e+00
-2.640e+00
-2.640e+00
-2.640e+00
-2.640e+00
-2.640e+00
-2.640e+00
-2.640e+00
-2.640e+00
-2.640e+00
-2.640e+00
-2.640e+00
-2.640e+00
-2.640e+00
-2.640e+00
-2.640e+00
-2.640e+00
-2.640e+00
-2.640e+00
-2.640e+00
-2.601e+00
-2.682e+00
-2.640e+00
-2.640e+00
-2.640e+00
-2.640e+00
-2.640e+00
-2.640e+00
-2.640e+00
-2.640e+00
-2.640e+00
-2.640e+00
-2.640e+00
-2.640e+00
-2.640e+00
-2.640e+00
-2.640e+00
-2.640e+00
-2.640e+00
-2.640e+00
-2.640e+00
-2.601e+00
-2.682e+00
-2.640e+00
-2.640e+00
-2.640e+00
-2.640e+00
-2.640e+00
-2.640e+00
-2.640e+00
-2.640e+00
-2.640e+00
-2.640e+00
-2.640e+00
-2.640e+00
-2.640e+00
-2.640e+00
-2.640e+00
-2.640e+00
-2.640e+00
-2.640e+00
-2.640e+00
-2.601e+00
-2.682e+00
-2.640e+00
-2.640e+00
-2.640e+00
-2.640e+00
-2.640e+00
-2.640e+00
-2.640e+00
-2.640e+00
-2.640e+00
-2.640e+00
-2.640e+00
-2.640e+00
-2.640e+00
-2.640e+00
-2.640e+00
-2.640e+00
-2.640e+00
-2.640e+00
-2.640e+00
-2.601e+00
-2.682e+00
-2.640e+00
-2.640e+00
-2.640e+00
-2.640e+00
-2.640e+00
-2.640e+00
-2.640e+00
-2.640e+00
-2.640e+00
-2.640e+00
-2.640e+00
-2.640e+00
-2.640e+00
-2.640e+00
-2.640e+00
-2.640e+00
-2.640e+00
-2.640e+00
-2.640e+00
-2.601e+00
-2.682e+00
-2.640e+00
-2.640e+00
-2.640e+00
-2.640e+00
-2.640e+00
-2.640e+00
-2.640e+00
-2.640e+00
-2.640e+00
-2.640e+00
-2.640e+00
-2.640e+00
-2.640e+00
-2.640e+00
-2.640e+00
-2.640e+00
-2.640e+00
-2.640e+00
-2.640e+00
-2.601e+00
-1.023e+01
-9.162e+00
-9.164e+00
-9.164e+00
-9.164e+00
-9.164e+00
-9.164e+00
-9.164e+00
-9.164e+00
-9.164e+00
-9.164e+00
-9.164e+00
-9.164e+00
-9.164e+00
-9.164e+00
-9.164e+00
-9.164e+00
-9.164e+00
-9.164e+00
-9.164e+00
-8.304e+00
-1.014e+01
-9.066e+00
-9.067e+00
-9.067e+00
-9.067e+00
-9.067e+00
-9.067e+00
-9.067e+00
-9.067e+00
-9.067e+00
-9.067e+00
-9.067e+00
-9.067e+00
-9.067e+00
-9.067e+00
-9.067e+00
-9.067e+00
-9.067e+00
-9.067e+00
-9.067e+00
-8.226e+00
-1.014e+01
-9.067e+00
-9.067e+00
-9.067e+00
-9.067e+00
-9.067e+00
-9.067e+00
-9.067e+00
-9.067e+00
-9.067e+00
-9.067e+00
-9.067e+00
-9.067e+00
-9.067e+00
-9.067e+00
-9.067e+00
-9.067e+00
-9.067e+00
-9.067e+00
-9.067e+00
-8.226e+00
-1.014e+01
-9.067e+00
-9.067e+00
-9.067e+00
-9.067e+00
-9.067e+00
-9.067e+00
-9.067e+00
-9.067e+00
-9.067e+00
-9.067e+00
-9.067e+00
-9.067e+00
-9.067e+00
-9.067e+00
-9.067e+00
-9.067e+00
-9.067e+00
-9.067e+00
-9.067e+00
-8.226e+00
-1.014e+01
-9.067e+00
-9.067e+00
-9.067e+00
-9.067e+00
-9.067e+00
-9.067e+00
-9.067e+00
-9.067e+00
-9.067e+00
-9.067e+00
-9.067e+00
-9.067e+00
-9.067e+00
-9.067e+00
-9.067e+00
-9.067e+00
-9.067e+00
-9.067e+00
-9.067e+00
-8.226e+00
-1.014e+01
-9.067e+00
-9.067e+00
-9.067e+00
-9.067e+00
-9.067e+00
-9.067e+00
-9.067e+00
-9.067e+00
-9.067e+00
-9.067e+00
-9.067e+00
-9.067e+00
-9.067e+00
-9.067e+00
-9.067e+00
-9.067e+00
-9.067e+00
-9.067e+00
-9.067e+00
-8.226e+00
-1.014e+01
-9.067e+00
-9.067e+00
-9.067e+00
-9.067e+00
-9.067e+00
-9.067e+00
-9.067e+00
-9.067e+00
-9.067e+00
-9.067e+00
-9.067e+00
-9.067e+00
-9.067e+00
-9.067e+00
-9.067e+00
-9.067e+00
-9.067e+00
-9.067e+00
-9.067e+00
-8.226e+00
-1.014e+01
-9.067e+00
-9.067e+00
-9.067e+00
-9.067e+00
-9.067e+00
-9.067e+00
-9.067e+00
-9.067e+00
-9.067e+00
-9.067e+00
-9.067e+00
-9.067e+00
-9.067e+00
-9.067e+00
-9.067e+00
-9.067e+00
-9.067e+00
-9.067e+00
-9.067e+00
-8.226e+00
-1.014e+01
-9.067e+00
-9.067e+00
-9.067e+00
-9.067e+00
-9.067e+00
-9.067e+00
-9.067e+00
-9.067e+00
-9.067e+00
-9.067e+00
-9.067e+00
-9.067e+00
-9.067e+00
-9.067e+00
-9.067e+00
-9.067e+00
-9.067e+00
-9.067e+00
-9.067e+00
-8.226e+00
-1.014e+01
-9.067e+00
-9.067e+00
-9.067e+00
-9.067e+00
-9.067e+00
-9.067e+00
-9.067e+00
-9.067e+00
-9.067e+00
-9.067e+00
-9.067e+00
-9.067e+00
-9.067e+00
-9.067e+00
-9.067e+00
-9.067e+00
-9.067e+00
-9.067e+00
-9.067e+00
-8.226e+00
-9.067e+00
-8.225e+00
-8.226e+00
-8.226e+00
-8.226e+00
-8.226e+00
-8.226e+00
-8.226e+00
-8.226e+00
-8.226e+00
-8.226e+00
-8.226e+00
-8.226e+00
-8.226e+00
-8.226e+00
-8.226e+00
-8.226e+00
-8.226e+00
-8.226e+00
-8.226e+00
-7.872e+00
-2.607e+00
-2.592e+00
-2.592e+00
-2.592e+00
-2.592e+00
-2.592e+00
-2.592e+00
-2.592e+00
-2.592e+00
-2.592e+00
-2.592e+00
-2.592e+00
-2.592e+00
-2.592e+00
-2.592e+00
-2.592e+00
-2.592e+00
-2.592e+00
-2.592e+00
-2.592e+00
-2.563e+00
-2.592e+00
-2.563e+00
-2.563e+00
-2.563e+00
-2.563e+00
-2.563e+00
-2.563e+00
-2.563e+00
-2.563e+00
-2.563e+00
-2.563e+00
-2.563e+00
-2.563e+00
-2.563e+00
-2.563e+00
-2.563e+00
-2.563e+00
-2.563e+00
-2.563e+00
-2.563e+00
-2.536e+00
-2.592e+00
-2.563e+00
-2.563e+00
-2.563e+00
-2.563e+00
-2.563e+00
-2.563e+00
-2.563e+00
-2.563e+00
-2.563e+00
-2.563e+00
-2.563e+00
-2.563e+00
-2.563e+00
-2.563e+00
-2.563e+00
-2.563e+00
-2.563e+00
-2.563e+00
-2.563e+00
-2.536e+00
-2.592e+00
-2.563e+00
-2.563e+00
-2.563e+00
-2.563e+00
-2.563e+00
-2.563e+00
-2.563e+00
-2.563e+00
-2.563e+00
-2.563e+00
-2.563e+00
-2.563e+00
-2.563e+00
-2.563e+00
-2.563e+00
-2.563e+00
-2.563e+00
-2.563e+00
-2.563e+00
-2.536e+00
-2.592e+00
-2.563e+00
-2.563e+00
-2.563e+00
-2.563e+00
-2.563e+00
-2.563e+00
-2.563e+00
-2.563e+00
-2.563e+00
-2.563e+00
-2.563e+00
-2.563e+00
-2.563e+00
-2.563e+00
-2.563e+00
-2.563e+00
-2.563e+00
-2.563e+00
-2.563e+00
-2.536e+00
-2.592e+00
-2.563e+00
-2.563e+00
-2.563e+00
-2.563e+00
-2.563e+00
-2.563e+00
-2.563e+00
-2.563e+00
-2.563e+00
-2.563e+00
-2.563e+00
-2.563e+00
-2.563e+00
-2.563e+00
-2.563e+00
-2.563e+00
-2.563e+00
-2.563e+00
-2.563e+00
-2.536e+00
-2.592e+00
-2.563e+00
-2.563e+00
-2.563e+00
-2.563e+00
-2.563e+00
-2.563e+00
-2.563e+00
-2.563e+00
-2.563e+00
-2.563e+00
-2.563e+00
-2.563e+00
-2.563e+00
-2.563e+00
-2.563e+00
-2.563e+00
-2.563e+00
-2.563e+00
-2.563e+00
-2.536e+00
-2.592e+00
-2.563e+00
-2.563e+00
-2.563e+00
-2.563e+00
-2.563e+00
-2.563e+00
-2.563e+00
-2.563e+00
-2.563e+00
-2.563e+00
-2.563e+00
-2.563e+00
-2.563e+00
-2.563e+00
-2.563e+00
-2.563e+00
-2.563e+00
-2.563e+00
-2.563e+00
-2.536e+00
-2.592e+00
-2.563e+00
-2.563e+00
-2.563e+00
-2.563e+00
-2.563e+00
-2.563e+00
-2.563e+00
-2.563e+00
-2.563e+00
-2.563e+00
-2.563e+00
-2.563e+00
-2.563e+00
-2.563e+00
-2.563e+00
-2.563e+00
-2.563e+00
-2.563e+00
-2.563e+00
-2.536e+00
-2.592e+00
-2.563e+00
-2.563e+00
-2.563e+00
-2.563e+00
-2.563e+00
-2.563e+00
-2.563e+00
-2.563e+00
-2.563e+00
-2.563e+00
-2.563e+00
-2.563e+00
-2.563e+00
-2.563e+00
-2.563e+00
-2.563e+00
-2.563e+00
-2.563e+00
-2.563e+00
-2.536e+00
-5.200e+00
-4.975e+00
-4.976e+00
-4.976e+00
-4.976e+00
-4.976e+00
-4.976e+00
-4.976e+00
-4.976e+00
-4.976e+00
-4.976e+00
-4.976e+00
-4.976e+00
-4.976e+00
-4.976e+00
-4.976e+00
-4.976e+00
-4.976e+00
-4.976e+00
-4.976e+00
-4.778e+00
-5.192e+00
-4.962e+00
-4.963e+00
-4.963e+00
-4.963e+00
-4.963e+00
-4.963e+00
-4.963e+00
-4.963e+00
-4.963e+00
-4.963e+00
-4.963e+00
-4.963e+00
-4.963e+00
-4.963e+00
-4.963e+00
-4.963e+00
-4.963e+00
-4.963e+00
-4.963e+00
-4.761e+00
-5.192e+00
-4.962e+00
-4.963e+00
-4.963e+00
-4.963e+00
-4.963e+00
-4.963e+00
-4.963e+00
-4.963e+00
-4.963e+00
-4.963e+00
-4.963e+00
-4.963e+00
-4.963e+00
-4.963e+00
-4.963e+00
-4.963e+00
-4.963e+00
-4.963e+00
-4.963e+00
-4.761e+00
-5.192e+00
-4.962e+00
-4.963e+00
-4.963e+00
-4.963e+00
-4.963e+00
-4.963e+00
-4.963e+00
-4.963e+00
-4.963e+00
-4.963e+00
-4.963e+00
-4.963e+00
-4.963e+00
-4.963e+00
-4.963e+00
-4.963e+00
-4.963e+00
-4.963e+00
-4.963e+00
-4.761e+00
-5.192e+00
-4.962e+00
-4.963e+00
-4.963e+00
-4.963e+00
-4.963e+00
-4.963e+00
-4.963e+00
-4.963e+00
-4.963e+00
-4.963e+00
-4.963e+00
-4.963e+00
-4.963e+00
-4.963e+00
-4.963e+00
-4.963e+00
-4.963e+00
-4.963e+00
-4.963e+00
-4.761e+00
-5.192e+00
-4.962e+00
-4.963e+00
-4.963e+00
-4.963e+00
-4.963e+00
-4.963e+00
-4.963e+00
-4.963e+00
-4.963e+00
-4.963e+00
-4.963e+00
-4.963e+00
-4.963e+00
-4.963e+00
-4.963e+00
-4.963e+00
-4.963e+00
-4.963e+00
-4.963e+00
-4.761e+00
-5.192e+00
-4.962e+00
-4.963e+00
-4.963e+00
-4.963e+00
-4.963e+00
-4.963e+00
-4.963e+00
-4.963e+00
-4.963e+00
-4.963e+00
-4.963e+00
-4.963e+00
-4.963e+00
-4.963e+00
-4.963e+00
-4.963e+00
-4.963e+00
-4.963e+00
-4.963e+00
-4.761e+00
-5.192e+00
-4.962e+00
-4.963e+00
-4.963e+00
-4.963e+00
-4.963e+00
-4.963e+00
-4.963e+00
-4.963e+00
-4.963e+00
-4.963e+00
-4.963e+00
-4.963e+00
-4.963e+00
-4.963e+00
-4.963e+00
-4.963e+00
-4.963e+00
-4.963e+00
-4.963e+00
-4.761e+00
-5.192e+00
-4.962e+00
-4.963e+00
-4.963e+00
-4.963e+00
-4.963e+00
-4.963e+00
-4.963e+00
-4.963e+00
-4.963e+00
-4.963e+00
-4.963e+00
-4.963e+00
-4.963e+00
-4.963e+00
-4.963e+00
-4.963e+00
-4.963e+00
-4.963e+00
-4.963e+00
-4.761e+00
-5.192e+00
-4.963e+00
-4.963e+00
-4.963e+00
-4.963e+00
-4.963e+00
-4.963e+00
-4.963e+00
-4.963e+00
-4.963e+00
-4.963e+00
-4.963e+00
-4.963e+00
-4.963e+00
-4.963e+00
-4.963e+00
-4.963e+00
-4.963e+00
-4.963e+00
-4.963e+00
-4.761e+00
-4.962e+00
-4.760e+00
-4.761e+00
-4.761e+00
-4.761e+00
-4.761e+00
-4.761e+00
-4.761e+00
-4.761e+00
-4.761e+00
-4.761e+00
-4.761e+00
-4.761e+00
-4.761e+00
-4.761e+00
-4.761e+00
-4.761e+00
-4.761e+00
-4.761e+00
-4.761e+00
-4.671e+00
-2.474e+00
-2.473e+00
-2.473e+00
-2.473e+00
-2.473e+00
-2.473e+00
-2.473e+00
-2.473e+00
-2.473e+00
-2.473e+00
-2.473e+00
-2.473e+00
-2.473e+00
-2.473e+00
-2.473e+00
-2.473e+00
-2.473e+00
-2.473e+00
-2.473e+00
-2.474e+00
-2.472e+00
-2.473e+00
-2.472e+00
-2.472e+00
-2.472e+00
-2.472e+00
-2.472e+00
-2.472e+00
-2.472e+00
-2.472e+00
-2.472e+00
-2.472e+00
-2.472e+00
-2.472e+00
-2.472e+00
-2.472e+00
-2.472e+00
-2.472e+00
-2.472e+00
-2.472e+00
-2.472e+00
-2.470e+00
-2.473e+00
-2.472e+00
-2.472e+00
-2.472e+00
-2.472e+00
-2.472e+00
-2.472e+00
-2.472e+00
-2.472e+00
-2.472e+00
-2.472e+00
-2.472e+00
-2.472e+00
-2.472e+00
-2.472e+00
-2.472e+00
-2.472e+00
-2.472e+00
-2.472e+00
-2.472e+00
-2.470e+00
-2.473e+00
-2.472e+00
-2.472e+00
-2.472e+00
-2.472e+00
-2.472e+00
-2.472e+00
-2.472e+00
-2.472e+00
-2.472e+00
-2.472e+00
-2.472e+00
-2.472e+00
-2.472e+00
-2.472e+00
-2.472e+00
-2.472e+00
-2.472e+00
-2.472e+00
-2.472e+00
-2.470e+00
-2.473e+00
-2.472e+00
-2.472e+00
-2.472e+00
-2.472e+00
-2.472e+00
-2.472e+00
-2.472e+00
-2.472e+00
-2.472e+00
-2.472e+00
-2.472e+00
-2.472e+00
-2.472e+00
-2.472e+00
-2.472e+00
-2.472e+00
-2.472e+00
-2.472e+00
-2.472e+00
-2.470e+00
-2.473e+00
-2.472e+00
-2.472e+00
-2.472e+00
-2.472e+00
-2.472e+00
-2.472e+00
-2.472e+00
-2.472e+00
-2.472e+00
-2.472e+00
-2.472e+00
-2.472e+00
-2.472e+00
-2.472e+00
-2.472e+00
-2.472e+00
-2.472e+00
-2.472e+00
-2.472e+00
-2.470e+00
-2.473e+00
-2.472e+00
-2.472e+00
-2.472e+00
-2.472e+00
-2.472e+00
-2.472e+00
-2.472e+00
-2.472e+00
-2.472e+00
-2.472e+00
-2.472e+00
-2.472e+00
-2.472e+00
-2.472e+00
-2.472e+00
-2.472e+00
-2.472e+00
-2.472e+00
-2.472e+00
-2.470e+00
-2.473e+00
-2.472e+00
-2.472e+00
-2.472e+00
-2.472e+00
-2.472e+00
-2.472e+00
-2.472e+00
-2.472e+00
-2.472e+00
-2.472e+00
-2.472e+00
-2.472e+00
-2.472e+00
-2.472e+00
-2.472e+00
-2.472e+00
-2.472e+00
-2.472e+00
-2.472e+00
-2.470e+00
-2.473e+00
-2.472e+00
-2.472e+00
-2.472e+00
-2.472e+00
-2.472e+00
-2.472e+00
-2.472e+00
-2.472e+00
-2.472e+00
-2.472e+00
-2.472e+00
-2.472e+00
-2.472e+00
-2.472e+00
-2.472e+00
-2.472e+00
-2.472e+00
-2.472e+00
-2.472e+00
-2.470e+00
-2.473e+00
-2.472e+00
-2.472e+00
-2.472e+00
-2.472e+00
-2.472e+00
-2.472e+00
-2.472e+00
-2.472e+00
-2.472e+00
-2.472e+00
-2.472e+00
-2.472e+00
-2.472e+00
-2.472e+00
-2.472e+00
-2.472e+00
-2.472e+00
-2.472e+00
-2.472e+00
-2.470e+00
-3.130e+00
-3.129e+00
-3.129e+00
-3.129e+00
-3.129e+00
-3.129e+00
-3.129e+00
-3.129e+00
-3.129e+00
-3.129e+00
-3.129e+00
-3.129e+00
-3.129e+00
-3.129e+00
-3.129e+00
-3.129e+00
-3.129e+00
-3.129e+00
-3.129e+00
-3.129e+00
-3.128e+00
-3.129e+00
-3.127e+00
-3.127e+00
-3.127e+00
-3.127e+00
-3.127e+00
-3.127e+00
-3.127e+00
-3.127e+00
-3.127e+00
-3.127e+00
-3.127e+00
-3.127e+00
-3.127e+00
-3.127e+00
-3.127e+00
-3.127e+00
-3.127e+00
-3.127e+00
-3.127e+00
-3.124e+00
-3.129e+00
-3.127e+00
-3.127e+00
-3.127e+00
-3.127e+00
-3.127e+00
-3.127e+00
-3.127e+00
-3.127e+00
-3.127e+00
-3.127e+00
-3.127e+00
-3.127e+00
-3.127e+00
-3.127e+00
-3.127e+00
-3.127e+00
-3.127e+00
-3.127e+00
-3.127e+00
-3.124e+00
-3.129e+00
-3.127e+00
-3.127e+00
-3.127e+00
-3.127e+00
-3.127e+00
-3.127e+00
-3.127e+00
-3.127e+00
-3.127e+00
-3.127e+00
-3.127e+00
-3.127e+00
-3.127e+00
-3.127e+00
-3.127e+00
-3.127e+00
-3.127e+00
-3.127e+00
-3.127e+00
-3.124e+00
-3.129e+00
-3.127e+00
-3.127e+00
-3.127e+00
-3.127e+00
-3.127e+00
-3.127e+00
-3.127e+00
-3.127e+00
-3.127e+00
-3.127e+00
-3.127e+00
-3.127e+00
-3.127e+00
-3.127e+00
-3.127e+00
-3.127e+00
-3.127e+00
-3.127e+00
-3.127e+00
-3.124e+00
-3.129e+00
-3.127e+00
-3.127e+00
-3.127e+00
-3.127e+00
-3.127e+00
-3.127e+00
-3.127e+00
-3.127e+00
-3.127e+00
-3.127e+00
-3.127e+00
-3.127e+00
-3.127e+00
-3.127e+00
-3.127e+00
-3.127e+00
-3.127e+00
-3.127e+00
-3.127e+00
-3.124e+00
-3.129e+00
-3.127e+00
-3.127e+00
-3.127e+00
-3.127e+00
-3.127e+00
-3.127e+00
-3.127e+00
-3.127e+00
-3.127e+00
-3.127e+00
-3.127e+00
-3.127e+00
-3.127e+00
-3.127e+00
-3.127e+00
-3.127e+00
-3.127e+00
-3.127e+00
-3.127e+00
-3.124e+00
-3.129e+00
-3.127e+00
-3.127e+00
-3.127e+00
-3.127e+00
-3.127e+00
-3.127e+00
-3.127e+00
-3.127e+00
-3.127e+00
-3.127e+00
-3.127e+00
-3.127e+00
-3.127e+00
-3.127e+00
-3.127e+00
-3.127e+00
-3.127e+00
-3.127e+00
-3.127e+00
-3.124e+00
-3.129e+00
-3.127e+00
-3.127e+00
-3.127e+00
-3.127e+00
-3.127e+00
-3.127e+00
-3.127e+00
-3.127e+00
-3.127e+00
-3.127e+00
-3.127e+00
-3.127e+00
-3.127e+00
-3.127e+00
-3.127e+00
-3.127e+00
-3.127e+00
-3.127e+00
-3.127e+00
-3.124e+00
-3.129e+00
-3.127e+00
-3.127e+00
-3.127e+00
-3.127e+00
-3.127e+00
-3.127e+00
-3.127e+00
-3.127e+00
-3.127e+00
-3.127e+00
-3.127e+00
-3.127e+00
-3.127e+00
-3.127e+00
-3.127e+00
-3.127e+00
-3.127e+00
-3.127e+00
-3.127e+00
-3.124e+00
-3.127e+00
-3.124e+00
-3.124e+00
-3.124e+00
-3.124e+00
-3.124e+00
-3.124e+00
-3.124e+00
-3.124e+00
-3.124e+00
-3.124e+00
-3.124e+00
-3.124e+00
-3.124e+00
-3.124e+00
-3.124e+00
-3.124e+00
-3.124e+00
-3.124e+00
-3.124e+00
-3.122e+00
-2.509e+00
-2.462e+00
-2.462e+00
-2.462e+00
-2.462e+00
-2.462e+00
-2.462e+00
-2.462e+00
-2.462e+00
-2.462e+00
-2.462e+00
-2.462e+00
-2.462e+00
-2.462e+00
-2.462e+00
-2.462e+00
-2.462e+00
-2.462e+00
-2.462e+00
-2.462e+00
-2.386e+00
-2.462e+00
-2.386e+00
-2.386e+00
-2.386e+00
-2.386e+00
-2.386e+00
-2.386e+00
-2.386e+00
-2.386e+00
-2.386e+00
-2.386e+00
-2.386e+00
-2.386e+00
-2.386e+00
-2.386e+00
-2.386e+00
-2.386e+00
-2.386e+00
-2.386e+00
-2.386e+00
-2.329e+00
-2.462e+00
-2.386e+00
-2.386e+00
-2.386e+00
-2.386e+00
-2.386e+00
-2.386e+00
-2.386e+00
-2.386e+00
-2.386e+00
-2.386e+00
-2.386e+00
-2.386e+00
-2.386e+00
-2.386e+00
-2.386e+00
-2.386e+00
-2.386e+00
-2.386e+00
-2.386e+00
-2.329e+00
-2.462e+00
-2.386e+00
-2.386e+00
-2.386e+00
-2.386e+00
-2.386e+00
-2.386e+00
-2.386e+00
-2.386e+00
-2.386e+00
-2.386e+00
-2.386e+00
-2.386e+00
-2.386e+00
-2.386e+00
-2.386e+00
-2.386e+00
-2.386e+00
-2.386e+00
-2.386e+00
-2.329e+00
-2.462e+00
-2.386e+00
-2.386e+00
-2.386e+00
-2.386e+00
-2.386e+00
-2.386e+00
-2.386e+00
-2.386e+00
-2.386e+00
-2.386e+00
-2.386e+00
-2.386e+00
-2.386e+00
-2.386e+00
-2.386e+00
-2.386e+00
-2.386e+00
-2.386e+00
-2.386e+00
-2.329e+00
-2.462e+00
-2.386e+00
-2.386e+00
-2.386e+00
-2.386e+00
-2.386e+00
-2.386e+00
-2.386e+00
-2.386e+00
-2.386e+00
-2.386e+00
-2.386e+00
-2.386e+00
-2.386e+00
-2.386e+00
-2.386e+00
-2.386e+00
-2.386e+00
-2.386e+00
-2.386e+00
-2.329e+00
-2.462e+00
-2.386e+00
-2.386e+00
-2.386e+00
-2.386e+00
-2.386e+00
-2.386e+00
-2.386e+00
-2.386e+00
-2.386e+00
-2.386e+00
-2.386e+00
-2.386e+00
-2.386e+00
-2.386e+00
-2.386e+00
-2.386e+00
-2.386e+00
-2.386e+00
-2.386e+00
-2.329e+00
-2.462e+00
-2.386e+00
-2.386e+00
-2.386e+00
-2.386e+00
-2.386e+00
-2.386e+00
-2.386e+00
-2.386e+00
-2.386e+00
-2.386e+00
-2.386e+00
-2.386e+00
-2.386e+00
-2.386e+00
-2.386e+00
-2.386e+00
-2.386e+00
-2.386e+00
-2.386e+00
-2.329e+00
-2.462e+00
-2.386e+00
-2.386e+00
-2.386e+00
-2.386e+00
-2.386e+00
-2.386e+00
-2.386e+00
-2.386e+00
-2.386e+00
-2.386e+00
-2.386e+00
-2.386e+00
-2.386e+00
-2.386e+00
-2.386e+00
-2.386e+00
-2.386e+00
-2.386e+00
-2.386e+00
-2.329e+00
-2.462e+00
-2.386e+00
-2.386e+00
-2.386e+00
-2.386e+00
-2.386e+00
-2.386e+00
-2.386e+00
-2.386e+00
-2.386e+00
-2.386e+00
-2.386e+00
-2.386e+00
-2.386e+00
-2.386e+00
-2.386e+00
-2.386e+00
-2.386e+00
-2.386e+00
-2.386e+00
-2.329e+00
-2.410e+00
-2.344e+00
-2.344e+00
-2.344e+00
-2.344e+00
-2.344e+00
-2.344e+00
-2.344e+00
-2.344e+00
-2.344e+00
-2.344e+00
-2.344e+00
-2.344e+00
-2.344e+00
-2.344e+00
-2.344e+00
-2.344e+00
-2.344e+00
-2.344e+00
-2.344e+00
-2.291e+00
-2.410e+00
-2.343e+00
-2.343e+00
-2.343e+00
-2.343e+00
-2.343e+00
-2.343e+00
-2.343e+00
-2.343e+00
-2.343e+00
-2.343e+00
-2.343e+00
-2.343e+00
-2.343e+00
-2.343e+00
-2.343e+00
-2.343e+00
-2.343e+00
-2.343e+00
-2.343e+00
-2.291e+00
-2.410e+00
-2.343e+00
-2.343e+00
-2.343e+00
-2.343e+00
-2.343e+00
-2.343e+00
-2.343e+00
-2.343e+00
-2.343e+00
-2.343e+00
-2.343e+00
-2.343e+00
-2.343e+00
-2.343e+00
-2.343e+00
-2.343e+00
-2.343e+00
-2.343e+00
-2.343e+00
-2.291e+00
-2.410e+00
-2.343e+00
-2.343e+00
-2.343e+00
-2.343e+00
-2.343e+00
-2.343e+00
-2.343e+00
-2.343e+00
-2.343e+00
-2.343e+00
-2.343e+00
-2.343e+00
-2.343e+00
-2.343e+00
-2.343e+00
-2.343e+00
-2.343e+00
-2.343e+00
-2.343e+00
-2.291e+00
-2.410e+00
-2.343e+00
-2.343e+00
-2.343e+00
-2.343e+00
-2.343e+00
-2.343e+00
-2.343e+00
-2.343e+00
-2.343e+00
-2.343e+00
-2.343e+00
-2.343e+00
-2.343e+00
-2.343e+00
-2.343e+00
-2.343e+00
-2.343e+00
-2.343e+00
-2.343e+00
-2.291e+00
-2.410e+00
-2.343e+00
-2.343e+00
-2.343e+00
-2.343e+00
-2.343e+00
-2.343e+00
-2.343e+00
-2.343e+00
-2.343e+00
-2.343e+00
-2.343e+00
-2.343e+00
-2.343e+00
-2.343e+00
-2.343e+00
-2.343e+00
-2.343e+00
-2.343e+00
-2.343e+00
-2.291e+00
-2.410e+00
-2.343e+00
-2.343e+00
-2.343e+00
-2.343e+00
-2.343e+00
-2.343e+00
-2.343e+00
-2.343e+00
-2.343e+00
-2.343e+00
-2.343e+00
-2.343e+00
-2.343e+00
-2.343e+00
-2.343e+00
-2.343e+00
-2.343e+00
-2.343e+00
-2.343e+00
-2.291e+00
-2.410e+00
-2.343e+00
-2.343e+00
-2.343e+00
-2.343e+00
-2.343e+00
-2.343e+00
-2.343e+00
-2.343e+00
-2.343e+00
-2.343e+00
-2.343e+00
-2.343e+00
-2.343e+00
-2.343e+00
-2.343e+00
-2.343e+00
-2.343e+00
-2.343e+00
-2.343e+00
-2.291e+00
-2.410e+00
-2.343e+00
-2.343e+00
-2.343e+00
-2.343e+00
-2.343e+00
-2.343e+00
-2.343e+00
-2.343e+00
-2.343e+00
-2.343e+00
-2.343e+00
-2.343e+00
-2.343e+00
-2.343e+00
-2.343e+00
-2.343e+00
-2.343e+00
-2.343e+00
-2.343e+00
-2.291e+00
-2.410e+00
-2.343e+00
-2.343e+00
-2.343e+00
-2.343e+00
-2.343e+00
-2.343e+00
-2.343e+00
-2.343e+00
-2.343e+00
-2.343e+00
-2.343e+00
-2.343e+00
-2.343e+00
-2.343e+00
-2.343e+00
-2.343e+00
-2.343e+00
-2.343e+00
-2.343e+00
-2.291e+00
-2.343e+00
-2.291e+00
-2.291e+00
-2.291e+00
-2.291e+00
-2.291e+00
-2.291e+00
-2.291e+00
-2.291e+00
-2.291e+00
-2.291e+00
-2.291e+00
-2.291e+00
-2.291e+00
-2.291e+00
-2.291e+00
-2.291e+00
-2.291e+00
-2.291e+00
-2.291e+00
-2.270e+00
-2.233e+00
-2.231e+00
-2.231e+00
-2.231e+00
-2.231e+00
-2.231e+00
-2.231e+00
-2.231e+00
-2.231e+00
-2.231e+00
-2.231e+00
-2.231e+00
-2.231e+00
-2.231e+00
-2.231e+00
-2.231e+00
-2.231e+00
-2.231e+00
-2.231e+00
-2.231e+00
-2.231e+00
-2.231e+00
-2.231e+00
-2.231e+00
-2.231e+00
-2.231e+00
-2.231e+00
-2.231e+00
-2.231e+00
-2.231e+00
-2.231e+00
-2.231e+00
-2.231e+00
-2.231e+00
-2.231e+00
-2.231e+00
-2.231e+00
-2.231e+00
-2.231e+00
-2.231e+00
-2.231e+00
-2.230e+00
-2.231e+00
-2.231e+00
-2.231e+00
-2.231e+00
-2.231e+00
-2.231e+00
-2.231e+00
-2.231e+00
-2.231e+00
-2.231e+00
-2.231e+00
-2.231e+00
-2.231e+00
-2.231e+00
-2.231e+00
-2.231e+00
-2.231e+00
-2.231e+00
-2.231e+00
-2.231e+00
-2.230e+00
-2.231e+00
-2.231e+00
-2.231e+00
-2.231e+00
-2.231e+00
-2.231e+00
-2.231e+00
-2.231e+00
-2.231e+00
-2.231e+00
-2.231e+00
-2.231e+00
-2.231e+00
-2.231e+00
-2.231e+00
-2.231e+00
-2.231e+00
-2.231e+00
-2.231e+00
-2.231e+00
-2.230e+00
-2.231e+00
-2.231e+00
-2.231e+00
-2.231e+00
-2.231e+00
-2.231e+00
-2.231e+00
-2.231e+00
-2.231e+00
-2.231e+00
-2.231e+00
-2.231e+00
-2.231e+00
-2.231e+00
-2.231e+00
-2.231e+00
-2.231e+00
-2.231e+00
-2.231e+00
-2.231e+00
-2.230e+00
-2.231e+00
-2.231e+00
-2.231e+00
-2.231e+00
-2.231e+00
-2.231e+00
-2.231e+00
-2.231e+00
-2.231e+00
-2.231e+00
-2.231e+00
-2.231e+00
-2.231e+00
-2.231e+00
-2.231e+00
-2.231e+00
-2.231e+00
-2.231e+00
-2.231e+00
-2.231e+00
-2.230e+00
-2.231e+00
-2.231e+00
-2.231e+00
-2.231e+00
-2.231e+00
-2.231e+00
-2.231e+00
-2.231e+00
-2.231e+00
-2.231e+00
-2.231e+00
-2.231e+00
-2.231e+00
-2.231e+00
-2.231e+00
-2.231e+00
-2.231e+00
-2.231e+00
-2.231e+00
-2.231e+00
-2.230e+00
-2.231e+00
-2.231e+00
-2.231e+00
-2.231e+00
-2.231e+00
-2.231e+00
-2.231e+00
-2.231e+00
-2.231e+00
-2.231e+00
-2.231e+00
-2.231e+00
-2.231e+00
-2.231e+00
-2.231e+00
-2.231e+00
-2.231e+00
-2.231e+00
-2.231e+00
-2.231e+00
-2.230e+00
-2.231e+00
-2.231e+00
-2.231e+00
-2.231e+00
-2.231e+00
-2.231e+00
-2.231e+00
-2.231e+00
-2.231e+00
-2.231e+00
-2.231e+00
-2.231e+00
-2.231e+00
-2.231e+00
-2.231e+00
-2.231e+00
-2.231e+00
-2.231e+00
-2.231e+00
-2.231e+00
-2.230e+00
-2.231e+00
-2.231e+00
-2.231e+00
-2.231e+00
-2.231e+00
-2.231e+00
-2.231e+00
-2.231e+00
-2.231e+00
-2.231e+00
-2.231e+00
-2.231e+00
-2.231e+00
-2.231e+00
-2.231e+00
-2.231e+00
-2.231e+00
-2.231e+00
-2.231e+00
-2.231e+00
-2.230e+00
-1.823e+00
-1.823e+00
-1.823e+00
-1.823e+00
-1.823e+00
-1.823e+00
-1.823e+00
-1.823e+00
-1.823e+00
-1.823e+00
-1.823e+00
-1.823e+00
-1.823e+00
-1.823e+00
-1.823e+00
-1.823e+00
-1.823e+00
-1.823e+00
-1.823e+00
-1.823e+00
-1.823e+00
-1.823e+00
-1.823e+00
-1.823e+00
-1.823e+00
-1.823e+00
-1.823e+00
-1.823e+00
-1.823e+00
-1.823e+00
-1.823e+00
-1.823e+00
-1.823e+00
-1.823e+00
-1.823e+00
-1.823e+00
-1.823e+00
-1.823e+00
-1.823e+00
-1.823e+00
-1.823e+00
-1.823e+00
-1.823e+00
-1.823e+00
-1.823e+00
-1.823e+00
-1.823e+00
-1.823e+00
-1.823e+00
-1.823e+00
-1.823e+00
-1.823e+00
-1.823e+00
-1.823e+00
-1.823e+00
-1.823e+00
-1.823e+00
-1.823e+00
-1.823e+00
-1.823e+00
-1.823e+00
-1.823e+00
-1.823e+00
-1.823e+00
-1.823e+00
-1.823e+00
-1.823e+00
-1.823e+00
-1.823e+00
-1.823e+00
-1.823e+00
-1.823e+00
-1.823e+00
-1.823e+00
-1.823e+00
-1.823e+00
-1.823e+00
-1.823e+00
-1.823e+00
-1.823e+00
-1.823e+00
-1.823e+00
-1.823e+00
-1.823e+00
-1.823e+00
-1.823e+00
-1.823e+00
-1.823e+00
-1.823e+00
-1.823e+00
-1.823e+00
-1.823e+00
-1.823e+00
-1.823e+00
-1.823e+00
-1.823e+00
-1.823e+00
-1.823e+00
-1.823e+00
-1.823e+00
-1.823e+00
-1.823e+00
-1.823e+00
-1.823e+00
-1.823e+00
-1.823e+00
-1.823e+00
-1.823e+00
-1.823e+00
-1.823e+00
-1.823e+00
-1.823e+00
-1.823e+00
-1.823e+00
-1.823e+00
-1.823e+00
-1.823e+00
-1.823e+00
-1.823e+00
-1.823e+00
-1.823e+00
-1.823e+00
-1.823e+00
-1.823e+00
-1.823e+00
-1.823e+00
-1.823e+00
-1.823e+00
-1.823e+00
-1.823e+00
-1.823e+00
-1.823e+00
-1.823e+00
-1.823e+00
-1.823e+00
-1.823e+00
-1.823e+00
-1.823e+00
-1.823e+00
-1.823e+00
-1.823e+00
-1.823e+00
-1.823e+00
-1.823e+00
-1.823e+00
-1.823e+00
-1.823e+00
-1.823e+00
-1.823e+00
-1.823e+00
-1.823e+00
-1.823e+00
-1.823e+00
-1.823e+00
-1.823e+00
-1.823e+00
-1.823e+00
-1.823e+00
-1.823e+00
-1.823e+00
-1.823e+00
-1.823e+00
-1.823e+00
-1.823e+00
-1.823e+00
-1.823e+00
-1.823e+00
-1.823e+00
-1.823e+00
-1.823e+00
-1.823e+00
-1.823e+00
-1.823e+00
-1.823e+00
-1.823e+00
-1.823e+00
-1.823e+00
-1.823e+00
-1.823e+00
-1.823e+00
-1.823e+00
-1.823e+00
-1.823e+00
-1.823e+00
-1.823e+00
-1.823e+00
-1.823e+00
-1.823e+00
-1.823e+00
-1.823e+00
-1.823e+00
-1.823e+00
-1.823e+00
-1.823e+00
-1.823e+00
-1.823e+00
-1.823e+00
-1.823e+00
-1.823e+00
-1.823e+00
-1.823e+00
-1.823e+00
-1.823e+00
-1.823e+00
-1.823e+00
-1.823e+00
-1.823e+00
-1.823e+00
-1.823e+00
-1.823e+00
-1.823e+00
-1.823e+00
-1.823e+00
-1.823e+00
-1.823e+00
-1.823e+00
-1.823e+00
-1.823e+00
-1.823e+00
-1.823e+00
-1.823e+00
-1.823e+00
-1.823e+00
-1.823e+00
-1.823e+00
-1.823e+00
-1.823e+00
-1.823e+00
-1.823e+00
-1.823e+00
-1.823e+00
-2.197e+00
-2.155e+00
-2.155e+00
-2.155e+00
-2.155e+00
-2.155e+00
-2.155e+00
-2.155e+00
-2.155e+00
-2.155e+00
-2.155e+00
-2.155e+00
-2.155e+00
-2.155e+00
-2.155e+00
-2.155e+00
-2.155e+00
-2.155e+00
-2.155e+00
-2.155e+00
-2.093e+00
-2.155e+00
-2.093e+00
-2.093e+00
-2.093e+00
-2.093e+00
-2.093e+00
-2.093e+00
-2.093e+00
-2.093e+00
-2.093e+00
-2.093e+00
-2.093e+00
-2.093e+00
-2.093e+00
-2.093e+00
-2.093e+00
-2.093e+00
-2.093e+00
-2.093e+00
-2.093e+00
-2.046e+00
-2.155e+00
-2.093e+00
-2.093e+00
-2.093e+00
-2.093e+00
-2.093e+00
-2.093e+00
-2.093e+00
-2.093e+00
-2.093e+00
-2.093e+00
-2.093e+00
-2.093e+00
-2.093e+00
-2.093e+00
-2.093e+00
-2.093e+00
-2.093e+00
-2.093e+00
-2.093e+00
-2.046e+00
-2.155e+00
-2.093e+00
-2.093e+00
-2.093e+00
-2.093e+00
-2.093e+00
-2.093e+00
-2.093e+00
-2.093e+00
-2.093e+00
-2.093e+00
-2.093e+00
-2.093e+00
-2.093e+00
-2.093e+00
-2.093e+00
-2.093e+00
-2.093e+00
-2.093e+00
-2.093e+00
-2.046e+00
-2.155e+00
-2.093e+00
-2.093e+00
-2.093e+00
-2.093e+00
-2.093e+00
-2.093e+00
-2.093e+00
-2.093e+00
-2.093e+00
-2.093e+00
-2.093e+00
-2.093e+00
-2.093e+00
-2.093e+00
-2.093e+00
-2.093e+00
-2.093e+00
-2.093e+00
-2.093e+00
-2.046e+00
-2.155e+00
-2.093e+00
-2.093e+00
-2.093e+00
-2.093e+00
-2.093e+00
-2.093e+00
-2.093e+00
-2.093e+00
-2.093e+00
-2.093e+00
-2.093e+00
-2.093e+00
-2.093e+00
-2.093e+00
-2.093e+00
-2.093e+00
-2.093e+00
-2.093e+00
-2.093e+00
-2.046e+00
-2.155e+00
-2.093e+00
-2.093e+00
-2.093e+00
-2.093e+00
-2.093e+00
-2.093e+00
-2.093e+00
-2.093e+00
-2.093e+00
-2.093e+00
-2.093e+00
-2.093e+00
-2.093e+00
-2.093e+00
-2.093e+00
-2.093e+00
-2.093e+00
-2.093e+00
-2.093e+00
-2.046e+00
-2.155e+00
-2.093e+00
-2.093e+00
-2.093e+00
-2.093e+00
-2.093e+00
-2.093e+00
-2.093e+00
-2.093e+00
-2.093e+00
-2.093e+00
-2.093e+00
-2.093e+00
-2.093e+00
-2.093e+00
-2.093e+00
-2.093e+00
-2.093e+00
-2.093e+00
-2.093e+00
-2.046e+00
-2.155e+00
-2.093e+00
-2.093e+00
-2.093e+00
-2.093e+00
-2.093e+00
-2.093e+00
-2.093e+00
-2.093e+00
-2.093e+00
-2.093e+00
-2.093e+00
-2.093e+00
-2.093e+00
-2.093e+00
-2.093e+00
-2.093e+00
-2.093e+00
-2.093e+00
-2.093e+00
-2.046e+00
-2.155e+00
-2.093e+00
-2.093e+00
-2.093e+00
-2.093e+00
-2.093e+00
-2.093e+00
-2.093e+00
-2.093e+00
-2.093e+00
-2.093e+00
-2.093e+00
-2.093e+00
-2.093e+00
-2.093e+00
-2.093e+00
-2.093e+00
-2.093e+00
-2.093e+00
-2.092e+00
-2.046e+00
-1.760e+00
-1.760e+00
-1.760e+00
-1.760e+00
-1.760e+00
-1.760e+00
-1.760e+00
-1.760e+00
-1.760e+00
-1.760e+00
-1.760e+00
-1.760e+00
-1.760e+00
-1.760e+00
-1.760e+00
-1.760e+00
-1.760e+00
-1.760e+00
-1.760e+00
-1.760e+00
-1.760e+00
-1.760e+00
-1.760e+00
-1.760e+00
-1.760e+00
-1.760e+00
-1.760e+00
-1.760e+00
-1.760e+00
-1.760e+00
-1.760e+00
-1.760e+00
-1.760e+00
-1.760e+00
-1.760e+00
-1.760e+00
-1.760e+00
-1.760e+00
-1.760e+00
-1.760e+00
-1.760e+00
-1.760e+00
-1.760e+00
-1.760e+00
-1.760e+00
-1.760e+00
-1.760e+00
-1.760e+00
-1.760e+00
-1.760e+00
-1.760e+00
-1.760e+00
-1.760e+00
-1.760e+00
-1.760e+00
-1.760e+00
-1.760e+00
-1.760e+00
-1.760e+00
-1.760e+00
-1.760e+00
-1.760e+00
-1.760e+00
-1.760e+00
-1.760e+00
-1.760e+00
-1.760e+00
-1.760e+00
-1.760e+00
-1.760e+00
-1.760e+00
-1.760e+00
-1.760e+00
-1.760e+00
-1.760e+00
-1.760e+00
-1.760e+00
-1.760e+00
-1.760e+00
-1.760e+00
-1.760e+00
-1.760e+00
-1.760e+00
-1.760e+00
-1.760e+00
-1.760e+00
-1.760e+00
-1.760e+00
-1.760e+00
-1.760e+00
-1.760e+00
-1.760e+00
-1.760e+00
-1.760e+00
-1.760e+00
-1.760e+00
-1.760e+00
-1.760e+00
-1.760e+00
-1.760e+00
-1.760e+00
-1.760e+00
-1.760e+00
-1.760e+00
-1.760e+00
-1.760e+00
-1.760e+00
-1.760e+00
-1.760e+00
-1.760e+00
-1.760e+00
-1.760e+00
-1.760e+00
-1.760e+00
-1.760e+00
-1.760e+00
-1.760e+00
-1.760e+00
-1.760e+00
-1.760e+00
-1.760e+00
-1.760e+00
-1.760e+00
-1.760e+00
-1.760e+00
-1.760e+00
-1.760e+00
-1.760e+00
-1.760e+00
-1.760e+00
-1.760e+00
-1.760e+00
-1.760e+00
-1.760e+00
-1.760e+00
-1.760e+00
-1.760e+00
-1.760e+00
-1.760e+00
-1.760e+00
-1.760e+00
-1.760e+00
-1.760e+00
-1.760e+00
-1.760e+00
-1.760e+00
-1.760e+00
-1.760e+00
-1.760e+00
-1.760e+00
-1.760e+00
-1.760e+00
-1.760e+00
-1.760e+00
-1.760e+00
-1.760e+00
-1.760e+00
-1.760e+00
-1.760e+00
-1.760e+00
-1.760e+00
-1.760e+00
-1.760e+00
-1.760e+00
-1.760e+00
-1.760e+00
-1.760e+00
-1.760e+00
-1.760e+00
-1.760e+00
-1.760e+00
-1.760e+00
-1.760e+00
-1.760e+00
-1.760e+00
-1.760e+00
-1.760e+00
-1.760e+00
-1.760e+00
-1.760e+00
-1.760e+00
-1.760e+00
-1.760e+00
-1.760e+00
-1.760e+00
-1.760e+00
-1.760e+00
-1.760e+00
-1.760e+00
-1.760e+00
-1.760e+00
-1.760e+00
-1.760e+00
-1.760e+00
-1.760e+00
-1.760e+00
-1.760e+00
-1.760e+00
-1.760e+00
-1.760e+00
-1.760e+00
-1.760e+00
-1.760e+00
-1.760e+00
-1.760e+00
-1.760e+00
-1.760e+00
-1.760e+00
-1.760e+00
-1.760e+00
-1.760e+00
-1.760e+00
-1.760e+00
-1.760e+00
-1.760e+00
-1.760e+00
-1.760e+00
-1.760e+00
-1.760e+00
-1.760e+00
-1.760e+00
-1.760e+00
-1.760e+00
-1.760e+00
-1.760e+00
-1.760e+00
-1.760e+00
-1.760e+00
-1.760e+00
-1.760e+00
-1.760e+00
-1.800e+00
-1.800e+00
-1.800e+00
-1.800e+00
-1.800e+00
-1.800e+00
-1.800e+00
-1.800e+00
-1.800e+00
-1.800e+00
-1.800e+00
-1.800e+00
-1.800e+00
-1.800e+00
-1.800e+00
-1.800e+00
-1.800e+00
-1.800e+00
-1.800e+00
-1.800e+00
-1.800e+00
-1.800e+00
-1.800e+00
-1.800e+00
-1.800e+00
-1.800e+00
-1.800e+00
-1.800e+00
-1.800e+00
-1.800e+00
-1.800e+00
-1.800e+00
-1.800e+00
-1.800e+00
-1.800e+00
-1.800e+00
-1.800e+00
-1.800e+00
-1.800e+00
-1.800e+00
-1.800e+00
-1.799e+00
-1.800e+00
-1.800e+00
-1.800e+00
-1.800e+00
-1.800e+00
-1.800e+00
-1.800e+00
-1.800e+00
-1.800e+00
-1.800e+00
-1.800e+00
-1.800e+00
-1.800e+00
-1.800e+00
-1.800e+00
-1.800e+00
-1.800e+00
-1.800e+00
-1.800e+00
-1.800e+00
-1.799e+00
-1.800e+00
-1.800e+00
-1.800e+00
-1.800e+00
-1.800e+00
-1.800e+00
-1.800e+00
-1.800e+00
-1.800e+00
-1.800e+00
-1.800e+00
-1.800e+00
-1.800e+00
-1.800e+00
-1.800e+00
-1.800e+00
-1.800e+00
-1.800e+00
-1.800e+00
-1.800e+00
-1.799e+00
-1.800e+00
-1.800e+00
-1.800e+00
-1.800e+00
-1.800e+00
-1.800e+00
-1.800e+00
-1.800e+00
-1.800e+00
-1.800e+00
-1.800e+00
-1.800e+00
-1.800e+00
-1.800e+00
-1.800e+00
-1.800e+00
-1.800e+00
-1.800e+00
-1.800e+00
-1.800e+00
-1.799e+00
-1.800e+00
-1.800e+00
-1.800e+00
-1.800e+00
-1.800e+00
-1.800e+00
-1.800e+00
-1.800e+00
-1.800e+00
-1.800e+00
-1.800e+00
-1.800e+00
-1.800e+00
-1.800e+00
-1.800e+00
-1.800e+00
-1.800e+00
-1.800e+00
-1.800e+00
-1.800e+00
-1.799e+00
-1.800e+00
-1.800e+00
-1.800e+00
-1.800e+00
-1.800e+00
-1.800e+00
-1.800e+00
-1.800e+00
-1.800e+00
-1.800e+00
-1.800e+00
-1.800e+00
-1.800e+00
-1.800e+00
-1.800e+00
-1.800e+00
-1.800e+00
-1.800e+00
-1.800e+00
-1.800e+00
-1.799e+00
-1.800e+00
-1.800e+00
-1.800e+00
-1.800e+00
-1.800e+00
-1.800e+00
-1.800e+00
-1.800e+00
-1.800e+00
-1.800e+00
-1.800e+00
-1.800e+00
-1.800e+00
-1.800e+00
-1.800e+00
-1.800e+00
-1.800e+00
-1.800e+00
-1.800e+00
-1.800e+00
-1.799e+00
-1.800e+00
-1.800e+00
-1.800e+00
-1.800e+00
-1.800e+00
-1.800e+00
-1.800e+00
-1.800e+00
-1.800e+00
-1.800e+00
-1.800e+00
-1.800e+00
-1.800e+00
-1.800e+00
-1.800e+00
-1.800e+00
-1.800e+00
-1.800e+00
-1.800e+00
-1.800e+00
-1.799e+00
-1.800e+00
-1.800e+00
-1.800e+00
-1.800e+00
-1.800e+00
-1.800e+00
-1.800e+00
-1.800e+00
-1.800e+00
-1.800e+00
-1.800e+00
-1.800e+00
-1.800e+00
-1.800e+00
-1.800e+00
-1.800e+00
-1.800e+00
-1.800e+00
-1.800e+00
-1.800e+00
-1.799e+00
-1.610e+00
-1.610e+00
-1.610e+00
-1.610e+00
-1.610e+00
-1.610e+00
-1.610e+00
-1.610e+00
-1.610e+00
-1.610e+00
-1.610e+00
-1.610e+00
-1.610e+00
-1.610e+00
-1.610e+00
-1.610e+00
-1.610e+00
-1.610e+00
-1.610e+00
-1.610e+00
-1.610e+00
-1.610e+00
-1.610e+00
-1.610e+00
-1.610e+00
-1.610e+00
-1.610e+00
-1.610e+00
-1.610e+00
-1.610e+00
-1.610e+00
-1.610e+00
-1.610e+00
-1.610e+00
-1.610e+00
-1.610e+00
-1.610e+00
-1.610e+00
-1.610e+00
-1.610e+00
-1.610e+00
-1.610e+00
-1.610e+00
-1.610e+00
-1.610e+00
-1.610e+00
-1.610e+00
-1.610e+00
-1.610e+00
-1.610e+00
-1.610e+00
-1.610e+00
-1.610e+00
-1.610e+00
-1.610e+00
-1.610e+00
-1.610e+00
-1.610e+00
-1.610e+00
-1.610e+00
-1.610e+00
-1.610e+00
-1.610e+00
-1.610e+00
-1.610e+00
-1.610e+00
-1.610e+00
-1.610e+00
-1.610e+00
-1.610e+00
-1.610e+00
-1.610e+00
-1.610e+00
-1.610e+00
-1.610e+00
-1.610e+00
-1.610e+00
-1.610e+00
-1.610e+00
-1.610e+00
-1.610e+00
-1.610e+00
-1.610e+00
-1.610e+00
-1.610e+00
-1.610e+00
-1.610e+00
-1.610e+00
-1.610e+00
-1.610e+00
-1.610e+00
-1.610e+00
-1.610e+00
-1.610e+00
-1.610e+00
-1.610e+00
-1.610e+00
-1.610e+00
-1.610e+00
-1.610e+00
-1.610e+00
-1.610e+00
-1.610e+00
-1.610e+00
-1.610e+00
-1.610e+00
-1.610e+00
-1.610e+00
-1.610e+00
-1.610e+00
-1.610e+00
-1.610e+00
-1.610e+00
-1.610e+00
-1.610e+00
-1.610e+00
-1.610e+00
-1.610e+00
-1.610e+00
-1.610e+00
-1.610e+00
-1.610e+00
-1.610e+00
-1.610e+00
-1.610e+00
-1.610e+00
-1.610e+00
-1.610e+00
-1.610e+00
-1.610e+00
-1.610e+00
-1.610e+00
-1.610e+00
-1.610e+00
-1.610e+00
-1.610e+00
-1.610e+00
-1.610e+00
-1.610e+00
-1.610e+00
-1.610e+00
-1.610e+00
-1.610e+00
-1.610e+00
-1.610e+00
-1.610e+00
-1.610e+00
-1.610e+00
-1.610e+00
-1.610e+00
-1.610e+00
-1.610e+00
-1.610e+00
-1.610e+00
-1.610e+00
-1.610e+00
-1.610e+00
-1.610e+00
-1.610e+00
-1.610e+00
-1.610e+00
-1.610e+00
-1.610e+00
-1.610e+00
-1.610e+00
-1.610e+00
-1.610e+00
-1.610e+00
-1.610e+00
-1.610e+00
-1.610e+00
-1.610e+00
-1.610e+00
-1.610e+00
-1.610e+00
-1.610e+00
-1.610e+00
-1.610e+00
-1.610e+00
-1.610e+00
-1.610e+00
-1.610e+00
-1.610e+00
-1.610e+00
-1.610e+00
-1.610e+00
-1.610e+00
-1.610e+00
-1.610e+00
-1.610e+00
-1.610e+00
-1.610e+00
-1.610e+00
-1.610e+00
-1.610e+00
-1.610e+00
-1.610e+00
-1.610e+00
-1.610e+00
-1.610e+00
-1.610e+00
-1.610e+00
-1.610e+00
-1.610e+00
-1.610e+00
-1.610e+00
-1.610e+00
-1.610e+00
-1.610e+00
-1.610e+00
-1.610e+00
-1.610e+00
-1.610e+00
-1.610e+00
-1.610e+00
-1.610e+00
-1.610e+00
-1.610e+00
-1.610e+00
-1.610e+00
-1.610e+00
-1.610e+00
-1.610e+00
-1.610e+00
-1.610e+00
-1.610e+00
-1.610e+00
-1.610e+00
-1.610e+00
-1.610e+00
-1.610e+00
-1.582e+00
-1.573e+00
-1.573e+00
-1.573e+00
-1.573e+00
-1.573e+00
-1.573e+00
-1.573e+00
-1.573e+00
-1.573e+00
-1.573e+00
-1.573e+00
-1.573e+00
-1.573e+00
-1.573e+00
-1.573e+00
-1.573e+00
-1.573e+00
-1.573e+00
-1.573e+00
-1.561e+00
-1.573e+00
-1.561e+00
-1.561e+00
-1.561e+00
-1.561e+00
-1.561e+00
-1.561e+00
-1.561e+00
-1.561e+00
-1.561e+00
-1.561e+00
-1.561e+00
-1.561e+00
-1.561e+00
-1.561e+00
-1.561e+00
-1.561e+00
-1.561e+00
-1.561e+00
-1.561e+00
-1.550e+00
-1.573e+00
-1.561e+00
-1.561e+00
-1.561e+00
-1.561e+00
-1.561e+00
-1.561e+00
-1.561e+00
-1.561e+00
-1.561e+00
-1.561e+00
-1.561e+00
-1.561e+00
-1.561e+00
-1.561e+00
-1.561e+00
-1.561e+00
-1.561e+00
-1.561e+00
-1.561e+00
-1.550e+00
-1.573e+00
-1.561e+00
-1.561e+00
-1.561e+00
-1.561e+00
-1.561e+00
-1.561e+00
-1.561e+00
-1.561e+00
-1.561e+00
-1.561e+00
-1.561e+00
-1.561e+00
-1.561e+00
-1.561e+00
-1.561e+00
-1.561e+00
-1.561e+00
-1.561e+00
-1.561e+00
-1.550e+00
-1.573e+00
-1.561e+00
-1.561e+00
-1.561e+00
-1.561e+00
-1.561e+00
-1.561e+00
-1.561e+00
-1.561e+00
-1.561e+00
-1.561e+00
-1.561e+00
-1.561e+00
-1.561e+00
-1.561e+00
-1.561e+00
-1.561e+00
-1.561e+00
-1.561e+00
-1.561e+00
-1.550e+00
-1.573e+00
-1.561e+00
-1.561e+00
-1.561e+00
-1.561e+00
-1.561e+00
-1.561e+00
-1.561e+00
-1.561e+00
-1.561e+00
-1.561e+00
-1.561e+00
-1.561e+00
-1.561e+00
-1.561e+00
-1.561e+00
-1.561e+00
-1.561e+00
-1.561e+00
-1.561e+00
-1.550e+00
-1.573e+00
-1.561e+00
-1.561e+00
-1.561e+00
-1.561e+00
-1.561e+00
-1.561e+00
-1.561e+00
-1.561e+00
-1.561e+00
-1.561e+00
-1.561e+00
-1.561e+00
-1.561e+00
-1.561e+00
-1.561e+00
-1.561e+00
-1.561e+00
-1.561e+00
-1.561e+00
-1.550e+00
-1.573e+00
-1.561e+00
-1.561e+00
-1.561e+00
-1.561e+00
-1.561e+00
-1.561e+00
-1.561e+00
-1.561e+00
-1.561e+00
-1.561e+00
-1.561e+00
-1.561e+00
-1.561e+00
-1.561e+00
-1.561e+00
-1.561e+00
-1.561e+00
-1.561e+00
-1.561e+00
-1.550e+00
-1.573e+00
-1.561e+00
-1.561e+00
-1.561e+00
-1.561e+00
-1.561e+00
-1.561e+00
-1.561e+00
-1.561e+00
-1.561e+00
-1.561e+00
-1.561e+00
-1.561e+00
-1.561e+00
-1.561e+00
-1.561e+00
-1.561e+00
-1.561e+00
-1.561e+00
-1.561e+00
-1.550e+00
-1.573e+00
-1.561e+00
-1.561e+00
-1.561e+00
-1.561e+00
-1.561e+00
-1.561e+00
-1.561e+00
-1.561e+00
-1.561e+00
-1.561e+00
-1.561e+00
-1.561e+00
-1.561e+00
-1.561e+00
-1.561e+00
-1.561e+00
-1.561e+00
-1.561e+00
-1.561e+00
-1.550e+00
-1.460e+00
-1.460e+00
-1.460e+00
-1.460e+00
-1.460e+00
-1.460e+00
-1.460e+00
-1.460e+00
-1.460e+00
-1.460e+00
-1.460e+00
-1.460e+00
-1.460e+00
-1.460e+00
-1.460e+00
-1.460e+00
-1.460e+00
-1.460e+00
-1.460e+00
-1.460e+00
-1.460e+00
-1.460e+00
-1.460e+00
-1.460e+00
-1.460e+00
-1.460e+00
-1.460e+00
-1.460e+00
-1.460e+00
-1.460e+00
-1.460e+00
-1.460e+00
-1.460e+00
-1.460e+00
-1.460e+00
-1.460e+00
-1.460e+00
-1.460e+00
-1.460e+00
-1.460e+00
-1.460e+00
-1.460e+00
-1.460e+00
-1.460e+00
-1.460e+00
-1.460e+00
-1.460e+00
-1.460e+00
-1.460e+00
-1.460e+00
-1.460e+00
-1.460e+00
-1.460e+00
-1.460e+00
-1.460e+00
-1.460e+00
-1.460e+00
-1.460e+00
-1.460e+00
-1.460e+00
-1.460e+00
-1.460e+00
-1.460e+00
-1.460e+00
-1.460e+00
-1.460e+00
-1.460e+00
-1.460e+00
-1.460e+00
-1.460e+00
-1.460e+00
-1.460e+00
-1.460e+00
-1.460e+00
-1.460e+00
-1.460e+00
-1.460e+00
-1.460e+00
-1.460e+00
-1.460e+00
-1.460e+00
-1.460e+00
-1.460e+00
-1.460e+00
-1.460e+00
-1.460e+00
-1.460e+00
-1.460e+00
-1.460e+00
-1.460e+00
-1.460e+00
-1.460e+00
-1.460e+00
-1.460e+00
-1.460e+00
-1.460e+00
-1.460e+00
-1.460e+00
-1.460e+00
-1.460e+00
-1.460e+00
-1.460e+00
-1.460e+00
-1.460e+00
-1.460e+00
-1.460e+00
-1.460e+00
-1.460e+00
-1.460e+00
-1.460e+00
-1.460e+00
-1.460e+00
-1.460e+00
-1.460e+00
-1.460e+00
-1.460e+00
-1.460e+00
-1.460e+00
-1.460e+00
-1.460e+00
-1.460e+00
-1.460e+00
-1.460e+00
-1.460e+00
-1.460e+00
-1.460e+00
-1.460e+00
-1.460e+00
-1.460e+00
-1.460e+00
-1.460e+00
-1.460e+00
-1.460e+00
-1.460e+00
-1.460e+00
-1.460e+00
-1.460e+00
-1.460e+00
-1.460e+00
-1.460e+00
-1.460e+00
-1.460e+00
-1.460e+00
-1.460e+00
-1.460e+00
-1.460e+00
-1.460e+00
-1.460e+00
-1.460e+00
-1.460e+00
-1.460e+00
-1.460e+00
-1.460e+00
-1.460e+00
-1.460e+00
-1.460e+00
-1.460e+00
-1.460e+00
-1.460e+00
-1.460e+00
-1.460e+00
-1.460e+00
-1.460e+00
-1.460e+00
-1.460e+00
-1.460e+00
-1.460e+00
-1.460e+00
-1.460e+00
-1.460e+00
-1.460e+00
-1.460e+00
-1.460e+00
-1.460e+00
-1.460e+00
-1.460e+00
-1.460e+00
-1.460e+00
-1.460e+00
-1.460e+00
-1.460e+00
-1.460e+00
-1.460e+00
-1.460e+00
-1.460e+00
-1.460e+00
-1.460e+00
-1.460e+00
-1.460e+00
-1.460e+00
-1.460e+00
-1.460e+00
-1.460e+00
-1.460e+00
-1.460e+00
-1.460e+00
-1.460e+00
-1.460e+00
-1.460e+00
-1.460e+00
-1.460e+00
-1.460e+00
-1.460e+00
-1.460e+00
-1.460e+00
-1.460e+00
-1.460e+00
-1.460e+00
-1.460e+00
-1.460e+00
-1.460e+00
-1.460e+00
-1.460e+00
-1.460e+00
-1.460e+00
-1.460e+00
-1.460e+00
-1.460e+00
-1.460e+00
-1.460e+00
-1.460e+00
-1.460e+00
-1.460e+00
-1.460e+00
-1.460e+00
-1.460e+00
-1.460e+00
-1.460e+00
-1.460e+00
-1.460e+00
-1.460e+00
-1.175e+00
-1.175e+00
-1.175e+00
-1.175e+00
-1.175e+00
-1.175e+00
-1.175e+00
-1.175e+00
-1.175e+00
-1.175e+00
-1.175e+00
-1.175e+00
-1.175e+00
-1.175e+00
-1.175e+00
-1.175e+00
-1.175e+00
-1.175e+00
-1.175e+00
-1.175e+00
-1.175e+00
-1.175e+00
-1.175e+00
-1.175e+00
-1.175e+00
-1.175e+00
-1.175e+00
-1.175e+00
-1.175e+00
-1.175e+00
-1.175e+00
-1.175e+00
-1.175e+00
-1.175e+00
-1.175e+00
-1.175e+00
-1.175e+00
-1.175e+00
-1.175e+00
-1.175e+00
-1.175e+00
-1.175e+00
-1.175e+00
-1.175e+00
-1.175e+00
-1.175e+00
-1.175e+00
-1.175e+00
-1.175e+00
-1.175e+00
-1.175e+00
-1.175e+00
-1.175e+00
-1.175e+00
-1.175e+00
-1.175e+00
-1.175e+00
-1.175e+00
-1.175e+00
-1.175e+00
-1.175e+00
-1.175e+00
-1.175e+00
-1.175e+00
-1.175e+00
-1.175e+00
-1.175e+00
-1.175e+00
-1.175e+00
-1.175e+00
-1.175e+00
-1.175e+00
-1.175e+00
-1.175e+00
-1.175e+00
-1.175e+00
-1.175e+00
-1.175e+00
-1.175e+00
-1.175e+00
-1.175e+00
-1.175e+00
-1.175e+00
-1.175e+00
-1.175e+00
-1.175e+00
-1.175e+00
-1.175e+00
-1.175e+00
-1.175e+00
-1.175e+00
-1.175e+00
-1.175e+00
-1.175e+00
-1.175e+00
-1.175e+00
-1.175e+00
-1.175e+00
-1.175e+00
-1.175e+00
-1.175e+00
-1.175e+00
-1.175e+00
-1.175e+00
-1.175e+00
-1.175e+00
-1.175e+00
-1.175e+00
-1.175e+00
-1.175e+00
-1.175e+00
-1.175e+00
-1.175e+00
-1.175e+00
-1.175e+00
-1.175e+00
-1.175e+00
-1.175e+00
-1.175e+00
-1.175e+00
-1.175e+00
-1.175e+00
-1.175e+00
-1.175e+00
-1.175e+00
-1.175e+00
-1.175e+00
-1.175e+00
-1.175e+00
-1.175e+00
-1.175e+00
-1.175e+00
-1.175e+00
-1.175e+00
-1.175e+00
-1.175e+00
-1.175e+00
-1.175e+00
-1.175e+00
-1.175e+00
-1.175e+00
-1.175e+00
-1.175e+00
-1.175e+00
-1.175e+00
-1.175e+00
-1.175e+00
-1.175e+00
-1.175e+00
-1.175e+00
-1.175e+00
-1.175e+00
-1.175e+00
-1.175e+00
-1.175e+00
-1.175e+00
-1.175e+00
-1.175e+00
-1.175e+00
-1.175e+00
-1.175e+00
-1.175e+00
-1.175e+00
-1.175e+00
-1.175e+00
-1.175e+00
-1.175e+00
-1.175e+00
-1.175e+00
-1.175e+00
-1.175e+00
-1.175e+00
-1.175e+00
-1.175e+00
-1.175e+00
-1.175e+00
-1.175e+00
-1.175e+00
-1.175e+00
-1.175e+00
-1.175e+00
-1.175e+00
-1.175e+00
-1.175e+00
-1.175e+00
-1.175e+00
-1.175e+00
-1.175e+00
-1.175e+00
-1.175e+00
-1.175e+00
-1.175e+00
-1.175e+00
-1.175e+00
-1.175e+00
-1.175e+00
-1.175e+00
-1.175e+00
-1.175e+00
-1.175e+00
-1.175e+00
-1.175e+00
-1.175e+00
-1.175e+00
-1.175e+00
-1.175e+00
-1.175e+00
-1.175e+00
-1.175e+00
-1.175e+00
-1.160e+00
-1.160e+00
-1.160e+00
-1.160e+00
-1.160e+00
-1.160e+00
-1.160e+00
-1.160e+00
-1.160e+00
-1.160e+00
-1.160e+00
-1.160e+00
-1.160e+00
-1.160e+00
-1.160e+00
-1.160e+00
-1.160e+00
-1.160e+00
-1.160e+00
-1.160e+00
-1.160e+00
-1.160e+00
-1.160e+00
-1.160e+00
-1.160e+00
-1.160e+00
-1.160e+00
-1.160e+00
-1.160e+00
-1.160e+00
-1.160e+00
-1.160e+00
-1.160e+00
-1.160e+00
-1.160e+00
-1.160e+00
-1.160e+00
-1.160e+00
-1.160e+00
-1.160e+00
-1.160e+00
-1.160e+00
-1.160e+00
-1.160e+00
-1.160e+00
-1.160e+00
-1.160e+00
-1.160e+00
-1.160e+00
-1.160e+00
-1.160e+00
-1.160e+00
-1.160e+00
-1.160e+00
-1.160e+00
-1.160e+00
-1.160e+00
-1.160e+00
-1.160e+00
-1.160e+00
-1.160e+00
-1.160e+00
-1.160e+00
-1.160e+00
-1.160e+00
-1.160e+00
-1.160e+00
-1.160e+00
-1.160e+00
-1.160e+00
-1.160e+00
-1.160e+00
-1.160e+00
-1.160e+00
-1.160e+00
-1.160e+00
-1.160e+00
-1.160e+00
-1.160e+00
-1.160e+00
-1.160e+00
-1.160e+00
-1.160e+00
-1.160e+00
-1.160e+00
-1.160e+00
-1.160e+00
-1.160e+00
-1.160e+00
-1.160e+00
-1.160e+00
-1.160e+00
-1.160e+00
-1.160e+00
-1.160e+00
-1.160e+00
-1.160e+00
-1.160e+00
-1.160e+00
-1.160e+00
-1.160e+00
-1.160e+00
-1.160e+00
-1.160e+00
-1.160e+00
-1.160e+00
-1.160e+00
-1.160e+00
-1.160e+00
-1.160e+00
-1.160e+00
-1.160e+00
-1.160e+00
-1.160e+00
-1.160e+00
-1.160e+00
-1.160e+00
-1.160e+00
-1.160e+00
-1.160e+00
-1.160e+00
-1.160e+00
-1.160e+00
-1.160e+00
-1.160e+00
-1.160e+00
-1.160e+00
-1.160e+00
-1.160e+00
-1.160e+00
-1.160e+00
-1.160e+00
-1.160e+00
-1.160e+00
-1.160e+00
-1.160e+00
-1.160e+00
-1.160e+00
-1.160e+00
-1.160e+00
-1.160e+00
-1.160e+00
-1.160e+00
-1.160e+00
-1.160e+00
-1.160e+00
-1.160e+00
-1.160e+00
-1.160e+00
-1.160e+00
-1.160e+00
-1.160e+00
-1.160e+00
-1.160e+00
-1.160e+00
-1.160e+00
-1.160e+00
-1.160e+00
-1.160e+00
-1.160e+00
-1.160e+00
-1.160e+00
-1.160e+00
-1.160e+00
-1.160e+00
-1.160e+00
-1.160e+00
-1.160e+00
-1.160e+00
-1.160e+00
-1.160e+00
-1.160e+00
-1.160e+00
-1.160e+00
-1.160e+00
-1.160e+00
-1.160e+00
-1.160e+00
-1.160e+00
-1.160e+00
-1.160e+00
-1.160e+00
-1.160e+00
-1.160e+00
-1.160e+00
-1.160e+00
-1.160e+00
-1.160e+00
-1.160e+00
-1.160e+00
-1.160e+00
-1.160e+00
-1.160e+00
-1.160e+00
-1.160e+00
-1.160e+00
-1.160e+00
-1.160e+00
-1.160e+00
-1.160e+00
-1.160e+00
-1.160e+00
-1.160e+00
-1.160e+00
-1.160e+00
-1.160e+00
-1.160e+00
-1.160e+00
-1.160e+00
-1.160e+00
-1.160e+00
-1.160e+00
-1.160e+00
-1.160e+00
-1.160e+00
-1.160e+00
-1.160e+00
-1.160e+00
-1.160e+00
-1.160e+00
-1.160e+00
-1.160e+00
-1.160e+00
-1.160e+00
-1.160e+00
-1.160e+00
-1.160e+00
-1.160e+00
-1.160e+00
-1.160e+00
-1.160e+00
-8.600e-01
-8.600e-01
-8.600e-01
-8.600e-01
-8.600e-01
-8.600e-01
-8.600e-01
-8.600e-01
-8.600e-01
-8.600e-01
-8.600e-01
-8.600e-01
-8.600e-01
-8.600e-01
-8.600e-01
-8.600e-01
-8.600e-01
-8.600e-01
-8.600e-01
-8.600e-01
-8.600e-01
-8.600e-01
-8.600e-01
-8.600e-01
-8.600e-01
-8.600e-01
-8.600e-01
-8.600e-01
-8.600e-01
-8.600e-01
-8.600e-01
-8.600e-01
-8.600e-01
-8.600e-01
-8.600e-01
-8.600e-01
-8.600e-01
-8.600e-01
-8.600e-01
-8.600e-01
-8.600e-01
-8.600e-01
-8.600e-01
-8.600e-01
-8.600e-01
-8.600e-01
-8.600e-01
-8.600e-01
-8.600e-01
-8.600e-01
-8.600e-01
-8.600e-01
-8.600e-01
-8.600e-01
-8.600e-01
-8.600e-01
-8.600e-01
-8.600e-01
-8.600e-01
-8.600e-01
-8.600e-01
-8.600e-01
-8.600e-01
-8.600e-01
-8.600e-01
-8.600e-01
-8.600e-01
-8.600e-01
-8.600e-01
-8.600e-01
-8.600e-01
-8.600e-01
-8.600e-01
-8.600e-01
-8.600e-01
-8.600e-01
-8.600e-01
-8.600e-01
-8.600e-01
-8.600e-01
-8.600e-01
-8.600e-01
-8.600e-01
-8.600e-01
-8.600e-01
-8.600e-01
-8.600e-01
-8.600e-01
-8.600e-01
-8.600e-01
-8.600e-01
-8.600e-01
-8.600e-01
-8.600e-01
-8.600e-01
-8.600e-01
-8.600e-01
-8.600e-01
-8.600e-01
-8.600e-01
-8.600e-01
-8.600e-01
-8.600e-01
-8.600e-01
-8.600e-01
-8.600e-01
-8.600e-01
-8.600e-01
-8.600e-01
-8.600e-01
-8.600e-01
-8.600e-01
-8.600e-01
-8.600e-01
-8.600e-01
-8.600e-01
-8.600e-01
-8.600e-01
-8.600e-01
-8.600e-01
-8.600e-01
-8.600e-01
-8.600e-01
-8.600e-01
-8.600e-01
-8.600e-01
-8.600e-01
-8.600e-01
-8.600e-01
-8.600e-01
-8.600e-01
-8.600e-01
-8.600e-01
-8.600e-01
-8.600e-01
-8.600e-01
-8.600e-01
-8.600e-01
-8.600e-01
-8.600e-01
-8.600e-01
-8.600e-01
-8.600e-01
-8.600e-01
-8.600e-01
-8.600e-01
-8.600e-01
-8.600e-01
-8.600e-01
-8.600e-01
-8.600e-01
-8.600e-01
-8.600e-01
-8.600e-01
-8.600e-01
-8.600e-01
-8.600e-01
-8.600e-01
-8.600e-01
-8.600e-01
-8.600e-01
-8.600e-01
-8.600e-01
-8.600e-01
-8.600e-01
-8.600e-01
-8.600e-01
-8.600e-01
-8.600e-01
-8.600e-01
-8.600e-01
-8.600e-01
-8.600e-01
-8.600e-01
-8.600e-01
-8.600e-01
-8.600e-01
-8.600e-01
-8.600e-01
-8.600e-01
-8.600e-01
-8.600e-01
-8.600e-01
-8.600e-01
-8.600e-01
-8.600e-01
-8.600e-01
-8.600e-01
-8.600e-01
-8.600e-01
-8.600e-01
-8.600e-01
-8.600e-01
-8.600e-01
-8.600e-01
-8.600e-01
-8.600e-01
-8.600e-01
-8.600e-01
-8.600e-01
-8.600e-01
-8.600e-01
-8.600e-01
-8.600e-01
-8.600e-01
-8.600e-01
-8.600e-01
-8.600e-01
-8.600e-01
-8.600e-01
-8.600e-01
-8.600e-01
-8.600e-01
-8.600e-01
-8.600e-01
-8.600e-01
-8.600e-01
-8.600e-01
-8.600e-01
-8.600e-01
-8.600e-01
-8.600e-01
-8.600e-01
-8.600e-01
-8.600e-01
-8.600e-01
-8.600e-01
-8.600e-01
-8.600e-01
-8.600e-01
-8.600e-01
-8.600e-01
-8.600e-01
-8.600e-01
-8.600e-01
-8.600e-01
-8.600e-01
-8.600e-01
-8.600e-01
-8.600e-01
-8.600e-01
-8.600e-01
-8.600e-01
-8.600e-01
-8.600e-01
-8.600e-01
-8.600e-01
-8.600e-01
-8.600e-01
-8.600e-01
-8.600e-01
-8.600e-01
-8.600e-01
-8.600e-01
-8.600e-01
-8.600e-01
-8.600e-01
-8.600e-01
-8.600e-01
-8.600e-01
-8.600e-01
-8.600e-01
-8.600e-01
-8.600e-01
-8.600e-01
-8.600e-01
-8.600e-01
-8.600e-01
-8.600e-01
-8.600e-01
-8.600e-01
-8.600e-01
-8.600e-01
-8.600e-01
-8.600e-01
-8.600e-01
-8.600e-01
-8.600e-01
-8.600e-01
-8.600e-01
-8.600e-01
-8.600e-01
-8.600e-01
-8.600e-01
-8.600e-01
-8.600e-01
-8.600e-01
-8.600e-01
-8.600e-01
-8.600e-01
-8.600e-01
-8.600e-01
-8.600e-01
-8.600e-01
-8.600e-01
-8.600e-01
-8.600e-01
-8.600e-01
-8.600e-01
-8.600e-01
-8.600e-01
-8.600e-01
-8.600e-01
-8.600e-01
-8.600e-01
-8.600e-01
-8.600e-01
-8.600e-01
-8.600e-01
-8.600e-01
-8.600e-01
-8.600e-01
-8.600e-01
-8.600e-01
-8.600e-01
-8.600e-01
-8.600e-01
-8.600e-01
-8.600e-01
-8.600e-01
-8.600e-01
-8.600e-01
-8.600e-01
-8.600e-01
-8.600e-01
-8.600e-01
-8.600e-01
-8.600e-01
-8.600e-01
-8.600e-01
-8.600e-01
-8.600e-01
-8.600e-01
-8.600e-01
-8.600e-01
-8.600e-01
-8.600e-01
-8.600e-01
-8.600e-01
-8.600e-01
-8.600e-01
-8.600e-01
-8.600e-01
-8.600e-01
-8.600e-01
-8.600e-01
-8.600e-01
-8.600e-01
-8.600e-01
-8.600e-01
-8.600e-01
-8.600e-01
-8.600e-01
-8.600e-01
-8.600e-01
-8.600e-01
-8.600e-01
-8.600e-01
-8.600e-01
-8.600e-01
-8.600e-01
-8.600e-01
-8.600e-01
-8.600e-01
-8.600e-01
-8.600e-01
-8.600e-01
-8.600e-01
-8.600e-01
-8.600e-01
-8.600e-01
-8.600e-01
-8.600e-01
-8.600e-01
-8.600e-01
-8.600e-01
-8.600e-01
-8.600e-01
-8.600e-01
-8.600e-01
-8.600e-01
-8.600e-01
-8.600e-01
-8.600e-01
-8.600e-01
-8.600e-01
-8.600e-01
-8.600e-01
-8.600e-01
-8.600e-01
-8.600e-01
-8.600e-01
-8.600e-01
-8.600e-01
-8.600e-01
-8.600e-01
-8.600e-01
-8.600e-01
-8.600e-01
-8.600e-01
-8.600e-01
-8.600e-01
-8.600e-01
-8.600e-01
-8.600e-01
-8.600e-01
-8.600e-01
-8.600e-01
-8.600e-01
-8.600e-01
-8.600e-01
-8.600e-01
-8.600e-01
-8.600e-01
-8.600e-01
-8.600e-01
-8.600e-01
-8.600e-01
-8.600e-01
-8.600e-01
-8.600e-01
-8.600e-01
-8.600e-01
-8.600e-01
-8.600e-01
-8.600e-01
-8.600e-01
-8.600e-01
-8.600e-01
-8.600e-01
-8.600e-01
-8.600e-01
-8.600e-01
-8.600e-01
-8.600e-01
-8.600e-01
-8.600e-01
-8.600e-01
-8.600e-01
-8.600e-01
-8.600e-01
-2.600e-01
-2.600e-01
-2.600e-01
-2.600e-01
-2.600e-01
-2.600e-01
-2.600e-01
-2.600e-01
-2.600e-01
-2.600e-01
-2.600e-01
-2.600e-01
-2.600e-01
-2.600e-01
-2.600e-01
-2.600e-01
-2.600e-01
-2.600e-01
-2.600e-01
-2.600e-01
-2.600e-01
-2.600e-01
-2.600e-01
-2.600e-01
-2.600e-01
-2.600e-01
-2.600e-01
-2.600e-01
-2.600e-01
-2.600e-01
-2.600e-01
-2.600e-01
-2.600e-01
-2.600e-01
-2.600e-01
-2.600e-01
-2.600e-01
-2.600e-01
-2.600e-01
-2.600e-01
-2.600e-01
-2.600e-01
-2.600e-01
-2.600e-01
-2.600e-01
-2.600e-01
-2.600e-01
-2.600e-01
-2.600e-01
-2.600e-01
-2.600e-01
-2.600e-01
-2.600e-01
-2.600e-01
-2.600e-01
-2.600e-01
-2.600e-01
-2.600e-01
-2.600e-01
-2.600e-01
-2.600e-01
-2.600e-01
-2.600e-01
-2.600e-01
-2.600e-01
-2.600e-01
-2.600e-01
-2.600e-01
-2.600e-01
-2.600e-01
-2.600e-01
-2.600e-01
-2.600e-01
-2.600e-01
-2.600e-01
-2.600e-01
-2.600e-01
-2.600e-01
-2.600e-01
-2.600e-01
-2.600e-01
-2.600e-01
-2.600e-01
-2.600e-01
-2.600e-01
-2.600e-01
-2.600e-01
-2.600e-01
-2.600e-01
-2.600e-01
-2.600e-01
-2.600e-01
-2.600e-01
-2.600e-01
-2.600e-01
-2.600e-01
-2.600e-01
-2.600e-01
-2.600e-01
-2.600e-01
-2.600e-01
-2.600e-01
-2.600e-01
-2.600e-01
-2.600e-01
-2.600e-01
-2.600e-01
-2.600e-01
-2.600e-01
-2.600e-01
-2.600e-01
-2.600e-01
-2.600e-01
-2.600e-01
-2.600e-01
-2.600e-01
-2.600e-01
-2.600e-01
-2.600e-01
-2.600e-01
-2.600e-01
-2.600e-01
-2.600e-01
-2.600e-01
-2.600e-01
-2.600e-01
-2.600e-01
-2.600e-01
-2.600e-01
-2.600e-01
-2.600e-01
-2.600e-01
-2.600e-01
-2.600e-01
-2.600e-01
-2.600e-01
-2.600e-01
-2.600e-01
-2.600e-01
-2.600e-01
-2.600e-01
-2.600e-01
-2.600e-01
-2.600e-01
-2.600e-01
-2.600e-01
-2.600e-01
-2.600e-01
-2.600e-01
-2.600e-01
-2.600e-01
-2.600e-01
-2.600e-01
-2.600e-01
-2.600e-01
-2.600e-01
-2.600e-01
-2.600e-01
-2.600e-01
-2.600e-01
-2.600e-01
-2.600e-01
-2.600e-01
-2.600e-01
-2.600e-01
-2.600e-01
-2.600e-01
-2.600e-01
-2.600e-01
-2.600e-01
-2.600e-01
-2.600e-01
-2.600e-01
-2.600e-01
-2.600e-01
-2.600e-01
-2.600e-01
-2.600e-01
-2.600e-01
-2.600e-01
-2.600e-01
-2.600e-01
-2.600e-01
-2.600e-01
-2.600e-01
-2.600e-01
-2.600e-01
-2.600e-01
-2.600e-01
-2.600e-01
-2.600e-01
-2.600e-01
-2.600e-01
-2.600e-01
-2.600e-01
-2.600e-01
-2.600e-01
-2.600e-01
-2.600e-01
-2.600e-01
-2.600e-01
-2.600e-01
-2.600e-01
-2.600e-01
-2.600e-01
-2.600e-01
-2.600e-01
-2.600e-01
-2.600e-01
-2.600e-01
-2.600e-01
-2.600e-01
-2.600e-01
-2.600e-01
-2.600e-01
-2.600e-01
-2.600e-01
-2.600e-01
-2.600e-01
-2.600e-01
-2.600e-01
-2.600e-01
-2.600e-01
-2.600e-01
-2.600e-01
-2.600e-01
-2.600e-01
-2.600e-01
-2.600e-01
-2.600e-01
-2.600e-01
-2.600e-01
-2.600e-01
-2.600e-01
-2.600e-01
-2.600e-01
-2.600e-01
-2.600e-01
-2.600e-01
-2.600e-01
-2.600e-01
-2.600e-01
-2.600e-01
-2.600e-01
-2.600e-01
-2.600e-01
-2.600e-01
-2.600e-01
-2.600e-01
-2.600e-01
-2.600e-01
-2.600e-01
-2.600e-01
-2.600e-01
-2.600e-01
-2.600e-01
-2.600e-01
-2.600e-01
-2.600e-01
-2.600e-01
-2.600e-01
-2.600e-01
-2.600e-01
-2.600e-01
-2.600e-01
-2.600e-01
-2.600e-01
-2.600e-01
-2.600e-01
-2.600e-01
-2.600e-01
-2.600e-01
-2.600e-01
-2.600e-01
-2.600e-01
-2.600e-01
-2.600e-01
-2.600e-01
-2.600e-01
-2.600e-01
-2.600e-01
-2.600e-01
-2.600e-01
-2.600e-01
-2.600e-01
-2.600e-01
-2.600e-01
-2.600e-01
-2.600e-01
-2.600e-01
-2.600e-01
-2.600e-01
-2.600e-01
-2.600e-01
-2.600e-01
-2.600e-01
-2.600e-01
-2.600e-01
-2.600e-01
-2.600e-01
-2.600e-01
-2.600e-01
-2.600e-01
-2.600e-01
-2.600e-01
-2.600e-01
-2.600e-01
-2.600e-01
-2.600e-01
-2.600e-01
-2.600e-01
-2.600e-01
-2.600e-01
-2.600e-01
-2.600e-01
-2.600e-01
-2.600e-01
-2.600e-01
-2.600e-01
-2.600e-01
-2.600e-01
-2.600e-01
-2.600e-01
-2.600e-01
-2.600e-01
-2.600e-01
-2.600e-01
-2.600e-01
-2.600e-01
-2.600e-01
-2.600e-01
-2.600e-01
-2.600e-01
-2.600e-01
-2.600e-01
-2.600e-01
-2.600e-01
-2.600e-01
-2.600e-01
-2.600e-01
-2.600e-01
-2.600e-01
-2.600e-01
-2.600e-01
-2.600e-01
-2.600e-01
-2.600e-01
-2.600e-01
-2.600e-01
-2.600e-01
-2.600e-01
-2.600e-01
-2.600e-01
-2.600e-01
-2.600e-01
-2.600e-01
-2.600e-01
-2.600e-01
-2.600e-01
-2.600e-01
-2.600e-01
-2.600e-01
-2.600e-01
-2.600e-01
-2.600e-01
-2.600e-01
-2.600e-01
-2.600e-01
-2.600e-01
-2.600e-01
-2.600e-01
-2.600e-01
-2.600e-01
-2.600e-01
-2.600e-01
-2.600e-01
-2.600e-01
-2.600e-01
-2.600e-01
-2.600e-01
-2.600e-01
-2.600e-01
-2.600e-01
-2.600e-01
-2.600e-01
-2.600e-01
-2.600e-01
-2.600e-01
-2.600e-01
-2.600e-01
-2.600e-01
-2.600e-01
-2.600e-01
-2.600e-01
-2.600e-01
-2.600e-01
-2.600e-01
-2.600e-01
-2.600e-01
-2.600e-01
-2.600e-01
-2.600e-01
-2.600e-01
-2.600e-01
-2.600e-01
-2.600e-01
-2.600e-01
-2.600e-01
-2.600e-01
-2.600e-01
-2.600e-01
-2.600e-01
-2.600e-01
-2.600e-01
-2.600e-01
-2.600e-01
-2.600e-01
-2.600e-01
-2.597e-01
-2.597e-01
-2.600e-01
-2.600e-01
-2.600e-01
-2.600e-01
-2.600e-01
-2.600e-01
-2.600e-01
-2.600e-01
-2.600e-01
-2.600e-01
-2.600e-01
-2.600e-01
-2.600e-01
-2.600e-01
-2.600e-01
-2.600e-01
-2.600e-01
-2.600e-01
-2.600e-01
-2.597e-01
-2.590e-01
3.400e-01
3.400e-01
3.400e-01
3.400e-01
3.400e-01
3.400e-01
3.400e-01
3.400e-01
3.400e-01
3.400e-01
3.400e-01
3.400e-01
3.400e-01
3.400e-01
3.400e-01
3.400e-01
3.400e-01
3.400e-01
3.400e-01
3.400e-01
3.400e-01
3.400e-01
3.400e-01
3.400e-01
3.400e-01
3.400e-01
3.400e-01
3.400e-01
3.400e-01
3.400e-01
3.400e-01
3.400e-01
3.400e-01
3.400e-01
3.400e-01
3.400e-01
3.400e-01
3.400e-01
3.400e-01
3.400e-01
3.400e-01
3.400e-01
3.400e-01
3.400e-01
3.400e-01
3.400e-01
3.400e-01
3.400e-01
3.400e-01
3.400e-01
3.400e-01
3.400e-01
3.400e-01
3.400e-01
3.400e-01
3.400e-01
3.400e-01
3.400e-01
3.400e-01
3.400e-01
3.400e-01
3.400e-01
3.400e-01
3.400e-01
3.400e-01
3.400e-01
3.400e-01
3.400e-01
3.400e-01
3.400e-01
3.400e-01
3.400e-01
3.400e-01
3.400e-01
3.400e-01
3.400e-01
3.400e-01
3.400e-01
3.400e-01
3.400e-01
3.400e-01
3.400e-01
3.400e-01
3.400e-01
3.400e-01
3.400e-01
3.400e-01
3.400e-01
3.400e-01
3.400e-01
3.400e-01
3.400e-01
3.400e-01
3.400e-01
3.400e-01
3.400e-01
3.400e-01
3.400e-01
3.400e-01
3.400e-01
3.400e-01
3.400e-01
3.400e-01
3.400e-01
3.400e-01
3.400e-01
3.400e-01
3.400e-01
3.400e-01
3.400e-01
3.400e-01
3.400e-01
3.400e-01
3.400e-01
3.400e-01
3.400e-01
3.400e-01
3.400e-01
3.400e-01
3.400e-01
3.400e-01
3.400e-01
3.400e-01
3.400e-01
3.400e-01
3.400e-01
3.400e-01
3.400e-01
3.400e-01
3.400e-01
3.400e-01
3.400e-01
3.400e-01
3.400e-01
3.400e-01
3.400e-01
3.400e-01
3.400e-01
3.400e-01
3.400e-01
3.400e-01
3.400e-01
3.400e-01
3.400e-01
3.400e-01
3.400e-01
3.400e-01
3.400e-01
3.400e-01
3.400e-01
3.400e-01
3.400e-01
3.400e-01
3.400e-01
3.400e-01
3.400e-01
3.400e-01
3.400e-01
3.400e-01
3.400e-01
3.400e-01
3.400e-01
3.400e-01
3.400e-01
3.400e-01
3.400e-01
3.400e-01
3.400e-01
3.400e-01
3.400e-01
3.400e-01
3.400e-01
3.400e-01
3.400e-01
3.400e-01
3.400e-01
3.400e-01
3.400e-01
3.400e-01
3.400e-01
3.400e-01
3.400e-01
3.400e-01
3.400e-01
3.400e-01
3.400e-01
3.400e-01
3.400e-01
3.400e-01
3.400e-01
3.400e-01
3.400e-01
3.400e-01
3.400e-01
3.400e-01
3.400e-01
3.400e-01
3.400e-01
3.400e-01
3.400e-01
3.400e-01
3.400e-01
3.400e-01
3.400e-01
3.400e-01
3.400e-01
3.400e-01
3.400e-01
3.400e-01
3.400e-01
3.400e-01
3.400e-01
3.400e-01
3.400e-01
3.400e-01
3.400e-01
3.400e-01
3.400e-01
3.400e-01
3.400e-01
3.400e-01
3.400e-01
3.400e-01
3.400e-01
3.400e-01
3.400e-01
3.400e-01
3.400e-01
3.400e-01
3.400e-01
3.400e-01
3.400e-01
3.400e-01
3.400e-01
3.400e-01
3.400e-01
3.400e-01
3.400e-01
3.400e-01
3.400e-01
3.400e-01
3.400e-01
3.400e-01
3.400e-01
3.400e-01
3.400e-01
3.400e-01
3.400e-01
3.400e-01
3.400e-01
3.400e-01
3.400e-01
3.400e-01
3.400e-01
3.400e-01
3.400e-01
3.400e-01
3.400e-01
3.400e-01
3.400e-01
3.400e-01
3.400e-01
3.400e-01
3.400e-01
3.400e-01
3.400e-01
3.400e-01
3.400e-01
3.400e-01
3.400e-01
3.400e-01
3.400e-01
3.400e-01
3.400e-01
3.400e-01
3.400e-01
3.400e-01
3.400e-01
3.400e-01
3.400e-01
3.400e-01
3.400e-01
3.400e-01
3.400e-01
3.400e-01
3.400e-01
3.400e-01
3.400e-01
3.400e-01
3.400e-01
3.400e-01
3.400e-01
3.400e-01
3.400e-01
3.400e-01
3.400e-01
3.400e-01
3.400e-01
3.400e-01
3.400e-01
3.400e-01
3.400e-01
3.400e-01
3.400e-01
3.400e-01
3.400e-01
3.400e-01
3.400e-01
3.400e-01
3.400e-01
3.400e-01
3.400e-01
3.400e-01
3.400e-01
3.400e-01
3.400e-01
3.400e-01
3.400e-01
3.400e-01
3.400e-01
3.400e-01
3.400e-01
3.400e-01
3.400e-01
3.400e-01
3.400e-01
3.400e-01
3.400e-01
3.400e-01
3.400e-01
3.400e-01
3.400e-01
3.400e-01
3.400e-01
3.400e-01
3.400e-01
3.400e-01
3.400e-01
3.400e-01
3.400e-01
3.400e-01
3.400e-01
3.400e-01
3.400e-01
3.400e-01
3.400e-01
3.400e-01
3.400e-01
3.400e-01
3.400e-01
3.400e-01
3.400e-01
3.400e-01
3.400e-01
3.400e-01
3.400e-01
3.400e-01
3.400e-01
3.400e-01
3.400e-01
3.400e-01
3.400e-01
3.400e-01
3.400e-01
3.400e-01
3.400e-01
3.400e-01
3.400e-01
3.400e-01
3.400e-01
3.400e-01
3.400e-01
3.400e-01
3.400e-01
3.400e-01
3.400e-01
3.400e-01
3.400e-01
3.400e-01
3.400e-01
3.400e-01
3.400e-01
3.400e-01
3.400e-01
3.400e-01
3.400e-01
3.400e-01
3.400e-01
3.400e-01
3.400e-01
3.400e-01
3.400e-01
3.400e-01
3.400e-01
3.400e-01
3.400e-01
3.400e-01
3.400e-01
3.400e-01
3.400e-01
3.400e-01
3.400e-01
3.400e-01
3.400e-01
3.400e-01
3.400e-01
3.400e-01
3.400e-01
3.400e-01
3.400e-01
3.400e-01
3.400e-01
3.400e-01
3.400e-01
3.400e-01
3.400e-01
3.400e-01
3.400e-01
3.403e-01
3.403e-01
3.400e-01
3.400e-01
3.400e-01
3.400e-01
3.400e-01
3.400e-01
3.400e-01
3.400e-01
3.400e-01
3.400e-01
3.400e-01
3.400e-01
3.400e-01
3.400e-01
3.400e-01
3.400e-01
3.400e-01
3.400e-01
3.400e-01
3.403e-01
3.410e-01
1.000e+00
1.000e+00
1.000e+00
1.000e+00
1.000e+00
1.000e+00
1.000e+00
1.000e+00
1.000e+00
1.000e+00
1.000e+00
1.000e+00
1.000e+00
1.000e+00
1.000e+00
1.000e+00
1.000e+00
1.000e+00
1.000e+00
1.000e+00
1.000e+00
1.000e+00
1.000e+00
1.000e+00
1.000e+00
1.000e+00
1.000e+00
1.000e+00
1.000e+00
1.000e+00
1.000e+00
1.000e+00
1.000e+00
1.000e+00
1.000e+00
1.000e+00
1.000e+00
1.000e+00
1.000e+00
1.000e+00
1.000e+00
1.000e+00
1.000e+00
1.000e+00
1.000e+00
1.000e+00
1.000e+00
1.000e+00
1.000e+00
1.000e+00
1.000e+00
1.000e+00
1.000e+00
1.000e+00
1.000e+00
1.000e+00
1.000e+00
1.000e+00
1.000e+00
1.000e+00
1.000e+00
1.000e+00
1.000e+00
1.000e+00
1.000e+00
1.000e+00
1.000e+00
1.000e+00
1.000e+00
1.000e+00
1.000e+00
1.000e+00
1.000e+00
1.000e+00
1.000e+00
1.000e+00
1.000e+00
1.000e+00
1.000e+00
1.000e+00
1.000e+00
1.000e+00
1.000e+00
1.000e+00
1.000e+00
1.000e+00
1.000e+00
1.000e+00
1.000e+00
1.000e+00
1.000e+00
1.000e+00
1.000e+00
1.000e+00
1.000e+00
1.000e+00
1.000e+00
1.000e+00
1.000e+00
1.000e+00
1.000e+00
1.000e+00
1.000e+00
1.000e+00
1.000e+00
1.000e+00
1.000e+00
1.000e+00
1.000e+00
1.000e+00
1.000e+00
1.000e+00
1.000e+00
1.000e+00
1.000e+00
1.000e+00
1.000e+00
1.000e+00
1.000e+00
1.000e+00
1.000e+00
1.000e+00
1.000e+00
1.000e+00
1.000e+00
1.000e+00
1.000e+00
1.000e+00
1.000e+00
1.000e+00
1.000e+00
1.000e+00
1.000e+00
1.000e+00
1.000e+00
1.000e+00
1.000e+00
1.000e+00
1.000e+00
1.000e+00
1.000e+00
1.000e+00
1.000e+00
1.000e+00
1.000e+00
1.000e+00
1.000e+00
1.000e+00
1.000e+00
1.000e+00
1.000e+00
1.000e+00
1.000e+00
1.000e+00
1.000e+00
1.000e+00
1.000e+00
1.000e+00
1.000e+00
1.000e+00
1.000e+00
1.000e+00
1.000e+00
1.000e+00
1.000e+00
1.000e+00
1.000e+00
1.000e+00
1.000e+00
1.000e+00
1.000e+00
1.000e+00
1.000e+00
1.000e+00
1.000e+00
1.000e+00
1.000e+00
1.000e+00
1.000e+00
1.000e+00
1.000e+00
1.000e+00
1.000e+00
1.000e+00
1.000e+00
1.000e+00
1.000e+00
1.000e+00
1.000e+00
1.000e+00
1.000e+00
1.000e+00
1.000e+00
1.000e+00
1.000e+00
1.000e+00
1.000e+00
1.000e+00
1.000e+00
1.000e+00
1.000e+00
1.000e+00
1.000e+00
1.000e+00
1.000e+00
1.000e+00
1.000e+00
1.000e+00
1.000e+00
1.000e+00
1.000e+00
1.000e+00
1.000e+00
1.000e+00
1.000e+00
1.000e+00
1.000e+00
1.000e+00
1.000e+00
1.000e+00
1.000e+00
1.000e+00
1.000e+00
1.000e+00
1.000e+00
1.000e+00
1.000e+00
1.000e+00
1.000e+00
1.000e+00
1.000e+00
1.000e+00
1.000e+00
1.000e+00
1.000e+00
1.000e+00
1.000e+00
1.000e+00
1.000e+00
1.000e+00
1.000e+00
1.000e+00
1.000e+00
1.000e+00
1.000e+00
1.000e+00
1.000e+00
1.000e+00
1.000e+00
1.000e+00
1.000e+00
1.000e+00
1.000e+00
1.000e+00
1.000e+00
1.000e+00
1.000e+00
1.000e+00
1.000e+00
1.000e+00
1.000e+00
1.000e+00
1.000e+00
1.000e+00
1.000e+00
1.000e+00
1.000e+00
1.000e+00
1.000e+00
1.000e+00
1.000e+00
1.000e+00
1.000e+00
1.000e+00
1.000e+00
1.000e+00
1.000e+00
1.000e+00
1.000e+00
1.000e+00
1.000e+00
1.000e+00
1.000e+00
1.000e+00
1.000e+00
1.000e+00
1.000e+00
1.000e+00
1.000e+00
1.000e+00
1.000e+00
1.000e+00
1.000e+00
1.000e+00
1.000e+00
1.000e+00
1.000e+00
1.000e+00
1.000e+00
1.000e+00
1.000e+00
1.000e+00
1.000e+00
1.000e+00
1.000e+00
1.000e+00
1.000e+00
1.000e+00
1.000e+00
1.000e+00
1.000e+00
1.000e+00
1.000e+00
1.000e+00
1.000e+00
1.000e+00
1.000e+00
1.000e+00
1.000e+00
1.000e+00
1.000e+00
1.000e+00
1.000e+00
1.000e+00
1.000e+00
1.000e+00
1.000e+00
1.000e+00
1.000e+00
1.000e+00
1.000e+00
1.000e+00
1.000e+00
1.000e+00
1.000e+00
1.000e+00
1.000e+00
1.000e+00
1.000e+00
1.000e+00
1.000e+00
1.000e+00
1.000e+00
1.000e+00
1.000e+00
1.000e+00
1.000e+00
1.000e+00
1.000e+00
1.000e+00
1.000e+00
1.000e+00
1.000e+00
1.000e+00
1.000e+00
1.000e+00
1.000e+00
1.000e+00
1.000e+00
1.000e+00
1.000e+00
1.000e+00
1.000e+00
1.000e+00
1.000e+00
1.000e+00
1.000e+00
1.000e+00
1.000e+00
1.000e+00
1.000e+00
1.000e+00
1.000e+00
1.000e+00
1.000e+00
1.000e+00
1.000e+00
1.000e+00
1.000e+00
1.000e+00
1.000e+00
1.000e+00
1.000e+00
1.000e+00
1.000e+00
1.000e+00
1.000e+00
1.000e+00
1.000e+00
1.000e+00
1.000e+00
1.000e+00
1.000e+00
1.000e+00
1.000e+00
1.000e+00
1.000e+00
1.000e+00
1.000e+00
1.000e+00
1.000e+00
1.000e+00
1.000e+00
1.000e+00
1.000e+00
1.000e+00
1.000e+00
1.000e+00
1.000e+00
1.000e+00
1.000e+00
1.000e+00
1.000e+00
1.000e+00
1.000e+00
1.000e+00
1.000e+00
1.000e+00
1.000e+00
1.000e+00
1.000e+00
1.000e+00
1.000e+00
1.000e+00
1.000e+00
1.000e+00
1.000e+00
1.000e+00
1.000e+00
1.000e+00
1.000e+00
1.000e+00
1.000e+00
1.000e+00
1.000e+00
1.000e+00
1.000e+00
1.000e+00
1.000e+00
1.000e+00
1.001e+00
