1	0	INDP	IPOND
-2.000e+02
-1.999e+02
-1.999e+02
-1.999e+02
-1.999e+02
-1.999e+02
-1.999e+02
-1.999e+02
-1.999e+02
-1.999e+02
-1.999e+02
-1.999e+02
-1.999e+02
-1.999e+02
-1.999e+02
-1.999e+02
-1.999e+02
-1.999e+02
-1.999e+02
-1.996e+02
-1.755e+02
-1.999e+02
-1.762e+02
-1.761e+02
-1.761e+02
-1.761e+02
-1.761e+02
-1.761e+02
-1.761e+02
-1.761e+02
-1.761e+02
-1.761e+02
-1.761e+02
-1.761e+02
-1.761e+02
-1.761e+02
-1.761e+02
-1.761e+02
-1.761e+02
-1.761e+02
-1.757e+02
-6.205e+01
-1.999e+02
-1.761e+02
-1.760e+02
-1.760e+02
-1.760e+02
-1.760e+02
-1.760e+02
-1.760e+02
-1.760e+02
-1.760e+02
-1.760e+02
-1.760e+02
-1.760e+02
-1.760e+02
-1.760e+02
-1.760e+02
-1.760e+02
-1.760e+02
-1.760e+02
-1.756e+02
-6.273e+01
-1.999e+02
-1.761e+02
-1.760e+02
-1.760e+02
-1.760e+02
-1.760e+02
-1.760e+02
-1.760e+02
-1.760e+02
-1.760e+02
-1.760e+02
-1.760e+02
-1.760e+02
-1.760e+02
-1.760e+02
-1.760e+02
-1.760e+02
-1.760e+02
-1.760e+02
-1.756e+02
-6.273e+01
-1.999e+02
-1.761e+02
-1.760e+02
-1.760e+02
-1.760e+02
-1.760e+02
-1.760e+02
-1.760e+02
-1.760e+02
-1.760e+02
-1.760e+02
-1.760e+02
-1.760e+02
-1.760e+02
-1.760e+02
-1.760e+02
-1.760e+02
-1.760e+02
-1.760e+02
-1.756e+02
-6.273e+01
-1.999e+02
-1.761e+02
-1.760e+02
-1.760e+02
-1.760e+02
-1.760e+02
-1.760e+02
-1.760e+02
-1.760e+02
-1.760e+02
-1.760e+02
-1.760e+02
-1.760e+02
-1.760e+02
-1.760e+02
-1.760e+02
-1.760e+02
-1.760e+02
-1.760e+02
-1.756e+02
-6.273e+01
-1.999e+02
-1.761e+02
-1.760e+02
-1.760e+02
-1.760e+02
-1.760e+02
-1.760e+02
-1.760e+02
-1.760e+02
-1.760e+02
-1.760e+02
-1.760e+02
-1.760e+02
-1.760e+02
-1.760e+02
-1.760e+02
-1.760e+02
-1.760e+02
-1.760e+02
-1.756e+02
-6.273e+01
-1.999e+02
-1.761e+02
-1.760e+02
-1.760e+02
-1.760e+02
-1.760e+02
-1.760e+02
-1.760e+02
-1.760e+02
-1.760e+02
-1.760e+02
-1.760e+02
-1.760e+02
-1.760e+02
-1.760e+02
-1.760e+02
-1.760e+02
-1.760e+02
-1.760e+02
-1.756e+02
-6.273e+01
-1.999e+02
-1.761e+02
-1.760e+02
-1.760e+02
-1.760e+02
-1.760e+02
-1.760e+02
-1.760e+02
-1.760e+02
-1.760e+02
-1.760e+02
-1.760e+02
-1.760e+02
-1.760e+02
-1.760e+02
-1.760e+02
-1.760e+02
-1.760e+02
-1.760e+02
-1.756e+02
-6.273e+01
-1.999e+02
-1.768e+02
-1.768e+02
-1.768e+02
-1.768e+02
-1.768e+02
-1.768e+02
-1.768e+02
-1.768e+02
-1.768e+02
-1.768e+02
-1.768e+02
-1.768e+02
-1.768e+02
-1.768e+02
-1.768e+02
-1.768e+02
-1.768e+02
-1.768e+02
-1.765e+02
-6.253e+01
-2.000e+02
-2.000e+02
-2.000e+02
-2.000e+02
-2.000e+02
-2.000e+02
-2.000e+02
-2.000e+02
-2.000e+02
-2.000e+02
-2.000e+02
-2.000e+02
-2.000e+02
-2.000e+02
-2.000e+02
-2.000e+02
-2.000e+02
-2.000e+02
-2.000e+02
-2.000e+02
-2.001e+02
-2.038e+02
-2.051e+02
-2.051e+02
-2.051e+02
-2.051e+02
-2.051e+02
-2.051e+02
-2.051e+02
-2.051e+02
-2.051e+02
-2.051e+02
-2.051e+02
-2.051e+02
-2.051e+02
-2.051e+02
-2.051e+02
-2.051e+02
-2.051e+02
-2.051e+02
-2.051e+02
-2.021e+02
-2.038e+02
-2.051e+02
-2.051e+02
-2.051e+02
-2.051e+02
-2.051e+02
-2.051e+02
-2.051e+02
-2.051e+02
-2.051e+02
-2.051e+02
-2.051e+02
-2.051e+02
-2.051e+02
-2.051e+02
-2.051e+02
-2.051e+02
-2.051e+02
-2.051e+02
-2.051e+02
-2.021e+02
-2.038e+02
-2.051e+02
-2.051e+02
-2.051e+02
-2.051e+02
-2.051e+02
-2.051e+02
-2.051e+02
-2.051e+02
-2.051e+02
-2.051e+02
-2.051e+02
-2.051e+02
-2.051e+02
-2.051e+02
-2.051e+02
-2.051e+02
-2.051e+02
-2.051e+02
-2.051e+02
-2.021e+02
-2.038e+02
-2.051e+02
-2.051e+02
-2.051e+02
-2.051e+02
-2.051e+02
-2.051e+02
-2.051e+02
-2.051e+02
-2.051e+02
-2.051e+02
-2.051e+02
-2.051e+02
-2.051e+02
-2.051e+02
-2.051e+02
-2.051e+02
-2.051e+02
-2.051e+02
-2.051e+02
-2.021e+02
-2.038e+02
-2.051e+02
-2.051e+02
-2.051e+02
-2.051e+02
-2.051e+02
-2.051e+02
-2.051e+02
-2.051e+02
-2.051e+02
-2.051e+02
-2.051e+02
-2.051e+02
-2.051e+02
-2.051e+02
-2.051e+02
-2.051e+02
-2.051e+02
-2.051e+02
-2.051e+02
-2.021e+02
-2.038e+02
-2.051e+02
-2.051e+02
-2.051e+02
-2.051e+02
-2.051e+02
-2.051e+02
-2.051e+02
-2.051e+02
-2.051e+02
-2.051e+02
-2.051e+02
-2.051e+02
-2.051e+02
-2.051e+02
-2.051e+02
-2.051e+02
-2.051e+02
-2.051e+02
-2.051e+02
-2.021e+02
-2.038e+02
-2.051e+02
-2.051e+02
-2.051e+02
-2.051e+02
-2.051e+02
-2.051e+02
-2.051e+02
-2.051e+02
-2.051e+02
-2.051e+02
-2.051e+02
-2.051e+02
-2.051e+02
-2.051e+02
-2.051e+02
-2.051e+02
-2.051e+02
-2.051e+02
-2.051e+02
-2.021e+02
-2.038e+02
-2.051e+02
-2.051e+02
-2.051e+02
-2.051e+02
-2.051e+02
-2.051e+02
-2.051e+02
-2.051e+02
-2.051e+02
-2.051e+02
-2.051e+02
-2.051e+02
-2.051e+02
-2.051e+02
-2.051e+02
-2.051e+02
-2.051e+02
-2.051e+02
-2.051e+02
-2.021e+02
-2.041e+02
-2.051e+02
-2.051e+02
-2.051e+02
-2.051e+02
-2.051e+02
-2.051e+02
-2.051e+02
-2.051e+02
-2.051e+02
-2.051e+02
-2.051e+02
-2.051e+02
-2.051e+02
-2.051e+02
-2.051e+02
-2.051e+02
-2.051e+02
-2.051e+02
-2.051e+02
-2.021e+02
-2.051e+02
-2.021e+02
-2.021e+02
-2.021e+02
-2.021e+02
-2.021e+02
-2.021e+02
-2.021e+02
-2.021e+02
-2.021e+02
-2.021e+02
-2.021e+02
-2.021e+02
-2.021e+02
-2.021e+02
-2.021e+02
-2.021e+02
-2.021e+02
-2.021e+02
-2.021e+02
-2.001e+02
-1.993e+02
-1.969e+02
-1.969e+02
-1.969e+02
-1.969e+02
-1.969e+02
-1.969e+02
-1.969e+02
-1.969e+02
-1.969e+02
-1.969e+02
-1.969e+02
-1.969e+02
-1.969e+02
-1.969e+02
-1.969e+02
-1.969e+02
-1.969e+02
-1.969e+02
-1.973e+02
-1.730e+02
-1.969e+02
-1.732e+02
-1.731e+02
-1.731e+02
-1.731e+02
-1.731e+02
-1.731e+02
-1.731e+02
-1.731e+02
-1.731e+02
-1.731e+02
-1.731e+02
-1.731e+02
-1.731e+02
-1.731e+02
-1.731e+02
-1.731e+02
-1.731e+02
-1.731e+02
-1.730e+02
-1.105e+02
-1.969e+02
-1.731e+02
-1.731e+02
-1.731e+02
-1.731e+02
-1.731e+02
-1.731e+02
-1.731e+02
-1.731e+02
-1.731e+02
-1.731e+02
-1.731e+02
-1.731e+02
-1.731e+02
-1.731e+02
-1.731e+02
-1.731e+02
-1.731e+02
-1.731e+02
-1.730e+02
-1.100e+02
-1.969e+02
-1.731e+02
-1.731e+02
-1.731e+02
-1.731e+02
-1.731e+02
-1.731e+02
-1.731e+02
-1.731e+02
-1.731e+02
-1.731e+02
-1.731e+02
-1.731e+02
-1.731e+02
-1.731e+02
-1.731e+02
-1.731e+02
-1.731e+02
-1.731e+02
-1.730e+02
-1.100e+02
-1.969e+02
-1.731e+02
-1.731e+02
-1.731e+02
-1.731e+02
-1.731e+02
-1.731e+02
-1.731e+02
-1.731e+02
-1.731e+02
-1.731e+02
-1.731e+02
-1.731e+02
-1.731e+02
-1.731e+02
-1.731e+02
-1.731e+02
-1.731e+02
-1.731e+02
-1.730e+02
-1.100e+02
-1.969e+02
-1.731e+02
-1.731e+02
-1.731e+02
-1.731e+02
-1.731e+02
-1.731e+02
-1.731e+02
-1.731e+02
-1.731e+02
-1.731e+02
-1.731e+02
-1.731e+02
-1.731e+02
-1.731e+02
-1.731e+02
-1.731e+02
-1.731e+02
-1.731e+02
-1.730e+02
-1.100e+02
-1.969e+02
-1.731e+02
-1.731e+02
-1.731e+02
-1.731e+02
-1.731e+02
-1.731e+02
-1.731e+02
-1.731e+02
-1.731e+02
-1.731e+02
-1.731e+02
-1.731e+02
-1.731e+02
-1.731e+02
-1.731e+02
-1.731e+02
-1.731e+02
-1.731e+02
-1.730e+02
-1.100e+02
-1.969e+02
-1.731e+02
-1.731e+02
-1.731e+02
-1.731e+02
-1.731e+02
-1.731e+02
-1.731e+02
-1.731e+02
-1.731e+02
-1.731e+02
-1.731e+02
-1.731e+02
-1.731e+02
-1.731e+02
-1.731e+02
-1.731e+02
-1.731e+02
-1.731e+02
-1.730e+02
-1.100e+02
-1.969e+02
-1.731e+02
-1.730e+02
-1.730e+02
-1.730e+02
-1.730e+02
-1.730e+02
-1.730e+02
-1.730e+02
-1.730e+02
-1.730e+02
-1.730e+02
-1.730e+02
-1.730e+02
-1.730e+02
-1.730e+02
-1.730e+02
-1.730e+02
-1.730e+02
-1.730e+02
-1.100e+02
-1.970e+02
-1.738e+02
-1.738e+02
-1.738e+02
-1.738e+02
-1.738e+02
-1.738e+02
-1.738e+02
-1.738e+02
-1.738e+02
-1.738e+02
-1.738e+02
-1.738e+02
-1.738e+02
-1.738e+02
-1.738e+02
-1.738e+02
-1.738e+02
-1.738e+02
-1.738e+02
-1.120e+02
-2.000e+02
-2.000e+02
-2.000e+02
-2.000e+02
-2.000e+02
-2.000e+02
-2.000e+02
-2.000e+02
-2.000e+02
-2.000e+02
-2.000e+02
-2.000e+02
-2.000e+02
-2.000e+02
-2.000e+02
-2.000e+02
-2.000e+02
-2.000e+02
-2.000e+02
-2.000e+02
-2.001e+02
-2.046e+02
-2.051e+02
-2.051e+02
-2.051e+02
-2.051e+02
-2.051e+02
-2.051e+02
-2.051e+02
-2.051e+02
-2.051e+02
-2.051e+02
-2.051e+02
-2.051e+02
-2.051e+02
-2.051e+02
-2.051e+02
-2.051e+02
-2.051e+02
-2.051e+02
-2.051e+02
-2.049e+02
-2.046e+02
-2.051e+02
-2.051e+02
-2.051e+02
-2.051e+02
-2.051e+02
-2.051e+02
-2.051e+02
-2.051e+02
-2.051e+02
-2.051e+02
-2.051e+02
-2.051e+02
-2.051e+02
-2.051e+02
-2.051e+02
-2.051e+02
-2.051e+02
-2.051e+02
-2.051e+02
-2.049e+02
-2.046e+02
-2.051e+02
-2.051e+02
-2.051e+02
-2.051e+02
-2.051e+02
-2.051e+02
-2.051e+02
-2.051e+02
-2.051e+02
-2.051e+02
-2.051e+02
-2.051e+02
-2.051e+02
-2.051e+02
-2.051e+02
-2.051e+02
-2.051e+02
-2.051e+02
-2.051e+02
-2.049e+02
-2.046e+02
-2.051e+02
-2.051e+02
-2.051e+02
-2.051e+02
-2.051e+02
-2.051e+02
-2.051e+02
-2.051e+02
-2.051e+02
-2.051e+02
-2.051e+02
-2.051e+02
-2.051e+02
-2.051e+02
-2.051e+02
-2.051e+02
-2.051e+02
-2.051e+02
-2.051e+02
-2.049e+02
-2.046e+02
-2.051e+02
-2.051e+02
-2.051e+02
-2.051e+02
-2.051e+02
-2.051e+02
-2.051e+02
-2.051e+02
-2.051e+02
-2.051e+02
-2.051e+02
-2.051e+02
-2.051e+02
-2.051e+02
-2.051e+02
-2.051e+02
-2.051e+02
-2.051e+02
-2.051e+02
-2.049e+02
-2.046e+02
-2.051e+02
-2.051e+02
-2.051e+02
-2.051e+02
-2.051e+02
-2.051e+02
-2.051e+02
-2.051e+02
-2.051e+02
-2.051e+02
-2.051e+02
-2.051e+02
-2.051e+02
-2.051e+02
-2.051e+02
-2.051e+02
-2.051e+02
-2.051e+02
-2.051e+02
-2.049e+02
-2.046e+02
-2.051e+02
-2.051e+02
-2.051e+02
-2.051e+02
-2.051e+02
-2.051e+02
-2.051e+02
-2.051e+02
-2.051e+02
-2.051e+02
-2.051e+02
-2.051e+02
-2.051e+02
-2.051e+02
-2.051e+02
-2.051e+02
-2.051e+02
-2.051e+02
-2.051e+02
-2.049e+02
-2.046e+02
-2.051e+02
-2.051e+02
-2.051e+02
-2.051e+02
-2.051e+02
-2.051e+02
-2.051e+02
-2.051e+02
-2.051e+02
-2.051e+02
-2.051e+02
-2.051e+02
-2.051e+02
-2.051e+02
-2.051e+02
-2.051e+02
-2.051e+02
-2.051e+02
-2.051e+02
-2.049e+02
-2.045e+02
-2.051e+02
-2.051e+02
-2.051e+02
-2.051e+02
-2.051e+02
-2.051e+02
-2.051e+02
-2.051e+02
-2.051e+02
-2.051e+02
-2.051e+02
-2.051e+02
-2.051e+02
-2.051e+02
-2.051e+02
-2.051e+02
-2.051e+02
-2.051e+02
-2.050e+02
-2.049e+02
-2.051e+02
-2.049e+02
-2.049e+02
-2.049e+02
-2.049e+02
-2.049e+02
-2.049e+02
-2.049e+02
-2.049e+02
-2.049e+02
-2.049e+02
-2.049e+02
-2.049e+02
-2.049e+02
-2.049e+02
-2.049e+02
-2.049e+02
-2.049e+02
-2.049e+02
-2.049e+02
-2.042e+02
-1.935e+02
-1.873e+02
-1.873e+02
-1.873e+02
-1.873e+02
-1.873e+02
-1.873e+02
-1.873e+02
-1.873e+02
-1.873e+02
-1.873e+02
-1.873e+02
-1.873e+02
-1.873e+02
-1.873e+02
-1.873e+02
-1.873e+02
-1.873e+02
-1.873e+02
-1.877e+02
-1.633e+02
-1.873e+02
-1.633e+02
-1.633e+02
-1.633e+02
-1.633e+02
-1.633e+02
-1.633e+02
-1.633e+02
-1.633e+02
-1.633e+02
-1.633e+02
-1.633e+02
-1.633e+02
-1.633e+02
-1.633e+02
-1.633e+02
-1.633e+02
-1.633e+02
-1.633e+02
-1.633e+02
-1.252e+02
-1.873e+02
-1.633e+02
-1.633e+02
-1.633e+02
-1.633e+02
-1.633e+02
-1.633e+02
-1.633e+02
-1.633e+02
-1.633e+02
-1.633e+02
-1.633e+02
-1.633e+02
-1.633e+02
-1.633e+02
-1.633e+02
-1.633e+02
-1.633e+02
-1.633e+02
-1.633e+02
-1.251e+02
-1.873e+02
-1.633e+02
-1.633e+02
-1.633e+02
-1.633e+02
-1.633e+02
-1.633e+02
-1.633e+02
-1.633e+02
-1.633e+02
-1.633e+02
-1.633e+02
-1.633e+02
-1.633e+02
-1.633e+02
-1.633e+02
-1.633e+02
-1.633e+02
-1.633e+02
-1.633e+02
-1.251e+02
-1.873e+02
-1.633e+02
-1.633e+02
-1.633e+02
-1.633e+02
-1.633e+02
-1.633e+02
-1.633e+02
-1.633e+02
-1.633e+02
-1.633e+02
-1.633e+02
-1.633e+02
-1.633e+02
-1.633e+02
-1.633e+02
-1.633e+02
-1.633e+02
-1.633e+02
-1.633e+02
-1.251e+02
-1.873e+02
-1.633e+02
-1.633e+02
-1.633e+02
-1.633e+02
-1.633e+02
-1.633e+02
-1.633e+02
-1.633e+02
-1.633e+02
-1.633e+02
-1.633e+02
-1.633e+02
-1.633e+02
-1.633e+02
-1.633e+02
-1.633e+02
-1.633e+02
-1.633e+02
-1.633e+02
-1.251e+02
-1.873e+02
-1.633e+02
-1.633e+02
-1.633e+02
-1.633e+02
-1.633e+02
-1.633e+02
-1.633e+02
-1.633e+02
-1.633e+02
-1.633e+02
-1.633e+02
-1.633e+02
-1.633e+02
-1.633e+02
-1.633e+02
-1.633e+02
-1.633e+02
-1.633e+02
-1.633e+02
-1.251e+02
-1.873e+02
-1.633e+02
-1.633e+02
-1.633e+02
-1.633e+02
-1.633e+02
-1.633e+02
-1.633e+02
-1.633e+02
-1.633e+02
-1.633e+02
-1.633e+02
-1.633e+02
-1.633e+02
-1.633e+02
-1.633e+02
-1.633e+02
-1.633e+02
-1.633e+02
-1.633e+02
-1.251e+02
-1.873e+02
-1.633e+02
-1.633e+02
-1.633e+02
-1.633e+02
-1.633e+02
-1.633e+02
-1.633e+02
-1.633e+02
-1.633e+02
-1.633e+02
-1.633e+02
-1.633e+02
-1.633e+02
-1.633e+02
-1.633e+02
-1.633e+02
-1.633e+02
-1.633e+02
-1.633e+02
-1.251e+02
-1.873e+02
-1.640e+02
-1.641e+02
-1.641e+02
-1.641e+02
-1.641e+02
-1.641e+02
-1.641e+02
-1.641e+02
-1.641e+02
-1.641e+02
-1.641e+02
-1.641e+02
-1.641e+02
-1.641e+02
-1.641e+02
-1.641e+02
-1.641e+02
-1.641e+02
-1.641e+02
-1.268e+02
-2.000e+02
-2.000e+02
-2.000e+02
-2.000e+02
-2.000e+02
-2.000e+02
-2.000e+02
-2.000e+02
-2.000e+02
-2.000e+02
-2.000e+02
-2.000e+02
-2.000e+02
-2.000e+02
-2.000e+02
-2.000e+02
-2.000e+02
-2.000e+02
-2.000e+02
-2.000e+02
-2.001e+02
-2.050e+02
-2.048e+02
-2.048e+02
-2.048e+02
-2.048e+02
-2.048e+02
-2.048e+02
-2.048e+02
-2.048e+02
-2.048e+02
-2.048e+02
-2.048e+02
-2.048e+02
-2.048e+02
-2.048e+02
-2.048e+02
-2.048e+02
-2.048e+02
-2.048e+02
-2.048e+02
-2.037e+02
-2.050e+02
-2.048e+02
-2.048e+02
-2.048e+02
-2.048e+02
-2.048e+02
-2.048e+02
-2.048e+02
-2.048e+02
-2.048e+02
-2.048e+02
-2.048e+02
-2.048e+02
-2.048e+02
-2.048e+02
-2.048e+02
-2.048e+02
-2.048e+02
-2.048e+02
-2.048e+02
-2.037e+02
-2.050e+02
-2.048e+02
-2.048e+02
-2.048e+02
-2.048e+02
-2.048e+02
-2.048e+02
-2.048e+02
-2.048e+02
-2.048e+02
-2.048e+02
-2.048e+02
-2.048e+02
-2.048e+02
-2.048e+02
-2.048e+02
-2.048e+02
-2.048e+02
-2.048e+02
-2.048e+02
-2.037e+02
-2.050e+02
-2.048e+02
-2.048e+02
-2.048e+02
-2.048e+02
-2.048e+02
-2.048e+02
-2.048e+02
-2.048e+02
-2.048e+02
-2.048e+02
-2.048e+02
-2.048e+02
-2.048e+02
-2.048e+02
-2.048e+02
-2.048e+02
-2.048e+02
-2.048e+02
-2.048e+02
-2.037e+02
-2.050e+02
-2.048e+02
-2.048e+02
-2.048e+02
-2.048e+02
-2.048e+02
-2.048e+02
-2.048e+02
-2.048e+02
-2.048e+02
-2.048e+02
-2.048e+02
-2.048e+02
-2.048e+02
-2.048e+02
-2.048e+02
-2.048e+02
-2.048e+02
-2.048e+02
-2.048e+02
-2.037e+02
-2.050e+02
-2.048e+02
-2.048e+02
-2.048e+02
-2.048e+02
-2.048e+02
-2.048e+02
-2.048e+02
-2.048e+02
-2.048e+02
-2.048e+02
-2.048e+02
-2.048e+02
-2.048e+02
-2.048e+02
-2.048e+02
-2.048e+02
-2.048e+02
-2.048e+02
-2.048e+02
-2.037e+02
-2.050e+02
-2.048e+02
-2.048e+02
-2.048e+02
-2.048e+02
-2.048e+02
-2.048e+02
-2.048e+02
-2.048e+02
-2.048e+02
-2.048e+02
-2.048e+02
-2.048e+02
-2.048e+02
-2.048e+02
-2.048e+02
-2.048e+02
-2.048e+02
-2.048e+02
-2.048e+02
-2.037e+02
-2.050e+02
-2.048e+02
-2.048e+02
-2.048e+02
-2.048e+02
-2.048e+02
-2.048e+02
-2.048e+02
-2.048e+02
-2.048e+02
-2.048e+02
-2.048e+02
-2.048e+02
-2.048e+02
-2.048e+02
-2.048e+02
-2.048e+02
-2.048e+02
-2.048e+02
-2.048e+02
-2.037e+02
-2.050e+02
-2.048e+02
-2.048e+02
-2.048e+02
-2.048e+02
-2.048e+02
-2.048e+02
-2.048e+02
-2.048e+02
-2.048e+02
-2.048e+02
-2.048e+02
-2.048e+02
-2.048e+02
-2.048e+02
-2.048e+02
-2.048e+02
-2.048e+02
-2.048e+02
-2.048e+02
-2.037e+02
-2.048e+02
-2.037e+02
-2.037e+02
-2.037e+02
-2.037e+02
-2.037e+02
-2.037e+02
-2.037e+02
-2.037e+02
-2.037e+02
-2.037e+02
-2.037e+02
-2.037e+02
-2.037e+02
-2.037e+02
-2.037e+02
-2.037e+02
-2.037e+02
-2.037e+02
-2.037e+02
-2.025e+02
-1.777e+02
-1.682e+02
-1.682e+02
-1.682e+02
-1.682e+02
-1.682e+02
-1.682e+02
-1.682e+02
-1.682e+02
-1.682e+02
-1.682e+02
-1.682e+02
-1.682e+02
-1.682e+02
-1.682e+02
-1.682e+02
-1.682e+02
-1.682e+02
-1.682e+02
-1.683e+02
-1.432e+02
-1.682e+02
-1.434e+02
-1.434e+02
-1.434e+02
-1.434e+02
-1.434e+02
-1.434e+02
-1.434e+02
-1.434e+02
-1.434e+02
-1.434e+02
-1.434e+02
-1.434e+02
-1.434e+02
-1.434e+02
-1.434e+02
-1.434e+02
-1.434e+02
-1.434e+02
-1.432e+02
-1.148e+02
-1.682e+02
-1.434e+02
-1.433e+02
-1.433e+02
-1.433e+02
-1.433e+02
-1.433e+02
-1.433e+02
-1.433e+02
-1.433e+02
-1.433e+02
-1.433e+02
-1.433e+02
-1.433e+02
-1.433e+02
-1.433e+02
-1.433e+02
-1.433e+02
-1.433e+02
-1.432e+02
-1.146e+02
-1.682e+02
-1.434e+02
-1.433e+02
-1.433e+02
-1.433e+02
-1.433e+02
-1.433e+02
-1.433e+02
-1.433e+02
-1.433e+02
-1.433e+02
-1.433e+02
-1.433e+02
-1.433e+02
-1.433e+02
-1.433e+02
-1.433e+02
-1.433e+02
-1.433e+02
-1.432e+02
-1.146e+02
-1.682e+02
-1.434e+02
-1.433e+02
-1.433e+02
-1.433e+02
-1.433e+02
-1.433e+02
-1.433e+02
-1.433e+02
-1.433e+02
-1.433e+02
-1.433e+02
-1.433e+02
-1.433e+02
-1.433e+02
-1.433e+02
-1.433e+02
-1.433e+02
-1.433e+02
-1.432e+02
-1.146e+02
-1.682e+02
-1.434e+02
-1.433e+02
-1.433e+02
-1.433e+02
-1.433e+02
-1.433e+02
-1.433e+02
-1.433e+02
-1.433e+02
-1.433e+02
-1.433e+02
-1.433e+02
-1.433e+02
-1.433e+02
-1.433e+02
-1.433e+02
-1.433e+02
-1.433e+02
-1.432e+02
-1.146e+02
-1.682e+02
-1.434e+02
-1.433e+02
-1.433e+02
-1.433e+02
-1.433e+02
-1.433e+02
-1.433e+02
-1.433e+02
-1.433e+02
-1.433e+02
-1.433e+02
-1.433e+02
-1.433e+02
-1.433e+02
-1.433e+02
-1.433e+02
-1.433e+02
-1.433e+02
-1.432e+02
-1.146e+02
-1.682e+02
-1.434e+02
-1.433e+02
-1.433e+02
-1.433e+02
-1.433e+02
-1.433e+02
-1.433e+02
-1.433e+02
-1.433e+02
-1.433e+02
-1.433e+02
-1.433e+02
-1.433e+02
-1.433e+02
-1.433e+02
-1.433e+02
-1.433e+02
-1.433e+02
-1.432e+02
-1.146e+02
-1.682e+02
-1.434e+02
-1.434e+02
-1.434e+02
-1.434e+02
-1.434e+02
-1.434e+02
-1.434e+02
-1.434e+02
-1.434e+02
-1.434e+02
-1.434e+02
-1.434e+02
-1.434e+02
-1.434e+02
-1.434e+02
-1.434e+02
-1.434e+02
-1.434e+02
-1.432e+02
-1.146e+02
-1.685e+02
-1.442e+02
-1.441e+02
-1.441e+02
-1.441e+02
-1.441e+02
-1.441e+02
-1.441e+02
-1.441e+02
-1.441e+02
-1.441e+02
-1.441e+02
-1.441e+02
-1.441e+02
-1.441e+02
-1.441e+02
-1.441e+02
-1.441e+02
-1.441e+02
-1.441e+02
-1.158e+02
-2.000e+02
-2.001e+02
-2.001e+02
-2.001e+02
-2.001e+02
-2.001e+02
-2.001e+02
-2.001e+02
-2.001e+02
-2.001e+02
-2.001e+02
-2.001e+02
-2.001e+02
-2.001e+02
-2.001e+02
-2.001e+02
-2.001e+02
-2.001e+02
-2.001e+02
-2.001e+02
-2.001e+02
-2.000e+02
-2.000e+02
-2.000e+02
-2.000e+02
-2.000e+02
-2.000e+02
-2.000e+02
-2.000e+02
-2.000e+02
-2.000e+02
-2.000e+02
-2.000e+02
-2.000e+02
-2.000e+02
-2.000e+02
-2.000e+02
-2.000e+02
-2.000e+02
-2.000e+02
-2.000e+02
-2.000e+02
-2.000e+02
-2.000e+02
-2.000e+02
-2.000e+02
-2.000e+02
-2.000e+02
-2.000e+02
-2.000e+02
-2.000e+02
-2.000e+02
-2.000e+02
-2.000e+02
-2.000e+02
-2.000e+02
-2.000e+02
-2.000e+02
-2.000e+02
-2.000e+02
-2.000e+02
-2.000e+02
-2.000e+02
-2.000e+02
-2.000e+02
-2.000e+02
-2.000e+02
-2.000e+02
-2.000e+02
-2.000e+02
-2.000e+02
-2.000e+02
-2.000e+02
-2.000e+02
-2.000e+02
-2.000e+02
-2.000e+02
-2.000e+02
-2.000e+02
-2.000e+02
-2.000e+02
-2.000e+02
-2.000e+02
-2.000e+02
-2.000e+02
-2.000e+02
-2.000e+02
-2.000e+02
-2.000e+02
-2.000e+02
-2.000e+02
-2.000e+02
-2.000e+02
-2.000e+02
-2.000e+02
-2.000e+02
-2.000e+02
-2.000e+02
-2.000e+02
-2.000e+02
-2.000e+02
-2.000e+02
-2.000e+02
-2.000e+02
-2.000e+02
-2.000e+02
-2.000e+02
-2.000e+02
-2.000e+02
-2.000e+02
-2.000e+02
-2.000e+02
-2.000e+02
-2.000e+02
-2.000e+02
-2.000e+02
-2.000e+02
-2.000e+02
-2.000e+02
-2.000e+02
-2.000e+02
-2.000e+02
-2.000e+02
-2.000e+02
-2.000e+02
-2.000e+02
-2.000e+02
-2.000e+02
-2.000e+02
-2.000e+02
-2.000e+02
-2.000e+02
-2.000e+02
-2.000e+02
-2.000e+02
-2.000e+02
-2.000e+02
-2.000e+02
-2.000e+02
-2.000e+02
-2.000e+02
-2.000e+02
-2.000e+02
-2.000e+02
-2.000e+02
-2.000e+02
-2.000e+02
-2.000e+02
-2.000e+02
-2.000e+02
-2.000e+02
-2.000e+02
-2.000e+02
-2.000e+02
-2.000e+02
-2.000e+02
-2.000e+02
-2.000e+02
-2.000e+02
-2.000e+02
-2.000e+02
-2.000e+02
-2.000e+02
-2.000e+02
-2.000e+02
-2.000e+02
-2.000e+02
-2.000e+02
-2.000e+02
-2.000e+02
-2.000e+02
-2.000e+02
-2.000e+02
-2.000e+02
-2.000e+02
-2.000e+02
-2.000e+02
-2.000e+02
-2.000e+02
-2.000e+02
-2.000e+02
-2.000e+02
-2.000e+02
-2.000e+02
-2.000e+02
-2.000e+02
-2.000e+02
-2.000e+02
-2.000e+02
-2.000e+02
-2.000e+02
-2.000e+02
-2.000e+02
-2.000e+02
-2.000e+02
-2.000e+02
-2.000e+02
-2.000e+02
-2.000e+02
-2.000e+02
-2.000e+02
-2.000e+02
-2.000e+02
-2.000e+02
-2.000e+02
-2.000e+02
-2.000e+02
-2.000e+02
-2.000e+02
-2.000e+02
-2.000e+02
-2.000e+02
-2.000e+02
-2.000e+02
-2.000e+02
-2.000e+02
-2.000e+02
-2.000e+02
-2.000e+02
-2.000e+02
-2.000e+02
-2.000e+02
-2.000e+02
-2.000e+02
-2.000e+02
-2.000e+02
-2.000e+02
-2.000e+02
-2.000e+02
-2.000e+02
-2.000e+02
-1.456e+02
-1.341e+02
-1.341e+02
-1.341e+02
-1.341e+02
-1.341e+02
-1.341e+02
-1.341e+02
-1.341e+02
-1.341e+02
-1.341e+02
-1.341e+02
-1.341e+02
-1.341e+02
-1.341e+02
-1.341e+02
-1.341e+02
-1.341e+02
-1.341e+02
-1.341e+02
-1.112e+02
-1.341e+02
-1.112e+02
-1.112e+02
-1.112e+02
-1.112e+02
-1.112e+02
-1.112e+02
-1.112e+02
-1.112e+02
-1.112e+02
-1.112e+02
-1.112e+02
-1.112e+02
-1.112e+02
-1.112e+02
-1.112e+02
-1.112e+02
-1.112e+02
-1.112e+02
-1.112e+02
-9.017e+01
-1.341e+02
-1.112e+02
-1.112e+02
-1.112e+02
-1.112e+02
-1.112e+02
-1.112e+02
-1.112e+02
-1.112e+02
-1.112e+02
-1.112e+02
-1.112e+02
-1.112e+02
-1.112e+02
-1.112e+02
-1.112e+02
-1.112e+02
-1.112e+02
-1.112e+02
-1.112e+02
-9.017e+01
-1.341e+02
-1.112e+02
-1.112e+02
-1.112e+02
-1.112e+02
-1.112e+02
-1.112e+02
-1.112e+02
-1.112e+02
-1.112e+02
-1.112e+02
-1.112e+02
-1.112e+02
-1.112e+02
-1.112e+02
-1.112e+02
-1.112e+02
-1.112e+02
-1.112e+02
-1.112e+02
-9.017e+01
-1.341e+02
-1.112e+02
-1.112e+02
-1.112e+02
-1.112e+02
-1.112e+02
-1.112e+02
-1.112e+02
-1.112e+02
-1.112e+02
-1.112e+02
-1.112e+02
-1.112e+02
-1.112e+02
-1.112e+02
-1.112e+02
-1.112e+02
-1.112e+02
-1.112e+02
-1.112e+02
-9.017e+01
-1.341e+02
-1.112e+02
-1.112e+02
-1.112e+02
-1.112e+02
-1.112e+02
-1.112e+02
-1.112e+02
-1.112e+02
-1.112e+02
-1.112e+02
-1.112e+02
-1.112e+02
-1.112e+02
-1.112e+02
-1.112e+02
-1.112e+02
-1.112e+02
-1.112e+02
-1.112e+02
-9.017e+01
-1.341e+02
-1.112e+02
-1.112e+02
-1.112e+02
-1.112e+02
-1.112e+02
-1.112e+02
-1.112e+02
-1.112e+02
-1.112e+02
-1.112e+02
-1.112e+02
-1.112e+02
-1.112e+02
-1.112e+02
-1.112e+02
-1.112e+02
-1.112e+02
-1.112e+02
-1.112e+02
-9.017e+01
-1.341e+02
-1.112e+02
-1.112e+02
-1.112e+02
-1.112e+02
-1.112e+02
-1.112e+02
-1.112e+02
-1.112e+02
-1.112e+02
-1.112e+02
-1.112e+02
-1.112e+02
-1.112e+02
-1.112e+02
-1.112e+02
-1.112e+02
-1.112e+02
-1.112e+02
-1.112e+02
-9.017e+01
-1.341e+02
-1.112e+02
-1.112e+02
-1.112e+02
-1.112e+02
-1.112e+02
-1.112e+02
-1.112e+02
-1.112e+02
-1.112e+02
-1.112e+02
-1.112e+02
-1.112e+02
-1.112e+02
-1.112e+02
-1.112e+02
-1.112e+02
-1.112e+02
-1.112e+02
-1.112e+02
-9.017e+01
-1.345e+02
-1.118e+02
-1.119e+02
-1.119e+02
-1.119e+02
-1.119e+02
-1.119e+02
-1.119e+02
-1.119e+02
-1.119e+02
-1.119e+02
-1.119e+02
-1.119e+02
-1.119e+02
-1.119e+02
-1.119e+02
-1.119e+02
-1.119e+02
-1.119e+02
-1.119e+02
-9.075e+01
-2.001e+02
-2.000e+02
-2.000e+02
-2.000e+02
-2.000e+02
-2.000e+02
-2.000e+02
-2.000e+02
-2.000e+02
-2.000e+02
-2.000e+02
-2.000e+02
-2.000e+02
-2.000e+02
-2.000e+02
-2.000e+02
-2.000e+02
-2.000e+02
-2.000e+02
-2.000e+02
-2.000e+02
-2.000e+02
-2.000e+02
-2.000e+02
-2.000e+02
-2.000e+02
-2.000e+02
-2.000e+02
-2.000e+02
-2.000e+02
-2.000e+02
-2.000e+02
-2.000e+02
-2.000e+02
-2.000e+02
-2.000e+02
-2.000e+02
-2.000e+02
-2.000e+02
-2.000e+02
-2.000e+02
-2.000e+02
-2.000e+02
-2.000e+02
-2.000e+02
-2.000e+02
-2.000e+02
-2.000e+02
-2.000e+02
-2.000e+02
-2.000e+02
-2.000e+02
-2.000e+02
-2.000e+02
-2.000e+02
-2.000e+02
-2.000e+02
-2.000e+02
-2.000e+02
-2.000e+02
-2.000e+02
-2.000e+02
-2.001e+02
-2.000e+02
-2.000e+02
-2.000e+02
-2.000e+02
-2.000e+02
-2.000e+02
-2.000e+02
-2.000e+02
-2.000e+02
-2.000e+02
-2.000e+02
-2.000e+02
-2.000e+02
-2.000e+02
-2.000e+02
-2.000e+02
-2.000e+02
-2.000e+02
-2.000e+02
-2.000e+02
-2.001e+02
-2.000e+02
-2.000e+02
-2.000e+02
-2.000e+02
-2.000e+02
-2.000e+02
-2.000e+02
-2.000e+02
-2.000e+02
-2.000e+02
-2.000e+02
-2.000e+02
-2.000e+02
-2.000e+02
-2.000e+02
-2.000e+02
-2.000e+02
-2.000e+02
-2.000e+02
-2.000e+02
-2.001e+02
-2.000e+02
-2.000e+02
-2.000e+02
-2.000e+02
-2.000e+02
-2.000e+02
-2.000e+02
-2.000e+02
-2.000e+02
-2.000e+02
-2.000e+02
-2.000e+02
-2.000e+02
-2.000e+02
-2.000e+02
-2.000e+02
-2.000e+02
-2.000e+02
-2.000e+02
-2.000e+02
-2.001e+02
-2.000e+02
-2.000e+02
-2.000e+02
-2.000e+02
-2.000e+02
-2.000e+02
-2.000e+02
-2.000e+02
-2.000e+02
-2.000e+02
-2.000e+02
-2.000e+02
-2.000e+02
-2.000e+02
-2.000e+02
-2.000e+02
-2.000e+02
-2.000e+02
-2.000e+02
-2.000e+02
-2.001e+02
-2.000e+02
-2.000e+02
-2.000e+02
-2.000e+02
-2.000e+02
-2.000e+02
-2.000e+02
-2.000e+02
-2.000e+02
-2.000e+02
-2.000e+02
-2.000e+02
-2.000e+02
-2.000e+02
-2.000e+02
-2.000e+02
-2.000e+02
-2.000e+02
-2.000e+02
-2.000e+02
-2.001e+02
-2.000e+02
-2.000e+02
-2.000e+02
-2.000e+02
-2.000e+02
-2.000e+02
-2.000e+02
-2.000e+02
-2.000e+02
-2.000e+02
-2.000e+02
-2.000e+02
-2.000e+02
-2.000e+02
-2.000e+02
-2.000e+02
-2.000e+02
-2.000e+02
-2.000e+02
-2.000e+02
-2.001e+02
-2.000e+02
-2.000e+02
-2.000e+02
-2.000e+02
-2.000e+02
-2.000e+02
-2.000e+02
-2.000e+02
-2.000e+02
-2.000e+02
-2.000e+02
-2.000e+02
-2.000e+02
-2.000e+02
-2.000e+02
-2.000e+02
-2.000e+02
-2.000e+02
-2.000e+02
-2.000e+02
-2.001e+02
-2.000e+02
-2.001e+02
-2.001e+02
-2.001e+02
-2.001e+02
-2.001e+02
-2.001e+02
-2.001e+02
-2.001e+02
-2.001e+02
-2.001e+02
-2.001e+02
-2.001e+02
-2.001e+02
-2.001e+02
-2.001e+02
-2.001e+02
-2.001e+02
-2.001e+02
-2.001e+02
-2.001e+02
-7.756e+01
-7.600e+01
-7.600e+01
-7.600e+01
-7.600e+01
-7.600e+01
-7.600e+01
-7.600e+01
-7.600e+01
-7.600e+01
-7.600e+01
-7.600e+01
-7.600e+01
-7.600e+01
-7.600e+01
-7.600e+01
-7.600e+01
-7.600e+01
-7.600e+01
-7.621e+01
-7.416e+01
-7.600e+01
-7.416e+01
-7.413e+01
-7.413e+01
-7.413e+01
-7.413e+01
-7.413e+01
-7.413e+01
-7.413e+01
-7.413e+01
-7.413e+01
-7.413e+01
-7.413e+01
-7.413e+01
-7.413e+01
-7.413e+01
-7.413e+01
-7.413e+01
-7.413e+01
-7.413e+01
-7.161e+01
-7.600e+01
-7.413e+01
-7.409e+01
-7.409e+01
-7.409e+01
-7.409e+01
-7.409e+01
-7.409e+01
-7.409e+01
-7.409e+01
-7.409e+01
-7.409e+01
-7.409e+01
-7.409e+01
-7.409e+01
-7.409e+01
-7.409e+01
-7.409e+01
-7.409e+01
-7.409e+01
-7.138e+01
-7.600e+01
-7.413e+01
-7.409e+01
-7.409e+01
-7.409e+01
-7.409e+01
-7.409e+01
-7.409e+01
-7.409e+01
-7.409e+01
-7.409e+01
-7.409e+01
-7.409e+01
-7.409e+01
-7.409e+01
-7.409e+01
-7.409e+01
-7.409e+01
-7.409e+01
-7.409e+01
-7.138e+01
-7.600e+01
-7.413e+01
-7.409e+01
-7.409e+01
-7.409e+01
-7.409e+01
-7.409e+01
-7.409e+01
-7.409e+01
-7.409e+01
-7.409e+01
-7.409e+01
-7.409e+01
-7.409e+01
-7.409e+01
-7.409e+01
-7.409e+01
-7.409e+01
-7.409e+01
-7.409e+01
-7.138e+01
-7.600e+01
-7.413e+01
-7.409e+01
-7.409e+01
-7.409e+01
-7.409e+01
-7.409e+01
-7.409e+01
-7.409e+01
-7.409e+01
-7.409e+01
-7.409e+01
-7.409e+01
-7.409e+01
-7.409e+01
-7.409e+01
-7.409e+01
-7.409e+01
-7.409e+01
-7.409e+01
-7.138e+01
-7.600e+01
-7.413e+01
-7.409e+01
-7.409e+01
-7.409e+01
-7.409e+01
-7.409e+01
-7.409e+01
-7.409e+01
-7.409e+01
-7.409e+01
-7.409e+01
-7.409e+01
-7.409e+01
-7.409e+01
-7.409e+01
-7.409e+01
-7.409e+01
-7.409e+01
-7.409e+01
-7.138e+01
-7.600e+01
-7.413e+01
-7.409e+01
-7.409e+01
-7.409e+01
-7.409e+01
-7.409e+01
-7.409e+01
-7.409e+01
-7.409e+01
-7.409e+01
-7.409e+01
-7.409e+01
-7.409e+01
-7.409e+01
-7.409e+01
-7.409e+01
-7.409e+01
-7.409e+01
-7.409e+01
-7.138e+01
-7.600e+01
-7.413e+01
-7.409e+01
-7.409e+01
-7.409e+01
-7.409e+01
-7.409e+01
-7.409e+01
-7.409e+01
-7.409e+01
-7.409e+01
-7.409e+01
-7.409e+01
-7.409e+01
-7.409e+01
-7.409e+01
-7.409e+01
-7.409e+01
-7.409e+01
-7.409e+01
-7.138e+01
-7.581e+01
-7.416e+01
-7.416e+01
-7.416e+01
-7.416e+01
-7.416e+01
-7.416e+01
-7.416e+01
-7.416e+01
-7.416e+01
-7.416e+01
-7.416e+01
-7.416e+01
-7.416e+01
-7.416e+01
-7.416e+01
-7.416e+01
-7.416e+01
-7.416e+01
-7.416e+01
-7.180e+01
-2.004e+02
-2.003e+02
-2.003e+02
-2.003e+02
-2.003e+02
-2.003e+02
-2.003e+02
-2.003e+02
-2.003e+02
-2.003e+02
-2.003e+02
-2.003e+02
-2.003e+02
-2.003e+02
-2.003e+02
-2.003e+02
-2.003e+02
-2.003e+02
-2.003e+02
-2.003e+02
-2.002e+02
-2.004e+02
-2.005e+02
-2.005e+02
-2.005e+02
-2.005e+02
-2.005e+02
-2.005e+02
-2.005e+02
-2.005e+02
-2.005e+02
-2.005e+02
-2.005e+02
-2.005e+02
-2.005e+02
-2.005e+02
-2.005e+02
-2.005e+02
-2.005e+02
-2.005e+02
-2.005e+02
-2.005e+02
-2.004e+02
-2.005e+02
-2.005e+02
-2.005e+02
-2.005e+02
-2.005e+02
-2.005e+02
-2.005e+02
-2.005e+02
-2.005e+02
-2.005e+02
-2.005e+02
-2.005e+02
-2.005e+02
-2.005e+02
-2.005e+02
-2.005e+02
-2.005e+02
-2.005e+02
-2.005e+02
-2.005e+02
-2.004e+02
-2.005e+02
-2.005e+02
-2.005e+02
-2.005e+02
-2.005e+02
-2.005e+02
-2.005e+02
-2.005e+02
-2.005e+02
-2.005e+02
-2.005e+02
-2.005e+02
-2.005e+02
-2.005e+02
-2.005e+02
-2.005e+02
-2.005e+02
-2.005e+02
-2.005e+02
-2.005e+02
-2.004e+02
-2.005e+02
-2.005e+02
-2.005e+02
-2.005e+02
-2.005e+02
-2.005e+02
-2.005e+02
-2.005e+02
-2.005e+02
-2.005e+02
-2.005e+02
-2.005e+02
-2.005e+02
-2.005e+02
-2.005e+02
-2.005e+02
-2.005e+02
-2.005e+02
-2.005e+02
-2.005e+02
-2.004e+02
-2.005e+02
-2.005e+02
-2.005e+02
-2.005e+02
-2.005e+02
-2.005e+02
-2.005e+02
-2.005e+02
-2.005e+02
-2.005e+02
-2.005e+02
-2.005e+02
-2.005e+02
-2.005e+02
-2.005e+02
-2.005e+02
-2.005e+02
-2.005e+02
-2.005e+02
-2.005e+02
-2.004e+02
-2.005e+02
-2.005e+02
-2.005e+02
-2.005e+02
-2.005e+02
-2.005e+02
-2.005e+02
-2.005e+02
-2.005e+02
-2.005e+02
-2.005e+02
-2.005e+02
-2.005e+02
-2.005e+02
-2.005e+02
-2.005e+02
-2.005e+02
-2.005e+02
-2.005e+02
-2.005e+02
-2.004e+02
-2.005e+02
-2.005e+02
-2.005e+02
-2.005e+02
-2.005e+02
-2.005e+02
-2.005e+02
-2.005e+02
-2.005e+02
-2.005e+02
-2.005e+02
-2.005e+02
-2.005e+02
-2.005e+02
-2.005e+02
-2.005e+02
-2.005e+02
-2.005e+02
-2.005e+02
-2.005e+02
-2.004e+02
-2.005e+02
-2.005e+02
-2.005e+02
-2.005e+02
-2.005e+02
-2.005e+02
-2.005e+02
-2.005e+02
-2.005e+02
-2.005e+02
-2.005e+02
-2.005e+02
-2.005e+02
-2.005e+02
-2.005e+02
-2.005e+02
-2.005e+02
-2.005e+02
-2.005e+02
-2.005e+02
-2.004e+02
-2.005e+02
-2.005e+02
-2.005e+02
-2.005e+02
-2.005e+02
-2.005e+02
-2.005e+02
-2.005e+02
-2.005e+02
-2.005e+02
-2.005e+02
-2.005e+02
-2.005e+02
-2.005e+02
-2.005e+02
-2.005e+02
-2.005e+02
-2.005e+02
-2.005e+02
-2.005e+02
-2.005e+02
-2.005e+02
-2.005e+02
-2.005e+02
-2.005e+02
-2.005e+02
-2.005e+02
-2.005e+02
-2.005e+02
-2.005e+02
-2.005e+02
-2.005e+02
-2.005e+02
-2.005e+02
-2.005e+02
-2.005e+02
-2.005e+02
-2.005e+02
-2.005e+02
-2.005e+02
-2.005e+02
-1.352e+02
-9.711e+01
-9.711e+01
-9.711e+01
-9.711e+01
-9.711e+01
-9.711e+01
-9.711e+01
-9.711e+01
-9.711e+01
-9.711e+01
-9.711e+01
-9.711e+01
-9.711e+01
-9.711e+01
-9.711e+01
-9.711e+01
-9.711e+01
-9.711e+01
-9.682e+01
-4.821e+01
-9.711e+01
-4.824e+01
-4.824e+01
-4.824e+01
-4.824e+01
-4.824e+01
-4.824e+01
-4.824e+01
-4.824e+01
-4.824e+01
-4.824e+01
-4.824e+01
-4.824e+01
-4.824e+01
-4.824e+01
-4.824e+01
-4.824e+01
-4.824e+01
-4.824e+01
-4.821e+01
-2.804e+01
-9.711e+01
-4.824e+01
-4.823e+01
-4.823e+01
-4.823e+01
-4.823e+01
-4.823e+01
-4.823e+01
-4.823e+01
-4.823e+01
-4.823e+01
-4.823e+01
-4.823e+01
-4.823e+01
-4.823e+01
-4.823e+01
-4.823e+01
-4.823e+01
-4.823e+01
-4.821e+01
-2.808e+01
-9.711e+01
-4.824e+01
-4.823e+01
-4.823e+01
-4.823e+01
-4.823e+01
-4.823e+01
-4.823e+01
-4.823e+01
-4.823e+01
-4.823e+01
-4.823e+01
-4.823e+01
-4.823e+01
-4.823e+01
-4.823e+01
-4.823e+01
-4.823e+01
-4.823e+01
-4.821e+01
-2.808e+01
-9.711e+01
-4.824e+01
-4.823e+01
-4.823e+01
-4.823e+01
-4.823e+01
-4.823e+01
-4.823e+01
-4.823e+01
-4.823e+01
-4.823e+01
-4.823e+01
-4.823e+01
-4.823e+01
-4.823e+01
-4.823e+01
-4.823e+01
-4.823e+01
-4.823e+01
-4.821e+01
-2.808e+01
-9.711e+01
-4.824e+01
-4.823e+01
-4.823e+01
-4.823e+01
-4.823e+01
-4.823e+01
-4.823e+01
-4.823e+01
-4.823e+01
-4.823e+01
-4.823e+01
-4.823e+01
-4.823e+01
-4.823e+01
-4.823e+01
-4.823e+01
-4.823e+01
-4.823e+01
-4.821e+01
-2.808e+01
-9.711e+01
-4.824e+01
-4.823e+01
-4.823e+01
-4.823e+01
-4.823e+01
-4.823e+01
-4.823e+01
-4.823e+01
-4.823e+01
-4.823e+01
-4.823e+01
-4.823e+01
-4.823e+01
-4.823e+01
-4.823e+01
-4.823e+01
-4.823e+01
-4.823e+01
-4.821e+01
-2.808e+01
-9.711e+01
-4.824e+01
-4.823e+01
-4.823e+01
-4.823e+01
-4.823e+01
-4.823e+01
-4.823e+01
-4.823e+01
-4.823e+01
-4.823e+01
-4.823e+01
-4.823e+01
-4.823e+01
-4.823e+01
-4.823e+01
-4.823e+01
-4.823e+01
-4.823e+01
-4.821e+01
-2.808e+01
-9.711e+01
-4.824e+01
-4.823e+01
-4.823e+01
-4.823e+01
-4.823e+01
-4.823e+01
-4.823e+01
-4.823e+01
-4.823e+01
-4.823e+01
-4.823e+01
-4.823e+01
-4.823e+01
-4.823e+01
-4.823e+01
-4.823e+01
-4.823e+01
-4.823e+01
-4.821e+01
-2.808e+01
-9.777e+01
-4.833e+01
-4.833e+01
-4.833e+01
-4.833e+01
-4.833e+01
-4.833e+01
-4.833e+01
-4.833e+01
-4.833e+01
-4.833e+01
-4.833e+01
-4.833e+01
-4.833e+01
-4.833e+01
-4.833e+01
-4.833e+01
-4.833e+01
-4.833e+01
-4.833e+01
-2.807e+01
-1.517e+02
-1.414e+02
-1.413e+02
-1.414e+02
-1.414e+02
-1.414e+02
-1.414e+02
-1.414e+02
-1.414e+02
-1.414e+02
-1.414e+02
-1.414e+02
-1.414e+02
-1.414e+02
-1.414e+02
-1.414e+02
-1.414e+02
-1.414e+02
-1.414e+02
-1.413e+02
-1.297e+02
-1.431e+02
-1.268e+02
-1.263e+02
-1.265e+02
-1.264e+02
-1.264e+02
-1.264e+02
-1.264e+02
-1.264e+02
-1.264e+02
-1.264e+02
-1.264e+02
-1.264e+02
-1.264e+02
-1.264e+02
-1.264e+02
-1.264e+02
-1.264e+02
-1.264e+02
-1.264e+02
-1.096e+02
-1.438e+02
-1.277e+02
-1.271e+02
-1.272e+02
-1.272e+02
-1.272e+02
-1.272e+02
-1.272e+02
-1.272e+02
-1.272e+02
-1.272e+02
-1.272e+02
-1.272e+02
-1.272e+02
-1.272e+02
-1.272e+02
-1.272e+02
-1.272e+02
-1.272e+02
-1.272e+02
-1.104e+02
-1.438e+02
-1.276e+02
-1.271e+02
-1.272e+02
-1.271e+02
-1.271e+02
-1.271e+02
-1.271e+02
-1.271e+02
-1.271e+02
-1.271e+02
-1.271e+02
-1.271e+02
-1.271e+02
-1.271e+02
-1.271e+02
-1.271e+02
-1.271e+02
-1.271e+02
-1.271e+02
-1.103e+02
-1.438e+02
-1.276e+02
-1.271e+02
-1.272e+02
-1.271e+02
-1.271e+02
-1.271e+02
-1.271e+02
-1.271e+02
-1.271e+02
-1.271e+02
-1.271e+02
-1.271e+02
-1.271e+02
-1.271e+02
-1.271e+02
-1.271e+02
-1.271e+02
-1.271e+02
-1.271e+02
-1.103e+02
-1.438e+02
-1.276e+02
-1.271e+02
-1.272e+02
-1.271e+02
-1.271e+02
-1.271e+02
-1.271e+02
-1.271e+02
-1.271e+02
-1.271e+02
-1.271e+02
-1.271e+02
-1.271e+02
-1.271e+02
-1.271e+02
-1.271e+02
-1.271e+02
-1.271e+02
-1.271e+02
-1.103e+02
-1.438e+02
-1.276e+02
-1.271e+02
-1.272e+02
-1.271e+02
-1.271e+02
-1.271e+02
-1.271e+02
-1.271e+02
-1.271e+02
-1.271e+02
-1.271e+02
-1.271e+02
-1.271e+02
-1.271e+02
-1.271e+02
-1.271e+02
-1.271e+02
-1.271e+02
-1.271e+02
-1.103e+02
-1.438e+02
-1.276e+02
-1.271e+02
-1.272e+02
-1.271e+02
-1.271e+02
-1.271e+02
-1.271e+02
-1.271e+02
-1.271e+02
-1.271e+02
-1.271e+02
-1.271e+02
-1.271e+02
-1.271e+02
-1.271e+02
-1.271e+02
-1.271e+02
-1.271e+02
-1.271e+02
-1.103e+02
-1.438e+02
-1.276e+02
-1.271e+02
-1.272e+02
-1.271e+02
-1.271e+02
-1.271e+02
-1.271e+02
-1.271e+02
-1.271e+02
-1.271e+02
-1.271e+02
-1.271e+02
-1.271e+02
-1.271e+02
-1.271e+02
-1.271e+02
-1.271e+02
-1.271e+02
-1.271e+02
-1.103e+02
-1.438e+02
-1.276e+02
-1.271e+02
-1.271e+02
-1.271e+02
-1.271e+02
-1.271e+02
-1.271e+02
-1.271e+02
-1.271e+02
-1.271e+02
-1.271e+02
-1.271e+02
-1.271e+02
-1.271e+02
-1.271e+02
-1.271e+02
-1.271e+02
-1.271e+02
-1.271e+02
-1.103e+02
-1.278e+02
-1.109e+02
-1.101e+02
-1.103e+02
-1.103e+02
-1.103e+02
-1.103e+02
-1.103e+02
-1.103e+02
-1.103e+02
-1.103e+02
-1.103e+02
-1.103e+02
-1.103e+02
-1.103e+02
-1.103e+02
-1.103e+02
-1.103e+02
-1.103e+02
-1.103e+02
-1.002e+02
-2.367e+01
-2.346e+01
-2.346e+01
-2.346e+01
-2.346e+01
-2.346e+01
-2.346e+01
-2.346e+01
-2.346e+01
-2.346e+01
-2.346e+01
-2.346e+01
-2.346e+01
-2.346e+01
-2.346e+01
-2.346e+01
-2.346e+01
-2.346e+01
-2.346e+01
-2.346e+01
-2.308e+01
-2.346e+01
-2.308e+01
-2.308e+01
-2.308e+01
-2.308e+01
-2.308e+01
-2.308e+01
-2.308e+01
-2.308e+01
-2.308e+01
-2.308e+01
-2.308e+01
-2.308e+01
-2.308e+01
-2.308e+01
-2.308e+01
-2.308e+01
-2.308e+01
-2.308e+01
-2.308e+01
-2.271e+01
-2.346e+01
-2.308e+01
-2.307e+01
-2.307e+01
-2.307e+01
-2.307e+01
-2.307e+01
-2.307e+01
-2.307e+01
-2.307e+01
-2.307e+01
-2.307e+01
-2.307e+01
-2.307e+01
-2.307e+01
-2.307e+01
-2.307e+01
-2.307e+01
-2.307e+01
-2.308e+01
-2.265e+01
-2.346e+01
-2.308e+01
-2.307e+01
-2.307e+01
-2.307e+01
-2.307e+01
-2.307e+01
-2.307e+01
-2.307e+01
-2.307e+01
-2.307e+01
-2.307e+01
-2.307e+01
-2.307e+01
-2.307e+01
-2.307e+01
-2.307e+01
-2.307e+01
-2.307e+01
-2.308e+01
-2.265e+01
-2.346e+01
-2.308e+01
-2.307e+01
-2.307e+01
-2.307e+01
-2.307e+01
-2.307e+01
-2.307e+01
-2.307e+01
-2.307e+01
-2.307e+01
-2.307e+01
-2.307e+01
-2.307e+01
-2.307e+01
-2.307e+01
-2.307e+01
-2.307e+01
-2.307e+01
-2.308e+01
-2.265e+01
-2.346e+01
-2.308e+01
-2.307e+01
-2.307e+01
-2.307e+01
-2.307e+01
-2.307e+01
-2.307e+01
-2.307e+01
-2.307e+01
-2.307e+01
-2.307e+01
-2.307e+01
-2.307e+01
-2.307e+01
-2.307e+01
-2.307e+01
-2.307e+01
-2.307e+01
-2.308e+01
-2.265e+01
-2.346e+01
-2.308e+01
-2.307e+01
-2.307e+01
-2.307e+01
-2.307e+01
-2.307e+01
-2.307e+01
-2.307e+01
-2.307e+01
-2.307e+01
-2.307e+01
-2.307e+01
-2.307e+01
-2.307e+01
-2.307e+01
-2.307e+01
-2.307e+01
-2.307e+01
-2.308e+01
-2.265e+01
-2.346e+01
-2.308e+01
-2.307e+01
-2.307e+01
-2.307e+01
-2.307e+01
-2.307e+01
-2.307e+01
-2.307e+01
-2.307e+01
-2.307e+01
-2.307e+01
-2.307e+01
-2.307e+01
-2.307e+01
-2.307e+01
-2.307e+01
-2.307e+01
-2.307e+01
-2.308e+01
-2.265e+01
-2.346e+01
-2.308e+01
-2.307e+01
-2.307e+01
-2.307e+01
-2.307e+01
-2.307e+01
-2.307e+01
-2.307e+01
-2.307e+01
-2.307e+01
-2.307e+01
-2.307e+01
-2.307e+01
-2.307e+01
-2.307e+01
-2.307e+01
-2.307e+01
-2.307e+01
-2.308e+01
-2.265e+01
-2.328e+01
-2.282e+01
-2.277e+01
-2.277e+01
-2.277e+01
-2.277e+01
-2.277e+01
-2.277e+01
-2.277e+01
-2.277e+01
-2.277e+01
-2.277e+01
-2.277e+01
-2.277e+01
-2.277e+01
-2.277e+01
-2.277e+01
-2.277e+01
-2.277e+01
-2.278e+01
-2.247e+01
-5.222e+00
-5.148e+00
-5.167e+00
-5.166e+00
-5.166e+00
-5.166e+00
-5.166e+00
-5.166e+00
-5.166e+00
-5.166e+00
-5.166e+00
-5.166e+00
-5.166e+00
-5.166e+00
-5.166e+00
-5.166e+00
-5.166e+00
-5.166e+00
-5.166e+00
-5.165e+00
-5.054e+00
-5.349e+00
-5.281e+00
-5.291e+00
-5.289e+00
-5.289e+00
-5.289e+00
-5.289e+00
-5.289e+00
-5.289e+00
-5.289e+00
-5.289e+00
-5.289e+00
-5.289e+00
-5.289e+00
-5.289e+00
-5.289e+00
-5.289e+00
-5.289e+00
-5.289e+00
-5.290e+00
-5.119e+00
-5.345e+00
-5.266e+00
-5.279e+00
-5.277e+00
-5.277e+00
-5.277e+00
-5.277e+00
-5.277e+00
-5.277e+00
-5.277e+00
-5.277e+00
-5.277e+00
-5.277e+00
-5.277e+00
-5.277e+00
-5.277e+00
-5.277e+00
-5.277e+00
-5.277e+00
-5.277e+00
-5.108e+00
-5.345e+00
-5.266e+00
-5.281e+00
-5.278e+00
-5.278e+00
-5.278e+00
-5.278e+00
-5.278e+00
-5.278e+00
-5.278e+00
-5.278e+00
-5.278e+00
-5.278e+00
-5.278e+00
-5.278e+00
-5.278e+00
-5.278e+00
-5.278e+00
-5.278e+00
-5.278e+00
-5.110e+00
-5.345e+00
-5.266e+00
-5.281e+00
-5.278e+00
-5.278e+00
-5.278e+00
-5.278e+00
-5.278e+00
-5.278e+00
-5.278e+00
-5.278e+00
-5.278e+00
-5.278e+00
-5.278e+00
-5.278e+00
-5.278e+00
-5.278e+00
-5.278e+00
-5.278e+00
-5.278e+00
-5.110e+00
-5.345e+00
-5.266e+00
-5.281e+00
-5.278e+00
-5.278e+00
-5.278e+00
-5.278e+00
-5.278e+00
-5.278e+00
-5.278e+00
-5.278e+00
-5.278e+00
-5.278e+00
-5.278e+00
-5.278e+00
-5.278e+00
-5.278e+00
-5.278e+00
-5.278e+00
-5.278e+00
-5.110e+00
-5.345e+00
-5.266e+00
-5.281e+00
-5.278e+00
-5.278e+00
-5.278e+00
-5.278e+00
-5.278e+00
-5.278e+00
-5.278e+00
-5.278e+00
-5.278e+00
-5.278e+00
-5.278e+00
-5.278e+00
-5.278e+00
-5.278e+00
-5.278e+00
-5.278e+00
-5.278e+00
-5.110e+00
-5.345e+00
-5.266e+00
-5.281e+00
-5.278e+00
-5.278e+00
-5.278e+00
-5.278e+00
-5.278e+00
-5.278e+00
-5.278e+00
-5.278e+00
-5.278e+00
-5.278e+00
-5.278e+00
-5.278e+00
-5.278e+00
-5.278e+00
-5.278e+00
-5.278e+00
-5.278e+00
-5.110e+00
-5.345e+00
-5.266e+00
-5.281e+00
-5.278e+00
-5.278e+00
-5.278e+00
-5.278e+00
-5.278e+00
-5.278e+00
-5.278e+00
-5.278e+00
-5.278e+00
-5.278e+00
-5.278e+00
-5.278e+00
-5.278e+00
-5.278e+00
-5.278e+00
-5.278e+00
-5.279e+00
-5.109e+00
-5.342e+00
-5.267e+00
-5.279e+00
-5.277e+00
-5.278e+00
-5.278e+00
-5.278e+00
-5.278e+00
-5.278e+00
-5.278e+00
-5.278e+00
-5.278e+00
-5.278e+00
-5.278e+00
-5.278e+00
-5.278e+00
-5.278e+00
-5.278e+00
-5.279e+00
-5.280e+00
-5.109e+00
-5.259e+00
-5.091e+00
-5.111e+00
-5.109e+00
-5.110e+00
-5.110e+00
-5.110e+00
-5.110e+00
-5.110e+00
-5.110e+00
-5.110e+00
-5.110e+00
-5.110e+00
-5.110e+00
-5.110e+00
-5.110e+00
-5.110e+00
-5.110e+00
-5.109e+00
-5.109e+00
-5.008e+00
-3.537e+01
-2.303e+01
-2.303e+01
-2.303e+01
-2.303e+01
-2.303e+01
-2.303e+01
-2.303e+01
-2.303e+01
-2.303e+01
-2.303e+01
-2.303e+01
-2.303e+01
-2.303e+01
-2.303e+01
-2.303e+01
-2.303e+01
-2.303e+01
-2.303e+01
-2.298e+01
-1.305e+01
-2.303e+01
-1.305e+01
-1.305e+01
-1.305e+01
-1.305e+01
-1.305e+01
-1.305e+01
-1.305e+01
-1.305e+01
-1.305e+01
-1.305e+01
-1.305e+01
-1.305e+01
-1.305e+01
-1.305e+01
-1.305e+01
-1.305e+01
-1.305e+01
-1.305e+01
-1.305e+01
-9.085e+00
-2.303e+01
-1.305e+01
-1.305e+01
-1.305e+01
-1.305e+01
-1.305e+01
-1.305e+01
-1.305e+01
-1.305e+01
-1.305e+01
-1.305e+01
-1.305e+01
-1.305e+01
-1.305e+01
-1.305e+01
-1.305e+01
-1.305e+01
-1.305e+01
-1.305e+01
-1.305e+01
-9.088e+00
-2.303e+01
-1.305e+01
-1.305e+01
-1.305e+01
-1.305e+01
-1.305e+01
-1.305e+01
-1.305e+01
-1.305e+01
-1.305e+01
-1.305e+01
-1.305e+01
-1.305e+01
-1.305e+01
-1.305e+01
-1.305e+01
-1.305e+01
-1.305e+01
-1.305e+01
-1.305e+01
-9.088e+00
-2.303e+01
-1.305e+01
-1.305e+01
-1.305e+01
-1.305e+01
-1.305e+01
-1.305e+01
-1.305e+01
-1.305e+01
-1.305e+01
-1.305e+01
-1.305e+01
-1.305e+01
-1.305e+01
-1.305e+01
-1.305e+01
-1.305e+01
-1.305e+01
-1.305e+01
-1.305e+01
-9.088e+00
-2.303e+01
-1.305e+01
-1.305e+01
-1.305e+01
-1.305e+01
-1.305e+01
-1.305e+01
-1.305e+01
-1.305e+01
-1.305e+01
-1.305e+01
-1.305e+01
-1.305e+01
-1.305e+01
-1.305e+01
-1.305e+01
-1.305e+01
-1.305e+01
-1.305e+01
-1.305e+01
-9.088e+00
-2.303e+01
-1.305e+01
-1.305e+01
-1.305e+01
-1.305e+01
-1.305e+01
-1.305e+01
-1.305e+01
-1.305e+01
-1.305e+01
-1.305e+01
-1.305e+01
-1.305e+01
-1.305e+01
-1.305e+01
-1.305e+01
-1.305e+01
-1.305e+01
-1.305e+01
-1.305e+01
-9.088e+00
-2.303e+01
-1.305e+01
-1.305e+01
-1.305e+01
-1.305e+01
-1.305e+01
-1.305e+01
-1.305e+01
-1.305e+01
-1.305e+01
-1.305e+01
-1.305e+01
-1.305e+01
-1.305e+01
-1.305e+01
-1.305e+01
-1.305e+01
-1.305e+01
-1.305e+01
-1.305e+01
-9.088e+00
-2.303e+01
-1.305e+01
-1.305e+01
-1.305e+01
-1.305e+01
-1.305e+01
-1.305e+01
-1.305e+01
-1.305e+01
-1.305e+01
-1.305e+01
-1.305e+01
-1.305e+01
-1.305e+01
-1.305e+01
-1.305e+01
-1.305e+01
-1.305e+01
-1.305e+01
-1.305e+01
-9.088e+00
-2.080e+01
-1.276e+01
-1.274e+01
-1.274e+01
-1.274e+01
-1.274e+01
-1.274e+01
-1.274e+01
-1.274e+01
-1.274e+01
-1.274e+01
-1.274e+01
-1.274e+01
-1.274e+01
-1.274e+01
-1.274e+01
-1.274e+01
-1.274e+01
-1.274e+01
-1.274e+01
-9.054e+00
-1.922e+00
-1.872e+00
-1.873e+00
-1.873e+00
-1.873e+00
-1.873e+00
-1.873e+00
-1.873e+00
-1.873e+00
-1.873e+00
-1.873e+00
-1.873e+00
-1.873e+00
-1.873e+00
-1.873e+00
-1.873e+00
-1.873e+00
-1.873e+00
-1.873e+00
-1.872e+00
-1.855e+00
-1.930e+00
-1.893e+00
-1.893e+00
-1.893e+00
-1.893e+00
-1.893e+00
-1.893e+00
-1.893e+00
-1.893e+00
-1.893e+00
-1.893e+00
-1.893e+00
-1.893e+00
-1.893e+00
-1.893e+00
-1.893e+00
-1.893e+00
-1.893e+00
-1.893e+00
-1.893e+00
-1.881e+00
-1.930e+00
-1.893e+00
-1.893e+00
-1.893e+00
-1.893e+00
-1.893e+00
-1.893e+00
-1.893e+00
-1.893e+00
-1.893e+00
-1.893e+00
-1.893e+00
-1.893e+00
-1.893e+00
-1.893e+00
-1.893e+00
-1.893e+00
-1.893e+00
-1.893e+00
-1.893e+00
-1.880e+00
-1.930e+00
-1.893e+00
-1.893e+00
-1.893e+00
-1.893e+00
-1.893e+00
-1.893e+00
-1.893e+00
-1.893e+00
-1.893e+00
-1.893e+00
-1.893e+00
-1.893e+00
-1.893e+00
-1.893e+00
-1.893e+00
-1.893e+00
-1.893e+00
-1.893e+00
-1.893e+00
-1.880e+00
-1.930e+00
-1.893e+00
-1.893e+00
-1.893e+00
-1.893e+00
-1.893e+00
-1.893e+00
-1.893e+00
-1.893e+00
-1.893e+00
-1.893e+00
-1.893e+00
-1.893e+00
-1.893e+00
-1.893e+00
-1.893e+00
-1.893e+00
-1.893e+00
-1.893e+00
-1.893e+00
-1.880e+00
-1.930e+00
-1.893e+00
-1.893e+00
-1.893e+00
-1.893e+00
-1.893e+00
-1.893e+00
-1.893e+00
-1.893e+00
-1.893e+00
-1.893e+00
-1.893e+00
-1.893e+00
-1.893e+00
-1.893e+00
-1.893e+00
-1.893e+00
-1.893e+00
-1.893e+00
-1.893e+00
-1.880e+00
-1.930e+00
-1.893e+00
-1.893e+00
-1.893e+00
-1.893e+00
-1.893e+00
-1.893e+00
-1.893e+00
-1.893e+00
-1.893e+00
-1.893e+00
-1.893e+00
-1.893e+00
-1.893e+00
-1.893e+00
-1.893e+00
-1.893e+00
-1.893e+00
-1.893e+00
-1.893e+00
-1.880e+00
-1.930e+00
-1.893e+00
-1.893e+00
-1.893e+00
-1.893e+00
-1.893e+00
-1.893e+00
-1.893e+00
-1.893e+00
-1.893e+00
-1.893e+00
-1.893e+00
-1.893e+00
-1.893e+00
-1.893e+00
-1.893e+00
-1.893e+00
-1.893e+00
-1.893e+00
-1.893e+00
-1.880e+00
-1.930e+00
-1.893e+00
-1.893e+00
-1.893e+00
-1.893e+00
-1.893e+00
-1.893e+00
-1.893e+00
-1.893e+00
-1.893e+00
-1.893e+00
-1.893e+00
-1.893e+00
-1.893e+00
-1.893e+00
-1.893e+00
-1.893e+00
-1.893e+00
-1.893e+00
-1.893e+00
-1.880e+00
-1.929e+00
-1.893e+00
-1.893e+00
-1.893e+00
-1.893e+00
-1.893e+00
-1.893e+00
-1.893e+00
-1.893e+00
-1.893e+00
-1.893e+00
-1.893e+00
-1.893e+00
-1.893e+00
-1.893e+00
-1.893e+00
-1.893e+00
-1.893e+00
-1.893e+00
-1.893e+00
-1.881e+00
-1.892e+00
-1.879e+00
-1.881e+00
-1.880e+00
-1.880e+00
-1.880e+00
-1.880e+00
-1.880e+00
-1.880e+00
-1.880e+00
-1.880e+00
-1.880e+00
-1.880e+00
-1.880e+00
-1.880e+00
-1.880e+00
-1.880e+00
-1.880e+00
-1.880e+00
-1.881e+00
-1.877e+00
-5.126e+00
-5.117e+00
-5.117e+00
-5.117e+00
-5.117e+00
-5.117e+00
-5.117e+00
-5.117e+00
-5.117e+00
-5.117e+00
-5.117e+00
-5.117e+00
-5.117e+00
-5.117e+00
-5.117e+00
-5.117e+00
-5.117e+00
-5.117e+00
-5.117e+00
-5.118e+00
-5.111e+00
-5.117e+00
-5.107e+00
-5.104e+00
-5.104e+00
-5.104e+00
-5.104e+00
-5.104e+00
-5.104e+00
-5.104e+00
-5.104e+00
-5.104e+00
-5.104e+00
-5.104e+00
-5.104e+00
-5.104e+00
-5.104e+00
-5.104e+00
-5.104e+00
-5.104e+00
-5.107e+00
-5.085e+00
-5.117e+00
-5.104e+00
-5.103e+00
-5.103e+00
-5.103e+00
-5.103e+00
-5.103e+00
-5.103e+00
-5.103e+00
-5.103e+00
-5.103e+00
-5.103e+00
-5.103e+00
-5.103e+00
-5.103e+00
-5.103e+00
-5.103e+00
-5.103e+00
-5.103e+00
-5.103e+00
-5.083e+00
-5.117e+00
-5.104e+00
-5.103e+00
-5.103e+00
-5.103e+00
-5.103e+00
-5.103e+00
-5.103e+00
-5.103e+00
-5.103e+00
-5.103e+00
-5.103e+00
-5.103e+00
-5.103e+00
-5.103e+00
-5.103e+00
-5.103e+00
-5.103e+00
-5.103e+00
-5.103e+00
-5.083e+00
-5.117e+00
-5.104e+00
-5.103e+00
-5.103e+00
-5.103e+00
-5.103e+00
-5.103e+00
-5.103e+00
-5.103e+00
-5.103e+00
-5.103e+00
-5.103e+00
-5.103e+00
-5.103e+00
-5.103e+00
-5.103e+00
-5.103e+00
-5.103e+00
-5.103e+00
-5.103e+00
-5.083e+00
-5.117e+00
-5.104e+00
-5.103e+00
-5.103e+00
-5.103e+00
-5.103e+00
-5.103e+00
-5.103e+00
-5.103e+00
-5.103e+00
-5.103e+00
-5.103e+00
-5.103e+00
-5.103e+00
-5.103e+00
-5.103e+00
-5.103e+00
-5.103e+00
-5.103e+00
-5.103e+00
-5.083e+00
-5.117e+00
-5.104e+00
-5.103e+00
-5.103e+00
-5.103e+00
-5.103e+00
-5.103e+00
-5.103e+00
-5.103e+00
-5.103e+00
-5.103e+00
-5.103e+00
-5.103e+00
-5.103e+00
-5.103e+00
-5.103e+00
-5.103e+00
-5.103e+00
-5.103e+00
-5.103e+00
-5.083e+00
-5.117e+00
-5.104e+00
-5.103e+00
-5.103e+00
-5.103e+00
-5.103e+00
-5.103e+00
-5.103e+00
-5.103e+00
-5.103e+00
-5.103e+00
-5.103e+00
-5.103e+00
-5.103e+00
-5.103e+00
-5.103e+00
-5.103e+00
-5.103e+00
-5.103e+00
-5.103e+00
-5.083e+00
-5.117e+00
-5.104e+00
-5.103e+00
-5.103e+00
-5.103e+00
-5.103e+00
-5.103e+00
-5.103e+00
-5.103e+00
-5.103e+00
-5.103e+00
-5.103e+00
-5.103e+00
-5.103e+00
-5.103e+00
-5.103e+00
-5.103e+00
-5.103e+00
-5.103e+00
-5.103e+00
-5.083e+00
-5.218e+00
-5.114e+00
-5.113e+00
-5.113e+00
-5.113e+00
-5.113e+00
-5.113e+00
-5.113e+00
-5.113e+00
-5.113e+00
-5.113e+00
-5.113e+00
-5.113e+00
-5.113e+00
-5.113e+00
-5.113e+00
-5.113e+00
-5.113e+00
-5.113e+00
-5.114e+00
-5.079e+00
-1.621e+00
-1.619e+00
-1.619e+00
-1.619e+00
-1.619e+00
-1.619e+00
-1.619e+00
-1.619e+00
-1.619e+00
-1.619e+00
-1.619e+00
-1.619e+00
-1.619e+00
-1.619e+00
-1.619e+00
-1.619e+00
-1.619e+00
-1.619e+00
-1.619e+00
-1.619e+00
-1.619e+00
-1.617e+00
-1.617e+00
-1.617e+00
-1.617e+00
-1.617e+00
-1.617e+00
-1.617e+00
-1.617e+00
-1.617e+00
-1.617e+00
-1.617e+00
-1.617e+00
-1.617e+00
-1.617e+00
-1.617e+00
-1.617e+00
-1.617e+00
-1.617e+00
-1.617e+00
-1.617e+00
-1.617e+00
-1.617e+00
-1.617e+00
-1.617e+00
-1.617e+00
-1.617e+00
-1.617e+00
-1.617e+00
-1.617e+00
-1.617e+00
-1.617e+00
-1.617e+00
-1.617e+00
-1.617e+00
-1.617e+00
-1.617e+00
-1.617e+00
-1.617e+00
-1.617e+00
-1.617e+00
-1.617e+00
-1.617e+00
-1.617e+00
-1.617e+00
-1.617e+00
-1.617e+00
-1.617e+00
-1.617e+00
-1.617e+00
-1.617e+00
-1.617e+00
-1.617e+00
-1.617e+00
-1.617e+00
-1.617e+00
-1.617e+00
-1.617e+00
-1.617e+00
-1.617e+00
-1.617e+00
-1.617e+00
-1.617e+00
-1.617e+00
-1.617e+00
-1.617e+00
-1.617e+00
-1.617e+00
-1.617e+00
-1.617e+00
-1.617e+00
-1.617e+00
-1.617e+00
-1.617e+00
-1.617e+00
-1.617e+00
-1.617e+00
-1.617e+00
-1.617e+00
-1.617e+00
-1.617e+00
-1.617e+00
-1.617e+00
-1.617e+00
-1.617e+00
-1.617e+00
-1.617e+00
-1.617e+00
-1.617e+00
-1.617e+00
-1.617e+00
-1.617e+00
-1.617e+00
-1.617e+00
-1.617e+00
-1.617e+00
-1.617e+00
-1.617e+00
-1.617e+00
-1.617e+00
-1.617e+00
-1.617e+00
-1.617e+00
-1.617e+00
-1.617e+00
-1.617e+00
-1.617e+00
-1.617e+00
-1.617e+00
-1.617e+00
-1.617e+00
-1.617e+00
-1.617e+00
-1.617e+00
-1.617e+00
-1.617e+00
-1.617e+00
-1.617e+00
-1.617e+00
-1.617e+00
-1.617e+00
-1.617e+00
-1.617e+00
-1.617e+00
-1.617e+00
-1.617e+00
-1.617e+00
-1.617e+00
-1.617e+00
-1.617e+00
-1.617e+00
-1.617e+00
-1.617e+00
-1.617e+00
-1.617e+00
-1.617e+00
-1.617e+00
-1.617e+00
-1.617e+00
-1.617e+00
-1.617e+00
-1.617e+00
-1.617e+00
-1.617e+00
-1.617e+00
-1.617e+00
-1.617e+00
-1.617e+00
-1.617e+00
-1.617e+00
-1.617e+00
-1.617e+00
-1.617e+00
-1.617e+00
-1.617e+00
-1.617e+00
-1.617e+00
-1.617e+00
-1.617e+00
-1.617e+00
-1.617e+00
-1.617e+00
-1.617e+00
-1.617e+00
-1.617e+00
-1.617e+00
-1.617e+00
-1.617e+00
-1.617e+00
-1.617e+00
-1.617e+00
-1.617e+00
-1.617e+00
-1.617e+00
-1.617e+00
-1.617e+00
-1.617e+00
-1.617e+00
-1.617e+00
-1.617e+00
-1.617e+00
-1.617e+00
-1.617e+00
-1.617e+00
-1.617e+00
-1.617e+00
-1.617e+00
-1.617e+00
-1.617e+00
-1.617e+00
-1.617e+00
-1.617e+00
-1.617e+00
-1.617e+00
-1.617e+00
-1.617e+00
-1.617e+00
-1.617e+00
-1.617e+00
-1.617e+00
-1.617e+00
-1.617e+00
-1.617e+00
-1.617e+00
-1.617e+00
-1.617e+00
-1.617e+00
-1.617e+00
-1.617e+00
-1.617e+00
-1.617e+00
-3.335e+00
-3.135e+00
-3.135e+00
-3.135e+00
-3.135e+00
-3.135e+00
-3.135e+00
-3.135e+00
-3.135e+00
-3.135e+00
-3.135e+00
-3.135e+00
-3.135e+00
-3.135e+00
-3.135e+00
-3.135e+00
-3.135e+00
-3.135e+00
-3.135e+00
-3.134e+00
-2.836e+00
-3.135e+00
-2.838e+00
-2.837e+00
-2.837e+00
-2.837e+00
-2.837e+00
-2.837e+00
-2.837e+00
-2.837e+00
-2.837e+00
-2.837e+00
-2.837e+00
-2.837e+00
-2.837e+00
-2.837e+00
-2.837e+00
-2.837e+00
-2.837e+00
-2.837e+00
-2.837e+00
-2.635e+00
-3.135e+00
-2.837e+00
-2.837e+00
-2.837e+00
-2.837e+00
-2.837e+00
-2.837e+00
-2.837e+00
-2.837e+00
-2.837e+00
-2.837e+00
-2.837e+00
-2.837e+00
-2.837e+00
-2.837e+00
-2.837e+00
-2.837e+00
-2.837e+00
-2.837e+00
-2.836e+00
-2.635e+00
-3.135e+00
-2.837e+00
-2.837e+00
-2.837e+00
-2.837e+00
-2.837e+00
-2.837e+00
-2.837e+00
-2.837e+00
-2.837e+00
-2.837e+00
-2.837e+00
-2.837e+00
-2.837e+00
-2.837e+00
-2.837e+00
-2.837e+00
-2.837e+00
-2.837e+00
-2.836e+00
-2.635e+00
-3.135e+00
-2.837e+00
-2.837e+00
-2.837e+00
-2.837e+00
-2.837e+00
-2.837e+00
-2.837e+00
-2.837e+00
-2.837e+00
-2.837e+00
-2.837e+00
-2.837e+00
-2.837e+00
-2.837e+00
-2.837e+00
-2.837e+00
-2.837e+00
-2.837e+00
-2.836e+00
-2.635e+00
-3.135e+00
-2.837e+00
-2.837e+00
-2.837e+00
-2.837e+00
-2.837e+00
-2.837e+00
-2.837e+00
-2.837e+00
-2.837e+00
-2.837e+00
-2.837e+00
-2.837e+00
-2.837e+00
-2.837e+00
-2.837e+00
-2.837e+00
-2.837e+00
-2.837e+00
-2.836e+00
-2.635e+00
-3.135e+00
-2.837e+00
-2.837e+00
-2.837e+00
-2.837e+00
-2.837e+00
-2.837e+00
-2.837e+00
-2.837e+00
-2.837e+00
-2.837e+00
-2.837e+00
-2.837e+00
-2.837e+00
-2.837e+00
-2.837e+00
-2.837e+00
-2.837e+00
-2.837e+00
-2.836e+00
-2.635e+00
-3.135e+00
-2.837e+00
-2.837e+00
-2.837e+00
-2.837e+00
-2.837e+00
-2.837e+00
-2.837e+00
-2.837e+00
-2.837e+00
-2.837e+00
-2.837e+00
-2.837e+00
-2.837e+00
-2.837e+00
-2.837e+00
-2.837e+00
-2.837e+00
-2.837e+00
-2.836e+00
-2.635e+00
-3.135e+00
-2.837e+00
-2.837e+00
-2.837e+00
-2.837e+00
-2.837e+00
-2.837e+00
-2.837e+00
-2.837e+00
-2.837e+00
-2.837e+00
-2.837e+00
-2.837e+00
-2.837e+00
-2.837e+00
-2.837e+00
-2.837e+00
-2.837e+00
-2.837e+00
-2.836e+00
-2.635e+00
-3.135e+00
-2.837e+00
-2.837e+00
-2.837e+00
-2.837e+00
-2.837e+00
-2.837e+00
-2.837e+00
-2.837e+00
-2.837e+00
-2.837e+00
-2.837e+00
-2.837e+00
-2.837e+00
-2.837e+00
-2.837e+00
-2.837e+00
-2.837e+00
-2.837e+00
-2.836e+00
-2.635e+00
-1.464e+00
-1.463e+00
-1.463e+00
-1.463e+00
-1.463e+00
-1.463e+00
-1.463e+00
-1.463e+00
-1.463e+00
-1.463e+00
-1.463e+00
-1.463e+00
-1.463e+00
-1.463e+00
-1.463e+00
-1.463e+00
-1.463e+00
-1.463e+00
-1.463e+00
-1.463e+00
-1.461e+00
-1.463e+00
-1.461e+00
-1.461e+00
-1.461e+00
-1.461e+00
-1.461e+00
-1.461e+00
-1.461e+00
-1.461e+00
-1.461e+00
-1.461e+00
-1.461e+00
-1.461e+00
-1.461e+00
-1.461e+00
-1.461e+00
-1.461e+00
-1.461e+00
-1.461e+00
-1.461e+00
-1.461e+00
-1.463e+00
-1.461e+00
-1.461e+00
-1.461e+00
-1.461e+00
-1.461e+00
-1.461e+00
-1.461e+00
-1.461e+00
-1.461e+00
-1.461e+00
-1.461e+00
-1.461e+00
-1.461e+00
-1.461e+00
-1.461e+00
-1.461e+00
-1.461e+00
-1.461e+00
-1.461e+00
-1.461e+00
-1.463e+00
-1.461e+00
-1.461e+00
-1.461e+00
-1.461e+00
-1.461e+00
-1.461e+00
-1.461e+00
-1.461e+00
-1.461e+00
-1.461e+00
-1.461e+00
-1.461e+00
-1.461e+00
-1.461e+00
-1.461e+00
-1.461e+00
-1.461e+00
-1.461e+00
-1.461e+00
-1.461e+00
-1.463e+00
-1.461e+00
-1.461e+00
-1.461e+00
-1.461e+00
-1.461e+00
-1.461e+00
-1.461e+00
-1.461e+00
-1.461e+00
-1.461e+00
-1.461e+00
-1.461e+00
-1.461e+00
-1.461e+00
-1.461e+00
-1.461e+00
-1.461e+00
-1.461e+00
-1.461e+00
-1.461e+00
-1.463e+00
-1.461e+00
-1.461e+00
-1.461e+00
-1.461e+00
-1.461e+00
-1.461e+00
-1.461e+00
-1.461e+00
-1.461e+00
-1.461e+00
-1.461e+00
-1.461e+00
-1.461e+00
-1.461e+00
-1.461e+00
-1.461e+00
-1.461e+00
-1.461e+00
-1.461e+00
-1.461e+00
-1.463e+00
-1.461e+00
-1.461e+00
-1.461e+00
-1.461e+00
-1.461e+00
-1.461e+00
-1.461e+00
-1.461e+00
-1.461e+00
-1.461e+00
-1.461e+00
-1.461e+00
-1.461e+00
-1.461e+00
-1.461e+00
-1.461e+00
-1.461e+00
-1.461e+00
-1.461e+00
-1.461e+00
-1.463e+00
-1.461e+00
-1.461e+00
-1.461e+00
-1.461e+00
-1.461e+00
-1.461e+00
-1.461e+00
-1.461e+00
-1.461e+00
-1.461e+00
-1.461e+00
-1.461e+00
-1.461e+00
-1.461e+00
-1.461e+00
-1.461e+00
-1.461e+00
-1.461e+00
-1.461e+00
-1.461e+00
-1.463e+00
-1.461e+00
-1.461e+00
-1.461e+00
-1.461e+00
-1.461e+00
-1.461e+00
-1.461e+00
-1.461e+00
-1.461e+00
-1.461e+00
-1.461e+00
-1.461e+00
-1.461e+00
-1.461e+00
-1.461e+00
-1.461e+00
-1.461e+00
-1.461e+00
-1.461e+00
-1.461e+00
-1.463e+00
-1.461e+00
-1.461e+00
-1.461e+00
-1.461e+00
-1.461e+00
-1.461e+00
-1.461e+00
-1.461e+00
-1.461e+00
-1.461e+00
-1.461e+00
-1.461e+00
-1.461e+00
-1.461e+00
-1.461e+00
-1.461e+00
-1.461e+00
-1.461e+00
-1.461e+00
-1.461e+00
-1.461e+00
-1.461e+00
-1.461e+00
-1.461e+00
-1.461e+00
-1.461e+00
-1.461e+00
-1.461e+00
-1.461e+00
-1.461e+00
-1.461e+00
-1.461e+00
-1.461e+00
-1.461e+00
-1.461e+00
-1.461e+00
-1.461e+00
-1.461e+00
-1.461e+00
-1.461e+00
-1.462e+00
-1.371e+00
-1.371e+00
-1.371e+00
-1.371e+00
-1.371e+00
-1.371e+00
-1.371e+00
-1.371e+00
-1.371e+00
-1.371e+00
-1.371e+00
-1.371e+00
-1.371e+00
-1.371e+00
-1.371e+00
-1.371e+00
-1.371e+00
-1.371e+00
-1.371e+00
-1.371e+00
-1.371e+00
-1.371e+00
-1.371e+00
-1.371e+00
-1.371e+00
-1.371e+00
-1.371e+00
-1.371e+00
-1.371e+00
-1.371e+00
-1.371e+00
-1.371e+00
-1.371e+00
-1.371e+00
-1.371e+00
-1.371e+00
-1.371e+00
-1.371e+00
-1.371e+00
-1.371e+00
-1.371e+00
-1.370e+00
-1.371e+00
-1.371e+00
-1.371e+00
-1.371e+00
-1.371e+00
-1.371e+00
-1.371e+00
-1.371e+00
-1.371e+00
-1.371e+00
-1.371e+00
-1.371e+00
-1.371e+00
-1.371e+00
-1.371e+00
-1.371e+00
-1.371e+00
-1.371e+00
-1.371e+00
-1.371e+00
-1.370e+00
-1.371e+00
-1.371e+00
-1.371e+00
-1.371e+00
-1.371e+00
-1.371e+00
-1.371e+00
-1.371e+00
-1.371e+00
-1.371e+00
-1.371e+00
-1.371e+00
-1.371e+00
-1.371e+00
-1.371e+00
-1.371e+00
-1.371e+00
-1.371e+00
-1.371e+00
-1.371e+00
-1.370e+00
-1.371e+00
-1.371e+00
-1.371e+00
-1.371e+00
-1.371e+00
-1.371e+00
-1.371e+00
-1.371e+00
-1.371e+00
-1.371e+00
-1.371e+00
-1.371e+00
-1.371e+00
-1.371e+00
-1.371e+00
-1.371e+00
-1.371e+00
-1.371e+00
-1.371e+00
-1.371e+00
-1.370e+00
-1.371e+00
-1.371e+00
-1.371e+00
-1.371e+00
-1.371e+00
-1.371e+00
-1.371e+00
-1.371e+00
-1.371e+00
-1.371e+00
-1.371e+00
-1.371e+00
-1.371e+00
-1.371e+00
-1.371e+00
-1.371e+00
-1.371e+00
-1.371e+00
-1.371e+00
-1.371e+00
-1.370e+00
-1.371e+00
-1.371e+00
-1.371e+00
-1.371e+00
-1.371e+00
-1.371e+00
-1.371e+00
-1.371e+00
-1.371e+00
-1.371e+00
-1.371e+00
-1.371e+00
-1.371e+00
-1.371e+00
-1.371e+00
-1.371e+00
-1.371e+00
-1.371e+00
-1.371e+00
-1.371e+00
-1.370e+00
-1.371e+00
-1.371e+00
-1.371e+00
-1.371e+00
-1.371e+00
-1.371e+00
-1.371e+00
-1.371e+00
-1.371e+00
-1.371e+00
-1.371e+00
-1.371e+00
-1.371e+00
-1.371e+00
-1.371e+00
-1.371e+00
-1.371e+00
-1.371e+00
-1.371e+00
-1.371e+00
-1.370e+00
-1.371e+00
-1.371e+00
-1.371e+00
-1.371e+00
-1.371e+00
-1.371e+00
-1.371e+00
-1.371e+00
-1.371e+00
-1.371e+00
-1.371e+00
-1.371e+00
-1.371e+00
-1.371e+00
-1.371e+00
-1.371e+00
-1.371e+00
-1.371e+00
-1.371e+00
-1.371e+00
-1.370e+00
-1.371e+00
-1.370e+00
-1.370e+00
-1.370e+00
-1.370e+00
-1.370e+00
-1.370e+00
-1.370e+00
-1.370e+00
-1.370e+00
-1.370e+00
-1.370e+00
-1.370e+00
-1.370e+00
-1.370e+00
-1.370e+00
-1.370e+00
-1.370e+00
-1.370e+00
-1.370e+00
-1.369e+00
-1.160e+00
-1.160e+00
-1.160e+00
-1.160e+00
-1.160e+00
-1.160e+00
-1.160e+00
-1.160e+00
-1.160e+00
-1.160e+00
-1.160e+00
-1.160e+00
-1.160e+00
-1.160e+00
-1.160e+00
-1.160e+00
-1.160e+00
-1.160e+00
-1.160e+00
-1.160e+00
-1.160e+00
-1.160e+00
-1.160e+00
-1.160e+00
-1.160e+00
-1.160e+00
-1.160e+00
-1.160e+00
-1.160e+00
-1.160e+00
-1.160e+00
-1.160e+00
-1.160e+00
-1.160e+00
-1.160e+00
-1.160e+00
-1.160e+00
-1.160e+00
-1.160e+00
-1.160e+00
-1.160e+00
-1.160e+00
-1.160e+00
-1.160e+00
-1.160e+00
-1.160e+00
-1.160e+00
-1.160e+00
-1.160e+00
-1.160e+00
-1.160e+00
-1.160e+00
-1.160e+00
-1.160e+00
-1.160e+00
-1.160e+00
-1.160e+00
-1.160e+00
-1.160e+00
-1.160e+00
-1.160e+00
-1.160e+00
-1.160e+00
-1.160e+00
-1.160e+00
-1.160e+00
-1.160e+00
-1.160e+00
-1.160e+00
-1.160e+00
-1.160e+00
-1.160e+00
-1.160e+00
-1.160e+00
-1.160e+00
-1.160e+00
-1.160e+00
-1.160e+00
-1.160e+00
-1.160e+00
-1.160e+00
-1.160e+00
-1.160e+00
-1.160e+00
-1.160e+00
-1.160e+00
-1.160e+00
-1.160e+00
-1.160e+00
-1.160e+00
-1.160e+00
-1.160e+00
-1.160e+00
-1.160e+00
-1.160e+00
-1.160e+00
-1.160e+00
-1.160e+00
-1.160e+00
-1.160e+00
-1.160e+00
-1.160e+00
-1.160e+00
-1.160e+00
-1.160e+00
-1.160e+00
-1.160e+00
-1.160e+00
-1.160e+00
-1.160e+00
-1.160e+00
-1.160e+00
-1.160e+00
-1.160e+00
-1.160e+00
-1.160e+00
-1.160e+00
-1.160e+00
-1.160e+00
-1.160e+00
-1.160e+00
-1.160e+00
-1.160e+00
-1.160e+00
-1.160e+00
-1.160e+00
-1.160e+00
-1.160e+00
-1.160e+00
-1.160e+00
-1.160e+00
-1.160e+00
-1.160e+00
-1.160e+00
-1.160e+00
-1.160e+00
-1.160e+00
-1.160e+00
-1.160e+00
-1.160e+00
-1.160e+00
-1.160e+00
-1.160e+00
-1.160e+00
-1.160e+00
-1.160e+00
-1.160e+00
-1.160e+00
-1.160e+00
-1.160e+00
-1.160e+00
-1.160e+00
-1.160e+00
-1.160e+00
-1.160e+00
-1.160e+00
-1.160e+00
-1.160e+00
-1.160e+00
-1.160e+00
-1.160e+00
-1.160e+00
-1.160e+00
-1.160e+00
-1.160e+00
-1.160e+00
-1.160e+00
-1.160e+00
-1.160e+00
-1.160e+00
-1.160e+00
-1.160e+00
-1.160e+00
-1.160e+00
-1.160e+00
-1.160e+00
-1.160e+00
-1.160e+00
-1.160e+00
-1.160e+00
-1.160e+00
-1.160e+00
-1.160e+00
-1.160e+00
-1.160e+00
-1.160e+00
-1.160e+00
-1.160e+00
-1.160e+00
-1.160e+00
-1.160e+00
-1.160e+00
-1.160e+00
-1.160e+00
-1.160e+00
-1.160e+00
-1.160e+00
-1.160e+00
-1.160e+00
-1.160e+00
-1.160e+00
-1.160e+00
-1.160e+00
-1.160e+00
-1.160e+00
-1.160e+00
-1.160e+00
-1.160e+00
-1.160e+00
-1.160e+00
-1.160e+00
-1.160e+00
-1.160e+00
-1.160e+00
-1.160e+00
-1.160e+00
-1.160e+00
-1.160e+00
-1.160e+00
-1.160e+00
-1.160e+00
-1.160e+00
-1.160e+00
-1.160e+00
-1.160e+00
-1.160e+00
-1.160e+00
-1.160e+00
-1.160e+00
-1.160e+00
-1.160e+00
-8.615e-01
-8.614e-01
-8.614e-01
-8.614e-01
-8.614e-01
-8.614e-01
-8.614e-01
-8.614e-01
-8.614e-01
-8.614e-01
-8.614e-01
-8.614e-01
-8.614e-01
-8.614e-01
-8.614e-01
-8.614e-01
-8.614e-01
-8.614e-01
-8.614e-01
-8.614e-01
-8.616e-01
-8.614e-01
-8.616e-01
-8.616e-01
-8.616e-01
-8.616e-01
-8.616e-01
-8.616e-01
-8.616e-01
-8.616e-01
-8.616e-01
-8.616e-01
-8.616e-01
-8.616e-01
-8.616e-01
-8.616e-01
-8.616e-01
-8.616e-01
-8.616e-01
-8.616e-01
-8.616e-01
-8.616e-01
-8.614e-01
-8.616e-01
-8.616e-01
-8.616e-01
-8.616e-01
-8.616e-01
-8.616e-01
-8.616e-01
-8.616e-01
-8.616e-01
-8.616e-01
-8.616e-01
-8.616e-01
-8.616e-01
-8.616e-01
-8.616e-01
-8.616e-01
-8.616e-01
-8.616e-01
-8.616e-01
-8.616e-01
-8.614e-01
-8.616e-01
-8.616e-01
-8.616e-01
-8.616e-01
-8.616e-01
-8.616e-01
-8.616e-01
-8.616e-01
-8.616e-01
-8.616e-01
-8.616e-01
-8.616e-01
-8.616e-01
-8.616e-01
-8.616e-01
-8.616e-01
-8.616e-01
-8.616e-01
-8.616e-01
-8.616e-01
-8.614e-01
-8.616e-01
-8.616e-01
-8.616e-01
-8.616e-01
-8.616e-01
-8.616e-01
-8.616e-01
-8.616e-01
-8.616e-01
-8.616e-01
-8.616e-01
-8.616e-01
-8.616e-01
-8.616e-01
-8.616e-01
-8.616e-01
-8.616e-01
-8.616e-01
-8.616e-01
-8.616e-01
-8.614e-01
-8.616e-01
-8.616e-01
-8.616e-01
-8.616e-01
-8.616e-01
-8.616e-01
-8.616e-01
-8.616e-01
-8.616e-01
-8.616e-01
-8.616e-01
-8.616e-01
-8.616e-01
-8.616e-01
-8.616e-01
-8.616e-01
-8.616e-01
-8.616e-01
-8.616e-01
-8.616e-01
-8.614e-01
-8.616e-01
-8.616e-01
-8.616e-01
-8.616e-01
-8.616e-01
-8.616e-01
-8.616e-01
-8.616e-01
-8.616e-01
-8.616e-01
-8.616e-01
-8.616e-01
-8.616e-01
-8.616e-01
-8.616e-01
-8.616e-01
-8.616e-01
-8.616e-01
-8.616e-01
-8.616e-01
-8.614e-01
-8.616e-01
-8.616e-01
-8.616e-01
-8.616e-01
-8.616e-01
-8.616e-01
-8.616e-01
-8.616e-01
-8.616e-01
-8.616e-01
-8.616e-01
-8.616e-01
-8.616e-01
-8.616e-01
-8.616e-01
-8.616e-01
-8.616e-01
-8.616e-01
-8.616e-01
-8.616e-01
-8.614e-01
-8.616e-01
-8.616e-01
-8.616e-01
-8.616e-01
-8.616e-01
-8.616e-01
-8.616e-01
-8.616e-01
-8.616e-01
-8.616e-01
-8.616e-01
-8.616e-01
-8.616e-01
-8.616e-01
-8.616e-01
-8.616e-01
-8.616e-01
-8.616e-01
-8.616e-01
-8.616e-01
-8.615e-01
-8.616e-01
-8.616e-01
-8.616e-01
-8.616e-01
-8.616e-01
-8.616e-01
-8.616e-01
-8.616e-01
-8.616e-01
-8.616e-01
-8.616e-01
-8.616e-01
-8.616e-01
-8.616e-01
-8.616e-01
-8.616e-01
-8.616e-01
-8.616e-01
-8.616e-01
-8.617e-01
-8.600e-01
-8.600e-01
-8.600e-01
-8.600e-01
-8.600e-01
-8.600e-01
-8.600e-01
-8.600e-01
-8.600e-01
-8.600e-01
-8.600e-01
-8.600e-01
-8.600e-01
-8.600e-01
-8.600e-01
-8.600e-01
-8.600e-01
-8.600e-01
-8.600e-01
-8.600e-01
-8.600e-01
-8.600e-01
-8.600e-01
-8.600e-01
-8.600e-01
-8.600e-01
-8.600e-01
-8.600e-01
-8.600e-01
-8.600e-01
-8.600e-01
-8.600e-01
-8.600e-01
-8.600e-01
-8.600e-01
-8.600e-01
-8.600e-01
-8.600e-01
-8.600e-01
-8.600e-01
-8.600e-01
-8.600e-01
-8.600e-01
-8.600e-01
-8.600e-01
-8.600e-01
-8.600e-01
-8.600e-01
-8.600e-01
-8.600e-01
-8.600e-01
-8.600e-01
-8.600e-01
-8.600e-01
-8.600e-01
-8.600e-01
-8.600e-01
-8.600e-01
-8.600e-01
-8.600e-01
-8.600e-01
-8.600e-01
-8.600e-01
-8.600e-01
-8.600e-01
-8.600e-01
-8.600e-01
-8.600e-01
-8.600e-01
-8.600e-01
-8.600e-01
-8.600e-01
-8.600e-01
-8.600e-01
-8.600e-01
-8.600e-01
-8.600e-01
-8.600e-01
-8.600e-01
-8.600e-01
-8.600e-01
-8.600e-01
-8.600e-01
-8.600e-01
-8.600e-01
-8.600e-01
-8.600e-01
-8.600e-01
-8.600e-01
-8.600e-01
-8.600e-01
-8.600e-01
-8.600e-01
-8.600e-01
-8.600e-01
-8.600e-01
-8.600e-01
-8.600e-01
-8.600e-01
-8.600e-01
-8.600e-01
-8.600e-01
-8.600e-01
-8.600e-01
-8.600e-01
-8.600e-01
-8.600e-01
-8.600e-01
-8.600e-01
-8.600e-01
-8.600e-01
-8.600e-01
-8.600e-01
-8.600e-01
-8.600e-01
-8.600e-01
-8.600e-01
-8.600e-01
-8.600e-01
-8.600e-01
-8.600e-01
-8.600e-01
-8.600e-01
-8.600e-01
-8.600e-01
-8.600e-01
-8.600e-01
-8.600e-01
-8.600e-01
-8.600e-01
-8.600e-01
-8.600e-01
-8.600e-01
-8.600e-01
-8.600e-01
-8.600e-01
-8.600e-01
-8.600e-01
-8.600e-01
-8.600e-01
-8.600e-01
-8.600e-01
-8.600e-01
-8.600e-01
-8.600e-01
-8.600e-01
-8.600e-01
-8.600e-01
-8.600e-01
-8.600e-01
-8.600e-01
-8.600e-01
-8.600e-01
-8.600e-01
-8.600e-01
-8.600e-01
-8.600e-01
-8.600e-01
-8.600e-01
-8.600e-01
-8.600e-01
-8.600e-01
-8.600e-01
-8.600e-01
-8.600e-01
-8.600e-01
-8.600e-01
-8.600e-01
-8.600e-01
-8.600e-01
-8.600e-01
-8.600e-01
-8.600e-01
-8.600e-01
-8.600e-01
-8.600e-01
-8.600e-01
-8.600e-01
-8.600e-01
-8.600e-01
-8.600e-01
-8.600e-01
-8.600e-01
-8.600e-01
-8.600e-01
-8.600e-01
-8.600e-01
-8.600e-01
-8.600e-01
-8.600e-01
-8.600e-01
-8.600e-01
-8.600e-01
-8.600e-01
-8.600e-01
-8.600e-01
-8.600e-01
-8.600e-01
-8.600e-01
-8.600e-01
-8.600e-01
-8.600e-01
-8.600e-01
-8.600e-01
-8.600e-01
-8.600e-01
-8.600e-01
-8.600e-01
-8.600e-01
-8.600e-01
-8.600e-01
-8.600e-01
-8.600e-01
-8.600e-01
-8.600e-01
-8.600e-01
-8.600e-01
-8.600e-01
-8.600e-01
-8.600e-01
-8.600e-01
-8.600e-01
-8.600e-01
-8.600e-01
-8.600e-01
-8.600e-01
-8.600e-01
-8.600e-01
-8.600e-01
-8.600e-01
-8.600e-01
-2.600e-01
-2.600e-01
-2.600e-01
-2.600e-01
-2.600e-01
-2.600e-01
-2.600e-01
-2.600e-01
-2.600e-01
-2.600e-01
-2.600e-01
-2.600e-01
-2.600e-01
-2.600e-01
-2.600e-01
-2.600e-01
-2.600e-01
-2.600e-01
-2.600e-01
-2.600e-01
-2.600e-01
-2.600e-01
-2.600e-01
-2.600e-01
-2.600e-01
-2.600e-01
-2.600e-01
-2.600e-01
-2.600e-01
-2.600e-01
-2.600e-01
-2.600e-01
-2.600e-01
-2.600e-01
-2.600e-01
-2.600e-01
-2.600e-01
-2.600e-01
-2.600e-01
-2.600e-01
-2.600e-01
-2.600e-01
-2.600e-01
-2.600e-01
-2.600e-01
-2.600e-01
-2.600e-01
-2.600e-01
-2.600e-01
-2.600e-01
-2.600e-01
-2.600e-01
-2.600e-01
-2.600e-01
-2.600e-01
-2.600e-01
-2.600e-01
-2.600e-01
-2.600e-01
-2.600e-01
-2.600e-01
-2.600e-01
-2.600e-01
-2.600e-01
-2.600e-01
-2.600e-01
-2.600e-01
-2.600e-01
-2.600e-01
-2.600e-01
-2.600e-01
-2.600e-01
-2.600e-01
-2.600e-01
-2.600e-01
-2.600e-01
-2.600e-01
-2.600e-01
-2.600e-01
-2.600e-01
-2.600e-01
-2.600e-01
-2.600e-01
-2.600e-01
-2.600e-01
-2.600e-01
-2.600e-01
-2.600e-01
-2.600e-01
-2.600e-01
-2.600e-01
-2.600e-01
-2.600e-01
-2.600e-01
-2.600e-01
-2.600e-01
-2.600e-01
-2.600e-01
-2.600e-01
-2.600e-01
-2.600e-01
-2.600e-01
-2.600e-01
-2.600e-01
-2.600e-01
-2.600e-01
-2.600e-01
-2.600e-01
-2.600e-01
-2.600e-01
-2.600e-01
-2.600e-01
-2.600e-01
-2.600e-01
-2.600e-01
-2.600e-01
-2.600e-01
-2.600e-01
-2.600e-01
-2.600e-01
-2.600e-01
-2.600e-01
-2.600e-01
-2.600e-01
-2.600e-01
-2.600e-01
-2.600e-01
-2.600e-01
-2.600e-01
-2.600e-01
-2.600e-01
-2.600e-01
-2.600e-01
-2.600e-01
-2.600e-01
-2.600e-01
-2.600e-01
-2.600e-01
-2.600e-01
-2.600e-01
-2.600e-01
-2.600e-01
-2.600e-01
-2.600e-01
-2.600e-01
-2.600e-01
-2.600e-01
-2.600e-01
-2.600e-01
-2.600e-01
-2.600e-01
-2.600e-01
-2.600e-01
-2.600e-01
-2.600e-01
-2.600e-01
-2.600e-01
-2.600e-01
-2.600e-01
-2.600e-01
-2.600e-01
-2.600e-01
-2.600e-01
-2.600e-01
-2.600e-01
-2.600e-01
-2.600e-01
-2.600e-01
-2.600e-01
-2.600e-01
-2.600e-01
-2.600e-01
-2.600e-01
-2.600e-01
-2.600e-01
-2.600e-01
-2.600e-01
-2.600e-01
-2.600e-01
-2.600e-01
-2.600e-01
-2.600e-01
-2.600e-01
-2.600e-01
-2.600e-01
-2.600e-01
-2.600e-01
-2.600e-01
-2.600e-01
-2.600e-01
-2.600e-01
-2.600e-01
-2.600e-01
-2.600e-01
-2.600e-01
-2.600e-01
-2.600e-01
-2.600e-01
-2.600e-01
-2.600e-01
-2.600e-01
-2.600e-01
-2.600e-01
-2.600e-01
-2.600e-01
-2.600e-01
-2.600e-01
-2.600e-01
-2.600e-01
-2.600e-01
-2.600e-01
-2.600e-01
-2.600e-01
-2.600e-01
-2.600e-01
-2.600e-01
-2.600e-01
-2.600e-01
-2.600e-01
-2.600e-01
-2.600e-01
-2.600e-01
-2.600e-01
-2.600e-01
-2.600e-01
-2.600e-01
-2.600e-01
-2.600e-01
-2.600e-01
-2.600e-01
-2.600e-01
-2.600e-01
-2.600e-01
-2.600e-01
-2.600e-01
-2.600e-01
-2.600e-01
-2.600e-01
-2.600e-01
-2.600e-01
-2.600e-01
-2.600e-01
-2.600e-01
-2.600e-01
-2.600e-01
-2.600e-01
-2.600e-01
-2.600e-01
-2.600e-01
-2.600e-01
-2.600e-01
-2.600e-01
-2.600e-01
-2.600e-01
-2.600e-01
-2.600e-01
-2.600e-01
-2.600e-01
-2.600e-01
-2.600e-01
-2.600e-01
-2.600e-01
-2.600e-01
-2.600e-01
-2.600e-01
-2.600e-01
-2.600e-01
-2.600e-01
-2.600e-01
-2.600e-01
-2.600e-01
-2.600e-01
-2.600e-01
-2.600e-01
-2.600e-01
-2.600e-01
-2.600e-01
-2.600e-01
-2.600e-01
-2.600e-01
-2.600e-01
-2.600e-01
-2.600e-01
-2.600e-01
-2.600e-01
-2.600e-01
-2.600e-01
-2.600e-01
-2.600e-01
-2.600e-01
-2.600e-01
-2.600e-01
-2.600e-01
-2.600e-01
-2.600e-01
-2.600e-01
-2.600e-01
-2.600e-01
-2.600e-01
-2.600e-01
-2.600e-01
-2.600e-01
-2.600e-01
-2.600e-01
-2.600e-01
-2.600e-01
-2.600e-01
-2.600e-01
-2.600e-01
-2.600e-01
-2.600e-01
-2.600e-01
-2.600e-01
-2.600e-01
-2.600e-01
-2.600e-01
-2.600e-01
-2.600e-01
-2.600e-01
-2.600e-01
-2.600e-01
-2.600e-01
-2.600e-01
-2.600e-01
-2.600e-01
-2.600e-01
-2.600e-01
-2.600e-01
-2.600e-01
-2.600e-01
-2.600e-01
-2.600e-01
-2.600e-01
-2.600e-01
-2.600e-01
-2.600e-01
-2.600e-01
-2.600e-01
-2.600e-01
-2.600e-01
-2.600e-01
-2.600e-01
-2.600e-01
-2.600e-01
-2.600e-01
-2.600e-01
-2.600e-01
-2.600e-01
-2.600e-01
-2.600e-01
-2.600e-01
-2.600e-01
-2.600e-01
-2.600e-01
-2.600e-01
-2.600e-01
-2.600e-01
-2.600e-01
-2.600e-01
-2.600e-01
-2.600e-01
-2.600e-01
-2.600e-01
-2.600e-01
-2.600e-01
-2.600e-01
-2.600e-01
-2.600e-01
-2.600e-01
-2.600e-01
-2.600e-01
-2.600e-01
-2.600e-01
-2.600e-01
-2.600e-01
-2.600e-01
-2.600e-01
-2.600e-01
-2.600e-01
-2.600e-01
-2.600e-01
-2.600e-01
-2.600e-01
-2.600e-01
-2.600e-01
-2.600e-01
-2.600e-01
-2.600e-01
-2.600e-01
-2.600e-01
-2.600e-01
-2.600e-01
-2.600e-01
-2.600e-01
-2.600e-01
-2.600e-01
-2.600e-01
-2.600e-01
-2.600e-01
-2.600e-01
-2.600e-01
-2.600e-01
-2.600e-01
-2.600e-01
-2.600e-01
-2.600e-01
-2.600e-01
-2.600e-01
-2.600e-01
-2.600e-01
-2.600e-01
-2.600e-01
-2.600e-01
-2.600e-01
-2.600e-01
-2.600e-01
-2.600e-01
-2.600e-01
-2.597e-01
-2.597e-01
-2.600e-01
-2.600e-01
-2.600e-01
-2.600e-01
-2.600e-01
-2.600e-01
-2.600e-01
-2.600e-01
-2.600e-01
-2.600e-01
-2.600e-01
-2.600e-01
-2.600e-01
-2.600e-01
-2.600e-01
-2.600e-01
-2.600e-01
-2.600e-01
-2.600e-01
-2.597e-01
-2.590e-01
3.400e-01
3.400e-01
3.400e-01
3.400e-01
3.400e-01
3.400e-01
3.400e-01
3.400e-01
3.400e-01
3.400e-01
3.400e-01
3.400e-01
3.400e-01
3.400e-01
3.400e-01
3.400e-01
3.400e-01
3.400e-01
3.400e-01
3.400e-01
3.400e-01
3.400e-01
3.400e-01
3.400e-01
3.400e-01
3.400e-01
3.400e-01
3.400e-01
3.400e-01
3.400e-01
3.400e-01
3.400e-01
3.400e-01
3.400e-01
3.400e-01
3.400e-01
3.400e-01
3.400e-01
3.400e-01
3.400e-01
3.400e-01
3.400e-01
3.400e-01
3.400e-01
3.400e-01
3.400e-01
3.400e-01
3.400e-01
3.400e-01
3.400e-01
3.400e-01
3.400e-01
3.400e-01
3.400e-01
3.400e-01
3.400e-01
3.400e-01
3.400e-01
3.400e-01
3.400e-01
3.400e-01
3.400e-01
3.400e-01
3.400e-01
3.400e-01
3.400e-01
3.400e-01
3.400e-01
3.400e-01
3.400e-01
3.400e-01
3.400e-01
3.400e-01
3.400e-01
3.400e-01
3.400e-01
3.400e-01
3.400e-01
3.400e-01
3.400e-01
3.400e-01
3.400e-01
3.400e-01
3.400e-01
3.400e-01
3.400e-01
3.400e-01
3.400e-01
3.400e-01
3.400e-01
3.400e-01
3.400e-01
3.400e-01
3.400e-01
3.400e-01
3.400e-01
3.400e-01
3.400e-01
3.400e-01
3.400e-01
3.400e-01
3.400e-01
3.400e-01
3.400e-01
3.400e-01
3.400e-01
3.400e-01
3.400e-01
3.400e-01
3.400e-01
3.400e-01
3.400e-01
3.400e-01
3.400e-01
3.400e-01
3.400e-01
3.400e-01
3.400e-01
3.400e-01
3.400e-01
3.400e-01
3.400e-01
3.400e-01
3.400e-01
3.400e-01
3.400e-01
3.400e-01
3.400e-01
3.400e-01
3.400e-01
3.400e-01
3.400e-01
3.400e-01
3.400e-01
3.400e-01
3.400e-01
3.400e-01
3.400e-01
3.400e-01
3.400e-01
3.400e-01
3.400e-01
3.400e-01
3.400e-01
3.400e-01
3.400e-01
3.400e-01
3.400e-01
3.400e-01
3.400e-01
3.400e-01
3.400e-01
3.400e-01
3.400e-01
3.400e-01
3.400e-01
3.400e-01
3.400e-01
3.400e-01
3.400e-01
3.400e-01
3.400e-01
3.400e-01
3.400e-01
3.400e-01
3.400e-01
3.400e-01
3.400e-01
3.400e-01
3.400e-01
3.400e-01
3.400e-01
3.400e-01
3.400e-01
3.400e-01
3.400e-01
3.400e-01
3.400e-01
3.400e-01
3.400e-01
3.400e-01
3.400e-01
3.400e-01
3.400e-01
3.400e-01
3.400e-01
3.400e-01
3.400e-01
3.400e-01
3.400e-01
3.400e-01
3.400e-01
3.400e-01
3.400e-01
3.400e-01
3.400e-01
3.400e-01
3.400e-01
3.400e-01
3.400e-01
3.400e-01
3.400e-01
3.400e-01
3.400e-01
3.400e-01
3.400e-01
3.400e-01
3.400e-01
3.400e-01
3.400e-01
3.400e-01
3.400e-01
3.400e-01
3.400e-01
3.400e-01
3.400e-01
3.400e-01
3.400e-01
3.400e-01
3.400e-01
3.400e-01
3.400e-01
3.400e-01
3.400e-01
3.400e-01
3.400e-01
3.400e-01
3.400e-01
3.400e-01
3.400e-01
3.400e-01
3.400e-01
3.400e-01
3.400e-01
3.400e-01
3.400e-01
3.400e-01
3.400e-01
3.400e-01
3.400e-01
3.400e-01
3.400e-01
3.400e-01
3.400e-01
3.400e-01
3.400e-01
3.400e-01
3.400e-01
3.400e-01
3.400e-01
3.400e-01
3.400e-01
3.400e-01
3.400e-01
3.400e-01
3.400e-01
3.400e-01
3.400e-01
3.400e-01
3.400e-01
3.400e-01
3.400e-01
3.400e-01
3.400e-01
3.400e-01
3.400e-01
3.400e-01
3.400e-01
3.400e-01
3.400e-01
3.400e-01
3.400e-01
3.400e-01
3.400e-01
3.400e-01
3.400e-01
3.400e-01
3.400e-01
3.400e-01
3.400e-01
3.400e-01
3.400e-01
3.400e-01
3.400e-01
3.400e-01
3.400e-01
3.400e-01
3.400e-01
3.400e-01
3.400e-01
3.400e-01
3.400e-01
3.400e-01
3.400e-01
3.400e-01
3.400e-01
3.400e-01
3.400e-01
3.400e-01
3.400e-01
3.400e-01
3.400e-01
3.400e-01
3.400e-01
3.400e-01
3.400e-01
3.400e-01
3.400e-01
3.400e-01
3.400e-01
3.400e-01
3.400e-01
3.400e-01
3.400e-01
3.400e-01
3.400e-01
3.400e-01
3.400e-01
3.400e-01
3.400e-01
3.400e-01
3.400e-01
3.400e-01
3.400e-01
3.400e-01
3.400e-01
3.400e-01
3.400e-01
3.400e-01
3.400e-01
3.400e-01
3.400e-01
3.400e-01
3.400e-01
3.400e-01
3.400e-01
3.400e-01
3.400e-01
3.400e-01
3.400e-01
3.400e-01
3.400e-01
3.400e-01
3.400e-01
3.400e-01
3.400e-01
3.400e-01
3.400e-01
3.400e-01
3.400e-01
3.400e-01
3.400e-01
3.400e-01
3.400e-01
3.400e-01
3.400e-01
3.400e-01
3.400e-01
3.400e-01
3.400e-01
3.400e-01
3.400e-01
3.400e-01
3.400e-01
3.400e-01
3.400e-01
3.400e-01
3.400e-01
3.400e-01
3.400e-01
3.400e-01
3.400e-01
3.400e-01
3.400e-01
3.400e-01
3.400e-01
3.400e-01
3.400e-01
3.400e-01
3.400e-01
3.400e-01
3.400e-01
3.400e-01
3.400e-01
3.400e-01
3.400e-01
3.400e-01
3.400e-01
3.400e-01
3.400e-01
3.400e-01
3.400e-01
3.400e-01
3.400e-01
3.400e-01
3.400e-01
3.400e-01
3.400e-01
3.400e-01
3.400e-01
3.400e-01
3.400e-01
3.400e-01
3.400e-01
3.400e-01
3.400e-01
3.400e-01
3.400e-01
3.400e-01
3.400e-01
3.400e-01
3.400e-01
3.400e-01
3.400e-01
3.400e-01
3.400e-01
3.400e-01
3.400e-01
3.403e-01
3.403e-01
3.400e-01
3.400e-01
3.400e-01
3.400e-01
3.400e-01
3.400e-01
3.400e-01
3.400e-01
3.400e-01
3.400e-01
3.400e-01
3.400e-01
3.400e-01
3.400e-01
3.400e-01
3.400e-01
3.400e-01
3.400e-01
3.400e-01
3.403e-01
3.410e-01
1.000e+00
1.000e+00
1.000e+00
1.000e+00
1.000e+00
1.000e+00
1.000e+00
1.000e+00
1.000e+00
1.000e+00
1.000e+00
1.000e+00
1.000e+00
1.000e+00
1.000e+00
1.000e+00
1.000e+00
1.000e+00
1.000e+00
1.000e+00
1.000e+00
1.000e+00
1.000e+00
1.000e+00
1.000e+00
1.000e+00
1.000e+00
1.000e+00
1.000e+00
1.000e+00
1.000e+00
1.000e+00
1.000e+00
1.000e+00
1.000e+00
1.000e+00
1.000e+00
1.000e+00
1.000e+00
1.000e+00
1.000e+00
1.000e+00
1.000e+00
1.000e+00
1.000e+00
1.000e+00
1.000e+00
1.000e+00
1.000e+00
1.000e+00
1.000e+00
1.000e+00
1.000e+00
1.000e+00
1.000e+00
1.000e+00
1.000e+00
1.000e+00
1.000e+00
1.000e+00
1.000e+00
1.000e+00
1.000e+00
1.000e+00
1.000e+00
1.000e+00
1.000e+00
1.000e+00
1.000e+00
1.000e+00
1.000e+00
1.000e+00
1.000e+00
1.000e+00
1.000e+00
1.000e+00
1.000e+00
1.000e+00
1.000e+00
1.000e+00
1.000e+00
1.000e+00
1.000e+00
1.000e+00
1.000e+00
1.000e+00
1.000e+00
1.000e+00
1.000e+00
1.000e+00
1.000e+00
1.000e+00
1.000e+00
1.000e+00
1.000e+00
1.000e+00
1.000e+00
1.000e+00
1.000e+00
1.000e+00
1.000e+00
1.000e+00
1.000e+00
1.000e+00
1.000e+00
1.000e+00
1.000e+00
1.000e+00
1.000e+00
1.000e+00
1.000e+00
1.000e+00
1.000e+00
1.000e+00
1.000e+00
1.000e+00
1.000e+00
1.000e+00
1.000e+00
1.000e+00
1.000e+00
1.000e+00
1.000e+00
1.000e+00
1.000e+00
1.000e+00
1.000e+00
1.000e+00
1.000e+00
1.000e+00
1.000e+00
1.000e+00
1.000e+00
1.000e+00
1.000e+00
1.000e+00
1.000e+00
1.000e+00
1.000e+00
1.000e+00
1.000e+00
1.000e+00
1.000e+00
1.000e+00
1.000e+00
1.000e+00
1.000e+00
1.000e+00
1.000e+00
1.000e+00
1.000e+00
1.000e+00
1.000e+00
1.000e+00
1.000e+00
1.000e+00
1.000e+00
1.000e+00
1.000e+00
1.000e+00
1.000e+00
1.000e+00
1.000e+00
1.000e+00
1.000e+00
1.000e+00
1.000e+00
1.000e+00
1.000e+00
1.000e+00
1.000e+00
1.000e+00
1.000e+00
1.000e+00
1.000e+00
1.000e+00
1.000e+00
1.000e+00
1.000e+00
1.000e+00
1.000e+00
1.000e+00
1.000e+00
1.000e+00
1.000e+00
1.000e+00
1.000e+00
1.000e+00
1.000e+00
1.000e+00
1.000e+00
1.000e+00
1.000e+00
1.000e+00
1.000e+00
1.000e+00
1.000e+00
1.000e+00
1.000e+00
1.000e+00
1.000e+00
1.000e+00
1.000e+00
1.000e+00
1.000e+00
1.000e+00
1.000e+00
1.000e+00
1.000e+00
1.000e+00
1.000e+00
1.000e+00
1.000e+00
1.000e+00
1.000e+00
1.000e+00
1.000e+00
1.000e+00
1.000e+00
1.000e+00
1.000e+00
1.000e+00
1.000e+00
1.000e+00
1.000e+00
1.000e+00
1.000e+00
1.000e+00
1.000e+00
1.000e+00
1.000e+00
1.000e+00
1.000e+00
1.000e+00
1.000e+00
1.000e+00
1.000e+00
1.000e+00
1.000e+00
1.000e+00
1.000e+00
1.000e+00
1.000e+00
1.000e+00
1.000e+00
1.000e+00
1.000e+00
1.000e+00
1.000e+00
1.000e+00
1.000e+00
1.000e+00
1.000e+00
1.000e+00
1.000e+00
1.000e+00
1.000e+00
1.000e+00
1.000e+00
1.000e+00
1.000e+00
1.000e+00
1.000e+00
1.000e+00
1.000e+00
1.000e+00
1.000e+00
1.000e+00
1.000e+00
1.000e+00
1.000e+00
1.000e+00
1.000e+00
1.000e+00
1.000e+00
1.000e+00
1.000e+00
1.000e+00
1.000e+00
1.000e+00
1.000e+00
1.000e+00
1.000e+00
1.000e+00
1.000e+00
1.000e+00
1.000e+00
1.000e+00
1.000e+00
1.000e+00
1.000e+00
1.000e+00
1.000e+00
1.000e+00
1.000e+00
1.000e+00
1.000e+00
1.000e+00
1.000e+00
1.000e+00
1.000e+00
1.000e+00
1.000e+00
1.000e+00
1.000e+00
1.000e+00
1.000e+00
1.000e+00
1.000e+00
1.000e+00
1.000e+00
1.000e+00
1.000e+00
1.000e+00
1.000e+00
1.000e+00
1.000e+00
1.000e+00
1.000e+00
1.000e+00
1.000e+00
1.000e+00
1.000e+00
1.000e+00
1.000e+00
1.000e+00
1.000e+00
1.000e+00
1.000e+00
1.000e+00
1.000e+00
1.000e+00
1.000e+00
1.000e+00
1.000e+00
1.000e+00
1.000e+00
1.000e+00
1.000e+00
1.000e+00
1.000e+00
1.000e+00
1.000e+00
1.000e+00
1.000e+00
1.000e+00
1.000e+00
1.000e+00
1.000e+00
1.000e+00
1.000e+00
1.000e+00
1.000e+00
1.000e+00
1.000e+00
1.000e+00
1.000e+00
1.000e+00
1.000e+00
1.000e+00
1.000e+00
1.000e+00
1.000e+00
1.000e+00
1.000e+00
1.000e+00
1.000e+00
1.000e+00
1.000e+00
1.000e+00
1.000e+00
1.000e+00
1.000e+00
1.000e+00
1.000e+00
1.000e+00
1.000e+00
1.000e+00
1.000e+00
1.000e+00
1.000e+00
1.000e+00
1.000e+00
1.000e+00
1.000e+00
1.000e+00
1.000e+00
1.000e+00
1.000e+00
1.000e+00
1.000e+00
1.000e+00
1.000e+00
1.000e+00
1.000e+00
1.000e+00
1.000e+00
1.000e+00
1.000e+00
1.000e+00
1.000e+00
1.000e+00
1.000e+00
1.000e+00
1.000e+00
1.000e+00
1.000e+00
1.000e+00
1.000e+00
1.000e+00
1.000e+00
1.000e+00
1.000e+00
1.000e+00
1.000e+00
1.000e+00
1.000e+00
1.000e+00
1.000e+00
1.000e+00
1.000e+00
1.000e+00
1.000e+00
1.000e+00
1.000e+00
1.000e+00
1.000e+00
1.000e+00
1.000e+00
1.000e+00
1.000e+00
1.000e+00
1.000e+00
1.000e+00
1.000e+00
1.000e+00
1.000e+00
1.000e+00
1.000e+00
1.000e+00
1.001e+00
