1	0	INDP	IPOND
-1.999e+02
-1.985e+02
-1.984e+02
-1.984e+02
-1.984e+02
-1.984e+02
-1.984e+02
-1.984e+02
-1.984e+02
-1.984e+02
-1.984e+02
-1.984e+02
-1.984e+02
-1.984e+02
-1.984e+02
-1.984e+02
-1.984e+02
-1.984e+02
-1.984e+02
-1.958e+02
-1.176e+02
-1.985e+02
-1.190e+02
-1.187e+02
-1.187e+02
-1.187e+02
-1.187e+02
-1.187e+02
-1.187e+02
-1.187e+02
-1.187e+02
-1.187e+02
-1.187e+02
-1.187e+02
-1.187e+02
-1.187e+02
-1.187e+02
-1.187e+02
-1.187e+02
-1.187e+02
-1.179e+02
-3.413e+01
-1.984e+02
-1.187e+02
-1.186e+02
-1.186e+02
-1.186e+02
-1.186e+02
-1.186e+02
-1.186e+02
-1.186e+02
-1.186e+02
-1.186e+02
-1.186e+02
-1.186e+02
-1.186e+02
-1.186e+02
-1.186e+02
-1.186e+02
-1.186e+02
-1.186e+02
-1.176e+02
-3.440e+01
-1.984e+02
-1.187e+02
-1.186e+02
-1.186e+02
-1.186e+02
-1.186e+02
-1.186e+02
-1.186e+02
-1.186e+02
-1.186e+02
-1.186e+02
-1.186e+02
-1.186e+02
-1.186e+02
-1.186e+02
-1.186e+02
-1.186e+02
-1.186e+02
-1.186e+02
-1.176e+02
-3.440e+01
-1.984e+02
-1.187e+02
-1.186e+02
-1.186e+02
-1.186e+02
-1.186e+02
-1.186e+02
-1.186e+02
-1.186e+02
-1.186e+02
-1.186e+02
-1.186e+02
-1.186e+02
-1.186e+02
-1.186e+02
-1.186e+02
-1.186e+02
-1.186e+02
-1.186e+02
-1.176e+02
-3.440e+01
-1.984e+02
-1.187e+02
-1.186e+02
-1.186e+02
-1.186e+02
-1.186e+02
-1.186e+02
-1.186e+02
-1.186e+02
-1.186e+02
-1.186e+02
-1.186e+02
-1.186e+02
-1.186e+02
-1.186e+02
-1.186e+02
-1.186e+02
-1.186e+02
-1.186e+02
-1.176e+02
-3.440e+01
-1.984e+02
-1.187e+02
-1.186e+02
-1.186e+02
-1.186e+02
-1.186e+02
-1.186e+02
-1.186e+02
-1.186e+02
-1.186e+02
-1.186e+02
-1.186e+02
-1.186e+02
-1.186e+02
-1.186e+02
-1.186e+02
-1.186e+02
-1.186e+02
-1.186e+02
-1.176e+02
-3.440e+01
-1.984e+02
-1.187e+02
-1.186e+02
-1.186e+02
-1.186e+02
-1.186e+02
-1.186e+02
-1.186e+02
-1.186e+02
-1.186e+02
-1.186e+02
-1.186e+02
-1.186e+02
-1.186e+02
-1.186e+02
-1.186e+02
-1.186e+02
-1.186e+02
-1.186e+02
-1.176e+02
-3.440e+01
-1.985e+02
-1.187e+02
-1.186e+02
-1.186e+02
-1.186e+02
-1.186e+02
-1.186e+02
-1.186e+02
-1.186e+02
-1.186e+02
-1.186e+02
-1.186e+02
-1.186e+02
-1.186e+02
-1.186e+02
-1.186e+02
-1.186e+02
-1.186e+02
-1.186e+02
-1.176e+02
-3.440e+01
-1.989e+02
-1.204e+02
-1.204e+02
-1.204e+02
-1.204e+02
-1.204e+02
-1.204e+02
-1.204e+02
-1.204e+02
-1.204e+02
-1.204e+02
-1.204e+02
-1.204e+02
-1.204e+02
-1.204e+02
-1.204e+02
-1.204e+02
-1.204e+02
-1.204e+02
-1.196e+02
-3.442e+01
-2.000e+02
-2.000e+02
-2.000e+02
-2.000e+02
-2.000e+02
-2.000e+02
-2.000e+02
-2.000e+02
-2.000e+02
-2.000e+02
-2.000e+02
-2.000e+02
-2.000e+02
-2.000e+02
-2.000e+02
-2.000e+02
-2.000e+02
-2.000e+02
-2.000e+02
-2.000e+02
-2.000e+02
-2.019e+02
-2.018e+02
-2.018e+02
-2.018e+02
-2.018e+02
-2.018e+02
-2.018e+02
-2.018e+02
-2.018e+02
-2.018e+02
-2.018e+02
-2.018e+02
-2.018e+02
-2.018e+02
-2.018e+02
-2.018e+02
-2.018e+02
-2.018e+02
-2.018e+02
-2.018e+02
-2.012e+02
-2.019e+02
-2.018e+02
-2.018e+02
-2.018e+02
-2.018e+02
-2.018e+02
-2.018e+02
-2.018e+02
-2.018e+02
-2.018e+02
-2.018e+02
-2.018e+02
-2.018e+02
-2.018e+02
-2.018e+02
-2.018e+02
-2.018e+02
-2.018e+02
-2.018e+02
-2.018e+02
-2.012e+02
-2.019e+02
-2.018e+02
-2.018e+02
-2.018e+02
-2.018e+02
-2.018e+02
-2.018e+02
-2.018e+02
-2.018e+02
-2.018e+02
-2.018e+02
-2.018e+02
-2.018e+02
-2.018e+02
-2.018e+02
-2.018e+02
-2.018e+02
-2.018e+02
-2.018e+02
-2.018e+02
-2.012e+02
-2.019e+02
-2.018e+02
-2.018e+02
-2.018e+02
-2.018e+02
-2.018e+02
-2.018e+02
-2.018e+02
-2.018e+02
-2.018e+02
-2.018e+02
-2.018e+02
-2.018e+02
-2.018e+02
-2.018e+02
-2.018e+02
-2.018e+02
-2.018e+02
-2.018e+02
-2.018e+02
-2.012e+02
-2.019e+02
-2.018e+02
-2.018e+02
-2.018e+02
-2.018e+02
-2.018e+02
-2.018e+02
-2.018e+02
-2.018e+02
-2.018e+02
-2.018e+02
-2.018e+02
-2.018e+02
-2.018e+02
-2.018e+02
-2.018e+02
-2.018e+02
-2.018e+02
-2.018e+02
-2.018e+02
-2.012e+02
-2.019e+02
-2.018e+02
-2.018e+02
-2.018e+02
-2.018e+02
-2.018e+02
-2.018e+02
-2.018e+02
-2.018e+02
-2.018e+02
-2.018e+02
-2.018e+02
-2.018e+02
-2.018e+02
-2.018e+02
-2.018e+02
-2.018e+02
-2.018e+02
-2.018e+02
-2.018e+02
-2.012e+02
-2.019e+02
-2.018e+02
-2.018e+02
-2.018e+02
-2.018e+02
-2.018e+02
-2.018e+02
-2.018e+02
-2.018e+02
-2.018e+02
-2.018e+02
-2.018e+02
-2.018e+02
-2.018e+02
-2.018e+02
-2.018e+02
-2.018e+02
-2.018e+02
-2.018e+02
-2.018e+02
-2.012e+02
-2.019e+02
-2.018e+02
-2.018e+02
-2.018e+02
-2.018e+02
-2.018e+02
-2.018e+02
-2.018e+02
-2.018e+02
-2.018e+02
-2.018e+02
-2.018e+02
-2.018e+02
-2.018e+02
-2.018e+02
-2.018e+02
-2.018e+02
-2.018e+02
-2.018e+02
-2.018e+02
-2.012e+02
-2.021e+02
-2.018e+02
-2.018e+02
-2.018e+02
-2.018e+02
-2.018e+02
-2.018e+02
-2.018e+02
-2.018e+02
-2.018e+02
-2.018e+02
-2.018e+02
-2.018e+02
-2.018e+02
-2.018e+02
-2.018e+02
-2.018e+02
-2.018e+02
-2.018e+02
-2.018e+02
-2.012e+02
-2.018e+02
-2.012e+02
-2.012e+02
-2.012e+02
-2.012e+02
-2.012e+02
-2.012e+02
-2.012e+02
-2.012e+02
-2.012e+02
-2.012e+02
-2.012e+02
-2.012e+02
-2.012e+02
-2.012e+02
-2.012e+02
-2.012e+02
-2.012e+02
-2.012e+02
-2.012e+02
-2.004e+02
-1.947e+02
-1.810e+02
-1.810e+02
-1.810e+02
-1.810e+02
-1.810e+02
-1.810e+02
-1.810e+02
-1.810e+02
-1.810e+02
-1.810e+02
-1.810e+02
-1.810e+02
-1.810e+02
-1.810e+02
-1.810e+02
-1.810e+02
-1.810e+02
-1.810e+02
-1.832e+02
-1.133e+02
-1.810e+02
-1.134e+02
-1.133e+02
-1.133e+02
-1.133e+02
-1.133e+02
-1.133e+02
-1.133e+02
-1.133e+02
-1.133e+02
-1.133e+02
-1.133e+02
-1.133e+02
-1.133e+02
-1.133e+02
-1.133e+02
-1.133e+02
-1.133e+02
-1.133e+02
-1.133e+02
-5.590e+01
-1.810e+02
-1.133e+02
-1.133e+02
-1.133e+02
-1.133e+02
-1.133e+02
-1.133e+02
-1.133e+02
-1.133e+02
-1.133e+02
-1.133e+02
-1.133e+02
-1.133e+02
-1.133e+02
-1.133e+02
-1.133e+02
-1.133e+02
-1.133e+02
-1.133e+02
-1.131e+02
-5.563e+01
-1.810e+02
-1.133e+02
-1.133e+02
-1.133e+02
-1.133e+02
-1.133e+02
-1.133e+02
-1.133e+02
-1.133e+02
-1.133e+02
-1.133e+02
-1.133e+02
-1.133e+02
-1.133e+02
-1.133e+02
-1.133e+02
-1.133e+02
-1.133e+02
-1.133e+02
-1.131e+02
-5.563e+01
-1.810e+02
-1.133e+02
-1.133e+02
-1.133e+02
-1.133e+02
-1.133e+02
-1.133e+02
-1.133e+02
-1.133e+02
-1.133e+02
-1.133e+02
-1.133e+02
-1.133e+02
-1.133e+02
-1.133e+02
-1.133e+02
-1.133e+02
-1.133e+02
-1.133e+02
-1.131e+02
-5.563e+01
-1.810e+02
-1.133e+02
-1.133e+02
-1.133e+02
-1.133e+02
-1.133e+02
-1.133e+02
-1.133e+02
-1.133e+02
-1.133e+02
-1.133e+02
-1.133e+02
-1.133e+02
-1.133e+02
-1.133e+02
-1.133e+02
-1.133e+02
-1.133e+02
-1.133e+02
-1.131e+02
-5.563e+01
-1.810e+02
-1.133e+02
-1.133e+02
-1.133e+02
-1.133e+02
-1.133e+02
-1.133e+02
-1.133e+02
-1.133e+02
-1.133e+02
-1.133e+02
-1.133e+02
-1.133e+02
-1.133e+02
-1.133e+02
-1.133e+02
-1.133e+02
-1.133e+02
-1.133e+02
-1.131e+02
-5.563e+01
-1.810e+02
-1.133e+02
-1.133e+02
-1.133e+02
-1.133e+02
-1.133e+02
-1.133e+02
-1.133e+02
-1.133e+02
-1.133e+02
-1.133e+02
-1.133e+02
-1.133e+02
-1.133e+02
-1.133e+02
-1.133e+02
-1.133e+02
-1.133e+02
-1.133e+02
-1.131e+02
-5.563e+01
-1.810e+02
-1.133e+02
-1.133e+02
-1.133e+02
-1.133e+02
-1.133e+02
-1.133e+02
-1.133e+02
-1.133e+02
-1.133e+02
-1.133e+02
-1.133e+02
-1.133e+02
-1.133e+02
-1.133e+02
-1.133e+02
-1.133e+02
-1.133e+02
-1.133e+02
-1.131e+02
-5.563e+01
-1.812e+02
-1.146e+02
-1.147e+02
-1.147e+02
-1.147e+02
-1.147e+02
-1.147e+02
-1.147e+02
-1.147e+02
-1.147e+02
-1.147e+02
-1.147e+02
-1.147e+02
-1.147e+02
-1.147e+02
-1.147e+02
-1.147e+02
-1.147e+02
-1.147e+02
-1.145e+02
-5.679e+01
-2.000e+02
-2.000e+02
-2.000e+02
-2.000e+02
-2.000e+02
-2.000e+02
-2.000e+02
-2.000e+02
-2.000e+02
-2.000e+02
-2.000e+02
-2.000e+02
-2.000e+02
-2.000e+02
-2.000e+02
-2.000e+02
-2.000e+02
-2.000e+02
-2.000e+02
-2.000e+02
-2.000e+02
-2.020e+02
-2.018e+02
-2.018e+02
-2.018e+02
-2.018e+02
-2.018e+02
-2.018e+02
-2.018e+02
-2.018e+02
-2.018e+02
-2.018e+02
-2.018e+02
-2.018e+02
-2.018e+02
-2.018e+02
-2.018e+02
-2.018e+02
-2.018e+02
-2.018e+02
-2.018e+02
-2.017e+02
-2.020e+02
-2.018e+02
-2.018e+02
-2.018e+02
-2.018e+02
-2.018e+02
-2.018e+02
-2.018e+02
-2.018e+02
-2.018e+02
-2.018e+02
-2.018e+02
-2.018e+02
-2.018e+02
-2.018e+02
-2.018e+02
-2.018e+02
-2.018e+02
-2.018e+02
-2.018e+02
-2.017e+02
-2.020e+02
-2.018e+02
-2.018e+02
-2.018e+02
-2.018e+02
-2.018e+02
-2.018e+02
-2.018e+02
-2.018e+02
-2.018e+02
-2.018e+02
-2.018e+02
-2.018e+02
-2.018e+02
-2.018e+02
-2.018e+02
-2.018e+02
-2.018e+02
-2.018e+02
-2.018e+02
-2.017e+02
-2.020e+02
-2.018e+02
-2.018e+02
-2.018e+02
-2.018e+02
-2.018e+02
-2.018e+02
-2.018e+02
-2.018e+02
-2.018e+02
-2.018e+02
-2.018e+02
-2.018e+02
-2.018e+02
-2.018e+02
-2.018e+02
-2.018e+02
-2.018e+02
-2.018e+02
-2.018e+02
-2.017e+02
-2.020e+02
-2.018e+02
-2.018e+02
-2.018e+02
-2.018e+02
-2.018e+02
-2.018e+02
-2.018e+02
-2.018e+02
-2.018e+02
-2.018e+02
-2.018e+02
-2.018e+02
-2.018e+02
-2.018e+02
-2.018e+02
-2.018e+02
-2.018e+02
-2.018e+02
-2.018e+02
-2.017e+02
-2.020e+02
-2.018e+02
-2.018e+02
-2.018e+02
-2.018e+02
-2.018e+02
-2.018e+02
-2.018e+02
-2.018e+02
-2.018e+02
-2.018e+02
-2.018e+02
-2.018e+02
-2.018e+02
-2.018e+02
-2.018e+02
-2.018e+02
-2.018e+02
-2.018e+02
-2.018e+02
-2.017e+02
-2.020e+02
-2.018e+02
-2.018e+02
-2.018e+02
-2.018e+02
-2.018e+02
-2.018e+02
-2.018e+02
-2.018e+02
-2.018e+02
-2.018e+02
-2.018e+02
-2.018e+02
-2.018e+02
-2.018e+02
-2.018e+02
-2.018e+02
-2.018e+02
-2.018e+02
-2.018e+02
-2.017e+02
-2.020e+02
-2.018e+02
-2.018e+02
-2.018e+02
-2.018e+02
-2.018e+02
-2.018e+02
-2.018e+02
-2.018e+02
-2.018e+02
-2.018e+02
-2.018e+02
-2.018e+02
-2.018e+02
-2.018e+02
-2.018e+02
-2.018e+02
-2.018e+02
-2.018e+02
-2.018e+02
-2.017e+02
-2.020e+02
-2.018e+02
-2.018e+02
-2.018e+02
-2.018e+02
-2.018e+02
-2.018e+02
-2.018e+02
-2.018e+02
-2.018e+02
-2.018e+02
-2.018e+02
-2.018e+02
-2.018e+02
-2.018e+02
-2.018e+02
-2.018e+02
-2.018e+02
-2.018e+02
-2.018e+02
-2.017e+02
-2.018e+02
-2.017e+02
-2.017e+02
-2.017e+02
-2.017e+02
-2.017e+02
-2.017e+02
-2.017e+02
-2.017e+02
-2.017e+02
-2.017e+02
-2.017e+02
-2.017e+02
-2.017e+02
-2.017e+02
-2.017e+02
-2.017e+02
-2.017e+02
-2.017e+02
-2.017e+02
-2.016e+02
-1.635e+02
-1.425e+02
-1.425e+02
-1.425e+02
-1.425e+02
-1.425e+02
-1.425e+02
-1.425e+02
-1.425e+02
-1.425e+02
-1.425e+02
-1.425e+02
-1.425e+02
-1.425e+02
-1.425e+02
-1.425e+02
-1.425e+02
-1.425e+02
-1.425e+02
-1.436e+02
-9.727e+01
-1.425e+02
-9.729e+01
-9.727e+01
-9.727e+01
-9.727e+01
-9.727e+01
-9.727e+01
-9.727e+01
-9.727e+01
-9.727e+01
-9.727e+01
-9.727e+01
-9.727e+01
-9.727e+01
-9.727e+01
-9.727e+01
-9.727e+01
-9.727e+01
-9.727e+01
-9.727e+01
-6.365e+01
-1.425e+02
-9.727e+01
-9.727e+01
-9.727e+01
-9.727e+01
-9.727e+01
-9.727e+01
-9.727e+01
-9.727e+01
-9.727e+01
-9.727e+01
-9.727e+01
-9.727e+01
-9.727e+01
-9.727e+01
-9.727e+01
-9.727e+01
-9.727e+01
-9.727e+01
-9.726e+01
-6.342e+01
-1.425e+02
-9.727e+01
-9.727e+01
-9.727e+01
-9.727e+01
-9.727e+01
-9.727e+01
-9.727e+01
-9.727e+01
-9.727e+01
-9.727e+01
-9.727e+01
-9.727e+01
-9.727e+01
-9.727e+01
-9.727e+01
-9.727e+01
-9.727e+01
-9.727e+01
-9.726e+01
-6.342e+01
-1.425e+02
-9.727e+01
-9.727e+01
-9.727e+01
-9.727e+01
-9.727e+01
-9.727e+01
-9.727e+01
-9.727e+01
-9.727e+01
-9.727e+01
-9.727e+01
-9.727e+01
-9.727e+01
-9.727e+01
-9.727e+01
-9.727e+01
-9.727e+01
-9.727e+01
-9.726e+01
-6.342e+01
-1.425e+02
-9.727e+01
-9.727e+01
-9.727e+01
-9.727e+01
-9.727e+01
-9.727e+01
-9.727e+01
-9.727e+01
-9.727e+01
-9.727e+01
-9.727e+01
-9.727e+01
-9.727e+01
-9.727e+01
-9.727e+01
-9.727e+01
-9.727e+01
-9.727e+01
-9.726e+01
-6.342e+01
-1.425e+02
-9.727e+01
-9.727e+01
-9.727e+01
-9.727e+01
-9.727e+01
-9.727e+01
-9.727e+01
-9.727e+01
-9.727e+01
-9.727e+01
-9.727e+01
-9.727e+01
-9.727e+01
-9.727e+01
-9.727e+01
-9.727e+01
-9.727e+01
-9.727e+01
-9.726e+01
-6.342e+01
-1.425e+02
-9.727e+01
-9.727e+01
-9.727e+01
-9.727e+01
-9.727e+01
-9.727e+01
-9.727e+01
-9.727e+01
-9.727e+01
-9.727e+01
-9.727e+01
-9.727e+01
-9.727e+01
-9.727e+01
-9.727e+01
-9.727e+01
-9.727e+01
-9.727e+01
-9.726e+01
-6.342e+01
-1.423e+02
-9.727e+01
-9.727e+01
-9.727e+01
-9.727e+01
-9.727e+01
-9.727e+01
-9.727e+01
-9.727e+01
-9.727e+01
-9.727e+01
-9.727e+01
-9.727e+01
-9.727e+01
-9.727e+01
-9.727e+01
-9.727e+01
-9.727e+01
-9.727e+01
-9.726e+01
-6.342e+01
-1.419e+02
-9.808e+01
-9.811e+01
-9.811e+01
-9.811e+01
-9.811e+01
-9.811e+01
-9.811e+01
-9.811e+01
-9.811e+01
-9.811e+01
-9.811e+01
-9.811e+01
-9.811e+01
-9.811e+01
-9.811e+01
-9.811e+01
-9.811e+01
-9.811e+01
-9.807e+01
-6.467e+01
-2.000e+02
-2.000e+02
-2.000e+02
-2.000e+02
-2.000e+02
-2.000e+02
-2.000e+02
-2.000e+02
-2.000e+02
-2.000e+02
-2.000e+02
-2.000e+02
-2.000e+02
-2.000e+02
-2.000e+02
-2.000e+02
-2.000e+02
-2.000e+02
-2.000e+02
-2.000e+02
-2.001e+02
-2.020e+02
-2.017e+02
-2.018e+02
-2.018e+02
-2.018e+02
-2.018e+02
-2.018e+02
-2.018e+02
-2.018e+02
-2.018e+02
-2.018e+02
-2.018e+02
-2.018e+02
-2.018e+02
-2.018e+02
-2.018e+02
-2.018e+02
-2.018e+02
-2.018e+02
-2.018e+02
-2.017e+02
-2.020e+02
-2.018e+02
-2.018e+02
-2.018e+02
-2.018e+02
-2.018e+02
-2.018e+02
-2.018e+02
-2.018e+02
-2.018e+02
-2.018e+02
-2.018e+02
-2.018e+02
-2.018e+02
-2.018e+02
-2.018e+02
-2.018e+02
-2.018e+02
-2.018e+02
-2.018e+02
-2.017e+02
-2.020e+02
-2.018e+02
-2.018e+02
-2.018e+02
-2.018e+02
-2.018e+02
-2.018e+02
-2.018e+02
-2.018e+02
-2.018e+02
-2.018e+02
-2.018e+02
-2.018e+02
-2.018e+02
-2.018e+02
-2.018e+02
-2.018e+02
-2.018e+02
-2.018e+02
-2.018e+02
-2.017e+02
-2.020e+02
-2.018e+02
-2.018e+02
-2.018e+02
-2.018e+02
-2.018e+02
-2.018e+02
-2.018e+02
-2.018e+02
-2.018e+02
-2.018e+02
-2.018e+02
-2.018e+02
-2.018e+02
-2.018e+02
-2.018e+02
-2.018e+02
-2.018e+02
-2.018e+02
-2.018e+02
-2.017e+02
-2.020e+02
-2.018e+02
-2.018e+02
-2.018e+02
-2.018e+02
-2.018e+02
-2.018e+02
-2.018e+02
-2.018e+02
-2.018e+02
-2.018e+02
-2.018e+02
-2.018e+02
-2.018e+02
-2.018e+02
-2.018e+02
-2.018e+02
-2.018e+02
-2.018e+02
-2.018e+02
-2.017e+02
-2.020e+02
-2.018e+02
-2.018e+02
-2.018e+02
-2.018e+02
-2.018e+02
-2.018e+02
-2.018e+02
-2.018e+02
-2.018e+02
-2.018e+02
-2.018e+02
-2.018e+02
-2.018e+02
-2.018e+02
-2.018e+02
-2.018e+02
-2.018e+02
-2.018e+02
-2.018e+02
-2.017e+02
-2.020e+02
-2.018e+02
-2.018e+02
-2.018e+02
-2.018e+02
-2.018e+02
-2.018e+02
-2.018e+02
-2.018e+02
-2.018e+02
-2.018e+02
-2.018e+02
-2.018e+02
-2.018e+02
-2.018e+02
-2.018e+02
-2.018e+02
-2.018e+02
-2.018e+02
-2.018e+02
-2.017e+02
-2.020e+02
-2.018e+02
-2.018e+02
-2.018e+02
-2.018e+02
-2.018e+02
-2.018e+02
-2.018e+02
-2.018e+02
-2.018e+02
-2.018e+02
-2.018e+02
-2.018e+02
-2.018e+02
-2.018e+02
-2.018e+02
-2.018e+02
-2.018e+02
-2.018e+02
-2.018e+02
-2.017e+02
-2.020e+02
-2.018e+02
-2.018e+02
-2.018e+02
-2.018e+02
-2.018e+02
-2.018e+02
-2.018e+02
-2.018e+02
-2.018e+02
-2.018e+02
-2.018e+02
-2.018e+02
-2.018e+02
-2.018e+02
-2.018e+02
-2.018e+02
-2.018e+02
-2.018e+02
-2.018e+02
-2.017e+02
-2.018e+02
-2.017e+02
-2.017e+02
-2.017e+02
-2.017e+02
-2.017e+02
-2.017e+02
-2.017e+02
-2.017e+02
-2.017e+02
-2.017e+02
-2.017e+02
-2.017e+02
-2.017e+02
-2.017e+02
-2.017e+02
-2.017e+02
-2.017e+02
-2.017e+02
-2.017e+02
-2.016e+02
-1.165e+02
-1.010e+02
-1.010e+02
-1.010e+02
-1.010e+02
-1.010e+02
-1.010e+02
-1.010e+02
-1.010e+02
-1.010e+02
-1.010e+02
-1.010e+02
-1.010e+02
-1.010e+02
-1.010e+02
-1.010e+02
-1.010e+02
-1.010e+02
-1.010e+02
-1.010e+02
-7.474e+01
-1.010e+02
-7.478e+01
-7.477e+01
-7.477e+01
-7.477e+01
-7.477e+01
-7.477e+01
-7.477e+01
-7.477e+01
-7.477e+01
-7.477e+01
-7.477e+01
-7.477e+01
-7.477e+01
-7.477e+01
-7.477e+01
-7.477e+01
-7.477e+01
-7.477e+01
-7.477e+01
-5.579e+01
-1.010e+02
-7.477e+01
-7.477e+01
-7.477e+01
-7.477e+01
-7.477e+01
-7.477e+01
-7.477e+01
-7.477e+01
-7.477e+01
-7.477e+01
-7.477e+01
-7.477e+01
-7.477e+01
-7.477e+01
-7.477e+01
-7.477e+01
-7.477e+01
-7.477e+01
-7.477e+01
-5.579e+01
-1.010e+02
-7.477e+01
-7.477e+01
-7.477e+01
-7.477e+01
-7.477e+01
-7.477e+01
-7.477e+01
-7.477e+01
-7.477e+01
-7.477e+01
-7.477e+01
-7.477e+01
-7.477e+01
-7.477e+01
-7.477e+01
-7.477e+01
-7.477e+01
-7.477e+01
-7.477e+01
-5.579e+01
-1.010e+02
-7.477e+01
-7.477e+01
-7.477e+01
-7.477e+01
-7.477e+01
-7.477e+01
-7.477e+01
-7.477e+01
-7.477e+01
-7.477e+01
-7.477e+01
-7.477e+01
-7.477e+01
-7.477e+01
-7.477e+01
-7.477e+01
-7.477e+01
-7.477e+01
-7.477e+01
-5.579e+01
-1.010e+02
-7.477e+01
-7.477e+01
-7.477e+01
-7.477e+01
-7.477e+01
-7.477e+01
-7.477e+01
-7.477e+01
-7.477e+01
-7.477e+01
-7.477e+01
-7.477e+01
-7.477e+01
-7.477e+01
-7.477e+01
-7.477e+01
-7.477e+01
-7.477e+01
-7.477e+01
-5.579e+01
-1.010e+02
-7.477e+01
-7.477e+01
-7.477e+01
-7.477e+01
-7.477e+01
-7.477e+01
-7.477e+01
-7.477e+01
-7.477e+01
-7.477e+01
-7.477e+01
-7.477e+01
-7.477e+01
-7.477e+01
-7.477e+01
-7.477e+01
-7.477e+01
-7.477e+01
-7.477e+01
-5.579e+01
-1.010e+02
-7.477e+01
-7.477e+01
-7.477e+01
-7.477e+01
-7.477e+01
-7.477e+01
-7.477e+01
-7.477e+01
-7.477e+01
-7.477e+01
-7.477e+01
-7.477e+01
-7.477e+01
-7.477e+01
-7.477e+01
-7.477e+01
-7.477e+01
-7.477e+01
-7.477e+01
-5.579e+01
-1.008e+02
-7.477e+01
-7.477e+01
-7.477e+01
-7.477e+01
-7.477e+01
-7.477e+01
-7.477e+01
-7.477e+01
-7.477e+01
-7.477e+01
-7.477e+01
-7.477e+01
-7.477e+01
-7.477e+01
-7.477e+01
-7.477e+01
-7.477e+01
-7.477e+01
-7.477e+01
-5.579e+01
-1.013e+02
-7.541e+01
-7.541e+01
-7.541e+01
-7.541e+01
-7.541e+01
-7.541e+01
-7.541e+01
-7.541e+01
-7.541e+01
-7.541e+01
-7.541e+01
-7.541e+01
-7.541e+01
-7.541e+01
-7.541e+01
-7.541e+01
-7.541e+01
-7.541e+01
-7.541e+01
-5.662e+01
-2.000e+02
-2.001e+02
-2.001e+02
-2.001e+02
-2.001e+02
-2.001e+02
-2.001e+02
-2.001e+02
-2.001e+02
-2.001e+02
-2.001e+02
-2.001e+02
-2.001e+02
-2.001e+02
-2.001e+02
-2.001e+02
-2.001e+02
-2.001e+02
-2.001e+02
-2.001e+02
-2.001e+02
-2.008e+02
-2.000e+02
-2.000e+02
-2.000e+02
-2.000e+02
-2.000e+02
-2.000e+02
-2.000e+02
-2.000e+02
-2.000e+02
-2.000e+02
-2.000e+02
-2.000e+02
-2.000e+02
-2.000e+02
-2.000e+02
-2.000e+02
-2.000e+02
-2.000e+02
-2.000e+02
-2.000e+02
-2.008e+02
-2.000e+02
-2.000e+02
-2.000e+02
-2.000e+02
-2.000e+02
-2.000e+02
-2.000e+02
-2.000e+02
-2.000e+02
-2.000e+02
-2.000e+02
-2.000e+02
-2.000e+02
-2.000e+02
-2.000e+02
-2.000e+02
-2.000e+02
-2.000e+02
-2.000e+02
-2.000e+02
-2.008e+02
-2.000e+02
-2.000e+02
-2.000e+02
-2.000e+02
-2.000e+02
-2.000e+02
-2.000e+02
-2.000e+02
-2.000e+02
-2.000e+02
-2.000e+02
-2.000e+02
-2.000e+02
-2.000e+02
-2.000e+02
-2.000e+02
-2.000e+02
-2.000e+02
-2.000e+02
-2.000e+02
-2.008e+02
-2.000e+02
-2.000e+02
-2.000e+02
-2.000e+02
-2.000e+02
-2.000e+02
-2.000e+02
-2.000e+02
-2.000e+02
-2.000e+02
-2.000e+02
-2.000e+02
-2.000e+02
-2.000e+02
-2.000e+02
-2.000e+02
-2.000e+02
-2.000e+02
-2.000e+02
-2.000e+02
-2.008e+02
-2.000e+02
-2.000e+02
-2.000e+02
-2.000e+02
-2.000e+02
-2.000e+02
-2.000e+02
-2.000e+02
-2.000e+02
-2.000e+02
-2.000e+02
-2.000e+02
-2.000e+02
-2.000e+02
-2.000e+02
-2.000e+02
-2.000e+02
-2.000e+02
-2.000e+02
-2.000e+02
-2.008e+02
-2.000e+02
-2.000e+02
-2.000e+02
-2.000e+02
-2.000e+02
-2.000e+02
-2.000e+02
-2.000e+02
-2.000e+02
-2.000e+02
-2.000e+02
-2.000e+02
-2.000e+02
-2.000e+02
-2.000e+02
-2.000e+02
-2.000e+02
-2.000e+02
-2.000e+02
-2.000e+02
-2.008e+02
-2.000e+02
-2.000e+02
-2.000e+02
-2.000e+02
-2.000e+02
-2.000e+02
-2.000e+02
-2.000e+02
-2.000e+02
-2.000e+02
-2.000e+02
-2.000e+02
-2.000e+02
-2.000e+02
-2.000e+02
-2.000e+02
-2.000e+02
-2.000e+02
-2.000e+02
-2.000e+02
-2.008e+02
-2.000e+02
-2.000e+02
-2.000e+02
-2.000e+02
-2.000e+02
-2.000e+02
-2.000e+02
-2.000e+02
-2.000e+02
-2.000e+02
-2.000e+02
-2.000e+02
-2.000e+02
-2.000e+02
-2.000e+02
-2.000e+02
-2.000e+02
-2.000e+02
-2.000e+02
-2.000e+02
-2.008e+02
-2.000e+02
-2.000e+02
-2.000e+02
-2.000e+02
-2.000e+02
-2.000e+02
-2.000e+02
-2.000e+02
-2.000e+02
-2.000e+02
-2.000e+02
-2.000e+02
-2.000e+02
-2.000e+02
-2.000e+02
-2.000e+02
-2.000e+02
-2.000e+02
-2.000e+02
-2.000e+02
-2.000e+02
-2.000e+02
-2.000e+02
-2.000e+02
-2.000e+02
-2.000e+02
-2.000e+02
-2.000e+02
-2.000e+02
-2.000e+02
-2.000e+02
-2.000e+02
-2.000e+02
-2.000e+02
-2.000e+02
-2.000e+02
-2.000e+02
-2.000e+02
-2.000e+02
-2.000e+02
-2.000e+02
-7.468e+01
-6.645e+01
-6.645e+01
-6.645e+01
-6.645e+01
-6.645e+01
-6.645e+01
-6.645e+01
-6.645e+01
-6.645e+01
-6.645e+01
-6.645e+01
-6.645e+01
-6.645e+01
-6.645e+01
-6.645e+01
-6.645e+01
-6.645e+01
-6.645e+01
-6.645e+01
-5.285e+01
-6.645e+01
-5.285e+01
-5.285e+01
-5.285e+01
-5.285e+01
-5.285e+01
-5.285e+01
-5.285e+01
-5.285e+01
-5.285e+01
-5.285e+01
-5.285e+01
-5.285e+01
-5.285e+01
-5.285e+01
-5.285e+01
-5.285e+01
-5.285e+01
-5.285e+01
-5.285e+01
-4.301e+01
-6.645e+01
-5.285e+01
-5.285e+01
-5.285e+01
-5.285e+01
-5.285e+01
-5.285e+01
-5.285e+01
-5.285e+01
-5.285e+01
-5.285e+01
-5.285e+01
-5.285e+01
-5.285e+01
-5.285e+01
-5.285e+01
-5.285e+01
-5.285e+01
-5.285e+01
-5.285e+01
-4.301e+01
-6.645e+01
-5.285e+01
-5.285e+01
-5.285e+01
-5.285e+01
-5.285e+01
-5.285e+01
-5.285e+01
-5.285e+01
-5.285e+01
-5.285e+01
-5.285e+01
-5.285e+01
-5.285e+01
-5.285e+01
-5.285e+01
-5.285e+01
-5.285e+01
-5.285e+01
-5.285e+01
-4.301e+01
-6.645e+01
-5.285e+01
-5.285e+01
-5.285e+01
-5.285e+01
-5.285e+01
-5.285e+01
-5.285e+01
-5.285e+01
-5.285e+01
-5.285e+01
-5.285e+01
-5.285e+01
-5.285e+01
-5.285e+01
-5.285e+01
-5.285e+01
-5.285e+01
-5.285e+01
-5.285e+01
-4.301e+01
-6.645e+01
-5.285e+01
-5.285e+01
-5.285e+01
-5.285e+01
-5.285e+01
-5.285e+01
-5.285e+01
-5.285e+01
-5.285e+01
-5.285e+01
-5.285e+01
-5.285e+01
-5.285e+01
-5.285e+01
-5.285e+01
-5.285e+01
-5.285e+01
-5.285e+01
-5.285e+01
-4.301e+01
-6.645e+01
-5.285e+01
-5.285e+01
-5.285e+01
-5.285e+01
-5.285e+01
-5.285e+01
-5.285e+01
-5.285e+01
-5.285e+01
-5.285e+01
-5.285e+01
-5.285e+01
-5.285e+01
-5.285e+01
-5.285e+01
-5.285e+01
-5.285e+01
-5.285e+01
-5.285e+01
-4.301e+01
-6.645e+01
-5.285e+01
-5.285e+01
-5.285e+01
-5.285e+01
-5.285e+01
-5.285e+01
-5.285e+01
-5.285e+01
-5.285e+01
-5.285e+01
-5.285e+01
-5.285e+01
-5.285e+01
-5.285e+01
-5.285e+01
-5.285e+01
-5.285e+01
-5.285e+01
-5.285e+01
-4.301e+01
-6.645e+01
-5.285e+01
-5.285e+01
-5.285e+01
-5.285e+01
-5.285e+01
-5.285e+01
-5.285e+01
-5.285e+01
-5.285e+01
-5.285e+01
-5.285e+01
-5.285e+01
-5.285e+01
-5.285e+01
-5.285e+01
-5.285e+01
-5.285e+01
-5.285e+01
-5.285e+01
-4.301e+01
-6.668e+01
-5.313e+01
-5.315e+01
-5.315e+01
-5.315e+01
-5.315e+01
-5.315e+01
-5.315e+01
-5.315e+01
-5.315e+01
-5.315e+01
-5.315e+01
-5.315e+01
-5.315e+01
-5.315e+01
-5.315e+01
-5.315e+01
-5.315e+01
-5.315e+01
-5.314e+01
-4.319e+01
-2.000e+02
-2.000e+02
-2.000e+02
-2.000e+02
-2.000e+02
-2.000e+02
-2.000e+02
-2.000e+02
-2.000e+02
-2.000e+02
-2.000e+02
-2.000e+02
-2.000e+02
-2.000e+02
-2.000e+02
-2.000e+02
-2.000e+02
-2.000e+02
-2.000e+02
-2.000e+02
-2.000e+02
-2.000e+02
-2.000e+02
-2.000e+02
-2.000e+02
-2.000e+02
-2.000e+02
-2.000e+02
-2.000e+02
-2.000e+02
-2.000e+02
-2.000e+02
-2.000e+02
-2.000e+02
-2.000e+02
-2.000e+02
-2.000e+02
-2.000e+02
-2.000e+02
-2.000e+02
-2.000e+02
-2.000e+02
-2.000e+02
-2.000e+02
-2.000e+02
-2.000e+02
-2.000e+02
-2.000e+02
-2.000e+02
-2.000e+02
-2.000e+02
-2.000e+02
-2.000e+02
-2.000e+02
-2.000e+02
-2.000e+02
-2.000e+02
-2.000e+02
-2.000e+02
-2.000e+02
-2.000e+02
-2.000e+02
-2.000e+02
-2.000e+02
-2.000e+02
-2.000e+02
-2.000e+02
-2.000e+02
-2.000e+02
-2.000e+02
-2.000e+02
-2.000e+02
-2.000e+02
-2.000e+02
-2.000e+02
-2.000e+02
-2.000e+02
-2.000e+02
-2.000e+02
-2.000e+02
-2.000e+02
-2.000e+02
-2.000e+02
-2.000e+02
-2.000e+02
-2.000e+02
-2.000e+02
-2.000e+02
-2.000e+02
-2.000e+02
-2.000e+02
-2.000e+02
-2.000e+02
-2.000e+02
-2.000e+02
-2.000e+02
-2.000e+02
-2.000e+02
-2.000e+02
-2.000e+02
-2.000e+02
-2.000e+02
-2.000e+02
-2.000e+02
-2.000e+02
-2.000e+02
-2.000e+02
-2.000e+02
-2.000e+02
-2.000e+02
-2.000e+02
-2.000e+02
-2.000e+02
-2.000e+02
-2.000e+02
-2.000e+02
-2.000e+02
-2.000e+02
-2.000e+02
-2.000e+02
-2.000e+02
-2.000e+02
-2.000e+02
-2.000e+02
-2.000e+02
-2.000e+02
-2.000e+02
-2.000e+02
-2.000e+02
-2.000e+02
-2.000e+02
-2.000e+02
-2.000e+02
-2.000e+02
-2.000e+02
-2.000e+02
-2.000e+02
-2.000e+02
-2.000e+02
-2.000e+02
-2.000e+02
-2.000e+02
-2.000e+02
-2.000e+02
-2.000e+02
-2.000e+02
-2.000e+02
-2.000e+02
-2.000e+02
-2.000e+02
-2.000e+02
-2.000e+02
-2.000e+02
-2.000e+02
-2.000e+02
-2.000e+02
-2.000e+02
-2.000e+02
-2.000e+02
-2.000e+02
-2.000e+02
-2.000e+02
-2.000e+02
-2.000e+02
-2.000e+02
-2.000e+02
-2.000e+02
-2.000e+02
-2.000e+02
-2.000e+02
-2.000e+02
-2.000e+02
-2.000e+02
-2.000e+02
-2.000e+02
-2.000e+02
-2.000e+02
-2.000e+02
-2.000e+02
-2.000e+02
-2.000e+02
-2.000e+02
-2.000e+02
-2.000e+02
-2.000e+02
-2.000e+02
-2.000e+02
-2.000e+02
-2.000e+02
-2.000e+02
-2.000e+02
-2.000e+02
-2.000e+02
-2.000e+02
-2.000e+02
-2.000e+02
-2.000e+02
-2.000e+02
-2.000e+02
-2.000e+02
-2.000e+02
-2.000e+02
-2.000e+02
-2.000e+02
-2.000e+02
-2.000e+02
-2.000e+02
-2.000e+02
-2.000e+02
-2.000e+02
-2.000e+02
-2.000e+02
-2.000e+02
-2.000e+02
-2.000e+02
-2.000e+02
-2.000e+02
-2.000e+02
-2.000e+02
-2.000e+02
-2.000e+02
-2.000e+02
-2.000e+02
-2.000e+02
-2.000e+02
-2.000e+02
-2.000e+02
-2.000e+02
-2.000e+02
-2.000e+02
-2.000e+02
-3.690e+01
-3.626e+01
-3.626e+01
-3.626e+01
-3.626e+01
-3.626e+01
-3.626e+01
-3.626e+01
-3.626e+01
-3.626e+01
-3.626e+01
-3.626e+01
-3.626e+01
-3.626e+01
-3.626e+01
-3.626e+01
-3.626e+01
-3.626e+01
-3.626e+01
-3.626e+01
-3.533e+01
-3.626e+01
-3.525e+01
-3.525e+01
-3.525e+01
-3.525e+01
-3.525e+01
-3.525e+01
-3.525e+01
-3.525e+01
-3.525e+01
-3.525e+01
-3.525e+01
-3.525e+01
-3.525e+01
-3.525e+01
-3.525e+01
-3.525e+01
-3.525e+01
-3.525e+01
-3.525e+01
-3.435e+01
-3.626e+01
-3.525e+01
-3.525e+01
-3.525e+01
-3.525e+01
-3.525e+01
-3.525e+01
-3.525e+01
-3.525e+01
-3.525e+01
-3.525e+01
-3.525e+01
-3.525e+01
-3.525e+01
-3.525e+01
-3.525e+01
-3.525e+01
-3.525e+01
-3.525e+01
-3.525e+01
-3.428e+01
-3.626e+01
-3.525e+01
-3.525e+01
-3.525e+01
-3.525e+01
-3.525e+01
-3.525e+01
-3.525e+01
-3.525e+01
-3.525e+01
-3.525e+01
-3.525e+01
-3.525e+01
-3.525e+01
-3.525e+01
-3.525e+01
-3.525e+01
-3.525e+01
-3.525e+01
-3.525e+01
-3.428e+01
-3.626e+01
-3.525e+01
-3.525e+01
-3.525e+01
-3.525e+01
-3.525e+01
-3.525e+01
-3.525e+01
-3.525e+01
-3.525e+01
-3.525e+01
-3.525e+01
-3.525e+01
-3.525e+01
-3.525e+01
-3.525e+01
-3.525e+01
-3.525e+01
-3.525e+01
-3.525e+01
-3.428e+01
-3.626e+01
-3.525e+01
-3.525e+01
-3.525e+01
-3.525e+01
-3.525e+01
-3.525e+01
-3.525e+01
-3.525e+01
-3.525e+01
-3.525e+01
-3.525e+01
-3.525e+01
-3.525e+01
-3.525e+01
-3.525e+01
-3.525e+01
-3.525e+01
-3.525e+01
-3.525e+01
-3.428e+01
-3.626e+01
-3.525e+01
-3.525e+01
-3.525e+01
-3.525e+01
-3.525e+01
-3.525e+01
-3.525e+01
-3.525e+01
-3.525e+01
-3.525e+01
-3.525e+01
-3.525e+01
-3.525e+01
-3.525e+01
-3.525e+01
-3.525e+01
-3.525e+01
-3.525e+01
-3.525e+01
-3.428e+01
-3.626e+01
-3.525e+01
-3.525e+01
-3.525e+01
-3.525e+01
-3.525e+01
-3.525e+01
-3.525e+01
-3.525e+01
-3.525e+01
-3.525e+01
-3.525e+01
-3.525e+01
-3.525e+01
-3.525e+01
-3.525e+01
-3.525e+01
-3.525e+01
-3.525e+01
-3.525e+01
-3.428e+01
-3.626e+01
-3.525e+01
-3.525e+01
-3.525e+01
-3.525e+01
-3.525e+01
-3.525e+01
-3.525e+01
-3.525e+01
-3.525e+01
-3.525e+01
-3.525e+01
-3.525e+01
-3.525e+01
-3.525e+01
-3.525e+01
-3.525e+01
-3.525e+01
-3.525e+01
-3.525e+01
-3.428e+01
-3.612e+01
-3.537e+01
-3.537e+01
-3.537e+01
-3.537e+01
-3.537e+01
-3.537e+01
-3.537e+01
-3.537e+01
-3.537e+01
-3.537e+01
-3.537e+01
-3.537e+01
-3.537e+01
-3.537e+01
-3.537e+01
-3.537e+01
-3.537e+01
-3.537e+01
-3.537e+01
-3.435e+01
-2.001e+02
-1.999e+02
-1.998e+02
-1.999e+02
-1.999e+02
-1.999e+02
-1.999e+02
-1.999e+02
-1.999e+02
-1.999e+02
-1.999e+02
-1.999e+02
-1.999e+02
-1.999e+02
-1.999e+02
-1.999e+02
-1.999e+02
-1.999e+02
-1.999e+02
-1.999e+02
-1.994e+02
-2.001e+02
-2.000e+02
-1.999e+02
-1.999e+02
-1.999e+02
-1.999e+02
-1.999e+02
-1.999e+02
-1.999e+02
-1.999e+02
-1.999e+02
-1.999e+02
-1.999e+02
-1.999e+02
-1.999e+02
-1.999e+02
-1.999e+02
-1.999e+02
-1.999e+02
-1.999e+02
-1.996e+02
-2.001e+02
-2.000e+02
-1.999e+02
-1.999e+02
-1.999e+02
-1.999e+02
-1.999e+02
-1.999e+02
-1.999e+02
-1.999e+02
-1.999e+02
-1.999e+02
-1.999e+02
-1.999e+02
-1.999e+02
-1.999e+02
-1.999e+02
-1.999e+02
-1.999e+02
-1.999e+02
-1.996e+02
-2.001e+02
-2.000e+02
-1.999e+02
-1.999e+02
-1.999e+02
-1.999e+02
-1.999e+02
-1.999e+02
-1.999e+02
-1.999e+02
-1.999e+02
-1.999e+02
-1.999e+02
-1.999e+02
-1.999e+02
-1.999e+02
-1.999e+02
-1.999e+02
-1.999e+02
-1.999e+02
-1.996e+02
-2.001e+02
-2.000e+02
-1.999e+02
-1.999e+02
-1.999e+02
-1.999e+02
-1.999e+02
-1.999e+02
-1.999e+02
-1.999e+02
-1.999e+02
-1.999e+02
-1.999e+02
-1.999e+02
-1.999e+02
-1.999e+02
-1.999e+02
-1.999e+02
-1.999e+02
-1.999e+02
-1.996e+02
-2.001e+02
-2.000e+02
-1.999e+02
-1.999e+02
-1.999e+02
-1.999e+02
-1.999e+02
-1.999e+02
-1.999e+02
-1.999e+02
-1.999e+02
-1.999e+02
-1.999e+02
-1.999e+02
-1.999e+02
-1.999e+02
-1.999e+02
-1.999e+02
-1.999e+02
-1.999e+02
-1.996e+02
-2.001e+02
-2.000e+02
-1.999e+02
-1.999e+02
-1.999e+02
-1.999e+02
-1.999e+02
-1.999e+02
-1.999e+02
-1.999e+02
-1.999e+02
-1.999e+02
-1.999e+02
-1.999e+02
-1.999e+02
-1.999e+02
-1.999e+02
-1.999e+02
-1.999e+02
-1.999e+02
-1.996e+02
-2.001e+02
-2.000e+02
-1.999e+02
-1.999e+02
-1.999e+02
-1.999e+02
-1.999e+02
-1.999e+02
-1.999e+02
-1.999e+02
-1.999e+02
-1.999e+02
-1.999e+02
-1.999e+02
-1.999e+02
-1.999e+02
-1.999e+02
-1.999e+02
-1.999e+02
-1.999e+02
-1.996e+02
-2.001e+02
-2.000e+02
-1.999e+02
-1.999e+02
-1.999e+02
-1.999e+02
-1.999e+02
-1.999e+02
-1.999e+02
-1.999e+02
-1.999e+02
-1.999e+02
-1.999e+02
-1.999e+02
-1.999e+02
-1.999e+02
-1.999e+02
-1.999e+02
-1.999e+02
-1.999e+02
-1.996e+02
-2.001e+02
-2.000e+02
-1.999e+02
-1.999e+02
-1.999e+02
-1.999e+02
-1.999e+02
-1.999e+02
-1.999e+02
-1.999e+02
-1.999e+02
-1.999e+02
-1.999e+02
-1.999e+02
-1.999e+02
-1.999e+02
-1.999e+02
-1.999e+02
-1.999e+02
-1.999e+02
-1.996e+02
-2.000e+02
-1.997e+02
-1.996e+02
-1.996e+02
-1.996e+02
-1.996e+02
-1.996e+02
-1.996e+02
-1.996e+02
-1.996e+02
-1.996e+02
-1.996e+02
-1.996e+02
-1.996e+02
-1.996e+02
-1.996e+02
-1.996e+02
-1.996e+02
-1.996e+02
-1.996e+02
-1.992e+02
-6.384e+01
-4.385e+01
-4.385e+01
-4.385e+01
-4.385e+01
-4.385e+01
-4.385e+01
-4.385e+01
-4.385e+01
-4.385e+01
-4.385e+01
-4.385e+01
-4.385e+01
-4.385e+01
-4.385e+01
-4.385e+01
-4.385e+01
-4.385e+01
-4.385e+01
-4.384e+01
-2.467e+01
-4.385e+01
-2.471e+01
-2.471e+01
-2.471e+01
-2.471e+01
-2.471e+01
-2.471e+01
-2.471e+01
-2.471e+01
-2.471e+01
-2.471e+01
-2.471e+01
-2.471e+01
-2.471e+01
-2.471e+01
-2.471e+01
-2.471e+01
-2.471e+01
-2.471e+01
-2.467e+01
-1.651e+01
-4.385e+01
-2.471e+01
-2.471e+01
-2.471e+01
-2.471e+01
-2.471e+01
-2.471e+01
-2.471e+01
-2.471e+01
-2.471e+01
-2.471e+01
-2.471e+01
-2.471e+01
-2.471e+01
-2.471e+01
-2.471e+01
-2.471e+01
-2.471e+01
-2.471e+01
-2.471e+01
-1.655e+01
-4.385e+01
-2.471e+01
-2.471e+01
-2.471e+01
-2.471e+01
-2.471e+01
-2.471e+01
-2.471e+01
-2.471e+01
-2.471e+01
-2.471e+01
-2.471e+01
-2.471e+01
-2.471e+01
-2.471e+01
-2.471e+01
-2.471e+01
-2.471e+01
-2.471e+01
-2.471e+01
-1.655e+01
-4.385e+01
-2.471e+01
-2.471e+01
-2.471e+01
-2.471e+01
-2.471e+01
-2.471e+01
-2.471e+01
-2.471e+01
-2.471e+01
-2.471e+01
-2.471e+01
-2.471e+01
-2.471e+01
-2.471e+01
-2.471e+01
-2.471e+01
-2.471e+01
-2.471e+01
-2.471e+01
-1.655e+01
-4.385e+01
-2.471e+01
-2.471e+01
-2.471e+01
-2.471e+01
-2.471e+01
-2.471e+01
-2.471e+01
-2.471e+01
-2.471e+01
-2.471e+01
-2.471e+01
-2.471e+01
-2.471e+01
-2.471e+01
-2.471e+01
-2.471e+01
-2.471e+01
-2.471e+01
-2.471e+01
-1.655e+01
-4.385e+01
-2.471e+01
-2.471e+01
-2.471e+01
-2.471e+01
-2.471e+01
-2.471e+01
-2.471e+01
-2.471e+01
-2.471e+01
-2.471e+01
-2.471e+01
-2.471e+01
-2.471e+01
-2.471e+01
-2.471e+01
-2.471e+01
-2.471e+01
-2.471e+01
-2.471e+01
-1.655e+01
-4.385e+01
-2.471e+01
-2.471e+01
-2.471e+01
-2.471e+01
-2.471e+01
-2.471e+01
-2.471e+01
-2.471e+01
-2.471e+01
-2.471e+01
-2.471e+01
-2.471e+01
-2.471e+01
-2.471e+01
-2.471e+01
-2.471e+01
-2.471e+01
-2.471e+01
-2.471e+01
-1.655e+01
-4.385e+01
-2.471e+01
-2.471e+01
-2.471e+01
-2.471e+01
-2.471e+01
-2.471e+01
-2.471e+01
-2.471e+01
-2.471e+01
-2.471e+01
-2.471e+01
-2.471e+01
-2.471e+01
-2.471e+01
-2.471e+01
-2.471e+01
-2.471e+01
-2.471e+01
-2.471e+01
-1.655e+01
-4.393e+01
-2.467e+01
-2.472e+01
-2.472e+01
-2.472e+01
-2.472e+01
-2.472e+01
-2.472e+01
-2.472e+01
-2.472e+01
-2.472e+01
-2.472e+01
-2.472e+01
-2.472e+01
-2.472e+01
-2.472e+01
-2.472e+01
-2.472e+01
-2.472e+01
-2.467e+01
-1.651e+01
-7.061e+01
-4.328e+01
-4.414e+01
-4.414e+01
-4.414e+01
-4.414e+01
-4.414e+01
-4.414e+01
-4.414e+01
-4.414e+01
-4.414e+01
-4.414e+01
-4.414e+01
-4.414e+01
-4.414e+01
-4.414e+01
-4.414e+01
-4.414e+01
-4.414e+01
-4.414e+01
-3.035e+01
-6.217e+01
-3.628e+01
-3.666e+01
-3.663e+01
-3.663e+01
-3.663e+01
-3.663e+01
-3.663e+01
-3.663e+01
-3.663e+01
-3.663e+01
-3.663e+01
-3.663e+01
-3.663e+01
-3.663e+01
-3.663e+01
-3.663e+01
-3.663e+01
-3.663e+01
-3.662e+01
-2.467e+01
-6.250e+01
-3.659e+01
-3.703e+01
-3.703e+01
-3.703e+01
-3.703e+01
-3.703e+01
-3.703e+01
-3.703e+01
-3.703e+01
-3.703e+01
-3.703e+01
-3.703e+01
-3.703e+01
-3.703e+01
-3.703e+01
-3.703e+01
-3.703e+01
-3.703e+01
-3.693e+01
-2.496e+01
-6.249e+01
-3.654e+01
-3.702e+01
-3.702e+01
-3.702e+01
-3.702e+01
-3.702e+01
-3.702e+01
-3.702e+01
-3.702e+01
-3.702e+01
-3.702e+01
-3.702e+01
-3.702e+01
-3.702e+01
-3.702e+01
-3.702e+01
-3.702e+01
-3.702e+01
-3.692e+01
-2.495e+01
-6.249e+01
-3.654e+01
-3.702e+01
-3.702e+01
-3.702e+01
-3.702e+01
-3.702e+01
-3.702e+01
-3.702e+01
-3.702e+01
-3.702e+01
-3.702e+01
-3.702e+01
-3.702e+01
-3.702e+01
-3.702e+01
-3.702e+01
-3.702e+01
-3.702e+01
-3.692e+01
-2.495e+01
-6.249e+01
-3.654e+01
-3.702e+01
-3.702e+01
-3.702e+01
-3.702e+01
-3.702e+01
-3.702e+01
-3.702e+01
-3.702e+01
-3.702e+01
-3.702e+01
-3.702e+01
-3.702e+01
-3.702e+01
-3.702e+01
-3.702e+01
-3.702e+01
-3.702e+01
-3.692e+01
-2.495e+01
-6.249e+01
-3.654e+01
-3.702e+01
-3.702e+01
-3.702e+01
-3.702e+01
-3.702e+01
-3.702e+01
-3.702e+01
-3.702e+01
-3.702e+01
-3.702e+01
-3.702e+01
-3.702e+01
-3.702e+01
-3.702e+01
-3.702e+01
-3.702e+01
-3.702e+01
-3.692e+01
-2.495e+01
-6.249e+01
-3.654e+01
-3.702e+01
-3.702e+01
-3.702e+01
-3.702e+01
-3.702e+01
-3.702e+01
-3.702e+01
-3.702e+01
-3.702e+01
-3.702e+01
-3.702e+01
-3.702e+01
-3.702e+01
-3.702e+01
-3.702e+01
-3.702e+01
-3.702e+01
-3.692e+01
-2.495e+01
-6.249e+01
-3.654e+01
-3.702e+01
-3.702e+01
-3.702e+01
-3.702e+01
-3.702e+01
-3.702e+01
-3.702e+01
-3.702e+01
-3.702e+01
-3.702e+01
-3.702e+01
-3.702e+01
-3.702e+01
-3.702e+01
-3.702e+01
-3.702e+01
-3.702e+01
-3.692e+01
-2.495e+01
-6.239e+01
-3.651e+01
-3.697e+01
-3.692e+01
-3.692e+01
-3.692e+01
-3.692e+01
-3.692e+01
-3.692e+01
-3.692e+01
-3.692e+01
-3.692e+01
-3.692e+01
-3.692e+01
-3.692e+01
-3.692e+01
-3.692e+01
-3.692e+01
-3.692e+01
-3.690e+01
-2.494e+01
-3.622e+01
-2.454e+01
-2.500e+01
-2.495e+01
-2.495e+01
-2.495e+01
-2.495e+01
-2.495e+01
-2.495e+01
-2.495e+01
-2.495e+01
-2.495e+01
-2.495e+01
-2.495e+01
-2.495e+01
-2.495e+01
-2.495e+01
-2.495e+01
-2.495e+01
-2.494e+01
-2.143e+01
-1.408e+01
-1.399e+01
-1.399e+01
-1.399e+01
-1.399e+01
-1.399e+01
-1.399e+01
-1.399e+01
-1.399e+01
-1.399e+01
-1.399e+01
-1.399e+01
-1.399e+01
-1.399e+01
-1.399e+01
-1.399e+01
-1.399e+01
-1.399e+01
-1.399e+01
-1.400e+01
-1.382e+01
-1.399e+01
-1.382e+01
-1.381e+01
-1.381e+01
-1.381e+01
-1.381e+01
-1.381e+01
-1.381e+01
-1.381e+01
-1.381e+01
-1.381e+01
-1.381e+01
-1.381e+01
-1.381e+01
-1.381e+01
-1.381e+01
-1.381e+01
-1.381e+01
-1.381e+01
-1.382e+01
-1.365e+01
-1.399e+01
-1.381e+01
-1.379e+01
-1.379e+01
-1.379e+01
-1.379e+01
-1.379e+01
-1.379e+01
-1.379e+01
-1.379e+01
-1.379e+01
-1.379e+01
-1.379e+01
-1.379e+01
-1.379e+01
-1.379e+01
-1.379e+01
-1.379e+01
-1.379e+01
-1.379e+01
-1.361e+01
-1.399e+01
-1.381e+01
-1.379e+01
-1.379e+01
-1.379e+01
-1.379e+01
-1.379e+01
-1.379e+01
-1.379e+01
-1.379e+01
-1.379e+01
-1.379e+01
-1.379e+01
-1.379e+01
-1.379e+01
-1.379e+01
-1.379e+01
-1.379e+01
-1.379e+01
-1.379e+01
-1.361e+01
-1.399e+01
-1.381e+01
-1.379e+01
-1.379e+01
-1.379e+01
-1.379e+01
-1.379e+01
-1.379e+01
-1.379e+01
-1.379e+01
-1.379e+01
-1.379e+01
-1.379e+01
-1.379e+01
-1.379e+01
-1.379e+01
-1.379e+01
-1.379e+01
-1.379e+01
-1.379e+01
-1.361e+01
-1.399e+01
-1.381e+01
-1.379e+01
-1.379e+01
-1.379e+01
-1.379e+01
-1.379e+01
-1.379e+01
-1.379e+01
-1.379e+01
-1.379e+01
-1.379e+01
-1.379e+01
-1.379e+01
-1.379e+01
-1.379e+01
-1.379e+01
-1.379e+01
-1.379e+01
-1.379e+01
-1.361e+01
-1.399e+01
-1.381e+01
-1.379e+01
-1.379e+01
-1.379e+01
-1.379e+01
-1.379e+01
-1.379e+01
-1.379e+01
-1.379e+01
-1.379e+01
-1.379e+01
-1.379e+01
-1.379e+01
-1.379e+01
-1.379e+01
-1.379e+01
-1.379e+01
-1.379e+01
-1.379e+01
-1.361e+01
-1.399e+01
-1.381e+01
-1.379e+01
-1.379e+01
-1.379e+01
-1.379e+01
-1.379e+01
-1.379e+01
-1.379e+01
-1.379e+01
-1.379e+01
-1.379e+01
-1.379e+01
-1.379e+01
-1.379e+01
-1.379e+01
-1.379e+01
-1.379e+01
-1.379e+01
-1.379e+01
-1.361e+01
-1.399e+01
-1.381e+01
-1.379e+01
-1.379e+01
-1.379e+01
-1.379e+01
-1.379e+01
-1.379e+01
-1.379e+01
-1.379e+01
-1.379e+01
-1.379e+01
-1.379e+01
-1.379e+01
-1.379e+01
-1.379e+01
-1.379e+01
-1.379e+01
-1.379e+01
-1.379e+01
-1.361e+01
-1.388e+01
-1.354e+01
-1.354e+01
-1.354e+01
-1.354e+01
-1.354e+01
-1.354e+01
-1.354e+01
-1.354e+01
-1.354e+01
-1.354e+01
-1.354e+01
-1.354e+01
-1.354e+01
-1.354e+01
-1.354e+01
-1.354e+01
-1.354e+01
-1.354e+01
-1.354e+01
-1.341e+01
-2.480e+00
-2.452e+00
-2.455e+00
-2.455e+00
-2.455e+00
-2.455e+00
-2.455e+00
-2.455e+00
-2.455e+00
-2.455e+00
-2.455e+00
-2.455e+00
-2.455e+00
-2.455e+00
-2.455e+00
-2.455e+00
-2.455e+00
-2.455e+00
-2.455e+00
-2.456e+00
-2.437e+00
-2.536e+00
-2.524e+00
-2.528e+00
-2.528e+00
-2.528e+00
-2.528e+00
-2.528e+00
-2.528e+00
-2.528e+00
-2.528e+00
-2.528e+00
-2.528e+00
-2.528e+00
-2.528e+00
-2.528e+00
-2.528e+00
-2.528e+00
-2.528e+00
-2.528e+00
-2.528e+00
-2.519e+00
-2.533e+00
-2.520e+00
-2.523e+00
-2.523e+00
-2.523e+00
-2.523e+00
-2.523e+00
-2.523e+00
-2.523e+00
-2.523e+00
-2.523e+00
-2.523e+00
-2.523e+00
-2.523e+00
-2.523e+00
-2.523e+00
-2.523e+00
-2.523e+00
-2.523e+00
-2.523e+00
-2.514e+00
-2.533e+00
-2.520e+00
-2.523e+00
-2.523e+00
-2.523e+00
-2.523e+00
-2.523e+00
-2.523e+00
-2.523e+00
-2.523e+00
-2.523e+00
-2.523e+00
-2.523e+00
-2.523e+00
-2.523e+00
-2.523e+00
-2.523e+00
-2.523e+00
-2.523e+00
-2.523e+00
-2.514e+00
-2.533e+00
-2.520e+00
-2.523e+00
-2.523e+00
-2.523e+00
-2.523e+00
-2.523e+00
-2.523e+00
-2.523e+00
-2.523e+00
-2.523e+00
-2.523e+00
-2.523e+00
-2.523e+00
-2.523e+00
-2.523e+00
-2.523e+00
-2.523e+00
-2.523e+00
-2.523e+00
-2.514e+00
-2.533e+00
-2.520e+00
-2.523e+00
-2.523e+00
-2.523e+00
-2.523e+00
-2.523e+00
-2.523e+00
-2.523e+00
-2.523e+00
-2.523e+00
-2.523e+00
-2.523e+00
-2.523e+00
-2.523e+00
-2.523e+00
-2.523e+00
-2.523e+00
-2.523e+00
-2.523e+00
-2.514e+00
-2.533e+00
-2.520e+00
-2.523e+00
-2.523e+00
-2.523e+00
-2.523e+00
-2.523e+00
-2.523e+00
-2.523e+00
-2.523e+00
-2.523e+00
-2.523e+00
-2.523e+00
-2.523e+00
-2.523e+00
-2.523e+00
-2.523e+00
-2.523e+00
-2.523e+00
-2.523e+00
-2.514e+00
-2.533e+00
-2.520e+00
-2.523e+00
-2.523e+00
-2.523e+00
-2.523e+00
-2.523e+00
-2.523e+00
-2.523e+00
-2.523e+00
-2.523e+00
-2.523e+00
-2.523e+00
-2.523e+00
-2.523e+00
-2.523e+00
-2.523e+00
-2.523e+00
-2.523e+00
-2.523e+00
-2.514e+00
-2.533e+00
-2.520e+00
-2.523e+00
-2.523e+00
-2.523e+00
-2.523e+00
-2.523e+00
-2.523e+00
-2.523e+00
-2.523e+00
-2.523e+00
-2.523e+00
-2.523e+00
-2.523e+00
-2.523e+00
-2.523e+00
-2.523e+00
-2.523e+00
-2.523e+00
-2.523e+00
-2.514e+00
-2.533e+00
-2.520e+00
-2.523e+00
-2.523e+00
-2.523e+00
-2.523e+00
-2.523e+00
-2.523e+00
-2.523e+00
-2.523e+00
-2.523e+00
-2.523e+00
-2.523e+00
-2.523e+00
-2.523e+00
-2.523e+00
-2.523e+00
-2.523e+00
-2.523e+00
-2.523e+00
-2.514e+00
-2.519e+00
-2.512e+00
-2.515e+00
-2.514e+00
-2.514e+00
-2.514e+00
-2.514e+00
-2.514e+00
-2.514e+00
-2.514e+00
-2.514e+00
-2.514e+00
-2.514e+00
-2.514e+00
-2.514e+00
-2.514e+00
-2.514e+00
-2.514e+00
-2.514e+00
-2.514e+00
-2.508e+00
-1.809e+01
-1.336e+01
-1.336e+01
-1.336e+01
-1.336e+01
-1.336e+01
-1.336e+01
-1.336e+01
-1.336e+01
-1.336e+01
-1.336e+01
-1.336e+01
-1.336e+01
-1.336e+01
-1.336e+01
-1.336e+01
-1.336e+01
-1.336e+01
-1.336e+01
-1.333e+01
-8.817e+00
-1.336e+01
-8.819e+00
-8.819e+00
-8.819e+00
-8.819e+00
-8.819e+00
-8.819e+00
-8.819e+00
-8.819e+00
-8.819e+00
-8.819e+00
-8.819e+00
-8.819e+00
-8.819e+00
-8.819e+00
-8.819e+00
-8.819e+00
-8.819e+00
-8.819e+00
-8.818e+00
-6.717e+00
-1.336e+01
-8.819e+00
-8.819e+00
-8.819e+00
-8.819e+00
-8.819e+00
-8.819e+00
-8.819e+00
-8.819e+00
-8.819e+00
-8.819e+00
-8.819e+00
-8.819e+00
-8.819e+00
-8.819e+00
-8.819e+00
-8.819e+00
-8.819e+00
-8.819e+00
-8.818e+00
-6.717e+00
-1.336e+01
-8.819e+00
-8.819e+00
-8.819e+00
-8.819e+00
-8.819e+00
-8.819e+00
-8.819e+00
-8.819e+00
-8.819e+00
-8.819e+00
-8.819e+00
-8.819e+00
-8.819e+00
-8.819e+00
-8.819e+00
-8.819e+00
-8.819e+00
-8.819e+00
-8.818e+00
-6.717e+00
-1.336e+01
-8.819e+00
-8.819e+00
-8.819e+00
-8.819e+00
-8.819e+00
-8.819e+00
-8.819e+00
-8.819e+00
-8.819e+00
-8.819e+00
-8.819e+00
-8.819e+00
-8.819e+00
-8.819e+00
-8.819e+00
-8.819e+00
-8.819e+00
-8.819e+00
-8.818e+00
-6.717e+00
-1.336e+01
-8.819e+00
-8.819e+00
-8.819e+00
-8.819e+00
-8.819e+00
-8.819e+00
-8.819e+00
-8.819e+00
-8.819e+00
-8.819e+00
-8.819e+00
-8.819e+00
-8.819e+00
-8.819e+00
-8.819e+00
-8.819e+00
-8.819e+00
-8.819e+00
-8.818e+00
-6.717e+00
-1.336e+01
-8.819e+00
-8.819e+00
-8.819e+00
-8.819e+00
-8.819e+00
-8.819e+00
-8.819e+00
-8.819e+00
-8.819e+00
-8.819e+00
-8.819e+00
-8.819e+00
-8.819e+00
-8.819e+00
-8.819e+00
-8.819e+00
-8.819e+00
-8.819e+00
-8.818e+00
-6.717e+00
-1.336e+01
-8.819e+00
-8.819e+00
-8.819e+00
-8.819e+00
-8.819e+00
-8.819e+00
-8.819e+00
-8.819e+00
-8.819e+00
-8.819e+00
-8.819e+00
-8.819e+00
-8.819e+00
-8.819e+00
-8.819e+00
-8.819e+00
-8.819e+00
-8.819e+00
-8.818e+00
-6.717e+00
-1.336e+01
-8.819e+00
-8.819e+00
-8.819e+00
-8.819e+00
-8.819e+00
-8.819e+00
-8.819e+00
-8.819e+00
-8.819e+00
-8.819e+00
-8.819e+00
-8.819e+00
-8.819e+00
-8.819e+00
-8.819e+00
-8.819e+00
-8.819e+00
-8.819e+00
-8.818e+00
-6.717e+00
-1.300e+01
-8.816e+00
-8.810e+00
-8.810e+00
-8.810e+00
-8.810e+00
-8.810e+00
-8.810e+00
-8.810e+00
-8.810e+00
-8.810e+00
-8.810e+00
-8.810e+00
-8.810e+00
-8.810e+00
-8.810e+00
-8.810e+00
-8.810e+00
-8.810e+00
-8.807e+00
-6.732e+00
-1.874e+00
-1.848e+00
-1.848e+00
-1.848e+00
-1.848e+00
-1.848e+00
-1.848e+00
-1.848e+00
-1.848e+00
-1.848e+00
-1.848e+00
-1.848e+00
-1.848e+00
-1.848e+00
-1.848e+00
-1.848e+00
-1.848e+00
-1.848e+00
-1.848e+00
-1.848e+00
-1.835e+00
-1.873e+00
-1.849e+00
-1.849e+00
-1.849e+00
-1.849e+00
-1.849e+00
-1.849e+00
-1.849e+00
-1.849e+00
-1.849e+00
-1.849e+00
-1.849e+00
-1.849e+00
-1.849e+00
-1.849e+00
-1.849e+00
-1.849e+00
-1.849e+00
-1.849e+00
-1.849e+00
-1.836e+00
-1.873e+00
-1.849e+00
-1.849e+00
-1.849e+00
-1.849e+00
-1.849e+00
-1.849e+00
-1.849e+00
-1.849e+00
-1.849e+00
-1.849e+00
-1.849e+00
-1.849e+00
-1.849e+00
-1.849e+00
-1.849e+00
-1.849e+00
-1.849e+00
-1.849e+00
-1.849e+00
-1.836e+00
-1.873e+00
-1.849e+00
-1.849e+00
-1.849e+00
-1.849e+00
-1.849e+00
-1.849e+00
-1.849e+00
-1.849e+00
-1.849e+00
-1.849e+00
-1.849e+00
-1.849e+00
-1.849e+00
-1.849e+00
-1.849e+00
-1.849e+00
-1.849e+00
-1.849e+00
-1.849e+00
-1.836e+00
-1.873e+00
-1.849e+00
-1.849e+00
-1.849e+00
-1.849e+00
-1.849e+00
-1.849e+00
-1.849e+00
-1.849e+00
-1.849e+00
-1.849e+00
-1.849e+00
-1.849e+00
-1.849e+00
-1.849e+00
-1.849e+00
-1.849e+00
-1.849e+00
-1.849e+00
-1.849e+00
-1.836e+00
-1.873e+00
-1.849e+00
-1.849e+00
-1.849e+00
-1.849e+00
-1.849e+00
-1.849e+00
-1.849e+00
-1.849e+00
-1.849e+00
-1.849e+00
-1.849e+00
-1.849e+00
-1.849e+00
-1.849e+00
-1.849e+00
-1.849e+00
-1.849e+00
-1.849e+00
-1.849e+00
-1.836e+00
-1.873e+00
-1.849e+00
-1.849e+00
-1.849e+00
-1.849e+00
-1.849e+00
-1.849e+00
-1.849e+00
-1.849e+00
-1.849e+00
-1.849e+00
-1.849e+00
-1.849e+00
-1.849e+00
-1.849e+00
-1.849e+00
-1.849e+00
-1.849e+00
-1.849e+00
-1.849e+00
-1.836e+00
-1.873e+00
-1.849e+00
-1.849e+00
-1.849e+00
-1.849e+00
-1.849e+00
-1.849e+00
-1.849e+00
-1.849e+00
-1.849e+00
-1.849e+00
-1.849e+00
-1.849e+00
-1.849e+00
-1.849e+00
-1.849e+00
-1.849e+00
-1.849e+00
-1.849e+00
-1.849e+00
-1.836e+00
-1.873e+00
-1.849e+00
-1.849e+00
-1.849e+00
-1.849e+00
-1.849e+00
-1.849e+00
-1.849e+00
-1.849e+00
-1.849e+00
-1.849e+00
-1.849e+00
-1.849e+00
-1.849e+00
-1.849e+00
-1.849e+00
-1.849e+00
-1.849e+00
-1.849e+00
-1.849e+00
-1.836e+00
-1.873e+00
-1.849e+00
-1.849e+00
-1.849e+00
-1.849e+00
-1.849e+00
-1.849e+00
-1.849e+00
-1.849e+00
-1.849e+00
-1.849e+00
-1.849e+00
-1.849e+00
-1.849e+00
-1.849e+00
-1.849e+00
-1.849e+00
-1.849e+00
-1.849e+00
-1.849e+00
-1.836e+00
-1.849e+00
-1.836e+00
-1.836e+00
-1.836e+00
-1.836e+00
-1.836e+00
-1.836e+00
-1.836e+00
-1.836e+00
-1.836e+00
-1.836e+00
-1.836e+00
-1.836e+00
-1.836e+00
-1.836e+00
-1.836e+00
-1.836e+00
-1.836e+00
-1.836e+00
-1.836e+00
-1.831e+00
-4.106e+00
-4.100e+00
-4.100e+00
-4.100e+00
-4.100e+00
-4.100e+00
-4.100e+00
-4.100e+00
-4.100e+00
-4.100e+00
-4.100e+00
-4.100e+00
-4.100e+00
-4.100e+00
-4.100e+00
-4.100e+00
-4.100e+00
-4.100e+00
-4.100e+00
-4.100e+00
-4.084e+00
-4.100e+00
-4.084e+00
-4.084e+00
-4.084e+00
-4.084e+00
-4.084e+00
-4.084e+00
-4.084e+00
-4.084e+00
-4.084e+00
-4.084e+00
-4.084e+00
-4.084e+00
-4.084e+00
-4.084e+00
-4.084e+00
-4.084e+00
-4.084e+00
-4.084e+00
-4.084e+00
-4.075e+00
-4.100e+00
-4.084e+00
-4.084e+00
-4.084e+00
-4.084e+00
-4.084e+00
-4.084e+00
-4.084e+00
-4.084e+00
-4.084e+00
-4.084e+00
-4.084e+00
-4.084e+00
-4.084e+00
-4.084e+00
-4.084e+00
-4.084e+00
-4.084e+00
-4.084e+00
-4.084e+00
-4.075e+00
-4.100e+00
-4.084e+00
-4.084e+00
-4.084e+00
-4.084e+00
-4.084e+00
-4.084e+00
-4.084e+00
-4.084e+00
-4.084e+00
-4.084e+00
-4.084e+00
-4.084e+00
-4.084e+00
-4.084e+00
-4.084e+00
-4.084e+00
-4.084e+00
-4.084e+00
-4.084e+00
-4.075e+00
-4.100e+00
-4.084e+00
-4.084e+00
-4.084e+00
-4.084e+00
-4.084e+00
-4.084e+00
-4.084e+00
-4.084e+00
-4.084e+00
-4.084e+00
-4.084e+00
-4.084e+00
-4.084e+00
-4.084e+00
-4.084e+00
-4.084e+00
-4.084e+00
-4.084e+00
-4.084e+00
-4.075e+00
-4.100e+00
-4.084e+00
-4.084e+00
-4.084e+00
-4.084e+00
-4.084e+00
-4.084e+00
-4.084e+00
-4.084e+00
-4.084e+00
-4.084e+00
-4.084e+00
-4.084e+00
-4.084e+00
-4.084e+00
-4.084e+00
-4.084e+00
-4.084e+00
-4.084e+00
-4.084e+00
-4.075e+00
-4.100e+00
-4.084e+00
-4.084e+00
-4.084e+00
-4.084e+00
-4.084e+00
-4.084e+00
-4.084e+00
-4.084e+00
-4.084e+00
-4.084e+00
-4.084e+00
-4.084e+00
-4.084e+00
-4.084e+00
-4.084e+00
-4.084e+00
-4.084e+00
-4.084e+00
-4.084e+00
-4.075e+00
-4.100e+00
-4.084e+00
-4.084e+00
-4.084e+00
-4.084e+00
-4.084e+00
-4.084e+00
-4.084e+00
-4.084e+00
-4.084e+00
-4.084e+00
-4.084e+00
-4.084e+00
-4.084e+00
-4.084e+00
-4.084e+00
-4.084e+00
-4.084e+00
-4.084e+00
-4.084e+00
-4.075e+00
-4.100e+00
-4.084e+00
-4.084e+00
-4.084e+00
-4.084e+00
-4.084e+00
-4.084e+00
-4.084e+00
-4.084e+00
-4.084e+00
-4.084e+00
-4.084e+00
-4.084e+00
-4.084e+00
-4.084e+00
-4.084e+00
-4.084e+00
-4.084e+00
-4.084e+00
-4.084e+00
-4.075e+00
-4.121e+00
-4.085e+00
-4.085e+00
-4.085e+00
-4.085e+00
-4.085e+00
-4.085e+00
-4.085e+00
-4.085e+00
-4.085e+00
-4.085e+00
-4.085e+00
-4.085e+00
-4.085e+00
-4.085e+00
-4.085e+00
-4.085e+00
-4.085e+00
-4.085e+00
-4.085e+00
-4.071e+00
-1.635e+00
-1.635e+00
-1.635e+00
-1.635e+00
-1.635e+00
-1.635e+00
-1.635e+00
-1.635e+00
-1.635e+00
-1.635e+00
-1.635e+00
-1.635e+00
-1.635e+00
-1.635e+00
-1.635e+00
-1.635e+00
-1.635e+00
-1.635e+00
-1.635e+00
-1.635e+00
-1.635e+00
-1.635e+00
-1.635e+00
-1.635e+00
-1.635e+00
-1.635e+00
-1.635e+00
-1.635e+00
-1.635e+00
-1.635e+00
-1.635e+00
-1.635e+00
-1.635e+00
-1.635e+00
-1.635e+00
-1.635e+00
-1.635e+00
-1.635e+00
-1.635e+00
-1.635e+00
-1.635e+00
-1.634e+00
-1.635e+00
-1.635e+00
-1.635e+00
-1.635e+00
-1.635e+00
-1.635e+00
-1.635e+00
-1.635e+00
-1.635e+00
-1.635e+00
-1.635e+00
-1.635e+00
-1.635e+00
-1.635e+00
-1.635e+00
-1.635e+00
-1.635e+00
-1.635e+00
-1.635e+00
-1.635e+00
-1.634e+00
-1.635e+00
-1.635e+00
-1.635e+00
-1.635e+00
-1.635e+00
-1.635e+00
-1.635e+00
-1.635e+00
-1.635e+00
-1.635e+00
-1.635e+00
-1.635e+00
-1.635e+00
-1.635e+00
-1.635e+00
-1.635e+00
-1.635e+00
-1.635e+00
-1.635e+00
-1.635e+00
-1.634e+00
-1.635e+00
-1.635e+00
-1.635e+00
-1.635e+00
-1.635e+00
-1.635e+00
-1.635e+00
-1.635e+00
-1.635e+00
-1.635e+00
-1.635e+00
-1.635e+00
-1.635e+00
-1.635e+00
-1.635e+00
-1.635e+00
-1.635e+00
-1.635e+00
-1.635e+00
-1.635e+00
-1.634e+00
-1.635e+00
-1.635e+00
-1.635e+00
-1.635e+00
-1.635e+00
-1.635e+00
-1.635e+00
-1.635e+00
-1.635e+00
-1.635e+00
-1.635e+00
-1.635e+00
-1.635e+00
-1.635e+00
-1.635e+00
-1.635e+00
-1.635e+00
-1.635e+00
-1.635e+00
-1.635e+00
-1.634e+00
-1.635e+00
-1.635e+00
-1.635e+00
-1.635e+00
-1.635e+00
-1.635e+00
-1.635e+00
-1.635e+00
-1.635e+00
-1.635e+00
-1.635e+00
-1.635e+00
-1.635e+00
-1.635e+00
-1.635e+00
-1.635e+00
-1.635e+00
-1.635e+00
-1.635e+00
-1.635e+00
-1.634e+00
-1.635e+00
-1.635e+00
-1.635e+00
-1.635e+00
-1.635e+00
-1.635e+00
-1.635e+00
-1.635e+00
-1.635e+00
-1.635e+00
-1.635e+00
-1.635e+00
-1.635e+00
-1.635e+00
-1.635e+00
-1.635e+00
-1.635e+00
-1.635e+00
-1.635e+00
-1.635e+00
-1.634e+00
-1.635e+00
-1.635e+00
-1.635e+00
-1.635e+00
-1.635e+00
-1.635e+00
-1.635e+00
-1.635e+00
-1.635e+00
-1.635e+00
-1.635e+00
-1.635e+00
-1.635e+00
-1.635e+00
-1.635e+00
-1.635e+00
-1.635e+00
-1.635e+00
-1.635e+00
-1.635e+00
-1.634e+00
-1.635e+00
-1.635e+00
-1.635e+00
-1.635e+00
-1.635e+00
-1.635e+00
-1.635e+00
-1.635e+00
-1.635e+00
-1.635e+00
-1.635e+00
-1.635e+00
-1.635e+00
-1.635e+00
-1.635e+00
-1.635e+00
-1.635e+00
-1.635e+00
-1.635e+00
-1.635e+00
-1.634e+00
-1.635e+00
-1.634e+00
-1.634e+00
-1.634e+00
-1.634e+00
-1.634e+00
-1.634e+00
-1.634e+00
-1.634e+00
-1.634e+00
-1.634e+00
-1.634e+00
-1.634e+00
-1.634e+00
-1.634e+00
-1.634e+00
-1.634e+00
-1.634e+00
-1.634e+00
-1.634e+00
-1.633e+00
-2.801e+00
-2.672e+00
-2.671e+00
-2.671e+00
-2.671e+00
-2.671e+00
-2.671e+00
-2.671e+00
-2.671e+00
-2.671e+00
-2.671e+00
-2.671e+00
-2.671e+00
-2.671e+00
-2.671e+00
-2.671e+00
-2.671e+00
-2.671e+00
-2.671e+00
-2.671e+00
-2.476e+00
-2.672e+00
-2.476e+00
-2.476e+00
-2.476e+00
-2.476e+00
-2.476e+00
-2.476e+00
-2.476e+00
-2.476e+00
-2.476e+00
-2.476e+00
-2.476e+00
-2.476e+00
-2.476e+00
-2.476e+00
-2.476e+00
-2.476e+00
-2.476e+00
-2.476e+00
-2.476e+00
-2.336e+00
-2.671e+00
-2.476e+00
-2.476e+00
-2.476e+00
-2.476e+00
-2.476e+00
-2.476e+00
-2.476e+00
-2.476e+00
-2.476e+00
-2.476e+00
-2.476e+00
-2.476e+00
-2.476e+00
-2.476e+00
-2.476e+00
-2.476e+00
-2.476e+00
-2.476e+00
-2.476e+00
-2.336e+00
-2.671e+00
-2.476e+00
-2.476e+00
-2.476e+00
-2.476e+00
-2.476e+00
-2.476e+00
-2.476e+00
-2.476e+00
-2.476e+00
-2.476e+00
-2.476e+00
-2.476e+00
-2.476e+00
-2.476e+00
-2.476e+00
-2.476e+00
-2.476e+00
-2.476e+00
-2.476e+00
-2.336e+00
-2.671e+00
-2.476e+00
-2.476e+00
-2.476e+00
-2.476e+00
-2.476e+00
-2.476e+00
-2.476e+00
-2.476e+00
-2.476e+00
-2.476e+00
-2.476e+00
-2.476e+00
-2.476e+00
-2.476e+00
-2.476e+00
-2.476e+00
-2.476e+00
-2.476e+00
-2.476e+00
-2.336e+00
-2.671e+00
-2.476e+00
-2.476e+00
-2.476e+00
-2.476e+00
-2.476e+00
-2.476e+00
-2.476e+00
-2.476e+00
-2.476e+00
-2.476e+00
-2.476e+00
-2.476e+00
-2.476e+00
-2.476e+00
-2.476e+00
-2.476e+00
-2.476e+00
-2.476e+00
-2.476e+00
-2.336e+00
-2.671e+00
-2.476e+00
-2.476e+00
-2.476e+00
-2.476e+00
-2.476e+00
-2.476e+00
-2.476e+00
-2.476e+00
-2.476e+00
-2.476e+00
-2.476e+00
-2.476e+00
-2.476e+00
-2.476e+00
-2.476e+00
-2.476e+00
-2.476e+00
-2.476e+00
-2.476e+00
-2.336e+00
-2.671e+00
-2.476e+00
-2.476e+00
-2.476e+00
-2.476e+00
-2.476e+00
-2.476e+00
-2.476e+00
-2.476e+00
-2.476e+00
-2.476e+00
-2.476e+00
-2.476e+00
-2.476e+00
-2.476e+00
-2.476e+00
-2.476e+00
-2.476e+00
-2.476e+00
-2.476e+00
-2.336e+00
-2.671e+00
-2.476e+00
-2.476e+00
-2.476e+00
-2.476e+00
-2.476e+00
-2.476e+00
-2.476e+00
-2.476e+00
-2.476e+00
-2.476e+00
-2.476e+00
-2.476e+00
-2.476e+00
-2.476e+00
-2.476e+00
-2.476e+00
-2.476e+00
-2.476e+00
-2.476e+00
-2.336e+00
-2.671e+00
-2.476e+00
-2.476e+00
-2.476e+00
-2.476e+00
-2.476e+00
-2.476e+00
-2.476e+00
-2.476e+00
-2.476e+00
-2.476e+00
-2.476e+00
-2.476e+00
-2.476e+00
-2.476e+00
-2.476e+00
-2.476e+00
-2.476e+00
-2.476e+00
-2.476e+00
-2.336e+00
-1.466e+00
-1.466e+00
-1.466e+00
-1.466e+00
-1.466e+00
-1.466e+00
-1.466e+00
-1.466e+00
-1.466e+00
-1.466e+00
-1.466e+00
-1.466e+00
-1.466e+00
-1.466e+00
-1.466e+00
-1.466e+00
-1.466e+00
-1.466e+00
-1.466e+00
-1.466e+00
-1.467e+00
-1.466e+00
-1.466e+00
-1.466e+00
-1.466e+00
-1.466e+00
-1.466e+00
-1.466e+00
-1.466e+00
-1.466e+00
-1.466e+00
-1.466e+00
-1.466e+00
-1.466e+00
-1.466e+00
-1.466e+00
-1.466e+00
-1.466e+00
-1.466e+00
-1.466e+00
-1.466e+00
-1.467e+00
-1.466e+00
-1.466e+00
-1.466e+00
-1.466e+00
-1.466e+00
-1.466e+00
-1.466e+00
-1.466e+00
-1.466e+00
-1.466e+00
-1.466e+00
-1.466e+00
-1.466e+00
-1.466e+00
-1.466e+00
-1.466e+00
-1.466e+00
-1.466e+00
-1.466e+00
-1.466e+00
-1.467e+00
-1.466e+00
-1.466e+00
-1.466e+00
-1.466e+00
-1.466e+00
-1.466e+00
-1.466e+00
-1.466e+00
-1.466e+00
-1.466e+00
-1.466e+00
-1.466e+00
-1.466e+00
-1.466e+00
-1.466e+00
-1.466e+00
-1.466e+00
-1.466e+00
-1.466e+00
-1.466e+00
-1.467e+00
-1.466e+00
-1.466e+00
-1.466e+00
-1.466e+00
-1.466e+00
-1.466e+00
-1.466e+00
-1.466e+00
-1.466e+00
-1.466e+00
-1.466e+00
-1.466e+00
-1.466e+00
-1.466e+00
-1.466e+00
-1.466e+00
-1.466e+00
-1.466e+00
-1.466e+00
-1.466e+00
-1.467e+00
-1.466e+00
-1.466e+00
-1.466e+00
-1.466e+00
-1.466e+00
-1.466e+00
-1.466e+00
-1.466e+00
-1.466e+00
-1.466e+00
-1.466e+00
-1.466e+00
-1.466e+00
-1.466e+00
-1.466e+00
-1.466e+00
-1.466e+00
-1.466e+00
-1.466e+00
-1.466e+00
-1.467e+00
-1.466e+00
-1.466e+00
-1.466e+00
-1.466e+00
-1.466e+00
-1.466e+00
-1.466e+00
-1.466e+00
-1.466e+00
-1.466e+00
-1.466e+00
-1.466e+00
-1.466e+00
-1.466e+00
-1.466e+00
-1.466e+00
-1.466e+00
-1.466e+00
-1.466e+00
-1.466e+00
-1.467e+00
-1.466e+00
-1.466e+00
-1.466e+00
-1.466e+00
-1.466e+00
-1.466e+00
-1.466e+00
-1.466e+00
-1.466e+00
-1.466e+00
-1.466e+00
-1.466e+00
-1.466e+00
-1.466e+00
-1.466e+00
-1.466e+00
-1.466e+00
-1.466e+00
-1.466e+00
-1.466e+00
-1.467e+00
-1.466e+00
-1.466e+00
-1.466e+00
-1.466e+00
-1.466e+00
-1.466e+00
-1.466e+00
-1.466e+00
-1.466e+00
-1.466e+00
-1.466e+00
-1.466e+00
-1.466e+00
-1.466e+00
-1.466e+00
-1.466e+00
-1.466e+00
-1.466e+00
-1.466e+00
-1.466e+00
-1.467e+00
-1.466e+00
-1.466e+00
-1.466e+00
-1.466e+00
-1.466e+00
-1.466e+00
-1.466e+00
-1.466e+00
-1.466e+00
-1.466e+00
-1.466e+00
-1.466e+00
-1.466e+00
-1.466e+00
-1.466e+00
-1.466e+00
-1.466e+00
-1.466e+00
-1.466e+00
-1.466e+00
-1.467e+00
-1.466e+00
-1.467e+00
-1.467e+00
-1.467e+00
-1.467e+00
-1.467e+00
-1.467e+00
-1.467e+00
-1.467e+00
-1.467e+00
-1.467e+00
-1.467e+00
-1.467e+00
-1.467e+00
-1.467e+00
-1.467e+00
-1.467e+00
-1.467e+00
-1.467e+00
-1.467e+00
-1.466e+00
-1.297e+00
-1.297e+00
-1.297e+00
-1.297e+00
-1.297e+00
-1.297e+00
-1.297e+00
-1.297e+00
-1.297e+00
-1.297e+00
-1.297e+00
-1.297e+00
-1.297e+00
-1.297e+00
-1.297e+00
-1.297e+00
-1.297e+00
-1.297e+00
-1.297e+00
-1.297e+00
-1.297e+00
-1.297e+00
-1.297e+00
-1.297e+00
-1.297e+00
-1.297e+00
-1.297e+00
-1.297e+00
-1.297e+00
-1.297e+00
-1.297e+00
-1.297e+00
-1.297e+00
-1.297e+00
-1.297e+00
-1.297e+00
-1.297e+00
-1.297e+00
-1.297e+00
-1.297e+00
-1.297e+00
-1.297e+00
-1.297e+00
-1.297e+00
-1.297e+00
-1.297e+00
-1.297e+00
-1.297e+00
-1.297e+00
-1.297e+00
-1.297e+00
-1.297e+00
-1.297e+00
-1.297e+00
-1.297e+00
-1.297e+00
-1.297e+00
-1.297e+00
-1.297e+00
-1.297e+00
-1.297e+00
-1.297e+00
-1.297e+00
-1.297e+00
-1.297e+00
-1.297e+00
-1.297e+00
-1.297e+00
-1.297e+00
-1.297e+00
-1.297e+00
-1.297e+00
-1.297e+00
-1.297e+00
-1.297e+00
-1.297e+00
-1.297e+00
-1.297e+00
-1.297e+00
-1.297e+00
-1.297e+00
-1.297e+00
-1.297e+00
-1.297e+00
-1.297e+00
-1.297e+00
-1.297e+00
-1.297e+00
-1.297e+00
-1.297e+00
-1.297e+00
-1.297e+00
-1.297e+00
-1.297e+00
-1.297e+00
-1.297e+00
-1.297e+00
-1.297e+00
-1.297e+00
-1.297e+00
-1.297e+00
-1.297e+00
-1.297e+00
-1.297e+00
-1.297e+00
-1.297e+00
-1.297e+00
-1.297e+00
-1.297e+00
-1.297e+00
-1.297e+00
-1.297e+00
-1.297e+00
-1.297e+00
-1.297e+00
-1.297e+00
-1.297e+00
-1.297e+00
-1.297e+00
-1.297e+00
-1.297e+00
-1.297e+00
-1.297e+00
-1.297e+00
-1.297e+00
-1.297e+00
-1.297e+00
-1.297e+00
-1.297e+00
-1.297e+00
-1.297e+00
-1.297e+00
-1.297e+00
-1.297e+00
-1.297e+00
-1.297e+00
-1.297e+00
-1.297e+00
-1.297e+00
-1.297e+00
-1.297e+00
-1.297e+00
-1.297e+00
-1.297e+00
-1.297e+00
-1.297e+00
-1.297e+00
-1.297e+00
-1.297e+00
-1.297e+00
-1.297e+00
-1.297e+00
-1.297e+00
-1.297e+00
-1.297e+00
-1.297e+00
-1.297e+00
-1.297e+00
-1.297e+00
-1.297e+00
-1.297e+00
-1.297e+00
-1.297e+00
-1.297e+00
-1.297e+00
-1.297e+00
-1.297e+00
-1.297e+00
-1.297e+00
-1.297e+00
-1.297e+00
-1.297e+00
-1.297e+00
-1.297e+00
-1.297e+00
-1.297e+00
-1.297e+00
-1.297e+00
-1.297e+00
-1.297e+00
-1.297e+00
-1.297e+00
-1.297e+00
-1.297e+00
-1.297e+00
-1.297e+00
-1.297e+00
-1.297e+00
-1.297e+00
-1.297e+00
-1.297e+00
-1.297e+00
-1.297e+00
-1.297e+00
-1.297e+00
-1.297e+00
-1.297e+00
-1.297e+00
-1.297e+00
-1.297e+00
-1.297e+00
-1.297e+00
-1.297e+00
-1.297e+00
-1.297e+00
-1.297e+00
-1.297e+00
-1.297e+00
-1.297e+00
-1.297e+00
-1.160e+00
-1.160e+00
-1.160e+00
-1.160e+00
-1.160e+00
-1.160e+00
-1.160e+00
-1.160e+00
-1.160e+00
-1.160e+00
-1.160e+00
-1.160e+00
-1.160e+00
-1.160e+00
-1.160e+00
-1.160e+00
-1.160e+00
-1.160e+00
-1.160e+00
-1.160e+00
-1.160e+00
-1.160e+00
-1.160e+00
-1.160e+00
-1.160e+00
-1.160e+00
-1.160e+00
-1.160e+00
-1.160e+00
-1.160e+00
-1.160e+00
-1.160e+00
-1.160e+00
-1.160e+00
-1.160e+00
-1.160e+00
-1.160e+00
-1.160e+00
-1.160e+00
-1.160e+00
-1.160e+00
-1.160e+00
-1.160e+00
-1.160e+00
-1.160e+00
-1.160e+00
-1.160e+00
-1.160e+00
-1.160e+00
-1.160e+00
-1.160e+00
-1.160e+00
-1.160e+00
-1.160e+00
-1.160e+00
-1.160e+00
-1.160e+00
-1.160e+00
-1.160e+00
-1.160e+00
-1.160e+00
-1.160e+00
-1.160e+00
-1.160e+00
-1.160e+00
-1.160e+00
-1.160e+00
-1.160e+00
-1.160e+00
-1.160e+00
-1.160e+00
-1.160e+00
-1.160e+00
-1.160e+00
-1.160e+00
-1.160e+00
-1.160e+00
-1.160e+00
-1.160e+00
-1.160e+00
-1.160e+00
-1.160e+00
-1.160e+00
-1.160e+00
-1.160e+00
-1.160e+00
-1.160e+00
-1.160e+00
-1.160e+00
-1.160e+00
-1.160e+00
-1.160e+00
-1.160e+00
-1.160e+00
-1.160e+00
-1.160e+00
-1.160e+00
-1.160e+00
-1.160e+00
-1.160e+00
-1.160e+00
-1.160e+00
-1.160e+00
-1.160e+00
-1.160e+00
-1.160e+00
-1.160e+00
-1.160e+00
-1.160e+00
-1.160e+00
-1.160e+00
-1.160e+00
-1.160e+00
-1.160e+00
-1.160e+00
-1.160e+00
-1.160e+00
-1.160e+00
-1.160e+00
-1.160e+00
-1.160e+00
-1.160e+00
-1.160e+00
-1.160e+00
-1.160e+00
-1.160e+00
-1.160e+00
-1.160e+00
-1.160e+00
-1.160e+00
-1.160e+00
-1.160e+00
-1.160e+00
-1.160e+00
-1.160e+00
-1.160e+00
-1.160e+00
-1.160e+00
-1.160e+00
-1.160e+00
-1.160e+00
-1.160e+00
-1.160e+00
-1.160e+00
-1.160e+00
-1.160e+00
-1.160e+00
-1.160e+00
-1.160e+00
-1.160e+00
-1.160e+00
-1.160e+00
-1.160e+00
-1.160e+00
-1.160e+00
-1.160e+00
-1.160e+00
-1.160e+00
-1.160e+00
-1.160e+00
-1.160e+00
-1.160e+00
-1.160e+00
-1.160e+00
-1.160e+00
-1.160e+00
-1.160e+00
-1.160e+00
-1.160e+00
-1.160e+00
-1.160e+00
-1.160e+00
-1.160e+00
-1.160e+00
-1.160e+00
-1.160e+00
-1.160e+00
-1.160e+00
-1.160e+00
-1.160e+00
-1.160e+00
-1.160e+00
-1.160e+00
-1.160e+00
-1.160e+00
-1.160e+00
-1.160e+00
-1.160e+00
-1.160e+00
-1.160e+00
-1.160e+00
-1.160e+00
-1.160e+00
-1.160e+00
-1.160e+00
-1.160e+00
-1.160e+00
-1.160e+00
-1.160e+00
-1.160e+00
-1.160e+00
-1.160e+00
-1.160e+00
-1.160e+00
-1.160e+00
-1.160e+00
-1.160e+00
-1.160e+00
-1.160e+00
-1.160e+00
-1.160e+00
-1.160e+00
-1.160e+00
-1.160e+00
-1.160e+00
-1.160e+00
-1.160e+00
-1.160e+00
-1.160e+00
-1.160e+00
-1.160e+00
-1.160e+00
-1.160e+00
-1.160e+00
-1.160e+00
-1.160e+00
-1.160e+00
-1.160e+00
-1.160e+00
-1.160e+00
-1.160e+00
-8.630e-01
-8.626e-01
-8.626e-01
-8.626e-01
-8.626e-01
-8.626e-01
-8.626e-01
-8.626e-01
-8.626e-01
-8.626e-01
-8.626e-01
-8.626e-01
-8.626e-01
-8.626e-01
-8.626e-01
-8.626e-01
-8.626e-01
-8.626e-01
-8.626e-01
-8.626e-01
-8.625e-01
-8.626e-01
-8.626e-01
-8.625e-01
-8.625e-01
-8.625e-01
-8.625e-01
-8.625e-01
-8.625e-01
-8.625e-01
-8.625e-01
-8.625e-01
-8.625e-01
-8.625e-01
-8.625e-01
-8.625e-01
-8.625e-01
-8.625e-01
-8.625e-01
-8.625e-01
-8.625e-01
-8.622e-01
-8.626e-01
-8.625e-01
-8.625e-01
-8.625e-01
-8.625e-01
-8.625e-01
-8.625e-01
-8.625e-01
-8.625e-01
-8.625e-01
-8.625e-01
-8.625e-01
-8.625e-01
-8.625e-01
-8.625e-01
-8.625e-01
-8.625e-01
-8.625e-01
-8.625e-01
-8.625e-01
-8.622e-01
-8.626e-01
-8.625e-01
-8.625e-01
-8.625e-01
-8.625e-01
-8.625e-01
-8.625e-01
-8.625e-01
-8.625e-01
-8.625e-01
-8.625e-01
-8.625e-01
-8.625e-01
-8.625e-01
-8.625e-01
-8.625e-01
-8.625e-01
-8.625e-01
-8.625e-01
-8.625e-01
-8.622e-01
-8.626e-01
-8.625e-01
-8.625e-01
-8.625e-01
-8.625e-01
-8.625e-01
-8.625e-01
-8.625e-01
-8.625e-01
-8.625e-01
-8.625e-01
-8.625e-01
-8.625e-01
-8.625e-01
-8.625e-01
-8.625e-01
-8.625e-01
-8.625e-01
-8.625e-01
-8.625e-01
-8.622e-01
-8.626e-01
-8.625e-01
-8.625e-01
-8.625e-01
-8.625e-01
-8.625e-01
-8.625e-01
-8.625e-01
-8.625e-01
-8.625e-01
-8.625e-01
-8.625e-01
-8.625e-01
-8.625e-01
-8.625e-01
-8.625e-01
-8.625e-01
-8.625e-01
-8.625e-01
-8.625e-01
-8.622e-01
-8.626e-01
-8.625e-01
-8.625e-01
-8.625e-01
-8.625e-01
-8.625e-01
-8.625e-01
-8.625e-01
-8.625e-01
-8.625e-01
-8.625e-01
-8.625e-01
-8.625e-01
-8.625e-01
-8.625e-01
-8.625e-01
-8.625e-01
-8.625e-01
-8.625e-01
-8.625e-01
-8.622e-01
-8.626e-01
-8.625e-01
-8.625e-01
-8.625e-01
-8.625e-01
-8.625e-01
-8.625e-01
-8.625e-01
-8.625e-01
-8.625e-01
-8.625e-01
-8.625e-01
-8.625e-01
-8.625e-01
-8.625e-01
-8.625e-01
-8.625e-01
-8.625e-01
-8.625e-01
-8.625e-01
-8.622e-01
-8.626e-01
-8.625e-01
-8.625e-01
-8.625e-01
-8.625e-01
-8.625e-01
-8.625e-01
-8.625e-01
-8.625e-01
-8.625e-01
-8.625e-01
-8.625e-01
-8.625e-01
-8.625e-01
-8.625e-01
-8.625e-01
-8.625e-01
-8.625e-01
-8.625e-01
-8.625e-01
-8.622e-01
-8.626e-01
-8.625e-01
-8.625e-01
-8.625e-01
-8.625e-01
-8.625e-01
-8.625e-01
-8.625e-01
-8.625e-01
-8.625e-01
-8.625e-01
-8.625e-01
-8.625e-01
-8.625e-01
-8.625e-01
-8.625e-01
-8.625e-01
-8.625e-01
-8.625e-01
-8.625e-01
-8.622e-01
-8.600e-01
-8.600e-01
-8.600e-01
-8.600e-01
-8.600e-01
-8.600e-01
-8.600e-01
-8.600e-01
-8.600e-01
-8.600e-01
-8.600e-01
-8.600e-01
-8.600e-01
-8.600e-01
-8.600e-01
-8.600e-01
-8.600e-01
-8.600e-01
-8.600e-01
-8.600e-01
-8.600e-01
-8.600e-01
-8.600e-01
-8.600e-01
-8.600e-01
-8.600e-01
-8.600e-01
-8.600e-01
-8.600e-01
-8.600e-01
-8.600e-01
-8.600e-01
-8.600e-01
-8.600e-01
-8.600e-01
-8.600e-01
-8.600e-01
-8.600e-01
-8.600e-01
-8.600e-01
-8.600e-01
-8.600e-01
-8.600e-01
-8.600e-01
-8.600e-01
-8.600e-01
-8.600e-01
-8.600e-01
-8.600e-01
-8.600e-01
-8.600e-01
-8.600e-01
-8.600e-01
-8.600e-01
-8.600e-01
-8.600e-01
-8.600e-01
-8.600e-01
-8.600e-01
-8.600e-01
-8.600e-01
-8.600e-01
-8.600e-01
-8.600e-01
-8.600e-01
-8.600e-01
-8.600e-01
-8.600e-01
-8.600e-01
-8.600e-01
-8.600e-01
-8.600e-01
-8.600e-01
-8.600e-01
-8.600e-01
-8.600e-01
-8.600e-01
-8.600e-01
-8.600e-01
-8.600e-01
-8.600e-01
-8.600e-01
-8.600e-01
-8.600e-01
-8.600e-01
-8.600e-01
-8.600e-01
-8.600e-01
-8.600e-01
-8.600e-01
-8.600e-01
-8.600e-01
-8.600e-01
-8.600e-01
-8.600e-01
-8.600e-01
-8.600e-01
-8.600e-01
-8.600e-01
-8.600e-01
-8.600e-01
-8.600e-01
-8.600e-01
-8.600e-01
-8.600e-01
-8.600e-01
-8.600e-01
-8.600e-01
-8.600e-01
-8.600e-01
-8.600e-01
-8.600e-01
-8.600e-01
-8.600e-01
-8.600e-01
-8.600e-01
-8.600e-01
-8.600e-01
-8.600e-01
-8.600e-01
-8.600e-01
-8.600e-01
-8.600e-01
-8.600e-01
-8.600e-01
-8.600e-01
-8.600e-01
-8.600e-01
-8.600e-01
-8.600e-01
-8.600e-01
-8.600e-01
-8.600e-01
-8.600e-01
-8.600e-01
-8.600e-01
-8.600e-01
-8.600e-01
-8.600e-01
-8.600e-01
-8.600e-01
-8.600e-01
-8.600e-01
-8.600e-01
-8.600e-01
-8.600e-01
-8.600e-01
-8.600e-01
-8.600e-01
-8.600e-01
-8.600e-01
-8.600e-01
-8.600e-01
-8.600e-01
-8.600e-01
-8.600e-01
-8.600e-01
-8.600e-01
-8.600e-01
-8.600e-01
-8.600e-01
-8.600e-01
-8.600e-01
-8.600e-01
-8.600e-01
-8.600e-01
-8.600e-01
-8.600e-01
-8.600e-01
-8.600e-01
-8.600e-01
-8.600e-01
-8.600e-01
-8.600e-01
-8.600e-01
-8.600e-01
-8.600e-01
-8.600e-01
-8.600e-01
-8.600e-01
-8.600e-01
-8.600e-01
-8.600e-01
-8.600e-01
-8.600e-01
-8.600e-01
-8.600e-01
-8.600e-01
-8.600e-01
-8.600e-01
-8.600e-01
-8.600e-01
-8.600e-01
-8.600e-01
-8.600e-01
-8.600e-01
-8.600e-01
-8.600e-01
-8.600e-01
-8.600e-01
-8.600e-01
-8.600e-01
-8.600e-01
-8.600e-01
-8.600e-01
-8.600e-01
-8.600e-01
-8.600e-01
-8.600e-01
-8.600e-01
-8.600e-01
-8.600e-01
-8.600e-01
-8.600e-01
-8.600e-01
-8.600e-01
-8.600e-01
-8.600e-01
-8.600e-01
-8.600e-01
-8.600e-01
-8.600e-01
-8.600e-01
-8.600e-01
-8.600e-01
-8.600e-01
-8.600e-01
-8.600e-01
-8.600e-01
-8.600e-01
-8.600e-01
-2.600e-01
-2.600e-01
-2.600e-01
-2.600e-01
-2.600e-01
-2.600e-01
-2.600e-01
-2.600e-01
-2.600e-01
-2.600e-01
-2.600e-01
-2.600e-01
-2.600e-01
-2.600e-01
-2.600e-01
-2.600e-01
-2.600e-01
-2.600e-01
-2.600e-01
-2.600e-01
-2.600e-01
-2.600e-01
-2.600e-01
-2.600e-01
-2.600e-01
-2.600e-01
-2.600e-01
-2.600e-01
-2.600e-01
-2.600e-01
-2.600e-01
-2.600e-01
-2.600e-01
-2.600e-01
-2.600e-01
-2.600e-01
-2.600e-01
-2.600e-01
-2.600e-01
-2.600e-01
-2.600e-01
-2.600e-01
-2.600e-01
-2.600e-01
-2.600e-01
-2.600e-01
-2.600e-01
-2.600e-01
-2.600e-01
-2.600e-01
-2.600e-01
-2.600e-01
-2.600e-01
-2.600e-01
-2.600e-01
-2.600e-01
-2.600e-01
-2.600e-01
-2.600e-01
-2.600e-01
-2.600e-01
-2.600e-01
-2.600e-01
-2.600e-01
-2.600e-01
-2.600e-01
-2.600e-01
-2.600e-01
-2.600e-01
-2.600e-01
-2.600e-01
-2.600e-01
-2.600e-01
-2.600e-01
-2.600e-01
-2.600e-01
-2.600e-01
-2.600e-01
-2.600e-01
-2.600e-01
-2.600e-01
-2.600e-01
-2.600e-01
-2.600e-01
-2.600e-01
-2.600e-01
-2.600e-01
-2.600e-01
-2.600e-01
-2.600e-01
-2.600e-01
-2.600e-01
-2.600e-01
-2.600e-01
-2.600e-01
-2.600e-01
-2.600e-01
-2.600e-01
-2.600e-01
-2.600e-01
-2.600e-01
-2.600e-01
-2.600e-01
-2.600e-01
-2.600e-01
-2.600e-01
-2.600e-01
-2.600e-01
-2.600e-01
-2.600e-01
-2.600e-01
-2.600e-01
-2.600e-01
-2.600e-01
-2.600e-01
-2.600e-01
-2.600e-01
-2.600e-01
-2.600e-01
-2.600e-01
-2.600e-01
-2.600e-01
-2.600e-01
-2.600e-01
-2.600e-01
-2.600e-01
-2.600e-01
-2.600e-01
-2.600e-01
-2.600e-01
-2.600e-01
-2.600e-01
-2.600e-01
-2.600e-01
-2.600e-01
-2.600e-01
-2.600e-01
-2.600e-01
-2.600e-01
-2.600e-01
-2.600e-01
-2.600e-01
-2.600e-01
-2.600e-01
-2.600e-01
-2.600e-01
-2.600e-01
-2.600e-01
-2.600e-01
-2.600e-01
-2.600e-01
-2.600e-01
-2.600e-01
-2.600e-01
-2.600e-01
-2.600e-01
-2.600e-01
-2.600e-01
-2.600e-01
-2.600e-01
-2.600e-01
-2.600e-01
-2.600e-01
-2.600e-01
-2.600e-01
-2.600e-01
-2.600e-01
-2.600e-01
-2.600e-01
-2.600e-01
-2.600e-01
-2.600e-01
-2.600e-01
-2.600e-01
-2.600e-01
-2.600e-01
-2.600e-01
-2.600e-01
-2.600e-01
-2.600e-01
-2.600e-01
-2.600e-01
-2.600e-01
-2.600e-01
-2.600e-01
-2.600e-01
-2.600e-01
-2.600e-01
-2.600e-01
-2.600e-01
-2.600e-01
-2.600e-01
-2.600e-01
-2.600e-01
-2.600e-01
-2.600e-01
-2.600e-01
-2.600e-01
-2.600e-01
-2.600e-01
-2.600e-01
-2.600e-01
-2.600e-01
-2.600e-01
-2.600e-01
-2.600e-01
-2.600e-01
-2.600e-01
-2.600e-01
-2.600e-01
-2.600e-01
-2.600e-01
-2.600e-01
-2.600e-01
-2.600e-01
-2.600e-01
-2.600e-01
-2.600e-01
-2.600e-01
-2.600e-01
-2.600e-01
-2.600e-01
-2.600e-01
-2.600e-01
-2.600e-01
-2.600e-01
-2.600e-01
-2.600e-01
-2.600e-01
-2.600e-01
-2.600e-01
-2.600e-01
-2.600e-01
-2.600e-01
-2.600e-01
-2.600e-01
-2.600e-01
-2.600e-01
-2.600e-01
-2.600e-01
-2.600e-01
-2.600e-01
-2.600e-01
-2.600e-01
-2.600e-01
-2.600e-01
-2.600e-01
-2.600e-01
-2.600e-01
-2.600e-01
-2.600e-01
-2.600e-01
-2.600e-01
-2.600e-01
-2.600e-01
-2.600e-01
-2.600e-01
-2.600e-01
-2.600e-01
-2.600e-01
-2.600e-01
-2.600e-01
-2.600e-01
-2.600e-01
-2.600e-01
-2.600e-01
-2.600e-01
-2.600e-01
-2.600e-01
-2.600e-01
-2.600e-01
-2.600e-01
-2.600e-01
-2.600e-01
-2.600e-01
-2.600e-01
-2.600e-01
-2.600e-01
-2.600e-01
-2.600e-01
-2.600e-01
-2.600e-01
-2.600e-01
-2.600e-01
-2.600e-01
-2.600e-01
-2.600e-01
-2.600e-01
-2.600e-01
-2.600e-01
-2.600e-01
-2.600e-01
-2.600e-01
-2.600e-01
-2.600e-01
-2.600e-01
-2.600e-01
-2.600e-01
-2.600e-01
-2.600e-01
-2.600e-01
-2.600e-01
-2.600e-01
-2.600e-01
-2.600e-01
-2.600e-01
-2.600e-01
-2.600e-01
-2.600e-01
-2.600e-01
-2.600e-01
-2.600e-01
-2.600e-01
-2.600e-01
-2.600e-01
-2.600e-01
-2.600e-01
-2.600e-01
-2.600e-01
-2.600e-01
-2.600e-01
-2.600e-01
-2.600e-01
-2.600e-01
-2.600e-01
-2.600e-01
-2.600e-01
-2.600e-01
-2.600e-01
-2.600e-01
-2.600e-01
-2.600e-01
-2.600e-01
-2.600e-01
-2.600e-01
-2.600e-01
-2.600e-01
-2.600e-01
-2.600e-01
-2.600e-01
-2.600e-01
-2.600e-01
-2.600e-01
-2.600e-01
-2.600e-01
-2.600e-01
-2.600e-01
-2.600e-01
-2.600e-01
-2.600e-01
-2.600e-01
-2.600e-01
-2.600e-01
-2.600e-01
-2.600e-01
-2.600e-01
-2.600e-01
-2.600e-01
-2.600e-01
-2.600e-01
-2.600e-01
-2.600e-01
-2.600e-01
-2.600e-01
-2.600e-01
-2.600e-01
-2.600e-01
-2.600e-01
-2.600e-01
-2.600e-01
-2.600e-01
-2.600e-01
-2.600e-01
-2.600e-01
-2.600e-01
-2.600e-01
-2.600e-01
-2.600e-01
-2.600e-01
-2.600e-01
-2.600e-01
-2.600e-01
-2.600e-01
-2.600e-01
-2.600e-01
-2.600e-01
-2.600e-01
-2.600e-01
-2.600e-01
-2.600e-01
-2.600e-01
-2.600e-01
-2.600e-01
-2.600e-01
-2.600e-01
-2.600e-01
-2.600e-01
-2.600e-01
-2.600e-01
-2.600e-01
-2.600e-01
-2.600e-01
-2.600e-01
-2.600e-01
-2.600e-01
-2.600e-01
-2.600e-01
-2.600e-01
-2.600e-01
-2.600e-01
-2.600e-01
-2.600e-01
-2.600e-01
-2.600e-01
-2.600e-01
-2.600e-01
-2.600e-01
-2.600e-01
-2.597e-01
-2.597e-01
-2.600e-01
-2.600e-01
-2.600e-01
-2.600e-01
-2.600e-01
-2.600e-01
-2.600e-01
-2.600e-01
-2.600e-01
-2.600e-01
-2.600e-01
-2.600e-01
-2.600e-01
-2.600e-01
-2.600e-01
-2.600e-01
-2.600e-01
-2.600e-01
-2.600e-01
-2.597e-01
-2.590e-01
3.400e-01
3.400e-01
3.400e-01
3.400e-01
3.400e-01
3.400e-01
3.400e-01
3.400e-01
3.400e-01
3.400e-01
3.400e-01
3.400e-01
3.400e-01
3.400e-01
3.400e-01
3.400e-01
3.400e-01
3.400e-01
3.400e-01
3.400e-01
3.400e-01
3.400e-01
3.400e-01
3.400e-01
3.400e-01
3.400e-01
3.400e-01
3.400e-01
3.400e-01
3.400e-01
3.400e-01
3.400e-01
3.400e-01
3.400e-01
3.400e-01
3.400e-01
3.400e-01
3.400e-01
3.400e-01
3.400e-01
3.400e-01
3.400e-01
3.400e-01
3.400e-01
3.400e-01
3.400e-01
3.400e-01
3.400e-01
3.400e-01
3.400e-01
3.400e-01
3.400e-01
3.400e-01
3.400e-01
3.400e-01
3.400e-01
3.400e-01
3.400e-01
3.400e-01
3.400e-01
3.400e-01
3.400e-01
3.400e-01
3.400e-01
3.400e-01
3.400e-01
3.400e-01
3.400e-01
3.400e-01
3.400e-01
3.400e-01
3.400e-01
3.400e-01
3.400e-01
3.400e-01
3.400e-01
3.400e-01
3.400e-01
3.400e-01
3.400e-01
3.400e-01
3.400e-01
3.400e-01
3.400e-01
3.400e-01
3.400e-01
3.400e-01
3.400e-01
3.400e-01
3.400e-01
3.400e-01
3.400e-01
3.400e-01
3.400e-01
3.400e-01
3.400e-01
3.400e-01
3.400e-01
3.400e-01
3.400e-01
3.400e-01
3.400e-01
3.400e-01
3.400e-01
3.400e-01
3.400e-01
3.400e-01
3.400e-01
3.400e-01
3.400e-01
3.400e-01
3.400e-01
3.400e-01
3.400e-01
3.400e-01
3.400e-01
3.400e-01
3.400e-01
3.400e-01
3.400e-01
3.400e-01
3.400e-01
3.400e-01
3.400e-01
3.400e-01
3.400e-01
3.400e-01
3.400e-01
3.400e-01
3.400e-01
3.400e-01
3.400e-01
3.400e-01
3.400e-01
3.400e-01
3.400e-01
3.400e-01
3.400e-01
3.400e-01
3.400e-01
3.400e-01
3.400e-01
3.400e-01
3.400e-01
3.400e-01
3.400e-01
3.400e-01
3.400e-01
3.400e-01
3.400e-01
3.400e-01
3.400e-01
3.400e-01
3.400e-01
3.400e-01
3.400e-01
3.400e-01
3.400e-01
3.400e-01
3.400e-01
3.400e-01
3.400e-01
3.400e-01
3.400e-01
3.400e-01
3.400e-01
3.400e-01
3.400e-01
3.400e-01
3.400e-01
3.400e-01
3.400e-01
3.400e-01
3.400e-01
3.400e-01
3.400e-01
3.400e-01
3.400e-01
3.400e-01
3.400e-01
3.400e-01
3.400e-01
3.400e-01
3.400e-01
3.400e-01
3.400e-01
3.400e-01
3.400e-01
3.400e-01
3.400e-01
3.400e-01
3.400e-01
3.400e-01
3.400e-01
3.400e-01
3.400e-01
3.400e-01
3.400e-01
3.400e-01
3.400e-01
3.400e-01
3.400e-01
3.400e-01
3.400e-01
3.400e-01
3.400e-01
3.400e-01
3.400e-01
3.400e-01
3.400e-01
3.400e-01
3.400e-01
3.400e-01
3.400e-01
3.400e-01
3.400e-01
3.400e-01
3.400e-01
3.400e-01
3.400e-01
3.400e-01
3.400e-01
3.400e-01
3.400e-01
3.400e-01
3.400e-01
3.400e-01
3.400e-01
3.400e-01
3.400e-01
3.400e-01
3.400e-01
3.400e-01
3.400e-01
3.400e-01
3.400e-01
3.400e-01
3.400e-01
3.400e-01
3.400e-01
3.400e-01
3.400e-01
3.400e-01
3.400e-01
3.400e-01
3.400e-01
3.400e-01
3.400e-01
3.400e-01
3.400e-01
3.400e-01
3.400e-01
3.400e-01
3.400e-01
3.400e-01
3.400e-01
3.400e-01
3.400e-01
3.400e-01
3.400e-01
3.400e-01
3.400e-01
3.400e-01
3.400e-01
3.400e-01
3.400e-01
3.400e-01
3.400e-01
3.400e-01
3.400e-01
3.400e-01
3.400e-01
3.400e-01
3.400e-01
3.400e-01
3.400e-01
3.400e-01
3.400e-01
3.400e-01
3.400e-01
3.400e-01
3.400e-01
3.400e-01
3.400e-01
3.400e-01
3.400e-01
3.400e-01
3.400e-01
3.400e-01
3.400e-01
3.400e-01
3.400e-01
3.400e-01
3.400e-01
3.400e-01
3.400e-01
3.400e-01
3.400e-01
3.400e-01
3.400e-01
3.400e-01
3.400e-01
3.400e-01
3.400e-01
3.400e-01
3.400e-01
3.400e-01
3.400e-01
3.400e-01
3.400e-01
3.400e-01
3.400e-01
3.400e-01
3.400e-01
3.400e-01
3.400e-01
3.400e-01
3.400e-01
3.400e-01
3.400e-01
3.400e-01
3.400e-01
3.400e-01
3.400e-01
3.400e-01
3.400e-01
3.400e-01
3.400e-01
3.400e-01
3.400e-01
3.400e-01
3.400e-01
3.400e-01
3.400e-01
3.400e-01
3.400e-01
3.400e-01
3.400e-01
3.400e-01
3.400e-01
3.400e-01
3.400e-01
3.400e-01
3.400e-01
3.400e-01
3.400e-01
3.400e-01
3.400e-01
3.400e-01
3.400e-01
3.400e-01
3.400e-01
3.400e-01
3.400e-01
3.400e-01
3.400e-01
3.400e-01
3.400e-01
3.400e-01
3.400e-01
3.400e-01
3.400e-01
3.400e-01
3.400e-01
3.400e-01
3.400e-01
3.400e-01
3.400e-01
3.400e-01
3.400e-01
3.400e-01
3.400e-01
3.400e-01
3.400e-01
3.400e-01
3.400e-01
3.400e-01
3.400e-01
3.400e-01
3.400e-01
3.400e-01
3.400e-01
3.400e-01
3.400e-01
3.400e-01
3.400e-01
3.400e-01
3.400e-01
3.400e-01
3.400e-01
3.400e-01
3.400e-01
3.400e-01
3.400e-01
3.400e-01
3.400e-01
3.400e-01
3.400e-01
3.400e-01
3.400e-01
3.400e-01
3.400e-01
3.400e-01
3.400e-01
3.400e-01
3.400e-01
3.400e-01
3.400e-01
3.400e-01
3.400e-01
3.400e-01
3.400e-01
3.400e-01
3.400e-01
3.400e-01
3.400e-01
3.400e-01
3.400e-01
3.403e-01
3.403e-01
3.400e-01
3.400e-01
3.400e-01
3.400e-01
3.400e-01
3.400e-01
3.400e-01
3.400e-01
3.400e-01
3.400e-01
3.400e-01
3.400e-01
3.400e-01
3.400e-01
3.400e-01
3.400e-01
3.400e-01
3.400e-01
3.400e-01
3.403e-01
3.410e-01
1.000e+00
1.000e+00
1.000e+00
1.000e+00
1.000e+00
1.000e+00
1.000e+00
1.000e+00
1.000e+00
1.000e+00
1.000e+00
1.000e+00
1.000e+00
1.000e+00
1.000e+00
1.000e+00
1.000e+00
1.000e+00
1.000e+00
1.000e+00
1.000e+00
1.000e+00
1.000e+00
1.000e+00
1.000e+00
1.000e+00
1.000e+00
1.000e+00
1.000e+00
1.000e+00
1.000e+00
1.000e+00
1.000e+00
1.000e+00
1.000e+00
1.000e+00
1.000e+00
1.000e+00
1.000e+00
1.000e+00
1.000e+00
1.000e+00
1.000e+00
1.000e+00
1.000e+00
1.000e+00
1.000e+00
1.000e+00
1.000e+00
1.000e+00
1.000e+00
1.000e+00
1.000e+00
1.000e+00
1.000e+00
1.000e+00
1.000e+00
1.000e+00
1.000e+00
1.000e+00
1.000e+00
1.000e+00
1.000e+00
1.000e+00
1.000e+00
1.000e+00
1.000e+00
1.000e+00
1.000e+00
1.000e+00
1.000e+00
1.000e+00
1.000e+00
1.000e+00
1.000e+00
1.000e+00
1.000e+00
1.000e+00
1.000e+00
1.000e+00
1.000e+00
1.000e+00
1.000e+00
1.000e+00
1.000e+00
1.000e+00
1.000e+00
1.000e+00
1.000e+00
1.000e+00
1.000e+00
1.000e+00
1.000e+00
1.000e+00
1.000e+00
1.000e+00
1.000e+00
1.000e+00
1.000e+00
1.000e+00
1.000e+00
1.000e+00
1.000e+00
1.000e+00
1.000e+00
1.000e+00
1.000e+00
1.000e+00
1.000e+00
1.000e+00
1.000e+00
1.000e+00
1.000e+00
1.000e+00
1.000e+00
1.000e+00
1.000e+00
1.000e+00
1.000e+00
1.000e+00
1.000e+00
1.000e+00
1.000e+00
1.000e+00
1.000e+00
1.000e+00
1.000e+00
1.000e+00
1.000e+00
1.000e+00
1.000e+00
1.000e+00
1.000e+00
1.000e+00
1.000e+00
1.000e+00
1.000e+00
1.000e+00
1.000e+00
1.000e+00
1.000e+00
1.000e+00
1.000e+00
1.000e+00
1.000e+00
1.000e+00
1.000e+00
1.000e+00
1.000e+00
1.000e+00
1.000e+00
1.000e+00
1.000e+00
1.000e+00
1.000e+00
1.000e+00
1.000e+00
1.000e+00
1.000e+00
1.000e+00
1.000e+00
1.000e+00
1.000e+00
1.000e+00
1.000e+00
1.000e+00
1.000e+00
1.000e+00
1.000e+00
1.000e+00
1.000e+00
1.000e+00
1.000e+00
1.000e+00
1.000e+00
1.000e+00
1.000e+00
1.000e+00
1.000e+00
1.000e+00
1.000e+00
1.000e+00
1.000e+00
1.000e+00
1.000e+00
1.000e+00
1.000e+00
1.000e+00
1.000e+00
1.000e+00
1.000e+00
1.000e+00
1.000e+00
1.000e+00
1.000e+00
1.000e+00
1.000e+00
1.000e+00
1.000e+00
1.000e+00
1.000e+00
1.000e+00
1.000e+00
1.000e+00
1.000e+00
1.000e+00
1.000e+00
1.000e+00
1.000e+00
1.000e+00
1.000e+00
1.000e+00
1.000e+00
1.000e+00
1.000e+00
1.000e+00
1.000e+00
1.000e+00
1.000e+00
1.000e+00
1.000e+00
1.000e+00
1.000e+00
1.000e+00
1.000e+00
1.000e+00
1.000e+00
1.000e+00
1.000e+00
1.000e+00
1.000e+00
1.000e+00
1.000e+00
1.000e+00
1.000e+00
1.000e+00
1.000e+00
1.000e+00
1.000e+00
1.000e+00
1.000e+00
1.000e+00
1.000e+00
1.000e+00
1.000e+00
1.000e+00
1.000e+00
1.000e+00
1.000e+00
1.000e+00
1.000e+00
1.000e+00
1.000e+00
1.000e+00
1.000e+00
1.000e+00
1.000e+00
1.000e+00
1.000e+00
1.000e+00
1.000e+00
1.000e+00
1.000e+00
1.000e+00
1.000e+00
1.000e+00
1.000e+00
1.000e+00
1.000e+00
1.000e+00
1.000e+00
1.000e+00
1.000e+00
1.000e+00
1.000e+00
1.000e+00
1.000e+00
1.000e+00
1.000e+00
1.000e+00
1.000e+00
1.000e+00
1.000e+00
1.000e+00
1.000e+00
1.000e+00
1.000e+00
1.000e+00
1.000e+00
1.000e+00
1.000e+00
1.000e+00
1.000e+00
1.000e+00
1.000e+00
1.000e+00
1.000e+00
1.000e+00
1.000e+00
1.000e+00
1.000e+00
1.000e+00
1.000e+00
1.000e+00
1.000e+00
1.000e+00
1.000e+00
1.000e+00
1.000e+00
1.000e+00
1.000e+00
1.000e+00
1.000e+00
1.000e+00
1.000e+00
1.000e+00
1.000e+00
1.000e+00
1.000e+00
1.000e+00
1.000e+00
1.000e+00
1.000e+00
1.000e+00
1.000e+00
1.000e+00
1.000e+00
1.000e+00
1.000e+00
1.000e+00
1.000e+00
1.000e+00
1.000e+00
1.000e+00
1.000e+00
1.000e+00
1.000e+00
1.000e+00
1.000e+00
1.000e+00
1.000e+00
1.000e+00
1.000e+00
1.000e+00
1.000e+00
1.000e+00
1.000e+00
1.000e+00
1.000e+00
1.000e+00
1.000e+00
1.000e+00
1.000e+00
1.000e+00
1.000e+00
1.000e+00
1.000e+00
1.000e+00
1.000e+00
1.000e+00
1.000e+00
1.000e+00
1.000e+00
1.000e+00
1.000e+00
1.000e+00
1.000e+00
1.000e+00
1.000e+00
1.000e+00
1.000e+00
1.000e+00
1.000e+00
1.000e+00
1.000e+00
1.000e+00
1.000e+00
1.000e+00
1.000e+00
1.000e+00
1.000e+00
1.000e+00
1.000e+00
1.000e+00
1.000e+00
1.000e+00
1.000e+00
1.000e+00
1.000e+00
1.000e+00
1.000e+00
1.000e+00
1.000e+00
1.000e+00
1.000e+00
1.000e+00
1.000e+00
1.000e+00
1.000e+00
1.000e+00
1.000e+00
1.000e+00
1.000e+00
1.000e+00
1.000e+00
1.000e+00
1.000e+00
1.000e+00
1.000e+00
1.000e+00
1.000e+00
1.000e+00
1.000e+00
1.000e+00
1.000e+00
1.000e+00
1.000e+00
1.000e+00
1.000e+00
1.000e+00
1.000e+00
1.000e+00
1.000e+00
1.000e+00
1.000e+00
1.000e+00
1.000e+00
1.000e+00
1.000e+00
1.000e+00
1.000e+00
1.000e+00
1.000e+00
1.000e+00
1.000e+00
1.000e+00
1.000e+00
1.000e+00
1.000e+00
1.000e+00
1.001e+00
