1	0	INDP	IPOND
-5.119e-01
-5.029e-01
-5.029e-01
-5.029e-01
-5.029e-01
-5.029e-01
-5.029e-01
-5.029e-01
-5.029e-01
-5.030e-01
-5.030e-01
-5.030e-01
-5.030e-01
-5.030e-01
-5.031e-01
-5.031e-01
-5.031e-01
-5.034e-01
-5.031e-01
-5.021e-01
-4.867e-01
-5.037e-01
-4.875e-01
-4.874e-01
-4.872e-01
-4.872e-01
-4.873e-01
-4.873e-01
-4.873e-01
-4.873e-01
-4.873e-01
-4.873e-01
-4.873e-01
-4.873e-01
-4.873e-01
-4.874e-01
-4.874e-01
-4.875e-01
-4.878e-01
-4.876e-01
-4.877e-01
-4.742e-01
-5.038e-01
-4.875e-01
-4.873e-01
-4.872e-01
-4.872e-01
-4.872e-01
-4.873e-01
-4.872e-01
-4.873e-01
-4.874e-01
-4.873e-01
-4.874e-01
-4.875e-01
-4.876e-01
-4.877e-01
-4.879e-01
-4.880e-01
-4.884e-01
-4.886e-01
-4.886e-01
-4.746e-01
-5.039e-01
-4.874e-01
-4.872e-01
-4.871e-01
-4.871e-01
-4.872e-01
-4.872e-01
-4.872e-01
-4.873e-01
-4.874e-01
-4.874e-01
-4.876e-01
-4.877e-01
-4.879e-01
-4.882e-01
-4.884e-01
-4.887e-01
-4.893e-01
-4.895e-01
-4.897e-01
-4.756e-01
-5.040e-01
-4.875e-01
-4.873e-01
-4.872e-01
-4.873e-01
-4.874e-01
-4.874e-01
-4.876e-01
-4.877e-01
-4.878e-01
-4.881e-01
-4.882e-01
-4.884e-01
-4.887e-01
-4.890e-01
-4.895e-01
-4.899e-01
-4.906e-01
-4.909e-01
-4.914e-01
-4.772e-01
-5.042e-01
-4.876e-01
-4.875e-01
-4.874e-01
-4.875e-01
-4.876e-01
-4.878e-01
-4.881e-01
-4.882e-01
-4.884e-01
-4.887e-01
-4.890e-01
-4.893e-01
-4.897e-01
-4.902e-01
-4.907e-01
-4.913e-01
-4.920e-01
-4.928e-01
-4.936e-01
-4.795e-01
-5.044e-01
-4.878e-01
-4.878e-01
-4.876e-01
-4.880e-01
-4.881e-01
-4.884e-01
-4.886e-01
-4.890e-01
-4.892e-01
-4.896e-01
-4.900e-01
-4.905e-01
-4.910e-01
-4.915e-01
-4.921e-01
-4.931e-01
-4.941e-01
-4.951e-01
-4.962e-01
-4.821e-01
-5.047e-01
-4.880e-01
-4.881e-01
-4.882e-01
-4.884e-01
-4.888e-01
-4.892e-01
-4.895e-01
-4.899e-01
-4.903e-01
-4.908e-01
-4.913e-01
-4.918e-01
-4.924e-01
-4.933e-01
-4.943e-01
-4.953e-01
-4.965e-01
-4.979e-01
-4.995e-01
-4.853e-01
-5.051e-01
-4.885e-01
-4.885e-01
-4.889e-01
-4.892e-01
-4.896e-01
-4.900e-01
-4.907e-01
-4.911e-01
-4.916e-01
-4.921e-01
-4.928e-01
-4.937e-01
-4.945e-01
-4.956e-01
-4.965e-01
-4.980e-01
-4.996e-01
-5.011e-01
-5.026e-01
-4.884e-01
-5.059e-01
-4.891e-01
-4.893e-01
-4.896e-01
-4.902e-01
-4.908e-01
-4.912e-01
-4.918e-01
-4.924e-01
-4.933e-01
-4.941e-01
-4.950e-01
-4.959e-01
-4.969e-01
-4.982e-01
-4.995e-01
-5.011e-01
-5.026e-01
-5.044e-01
-5.063e-01
-4.919e-01
-5.068e-01
-4.898e-01
-4.903e-01
-4.908e-01
-4.914e-01
-4.921e-01
-4.927e-01
-4.937e-01
-4.944e-01
-4.953e-01
-4.963e-01
-4.974e-01
-4.986e-01
-4.998e-01
-5.012e-01
-5.026e-01
-5.042e-01
-5.060e-01
-5.076e-01
-5.095e-01
-4.952e-01
-5.079e-01
-4.909e-01
-4.914e-01
-4.921e-01
-4.930e-01
-4.939e-01
-4.949e-01
-4.958e-01
-4.969e-01
-4.981e-01
-4.992e-01
-5.004e-01
-5.016e-01
-5.028e-01
-5.045e-01
-5.059e-01
-5.074e-01
-5.092e-01
-5.108e-01
-5.127e-01
-4.981e-01
-5.093e-01
-4.923e-01
-4.930e-01
-4.941e-01
-4.950e-01
-4.962e-01
-4.974e-01
-4.987e-01
-4.999e-01
-5.011e-01
-5.022e-01
-5.035e-01
-5.049e-01
-5.061e-01
-5.076e-01
-5.089e-01
-5.105e-01
-5.122e-01
-5.139e-01
-5.156e-01
-5.009e-01
-5.113e-01
-4.942e-01
-4.953e-01
-4.964e-01
-4.979e-01
-4.992e-01
-5.006e-01
-5.018e-01
-5.031e-01
-5.044e-01
-5.057e-01
-5.069e-01
-5.080e-01
-5.094e-01
-5.107e-01
-5.119e-01
-5.132e-01
-5.150e-01
-5.168e-01
-5.175e-01
-5.025e-01
-5.138e-01
-4.968e-01
-4.980e-01
-4.996e-01
-5.012e-01
-5.025e-01
-5.041e-01
-5.054e-01
-5.067e-01
-5.079e-01
-5.091e-01
-5.102e-01
-5.114e-01
-5.125e-01
-5.136e-01
-5.148e-01
-5.161e-01
-5.177e-01
-5.182e-01
-5.179e-01
-5.026e-01
-5.172e-01
-5.001e-01
-5.015e-01
-5.032e-01
-5.049e-01
-5.065e-01
-5.078e-01
-5.091e-01
-5.103e-01
-5.114e-01
-5.125e-01
-5.134e-01
-5.144e-01
-5.155e-01
-5.165e-01
-5.176e-01
-5.182e-01
-5.185e-01
-5.186e-01
-5.181e-01
-5.030e-01
-5.210e-01
-5.039e-01
-5.056e-01
-5.074e-01
-5.089e-01
-5.103e-01
-5.116e-01
-5.127e-01
-5.138e-01
-5.148e-01
-5.158e-01
-5.168e-01
-5.176e-01
-5.182e-01
-5.183e-01
-5.184e-01
-5.185e-01
-5.188e-01
-5.190e-01
-5.186e-01
-5.034e-01
-5.257e-01
-5.085e-01
-5.100e-01
-5.117e-01
-5.132e-01
-5.145e-01
-5.158e-01
-5.169e-01
-5.177e-01
-5.183e-01
-5.184e-01
-5.185e-01
-5.185e-01
-5.188e-01
-5.188e-01
-5.191e-01
-5.192e-01
-5.194e-01
-5.195e-01
-5.190e-01
-5.037e-01
-5.303e-01
-5.132e-01
-5.149e-01
-5.164e-01
-5.172e-01
-5.182e-01
-5.183e-01
-5.185e-01
-5.185e-01
-5.187e-01
-5.189e-01
-5.190e-01
-5.191e-01
-5.192e-01
-5.194e-01
-5.194e-01
-5.196e-01
-5.198e-01
-5.200e-01
-5.195e-01
-5.041e-01
-5.351e-01
-5.182e-01
-5.181e-01
-5.182e-01
-5.186e-01
-5.187e-01
-5.188e-01
-5.189e-01
-5.191e-01
-5.191e-01
-5.192e-01
-5.193e-01
-5.194e-01
-5.196e-01
-5.197e-01
-5.196e-01
-5.198e-01
-5.201e-01
-5.201e-01
-5.199e-01
-5.049e-01
-5.186e-01
-5.055e-01
-5.045e-01
-5.048e-01
-5.050e-01
-5.050e-01
-5.051e-01
-5.052e-01
-5.054e-01
-5.054e-01
-5.054e-01
-5.055e-01
-5.056e-01
-5.055e-01
-5.056e-01
-5.057e-01
-5.059e-01
-5.060e-01
-5.062e-01
-5.062e-01
-4.999e-01
-5.056e-01
-4.971e-01
-4.970e-01
-4.970e-01
-4.970e-01
-4.970e-01
-4.970e-01
-4.970e-01
-4.970e-01
-4.971e-01
-4.971e-01
-4.971e-01
-4.971e-01
-4.971e-01
-4.972e-01
-4.972e-01
-4.972e-01
-4.976e-01
-4.972e-01
-4.962e-01
-4.816e-01
-4.978e-01
-4.823e-01
-4.823e-01
-4.821e-01
-4.821e-01
-4.821e-01
-4.821e-01
-4.821e-01
-4.822e-01
-4.822e-01
-4.822e-01
-4.822e-01
-4.822e-01
-4.822e-01
-4.823e-01
-4.823e-01
-4.824e-01
-4.826e-01
-4.825e-01
-4.825e-01
-4.696e-01
-4.980e-01
-4.824e-01
-4.822e-01
-4.820e-01
-4.820e-01
-4.821e-01
-4.821e-01
-4.821e-01
-4.822e-01
-4.822e-01
-4.822e-01
-4.822e-01
-4.824e-01
-4.824e-01
-4.825e-01
-4.827e-01
-4.828e-01
-4.833e-01
-4.835e-01
-4.834e-01
-4.700e-01
-4.981e-01
-4.823e-01
-4.821e-01
-4.819e-01
-4.819e-01
-4.820e-01
-4.820e-01
-4.821e-01
-4.822e-01
-4.823e-01
-4.823e-01
-4.825e-01
-4.825e-01
-4.828e-01
-4.830e-01
-4.833e-01
-4.836e-01
-4.841e-01
-4.844e-01
-4.846e-01
-4.711e-01
-4.982e-01
-4.824e-01
-4.822e-01
-4.820e-01
-4.822e-01
-4.822e-01
-4.823e-01
-4.825e-01
-4.825e-01
-4.826e-01
-4.829e-01
-4.830e-01
-4.833e-01
-4.836e-01
-4.839e-01
-4.843e-01
-4.848e-01
-4.854e-01
-4.858e-01
-4.863e-01
-4.726e-01
-4.983e-01
-4.825e-01
-4.824e-01
-4.822e-01
-4.824e-01
-4.825e-01
-4.827e-01
-4.829e-01
-4.830e-01
-4.833e-01
-4.835e-01
-4.839e-01
-4.842e-01
-4.846e-01
-4.851e-01
-4.856e-01
-4.861e-01
-4.868e-01
-4.876e-01
-4.885e-01
-4.749e-01
-4.986e-01
-4.827e-01
-4.826e-01
-4.825e-01
-4.828e-01
-4.829e-01
-4.832e-01
-4.835e-01
-4.839e-01
-4.841e-01
-4.845e-01
-4.849e-01
-4.854e-01
-4.858e-01
-4.863e-01
-4.870e-01
-4.879e-01
-4.889e-01
-4.900e-01
-4.911e-01
-4.776e-01
-4.988e-01
-4.829e-01
-4.829e-01
-4.830e-01
-4.833e-01
-4.837e-01
-4.840e-01
-4.843e-01
-4.848e-01
-4.852e-01
-4.857e-01
-4.862e-01
-4.867e-01
-4.873e-01
-4.882e-01
-4.892e-01
-4.901e-01
-4.914e-01
-4.928e-01
-4.944e-01
-4.808e-01
-4.992e-01
-4.833e-01
-4.834e-01
-4.837e-01
-4.841e-01
-4.845e-01
-4.849e-01
-4.855e-01
-4.860e-01
-4.864e-01
-4.870e-01
-4.877e-01
-4.886e-01
-4.894e-01
-4.905e-01
-4.914e-01
-4.929e-01
-4.945e-01
-4.960e-01
-4.976e-01
-4.840e-01
-5.000e-01
-4.839e-01
-4.842e-01
-4.845e-01
-4.851e-01
-4.857e-01
-4.861e-01
-4.867e-01
-4.873e-01
-4.881e-01
-4.890e-01
-4.899e-01
-4.908e-01
-4.918e-01
-4.931e-01
-4.944e-01
-4.960e-01
-4.975e-01
-4.994e-01
-5.012e-01
-4.875e-01
-5.010e-01
-4.846e-01
-4.852e-01
-4.856e-01
-4.862e-01
-4.870e-01
-4.876e-01
-4.886e-01
-4.893e-01
-4.902e-01
-4.912e-01
-4.923e-01
-4.935e-01
-4.947e-01
-4.961e-01
-4.975e-01
-4.992e-01
-5.010e-01
-5.026e-01
-5.044e-01
-4.908e-01
-5.021e-01
-4.857e-01
-4.862e-01
-4.870e-01
-4.878e-01
-4.888e-01
-4.898e-01
-4.907e-01
-4.918e-01
-4.930e-01
-4.941e-01
-4.953e-01
-4.965e-01
-4.977e-01
-4.994e-01
-5.008e-01
-5.024e-01
-5.042e-01
-5.058e-01
-5.076e-01
-4.938e-01
-5.034e-01
-4.871e-01
-4.879e-01
-4.889e-01
-4.899e-01
-4.911e-01
-4.923e-01
-4.936e-01
-4.948e-01
-4.960e-01
-4.972e-01
-4.984e-01
-4.998e-01
-5.011e-01
-5.026e-01
-5.039e-01
-5.054e-01
-5.072e-01
-5.089e-01
-5.106e-01
-4.966e-01
-5.054e-01
-4.891e-01
-4.901e-01
-4.913e-01
-4.928e-01
-4.941e-01
-4.955e-01
-4.968e-01
-4.980e-01
-4.994e-01
-5.006e-01
-5.018e-01
-5.030e-01
-5.044e-01
-5.056e-01
-5.069e-01
-5.082e-01
-5.100e-01
-5.117e-01
-5.125e-01
-4.982e-01
-5.079e-01
-4.917e-01
-4.929e-01
-4.945e-01
-4.961e-01
-4.974e-01
-4.990e-01
-5.004e-01
-5.016e-01
-5.029e-01
-5.040e-01
-5.052e-01
-5.064e-01
-5.074e-01
-5.086e-01
-5.098e-01
-5.111e-01
-5.127e-01
-5.132e-01
-5.129e-01
-4.983e-01
-5.114e-01
-4.950e-01
-4.965e-01
-4.982e-01
-4.998e-01
-5.014e-01
-5.027e-01
-5.040e-01
-5.053e-01
-5.064e-01
-5.074e-01
-5.084e-01
-5.094e-01
-5.105e-01
-5.114e-01
-5.126e-01
-5.131e-01
-5.135e-01
-5.136e-01
-5.131e-01
-4.987e-01
-5.152e-01
-4.988e-01
-5.006e-01
-5.024e-01
-5.039e-01
-5.053e-01
-5.066e-01
-5.077e-01
-5.088e-01
-5.098e-01
-5.108e-01
-5.118e-01
-5.126e-01
-5.132e-01
-5.133e-01
-5.134e-01
-5.135e-01
-5.139e-01
-5.140e-01
-5.136e-01
-4.991e-01
-5.199e-01
-5.034e-01
-5.050e-01
-5.067e-01
-5.082e-01
-5.095e-01
-5.107e-01
-5.118e-01
-5.127e-01
-5.133e-01
-5.134e-01
-5.135e-01
-5.135e-01
-5.138e-01
-5.138e-01
-5.141e-01
-5.142e-01
-5.144e-01
-5.145e-01
-5.140e-01
-4.994e-01
-5.244e-01
-5.082e-01
-5.099e-01
-5.114e-01
-5.122e-01
-5.131e-01
-5.133e-01
-5.135e-01
-5.135e-01
-5.137e-01
-5.139e-01
-5.140e-01
-5.141e-01
-5.142e-01
-5.144e-01
-5.144e-01
-5.146e-01
-5.148e-01
-5.150e-01
-5.145e-01
-4.998e-01
-5.293e-01
-5.132e-01
-5.131e-01
-5.132e-01
-5.136e-01
-5.137e-01
-5.138e-01
-5.139e-01
-5.141e-01
-5.141e-01
-5.142e-01
-5.143e-01
-5.144e-01
-5.146e-01
-5.147e-01
-5.146e-01
-5.148e-01
-5.151e-01
-5.151e-01
-5.149e-01
-5.006e-01
-5.136e-01
-5.012e-01
-5.002e-01
-5.005e-01
-5.007e-01
-5.007e-01
-5.008e-01
-5.009e-01
-5.011e-01
-5.011e-01
-5.011e-01
-5.012e-01
-5.013e-01
-5.013e-01
-5.013e-01
-5.014e-01
-5.016e-01
-5.017e-01
-5.019e-01
-5.020e-01
-4.959e-01
-4.969e-01
-4.897e-01
-4.896e-01
-4.896e-01
-4.896e-01
-4.896e-01
-4.896e-01
-4.896e-01
-4.896e-01
-4.897e-01
-4.897e-01
-4.897e-01
-4.897e-01
-4.897e-01
-4.898e-01
-4.898e-01
-4.898e-01
-4.902e-01
-4.898e-01
-4.888e-01
-4.763e-01
-4.905e-01
-4.771e-01
-4.770e-01
-4.768e-01
-4.768e-01
-4.769e-01
-4.769e-01
-4.769e-01
-4.769e-01
-4.769e-01
-4.769e-01
-4.769e-01
-4.769e-01
-4.769e-01
-4.770e-01
-4.771e-01
-4.772e-01
-4.774e-01
-4.773e-01
-4.773e-01
-4.663e-01
-4.906e-01
-4.772e-01
-4.769e-01
-4.768e-01
-4.768e-01
-4.768e-01
-4.769e-01
-4.768e-01
-4.769e-01
-4.770e-01
-4.769e-01
-4.770e-01
-4.772e-01
-4.772e-01
-4.773e-01
-4.775e-01
-4.776e-01
-4.781e-01
-4.782e-01
-4.782e-01
-4.667e-01
-4.907e-01
-4.770e-01
-4.768e-01
-4.767e-01
-4.767e-01
-4.768e-01
-4.768e-01
-4.768e-01
-4.769e-01
-4.770e-01
-4.770e-01
-4.773e-01
-4.773e-01
-4.776e-01
-4.778e-01
-4.781e-01
-4.784e-01
-4.790e-01
-4.793e-01
-4.794e-01
-4.678e-01
-4.908e-01
-4.772e-01
-4.769e-01
-4.768e-01
-4.769e-01
-4.770e-01
-4.770e-01
-4.773e-01
-4.773e-01
-4.774e-01
-4.777e-01
-4.778e-01
-4.781e-01
-4.784e-01
-4.787e-01
-4.792e-01
-4.797e-01
-4.803e-01
-4.807e-01
-4.812e-01
-4.695e-01
-4.910e-01
-4.773e-01
-4.772e-01
-4.770e-01
-4.772e-01
-4.773e-01
-4.774e-01
-4.777e-01
-4.778e-01
-4.781e-01
-4.784e-01
-4.787e-01
-4.790e-01
-4.795e-01
-4.800e-01
-4.805e-01
-4.811e-01
-4.818e-01
-4.826e-01
-4.835e-01
-4.719e-01
-4.912e-01
-4.775e-01
-4.774e-01
-4.773e-01
-4.776e-01
-4.777e-01
-4.780e-01
-4.783e-01
-4.787e-01
-4.789e-01
-4.793e-01
-4.798e-01
-4.803e-01
-4.808e-01
-4.813e-01
-4.820e-01
-4.830e-01
-4.840e-01
-4.851e-01
-4.862e-01
-4.747e-01
-4.915e-01
-4.777e-01
-4.777e-01
-4.778e-01
-4.781e-01
-4.785e-01
-4.789e-01
-4.792e-01
-4.797e-01
-4.801e-01
-4.806e-01
-4.811e-01
-4.817e-01
-4.823e-01
-4.832e-01
-4.843e-01
-4.853e-01
-4.866e-01
-4.880e-01
-4.896e-01
-4.781e-01
-4.919e-01
-4.782e-01
-4.782e-01
-4.785e-01
-4.789e-01
-4.793e-01
-4.798e-01
-4.804e-01
-4.809e-01
-4.814e-01
-4.820e-01
-4.827e-01
-4.836e-01
-4.845e-01
-4.856e-01
-4.866e-01
-4.882e-01
-4.898e-01
-4.914e-01
-4.929e-01
-4.814e-01
-4.927e-01
-4.788e-01
-4.790e-01
-4.793e-01
-4.800e-01
-4.806e-01
-4.810e-01
-4.817e-01
-4.823e-01
-4.832e-01
-4.840e-01
-4.850e-01
-4.859e-01
-4.869e-01
-4.883e-01
-4.897e-01
-4.913e-01
-4.929e-01
-4.948e-01
-4.967e-01
-4.851e-01
-4.937e-01
-4.795e-01
-4.801e-01
-4.805e-01
-4.812e-01
-4.820e-01
-4.826e-01
-4.836e-01
-4.844e-01
-4.853e-01
-4.863e-01
-4.875e-01
-4.888e-01
-4.900e-01
-4.914e-01
-4.929e-01
-4.946e-01
-4.965e-01
-4.982e-01
-5.000e-01
-4.885e-01
-4.948e-01
-4.807e-01
-4.812e-01
-4.820e-01
-4.828e-01
-4.838e-01
-4.849e-01
-4.858e-01
-4.869e-01
-4.882e-01
-4.894e-01
-4.906e-01
-4.919e-01
-4.931e-01
-4.948e-01
-4.963e-01
-4.979e-01
-4.998e-01
-5.015e-01
-5.034e-01
-4.917e-01
-4.962e-01
-4.822e-01
-4.829e-01
-4.840e-01
-4.850e-01
-4.862e-01
-4.875e-01
-4.888e-01
-4.901e-01
-4.914e-01
-4.926e-01
-4.939e-01
-4.953e-01
-4.966e-01
-4.982e-01
-4.995e-01
-5.012e-01
-5.029e-01
-5.047e-01
-5.064e-01
-4.946e-01
-4.983e-01
-4.843e-01
-4.853e-01
-4.865e-01
-4.880e-01
-4.894e-01
-4.908e-01
-4.921e-01
-4.935e-01
-4.948e-01
-4.961e-01
-4.974e-01
-4.986e-01
-5.000e-01
-5.013e-01
-5.027e-01
-5.040e-01
-5.059e-01
-5.077e-01
-5.084e-01
-4.963e-01
-5.009e-01
-4.869e-01
-4.882e-01
-4.898e-01
-4.914e-01
-4.928e-01
-4.945e-01
-4.959e-01
-4.972e-01
-4.985e-01
-4.997e-01
-5.009e-01
-5.021e-01
-5.032e-01
-5.044e-01
-5.057e-01
-5.070e-01
-5.087e-01
-5.092e-01
-5.089e-01
-4.965e-01
-5.044e-01
-4.904e-01
-4.918e-01
-4.936e-01
-4.953e-01
-4.970e-01
-4.983e-01
-4.997e-01
-5.010e-01
-5.021e-01
-5.032e-01
-5.042e-01
-5.053e-01
-5.064e-01
-5.074e-01
-5.086e-01
-5.091e-01
-5.095e-01
-5.096e-01
-5.091e-01
-4.969e-01
-5.083e-01
-4.943e-01
-4.961e-01
-4.980e-01
-4.995e-01
-5.010e-01
-5.024e-01
-5.035e-01
-5.046e-01
-5.057e-01
-5.067e-01
-5.077e-01
-5.086e-01
-5.091e-01
-5.093e-01
-5.095e-01
-5.095e-01
-5.099e-01
-5.100e-01
-5.096e-01
-4.973e-01
-5.132e-01
-4.991e-01
-5.007e-01
-5.025e-01
-5.040e-01
-5.054e-01
-5.066e-01
-5.078e-01
-5.087e-01
-5.093e-01
-5.094e-01
-5.095e-01
-5.096e-01
-5.098e-01
-5.098e-01
-5.101e-01
-5.102e-01
-5.105e-01
-5.105e-01
-5.100e-01
-4.977e-01
-5.178e-01
-5.040e-01
-5.057e-01
-5.073e-01
-5.081e-01
-5.091e-01
-5.093e-01
-5.095e-01
-5.095e-01
-5.098e-01
-5.099e-01
-5.100e-01
-5.101e-01
-5.102e-01
-5.104e-01
-5.104e-01
-5.107e-01
-5.109e-01
-5.110e-01
-5.105e-01
-4.981e-01
-5.227e-01
-5.092e-01
-5.091e-01
-5.092e-01
-5.095e-01
-5.096e-01
-5.098e-01
-5.099e-01
-5.101e-01
-5.101e-01
-5.102e-01
-5.103e-01
-5.104e-01
-5.106e-01
-5.107e-01
-5.106e-01
-5.108e-01
-5.112e-01
-5.112e-01
-5.110e-01
-4.990e-01
-5.097e-01
-4.996e-01
-4.985e-01
-4.988e-01
-4.990e-01
-4.990e-01
-4.991e-01
-4.992e-01
-4.994e-01
-4.994e-01
-4.994e-01
-4.995e-01
-4.997e-01
-4.996e-01
-4.997e-01
-4.998e-01
-5.000e-01
-5.001e-01
-5.003e-01
-5.004e-01
-4.955e-01
-4.965e-01
-4.914e-01
-4.913e-01
-4.913e-01
-4.913e-01
-4.913e-01
-4.913e-01
-4.913e-01
-4.913e-01
-4.914e-01
-4.914e-01
-4.914e-01
-4.914e-01
-4.914e-01
-4.915e-01
-4.916e-01
-4.916e-01
-4.919e-01
-4.915e-01
-4.904e-01
-4.819e-01
-4.923e-01
-4.828e-01
-4.827e-01
-4.825e-01
-4.825e-01
-4.826e-01
-4.826e-01
-4.826e-01
-4.826e-01
-4.826e-01
-4.826e-01
-4.826e-01
-4.826e-01
-4.826e-01
-4.828e-01
-4.828e-01
-4.829e-01
-4.832e-01
-4.830e-01
-4.829e-01
-4.758e-01
-4.924e-01
-4.829e-01
-4.826e-01
-4.824e-01
-4.824e-01
-4.825e-01
-4.825e-01
-4.825e-01
-4.826e-01
-4.826e-01
-4.826e-01
-4.827e-01
-4.829e-01
-4.829e-01
-4.831e-01
-4.833e-01
-4.834e-01
-4.839e-01
-4.841e-01
-4.840e-01
-4.764e-01
-4.925e-01
-4.828e-01
-4.825e-01
-4.823e-01
-4.823e-01
-4.824e-01
-4.824e-01
-4.825e-01
-4.826e-01
-4.827e-01
-4.828e-01
-4.830e-01
-4.831e-01
-4.833e-01
-4.837e-01
-4.840e-01
-4.844e-01
-4.850e-01
-4.853e-01
-4.855e-01
-4.778e-01
-4.926e-01
-4.829e-01
-4.826e-01
-4.824e-01
-4.826e-01
-4.826e-01
-4.827e-01
-4.830e-01
-4.831e-01
-4.832e-01
-4.835e-01
-4.837e-01
-4.840e-01
-4.843e-01
-4.847e-01
-4.853e-01
-4.858e-01
-4.866e-01
-4.870e-01
-4.875e-01
-4.797e-01
-4.928e-01
-4.830e-01
-4.829e-01
-4.827e-01
-4.829e-01
-4.830e-01
-4.832e-01
-4.835e-01
-4.837e-01
-4.840e-01
-4.843e-01
-4.847e-01
-4.851e-01
-4.856e-01
-4.862e-01
-4.868e-01
-4.875e-01
-4.883e-01
-4.892e-01
-4.901e-01
-4.825e-01
-4.931e-01
-4.833e-01
-4.832e-01
-4.830e-01
-4.833e-01
-4.835e-01
-4.839e-01
-4.842e-01
-4.846e-01
-4.850e-01
-4.854e-01
-4.860e-01
-4.865e-01
-4.871e-01
-4.877e-01
-4.885e-01
-4.896e-01
-4.908e-01
-4.920e-01
-4.932e-01
-4.858e-01
-4.934e-01
-4.835e-01
-4.835e-01
-4.837e-01
-4.840e-01
-4.844e-01
-4.848e-01
-4.853e-01
-4.858e-01
-4.863e-01
-4.869e-01
-4.875e-01
-4.881e-01
-4.889e-01
-4.899e-01
-4.911e-01
-4.923e-01
-4.938e-01
-4.954e-01
-4.971e-01
-4.897e-01
-4.939e-01
-4.841e-01
-4.841e-01
-4.845e-01
-4.849e-01
-4.854e-01
-4.859e-01
-4.867e-01
-4.872e-01
-4.878e-01
-4.885e-01
-4.894e-01
-4.903e-01
-4.914e-01
-4.926e-01
-4.938e-01
-4.956e-01
-4.975e-01
-4.992e-01
-5.009e-01
-4.937e-01
-4.948e-01
-4.848e-01
-4.851e-01
-4.854e-01
-4.862e-01
-4.869e-01
-4.874e-01
-4.881e-01
-4.889e-01
-4.899e-01
-4.908e-01
-4.919e-01
-4.930e-01
-4.942e-01
-4.957e-01
-4.973e-01
-4.992e-01
-5.010e-01
-5.031e-01
-5.052e-01
-4.979e-01
-4.959e-01
-4.857e-01
-4.863e-01
-4.868e-01
-4.876e-01
-4.885e-01
-4.892e-01
-4.903e-01
-4.913e-01
-4.923e-01
-4.935e-01
-4.949e-01
-4.963e-01
-4.977e-01
-4.993e-01
-5.010e-01
-5.029e-01
-5.050e-01
-5.069e-01
-5.090e-01
-5.020e-01
-4.972e-01
-4.871e-01
-4.876e-01
-4.885e-01
-4.895e-01
-4.906e-01
-4.918e-01
-4.929e-01
-4.942e-01
-4.956e-01
-4.969e-01
-4.983e-01
-4.998e-01
-5.012e-01
-5.032e-01
-5.049e-01
-5.067e-01
-5.089e-01
-5.108e-01
-5.128e-01
-5.057e-01
-4.988e-01
-4.888e-01
-4.896e-01
-4.908e-01
-4.920e-01
-4.934e-01
-4.949e-01
-4.963e-01
-4.978e-01
-4.992e-01
-5.006e-01
-5.021e-01
-5.037e-01
-5.052e-01
-5.069e-01
-5.085e-01
-5.104e-01
-5.124e-01
-5.144e-01
-5.163e-01
-5.092e-01
-5.012e-01
-4.912e-01
-4.923e-01
-4.937e-01
-4.954e-01
-4.970e-01
-4.986e-01
-5.001e-01
-5.016e-01
-5.031e-01
-5.046e-01
-5.061e-01
-5.075e-01
-5.091e-01
-5.106e-01
-5.121e-01
-5.137e-01
-5.158e-01
-5.177e-01
-5.185e-01
-5.112e-01
-5.041e-01
-4.942e-01
-4.956e-01
-4.975e-01
-4.993e-01
-5.008e-01
-5.027e-01
-5.043e-01
-5.058e-01
-5.073e-01
-5.087e-01
-5.101e-01
-5.115e-01
-5.127e-01
-5.141e-01
-5.156e-01
-5.171e-01
-5.189e-01
-5.194e-01
-5.191e-01
-5.115e-01
-5.080e-01
-4.982e-01
-4.998e-01
-5.018e-01
-5.037e-01
-5.056e-01
-5.072e-01
-5.087e-01
-5.102e-01
-5.115e-01
-5.127e-01
-5.138e-01
-5.151e-01
-5.163e-01
-5.175e-01
-5.188e-01
-5.194e-01
-5.199e-01
-5.200e-01
-5.194e-01
-5.120e-01
-5.124e-01
-5.027e-01
-5.046e-01
-5.067e-01
-5.085e-01
-5.102e-01
-5.118e-01
-5.131e-01
-5.144e-01
-5.156e-01
-5.167e-01
-5.178e-01
-5.188e-01
-5.194e-01
-5.197e-01
-5.199e-01
-5.200e-01
-5.204e-01
-5.204e-01
-5.199e-01
-5.125e-01
-5.178e-01
-5.081e-01
-5.099e-01
-5.119e-01
-5.136e-01
-5.152e-01
-5.166e-01
-5.178e-01
-5.189e-01
-5.195e-01
-5.197e-01
-5.199e-01
-5.200e-01
-5.202e-01
-5.203e-01
-5.206e-01
-5.207e-01
-5.211e-01
-5.210e-01
-5.205e-01
-5.129e-01
-5.229e-01
-5.137e-01
-5.155e-01
-5.172e-01
-5.182e-01
-5.193e-01
-5.195e-01
-5.198e-01
-5.199e-01
-5.202e-01
-5.203e-01
-5.204e-01
-5.206e-01
-5.207e-01
-5.209e-01
-5.209e-01
-5.212e-01
-5.215e-01
-5.215e-01
-5.210e-01
-5.135e-01
-5.282e-01
-5.194e-01
-5.193e-01
-5.195e-01
-5.199e-01
-5.201e-01
-5.202e-01
-5.204e-01
-5.206e-01
-5.206e-01
-5.207e-01
-5.208e-01
-5.210e-01
-5.211e-01
-5.213e-01
-5.212e-01
-5.215e-01
-5.219e-01
-5.218e-01
-5.216e-01
-5.145e-01
-5.202e-01
-5.149e-01
-5.139e-01
-5.141e-01
-5.144e-01
-5.145e-01
-5.146e-01
-5.148e-01
-5.150e-01
-5.150e-01
-5.150e-01
-5.151e-01
-5.153e-01
-5.152e-01
-5.153e-01
-5.155e-01
-5.156e-01
-5.158e-01
-5.161e-01
-5.161e-01
-5.139e-01
-5.231e-01
-5.222e-01
-5.221e-01
-5.221e-01
-5.221e-01
-5.221e-01
-5.221e-01
-5.222e-01
-5.222e-01
-5.223e-01
-5.223e-01
-5.223e-01
-5.223e-01
-5.224e-01
-5.224e-01
-5.225e-01
-5.226e-01
-5.230e-01
-5.224e-01
-5.213e-01
-5.206e-01
-5.232e-01
-5.213e-01
-5.215e-01
-5.212e-01
-5.212e-01
-5.213e-01
-5.213e-01
-5.213e-01
-5.214e-01
-5.214e-01
-5.214e-01
-5.214e-01
-5.214e-01
-5.215e-01
-5.216e-01
-5.217e-01
-5.219e-01
-5.223e-01
-5.221e-01
-5.220e-01
-5.236e-01
-5.235e-01
-5.217e-01
-5.217e-01
-5.215e-01
-5.215e-01
-5.216e-01
-5.216e-01
-5.217e-01
-5.217e-01
-5.218e-01
-5.218e-01
-5.219e-01
-5.222e-01
-5.223e-01
-5.226e-01
-5.228e-01
-5.231e-01
-5.237e-01
-5.239e-01
-5.240e-01
-5.259e-01
-5.236e-01
-5.216e-01
-5.216e-01
-5.215e-01
-5.215e-01
-5.216e-01
-5.216e-01
-5.217e-01
-5.219e-01
-5.221e-01
-5.222e-01
-5.224e-01
-5.226e-01
-5.230e-01
-5.234e-01
-5.238e-01
-5.245e-01
-5.253e-01
-5.258e-01
-5.261e-01
-5.280e-01
-5.237e-01
-5.218e-01
-5.218e-01
-5.216e-01
-5.218e-01
-5.219e-01
-5.221e-01
-5.224e-01
-5.226e-01
-5.228e-01
-5.231e-01
-5.234e-01
-5.238e-01
-5.244e-01
-5.250e-01
-5.257e-01
-5.266e-01
-5.276e-01
-5.282e-01
-5.290e-01
-5.309e-01
-5.240e-01
-5.220e-01
-5.222e-01
-5.220e-01
-5.223e-01
-5.225e-01
-5.228e-01
-5.231e-01
-5.234e-01
-5.238e-01
-5.243e-01
-5.249e-01
-5.254e-01
-5.262e-01
-5.270e-01
-5.280e-01
-5.289e-01
-5.302e-01
-5.314e-01
-5.326e-01
-5.350e-01
-5.244e-01
-5.223e-01
-5.226e-01
-5.225e-01
-5.229e-01
-5.232e-01
-5.237e-01
-5.241e-01
-5.248e-01
-5.253e-01
-5.260e-01
-5.268e-01
-5.275e-01
-5.284e-01
-5.293e-01
-5.305e-01
-5.320e-01
-5.337e-01
-5.352e-01
-5.369e-01
-5.397e-01
-5.248e-01
-5.227e-01
-5.231e-01
-5.234e-01
-5.238e-01
-5.245e-01
-5.251e-01
-5.257e-01
-5.265e-01
-5.273e-01
-5.281e-01
-5.289e-01
-5.299e-01
-5.310e-01
-5.323e-01
-5.340e-01
-5.357e-01
-5.378e-01
-5.399e-01
-5.422e-01
-5.453e-01
-5.255e-01
-5.235e-01
-5.240e-01
-5.246e-01
-5.252e-01
-5.260e-01
-5.268e-01
-5.277e-01
-5.286e-01
-5.294e-01
-5.304e-01
-5.316e-01
-5.329e-01
-5.344e-01
-5.361e-01
-5.378e-01
-5.402e-01
-5.428e-01
-5.450e-01
-5.474e-01
-5.512e-01
-5.267e-01
-5.246e-01
-5.254e-01
-5.260e-01
-5.270e-01
-5.281e-01
-5.288e-01
-5.299e-01
-5.310e-01
-5.323e-01
-5.337e-01
-5.351e-01
-5.367e-01
-5.383e-01
-5.404e-01
-5.426e-01
-5.451e-01
-5.477e-01
-5.504e-01
-5.532e-01
-5.573e-01
-5.283e-01
-5.261e-01
-5.271e-01
-5.280e-01
-5.291e-01
-5.303e-01
-5.314e-01
-5.328e-01
-5.343e-01
-5.358e-01
-5.374e-01
-5.392e-01
-5.411e-01
-5.431e-01
-5.453e-01
-5.476e-01
-5.502e-01
-5.532e-01
-5.557e-01
-5.585e-01
-5.633e-01
-5.301e-01
-5.280e-01
-5.291e-01
-5.304e-01
-5.318e-01
-5.334e-01
-5.350e-01
-5.366e-01
-5.383e-01
-5.402e-01
-5.420e-01
-5.440e-01
-5.460e-01
-5.480e-01
-5.505e-01
-5.529e-01
-5.554e-01
-5.584e-01
-5.609e-01
-5.638e-01
-5.689e-01
-5.323e-01
-5.304e-01
-5.320e-01
-5.337e-01
-5.353e-01
-5.372e-01
-5.392e-01
-5.412e-01
-5.432e-01
-5.451e-01
-5.471e-01
-5.491e-01
-5.513e-01
-5.534e-01
-5.557e-01
-5.579e-01
-5.605e-01
-5.633e-01
-5.658e-01
-5.685e-01
-5.739e-01
-5.355e-01
-5.338e-01
-5.357e-01
-5.377e-01
-5.400e-01
-5.422e-01
-5.444e-01
-5.465e-01
-5.485e-01
-5.505e-01
-5.526e-01
-5.545e-01
-5.565e-01
-5.587e-01
-5.608e-01
-5.629e-01
-5.651e-01
-5.679e-01
-5.701e-01
-5.715e-01
-5.771e-01
-5.394e-01
-5.380e-01
-5.403e-01
-5.429e-01
-5.453e-01
-5.475e-01
-5.500e-01
-5.522e-01
-5.542e-01
-5.563e-01
-5.581e-01
-5.600e-01
-5.619e-01
-5.637e-01
-5.656e-01
-5.676e-01
-5.696e-01
-5.719e-01
-5.726e-01
-5.726e-01
-5.779e-01
-5.445e-01
-5.434e-01
-5.461e-01
-5.487e-01
-5.514e-01
-5.539e-01
-5.561e-01
-5.582e-01
-5.602e-01
-5.619e-01
-5.637e-01
-5.652e-01
-5.670e-01
-5.687e-01
-5.701e-01
-5.718e-01
-5.727e-01
-5.735e-01
-5.734e-01
-5.731e-01
-5.787e-01
-5.504e-01
-5.497e-01
-5.527e-01
-5.555e-01
-5.580e-01
-5.603e-01
-5.624e-01
-5.642e-01
-5.660e-01
-5.676e-01
-5.691e-01
-5.705e-01
-5.718e-01
-5.726e-01
-5.731e-01
-5.735e-01
-5.737e-01
-5.742e-01
-5.741e-01
-5.739e-01
-5.794e-01
-5.574e-01
-5.570e-01
-5.599e-01
-5.626e-01
-5.649e-01
-5.670e-01
-5.689e-01
-5.705e-01
-5.718e-01
-5.727e-01
-5.731e-01
-5.734e-01
-5.736e-01
-5.740e-01
-5.741e-01
-5.746e-01
-5.747e-01
-5.752e-01
-5.750e-01
-5.746e-01
-5.801e-01
-5.641e-01
-5.644e-01
-5.672e-01
-5.694e-01
-5.709e-01
-5.723e-01
-5.727e-01
-5.731e-01
-5.734e-01
-5.738e-01
-5.740e-01
-5.742e-01
-5.744e-01
-5.746e-01
-5.749e-01
-5.750e-01
-5.754e-01
-5.757e-01
-5.756e-01
-5.754e-01
-5.810e-01
-5.709e-01
-5.721e-01
-5.727e-01
-5.732e-01
-5.738e-01
-5.741e-01
-5.744e-01
-5.747e-01
-5.749e-01
-5.750e-01
-5.751e-01
-5.752e-01
-5.755e-01
-5.757e-01
-5.759e-01
-5.759e-01
-5.762e-01
-5.767e-01
-5.766e-01
-5.768e-01
-5.827e-01
-5.736e-01
-5.807e-01
-5.812e-01
-5.816e-01
-5.821e-01
-5.822e-01
-5.825e-01
-5.827e-01
-5.829e-01
-5.830e-01
-5.831e-01
-5.832e-01
-5.834e-01
-5.834e-01
-5.836e-01
-5.839e-01
-5.840e-01
-5.843e-01
-5.847e-01
-5.849e-01
-5.915e-01
-6.164e-01
-6.268e-01
-6.272e-01
-6.272e-01
-6.272e-01
-6.272e-01
-6.272e-01
-6.274e-01
-6.274e-01
-6.275e-01
-6.275e-01
-6.275e-01
-6.277e-01
-6.278e-01
-6.279e-01
-6.281e-01
-6.284e-01
-6.289e-01
-6.282e-01
-6.295e-01
-6.514e-01
-6.280e-01
-6.480e-01
-6.499e-01
-6.498e-01
-6.498e-01
-6.499e-01
-6.499e-01
-6.499e-01
-6.501e-01
-6.501e-01
-6.502e-01
-6.502e-01
-6.502e-01
-6.504e-01
-6.507e-01
-6.510e-01
-6.515e-01
-6.520e-01
-6.518e-01
-6.537e-01
-6.847e-01
-6.289e-01
-6.502e-01
-6.530e-01
-6.529e-01
-6.530e-01
-6.532e-01
-6.532e-01
-6.534e-01
-6.535e-01
-6.536e-01
-6.537e-01
-6.540e-01
-6.543e-01
-6.547e-01
-6.552e-01
-6.557e-01
-6.565e-01
-6.576e-01
-6.579e-01
-6.604e-01
-6.964e-01
-6.291e-01
-6.503e-01
-6.532e-01
-6.533e-01
-6.534e-01
-6.536e-01
-6.537e-01
-6.539e-01
-6.542e-01
-6.545e-01
-6.549e-01
-6.553e-01
-6.558e-01
-6.565e-01
-6.574e-01
-6.583e-01
-6.596e-01
-6.612e-01
-6.622e-01
-6.650e-01
-7.023e-01
-6.293e-01
-6.507e-01
-6.536e-01
-6.537e-01
-6.540e-01
-6.542e-01
-6.546e-01
-6.551e-01
-6.555e-01
-6.560e-01
-6.567e-01
-6.573e-01
-6.582e-01
-6.593e-01
-6.606e-01
-6.621e-01
-6.638e-01
-6.658e-01
-6.672e-01
-6.708e-01
-7.088e-01
-6.298e-01
-6.511e-01
-6.542e-01
-6.544e-01
-6.549e-01
-6.554e-01
-6.559e-01
-6.566e-01
-6.573e-01
-6.581e-01
-6.591e-01
-6.603e-01
-6.616e-01
-6.630e-01
-6.647e-01
-6.666e-01
-6.686e-01
-6.710e-01
-6.731e-01
-6.773e-01
-7.170e-01
-6.305e-01
-6.517e-01
-6.551e-01
-6.555e-01
-6.562e-01
-6.570e-01
-6.579e-01
-6.588e-01
-6.601e-01
-6.612e-01
-6.626e-01
-6.641e-01
-6.657e-01
-6.674e-01
-6.693e-01
-6.716e-01
-6.743e-01
-6.776e-01
-6.804e-01
-6.854e-01
-7.269e-01
-6.315e-01
-6.527e-01
-6.563e-01
-6.572e-01
-6.581e-01
-6.594e-01
-6.607e-01
-6.621e-01
-6.636e-01
-6.651e-01
-6.667e-01
-6.684e-01
-6.705e-01
-6.726e-01
-6.749e-01
-6.780e-01
-6.813e-01
-6.850e-01
-6.887e-01
-6.948e-01
-7.379e-01
-6.329e-01
-6.543e-01
-6.581e-01
-6.595e-01
-6.610e-01
-6.626e-01
-6.642e-01
-6.660e-01
-6.677e-01
-6.694e-01
-6.714e-01
-6.735e-01
-6.761e-01
-6.789e-01
-6.819e-01
-6.851e-01
-6.895e-01
-6.939e-01
-6.978e-01
-7.043e-01
-7.496e-01
-6.350e-01
-6.566e-01
-6.610e-01
-6.628e-01
-6.646e-01
-6.666e-01
-6.682e-01
-6.704e-01
-6.726e-01
-6.748e-01
-6.774e-01
-6.801e-01
-6.830e-01
-6.860e-01
-6.898e-01
-6.938e-01
-6.980e-01
-7.027e-01
-7.073e-01
-7.145e-01
-7.618e-01
-6.379e-01
-6.597e-01
-6.645e-01
-6.667e-01
-6.688e-01
-6.711e-01
-6.733e-01
-6.758e-01
-6.785e-01
-6.814e-01
-6.843e-01
-6.877e-01
-6.909e-01
-6.945e-01
-6.985e-01
-7.025e-01
-7.072e-01
-7.123e-01
-7.166e-01
-7.240e-01
-7.737e-01
-6.413e-01
-6.635e-01
-6.686e-01
-6.713e-01
-6.740e-01
-6.770e-01
-6.800e-01
-6.829e-01
-6.861e-01
-6.893e-01
-6.926e-01
-6.961e-01
-6.995e-01
-7.033e-01
-7.075e-01
-7.118e-01
-7.162e-01
-7.214e-01
-7.256e-01
-7.334e-01
-7.847e-01
-6.456e-01
-6.683e-01
-6.740e-01
-6.775e-01
-6.807e-01
-6.842e-01
-6.877e-01
-6.911e-01
-6.947e-01
-6.980e-01
-7.015e-01
-7.051e-01
-7.089e-01
-7.126e-01
-7.168e-01
-7.206e-01
-7.251e-01
-7.298e-01
-7.341e-01
-7.416e-01
-7.947e-01
-6.512e-01
-6.744e-01
-6.810e-01
-6.849e-01
-6.890e-01
-6.931e-01
-6.968e-01
-7.005e-01
-7.040e-01
-7.076e-01
-7.111e-01
-7.146e-01
-7.179e-01
-7.217e-01
-7.255e-01
-7.291e-01
-7.331e-01
-7.379e-01
-7.409e-01
-7.467e-01
-8.012e-01
-6.581e-01
-6.823e-01
-6.895e-01
-6.943e-01
-6.987e-01
-7.026e-01
-7.067e-01
-7.105e-01
-7.140e-01
-7.176e-01
-7.210e-01
-7.241e-01
-7.275e-01
-7.306e-01
-7.339e-01
-7.375e-01
-7.406e-01
-7.439e-01
-7.451e-01
-7.491e-01
-8.036e-01
-6.668e-01
-6.919e-01
-6.998e-01
-7.046e-01
-7.093e-01
-7.135e-01
-7.174e-01
-7.212e-01
-7.243e-01
-7.276e-01
-7.306e-01
-7.333e-01
-7.365e-01
-7.391e-01
-7.416e-01
-7.440e-01
-7.456e-01
-7.469e-01
-7.466e-01
-7.502e-01
-8.053e-01
-6.769e-01
-7.029e-01
-7.115e-01
-7.166e-01
-7.210e-01
-7.249e-01
-7.286e-01
-7.316e-01
-7.346e-01
-7.375e-01
-7.396e-01
-7.421e-01
-7.440e-01
-7.452e-01
-7.464e-01
-7.473e-01
-7.479e-01
-7.486e-01
-7.480e-01
-7.516e-01
-8.067e-01
-6.883e-01
-7.154e-01
-7.239e-01
-7.289e-01
-7.327e-01
-7.363e-01
-7.392e-01
-7.417e-01
-7.437e-01
-7.452e-01
-7.461e-01
-7.468e-01
-7.475e-01
-7.480e-01
-7.485e-01
-7.491e-01
-7.494e-01
-7.500e-01
-7.497e-01
-7.531e-01
-8.083e-01
-6.994e-01
-7.278e-01
-7.359e-01
-7.397e-01
-7.424e-01
-7.445e-01
-7.453e-01
-7.462e-01
-7.468e-01
-7.475e-01
-7.480e-01
-7.482e-01
-7.488e-01
-7.492e-01
-7.495e-01
-7.499e-01
-7.504e-01
-7.511e-01
-7.506e-01
-7.545e-01
-8.104e-01
-7.132e-01
-7.434e-01
-7.489e-01
-7.507e-01
-7.517e-01
-7.525e-01
-7.529e-01
-7.535e-01
-7.540e-01
-7.541e-01
-7.543e-01
-7.545e-01
-7.551e-01
-7.553e-01
-7.557e-01
-7.559e-01
-7.565e-01
-7.574e-01
-7.570e-01
-7.612e-01
-8.172e-01
-7.469e-01
-7.968e-01
-8.081e-01
-8.105e-01
-8.116e-01
-8.123e-01
-8.128e-01
-8.131e-01
-8.136e-01
-8.139e-01
-8.142e-01
-8.144e-01
-8.147e-01
-8.149e-01
-8.152e-01
-8.160e-01
-8.163e-01
-8.169e-01
-8.176e-01
-8.212e-01
-8.698e-01
-8.341e-01
-8.728e-01
-8.754e-01
-8.754e-01
-8.755e-01
-8.757e-01
-8.757e-01
-8.759e-01
-8.760e-01
-8.761e-01
-8.763e-01
-8.764e-01
-8.767e-01
-8.772e-01
-8.777e-01
-8.783e-01
-8.793e-01
-8.801e-01
-8.812e-01
-9.022e-01
-9.772e-01
-8.741e-01
-9.416e-01
-9.479e-01
-9.479e-01
-9.480e-01
-9.481e-01
-9.482e-01
-9.484e-01
-9.485e-01
-9.487e-01
-9.490e-01
-9.493e-01
-9.496e-01
-9.503e-01
-9.511e-01
-9.521e-01
-9.532e-01
-9.545e-01
-9.567e-01
-9.759e-01
-1.042e+00
-8.773e-01
-9.481e-01
-9.558e-01
-9.561e-01
-9.563e-01
-9.567e-01
-9.570e-01
-9.573e-01
-9.577e-01
-9.580e-01
-9.585e-01
-9.593e-01
-9.601e-01
-9.613e-01
-9.626e-01
-9.640e-01
-9.662e-01
-9.685e-01
-9.717e-01
-9.927e-01
-1.062e+00
-8.778e-01
-9.487e-01
-9.566e-01
-9.573e-01
-9.577e-01
-9.582e-01
-9.586e-01
-9.592e-01
-9.601e-01
-9.608e-01
-9.620e-01
-9.630e-01
-9.645e-01
-9.662e-01
-9.683e-01
-9.708e-01
-9.740e-01
-9.775e-01
-9.821e-01
-1.003e+00
-1.074e+00
-8.786e-01
-9.495e-01
-9.577e-01
-9.584e-01
-9.592e-01
-9.600e-01
-9.609e-01
-9.620e-01
-9.632e-01
-9.647e-01
-9.663e-01
-9.680e-01
-9.702e-01
-9.728e-01
-9.761e-01
-9.797e-01
-9.837e-01
-9.880e-01
-9.933e-01
-1.016e+00
-1.086e+00
-8.797e-01
-9.506e-01
-9.592e-01
-9.605e-01
-9.616e-01
-9.629e-01
-9.643e-01
-9.660e-01
-9.678e-01
-9.698e-01
-9.722e-01
-9.752e-01
-9.781e-01
-9.817e-01
-9.856e-01
-9.899e-01
-9.944e-01
-9.993e-01
-1.006e+00
-1.029e+00
-1.097e+00
-8.816e-01
-9.526e-01
-9.616e-01
-9.633e-01
-9.650e-01
-9.669e-01
-9.691e-01
-9.715e-01
-9.743e-01
-9.772e-01
-9.805e-01
-9.839e-01
-9.877e-01
-9.916e-01
-9.958e-01
-1.000e+00
-1.005e+00
-1.012e+00
-1.020e+00
-1.044e+00
-1.112e+00
-8.842e-01
-9.553e-01
-9.648e-01
-9.674e-01
-9.698e-01
-9.726e-01
-9.758e-01
-9.792e-01
-9.827e-01
-9.862e-01
-9.898e-01
-9.933e-01
-9.982e-01
-1.003e+00
-1.006e+00
-1.013e+00
-1.019e+00
-1.026e+00
-1.034e+00
-1.059e+00
-1.125e+00
-8.878e-01
-9.594e-01
-9.697e-01
-9.731e-01
-9.767e-01
-9.804e-01
-9.841e-01
-9.882e-01
-9.919e-01
-9.958e-01
-9.996e-01
-1.004e+00
-1.009e+00
-1.015e+00
-1.020e+00
-1.026e+00
-1.034e+00
-1.041e+00
-1.049e+00
-1.074e+00
-1.137e+00
-8.929e-01
-9.652e-01
-9.765e-01
-9.812e-01
-9.853e-01
-9.895e-01
-9.933e-01
-9.981e-01
-1.003e+00
-1.006e+00
-1.012e+00
-1.017e+00
-1.022e+00
-1.028e+00
-1.034e+00
-1.041e+00
-1.048e+00
-1.055e+00
-1.065e+00
-1.090e+00
-1.150e+00
-9.000e-01
-9.729e-01
-9.851e-01
-9.900e-01
-9.945e-01
-9.993e-01
-1.004e+00
-1.008e+00
-1.014e+00
-1.019e+00
-1.024e+00
-1.031e+00
-1.035e+00
-1.042e+00
-1.048e+00
-1.055e+00
-1.063e+00
-1.071e+00
-1.078e+00
-1.104e+00
-1.162e+00
-9.083e-01
-9.820e-01
-9.942e-01
-9.996e-01
-1.005e+00
-1.011e+00
-1.017e+00
-1.022e+00
-1.028e+00
-1.033e+00
-1.039e+00
-1.044e+00
-1.050e+00
-1.056e+00
-1.063e+00
-1.070e+00
-1.076e+00
-1.083e+00
-1.092e+00
-1.117e+00
-1.172e+00
-9.180e-01
-9.922e-01
-1.005e+00
-1.012e+00
-1.018e+00
-1.024e+00
-1.031e+00
-1.036e+00
-1.042e+00
-1.047e+00
-1.053e+00
-1.059e+00
-1.065e+00
-1.071e+00
-1.077e+00
-1.082e+00
-1.089e+00
-1.095e+00
-1.103e+00
-1.128e+00
-1.182e+00
-9.304e-01
-1.004e+00
-1.019e+00
-1.026e+00
-1.033e+00
-1.041e+00
-1.046e+00
-1.052e+00
-1.057e+00
-1.063e+00
-1.068e+00
-1.073e+00
-1.078e+00
-1.084e+00
-1.089e+00
-1.094e+00
-1.099e+00
-1.107e+00
-1.111e+00
-1.134e+00
-1.188e+00
-9.451e-01
-1.019e+00
-1.034e+00
-1.042e+00
-1.050e+00
-1.056e+00
-1.062e+00
-1.067e+00
-1.072e+00
-1.078e+00
-1.083e+00
-1.087e+00
-1.092e+00
-1.097e+00
-1.100e+00
-1.107e+00
-1.109e+00
-1.114e+00
-1.118e+00
-1.138e+00
-1.191e+00
-9.625e-01
-1.037e+00
-1.052e+00
-1.059e+00
-1.065e+00
-1.072e+00
-1.078e+00
-1.083e+00
-1.087e+00
-1.092e+00
-1.097e+00
-1.099e+00
-1.105e+00
-1.108e+00
-1.111e+00
-1.114e+00
-1.116e+00
-1.117e+00
-1.119e+00
-1.139e+00
-1.192e+00
-9.819e-01
-1.055e+00
-1.070e+00
-1.077e+00
-1.084e+00
-1.089e+00
-1.094e+00
-1.098e+00
-1.102e+00
-1.107e+00
-1.108e+00
-1.112e+00
-1.114e+00
-1.115e+00
-1.117e+00
-1.119e+00
-1.120e+00
-1.121e+00
-1.122e+00
-1.142e+00
-1.193e+00
-1.003e+00
-1.074e+00
-1.088e+00
-1.094e+00
-1.099e+00
-1.105e+00
-1.108e+00
-1.111e+00
-1.114e+00
-1.115e+00
-1.116e+00
-1.117e+00
-1.119e+00
-1.120e+00
-1.121e+00
-1.122e+00
-1.122e+00
-1.122e+00
-1.125e+00
-1.145e+00
-1.195e+00
-1.026e+00
-1.094e+00
-1.107e+00
-1.111e+00
-1.115e+00
-1.118e+00
-1.118e+00
-1.119e+00
-1.120e+00
-1.121e+00
-1.122e+00
-1.123e+00
-1.124e+00
-1.125e+00
-1.125e+00
-1.126e+00
-1.126e+00
-1.127e+00
-1.129e+00
-1.148e+00
-1.199e+00
-1.068e+00
-1.129e+00
-1.138e+00
-1.140e+00
-1.143e+00
-1.144e+00
-1.144e+00
-1.144e+00
-1.145e+00
-1.145e+00
-1.145e+00
-1.145e+00
-1.146e+00
-1.146e+00
-1.147e+00
-1.148e+00
-1.150e+00
-1.152e+00
-1.152e+00
-1.167e+00
-1.208e+00
-1.139e+00
-1.185e+00
-1.194e+00
-1.197e+00
-1.198e+00
-1.199e+00
-1.199e+00
-1.199e+00
-1.199e+00
-1.200e+00
-1.201e+00
-1.201e+00
-1.201e+00
-1.201e+00
-1.201e+00
-1.204e+00
-1.204e+00
-1.204e+00
-1.206e+00
-1.211e+00
-1.228e+00
-1.151e+00
-1.160e+00
-1.160e+00
-1.161e+00
-1.163e+00
-1.163e+00
-1.163e+00
-1.164e+00
-1.165e+00
-1.165e+00
-1.166e+00
-1.167e+00
-1.167e+00
-1.170e+00
-1.171e+00
-1.173e+00
-1.177e+00
-1.180e+00
-1.184e+00
-1.195e+00
-1.202e+00
-1.160e+00
-1.168e+00
-1.170e+00
-1.171e+00
-1.171e+00
-1.171e+00
-1.171e+00
-1.172e+00
-1.172e+00
-1.174e+00
-1.175e+00
-1.176e+00
-1.177e+00
-1.179e+00
-1.183e+00
-1.186e+00
-1.189e+00
-1.193e+00
-1.197e+00
-1.204e+00
-1.207e+00
-1.163e+00
-1.171e+00
-1.172e+00
-1.173e+00
-1.174e+00
-1.174e+00
-1.175e+00
-1.176e+00
-1.178e+00
-1.180e+00
-1.181e+00
-1.184e+00
-1.186e+00
-1.190e+00
-1.192e+00
-1.196e+00
-1.200e+00
-1.204e+00
-1.209e+00
-1.215e+00
-1.217e+00
-1.165e+00
-1.172e+00
-1.174e+00
-1.175e+00
-1.176e+00
-1.178e+00
-1.180e+00
-1.181e+00
-1.184e+00
-1.186e+00
-1.190e+00
-1.192e+00
-1.196e+00
-1.198e+00
-1.202e+00
-1.206e+00
-1.210e+00
-1.213e+00
-1.218e+00
-1.226e+00
-1.229e+00
-1.167e+00
-1.174e+00
-1.176e+00
-1.178e+00
-1.181e+00
-1.183e+00
-1.186e+00
-1.189e+00
-1.192e+00
-1.196e+00
-1.198e+00
-1.201e+00
-1.206e+00
-1.209e+00
-1.212e+00
-1.216e+00
-1.220e+00
-1.225e+00
-1.228e+00
-1.234e+00
-1.239e+00
-1.170e+00
-1.177e+00
-1.181e+00
-1.184e+00
-1.188e+00
-1.191e+00
-1.195e+00
-1.197e+00
-1.201e+00
-1.205e+00
-1.207e+00
-1.211e+00
-1.213e+00
-1.217e+00
-1.223e+00
-1.226e+00
-1.229e+00
-1.234e+00
-1.237e+00
-1.245e+00
-1.247e+00
-1.176e+00
-1.184e+00
-1.189e+00
-1.192e+00
-1.196e+00
-1.200e+00
-1.203e+00
-1.207e+00
-1.210e+00
-1.213e+00
-1.216e+00
-1.220e+00
-1.224e+00
-1.227e+00
-1.230e+00
-1.235e+00
-1.238e+00
-1.243e+00
-1.248e+00
-1.253e+00
-1.258e+00
-1.184e+00
-1.192e+00
-1.197e+00
-1.200e+00
-1.205e+00
-1.208e+00
-1.211e+00
-1.214e+00
-1.219e+00
-1.223e+00
-1.226e+00
-1.228e+00
-1.234e+00
-1.236e+00
-1.240e+00
-1.243e+00
-1.248e+00
-1.251e+00
-1.257e+00
-1.263e+00
-1.264e+00
-1.192e+00
-1.199e+00
-1.205e+00
-1.209e+00
-1.212e+00
-1.216e+00
-1.220e+00
-1.225e+00
-1.227e+00
-1.230e+00
-1.235e+00
-1.237e+00
-1.241e+00
-1.245e+00
-1.248e+00
-1.251e+00
-1.257e+00
-1.260e+00
-1.264e+00
-1.271e+00
-1.274e+00
-1.199e+00
-1.208e+00
-1.213e+00
-1.217e+00
-1.223e+00
-1.226e+00
-1.228e+00
-1.234e+00
-1.236e+00
-1.239e+00
-1.242e+00
-1.247e+00
-1.249e+00
-1.252e+00
-1.257e+00
-1.260e+00
-1.264e+00
-1.267e+00
-1.272e+00
-1.279e+00
-1.281e+00
-1.209e+00
-1.216e+00
-1.223e+00
-1.226e+00
-1.229e+00
-1.235e+00
-1.237e+00
-1.240e+00
-1.245e+00
-1.248e+00
-1.250e+00
-1.254e+00
-1.258e+00
-1.261e+00
-1.264e+00
-1.267e+00
-1.270e+00
-1.276e+00
-1.280e+00
-1.285e+00
-1.286e+00
-1.216e+00
-1.226e+00
-1.229e+00
-1.235e+00
-1.238e+00
-1.241e+00
-1.247e+00
-1.249e+00
-1.251e+00
-1.256e+00
-1.259e+00
-1.262e+00
-1.265e+00
-1.269e+00
-1.271e+00
-1.276e+00
-1.279e+00
-1.282e+00
-1.285e+00
-1.293e+00
-1.294e+00
-1.225e+00
-1.234e+00
-1.238e+00
-1.243e+00
-1.248e+00
-1.250e+00
-1.254e+00
-1.258e+00
-1.261e+00
-1.264e+00
-1.266e+00
-1.269e+00
-1.272e+00
-1.276e+00
-1.279e+00
-1.282e+00
-1.284e+00
-1.287e+00
-1.294e+00
-1.298e+00
-1.299e+00
-1.235e+00
-1.242e+00
-1.248e+00
-1.251e+00
-1.256e+00
-1.260e+00
-1.263e+00
-1.265e+00
-1.269e+00
-1.271e+00
-1.275e+00
-1.277e+00
-1.280e+00
-1.282e+00
-1.284e+00
-1.287e+00
-1.292e+00
-1.295e+00
-1.297e+00
-1.302e+00
-1.302e+00
-1.244e+00
-1.251e+00
-1.257e+00
-1.261e+00
-1.264e+00
-1.267e+00
-1.270e+00
-1.275e+00
-1.277e+00
-1.280e+00
-1.282e+00
-1.284e+00
-1.285e+00
-1.289e+00
-1.293e+00
-1.295e+00
-1.296e+00
-1.298e+00
-1.299e+00
-1.303e+00
-1.303e+00
-1.255e+00
-1.261e+00
-1.265e+00
-1.269e+00
-1.275e+00
-1.277e+00
-1.279e+00
-1.282e+00
-1.284e+00
-1.285e+00
-1.289e+00
-1.292e+00
-1.294e+00
-1.295e+00
-1.296e+00
-1.298e+00
-1.298e+00
-1.299e+00
-1.303e+00
-1.304e+00
-1.304e+00
-1.265e+00
-1.270e+00
-1.276e+00
-1.279e+00
-1.282e+00
-1.284e+00
-1.287e+00
-1.290e+00
-1.293e+00
-1.295e+00
-1.296e+00
-1.297e+00
-1.298e+00
-1.298e+00
-1.299e+00
-1.302e+00
-1.303e+00
-1.303e+00
-1.304e+00
-1.306e+00
-1.306e+00
-1.275e+00
-1.280e+00
-1.284e+00
-1.287e+00
-1.291e+00
-1.294e+00
-1.295e+00
-1.297e+00
-1.298e+00
-1.298e+00
-1.299e+00
-1.299e+00
-1.303e+00
-1.303e+00
-1.303e+00
-1.304e+00
-1.304e+00
-1.305e+00
-1.305e+00
-1.308e+00
-1.308e+00
-1.287e+00
-1.289e+00
-1.294e+00
-1.296e+00
-1.298e+00
-1.299e+00
-1.302e+00
-1.303e+00
-1.303e+00
-1.304e+00
-1.304e+00
-1.304e+00
-1.305e+00
-1.305e+00
-1.305e+00
-1.305e+00
-1.306e+00
-1.306e+00
-1.308e+00
-1.312e+00
-1.310e+00
-1.299e+00
-1.301e+00
-1.303e+00
-1.304e+00
-1.305e+00
-1.306e+00
-1.306e+00
-1.308e+00
-1.308e+00
-1.308e+00
-1.309e+00
-1.309e+00
-1.311e+00
-1.311e+00
-1.312e+00
-1.312e+00
-1.312e+00
-1.313e+00
-1.314e+00
-1.316e+00
-1.315e+00
-1.303e+00
-1.304e+00
-1.306e+00
-1.307e+00
-1.308e+00
-1.309e+00
-1.309e+00
-1.310e+00
-1.310e+00
-1.310e+00
-1.310e+00
-1.311e+00
-1.311e+00
-1.311e+00
-1.311e+00
-1.315e+00
-1.315e+00
-1.315e+00
-1.316e+00
-1.317e+00
-1.318e+00
-1.200e+00
-1.175e+00
-1.179e+00
-1.183e+00
-1.188e+00
-1.192e+00
-1.195e+00
-1.199e+00
-1.202e+00
-1.205e+00
-1.209e+00
-1.211e+00
-1.213e+00
-1.216e+00
-1.218e+00
-1.221e+00
-1.226e+00
-1.230e+00
-1.234e+00
-1.239e+00
-1.195e+00
-1.179e+00
-1.136e+00
-1.140e+00
-1.143e+00
-1.149e+00
-1.152e+00
-1.155e+00
-1.159e+00
-1.162e+00
-1.164e+00
-1.167e+00
-1.171e+00
-1.173e+00
-1.176e+00
-1.178e+00
-1.181e+00
-1.185e+00
-1.190e+00
-1.194e+00
-1.198e+00
-1.165e+00
-1.190e+00
-1.147e+00
-1.151e+00
-1.155e+00
-1.159e+00
-1.162e+00
-1.165e+00
-1.168e+00
-1.171e+00
-1.173e+00
-1.176e+00
-1.179e+00
-1.181e+00
-1.185e+00
-1.190e+00
-1.192e+00
-1.196e+00
-1.200e+00
-1.203e+00
-1.206e+00
-1.174e+00
-1.201e+00
-1.157e+00
-1.161e+00
-1.164e+00
-1.167e+00
-1.171e+00
-1.173e+00
-1.176e+00
-1.179e+00
-1.181e+00
-1.185e+00
-1.187e+00
-1.192e+00
-1.196e+00
-1.198e+00
-1.202e+00
-1.205e+00
-1.210e+00
-1.214e+00
-1.218e+00
-1.184e+00
-1.210e+00
-1.165e+00
-1.170e+00
-1.172e+00
-1.175e+00
-1.178e+00
-1.181e+00
-1.184e+00
-1.187e+00
-1.192e+00
-1.195e+00
-1.198e+00
-1.201e+00
-1.204e+00
-1.206e+00
-1.212e+00
-1.216e+00
-1.219e+00
-1.222e+00
-1.226e+00
-1.191e+00
-1.217e+00
-1.173e+00
-1.176e+00
-1.179e+00
-1.182e+00
-1.186e+00
-1.191e+00
-1.195e+00
-1.197e+00
-1.200e+00
-1.203e+00
-1.205e+00
-1.210e+00
-1.213e+00
-1.217e+00
-1.220e+00
-1.223e+00
-1.227e+00
-1.233e+00
-1.236e+00
-1.201e+00
-1.226e+00
-1.180e+00
-1.184e+00
-1.187e+00
-1.192e+00
-1.196e+00
-1.200e+00
-1.202e+00
-1.205e+00
-1.208e+00
-1.213e+00
-1.216e+00
-1.219e+00
-1.221e+00
-1.224e+00
-1.229e+00
-1.233e+00
-1.236e+00
-1.238e+00
-1.242e+00
-1.208e+00
-1.233e+00
-1.190e+00
-1.193e+00
-1.197e+00
-1.200e+00
-1.203e+00
-1.206e+00
-1.210e+00
-1.214e+00
-1.218e+00
-1.220e+00
-1.223e+00
-1.226e+00
-1.229e+00
-1.234e+00
-1.236e+00
-1.239e+00
-1.242e+00
-1.248e+00
-1.252e+00
-1.214e+00
-1.243e+00
-1.197e+00
-1.201e+00
-1.204e+00
-1.208e+00
-1.213e+00
-1.216e+00
-1.219e+00
-1.221e+00
-1.224e+00
-1.227e+00
-1.232e+00
-1.235e+00
-1.237e+00
-1.239e+00
-1.242e+00
-1.248e+00
-1.251e+00
-1.254e+00
-1.257e+00
-1.224e+00
-1.251e+00
-1.204e+00
-1.208e+00
-1.213e+00
-1.217e+00
-1.220e+00
-1.223e+00
-1.226e+00
-1.229e+00
-1.233e+00
-1.235e+00
-1.238e+00
-1.240e+00
-1.243e+00
-1.248e+00
-1.251e+00
-1.254e+00
-1.256e+00
-1.259e+00
-1.266e+00
-1.229e+00
-1.259e+00
-1.213e+00
-1.217e+00
-1.220e+00
-1.223e+00
-1.227e+00
-1.232e+00
-1.235e+00
-1.237e+00
-1.239e+00
-1.242e+00
-1.246e+00
-1.249e+00
-1.252e+00
-1.254e+00
-1.256e+00
-1.259e+00
-1.263e+00
-1.268e+00
-1.272e+00
-1.235e+00
-1.268e+00
-1.220e+00
-1.223e+00
-1.227e+00
-1.233e+00
-1.235e+00
-1.238e+00
-1.240e+00
-1.243e+00
-1.248e+00
-1.251e+00
-1.253e+00
-1.255e+00
-1.257e+00
-1.259e+00
-1.263e+00
-1.267e+00
-1.269e+00
-1.273e+00
-1.276e+00
-1.241e+00
-1.274e+00
-1.228e+00
-1.233e+00
-1.236e+00
-1.238e+00
-1.242e+00
-1.246e+00
-1.249e+00
-1.252e+00
-1.254e+00
-1.256e+00
-1.258e+00
-1.259e+00
-1.263e+00
-1.267e+00
-1.269e+00
-1.272e+00
-1.274e+00
-1.280e+00
-1.283e+00
-1.246e+00
-1.284e+00
-1.236e+00
-1.239e+00
-1.242e+00
-1.248e+00
-1.251e+00
-1.253e+00
-1.255e+00
-1.257e+00
-1.259e+00
-1.263e+00
-1.266e+00
-1.268e+00
-1.271e+00
-1.272e+00
-1.274e+00
-1.276e+00
-1.281e+00
-1.284e+00
-1.287e+00
-1.250e+00
-1.292e+00
-1.242e+00
-1.248e+00
-1.252e+00
-1.254e+00
-1.256e+00
-1.258e+00
-1.260e+00
-1.266e+00
-1.268e+00
-1.269e+00
-1.272e+00
-1.273e+00
-1.275e+00
-1.276e+00
-1.281e+00
-1.283e+00
-1.285e+00
-1.287e+00
-1.289e+00
-1.251e+00
-1.299e+00
-1.252e+00
-1.255e+00
-1.257e+00
-1.260e+00
-1.266e+00
-1.268e+00
-1.269e+00
-1.272e+00
-1.273e+00
-1.275e+00
-1.276e+00
-1.280e+00
-1.281e+00
-1.284e+00
-1.285e+00
-1.287e+00
-1.288e+00
-1.289e+00
-1.291e+00
-1.253e+00
-1.309e+00
-1.258e+00
-1.263e+00
-1.267e+00
-1.269e+00
-1.272e+00
-1.274e+00
-1.275e+00
-1.278e+00
-1.281e+00
-1.283e+00
-1.284e+00
-1.285e+00
-1.287e+00
-1.287e+00
-1.288e+00
-1.288e+00
-1.289e+00
-1.291e+00
-1.292e+00
-1.254e+00
-1.318e+00
-1.268e+00
-1.272e+00
-1.274e+00
-1.276e+00
-1.280e+00
-1.283e+00
-1.284e+00
-1.285e+00
-1.287e+00
-1.287e+00
-1.288e+00
-1.288e+00
-1.289e+00
-1.289e+00
-1.290e+00
-1.291e+00
-1.291e+00
-1.292e+00
-1.294e+00
-1.256e+00
-1.330e+00
-1.275e+00
-1.280e+00
-1.284e+00
-1.285e+00
-1.287e+00
-1.288e+00
-1.288e+00
-1.289e+00
-1.290e+00
-1.291e+00
-1.291e+00
-1.291e+00
-1.292e+00
-1.292e+00
-1.292e+00
-1.294e+00
-1.294e+00
-1.295e+00
-1.297e+00
-1.258e+00
-1.337e+00
-1.287e+00
-1.288e+00
-1.290e+00
-1.291e+00
-1.292e+00
-1.292e+00
-1.294e+00
-1.294e+00
-1.294e+00
-1.295e+00
-1.295e+00
-1.295e+00
-1.297e+00
-1.297e+00
-1.297e+00
-1.298e+00
-1.298e+00
-1.299e+00
-1.301e+00
-1.262e+00
-1.290e+00
-1.252e+00
-1.253e+00
-1.254e+00
-1.256e+00
-1.256e+00
-1.257e+00
-1.257e+00
-1.258e+00
-1.258e+00
-1.258e+00
-1.259e+00
-1.259e+00
-1.259e+00
-1.259e+00
-1.261e+00
-1.261e+00
-1.262e+00
-1.262e+00
-1.263e+00
-1.250e+00
-1.107e+00
-1.109e+00
-1.114e+00
-1.118e+00
-1.122e+00
-1.125e+00
-1.128e+00
-1.131e+00
-1.134e+00
-1.139e+00
-1.141e+00
-1.144e+00
-1.147e+00
-1.150e+00
-1.152e+00
-1.154e+00
-1.158e+00
-1.162e+00
-1.166e+00
-1.169e+00
-1.169e+00
-1.114e+00
-1.113e+00
-1.118e+00
-1.122e+00
-1.125e+00
-1.128e+00
-1.131e+00
-1.134e+00
-1.137e+00
-1.142e+00
-1.144e+00
-1.146e+00
-1.150e+00
-1.152e+00
-1.154e+00
-1.157e+00
-1.161e+00
-1.165e+00
-1.169e+00
-1.172e+00
-1.171e+00
-1.124e+00
-1.124e+00
-1.127e+00
-1.130e+00
-1.133e+00
-1.137e+00
-1.142e+00
-1.145e+00
-1.146e+00
-1.151e+00
-1.153e+00
-1.155e+00
-1.157e+00
-1.161e+00
-1.163e+00
-1.168e+00
-1.170e+00
-1.174e+00
-1.178e+00
-1.181e+00
-1.181e+00
-1.133e+00
-1.132e+00
-1.135e+00
-1.141e+00
-1.144e+00
-1.146e+00
-1.150e+00
-1.153e+00
-1.155e+00
-1.157e+00
-1.161e+00
-1.163e+00
-1.167e+00
-1.170e+00
-1.172e+00
-1.177e+00
-1.179e+00
-1.182e+00
-1.186e+00
-1.190e+00
-1.189e+00
-1.142e+00
-1.142e+00
-1.145e+00
-1.149e+00
-1.152e+00
-1.154e+00
-1.157e+00
-1.160e+00
-1.163e+00
-1.166e+00
-1.169e+00
-1.172e+00
-1.175e+00
-1.178e+00
-1.181e+00
-1.184e+00
-1.187e+00
-1.191e+00
-1.195e+00
-1.199e+00
-1.198e+00
-1.150e+00
-1.150e+00
-1.153e+00
-1.155e+00
-1.158e+00
-1.162e+00
-1.165e+00
-1.169e+00
-1.171e+00
-1.175e+00
-1.178e+00
-1.180e+00
-1.183e+00
-1.186e+00
-1.189e+00
-1.192e+00
-1.196e+00
-1.199e+00
-1.202e+00
-1.207e+00
-1.206e+00
-1.157e+00
-1.156e+00
-1.160e+00
-1.163e+00
-1.168e+00
-1.170e+00
-1.174e+00
-1.177e+00
-1.179e+00
-1.182e+00
-1.185e+00
-1.187e+00
-1.191e+00
-1.194e+00
-1.197e+00
-1.200e+00
-1.203e+00
-1.207e+00
-1.210e+00
-1.214e+00
-1.213e+00
-1.164e+00
-1.163e+00
-1.168e+00
-1.171e+00
-1.175e+00
-1.178e+00
-1.181e+00
-1.184e+00
-1.186e+00
-1.190e+00
-1.192e+00
-1.195e+00
-1.199e+00
-1.201e+00
-1.203e+00
-1.208e+00
-1.210e+00
-1.214e+00
-1.217e+00
-1.221e+00
-1.219e+00
-1.172e+00
-1.171e+00
-1.175e+00
-1.179e+00
-1.181e+00
-1.185e+00
-1.189e+00
-1.191e+00
-1.194e+00
-1.197e+00
-1.200e+00
-1.202e+00
-1.206e+00
-1.208e+00
-1.211e+00
-1.214e+00
-1.217e+00
-1.219e+00
-1.225e+00
-1.228e+00
-1.228e+00
-1.180e+00
-1.179e+00
-1.182e+00
-1.186e+00
-1.189e+00
-1.192e+00
-1.195e+00
-1.199e+00
-1.201e+00
-1.203e+00
-1.207e+00
-1.209e+00
-1.211e+00
-1.215e+00
-1.217e+00
-1.219e+00
-1.225e+00
-1.227e+00
-1.231e+00
-1.235e+00
-1.234e+00
-1.187e+00
-1.186e+00
-1.190e+00
-1.192e+00
-1.196e+00
-1.199e+00
-1.202e+00
-1.206e+00
-1.208e+00
-1.210e+00
-1.213e+00
-1.215e+00
-1.218e+00
-1.221e+00
-1.225e+00
-1.227e+00
-1.230e+00
-1.234e+00
-1.236e+00
-1.240e+00
-1.240e+00
-1.194e+00
-1.192e+00
-1.196e+00
-1.200e+00
-1.203e+00
-1.207e+00
-1.209e+00
-1.211e+00
-1.215e+00
-1.217e+00
-1.219e+00
-1.223e+00
-1.225e+00
-1.227e+00
-1.231e+00
-1.234e+00
-1.236e+00
-1.239e+00
-1.242e+00
-1.244e+00
-1.244e+00
-1.200e+00
-1.200e+00
-1.203e+00
-1.207e+00
-1.210e+00
-1.213e+00
-1.216e+00
-1.218e+00
-1.221e+00
-1.225e+00
-1.227e+00
-1.229e+00
-1.231e+00
-1.234e+00
-1.236e+00
-1.239e+00
-1.241e+00
-1.243e+00
-1.247e+00
-1.250e+00
-1.249e+00
-1.208e+00
-1.208e+00
-1.210e+00
-1.214e+00
-1.217e+00
-1.219e+00
-1.223e+00
-1.226e+00
-1.229e+00
-1.231e+00
-1.232e+00
-1.235e+00
-1.238e+00
-1.239e+00
-1.241e+00
-1.243e+00
-1.245e+00
-1.248e+00
-1.252e+00
-1.254e+00
-1.253e+00
-1.215e+00
-1.214e+00
-1.217e+00
-1.221e+00
-1.225e+00
-1.227e+00
-1.230e+00
-1.232e+00
-1.235e+00
-1.238e+00
-1.239e+00
-1.241e+00
-1.242e+00
-1.244e+00
-1.245e+00
-1.248e+00
-1.250e+00
-1.253e+00
-1.254e+00
-1.256e+00
-1.255e+00
-1.223e+00
-1.222e+00
-1.226e+00
-1.229e+00
-1.232e+00
-1.235e+00
-1.236e+00
-1.239e+00
-1.241e+00
-1.242e+00
-1.244e+00
-1.245e+00
-1.247e+00
-1.248e+00
-1.252e+00
-1.253e+00
-1.254e+00
-1.255e+00
-1.256e+00
-1.258e+00
-1.257e+00
-1.230e+00
-1.230e+00
-1.234e+00
-1.236e+00
-1.239e+00
-1.241e+00
-1.243e+00
-1.244e+00
-1.245e+00
-1.248e+00
-1.250e+00
-1.252e+00
-1.253e+00
-1.254e+00
-1.254e+00
-1.255e+00
-1.256e+00
-1.257e+00
-1.258e+00
-1.259e+00
-1.259e+00
-1.239e+00
-1.238e+00
-1.241e+00
-1.243e+00
-1.245e+00
-1.247e+00
-1.250e+00
-1.252e+00
-1.253e+00
-1.254e+00
-1.254e+00
-1.255e+00
-1.256e+00
-1.256e+00
-1.257e+00
-1.257e+00
-1.258e+00
-1.259e+00
-1.262e+00
-1.263e+00
-1.262e+00
-1.246e+00
-1.244e+00
-1.248e+00
-1.252e+00
-1.253e+00
-1.254e+00
-1.255e+00
-1.256e+00
-1.257e+00
-1.257e+00
-1.258e+00
-1.258e+00
-1.259e+00
-1.259e+00
-1.262e+00
-1.262e+00
-1.263e+00
-1.263e+00
-1.264e+00
-1.266e+00
-1.265e+00
-1.254e+00
-1.254e+00
-1.256e+00
-1.257e+00
-1.258e+00
-1.259e+00
-1.261e+00
-1.262e+00
-1.263e+00
-1.263e+00
-1.264e+00
-1.264e+00
-1.264e+00
-1.265e+00
-1.265e+00
-1.266e+00
-1.266e+00
-1.267e+00
-1.268e+00
-1.269e+00
-1.268e+00
-1.256e+00
-1.256e+00
-1.258e+00
-1.259e+00
-1.260e+00
-1.262e+00
-1.262e+00
-1.264e+00
-1.264e+00
-1.265e+00
-1.265e+00
-1.265e+00
-1.266e+00
-1.266e+00
-1.267e+00
-1.267e+00
-1.268e+00
-1.268e+00
-1.269e+00
-1.271e+00
-1.272e+00
-1.124e+00
-1.120e+00
-1.123e+00
-1.126e+00
-1.129e+00
-1.133e+00
-1.137e+00
-1.141e+00
-1.143e+00
-1.148e+00
-1.150e+00
-1.152e+00
-1.154e+00
-1.157e+00
-1.159e+00
-1.161e+00
-1.165e+00
-1.168e+00
-1.171e+00
-1.176e+00
-1.163e+00
-1.123e+00
-1.109e+00
-1.116e+00
-1.119e+00
-1.122e+00
-1.125e+00
-1.127e+00
-1.131e+00
-1.133e+00
-1.136e+00
-1.138e+00
-1.141e+00
-1.143e+00
-1.146e+00
-1.148e+00
-1.153e+00
-1.156e+00
-1.159e+00
-1.162e+00
-1.165e+00
-1.153e+00
-1.132e+00
-1.120e+00
-1.124e+00
-1.127e+00
-1.131e+00
-1.133e+00
-1.136e+00
-1.138e+00
-1.142e+00
-1.144e+00
-1.146e+00
-1.148e+00
-1.153e+00
-1.156e+00
-1.159e+00
-1.161e+00
-1.164e+00
-1.168e+00
-1.171e+00
-1.174e+00
-1.163e+00
-1.142e+00
-1.128e+00
-1.132e+00
-1.135e+00
-1.138e+00
-1.141e+00
-1.144e+00
-1.146e+00
-1.148e+00
-1.153e+00
-1.156e+00
-1.158e+00
-1.161e+00
-1.163e+00
-1.167e+00
-1.169e+00
-1.172e+00
-1.175e+00
-1.178e+00
-1.182e+00
-1.171e+00
-1.151e+00
-1.136e+00
-1.139e+00
-1.143e+00
-1.145e+00
-1.148e+00
-1.150e+00
-1.156e+00
-1.158e+00
-1.161e+00
-1.163e+00
-1.165e+00
-1.169e+00
-1.171e+00
-1.173e+00
-1.176e+00
-1.179e+00
-1.183e+00
-1.185e+00
-1.191e+00
-1.179e+00
-1.157e+00
-1.143e+00
-1.146e+00
-1.149e+00
-1.155e+00
-1.157e+00
-1.160e+00
-1.162e+00
-1.165e+00
-1.168e+00
-1.170e+00
-1.173e+00
-1.175e+00
-1.177e+00
-1.181e+00
-1.184e+00
-1.187e+00
-1.191e+00
-1.195e+00
-1.198e+00
-1.185e+00
-1.164e+00
-1.149e+00
-1.155e+00
-1.158e+00
-1.161e+00
-1.164e+00
-1.167e+00
-1.169e+00
-1.172e+00
-1.174e+00
-1.177e+00
-1.179e+00
-1.182e+00
-1.185e+00
-1.188e+00
-1.192e+00
-1.195e+00
-1.198e+00
-1.201e+00
-1.205e+00
-1.193e+00
-1.170e+00
-1.158e+00
-1.161e+00
-1.164e+00
-1.168e+00
-1.171e+00
-1.173e+00
-1.176e+00
-1.178e+00
-1.181e+00
-1.184e+00
-1.187e+00
-1.189e+00
-1.193e+00
-1.196e+00
-1.198e+00
-1.201e+00
-1.205e+00
-1.207e+00
-1.210e+00
-1.199e+00
-1.178e+00
-1.164e+00
-1.168e+00
-1.171e+00
-1.174e+00
-1.177e+00
-1.179e+00
-1.183e+00
-1.185e+00
-1.188e+00
-1.191e+00
-1.195e+00
-1.197e+00
-1.199e+00
-1.201e+00
-1.205e+00
-1.207e+00
-1.210e+00
-1.213e+00
-1.216e+00
-1.205e+00
-1.186e+00
-1.171e+00
-1.174e+00
-1.177e+00
-1.181e+00
-1.183e+00
-1.187e+00
-1.189e+00
-1.193e+00
-1.196e+00
-1.198e+00
-1.200e+00
-1.203e+00
-1.205e+00
-1.208e+00
-1.210e+00
-1.212e+00
-1.215e+00
-1.218e+00
-1.223e+00
-1.211e+00
-1.192e+00
-1.177e+00
-1.181e+00
-1.184e+00
-1.188e+00
-1.191e+00
-1.194e+00
-1.197e+00
-1.199e+00
-1.201e+00
-1.204e+00
-1.206e+00
-1.208e+00
-1.210e+00
-1.213e+00
-1.215e+00
-1.217e+00
-1.222e+00
-1.224e+00
-1.228e+00
-1.215e+00
-1.199e+00
-1.184e+00
-1.188e+00
-1.192e+00
-1.195e+00
-1.198e+00
-1.200e+00
-1.203e+00
-1.205e+00
-1.207e+00
-1.209e+00
-1.211e+00
-1.213e+00
-1.215e+00
-1.217e+00
-1.219e+00
-1.224e+00
-1.226e+00
-1.230e+00
-1.233e+00
-1.220e+00
-1.205e+00
-1.192e+00
-1.195e+00
-1.198e+00
-1.201e+00
-1.204e+00
-1.206e+00
-1.208e+00
-1.210e+00
-1.212e+00
-1.214e+00
-1.216e+00
-1.218e+00
-1.222e+00
-1.224e+00
-1.226e+00
-1.229e+00
-1.232e+00
-1.234e+00
-1.237e+00
-1.224e+00
-1.213e+00
-1.198e+00
-1.201e+00
-1.205e+00
-1.207e+00
-1.210e+00
-1.212e+00
-1.214e+00
-1.216e+00
-1.217e+00
-1.219e+00
-1.223e+00
-1.225e+00
-1.226e+00
-1.229e+00
-1.232e+00
-1.234e+00
-1.236e+00
-1.239e+00
-1.241e+00
-1.227e+00
-1.220e+00
-1.205e+00
-1.208e+00
-1.210e+00
-1.213e+00
-1.215e+00
-1.217e+00
-1.219e+00
-1.223e+00
-1.224e+00
-1.226e+00
-1.228e+00
-1.230e+00
-1.233e+00
-1.234e+00
-1.236e+00
-1.237e+00
-1.240e+00
-1.242e+00
-1.244e+00
-1.229e+00
-1.227e+00
-1.211e+00
-1.214e+00
-1.216e+00
-1.218e+00
-1.222e+00
-1.224e+00
-1.226e+00
-1.229e+00
-1.230e+00
-1.233e+00
-1.234e+00
-1.235e+00
-1.236e+00
-1.239e+00
-1.240e+00
-1.241e+00
-1.242e+00
-1.244e+00
-1.246e+00
-1.234e+00
-1.233e+00
-1.217e+00
-1.219e+00
-1.224e+00
-1.226e+00
-1.229e+00
-1.232e+00
-1.233e+00
-1.234e+00
-1.236e+00
-1.237e+00
-1.239e+00
-1.240e+00
-1.241e+00
-1.242e+00
-1.243e+00
-1.244e+00
-1.245e+00
-1.246e+00
-1.248e+00
-1.236e+00
-1.240e+00
-1.225e+00
-1.229e+00
-1.232e+00
-1.234e+00
-1.235e+00
-1.237e+00
-1.239e+00
-1.240e+00
-1.241e+00
-1.242e+00
-1.243e+00
-1.243e+00
-1.244e+00
-1.245e+00
-1.245e+00
-1.246e+00
-1.247e+00
-1.248e+00
-1.250e+00
-1.239e+00
-1.250e+00
-1.233e+00
-1.236e+00
-1.239e+00
-1.240e+00
-1.241e+00
-1.243e+00
-1.243e+00
-1.244e+00
-1.245e+00
-1.246e+00
-1.246e+00
-1.247e+00
-1.247e+00
-1.248e+00
-1.249e+00
-1.249e+00
-1.250e+00
-1.251e+00
-1.253e+00
-1.242e+00
-1.258e+00
-1.241e+00
-1.243e+00
-1.245e+00
-1.246e+00
-1.247e+00
-1.248e+00
-1.248e+00
-1.249e+00
-1.250e+00
-1.250e+00
-1.251e+00
-1.251e+00
-1.252e+00
-1.252e+00
-1.253e+00
-1.254e+00
-1.256e+00
-1.257e+00
-1.258e+00
-1.246e+00
-1.243e+00
-1.230e+00
-1.235e+00
-1.236e+00
-1.237e+00
-1.238e+00
-1.239e+00
-1.240e+00
-1.240e+00
-1.241e+00
-1.241e+00
-1.242e+00
-1.242e+00
-1.243e+00
-1.243e+00
-1.244e+00
-1.245e+00
-1.245e+00
-1.247e+00
-1.248e+00
-1.245e+00
-1.126e+00
-1.128e+00
-1.133e+00
-1.136e+00
-1.139e+00
-1.143e+00
-1.145e+00
-1.148e+00
-1.150e+00
-1.153e+00
-1.155e+00
-1.157e+00
-1.160e+00
-1.162e+00
-1.164e+00
-1.168e+00
-1.171e+00
-1.174e+00
-1.178e+00
-1.181e+00
-1.182e+00
-1.133e+00
-1.133e+00
-1.137e+00
-1.140e+00
-1.143e+00
-1.146e+00
-1.149e+00
-1.151e+00
-1.154e+00
-1.156e+00
-1.158e+00
-1.161e+00
-1.163e+00
-1.165e+00
-1.169e+00
-1.171e+00
-1.174e+00
-1.178e+00
-1.181e+00
-1.184e+00
-1.184e+00
-1.142e+00
-1.142e+00
-1.145e+00
-1.148e+00
-1.151e+00
-1.154e+00
-1.156e+00
-1.159e+00
-1.161e+00
-1.163e+00
-1.166e+00
-1.169e+00
-1.171e+00
-1.174e+00
-1.176e+00
-1.180e+00
-1.183e+00
-1.187e+00
-1.189e+00
-1.193e+00
-1.193e+00
-1.149e+00
-1.149e+00
-1.152e+00
-1.155e+00
-1.158e+00
-1.161e+00
-1.163e+00
-1.166e+00
-1.169e+00
-1.172e+00
-1.174e+00
-1.176e+00
-1.180e+00
-1.182e+00
-1.185e+00
-1.188e+00
-1.191e+00
-1.195e+00
-1.198e+00
-1.201e+00
-1.201e+00
-1.156e+00
-1.156e+00
-1.159e+00
-1.162e+00
-1.165e+00
-1.168e+00
-1.171e+00
-1.174e+00
-1.176e+00
-1.179e+00
-1.182e+00
-1.184e+00
-1.187e+00
-1.190e+00
-1.192e+00
-1.196e+00
-1.199e+00
-1.202e+00
-1.204e+00
-1.207e+00
-1.208e+00
-1.163e+00
-1.163e+00
-1.166e+00
-1.170e+00
-1.172e+00
-1.175e+00
-1.179e+00
-1.181e+00
-1.183e+00
-1.187e+00
-1.189e+00
-1.192e+00
-1.195e+00
-1.197e+00
-1.200e+00
-1.202e+00
-1.205e+00
-1.208e+00
-1.211e+00
-1.214e+00
-1.214e+00
-1.170e+00
-1.170e+00
-1.173e+00
-1.176e+00
-1.180e+00
-1.182e+00
-1.186e+00
-1.188e+00
-1.191e+00
-1.193e+00
-1.196e+00
-1.199e+00
-1.201e+00
-1.204e+00
-1.206e+00
-1.209e+00
-1.211e+00
-1.214e+00
-1.217e+00
-1.220e+00
-1.220e+00
-1.177e+00
-1.176e+00
-1.180e+00
-1.183e+00
-1.187e+00
-1.189e+00
-1.192e+00
-1.195e+00
-1.198e+00
-1.200e+00
-1.203e+00
-1.205e+00
-1.207e+00
-1.209e+00
-1.212e+00
-1.214e+00
-1.217e+00
-1.220e+00
-1.223e+00
-1.226e+00
-1.226e+00
-1.184e+00
-1.183e+00
-1.187e+00
-1.190e+00
-1.193e+00
-1.196e+00
-1.199e+00
-1.201e+00
-1.204e+00
-1.206e+00
-1.208e+00
-1.211e+00
-1.213e+00
-1.215e+00
-1.217e+00
-1.220e+00
-1.222e+00
-1.225e+00
-1.228e+00
-1.231e+00
-1.231e+00
-1.190e+00
-1.190e+00
-1.193e+00
-1.197e+00
-1.200e+00
-1.202e+00
-1.205e+00
-1.207e+00
-1.209e+00
-1.212e+00
-1.214e+00
-1.216e+00
-1.218e+00
-1.220e+00
-1.223e+00
-1.225e+00
-1.228e+00
-1.230e+00
-1.233e+00
-1.236e+00
-1.236e+00
-1.197e+00
-1.197e+00
-1.200e+00
-1.203e+00
-1.206e+00
-1.208e+00
-1.210e+00
-1.213e+00
-1.215e+00
-1.217e+00
-1.219e+00
-1.221e+00
-1.223e+00
-1.226e+00
-1.228e+00
-1.230e+00
-1.232e+00
-1.235e+00
-1.238e+00
-1.241e+00
-1.241e+00
-1.203e+00
-1.203e+00
-1.206e+00
-1.209e+00
-1.211e+00
-1.214e+00
-1.216e+00
-1.218e+00
-1.220e+00
-1.222e+00
-1.225e+00
-1.227e+00
-1.229e+00
-1.231e+00
-1.233e+00
-1.235e+00
-1.237e+00
-1.239e+00
-1.242e+00
-1.245e+00
-1.245e+00
-1.208e+00
-1.209e+00
-1.212e+00
-1.214e+00
-1.217e+00
-1.219e+00
-1.222e+00
-1.224e+00
-1.226e+00
-1.228e+00
-1.230e+00
-1.231e+00
-1.233e+00
-1.235e+00
-1.237e+00
-1.239e+00
-1.241e+00
-1.244e+00
-1.246e+00
-1.249e+00
-1.249e+00
-1.214e+00
-1.214e+00
-1.217e+00
-1.220e+00
-1.223e+00
-1.225e+00
-1.227e+00
-1.229e+00
-1.231e+00
-1.233e+00
-1.235e+00
-1.236e+00
-1.238e+00
-1.240e+00
-1.242e+00
-1.243e+00
-1.245e+00
-1.247e+00
-1.250e+00
-1.252e+00
-1.252e+00
-1.220e+00
-1.220e+00
-1.223e+00
-1.226e+00
-1.228e+00
-1.230e+00
-1.232e+00
-1.234e+00
-1.236e+00
-1.238e+00
-1.239e+00
-1.241e+00
-1.243e+00
-1.244e+00
-1.246e+00
-1.247e+00
-1.249e+00
-1.251e+00
-1.253e+00
-1.255e+00
-1.255e+00
-1.226e+00
-1.226e+00
-1.229e+00
-1.232e+00
-1.234e+00
-1.236e+00
-1.238e+00
-1.240e+00
-1.241e+00
-1.243e+00
-1.244e+00
-1.246e+00
-1.247e+00
-1.248e+00
-1.250e+00
-1.251e+00
-1.252e+00
-1.254e+00
-1.256e+00
-1.258e+00
-1.258e+00
-1.232e+00
-1.232e+00
-1.235e+00
-1.237e+00
-1.240e+00
-1.242e+00
-1.243e+00
-1.245e+00
-1.246e+00
-1.248e+00
-1.249e+00
-1.250e+00
-1.251e+00
-1.252e+00
-1.253e+00
-1.254e+00
-1.256e+00
-1.257e+00
-1.259e+00
-1.261e+00
-1.261e+00
-1.238e+00
-1.238e+00
-1.241e+00
-1.243e+00
-1.245e+00
-1.247e+00
-1.249e+00
-1.250e+00
-1.251e+00
-1.252e+00
-1.253e+00
-1.254e+00
-1.255e+00
-1.256e+00
-1.257e+00
-1.258e+00
-1.259e+00
-1.260e+00
-1.263e+00
-1.265e+00
-1.265e+00
-1.245e+00
-1.245e+00
-1.248e+00
-1.250e+00
-1.251e+00
-1.253e+00
-1.254e+00
-1.255e+00
-1.256e+00
-1.257e+00
-1.258e+00
-1.259e+00
-1.260e+00
-1.260e+00
-1.262e+00
-1.263e+00
-1.264e+00
-1.265e+00
-1.267e+00
-1.269e+00
-1.269e+00
-1.252e+00
-1.252e+00
-1.254e+00
-1.256e+00
-1.258e+00
-1.259e+00
-1.260e+00
-1.262e+00
-1.263e+00
-1.264e+00
-1.265e+00
-1.265e+00
-1.266e+00
-1.267e+00
-1.268e+00
-1.268e+00
-1.269e+00
-1.271e+00
-1.272e+00
-1.274e+00
-1.274e+00
-1.254e+00
-1.255e+00
-1.257e+00
-1.259e+00
-1.261e+00
-1.263e+00
-1.264e+00
-1.265e+00
-1.266e+00
-1.266e+00
-1.267e+00
-1.268e+00
-1.269e+00
-1.269e+00
-1.270e+00
-1.271e+00
-1.272e+00
-1.273e+00
-1.275e+00
-1.277e+00
-1.278e+00
-1.197e+00
-1.199e+00
-1.203e+00
-1.206e+00
-1.209e+00
-1.211e+00
-1.214e+00
-1.217e+00
-1.219e+00
-1.222e+00
-1.224e+00
-1.226e+00
-1.229e+00
-1.231e+00
-1.234e+00
-1.236e+00
-1.239e+00
-1.243e+00
-1.246e+00
-1.249e+00
-1.250e+00
-1.203e+00
-1.203e+00
-1.206e+00
-1.209e+00
-1.212e+00
-1.215e+00
-1.218e+00
-1.220e+00
-1.223e+00
-1.225e+00
-1.227e+00
-1.230e+00
-1.232e+00
-1.235e+00
-1.237e+00
-1.240e+00
-1.243e+00
-1.246e+00
-1.249e+00
-1.252e+00
-1.252e+00
-1.210e+00
-1.211e+00
-1.214e+00
-1.217e+00
-1.220e+00
-1.222e+00
-1.225e+00
-1.228e+00
-1.230e+00
-1.233e+00
-1.235e+00
-1.237e+00
-1.240e+00
-1.243e+00
-1.246e+00
-1.248e+00
-1.251e+00
-1.254e+00
-1.257e+00
-1.260e+00
-1.260e+00
-1.218e+00
-1.218e+00
-1.221e+00
-1.224e+00
-1.227e+00
-1.230e+00
-1.232e+00
-1.235e+00
-1.237e+00
-1.240e+00
-1.243e+00
-1.245e+00
-1.248e+00
-1.250e+00
-1.253e+00
-1.255e+00
-1.258e+00
-1.261e+00
-1.265e+00
-1.268e+00
-1.268e+00
-1.225e+00
-1.225e+00
-1.228e+00
-1.231e+00
-1.234e+00
-1.237e+00
-1.239e+00
-1.243e+00
-1.245e+00
-1.248e+00
-1.250e+00
-1.252e+00
-1.255e+00
-1.257e+00
-1.260e+00
-1.263e+00
-1.266e+00
-1.269e+00
-1.272e+00
-1.275e+00
-1.275e+00
-1.232e+00
-1.232e+00
-1.235e+00
-1.238e+00
-1.241e+00
-1.244e+00
-1.247e+00
-1.249e+00
-1.252e+00
-1.254e+00
-1.256e+00
-1.259e+00
-1.261e+00
-1.264e+00
-1.267e+00
-1.270e+00
-1.273e+00
-1.275e+00
-1.278e+00
-1.281e+00
-1.281e+00
-1.238e+00
-1.238e+00
-1.242e+00
-1.245e+00
-1.248e+00
-1.251e+00
-1.253e+00
-1.256e+00
-1.258e+00
-1.260e+00
-1.263e+00
-1.266e+00
-1.269e+00
-1.271e+00
-1.273e+00
-1.276e+00
-1.279e+00
-1.281e+00
-1.284e+00
-1.287e+00
-1.288e+00
-1.245e+00
-1.245e+00
-1.248e+00
-1.251e+00
-1.254e+00
-1.257e+00
-1.259e+00
-1.262e+00
-1.265e+00
-1.268e+00
-1.270e+00
-1.272e+00
-1.275e+00
-1.277e+00
-1.279e+00
-1.282e+00
-1.284e+00
-1.287e+00
-1.290e+00
-1.293e+00
-1.293e+00
-1.251e+00
-1.251e+00
-1.255e+00
-1.257e+00
-1.260e+00
-1.263e+00
-1.266e+00
-1.269e+00
-1.271e+00
-1.273e+00
-1.276e+00
-1.278e+00
-1.280e+00
-1.283e+00
-1.285e+00
-1.287e+00
-1.290e+00
-1.293e+00
-1.295e+00
-1.298e+00
-1.299e+00
-1.257e+00
-1.257e+00
-1.260e+00
-1.264e+00
-1.267e+00
-1.270e+00
-1.272e+00
-1.275e+00
-1.277e+00
-1.279e+00
-1.281e+00
-1.284e+00
-1.286e+00
-1.288e+00
-1.290e+00
-1.293e+00
-1.295e+00
-1.298e+00
-1.301e+00
-1.304e+00
-1.304e+00
-1.264e+00
-1.264e+00
-1.267e+00
-1.270e+00
-1.273e+00
-1.275e+00
-1.278e+00
-1.280e+00
-1.282e+00
-1.285e+00
-1.287e+00
-1.289e+00
-1.291e+00
-1.293e+00
-1.295e+00
-1.298e+00
-1.300e+00
-1.303e+00
-1.305e+00
-1.308e+00
-1.308e+00
-1.270e+00
-1.270e+00
-1.273e+00
-1.276e+00
-1.279e+00
-1.281e+00
-1.284e+00
-1.286e+00
-1.288e+00
-1.290e+00
-1.292e+00
-1.294e+00
-1.296e+00
-1.298e+00
-1.300e+00
-1.302e+00
-1.305e+00
-1.307e+00
-1.310e+00
-1.313e+00
-1.313e+00
-1.276e+00
-1.276e+00
-1.279e+00
-1.282e+00
-1.284e+00
-1.287e+00
-1.289e+00
-1.291e+00
-1.293e+00
-1.295e+00
-1.297e+00
-1.299e+00
-1.301e+00
-1.303e+00
-1.305e+00
-1.307e+00
-1.309e+00
-1.311e+00
-1.314e+00
-1.317e+00
-1.317e+00
-1.282e+00
-1.282e+00
-1.285e+00
-1.288e+00
-1.290e+00
-1.292e+00
-1.295e+00
-1.297e+00
-1.299e+00
-1.300e+00
-1.302e+00
-1.304e+00
-1.306e+00
-1.308e+00
-1.309e+00
-1.311e+00
-1.313e+00
-1.315e+00
-1.318e+00
-1.321e+00
-1.321e+00
-1.288e+00
-1.288e+00
-1.291e+00
-1.293e+00
-1.296e+00
-1.298e+00
-1.300e+00
-1.302e+00
-1.304e+00
-1.306e+00
-1.307e+00
-1.309e+00
-1.311e+00
-1.312e+00
-1.314e+00
-1.315e+00
-1.317e+00
-1.319e+00
-1.321e+00
-1.324e+00
-1.324e+00
-1.294e+00
-1.294e+00
-1.297e+00
-1.299e+00
-1.302e+00
-1.304e+00
-1.306e+00
-1.307e+00
-1.309e+00
-1.311e+00
-1.312e+00
-1.314e+00
-1.315e+00
-1.317e+00
-1.318e+00
-1.319e+00
-1.321e+00
-1.323e+00
-1.325e+00
-1.327e+00
-1.327e+00
-1.300e+00
-1.300e+00
-1.303e+00
-1.305e+00
-1.307e+00
-1.309e+00
-1.311e+00
-1.313e+00
-1.314e+00
-1.316e+00
-1.317e+00
-1.318e+00
-1.320e+00
-1.321e+00
-1.322e+00
-1.323e+00
-1.325e+00
-1.326e+00
-1.328e+00
-1.331e+00
-1.331e+00
-1.306e+00
-1.306e+00
-1.309e+00
-1.311e+00
-1.314e+00
-1.315e+00
-1.317e+00
-1.318e+00
-1.320e+00
-1.321e+00
-1.322e+00
-1.323e+00
-1.324e+00
-1.325e+00
-1.326e+00
-1.328e+00
-1.329e+00
-1.330e+00
-1.332e+00
-1.335e+00
-1.335e+00
-1.313e+00
-1.313e+00
-1.316e+00
-1.318e+00
-1.320e+00
-1.321e+00
-1.323e+00
-1.324e+00
-1.325e+00
-1.326e+00
-1.327e+00
-1.328e+00
-1.329e+00
-1.330e+00
-1.331e+00
-1.332e+00
-1.334e+00
-1.335e+00
-1.337e+00
-1.339e+00
-1.339e+00
-1.320e+00
-1.320e+00
-1.323e+00
-1.325e+00
-1.327e+00
-1.328e+00
-1.330e+00
-1.331e+00
-1.332e+00
-1.333e+00
-1.334e+00
-1.335e+00
-1.335e+00
-1.336e+00
-1.337e+00
-1.338e+00
-1.340e+00
-1.341e+00
-1.343e+00
-1.345e+00
-1.345e+00
-1.323e+00
-1.323e+00
-1.326e+00
-1.328e+00
-1.330e+00
-1.331e+00
-1.332e+00
-1.334e+00
-1.335e+00
-1.336e+00
-1.337e+00
-1.337e+00
-1.338e+00
-1.339e+00
-1.340e+00
-1.341e+00
-1.342e+00
-1.344e+00
-1.346e+00
-1.348e+00
-1.349e+00
-1.396e+00
-1.398e+00
-1.401e+00
-1.404e+00
-1.407e+00
-1.410e+00
-1.412e+00
-1.415e+00
-1.417e+00
-1.420e+00
-1.422e+00
-1.425e+00
-1.427e+00
-1.430e+00
-1.432e+00
-1.435e+00
-1.438e+00
-1.441e+00
-1.444e+00
-1.447e+00
-1.448e+00
-1.401e+00
-1.401e+00
-1.404e+00
-1.407e+00
-1.410e+00
-1.413e+00
-1.416e+00
-1.418e+00
-1.421e+00
-1.423e+00
-1.426e+00
-1.428e+00
-1.431e+00
-1.433e+00
-1.436e+00
-1.438e+00
-1.441e+00
-1.444e+00
-1.447e+00
-1.450e+00
-1.450e+00
-1.409e+00
-1.409e+00
-1.412e+00
-1.415e+00
-1.418e+00
-1.421e+00
-1.423e+00
-1.426e+00
-1.428e+00
-1.431e+00
-1.433e+00
-1.436e+00
-1.438e+00
-1.441e+00
-1.443e+00
-1.446e+00
-1.449e+00
-1.452e+00
-1.454e+00
-1.458e+00
-1.458e+00
-1.416e+00
-1.416e+00
-1.419e+00
-1.422e+00
-1.425e+00
-1.428e+00
-1.430e+00
-1.433e+00
-1.436e+00
-1.438e+00
-1.440e+00
-1.443e+00
-1.445e+00
-1.448e+00
-1.450e+00
-1.453e+00
-1.456e+00
-1.459e+00
-1.462e+00
-1.465e+00
-1.465e+00
-1.423e+00
-1.423e+00
-1.426e+00
-1.429e+00
-1.432e+00
-1.435e+00
-1.437e+00
-1.440e+00
-1.443e+00
-1.445e+00
-1.447e+00
-1.450e+00
-1.452e+00
-1.455e+00
-1.457e+00
-1.460e+00
-1.463e+00
-1.466e+00
-1.469e+00
-1.472e+00
-1.472e+00
-1.430e+00
-1.430e+00
-1.433e+00
-1.436e+00
-1.439e+00
-1.442e+00
-1.444e+00
-1.447e+00
-1.449e+00
-1.452e+00
-1.454e+00
-1.456e+00
-1.459e+00
-1.461e+00
-1.464e+00
-1.467e+00
-1.469e+00
-1.472e+00
-1.475e+00
-1.478e+00
-1.478e+00
-1.436e+00
-1.437e+00
-1.440e+00
-1.443e+00
-1.445e+00
-1.448e+00
-1.451e+00
-1.453e+00
-1.456e+00
-1.458e+00
-1.460e+00
-1.463e+00
-1.465e+00
-1.468e+00
-1.470e+00
-1.473e+00
-1.475e+00
-1.478e+00
-1.481e+00
-1.484e+00
-1.484e+00
-1.443e+00
-1.443e+00
-1.446e+00
-1.449e+00
-1.452e+00
-1.454e+00
-1.457e+00
-1.459e+00
-1.462e+00
-1.464e+00
-1.467e+00
-1.469e+00
-1.471e+00
-1.474e+00
-1.476e+00
-1.479e+00
-1.481e+00
-1.484e+00
-1.487e+00
-1.490e+00
-1.490e+00
-1.449e+00
-1.449e+00
-1.452e+00
-1.455e+00
-1.458e+00
-1.460e+00
-1.463e+00
-1.465e+00
-1.468e+00
-1.470e+00
-1.473e+00
-1.475e+00
-1.477e+00
-1.479e+00
-1.482e+00
-1.484e+00
-1.487e+00
-1.490e+00
-1.493e+00
-1.496e+00
-1.496e+00
-1.455e+00
-1.455e+00
-1.458e+00
-1.461e+00
-1.464e+00
-1.466e+00
-1.469e+00
-1.471e+00
-1.474e+00
-1.476e+00
-1.478e+00
-1.480e+00
-1.483e+00
-1.485e+00
-1.487e+00
-1.490e+00
-1.492e+00
-1.495e+00
-1.498e+00
-1.501e+00
-1.501e+00
-1.461e+00
-1.461e+00
-1.464e+00
-1.467e+00
-1.470e+00
-1.472e+00
-1.475e+00
-1.477e+00
-1.479e+00
-1.482e+00
-1.484e+00
-1.486e+00
-1.488e+00
-1.490e+00
-1.493e+00
-1.495e+00
-1.497e+00
-1.500e+00
-1.503e+00
-1.506e+00
-1.506e+00
-1.467e+00
-1.467e+00
-1.470e+00
-1.473e+00
-1.476e+00
-1.478e+00
-1.481e+00
-1.483e+00
-1.485e+00
-1.487e+00
-1.489e+00
-1.491e+00
-1.493e+00
-1.495e+00
-1.498e+00
-1.500e+00
-1.502e+00
-1.505e+00
-1.507e+00
-1.510e+00
-1.510e+00
-1.473e+00
-1.473e+00
-1.476e+00
-1.479e+00
-1.481e+00
-1.484e+00
-1.486e+00
-1.488e+00
-1.490e+00
-1.493e+00
-1.494e+00
-1.496e+00
-1.498e+00
-1.500e+00
-1.502e+00
-1.505e+00
-1.507e+00
-1.509e+00
-1.512e+00
-1.515e+00
-1.515e+00
-1.479e+00
-1.479e+00
-1.482e+00
-1.485e+00
-1.487e+00
-1.490e+00
-1.492e+00
-1.494e+00
-1.496e+00
-1.498e+00
-1.500e+00
-1.502e+00
-1.503e+00
-1.505e+00
-1.507e+00
-1.509e+00
-1.511e+00
-1.514e+00
-1.516e+00
-1.519e+00
-1.519e+00
-1.485e+00
-1.485e+00
-1.488e+00
-1.491e+00
-1.493e+00
-1.495e+00
-1.498e+00
-1.500e+00
-1.501e+00
-1.503e+00
-1.505e+00
-1.507e+00
-1.508e+00
-1.510e+00
-1.512e+00
-1.514e+00
-1.516e+00
-1.518e+00
-1.520e+00
-1.523e+00
-1.523e+00
-1.491e+00
-1.491e+00
-1.494e+00
-1.497e+00
-1.499e+00
-1.501e+00
-1.503e+00
-1.505e+00
-1.507e+00
-1.509e+00
-1.510e+00
-1.512e+00
-1.513e+00
-1.515e+00
-1.516e+00
-1.518e+00
-1.520e+00
-1.522e+00
-1.524e+00
-1.527e+00
-1.527e+00
-1.498e+00
-1.498e+00
-1.500e+00
-1.503e+00
-1.505e+00
-1.507e+00
-1.509e+00
-1.511e+00
-1.513e+00
-1.514e+00
-1.516e+00
-1.517e+00
-1.518e+00
-1.520e+00
-1.521e+00
-1.523e+00
-1.525e+00
-1.527e+00
-1.529e+00
-1.531e+00
-1.531e+00
-1.504e+00
-1.504e+00
-1.507e+00
-1.509e+00
-1.512e+00
-1.514e+00
-1.515e+00
-1.517e+00
-1.519e+00
-1.520e+00
-1.521e+00
-1.523e+00
-1.524e+00
-1.525e+00
-1.526e+00
-1.528e+00
-1.530e+00
-1.531e+00
-1.534e+00
-1.536e+00
-1.536e+00
-1.511e+00
-1.511e+00
-1.514e+00
-1.516e+00
-1.518e+00
-1.520e+00
-1.522e+00
-1.523e+00
-1.525e+00
-1.526e+00
-1.527e+00
-1.529e+00
-1.530e+00
-1.531e+00
-1.532e+00
-1.534e+00
-1.535e+00
-1.537e+00
-1.539e+00
-1.542e+00
-1.542e+00
-1.519e+00
-1.519e+00
-1.521e+00
-1.524e+00
-1.526e+00
-1.527e+00
-1.529e+00
-1.530e+00
-1.532e+00
-1.533e+00
-1.534e+00
-1.535e+00
-1.536e+00
-1.538e+00
-1.539e+00
-1.540e+00
-1.542e+00
-1.544e+00
-1.546e+00
-1.548e+00
-1.548e+00
-1.521e+00
-1.522e+00
-1.524e+00
-1.527e+00
-1.529e+00
-1.530e+00
-1.532e+00
-1.533e+00
-1.535e+00
-1.536e+00
-1.537e+00
-1.538e+00
-1.539e+00
-1.541e+00
-1.542e+00
-1.543e+00
-1.545e+00
-1.546e+00
-1.548e+00
-1.551e+00
-1.553e+00
-1.593e+00
-1.596e+00
-1.599e+00
-1.602e+00
-1.605e+00
-1.608e+00
-1.611e+00
-1.613e+00
-1.616e+00
-1.618e+00
-1.621e+00
-1.623e+00
-1.626e+00
-1.628e+00
-1.631e+00
-1.634e+00
-1.636e+00
-1.639e+00
-1.642e+00
-1.645e+00
-1.648e+00
-1.599e+00
-1.601e+00
-1.604e+00
-1.607e+00
-1.610e+00
-1.613e+00
-1.615e+00
-1.618e+00
-1.621e+00
-1.623e+00
-1.626e+00
-1.628e+00
-1.631e+00
-1.633e+00
-1.636e+00
-1.639e+00
-1.641e+00
-1.644e+00
-1.647e+00
-1.650e+00
-1.654e+00
-1.607e+00
-1.609e+00
-1.612e+00
-1.615e+00
-1.618e+00
-1.621e+00
-1.624e+00
-1.626e+00
-1.629e+00
-1.631e+00
-1.634e+00
-1.636e+00
-1.639e+00
-1.641e+00
-1.644e+00
-1.647e+00
-1.650e+00
-1.652e+00
-1.655e+00
-1.658e+00
-1.663e+00
-1.614e+00
-1.616e+00
-1.620e+00
-1.623e+00
-1.626e+00
-1.628e+00
-1.631e+00
-1.634e+00
-1.636e+00
-1.639e+00
-1.641e+00
-1.644e+00
-1.646e+00
-1.649e+00
-1.651e+00
-1.654e+00
-1.657e+00
-1.660e+00
-1.663e+00
-1.666e+00
-1.670e+00
-1.621e+00
-1.623e+00
-1.627e+00
-1.630e+00
-1.633e+00
-1.636e+00
-1.638e+00
-1.641e+00
-1.643e+00
-1.646e+00
-1.648e+00
-1.651e+00
-1.653e+00
-1.656e+00
-1.658e+00
-1.661e+00
-1.664e+00
-1.667e+00
-1.670e+00
-1.673e+00
-1.677e+00
-1.628e+00
-1.630e+00
-1.634e+00
-1.637e+00
-1.640e+00
-1.642e+00
-1.645e+00
-1.648e+00
-1.650e+00
-1.652e+00
-1.655e+00
-1.657e+00
-1.660e+00
-1.662e+00
-1.665e+00
-1.668e+00
-1.670e+00
-1.673e+00
-1.676e+00
-1.679e+00
-1.684e+00
-1.635e+00
-1.637e+00
-1.640e+00
-1.643e+00
-1.646e+00
-1.649e+00
-1.651e+00
-1.654e+00
-1.657e+00
-1.659e+00
-1.661e+00
-1.664e+00
-1.666e+00
-1.669e+00
-1.671e+00
-1.674e+00
-1.677e+00
-1.679e+00
-1.682e+00
-1.685e+00
-1.690e+00
-1.641e+00
-1.643e+00
-1.647e+00
-1.650e+00
-1.652e+00
-1.655e+00
-1.658e+00
-1.660e+00
-1.663e+00
-1.665e+00
-1.668e+00
-1.670e+00
-1.672e+00
-1.675e+00
-1.677e+00
-1.680e+00
-1.682e+00
-1.685e+00
-1.688e+00
-1.691e+00
-1.696e+00
-1.648e+00
-1.649e+00
-1.653e+00
-1.656e+00
-1.659e+00
-1.661e+00
-1.664e+00
-1.666e+00
-1.669e+00
-1.671e+00
-1.674e+00
-1.676e+00
-1.678e+00
-1.681e+00
-1.683e+00
-1.685e+00
-1.688e+00
-1.691e+00
-1.694e+00
-1.697e+00
-1.701e+00
-1.654e+00
-1.655e+00
-1.659e+00
-1.662e+00
-1.665e+00
-1.667e+00
-1.670e+00
-1.672e+00
-1.675e+00
-1.677e+00
-1.679e+00
-1.682e+00
-1.684e+00
-1.686e+00
-1.688e+00
-1.691e+00
-1.693e+00
-1.696e+00
-1.699e+00
-1.702e+00
-1.707e+00
-1.660e+00
-1.662e+00
-1.665e+00
-1.668e+00
-1.671e+00
-1.673e+00
-1.676e+00
-1.678e+00
-1.680e+00
-1.683e+00
-1.685e+00
-1.687e+00
-1.689e+00
-1.691e+00
-1.694e+00
-1.696e+00
-1.699e+00
-1.701e+00
-1.704e+00
-1.707e+00
-1.712e+00
-1.666e+00
-1.668e+00
-1.671e+00
-1.674e+00
-1.677e+00
-1.679e+00
-1.682e+00
-1.684e+00
-1.686e+00
-1.688e+00
-1.690e+00
-1.692e+00
-1.695e+00
-1.697e+00
-1.699e+00
-1.701e+00
-1.704e+00
-1.706e+00
-1.709e+00
-1.712e+00
-1.716e+00
-1.672e+00
-1.674e+00
-1.677e+00
-1.680e+00
-1.683e+00
-1.685e+00
-1.687e+00
-1.690e+00
-1.692e+00
-1.694e+00
-1.696e+00
-1.698e+00
-1.700e+00
-1.702e+00
-1.704e+00
-1.706e+00
-1.708e+00
-1.711e+00
-1.713e+00
-1.716e+00
-1.721e+00
-1.678e+00
-1.680e+00
-1.683e+00
-1.686e+00
-1.688e+00
-1.691e+00
-1.693e+00
-1.695e+00
-1.697e+00
-1.699e+00
-1.701e+00
-1.703e+00
-1.705e+00
-1.707e+00
-1.709e+00
-1.711e+00
-1.713e+00
-1.715e+00
-1.718e+00
-1.721e+00
-1.725e+00
-1.684e+00
-1.686e+00
-1.689e+00
-1.692e+00
-1.694e+00
-1.697e+00
-1.699e+00
-1.701e+00
-1.703e+00
-1.705e+00
-1.707e+00
-1.708e+00
-1.710e+00
-1.712e+00
-1.714e+00
-1.716e+00
-1.718e+00
-1.720e+00
-1.723e+00
-1.725e+00
-1.730e+00
-1.690e+00
-1.692e+00
-1.695e+00
-1.698e+00
-1.701e+00
-1.703e+00
-1.705e+00
-1.707e+00
-1.709e+00
-1.710e+00
-1.712e+00
-1.714e+00
-1.715e+00
-1.717e+00
-1.719e+00
-1.720e+00
-1.722e+00
-1.725e+00
-1.727e+00
-1.730e+00
-1.734e+00
-1.697e+00
-1.698e+00
-1.702e+00
-1.705e+00
-1.707e+00
-1.709e+00
-1.711e+00
-1.713e+00
-1.715e+00
-1.716e+00
-1.718e+00
-1.719e+00
-1.721e+00
-1.722e+00
-1.724e+00
-1.726e+00
-1.727e+00
-1.730e+00
-1.732e+00
-1.735e+00
-1.739e+00
-1.703e+00
-1.705e+00
-1.709e+00
-1.711e+00
-1.713e+00
-1.716e+00
-1.717e+00
-1.719e+00
-1.721e+00
-1.722e+00
-1.724e+00
-1.725e+00
-1.727e+00
-1.728e+00
-1.729e+00
-1.731e+00
-1.733e+00
-1.735e+00
-1.737e+00
-1.740e+00
-1.745e+00
-1.711e+00
-1.712e+00
-1.716e+00
-1.718e+00
-1.720e+00
-1.722e+00
-1.724e+00
-1.726e+00
-1.727e+00
-1.729e+00
-1.730e+00
-1.732e+00
-1.733e+00
-1.734e+00
-1.736e+00
-1.737e+00
-1.739e+00
-1.741e+00
-1.743e+00
-1.746e+00
-1.750e+00
-1.718e+00
-1.720e+00
-1.723e+00
-1.726e+00
-1.728e+00
-1.730e+00
-1.732e+00
-1.733e+00
-1.735e+00
-1.736e+00
-1.737e+00
-1.739e+00
-1.740e+00
-1.741e+00
-1.743e+00
-1.744e+00
-1.746e+00
-1.748e+00
-1.750e+00
-1.753e+00
-1.758e+00
-1.722e+00
-1.726e+00
-1.731e+00
-1.733e+00
-1.736e+00
-1.738e+00
-1.739e+00
-1.741e+00
-1.742e+00
-1.744e+00
-1.745e+00
-1.746e+00
-1.748e+00
-1.749e+00
-1.750e+00
-1.752e+00
-1.753e+00
-1.755e+00
-1.758e+00
-1.761e+00
-1.797e+00
-1.797e+00
-1.797e+00
-1.800e+00
-1.803e+00
-1.806e+00
-1.809e+00
-1.811e+00
-1.814e+00
-1.816e+00
-1.819e+00
-1.822e+00
-1.824e+00
-1.827e+00
-1.829e+00
-1.832e+00
-1.834e+00
-1.837e+00
-1.840e+00
-1.843e+00
-1.846e+00
-1.841e+00
-1.800e+00
-1.794e+00
-1.797e+00
-1.800e+00
-1.803e+00
-1.806e+00
-1.808e+00
-1.811e+00
-1.814e+00
-1.816e+00
-1.819e+00
-1.821e+00
-1.824e+00
-1.826e+00
-1.829e+00
-1.832e+00
-1.834e+00
-1.837e+00
-1.840e+00
-1.843e+00
-1.830e+00
-1.808e+00
-1.802e+00
-1.804e+00
-1.807e+00
-1.810e+00
-1.813e+00
-1.815e+00
-1.818e+00
-1.821e+00
-1.823e+00
-1.826e+00
-1.828e+00
-1.831e+00
-1.833e+00
-1.836e+00
-1.839e+00
-1.841e+00
-1.844e+00
-1.847e+00
-1.850e+00
-1.835e+00
-1.815e+00
-1.809e+00
-1.811e+00
-1.814e+00
-1.817e+00
-1.820e+00
-1.823e+00
-1.825e+00
-1.828e+00
-1.830e+00
-1.833e+00
-1.835e+00
-1.838e+00
-1.840e+00
-1.843e+00
-1.846e+00
-1.849e+00
-1.851e+00
-1.854e+00
-1.857e+00
-1.843e+00
-1.822e+00
-1.816e+00
-1.819e+00
-1.821e+00
-1.824e+00
-1.827e+00
-1.830e+00
-1.832e+00
-1.835e+00
-1.837e+00
-1.840e+00
-1.842e+00
-1.845e+00
-1.847e+00
-1.850e+00
-1.853e+00
-1.855e+00
-1.858e+00
-1.861e+00
-1.864e+00
-1.850e+00
-1.829e+00
-1.823e+00
-1.825e+00
-1.828e+00
-1.831e+00
-1.834e+00
-1.837e+00
-1.839e+00
-1.842e+00
-1.844e+00
-1.847e+00
-1.849e+00
-1.851e+00
-1.854e+00
-1.857e+00
-1.859e+00
-1.862e+00
-1.865e+00
-1.868e+00
-1.871e+00
-1.857e+00
-1.836e+00
-1.830e+00
-1.832e+00
-1.835e+00
-1.838e+00
-1.840e+00
-1.843e+00
-1.846e+00
-1.848e+00
-1.851e+00
-1.853e+00
-1.855e+00
-1.858e+00
-1.860e+00
-1.863e+00
-1.865e+00
-1.868e+00
-1.871e+00
-1.874e+00
-1.877e+00
-1.863e+00
-1.842e+00
-1.836e+00
-1.838e+00
-1.841e+00
-1.844e+00
-1.847e+00
-1.849e+00
-1.852e+00
-1.854e+00
-1.857e+00
-1.859e+00
-1.862e+00
-1.864e+00
-1.866e+00
-1.869e+00
-1.871e+00
-1.874e+00
-1.877e+00
-1.880e+00
-1.883e+00
-1.869e+00
-1.848e+00
-1.842e+00
-1.845e+00
-1.848e+00
-1.850e+00
-1.853e+00
-1.856e+00
-1.858e+00
-1.860e+00
-1.863e+00
-1.865e+00
-1.867e+00
-1.870e+00
-1.872e+00
-1.875e+00
-1.877e+00
-1.880e+00
-1.883e+00
-1.885e+00
-1.888e+00
-1.874e+00
-1.854e+00
-1.848e+00
-1.851e+00
-1.854e+00
-1.856e+00
-1.859e+00
-1.862e+00
-1.864e+00
-1.866e+00
-1.869e+00
-1.871e+00
-1.873e+00
-1.875e+00
-1.878e+00
-1.880e+00
-1.883e+00
-1.885e+00
-1.888e+00
-1.891e+00
-1.894e+00
-1.879e+00
-1.861e+00
-1.855e+00
-1.857e+00
-1.860e+00
-1.862e+00
-1.865e+00
-1.867e+00
-1.870e+00
-1.872e+00
-1.874e+00
-1.877e+00
-1.879e+00
-1.881e+00
-1.883e+00
-1.885e+00
-1.888e+00
-1.890e+00
-1.893e+00
-1.896e+00
-1.899e+00
-1.884e+00
-1.867e+00
-1.861e+00
-1.863e+00
-1.866e+00
-1.868e+00
-1.871e+00
-1.873e+00
-1.876e+00
-1.878e+00
-1.880e+00
-1.882e+00
-1.884e+00
-1.886e+00
-1.888e+00
-1.891e+00
-1.893e+00
-1.895e+00
-1.898e+00
-1.901e+00
-1.903e+00
-1.889e+00
-1.873e+00
-1.867e+00
-1.869e+00
-1.872e+00
-1.874e+00
-1.877e+00
-1.879e+00
-1.881e+00
-1.883e+00
-1.885e+00
-1.888e+00
-1.890e+00
-1.892e+00
-1.894e+00
-1.896e+00
-1.898e+00
-1.900e+00
-1.903e+00
-1.905e+00
-1.908e+00
-1.894e+00
-1.879e+00
-1.873e+00
-1.875e+00
-1.878e+00
-1.880e+00
-1.883e+00
-1.885e+00
-1.887e+00
-1.889e+00
-1.891e+00
-1.893e+00
-1.895e+00
-1.897e+00
-1.899e+00
-1.901e+00
-1.903e+00
-1.905e+00
-1.907e+00
-1.910e+00
-1.913e+00
-1.898e+00
-1.885e+00
-1.879e+00
-1.881e+00
-1.884e+00
-1.886e+00
-1.889e+00
-1.891e+00
-1.893e+00
-1.895e+00
-1.897e+00
-1.898e+00
-1.900e+00
-1.902e+00
-1.904e+00
-1.906e+00
-1.908e+00
-1.910e+00
-1.912e+00
-1.915e+00
-1.917e+00
-1.903e+00
-1.891e+00
-1.885e+00
-1.887e+00
-1.890e+00
-1.892e+00
-1.895e+00
-1.897e+00
-1.899e+00
-1.901e+00
-1.902e+00
-1.904e+00
-1.906e+00
-1.907e+00
-1.909e+00
-1.911e+00
-1.913e+00
-1.915e+00
-1.917e+00
-1.919e+00
-1.922e+00
-1.908e+00
-1.898e+00
-1.892e+00
-1.894e+00
-1.896e+00
-1.899e+00
-1.901e+00
-1.903e+00
-1.905e+00
-1.907e+00
-1.908e+00
-1.910e+00
-1.911e+00
-1.913e+00
-1.914e+00
-1.916e+00
-1.918e+00
-1.920e+00
-1.922e+00
-1.924e+00
-1.927e+00
-1.913e+00
-1.905e+00
-1.899e+00
-1.901e+00
-1.903e+00
-1.905e+00
-1.908e+00
-1.909e+00
-1.911e+00
-1.913e+00
-1.914e+00
-1.916e+00
-1.917e+00
-1.919e+00
-1.920e+00
-1.922e+00
-1.924e+00
-1.925e+00
-1.928e+00
-1.930e+00
-1.932e+00
-1.918e+00
-1.912e+00
-1.906e+00
-1.908e+00
-1.910e+00
-1.913e+00
-1.915e+00
-1.916e+00
-1.918e+00
-1.920e+00
-1.921e+00
-1.923e+00
-1.924e+00
-1.925e+00
-1.927e+00
-1.928e+00
-1.930e+00
-1.932e+00
-1.934e+00
-1.936e+00
-1.939e+00
-1.924e+00
-1.919e+00
-1.913e+00
-1.915e+00
-1.918e+00
-1.920e+00
-1.922e+00
-1.924e+00
-1.925e+00
-1.927e+00
-1.928e+00
-1.930e+00
-1.931e+00
-1.932e+00
-1.934e+00
-1.935e+00
-1.937e+00
-1.939e+00
-1.941e+00
-1.943e+00
-1.945e+00
-1.925e+00
-1.916e+00
-1.904e+00
-1.904e+00
-1.907e+00
-1.909e+00
-1.911e+00
-1.912e+00
-1.914e+00
-1.916e+00
-1.917e+00
-1.918e+00
-1.920e+00
-1.921e+00
-1.922e+00
-1.924e+00
-1.925e+00
-1.927e+00
-1.929e+00
-1.932e+00
-1.928e+00
-1.721e+00
