1	0	INDP	IPOND
-5.491e-01
-5.398e-01
-5.395e-01
-5.395e-01
-5.395e-01
-5.395e-01
-5.395e-01
-5.395e-01
-5.395e-01
-5.395e-01
-5.395e-01
-5.395e-01
-5.395e-01
-5.395e-01
-5.395e-01
-5.395e-01
-5.395e-01
-5.394e-01
-5.402e-01
-5.367e-01
-5.200e-01
-5.405e-01
-5.236e-01
-5.228e-01
-5.228e-01
-5.228e-01
-5.228e-01
-5.228e-01
-5.228e-01
-5.228e-01
-5.228e-01
-5.228e-01
-5.228e-01
-5.228e-01
-5.228e-01
-5.228e-01
-5.228e-01
-5.228e-01
-5.228e-01
-5.233e-01
-5.213e-01
-5.049e-01
-5.406e-01
-5.231e-01
-5.221e-01
-5.219e-01
-5.219e-01
-5.219e-01
-5.219e-01
-5.219e-01
-5.219e-01
-5.219e-01
-5.219e-01
-5.219e-01
-5.219e-01
-5.219e-01
-5.219e-01
-5.219e-01
-5.220e-01
-5.220e-01
-5.225e-01
-5.205e-01
-5.028e-01
-5.406e-01
-5.230e-01
-5.220e-01
-5.219e-01
-5.220e-01
-5.220e-01
-5.220e-01
-5.220e-01
-5.220e-01
-5.220e-01
-5.220e-01
-5.220e-01
-5.220e-01
-5.220e-01
-5.220e-01
-5.220e-01
-5.219e-01
-5.219e-01
-5.225e-01
-5.205e-01
-5.028e-01
-5.406e-01
-5.230e-01
-5.220e-01
-5.219e-01
-5.220e-01
-5.220e-01
-5.220e-01
-5.220e-01
-5.220e-01
-5.220e-01
-5.220e-01
-5.220e-01
-5.220e-01
-5.220e-01
-5.220e-01
-5.220e-01
-5.219e-01
-5.219e-01
-5.225e-01
-5.205e-01
-5.027e-01
-5.406e-01
-5.230e-01
-5.220e-01
-5.219e-01
-5.220e-01
-5.220e-01
-5.220e-01
-5.220e-01
-5.220e-01
-5.220e-01
-5.220e-01
-5.220e-01
-5.220e-01
-5.220e-01
-5.220e-01
-5.220e-01
-5.219e-01
-5.219e-01
-5.225e-01
-5.205e-01
-5.027e-01
-5.406e-01
-5.230e-01
-5.220e-01
-5.219e-01
-5.220e-01
-5.220e-01
-5.220e-01
-5.220e-01
-5.220e-01
-5.220e-01
-5.220e-01
-5.220e-01
-5.220e-01
-5.220e-01
-5.220e-01
-5.220e-01
-5.219e-01
-5.219e-01
-5.225e-01
-5.205e-01
-5.027e-01
-5.406e-01
-5.230e-01
-5.220e-01
-5.219e-01
-5.220e-01
-5.220e-01
-5.220e-01
-5.220e-01
-5.220e-01
-5.220e-01
-5.220e-01
-5.220e-01
-5.220e-01
-5.220e-01
-5.220e-01
-5.220e-01
-5.219e-01
-5.219e-01
-5.225e-01
-5.205e-01
-5.027e-01
-5.406e-01
-5.230e-01
-5.220e-01
-5.219e-01
-5.220e-01
-5.220e-01
-5.220e-01
-5.220e-01
-5.220e-01
-5.220e-01
-5.220e-01
-5.220e-01
-5.220e-01
-5.220e-01
-5.220e-01
-5.220e-01
-5.219e-01
-5.219e-01
-5.225e-01
-5.205e-01
-5.027e-01
-5.406e-01
-5.230e-01
-5.220e-01
-5.219e-01
-5.220e-01
-5.220e-01
-5.220e-01
-5.220e-01
-5.220e-01
-5.220e-01
-5.220e-01
-5.220e-01
-5.220e-01
-5.220e-01
-5.220e-01
-5.220e-01
-5.219e-01
-5.219e-01
-5.225e-01
-5.205e-01
-5.027e-01
-5.406e-01
-5.230e-01
-5.220e-01
-5.219e-01
-5.220e-01
-5.220e-01
-5.220e-01
-5.220e-01
-5.220e-01
-5.220e-01
-5.220e-01
-5.220e-01
-5.220e-01
-5.220e-01
-5.220e-01
-5.220e-01
-5.219e-01
-5.219e-01
-5.225e-01
-5.205e-01
-5.027e-01
-5.406e-01
-5.230e-01
-5.220e-01
-5.219e-01
-5.220e-01
-5.220e-01
-5.220e-01
-5.220e-01
-5.220e-01
-5.220e-01
-5.220e-01
-5.220e-01
-5.220e-01
-5.220e-01
-5.220e-01
-5.220e-01
-5.219e-01
-5.219e-01
-5.225e-01
-5.205e-01
-5.027e-01
-5.406e-01
-5.230e-01
-5.220e-01
-5.219e-01
-5.220e-01
-5.220e-01
-5.220e-01
-5.220e-01
-5.220e-01
-5.220e-01
-5.220e-01
-5.220e-01
-5.220e-01
-5.220e-01
-5.220e-01
-5.220e-01
-5.219e-01
-5.219e-01
-5.225e-01
-5.205e-01
-5.027e-01
-5.406e-01
-5.230e-01
-5.220e-01
-5.219e-01
-5.220e-01
-5.220e-01
-5.220e-01
-5.220e-01
-5.220e-01
-5.220e-01
-5.220e-01
-5.220e-01
-5.220e-01
-5.220e-01
-5.220e-01
-5.220e-01
-5.219e-01
-5.219e-01
-5.225e-01
-5.205e-01
-5.027e-01
-5.406e-01
-5.230e-01
-5.220e-01
-5.219e-01
-5.220e-01
-5.220e-01
-5.220e-01
-5.220e-01
-5.220e-01
-5.220e-01
-5.220e-01
-5.220e-01
-5.220e-01
-5.220e-01
-5.219e-01
-5.220e-01
-5.219e-01
-5.219e-01
-5.225e-01
-5.205e-01
-5.027e-01
-5.406e-01
-5.230e-01
-5.220e-01
-5.220e-01
-5.220e-01
-5.220e-01
-5.220e-01
-5.220e-01
-5.220e-01
-5.220e-01
-5.220e-01
-5.220e-01
-5.220e-01
-5.220e-01
-5.220e-01
-5.220e-01
-5.219e-01
-5.219e-01
-5.225e-01
-5.205e-01
-5.027e-01
-5.405e-01
-5.230e-01
-5.220e-01
-5.219e-01
-5.219e-01
-5.219e-01
-5.219e-01
-5.219e-01
-5.219e-01
-5.219e-01
-5.219e-01
-5.219e-01
-5.219e-01
-5.219e-01
-5.219e-01
-5.219e-01
-5.219e-01
-5.219e-01
-5.225e-01
-5.205e-01
-5.028e-01
-5.406e-01
-5.230e-01
-5.220e-01
-5.219e-01
-5.219e-01
-5.219e-01
-5.219e-01
-5.219e-01
-5.219e-01
-5.219e-01
-5.219e-01
-5.219e-01
-5.219e-01
-5.219e-01
-5.219e-01
-5.219e-01
-5.219e-01
-5.220e-01
-5.225e-01
-5.204e-01
-5.027e-01
-5.411e-01
-5.235e-01
-5.224e-01
-5.224e-01
-5.225e-01
-5.225e-01
-5.225e-01
-5.225e-01
-5.225e-01
-5.225e-01
-5.225e-01
-5.225e-01
-5.225e-01
-5.225e-01
-5.225e-01
-5.225e-01
-5.225e-01
-5.224e-01
-5.228e-01
-5.206e-01
-5.029e-01
-5.378e-01
-5.215e-01
-5.204e-01
-5.205e-01
-5.204e-01
-5.204e-01
-5.204e-01
-5.204e-01
-5.204e-01
-5.204e-01
-5.204e-01
-5.204e-01
-5.204e-01
-5.204e-01
-5.204e-01
-5.204e-01
-5.204e-01
-5.205e-01
-5.207e-01
-5.191e-01
-5.023e-01
-5.210e-01
-5.059e-01
-5.034e-01
-5.034e-01
-5.034e-01
-5.034e-01
-5.034e-01
-5.034e-01
-5.034e-01
-5.034e-01
-5.034e-01
-5.034e-01
-5.034e-01
-5.034e-01
-5.034e-01
-5.034e-01
-5.034e-01
-5.034e-01
-5.035e-01
-5.029e-01
-4.941e-01
-5.428e-01
-5.339e-01
-5.337e-01
-5.337e-01
-5.337e-01
-5.337e-01
-5.337e-01
-5.337e-01
-5.337e-01
-5.337e-01
-5.337e-01
-5.337e-01
-5.337e-01
-5.337e-01
-5.337e-01
-5.337e-01
-5.337e-01
-5.336e-01
-5.343e-01
-5.309e-01
-5.150e-01
-5.347e-01
-5.187e-01
-5.178e-01
-5.179e-01
-5.179e-01
-5.179e-01
-5.179e-01
-5.179e-01
-5.179e-01
-5.179e-01
-5.179e-01
-5.179e-01
-5.179e-01
-5.179e-01
-5.179e-01
-5.179e-01
-5.178e-01
-5.179e-01
-5.183e-01
-5.164e-01
-5.006e-01
-5.348e-01
-5.181e-01
-5.171e-01
-5.170e-01
-5.170e-01
-5.170e-01
-5.170e-01
-5.170e-01
-5.170e-01
-5.170e-01
-5.170e-01
-5.170e-01
-5.170e-01
-5.170e-01
-5.170e-01
-5.170e-01
-5.170e-01
-5.171e-01
-5.175e-01
-5.155e-01
-4.985e-01
-5.348e-01
-5.180e-01
-5.170e-01
-5.170e-01
-5.170e-01
-5.170e-01
-5.170e-01
-5.170e-01
-5.170e-01
-5.170e-01
-5.170e-01
-5.170e-01
-5.170e-01
-5.170e-01
-5.170e-01
-5.170e-01
-5.170e-01
-5.169e-01
-5.175e-01
-5.155e-01
-4.985e-01
-5.348e-01
-5.180e-01
-5.170e-01
-5.170e-01
-5.170e-01
-5.170e-01
-5.170e-01
-5.170e-01
-5.170e-01
-5.170e-01
-5.170e-01
-5.170e-01
-5.170e-01
-5.170e-01
-5.170e-01
-5.170e-01
-5.170e-01
-5.169e-01
-5.175e-01
-5.155e-01
-4.985e-01
-5.348e-01
-5.180e-01
-5.170e-01
-5.170e-01
-5.170e-01
-5.170e-01
-5.170e-01
-5.170e-01
-5.170e-01
-5.170e-01
-5.170e-01
-5.170e-01
-5.170e-01
-5.170e-01
-5.170e-01
-5.170e-01
-5.170e-01
-5.169e-01
-5.175e-01
-5.155e-01
-4.985e-01
-5.348e-01
-5.180e-01
-5.170e-01
-5.170e-01
-5.170e-01
-5.170e-01
-5.170e-01
-5.170e-01
-5.170e-01
-5.170e-01
-5.170e-01
-5.170e-01
-5.170e-01
-5.170e-01
-5.170e-01
-5.170e-01
-5.170e-01
-5.169e-01
-5.175e-01
-5.155e-01
-4.985e-01
-5.348e-01
-5.180e-01
-5.170e-01
-5.170e-01
-5.170e-01
-5.170e-01
-5.170e-01
-5.170e-01
-5.170e-01
-5.170e-01
-5.170e-01
-5.170e-01
-5.170e-01
-5.170e-01
-5.170e-01
-5.170e-01
-5.170e-01
-5.169e-01
-5.175e-01
-5.155e-01
-4.985e-01
-5.348e-01
-5.180e-01
-5.170e-01
-5.170e-01
-5.170e-01
-5.170e-01
-5.170e-01
-5.170e-01
-5.170e-01
-5.170e-01
-5.170e-01
-5.170e-01
-5.170e-01
-5.170e-01
-5.170e-01
-5.170e-01
-5.170e-01
-5.169e-01
-5.175e-01
-5.155e-01
-4.985e-01
-5.348e-01
-5.180e-01
-5.170e-01
-5.170e-01
-5.170e-01
-5.170e-01
-5.170e-01
-5.170e-01
-5.170e-01
-5.170e-01
-5.170e-01
-5.170e-01
-5.170e-01
-5.170e-01
-5.170e-01
-5.170e-01
-5.170e-01
-5.169e-01
-5.175e-01
-5.155e-01
-4.985e-01
-5.348e-01
-5.180e-01
-5.170e-01
-5.170e-01
-5.170e-01
-5.170e-01
-5.170e-01
-5.170e-01
-5.170e-01
-5.170e-01
-5.170e-01
-5.170e-01
-5.170e-01
-5.170e-01
-5.170e-01
-5.170e-01
-5.170e-01
-5.169e-01
-5.175e-01
-5.155e-01
-4.985e-01
-5.348e-01
-5.180e-01
-5.170e-01
-5.170e-01
-5.170e-01
-5.170e-01
-5.170e-01
-5.170e-01
-5.170e-01
-5.170e-01
-5.170e-01
-5.170e-01
-5.170e-01
-5.170e-01
-5.170e-01
-5.170e-01
-5.170e-01
-5.169e-01
-5.175e-01
-5.155e-01
-4.985e-01
-5.348e-01
-5.180e-01
-5.170e-01
-5.170e-01
-5.170e-01
-5.170e-01
-5.170e-01
-5.170e-01
-5.170e-01
-5.170e-01
-5.170e-01
-5.170e-01
-5.170e-01
-5.170e-01
-5.170e-01
-5.170e-01
-5.170e-01
-5.169e-01
-5.175e-01
-5.155e-01
-4.985e-01
-5.348e-01
-5.180e-01
-5.170e-01
-5.170e-01
-5.170e-01
-5.170e-01
-5.170e-01
-5.170e-01
-5.170e-01
-5.170e-01
-5.170e-01
-5.170e-01
-5.170e-01
-5.170e-01
-5.170e-01
-5.170e-01
-5.170e-01
-5.169e-01
-5.175e-01
-5.155e-01
-4.985e-01
-5.348e-01
-5.180e-01
-5.170e-01
-5.170e-01
-5.170e-01
-5.170e-01
-5.170e-01
-5.170e-01
-5.170e-01
-5.170e-01
-5.170e-01
-5.170e-01
-5.170e-01
-5.170e-01
-5.170e-01
-5.170e-01
-5.170e-01
-5.169e-01
-5.175e-01
-5.155e-01
-4.985e-01
-5.348e-01
-5.180e-01
-5.170e-01
-5.170e-01
-5.170e-01
-5.170e-01
-5.170e-01
-5.170e-01
-5.170e-01
-5.170e-01
-5.170e-01
-5.170e-01
-5.170e-01
-5.170e-01
-5.170e-01
-5.170e-01
-5.170e-01
-5.169e-01
-5.175e-01
-5.155e-01
-4.985e-01
-5.347e-01
-5.181e-01
-5.170e-01
-5.170e-01
-5.170e-01
-5.170e-01
-5.170e-01
-5.170e-01
-5.170e-01
-5.170e-01
-5.170e-01
-5.170e-01
-5.170e-01
-5.170e-01
-5.170e-01
-5.170e-01
-5.169e-01
-5.169e-01
-5.175e-01
-5.155e-01
-4.985e-01
-5.347e-01
-5.180e-01
-5.170e-01
-5.169e-01
-5.169e-01
-5.169e-01
-5.169e-01
-5.169e-01
-5.169e-01
-5.169e-01
-5.169e-01
-5.169e-01
-5.169e-01
-5.169e-01
-5.169e-01
-5.169e-01
-5.170e-01
-5.170e-01
-5.175e-01
-5.154e-01
-4.985e-01
-5.353e-01
-5.185e-01
-5.174e-01
-5.174e-01
-5.175e-01
-5.175e-01
-5.175e-01
-5.175e-01
-5.175e-01
-5.175e-01
-5.175e-01
-5.175e-01
-5.175e-01
-5.175e-01
-5.175e-01
-5.175e-01
-5.175e-01
-5.174e-01
-5.178e-01
-5.156e-01
-4.986e-01
-5.320e-01
-5.165e-01
-5.154e-01
-5.155e-01
-5.154e-01
-5.154e-01
-5.154e-01
-5.154e-01
-5.154e-01
-5.154e-01
-5.154e-01
-5.154e-01
-5.154e-01
-5.154e-01
-5.154e-01
-5.154e-01
-5.154e-01
-5.155e-01
-5.157e-01
-5.141e-01
-4.981e-01
-5.160e-01
-5.017e-01
-4.992e-01
-4.991e-01
-4.991e-01
-4.991e-01
-4.991e-01
-4.991e-01
-4.991e-01
-4.991e-01
-4.991e-01
-4.991e-01
-4.991e-01
-4.991e-01
-4.991e-01
-4.991e-01
-4.991e-01
-4.991e-01
-4.992e-01
-4.986e-01
-4.902e-01
-5.349e-01
-5.275e-01
-5.273e-01
-5.273e-01
-5.273e-01
-5.273e-01
-5.273e-01
-5.273e-01
-5.273e-01
-5.273e-01
-5.273e-01
-5.273e-01
-5.273e-01
-5.273e-01
-5.273e-01
-5.273e-01
-5.273e-01
-5.272e-01
-5.279e-01
-5.244e-01
-5.111e-01
-5.283e-01
-5.150e-01
-5.141e-01
-5.141e-01
-5.141e-01
-5.141e-01
-5.141e-01
-5.141e-01
-5.141e-01
-5.141e-01
-5.141e-01
-5.141e-01
-5.141e-01
-5.141e-01
-5.141e-01
-5.141e-01
-5.141e-01
-5.142e-01
-5.145e-01
-5.125e-01
-4.991e-01
-5.284e-01
-5.145e-01
-5.134e-01
-5.132e-01
-5.132e-01
-5.132e-01
-5.132e-01
-5.132e-01
-5.132e-01
-5.132e-01
-5.132e-01
-5.132e-01
-5.132e-01
-5.132e-01
-5.132e-01
-5.132e-01
-5.133e-01
-5.133e-01
-5.137e-01
-5.117e-01
-4.969e-01
-5.284e-01
-5.143e-01
-5.133e-01
-5.132e-01
-5.133e-01
-5.133e-01
-5.133e-01
-5.133e-01
-5.133e-01
-5.133e-01
-5.133e-01
-5.133e-01
-5.133e-01
-5.133e-01
-5.133e-01
-5.133e-01
-5.132e-01
-5.132e-01
-5.137e-01
-5.116e-01
-4.969e-01
-5.284e-01
-5.143e-01
-5.133e-01
-5.132e-01
-5.133e-01
-5.133e-01
-5.133e-01
-5.133e-01
-5.133e-01
-5.133e-01
-5.133e-01
-5.133e-01
-5.133e-01
-5.133e-01
-5.133e-01
-5.133e-01
-5.132e-01
-5.132e-01
-5.137e-01
-5.116e-01
-4.969e-01
-5.284e-01
-5.143e-01
-5.133e-01
-5.132e-01
-5.133e-01
-5.133e-01
-5.133e-01
-5.133e-01
-5.133e-01
-5.133e-01
-5.133e-01
-5.133e-01
-5.133e-01
-5.133e-01
-5.133e-01
-5.133e-01
-5.132e-01
-5.132e-01
-5.137e-01
-5.116e-01
-4.969e-01
-5.284e-01
-5.143e-01
-5.133e-01
-5.132e-01
-5.133e-01
-5.133e-01
-5.133e-01
-5.133e-01
-5.133e-01
-5.133e-01
-5.133e-01
-5.133e-01
-5.133e-01
-5.133e-01
-5.133e-01
-5.133e-01
-5.132e-01
-5.132e-01
-5.137e-01
-5.116e-01
-4.969e-01
-5.284e-01
-5.143e-01
-5.133e-01
-5.132e-01
-5.133e-01
-5.133e-01
-5.133e-01
-5.133e-01
-5.133e-01
-5.133e-01
-5.133e-01
-5.133e-01
-5.133e-01
-5.133e-01
-5.133e-01
-5.133e-01
-5.132e-01
-5.132e-01
-5.137e-01
-5.116e-01
-4.969e-01
-5.284e-01
-5.143e-01
-5.133e-01
-5.132e-01
-5.133e-01
-5.133e-01
-5.133e-01
-5.133e-01
-5.133e-01
-5.133e-01
-5.133e-01
-5.133e-01
-5.133e-01
-5.133e-01
-5.133e-01
-5.133e-01
-5.132e-01
-5.132e-01
-5.137e-01
-5.116e-01
-4.969e-01
-5.284e-01
-5.143e-01
-5.133e-01
-5.132e-01
-5.133e-01
-5.133e-01
-5.133e-01
-5.133e-01
-5.133e-01
-5.133e-01
-5.133e-01
-5.133e-01
-5.133e-01
-5.133e-01
-5.133e-01
-5.133e-01
-5.132e-01
-5.132e-01
-5.137e-01
-5.116e-01
-4.969e-01
-5.284e-01
-5.143e-01
-5.133e-01
-5.132e-01
-5.133e-01
-5.133e-01
-5.133e-01
-5.133e-01
-5.133e-01
-5.133e-01
-5.133e-01
-5.133e-01
-5.133e-01
-5.133e-01
-5.133e-01
-5.133e-01
-5.132e-01
-5.132e-01
-5.137e-01
-5.116e-01
-4.969e-01
-5.284e-01
-5.143e-01
-5.133e-01
-5.132e-01
-5.133e-01
-5.133e-01
-5.133e-01
-5.133e-01
-5.133e-01
-5.133e-01
-5.133e-01
-5.133e-01
-5.133e-01
-5.133e-01
-5.133e-01
-5.133e-01
-5.132e-01
-5.132e-01
-5.137e-01
-5.116e-01
-4.969e-01
-5.284e-01
-5.143e-01
-5.133e-01
-5.132e-01
-5.133e-01
-5.133e-01
-5.133e-01
-5.133e-01
-5.133e-01
-5.133e-01
-5.133e-01
-5.133e-01
-5.133e-01
-5.133e-01
-5.133e-01
-5.133e-01
-5.132e-01
-5.132e-01
-5.137e-01
-5.116e-01
-4.969e-01
-5.284e-01
-5.143e-01
-5.133e-01
-5.132e-01
-5.133e-01
-5.133e-01
-5.133e-01
-5.133e-01
-5.133e-01
-5.133e-01
-5.133e-01
-5.133e-01
-5.133e-01
-5.133e-01
-5.133e-01
-5.133e-01
-5.132e-01
-5.132e-01
-5.137e-01
-5.116e-01
-4.969e-01
-5.284e-01
-5.143e-01
-5.133e-01
-5.132e-01
-5.133e-01
-5.133e-01
-5.133e-01
-5.133e-01
-5.133e-01
-5.133e-01
-5.133e-01
-5.133e-01
-5.133e-01
-5.133e-01
-5.132e-01
-5.133e-01
-5.132e-01
-5.132e-01
-5.137e-01
-5.116e-01
-4.969e-01
-5.284e-01
-5.143e-01
-5.133e-01
-5.133e-01
-5.133e-01
-5.133e-01
-5.133e-01
-5.133e-01
-5.133e-01
-5.133e-01
-5.133e-01
-5.133e-01
-5.133e-01
-5.133e-01
-5.133e-01
-5.133e-01
-5.132e-01
-5.132e-01
-5.137e-01
-5.116e-01
-4.969e-01
-5.283e-01
-5.144e-01
-5.133e-01
-5.132e-01
-5.132e-01
-5.132e-01
-5.132e-01
-5.132e-01
-5.132e-01
-5.132e-01
-5.132e-01
-5.132e-01
-5.132e-01
-5.132e-01
-5.132e-01
-5.132e-01
-5.131e-01
-5.132e-01
-5.137e-01
-5.116e-01
-4.969e-01
-5.284e-01
-5.143e-01
-5.133e-01
-5.132e-01
-5.132e-01
-5.132e-01
-5.132e-01
-5.132e-01
-5.132e-01
-5.132e-01
-5.132e-01
-5.132e-01
-5.132e-01
-5.132e-01
-5.132e-01
-5.132e-01
-5.132e-01
-5.133e-01
-5.137e-01
-5.115e-01
-4.969e-01
-5.289e-01
-5.148e-01
-5.137e-01
-5.136e-01
-5.137e-01
-5.137e-01
-5.137e-01
-5.137e-01
-5.137e-01
-5.137e-01
-5.137e-01
-5.137e-01
-5.137e-01
-5.137e-01
-5.137e-01
-5.137e-01
-5.137e-01
-5.136e-01
-5.140e-01
-5.117e-01
-4.970e-01
-5.256e-01
-5.127e-01
-5.116e-01
-5.116e-01
-5.116e-01
-5.116e-01
-5.116e-01
-5.116e-01
-5.116e-01
-5.116e-01
-5.116e-01
-5.116e-01
-5.116e-01
-5.116e-01
-5.116e-01
-5.116e-01
-5.116e-01
-5.117e-01
-5.118e-01
-5.102e-01
-4.964e-01
-5.122e-01
-5.002e-01
-4.976e-01
-4.975e-01
-4.975e-01
-4.975e-01
-4.975e-01
-4.975e-01
-4.975e-01
-4.975e-01
-4.975e-01
-4.975e-01
-4.975e-01
-4.975e-01
-4.975e-01
-4.975e-01
-4.975e-01
-4.975e-01
-4.976e-01
-4.970e-01
-4.896e-01
-5.385e-01
-5.339e-01
-5.336e-01
-5.336e-01
-5.336e-01
-5.336e-01
-5.336e-01
-5.336e-01
-5.336e-01
-5.336e-01
-5.336e-01
-5.336e-01
-5.336e-01
-5.336e-01
-5.336e-01
-5.336e-01
-5.336e-01
-5.335e-01
-5.341e-01
-5.303e-01
-5.220e-01
-5.347e-01
-5.264e-01
-5.255e-01
-5.254e-01
-5.254e-01
-5.254e-01
-5.254e-01
-5.254e-01
-5.254e-01
-5.254e-01
-5.254e-01
-5.254e-01
-5.254e-01
-5.254e-01
-5.254e-01
-5.254e-01
-5.254e-01
-5.255e-01
-5.258e-01
-5.235e-01
-5.149e-01
-5.349e-01
-5.259e-01
-5.247e-01
-5.245e-01
-5.245e-01
-5.245e-01
-5.245e-01
-5.245e-01
-5.245e-01
-5.245e-01
-5.245e-01
-5.245e-01
-5.245e-01
-5.245e-01
-5.245e-01
-5.245e-01
-5.246e-01
-5.246e-01
-5.250e-01
-5.226e-01
-5.127e-01
-5.349e-01
-5.257e-01
-5.246e-01
-5.245e-01
-5.245e-01
-5.245e-01
-5.245e-01
-5.245e-01
-5.245e-01
-5.245e-01
-5.245e-01
-5.245e-01
-5.245e-01
-5.245e-01
-5.245e-01
-5.245e-01
-5.245e-01
-5.245e-01
-5.249e-01
-5.225e-01
-5.127e-01
-5.349e-01
-5.257e-01
-5.246e-01
-5.245e-01
-5.245e-01
-5.245e-01
-5.245e-01
-5.245e-01
-5.245e-01
-5.245e-01
-5.245e-01
-5.245e-01
-5.245e-01
-5.245e-01
-5.245e-01
-5.245e-01
-5.245e-01
-5.245e-01
-5.249e-01
-5.225e-01
-5.126e-01
-5.349e-01
-5.257e-01
-5.246e-01
-5.245e-01
-5.245e-01
-5.245e-01
-5.245e-01
-5.245e-01
-5.245e-01
-5.245e-01
-5.245e-01
-5.245e-01
-5.245e-01
-5.245e-01
-5.245e-01
-5.245e-01
-5.245e-01
-5.245e-01
-5.249e-01
-5.225e-01
-5.126e-01
-5.349e-01
-5.257e-01
-5.246e-01
-5.245e-01
-5.245e-01
-5.245e-01
-5.245e-01
-5.245e-01
-5.245e-01
-5.245e-01
-5.245e-01
-5.245e-01
-5.245e-01
-5.245e-01
-5.245e-01
-5.245e-01
-5.245e-01
-5.245e-01
-5.249e-01
-5.225e-01
-5.126e-01
-5.349e-01
-5.257e-01
-5.246e-01
-5.245e-01
-5.245e-01
-5.245e-01
-5.245e-01
-5.245e-01
-5.245e-01
-5.245e-01
-5.245e-01
-5.245e-01
-5.245e-01
-5.245e-01
-5.245e-01
-5.245e-01
-5.245e-01
-5.245e-01
-5.249e-01
-5.225e-01
-5.126e-01
-5.349e-01
-5.257e-01
-5.246e-01
-5.245e-01
-5.245e-01
-5.245e-01
-5.245e-01
-5.245e-01
-5.245e-01
-5.245e-01
-5.245e-01
-5.245e-01
-5.245e-01
-5.245e-01
-5.245e-01
-5.245e-01
-5.245e-01
-5.245e-01
-5.249e-01
-5.225e-01
-5.126e-01
-5.349e-01
-5.257e-01
-5.246e-01
-5.245e-01
-5.245e-01
-5.245e-01
-5.245e-01
-5.245e-01
-5.245e-01
-5.245e-01
-5.245e-01
-5.245e-01
-5.245e-01
-5.245e-01
-5.245e-01
-5.245e-01
-5.245e-01
-5.245e-01
-5.249e-01
-5.225e-01
-5.126e-01
-5.349e-01
-5.257e-01
-5.246e-01
-5.245e-01
-5.245e-01
-5.245e-01
-5.245e-01
-5.245e-01
-5.245e-01
-5.245e-01
-5.245e-01
-5.245e-01
-5.245e-01
-5.245e-01
-5.245e-01
-5.245e-01
-5.245e-01
-5.245e-01
-5.249e-01
-5.225e-01
-5.126e-01
-5.349e-01
-5.257e-01
-5.246e-01
-5.245e-01
-5.245e-01
-5.245e-01
-5.245e-01
-5.245e-01
-5.245e-01
-5.245e-01
-5.245e-01
-5.245e-01
-5.245e-01
-5.245e-01
-5.245e-01
-5.245e-01
-5.245e-01
-5.245e-01
-5.249e-01
-5.225e-01
-5.126e-01
-5.349e-01
-5.257e-01
-5.246e-01
-5.245e-01
-5.245e-01
-5.245e-01
-5.245e-01
-5.245e-01
-5.245e-01
-5.245e-01
-5.245e-01
-5.245e-01
-5.245e-01
-5.245e-01
-5.245e-01
-5.245e-01
-5.245e-01
-5.245e-01
-5.249e-01
-5.225e-01
-5.126e-01
-5.349e-01
-5.257e-01
-5.246e-01
-5.245e-01
-5.245e-01
-5.245e-01
-5.245e-01
-5.245e-01
-5.245e-01
-5.245e-01
-5.245e-01
-5.245e-01
-5.245e-01
-5.245e-01
-5.245e-01
-5.245e-01
-5.245e-01
-5.245e-01
-5.249e-01
-5.225e-01
-5.126e-01
-5.349e-01
-5.257e-01
-5.246e-01
-5.245e-01
-5.245e-01
-5.245e-01
-5.245e-01
-5.245e-01
-5.245e-01
-5.245e-01
-5.245e-01
-5.245e-01
-5.245e-01
-5.245e-01
-5.245e-01
-5.245e-01
-5.245e-01
-5.245e-01
-5.249e-01
-5.225e-01
-5.126e-01
-5.349e-01
-5.257e-01
-5.246e-01
-5.245e-01
-5.245e-01
-5.245e-01
-5.245e-01
-5.245e-01
-5.245e-01
-5.245e-01
-5.245e-01
-5.245e-01
-5.245e-01
-5.245e-01
-5.245e-01
-5.246e-01
-5.245e-01
-5.245e-01
-5.249e-01
-5.225e-01
-5.126e-01
-5.348e-01
-5.258e-01
-5.246e-01
-5.245e-01
-5.245e-01
-5.245e-01
-5.245e-01
-5.245e-01
-5.245e-01
-5.245e-01
-5.245e-01
-5.245e-01
-5.245e-01
-5.245e-01
-5.245e-01
-5.245e-01
-5.244e-01
-5.245e-01
-5.249e-01
-5.225e-01
-5.126e-01
-5.348e-01
-5.257e-01
-5.246e-01
-5.245e-01
-5.245e-01
-5.245e-01
-5.245e-01
-5.245e-01
-5.245e-01
-5.245e-01
-5.245e-01
-5.245e-01
-5.245e-01
-5.245e-01
-5.245e-01
-5.245e-01
-5.245e-01
-5.246e-01
-5.249e-01
-5.224e-01
-5.126e-01
-5.352e-01
-5.261e-01
-5.249e-01
-5.248e-01
-5.249e-01
-5.249e-01
-5.249e-01
-5.249e-01
-5.249e-01
-5.249e-01
-5.249e-01
-5.249e-01
-5.249e-01
-5.249e-01
-5.249e-01
-5.249e-01
-5.249e-01
-5.248e-01
-5.251e-01
-5.226e-01
-5.127e-01
-5.317e-01
-5.238e-01
-5.225e-01
-5.226e-01
-5.225e-01
-5.225e-01
-5.225e-01
-5.225e-01
-5.225e-01
-5.225e-01
-5.225e-01
-5.225e-01
-5.225e-01
-5.225e-01
-5.225e-01
-5.225e-01
-5.225e-01
-5.226e-01
-5.227e-01
-5.209e-01
-5.119e-01
-5.232e-01
-5.163e-01
-5.136e-01
-5.134e-01
-5.133e-01
-5.133e-01
-5.133e-01
-5.133e-01
-5.133e-01
-5.133e-01
-5.133e-01
-5.133e-01
-5.133e-01
-5.133e-01
-5.133e-01
-5.133e-01
-5.133e-01
-5.134e-01
-5.135e-01
-5.127e-01
-5.078e-01
-5.784e-01
-5.789e-01
-5.787e-01
-5.787e-01
-5.787e-01
-5.787e-01
-5.787e-01
-5.787e-01
-5.787e-01
-5.787e-01
-5.787e-01
-5.787e-01
-5.787e-01
-5.787e-01
-5.787e-01
-5.787e-01
-5.787e-01
-5.787e-01
-5.787e-01
-5.747e-01
-5.767e-01
-5.799e-01
-5.819e-01
-5.814e-01
-5.814e-01
-5.814e-01
-5.814e-01
-5.814e-01
-5.814e-01
-5.814e-01
-5.814e-01
-5.814e-01
-5.814e-01
-5.814e-01
-5.814e-01
-5.814e-01
-5.814e-01
-5.814e-01
-5.816e-01
-5.814e-01
-5.787e-01
-5.827e-01
-5.801e-01
-5.819e-01
-5.813e-01
-5.811e-01
-5.811e-01
-5.811e-01
-5.811e-01
-5.811e-01
-5.811e-01
-5.811e-01
-5.811e-01
-5.811e-01
-5.811e-01
-5.811e-01
-5.811e-01
-5.811e-01
-5.811e-01
-5.813e-01
-5.812e-01
-5.784e-01
-5.819e-01
-5.801e-01
-5.818e-01
-5.812e-01
-5.810e-01
-5.811e-01
-5.811e-01
-5.811e-01
-5.811e-01
-5.811e-01
-5.811e-01
-5.811e-01
-5.811e-01
-5.811e-01
-5.811e-01
-5.811e-01
-5.811e-01
-5.809e-01
-5.810e-01
-5.811e-01
-5.782e-01
-5.818e-01
-5.801e-01
-5.818e-01
-5.812e-01
-5.810e-01
-5.811e-01
-5.811e-01
-5.811e-01
-5.811e-01
-5.811e-01
-5.811e-01
-5.811e-01
-5.811e-01
-5.811e-01
-5.811e-01
-5.811e-01
-5.811e-01
-5.809e-01
-5.810e-01
-5.811e-01
-5.782e-01
-5.817e-01
-5.801e-01
-5.818e-01
-5.812e-01
-5.810e-01
-5.811e-01
-5.811e-01
-5.811e-01
-5.811e-01
-5.811e-01
-5.811e-01
-5.811e-01
-5.811e-01
-5.811e-01
-5.811e-01
-5.811e-01
-5.811e-01
-5.809e-01
-5.810e-01
-5.811e-01
-5.782e-01
-5.817e-01
-5.801e-01
-5.818e-01
-5.812e-01
-5.810e-01
-5.811e-01
-5.811e-01
-5.811e-01
-5.811e-01
-5.811e-01
-5.811e-01
-5.811e-01
-5.811e-01
-5.811e-01
-5.811e-01
-5.811e-01
-5.811e-01
-5.809e-01
-5.810e-01
-5.811e-01
-5.782e-01
-5.817e-01
-5.801e-01
-5.818e-01
-5.812e-01
-5.810e-01
-5.811e-01
-5.811e-01
-5.811e-01
-5.811e-01
-5.811e-01
-5.811e-01
-5.811e-01
-5.811e-01
-5.811e-01
-5.811e-01
-5.811e-01
-5.811e-01
-5.809e-01
-5.810e-01
-5.811e-01
-5.782e-01
-5.817e-01
-5.801e-01
-5.818e-01
-5.812e-01
-5.810e-01
-5.811e-01
-5.811e-01
-5.811e-01
-5.811e-01
-5.811e-01
-5.811e-01
-5.811e-01
-5.811e-01
-5.811e-01
-5.811e-01
-5.811e-01
-5.811e-01
-5.809e-01
-5.810e-01
-5.811e-01
-5.782e-01
-5.817e-01
-5.801e-01
-5.818e-01
-5.812e-01
-5.810e-01
-5.811e-01
-5.811e-01
-5.811e-01
-5.811e-01
-5.811e-01
-5.811e-01
-5.811e-01
-5.811e-01
-5.811e-01
-5.811e-01
-5.811e-01
-5.811e-01
-5.809e-01
-5.810e-01
-5.811e-01
-5.782e-01
-5.817e-01
-5.801e-01
-5.818e-01
-5.812e-01
-5.810e-01
-5.811e-01
-5.811e-01
-5.811e-01
-5.811e-01
-5.811e-01
-5.811e-01
-5.811e-01
-5.811e-01
-5.811e-01
-5.811e-01
-5.811e-01
-5.811e-01
-5.809e-01
-5.810e-01
-5.811e-01
-5.782e-01
-5.817e-01
-5.801e-01
-5.818e-01
-5.812e-01
-5.810e-01
-5.811e-01
-5.811e-01
-5.811e-01
-5.811e-01
-5.811e-01
-5.811e-01
-5.811e-01
-5.811e-01
-5.811e-01
-5.811e-01
-5.811e-01
-5.811e-01
-5.809e-01
-5.810e-01
-5.811e-01
-5.782e-01
-5.817e-01
-5.801e-01
-5.818e-01
-5.812e-01
-5.810e-01
-5.811e-01
-5.811e-01
-5.811e-01
-5.811e-01
-5.811e-01
-5.811e-01
-5.811e-01
-5.811e-01
-5.811e-01
-5.811e-01
-5.811e-01
-5.811e-01
-5.809e-01
-5.810e-01
-5.811e-01
-5.782e-01
-5.817e-01
-5.801e-01
-5.818e-01
-5.812e-01
-5.810e-01
-5.811e-01
-5.811e-01
-5.811e-01
-5.811e-01
-5.811e-01
-5.811e-01
-5.811e-01
-5.811e-01
-5.811e-01
-5.811e-01
-5.811e-01
-5.811e-01
-5.809e-01
-5.810e-01
-5.811e-01
-5.782e-01
-5.817e-01
-5.801e-01
-5.818e-01
-5.812e-01
-5.810e-01
-5.811e-01
-5.811e-01
-5.811e-01
-5.811e-01
-5.811e-01
-5.811e-01
-5.811e-01
-5.811e-01
-5.811e-01
-5.811e-01
-5.809e-01
-5.811e-01
-5.809e-01
-5.810e-01
-5.811e-01
-5.782e-01
-5.817e-01
-5.801e-01
-5.818e-01
-5.811e-01
-5.811e-01
-5.811e-01
-5.811e-01
-5.811e-01
-5.811e-01
-5.811e-01
-5.811e-01
-5.811e-01
-5.811e-01
-5.811e-01
-5.811e-01
-5.811e-01
-5.811e-01
-5.809e-01
-5.810e-01
-5.811e-01
-5.782e-01
-5.817e-01
-5.800e-01
-5.818e-01
-5.811e-01
-5.809e-01
-5.809e-01
-5.809e-01
-5.809e-01
-5.809e-01
-5.809e-01
-5.809e-01
-5.809e-01
-5.809e-01
-5.809e-01
-5.809e-01
-5.809e-01
-5.809e-01
-5.809e-01
-5.810e-01
-5.811e-01
-5.782e-01
-5.817e-01
-5.802e-01
-5.818e-01
-5.813e-01
-5.810e-01
-5.810e-01
-5.810e-01
-5.810e-01
-5.810e-01
-5.810e-01
-5.810e-01
-5.810e-01
-5.810e-01
-5.810e-01
-5.810e-01
-5.810e-01
-5.810e-01
-5.810e-01
-5.812e-01
-5.811e-01
-5.782e-01
-5.817e-01
-5.800e-01
-5.818e-01
-5.812e-01
-5.810e-01
-5.811e-01
-5.811e-01
-5.811e-01
-5.811e-01
-5.811e-01
-5.811e-01
-5.811e-01
-5.811e-01
-5.811e-01
-5.811e-01
-5.811e-01
-5.811e-01
-5.811e-01
-5.810e-01
-5.810e-01
-5.782e-01
-5.817e-01
-5.764e-01
-5.793e-01
-5.785e-01
-5.785e-01
-5.784e-01
-5.784e-01
-5.784e-01
-5.784e-01
-5.784e-01
-5.784e-01
-5.784e-01
-5.784e-01
-5.784e-01
-5.784e-01
-5.784e-01
-5.784e-01
-5.784e-01
-5.785e-01
-5.784e-01
-5.764e-01
-5.808e-01
-5.786e-01
-5.847e-01
-5.833e-01
-5.829e-01
-5.828e-01
-5.828e-01
-5.828e-01
-5.828e-01
-5.828e-01
-5.828e-01
-5.828e-01
-5.828e-01
-5.828e-01
-5.828e-01
-5.828e-01
-5.828e-01
-5.828e-01
-5.829e-01
-5.829e-01
-5.818e-01
-5.856e-01
-7.103e-01
-7.252e-01
-7.256e-01
-7.256e-01
-7.256e-01
-7.256e-01
-7.256e-01
-7.256e-01
-7.256e-01
-7.256e-01
-7.256e-01
-7.256e-01
-7.256e-01
-7.256e-01
-7.256e-01
-7.256e-01
-7.257e-01
-7.256e-01
-7.244e-01
-7.231e-01
-7.566e-01
-7.264e-01
-7.578e-01
-7.603e-01
-7.602e-01
-7.602e-01
-7.602e-01
-7.602e-01
-7.602e-01
-7.602e-01
-7.602e-01
-7.602e-01
-7.602e-01
-7.602e-01
-7.602e-01
-7.602e-01
-7.602e-01
-7.603e-01
-7.606e-01
-7.593e-01
-7.589e-01
-8.085e-01
-7.272e-01
-7.607e-01
-7.641e-01
-7.642e-01
-7.642e-01
-7.642e-01
-7.642e-01
-7.642e-01
-7.642e-01
-7.642e-01
-7.642e-01
-7.642e-01
-7.642e-01
-7.642e-01
-7.642e-01
-7.642e-01
-7.643e-01
-7.645e-01
-7.634e-01
-7.630e-01
-8.182e-01
-7.272e-01
-7.608e-01
-7.644e-01
-7.645e-01
-7.645e-01
-7.645e-01
-7.645e-01
-7.645e-01
-7.645e-01
-7.645e-01
-7.645e-01
-7.645e-01
-7.645e-01
-7.645e-01
-7.645e-01
-7.645e-01
-7.644e-01
-7.646e-01
-7.634e-01
-7.630e-01
-8.193e-01
-7.272e-01
-7.608e-01
-7.643e-01
-7.645e-01
-7.645e-01
-7.645e-01
-7.645e-01
-7.645e-01
-7.645e-01
-7.645e-01
-7.645e-01
-7.645e-01
-7.645e-01
-7.645e-01
-7.645e-01
-7.645e-01
-7.644e-01
-7.646e-01
-7.634e-01
-7.630e-01
-8.192e-01
-7.272e-01
-7.608e-01
-7.643e-01
-7.645e-01
-7.645e-01
-7.645e-01
-7.645e-01
-7.645e-01
-7.645e-01
-7.645e-01
-7.645e-01
-7.645e-01
-7.645e-01
-7.645e-01
-7.645e-01
-7.645e-01
-7.644e-01
-7.646e-01
-7.634e-01
-7.630e-01
-8.192e-01
-7.272e-01
-7.608e-01
-7.643e-01
-7.645e-01
-7.645e-01
-7.645e-01
-7.645e-01
-7.645e-01
-7.645e-01
-7.645e-01
-7.645e-01
-7.645e-01
-7.645e-01
-7.645e-01
-7.645e-01
-7.645e-01
-7.644e-01
-7.646e-01
-7.634e-01
-7.630e-01
-8.192e-01
-7.272e-01
-7.608e-01
-7.643e-01
-7.645e-01
-7.645e-01
-7.645e-01
-7.645e-01
-7.645e-01
-7.645e-01
-7.645e-01
-7.645e-01
-7.645e-01
-7.645e-01
-7.645e-01
-7.645e-01
-7.645e-01
-7.644e-01
-7.646e-01
-7.634e-01
-7.630e-01
-8.192e-01
-7.272e-01
-7.608e-01
-7.643e-01
-7.645e-01
-7.645e-01
-7.645e-01
-7.645e-01
-7.645e-01
-7.645e-01
-7.645e-01
-7.645e-01
-7.645e-01
-7.645e-01
-7.645e-01
-7.645e-01
-7.645e-01
-7.644e-01
-7.646e-01
-7.634e-01
-7.630e-01
-8.192e-01
-7.272e-01
-7.608e-01
-7.643e-01
-7.645e-01
-7.645e-01
-7.645e-01
-7.645e-01
-7.645e-01
-7.645e-01
-7.645e-01
-7.645e-01
-7.645e-01
-7.645e-01
-7.645e-01
-7.645e-01
-7.645e-01
-7.644e-01
-7.646e-01
-7.634e-01
-7.630e-01
-8.192e-01
-7.272e-01
-7.608e-01
-7.643e-01
-7.645e-01
-7.645e-01
-7.645e-01
-7.645e-01
-7.645e-01
-7.645e-01
-7.645e-01
-7.645e-01
-7.645e-01
-7.645e-01
-7.645e-01
-7.645e-01
-7.645e-01
-7.644e-01
-7.646e-01
-7.634e-01
-7.630e-01
-8.192e-01
-7.272e-01
-7.608e-01
-7.643e-01
-7.645e-01
-7.645e-01
-7.645e-01
-7.645e-01
-7.645e-01
-7.645e-01
-7.645e-01
-7.645e-01
-7.645e-01
-7.645e-01
-7.645e-01
-7.645e-01
-7.645e-01
-7.644e-01
-7.646e-01
-7.634e-01
-7.630e-01
-8.192e-01
-7.272e-01
-7.608e-01
-7.643e-01
-7.645e-01
-7.645e-01
-7.645e-01
-7.645e-01
-7.645e-01
-7.645e-01
-7.645e-01
-7.645e-01
-7.645e-01
-7.645e-01
-7.645e-01
-7.645e-01
-7.645e-01
-7.644e-01
-7.646e-01
-7.634e-01
-7.630e-01
-8.192e-01
-7.272e-01
-7.608e-01
-7.643e-01
-7.645e-01
-7.645e-01
-7.645e-01
-7.645e-01
-7.645e-01
-7.645e-01
-7.645e-01
-7.645e-01
-7.645e-01
-7.645e-01
-7.645e-01
-7.645e-01
-7.645e-01
-7.644e-01
-7.646e-01
-7.634e-01
-7.630e-01
-8.192e-01
-7.272e-01
-7.608e-01
-7.643e-01
-7.645e-01
-7.645e-01
-7.645e-01
-7.645e-01
-7.645e-01
-7.645e-01
-7.645e-01
-7.645e-01
-7.645e-01
-7.645e-01
-7.645e-01
-7.644e-01
-7.645e-01
-7.644e-01
-7.646e-01
-7.634e-01
-7.630e-01
-8.192e-01
-7.272e-01
-7.608e-01
-7.643e-01
-7.645e-01
-7.645e-01
-7.645e-01
-7.645e-01
-7.645e-01
-7.645e-01
-7.645e-01
-7.645e-01
-7.645e-01
-7.645e-01
-7.645e-01
-7.645e-01
-7.645e-01
-7.644e-01
-7.646e-01
-7.634e-01
-7.630e-01
-8.192e-01
-7.271e-01
-7.608e-01
-7.643e-01
-7.644e-01
-7.644e-01
-7.644e-01
-7.644e-01
-7.644e-01
-7.644e-01
-7.644e-01
-7.644e-01
-7.644e-01
-7.644e-01
-7.644e-01
-7.644e-01
-7.644e-01
-7.644e-01
-7.646e-01
-7.635e-01
-7.630e-01
-8.192e-01
-7.273e-01
-7.609e-01
-7.646e-01
-7.646e-01
-7.646e-01
-7.646e-01
-7.646e-01
-7.646e-01
-7.646e-01
-7.646e-01
-7.646e-01
-7.646e-01
-7.646e-01
-7.646e-01
-7.646e-01
-7.646e-01
-7.646e-01
-7.648e-01
-7.636e-01
-7.631e-01
-8.192e-01
-7.259e-01
-7.597e-01
-7.633e-01
-7.634e-01
-7.634e-01
-7.634e-01
-7.634e-01
-7.634e-01
-7.634e-01
-7.634e-01
-7.634e-01
-7.634e-01
-7.634e-01
-7.634e-01
-7.634e-01
-7.634e-01
-7.635e-01
-7.635e-01
-7.623e-01
-7.623e-01
-8.188e-01
-7.256e-01
-7.603e-01
-7.636e-01
-7.639e-01
-7.639e-01
-7.639e-01
-7.639e-01
-7.639e-01
-7.639e-01
-7.639e-01
-7.639e-01
-7.639e-01
-7.639e-01
-7.639e-01
-7.639e-01
-7.639e-01
-7.639e-01
-7.639e-01
-7.631e-01
-7.639e-01
-8.205e-01
-7.599e-01
-8.121e-01
-8.213e-01
-8.217e-01
-8.217e-01
-8.217e-01
-8.217e-01
-8.217e-01
-8.217e-01
-8.217e-01
-8.217e-01
-8.217e-01
-8.217e-01
-8.217e-01
-8.217e-01
-8.217e-01
-8.217e-01
-8.218e-01
-8.213e-01
-8.224e-01
-8.692e-01
-1.028e+00
-1.073e+00
-1.075e+00
-1.075e+00
-1.075e+00
-1.075e+00
-1.075e+00
-1.075e+00
-1.075e+00
-1.075e+00
-1.075e+00
-1.075e+00
-1.075e+00
-1.075e+00
-1.075e+00
-1.075e+00
-1.076e+00
-1.075e+00
-1.075e+00
-1.096e+00
-1.166e+00
-1.074e+00
-1.142e+00
-1.147e+00
-1.147e+00
-1.147e+00
-1.147e+00
-1.147e+00
-1.147e+00
-1.147e+00
-1.147e+00
-1.147e+00
-1.147e+00
-1.147e+00
-1.147e+00
-1.147e+00
-1.147e+00
-1.147e+00
-1.147e+00
-1.146e+00
-1.162e+00
-1.214e+00
-1.076e+00
-1.147e+00
-1.152e+00
-1.153e+00
-1.153e+00
-1.153e+00
-1.153e+00
-1.153e+00
-1.153e+00
-1.153e+00
-1.153e+00
-1.153e+00
-1.153e+00
-1.153e+00
-1.153e+00
-1.153e+00
-1.153e+00
-1.153e+00
-1.153e+00
-1.168e+00
-1.221e+00
-1.076e+00
-1.147e+00
-1.153e+00
-1.153e+00
-1.153e+00
-1.153e+00
-1.153e+00
-1.153e+00
-1.153e+00
-1.153e+00
-1.153e+00
-1.153e+00
-1.153e+00
-1.153e+00
-1.153e+00
-1.153e+00
-1.153e+00
-1.153e+00
-1.153e+00
-1.168e+00
-1.222e+00
-1.076e+00
-1.147e+00
-1.153e+00
-1.153e+00
-1.153e+00
-1.153e+00
-1.153e+00
-1.153e+00
-1.153e+00
-1.153e+00
-1.153e+00
-1.153e+00
-1.153e+00
-1.153e+00
-1.153e+00
-1.153e+00
-1.153e+00
-1.153e+00
-1.153e+00
-1.168e+00
-1.222e+00
-1.076e+00
-1.147e+00
-1.153e+00
-1.153e+00
-1.153e+00
-1.153e+00
-1.153e+00
-1.153e+00
-1.153e+00
-1.153e+00
-1.153e+00
-1.153e+00
-1.153e+00
-1.153e+00
-1.153e+00
-1.153e+00
-1.153e+00
-1.153e+00
-1.153e+00
-1.168e+00
-1.222e+00
-1.076e+00
-1.147e+00
-1.153e+00
-1.153e+00
-1.153e+00
-1.153e+00
-1.153e+00
-1.153e+00
-1.153e+00
-1.153e+00
-1.153e+00
-1.153e+00
-1.153e+00
-1.153e+00
-1.153e+00
-1.153e+00
-1.153e+00
-1.153e+00
-1.153e+00
-1.168e+00
-1.222e+00
-1.076e+00
-1.147e+00
-1.153e+00
-1.153e+00
-1.153e+00
-1.153e+00
-1.153e+00
-1.153e+00
-1.153e+00
-1.153e+00
-1.153e+00
-1.153e+00
-1.153e+00
-1.153e+00
-1.153e+00
-1.153e+00
-1.153e+00
-1.153e+00
-1.153e+00
-1.168e+00
-1.222e+00
-1.076e+00
-1.147e+00
-1.153e+00
-1.153e+00
-1.153e+00
-1.153e+00
-1.153e+00
-1.153e+00
-1.153e+00
-1.153e+00
-1.153e+00
-1.153e+00
-1.153e+00
-1.153e+00
-1.153e+00
-1.153e+00
-1.153e+00
-1.153e+00
-1.153e+00
-1.168e+00
-1.222e+00
-1.076e+00
-1.147e+00
-1.153e+00
-1.153e+00
-1.153e+00
-1.153e+00
-1.153e+00
-1.153e+00
-1.153e+00
-1.153e+00
-1.153e+00
-1.153e+00
-1.153e+00
-1.153e+00
-1.153e+00
-1.153e+00
-1.153e+00
-1.153e+00
-1.153e+00
-1.168e+00
-1.222e+00
-1.076e+00
-1.147e+00
-1.153e+00
-1.153e+00
-1.153e+00
-1.153e+00
-1.153e+00
-1.153e+00
-1.153e+00
-1.153e+00
-1.153e+00
-1.153e+00
-1.153e+00
-1.153e+00
-1.153e+00
-1.153e+00
-1.153e+00
-1.153e+00
-1.153e+00
-1.168e+00
-1.222e+00
-1.076e+00
-1.147e+00
-1.153e+00
-1.153e+00
-1.153e+00
-1.153e+00
-1.153e+00
-1.153e+00
-1.153e+00
-1.153e+00
-1.153e+00
-1.153e+00
-1.153e+00
-1.153e+00
-1.153e+00
-1.153e+00
-1.153e+00
-1.153e+00
-1.153e+00
-1.168e+00
-1.222e+00
-1.076e+00
-1.147e+00
-1.153e+00
-1.153e+00
-1.153e+00
-1.153e+00
-1.153e+00
-1.153e+00
-1.153e+00
-1.153e+00
-1.153e+00
-1.153e+00
-1.153e+00
-1.153e+00
-1.153e+00
-1.153e+00
-1.153e+00
-1.153e+00
-1.153e+00
-1.168e+00
-1.222e+00
-1.076e+00
-1.147e+00
-1.153e+00
-1.153e+00
-1.153e+00
-1.153e+00
-1.153e+00
-1.153e+00
-1.153e+00
-1.153e+00
-1.153e+00
-1.153e+00
-1.153e+00
-1.153e+00
-1.153e+00
-1.153e+00
-1.153e+00
-1.153e+00
-1.153e+00
-1.168e+00
-1.222e+00
-1.076e+00
-1.147e+00
-1.153e+00
-1.153e+00
-1.153e+00
-1.153e+00
-1.153e+00
-1.153e+00
-1.153e+00
-1.153e+00
-1.153e+00
-1.153e+00
-1.153e+00
-1.153e+00
-1.153e+00
-1.153e+00
-1.153e+00
-1.153e+00
-1.153e+00
-1.168e+00
-1.222e+00
-1.076e+00
-1.147e+00
-1.153e+00
-1.153e+00
-1.153e+00
-1.153e+00
-1.153e+00
-1.153e+00
-1.153e+00
-1.153e+00
-1.153e+00
-1.153e+00
-1.153e+00
-1.153e+00
-1.153e+00
-1.153e+00
-1.153e+00
-1.153e+00
-1.153e+00
-1.168e+00
-1.222e+00
-1.076e+00
-1.147e+00
-1.153e+00
-1.153e+00
-1.153e+00
-1.153e+00
-1.153e+00
-1.153e+00
-1.153e+00
-1.153e+00
-1.153e+00
-1.153e+00
-1.153e+00
-1.153e+00
-1.153e+00
-1.153e+00
-1.153e+00
-1.153e+00
-1.153e+00
-1.168e+00
-1.222e+00
-1.076e+00
-1.147e+00
-1.153e+00
-1.153e+00
-1.153e+00
-1.153e+00
-1.153e+00
-1.153e+00
-1.153e+00
-1.153e+00
-1.153e+00
-1.153e+00
-1.153e+00
-1.153e+00
-1.153e+00
-1.153e+00
-1.153e+00
-1.153e+00
-1.153e+00
-1.168e+00
-1.222e+00
-1.075e+00
-1.146e+00
-1.153e+00
-1.153e+00
-1.153e+00
-1.153e+00
-1.153e+00
-1.153e+00
-1.153e+00
-1.153e+00
-1.153e+00
-1.153e+00
-1.153e+00
-1.153e+00
-1.153e+00
-1.153e+00
-1.153e+00
-1.153e+00
-1.152e+00
-1.168e+00
-1.222e+00
-1.099e+00
-1.164e+00
-1.169e+00
-1.170e+00
-1.170e+00
-1.170e+00
-1.170e+00
-1.170e+00
-1.170e+00
-1.170e+00
-1.170e+00
-1.170e+00
-1.170e+00
-1.170e+00
-1.170e+00
-1.170e+00
-1.170e+00
-1.169e+00
-1.170e+00
-1.183e+00
-1.227e+00
-1.170e+00
-1.216e+00
-1.223e+00
-1.223e+00
-1.224e+00
-1.224e+00
-1.224e+00
-1.224e+00
-1.224e+00
-1.224e+00
-1.224e+00
-1.224e+00
-1.224e+00
-1.224e+00
-1.224e+00
-1.224e+00
-1.224e+00
-1.223e+00
-1.223e+00
-1.228e+00
-1.247e+00
-1.309e+00
-1.312e+00
-1.313e+00
-1.313e+00
-1.313e+00
-1.313e+00
-1.313e+00
-1.313e+00
-1.313e+00
-1.313e+00
-1.313e+00
-1.313e+00
-1.313e+00
-1.313e+00
-1.313e+00
-1.313e+00
-1.313e+00
-1.313e+00
-1.313e+00
-1.316e+00
-1.318e+00
-1.312e+00
-1.316e+00
-1.316e+00
-1.316e+00
-1.316e+00
-1.316e+00
-1.316e+00
-1.316e+00
-1.316e+00
-1.316e+00
-1.316e+00
-1.316e+00
-1.316e+00
-1.316e+00
-1.316e+00
-1.316e+00
-1.316e+00
-1.316e+00
-1.316e+00
-1.318e+00
-1.318e+00
-1.313e+00
-1.316e+00
-1.316e+00
-1.316e+00
-1.316e+00
-1.316e+00
-1.316e+00
-1.316e+00
-1.316e+00
-1.316e+00
-1.316e+00
-1.316e+00
-1.316e+00
-1.316e+00
-1.316e+00
-1.316e+00
-1.316e+00
-1.316e+00
-1.317e+00
-1.318e+00
-1.318e+00
-1.313e+00
-1.316e+00
-1.316e+00
-1.316e+00
-1.316e+00
-1.316e+00
-1.316e+00
-1.316e+00
-1.316e+00
-1.316e+00
-1.316e+00
-1.316e+00
-1.316e+00
-1.316e+00
-1.316e+00
-1.316e+00
-1.316e+00
-1.316e+00
-1.317e+00
-1.318e+00
-1.318e+00
-1.313e+00
-1.316e+00
-1.316e+00
-1.316e+00
-1.316e+00
-1.316e+00
-1.316e+00
-1.316e+00
-1.316e+00
-1.316e+00
-1.316e+00
-1.316e+00
-1.316e+00
-1.316e+00
-1.316e+00
-1.316e+00
-1.316e+00
-1.316e+00
-1.317e+00
-1.318e+00
-1.318e+00
-1.313e+00
-1.316e+00
-1.316e+00
-1.316e+00
-1.316e+00
-1.316e+00
-1.316e+00
-1.316e+00
-1.316e+00
-1.316e+00
-1.316e+00
-1.316e+00
-1.316e+00
-1.316e+00
-1.316e+00
-1.316e+00
-1.316e+00
-1.316e+00
-1.317e+00
-1.318e+00
-1.318e+00
-1.313e+00
-1.316e+00
-1.316e+00
-1.316e+00
-1.316e+00
-1.316e+00
-1.316e+00
-1.316e+00
-1.316e+00
-1.316e+00
-1.316e+00
-1.316e+00
-1.316e+00
-1.316e+00
-1.316e+00
-1.316e+00
-1.316e+00
-1.316e+00
-1.317e+00
-1.318e+00
-1.318e+00
-1.313e+00
-1.316e+00
-1.316e+00
-1.316e+00
-1.316e+00
-1.316e+00
-1.316e+00
-1.316e+00
-1.316e+00
-1.316e+00
-1.316e+00
-1.316e+00
-1.316e+00
-1.316e+00
-1.316e+00
-1.316e+00
-1.316e+00
-1.316e+00
-1.317e+00
-1.318e+00
-1.318e+00
-1.313e+00
-1.316e+00
-1.316e+00
-1.316e+00
-1.316e+00
-1.316e+00
-1.316e+00
-1.316e+00
-1.316e+00
-1.316e+00
-1.316e+00
-1.316e+00
-1.316e+00
-1.316e+00
-1.316e+00
-1.316e+00
-1.316e+00
-1.316e+00
-1.317e+00
-1.318e+00
-1.318e+00
-1.313e+00
-1.316e+00
-1.316e+00
-1.316e+00
-1.316e+00
-1.316e+00
-1.316e+00
-1.316e+00
-1.316e+00
-1.316e+00
-1.316e+00
-1.316e+00
-1.316e+00
-1.316e+00
-1.316e+00
-1.316e+00
-1.316e+00
-1.316e+00
-1.317e+00
-1.318e+00
-1.318e+00
-1.313e+00
-1.316e+00
-1.316e+00
-1.316e+00
-1.316e+00
-1.316e+00
-1.316e+00
-1.316e+00
-1.316e+00
-1.316e+00
-1.316e+00
-1.316e+00
-1.316e+00
-1.316e+00
-1.316e+00
-1.316e+00
-1.316e+00
-1.316e+00
-1.317e+00
-1.318e+00
-1.318e+00
-1.313e+00
-1.316e+00
-1.316e+00
-1.316e+00
-1.316e+00
-1.316e+00
-1.316e+00
-1.316e+00
-1.316e+00
-1.316e+00
-1.316e+00
-1.316e+00
-1.316e+00
-1.316e+00
-1.316e+00
-1.316e+00
-1.316e+00
-1.316e+00
-1.317e+00
-1.318e+00
-1.318e+00
-1.313e+00
-1.316e+00
-1.316e+00
-1.316e+00
-1.316e+00
-1.316e+00
-1.316e+00
-1.316e+00
-1.316e+00
-1.316e+00
-1.316e+00
-1.316e+00
-1.316e+00
-1.316e+00
-1.316e+00
-1.316e+00
-1.316e+00
-1.316e+00
-1.317e+00
-1.318e+00
-1.318e+00
-1.313e+00
-1.316e+00
-1.316e+00
-1.316e+00
-1.316e+00
-1.316e+00
-1.316e+00
-1.316e+00
-1.316e+00
-1.316e+00
-1.316e+00
-1.316e+00
-1.316e+00
-1.316e+00
-1.316e+00
-1.316e+00
-1.316e+00
-1.316e+00
-1.317e+00
-1.318e+00
-1.318e+00
-1.313e+00
-1.316e+00
-1.316e+00
-1.316e+00
-1.316e+00
-1.316e+00
-1.316e+00
-1.316e+00
-1.316e+00
-1.316e+00
-1.316e+00
-1.316e+00
-1.316e+00
-1.316e+00
-1.316e+00
-1.316e+00
-1.316e+00
-1.316e+00
-1.317e+00
-1.318e+00
-1.318e+00
-1.313e+00
-1.316e+00
-1.316e+00
-1.316e+00
-1.316e+00
-1.316e+00
-1.316e+00
-1.316e+00
-1.316e+00
-1.316e+00
-1.316e+00
-1.316e+00
-1.316e+00
-1.316e+00
-1.316e+00
-1.316e+00
-1.316e+00
-1.316e+00
-1.317e+00
-1.318e+00
-1.318e+00
-1.313e+00
-1.316e+00
-1.316e+00
-1.316e+00
-1.316e+00
-1.316e+00
-1.316e+00
-1.316e+00
-1.316e+00
-1.316e+00
-1.316e+00
-1.316e+00
-1.316e+00
-1.316e+00
-1.316e+00
-1.316e+00
-1.316e+00
-1.316e+00
-1.317e+00
-1.318e+00
-1.318e+00
-1.313e+00
-1.316e+00
-1.316e+00
-1.316e+00
-1.316e+00
-1.316e+00
-1.316e+00
-1.316e+00
-1.316e+00
-1.316e+00
-1.316e+00
-1.316e+00
-1.316e+00
-1.316e+00
-1.316e+00
-1.316e+00
-1.316e+00
-1.316e+00
-1.317e+00
-1.318e+00
-1.318e+00
-1.313e+00
-1.316e+00
-1.317e+00
-1.317e+00
-1.317e+00
-1.317e+00
-1.317e+00
-1.317e+00
-1.317e+00
-1.317e+00
-1.317e+00
-1.317e+00
-1.317e+00
-1.317e+00
-1.317e+00
-1.317e+00
-1.317e+00
-1.317e+00
-1.317e+00
-1.318e+00
-1.318e+00
-1.316e+00
-1.318e+00
-1.318e+00
-1.318e+00
-1.318e+00
-1.318e+00
-1.318e+00
-1.318e+00
-1.318e+00
-1.318e+00
-1.318e+00
-1.318e+00
-1.318e+00
-1.318e+00
-1.318e+00
-1.318e+00
-1.318e+00
-1.318e+00
-1.318e+00
-1.319e+00
-1.319e+00
-1.318e+00
-1.318e+00
-1.319e+00
-1.319e+00
-1.319e+00
-1.319e+00
-1.319e+00
-1.319e+00
-1.319e+00
-1.319e+00
-1.319e+00
-1.319e+00
-1.319e+00
-1.319e+00
-1.319e+00
-1.319e+00
-1.319e+00
-1.319e+00
-1.319e+00
-1.319e+00
-1.320e+00
-1.363e+00
-1.331e+00
-1.331e+00
-1.331e+00
-1.331e+00
-1.331e+00
-1.331e+00
-1.331e+00
-1.331e+00
-1.331e+00
-1.331e+00
-1.331e+00
-1.331e+00
-1.331e+00
-1.331e+00
-1.331e+00
-1.331e+00
-1.331e+00
-1.331e+00
-1.331e+00
-1.280e+00
-1.331e+00
-1.280e+00
-1.280e+00
-1.280e+00
-1.280e+00
-1.280e+00
-1.280e+00
-1.280e+00
-1.280e+00
-1.280e+00
-1.280e+00
-1.280e+00
-1.280e+00
-1.280e+00
-1.280e+00
-1.280e+00
-1.280e+00
-1.280e+00
-1.280e+00
-1.280e+00
-1.245e+00
-1.331e+00
-1.280e+00
-1.280e+00
-1.280e+00
-1.280e+00
-1.280e+00
-1.280e+00
-1.280e+00
-1.280e+00
-1.280e+00
-1.280e+00
-1.280e+00
-1.280e+00
-1.280e+00
-1.280e+00
-1.280e+00
-1.280e+00
-1.280e+00
-1.280e+00
-1.280e+00
-1.245e+00
-1.331e+00
-1.280e+00
-1.280e+00
-1.280e+00
-1.280e+00
-1.280e+00
-1.280e+00
-1.280e+00
-1.280e+00
-1.280e+00
-1.280e+00
-1.280e+00
-1.280e+00
-1.280e+00
-1.280e+00
-1.280e+00
-1.280e+00
-1.280e+00
-1.280e+00
-1.280e+00
-1.245e+00
-1.331e+00
-1.280e+00
-1.280e+00
-1.280e+00
-1.280e+00
-1.280e+00
-1.280e+00
-1.280e+00
-1.280e+00
-1.280e+00
-1.280e+00
-1.280e+00
-1.280e+00
-1.280e+00
-1.280e+00
-1.280e+00
-1.280e+00
-1.280e+00
-1.280e+00
-1.280e+00
-1.245e+00
-1.331e+00
-1.280e+00
-1.280e+00
-1.280e+00
-1.280e+00
-1.280e+00
-1.280e+00
-1.280e+00
-1.280e+00
-1.280e+00
-1.280e+00
-1.280e+00
-1.280e+00
-1.280e+00
-1.280e+00
-1.280e+00
-1.280e+00
-1.280e+00
-1.280e+00
-1.280e+00
-1.245e+00
-1.331e+00
-1.280e+00
-1.280e+00
-1.280e+00
-1.280e+00
-1.280e+00
-1.280e+00
-1.280e+00
-1.280e+00
-1.280e+00
-1.280e+00
-1.280e+00
-1.280e+00
-1.280e+00
-1.280e+00
-1.280e+00
-1.280e+00
-1.280e+00
-1.280e+00
-1.280e+00
-1.245e+00
-1.331e+00
-1.280e+00
-1.280e+00
-1.280e+00
-1.280e+00
-1.280e+00
-1.280e+00
-1.280e+00
-1.280e+00
-1.280e+00
-1.280e+00
-1.280e+00
-1.280e+00
-1.280e+00
-1.280e+00
-1.280e+00
-1.280e+00
-1.280e+00
-1.280e+00
-1.280e+00
-1.245e+00
-1.331e+00
-1.280e+00
-1.280e+00
-1.280e+00
-1.280e+00
-1.280e+00
-1.280e+00
-1.280e+00
-1.280e+00
-1.280e+00
-1.280e+00
-1.280e+00
-1.280e+00
-1.280e+00
-1.280e+00
-1.280e+00
-1.280e+00
-1.280e+00
-1.280e+00
-1.280e+00
-1.245e+00
-1.331e+00
-1.280e+00
-1.280e+00
-1.280e+00
-1.280e+00
-1.280e+00
-1.280e+00
-1.280e+00
-1.280e+00
-1.280e+00
-1.280e+00
-1.280e+00
-1.280e+00
-1.280e+00
-1.280e+00
-1.280e+00
-1.280e+00
-1.280e+00
-1.280e+00
-1.280e+00
-1.245e+00
-1.331e+00
-1.280e+00
-1.280e+00
-1.280e+00
-1.280e+00
-1.280e+00
-1.280e+00
-1.280e+00
-1.280e+00
-1.280e+00
-1.280e+00
-1.280e+00
-1.280e+00
-1.280e+00
-1.280e+00
-1.280e+00
-1.280e+00
-1.280e+00
-1.280e+00
-1.280e+00
-1.245e+00
-1.331e+00
-1.280e+00
-1.280e+00
-1.280e+00
-1.280e+00
-1.280e+00
-1.280e+00
-1.280e+00
-1.280e+00
-1.280e+00
-1.280e+00
-1.280e+00
-1.280e+00
-1.280e+00
-1.280e+00
-1.280e+00
-1.280e+00
-1.280e+00
-1.280e+00
-1.280e+00
-1.245e+00
-1.331e+00
-1.280e+00
-1.280e+00
-1.280e+00
-1.280e+00
-1.280e+00
-1.280e+00
-1.280e+00
-1.280e+00
-1.280e+00
-1.280e+00
-1.280e+00
-1.280e+00
-1.280e+00
-1.280e+00
-1.280e+00
-1.280e+00
-1.280e+00
-1.280e+00
-1.280e+00
-1.245e+00
-1.331e+00
-1.280e+00
-1.280e+00
-1.280e+00
-1.280e+00
-1.280e+00
-1.280e+00
-1.280e+00
-1.280e+00
-1.280e+00
-1.280e+00
-1.280e+00
-1.280e+00
-1.280e+00
-1.280e+00
-1.280e+00
-1.280e+00
-1.280e+00
-1.280e+00
-1.280e+00
-1.245e+00
-1.331e+00
-1.280e+00
-1.280e+00
-1.280e+00
-1.280e+00
-1.280e+00
-1.280e+00
-1.280e+00
-1.280e+00
-1.280e+00
-1.280e+00
-1.280e+00
-1.280e+00
-1.280e+00
-1.280e+00
-1.280e+00
-1.280e+00
-1.280e+00
-1.280e+00
-1.280e+00
-1.245e+00
-1.331e+00
-1.280e+00
-1.280e+00
-1.280e+00
-1.280e+00
-1.280e+00
-1.280e+00
-1.280e+00
-1.280e+00
-1.280e+00
-1.280e+00
-1.280e+00
-1.280e+00
-1.280e+00
-1.280e+00
-1.280e+00
-1.280e+00
-1.280e+00
-1.280e+00
-1.280e+00
-1.245e+00
-1.331e+00
-1.280e+00
-1.280e+00
-1.280e+00
-1.280e+00
-1.280e+00
-1.280e+00
-1.280e+00
-1.280e+00
-1.280e+00
-1.280e+00
-1.280e+00
-1.280e+00
-1.280e+00
-1.280e+00
-1.280e+00
-1.280e+00
-1.280e+00
-1.280e+00
-1.280e+00
-1.245e+00
-1.331e+00
-1.280e+00
-1.280e+00
-1.280e+00
-1.280e+00
-1.280e+00
-1.280e+00
-1.280e+00
-1.280e+00
-1.280e+00
-1.280e+00
-1.280e+00
-1.280e+00
-1.280e+00
-1.280e+00
-1.280e+00
-1.280e+00
-1.280e+00
-1.280e+00
-1.280e+00
-1.245e+00
-1.331e+00
-1.280e+00
-1.280e+00
-1.280e+00
-1.280e+00
-1.280e+00
-1.280e+00
-1.280e+00
-1.280e+00
-1.280e+00
-1.280e+00
-1.280e+00
-1.280e+00
-1.280e+00
-1.280e+00
-1.280e+00
-1.280e+00
-1.280e+00
-1.280e+00
-1.280e+00
-1.245e+00
-1.331e+00
-1.280e+00
-1.280e+00
-1.280e+00
-1.280e+00
-1.280e+00
-1.280e+00
-1.280e+00
-1.280e+00
-1.280e+00
-1.280e+00
-1.280e+00
-1.280e+00
-1.280e+00
-1.280e+00
-1.280e+00
-1.280e+00
-1.280e+00
-1.280e+00
-1.280e+00
-1.245e+00
-1.280e+00
-1.245e+00
-1.245e+00
-1.245e+00
-1.245e+00
-1.245e+00
-1.245e+00
-1.245e+00
-1.245e+00
-1.245e+00
-1.245e+00
-1.245e+00
-1.245e+00
-1.245e+00
-1.245e+00
-1.245e+00
-1.245e+00
-1.245e+00
-1.245e+00
-1.245e+00
-1.230e+00
-1.193e+00
-1.193e+00
-1.193e+00
-1.193e+00
-1.193e+00
-1.193e+00
-1.193e+00
-1.193e+00
-1.193e+00
-1.193e+00
-1.193e+00
-1.193e+00
-1.193e+00
-1.193e+00
-1.193e+00
-1.193e+00
-1.193e+00
-1.193e+00
-1.193e+00
-1.193e+00
-1.191e+00
-1.193e+00
-1.191e+00
-1.191e+00
-1.191e+00
-1.191e+00
-1.191e+00
-1.191e+00
-1.191e+00
-1.191e+00
-1.191e+00
-1.191e+00
-1.191e+00
-1.191e+00
-1.191e+00
-1.191e+00
-1.191e+00
-1.191e+00
-1.191e+00
-1.191e+00
-1.191e+00
-1.191e+00
-1.193e+00
-1.191e+00
-1.191e+00
-1.191e+00
-1.191e+00
-1.191e+00
-1.191e+00
-1.191e+00
-1.191e+00
-1.191e+00
-1.191e+00
-1.191e+00
-1.191e+00
-1.191e+00
-1.191e+00
-1.191e+00
-1.191e+00
-1.191e+00
-1.191e+00
-1.191e+00
-1.191e+00
-1.193e+00
-1.191e+00
-1.191e+00
-1.191e+00
-1.191e+00
-1.191e+00
-1.191e+00
-1.191e+00
-1.191e+00
-1.191e+00
-1.191e+00
-1.191e+00
-1.191e+00
-1.191e+00
-1.191e+00
-1.191e+00
-1.191e+00
-1.191e+00
-1.191e+00
-1.191e+00
-1.191e+00
-1.193e+00
-1.191e+00
-1.191e+00
-1.191e+00
-1.191e+00
-1.191e+00
-1.191e+00
-1.191e+00
-1.191e+00
-1.191e+00
-1.191e+00
-1.191e+00
-1.191e+00
-1.191e+00
-1.191e+00
-1.191e+00
-1.191e+00
-1.191e+00
-1.191e+00
-1.191e+00
-1.191e+00
-1.193e+00
-1.191e+00
-1.191e+00
-1.191e+00
-1.191e+00
-1.191e+00
-1.191e+00
-1.191e+00
-1.191e+00
-1.191e+00
-1.191e+00
-1.191e+00
-1.191e+00
-1.191e+00
-1.191e+00
-1.191e+00
-1.191e+00
-1.191e+00
-1.191e+00
-1.191e+00
-1.191e+00
-1.193e+00
-1.191e+00
-1.191e+00
-1.191e+00
-1.191e+00
-1.191e+00
-1.191e+00
-1.191e+00
-1.191e+00
-1.191e+00
-1.191e+00
-1.191e+00
-1.191e+00
-1.191e+00
-1.191e+00
-1.191e+00
-1.191e+00
-1.191e+00
-1.191e+00
-1.191e+00
-1.191e+00
-1.193e+00
-1.191e+00
-1.191e+00
-1.191e+00
-1.191e+00
-1.191e+00
-1.191e+00
-1.191e+00
-1.191e+00
-1.191e+00
-1.191e+00
-1.191e+00
-1.191e+00
-1.191e+00
-1.191e+00
-1.191e+00
-1.191e+00
-1.191e+00
-1.191e+00
-1.191e+00
-1.191e+00
-1.193e+00
-1.191e+00
-1.191e+00
-1.191e+00
-1.191e+00
-1.191e+00
-1.191e+00
-1.191e+00
-1.191e+00
-1.191e+00
-1.191e+00
-1.191e+00
-1.191e+00
-1.191e+00
-1.191e+00
-1.191e+00
-1.191e+00
-1.191e+00
-1.191e+00
-1.191e+00
-1.191e+00
-1.193e+00
-1.191e+00
-1.191e+00
-1.191e+00
-1.191e+00
-1.191e+00
-1.191e+00
-1.191e+00
-1.191e+00
-1.191e+00
-1.191e+00
-1.191e+00
-1.191e+00
-1.191e+00
-1.191e+00
-1.191e+00
-1.191e+00
-1.191e+00
-1.191e+00
-1.191e+00
-1.191e+00
-1.193e+00
-1.191e+00
-1.191e+00
-1.191e+00
-1.191e+00
-1.191e+00
-1.191e+00
-1.191e+00
-1.191e+00
-1.191e+00
-1.191e+00
-1.191e+00
-1.191e+00
-1.191e+00
-1.191e+00
-1.191e+00
-1.191e+00
-1.191e+00
-1.191e+00
-1.191e+00
-1.191e+00
-1.193e+00
-1.191e+00
-1.191e+00
-1.191e+00
-1.191e+00
-1.191e+00
-1.191e+00
-1.191e+00
-1.191e+00
-1.191e+00
-1.191e+00
-1.191e+00
-1.191e+00
-1.191e+00
-1.191e+00
-1.191e+00
-1.191e+00
-1.191e+00
-1.191e+00
-1.191e+00
-1.191e+00
-1.193e+00
-1.191e+00
-1.191e+00
-1.191e+00
-1.191e+00
-1.191e+00
-1.191e+00
-1.191e+00
-1.191e+00
-1.191e+00
-1.191e+00
-1.191e+00
-1.191e+00
-1.191e+00
-1.191e+00
-1.191e+00
-1.191e+00
-1.191e+00
-1.191e+00
-1.191e+00
-1.191e+00
-1.193e+00
-1.191e+00
-1.191e+00
-1.191e+00
-1.191e+00
-1.191e+00
-1.191e+00
-1.191e+00
-1.191e+00
-1.191e+00
-1.191e+00
-1.191e+00
-1.191e+00
-1.191e+00
-1.191e+00
-1.191e+00
-1.191e+00
-1.191e+00
-1.191e+00
-1.191e+00
-1.191e+00
-1.193e+00
-1.191e+00
-1.191e+00
-1.191e+00
-1.191e+00
-1.191e+00
-1.191e+00
-1.191e+00
-1.191e+00
-1.191e+00
-1.191e+00
-1.191e+00
-1.191e+00
-1.191e+00
-1.191e+00
-1.191e+00
-1.191e+00
-1.191e+00
-1.191e+00
-1.191e+00
-1.191e+00
-1.193e+00
-1.191e+00
-1.191e+00
-1.191e+00
-1.191e+00
-1.191e+00
-1.191e+00
-1.191e+00
-1.191e+00
-1.191e+00
-1.191e+00
-1.191e+00
-1.191e+00
-1.191e+00
-1.191e+00
-1.191e+00
-1.191e+00
-1.191e+00
-1.191e+00
-1.191e+00
-1.191e+00
-1.193e+00
-1.191e+00
-1.191e+00
-1.191e+00
-1.191e+00
-1.191e+00
-1.191e+00
-1.191e+00
-1.191e+00
-1.191e+00
-1.191e+00
-1.191e+00
-1.191e+00
-1.191e+00
-1.191e+00
-1.191e+00
-1.191e+00
-1.191e+00
-1.191e+00
-1.191e+00
-1.191e+00
-1.193e+00
-1.191e+00
-1.191e+00
-1.191e+00
-1.191e+00
-1.191e+00
-1.191e+00
-1.191e+00
-1.191e+00
-1.191e+00
-1.191e+00
-1.191e+00
-1.191e+00
-1.191e+00
-1.191e+00
-1.191e+00
-1.191e+00
-1.191e+00
-1.191e+00
-1.191e+00
-1.191e+00
-1.193e+00
-1.191e+00
-1.191e+00
-1.191e+00
-1.191e+00
-1.191e+00
-1.191e+00
-1.191e+00
-1.191e+00
-1.191e+00
-1.191e+00
-1.191e+00
-1.191e+00
-1.191e+00
-1.191e+00
-1.191e+00
-1.191e+00
-1.191e+00
-1.191e+00
-1.191e+00
-1.191e+00
-1.193e+00
-1.191e+00
-1.191e+00
-1.191e+00
-1.191e+00
-1.191e+00
-1.191e+00
-1.191e+00
-1.191e+00
-1.191e+00
-1.191e+00
-1.191e+00
-1.191e+00
-1.191e+00
-1.191e+00
-1.191e+00
-1.191e+00
-1.191e+00
-1.191e+00
-1.191e+00
-1.191e+00
-1.191e+00
-1.191e+00
-1.191e+00
-1.191e+00
-1.191e+00
-1.191e+00
-1.191e+00
-1.191e+00
-1.191e+00
-1.191e+00
-1.191e+00
-1.191e+00
-1.191e+00
-1.191e+00
-1.191e+00
-1.191e+00
-1.191e+00
-1.191e+00
-1.191e+00
-1.191e+00
-1.191e+00
-1.151e+00
-1.142e+00
-1.142e+00
-1.142e+00
-1.142e+00
-1.142e+00
-1.142e+00
-1.142e+00
-1.142e+00
-1.142e+00
-1.142e+00
-1.142e+00
-1.142e+00
-1.142e+00
-1.142e+00
-1.142e+00
-1.142e+00
-1.142e+00
-1.142e+00
-1.142e+00
-1.128e+00
-1.142e+00
-1.128e+00
-1.128e+00
-1.128e+00
-1.128e+00
-1.128e+00
-1.128e+00
-1.128e+00
-1.128e+00
-1.128e+00
-1.128e+00
-1.128e+00
-1.128e+00
-1.128e+00
-1.128e+00
-1.128e+00
-1.128e+00
-1.128e+00
-1.128e+00
-1.128e+00
-1.116e+00
-1.142e+00
-1.128e+00
-1.128e+00
-1.128e+00
-1.128e+00
-1.128e+00
-1.128e+00
-1.128e+00
-1.128e+00
-1.128e+00
-1.128e+00
-1.128e+00
-1.128e+00
-1.128e+00
-1.128e+00
-1.128e+00
-1.128e+00
-1.128e+00
-1.128e+00
-1.128e+00
-1.116e+00
-1.142e+00
-1.128e+00
-1.128e+00
-1.128e+00
-1.128e+00
-1.128e+00
-1.128e+00
-1.128e+00
-1.128e+00
-1.128e+00
-1.128e+00
-1.128e+00
-1.128e+00
-1.128e+00
-1.128e+00
-1.128e+00
-1.128e+00
-1.128e+00
-1.128e+00
-1.128e+00
-1.116e+00
-1.142e+00
-1.128e+00
-1.128e+00
-1.128e+00
-1.128e+00
-1.128e+00
-1.128e+00
-1.128e+00
-1.128e+00
-1.128e+00
-1.128e+00
-1.128e+00
-1.128e+00
-1.128e+00
-1.128e+00
-1.128e+00
-1.128e+00
-1.128e+00
-1.128e+00
-1.128e+00
-1.116e+00
-1.142e+00
-1.128e+00
-1.128e+00
-1.128e+00
-1.128e+00
-1.128e+00
-1.128e+00
-1.128e+00
-1.128e+00
-1.128e+00
-1.128e+00
-1.128e+00
-1.128e+00
-1.128e+00
-1.128e+00
-1.128e+00
-1.128e+00
-1.128e+00
-1.128e+00
-1.128e+00
-1.116e+00
-1.142e+00
-1.128e+00
-1.128e+00
-1.128e+00
-1.128e+00
-1.128e+00
-1.128e+00
-1.128e+00
-1.128e+00
-1.128e+00
-1.128e+00
-1.128e+00
-1.128e+00
-1.128e+00
-1.128e+00
-1.128e+00
-1.128e+00
-1.128e+00
-1.128e+00
-1.128e+00
-1.116e+00
-1.142e+00
-1.128e+00
-1.128e+00
-1.128e+00
-1.128e+00
-1.128e+00
-1.128e+00
-1.128e+00
-1.128e+00
-1.128e+00
-1.128e+00
-1.128e+00
-1.128e+00
-1.128e+00
-1.128e+00
-1.128e+00
-1.128e+00
-1.128e+00
-1.128e+00
-1.128e+00
-1.116e+00
-1.142e+00
-1.128e+00
-1.128e+00
-1.128e+00
-1.128e+00
-1.128e+00
-1.128e+00
-1.128e+00
-1.128e+00
-1.128e+00
-1.128e+00
-1.128e+00
-1.128e+00
-1.128e+00
-1.128e+00
-1.128e+00
-1.128e+00
-1.128e+00
-1.128e+00
-1.128e+00
-1.116e+00
-1.142e+00
-1.128e+00
-1.128e+00
-1.128e+00
-1.128e+00
-1.128e+00
-1.128e+00
-1.128e+00
-1.128e+00
-1.128e+00
-1.128e+00
-1.128e+00
-1.128e+00
-1.128e+00
-1.128e+00
-1.128e+00
-1.128e+00
-1.128e+00
-1.128e+00
-1.128e+00
-1.116e+00
-1.142e+00
-1.128e+00
-1.128e+00
-1.128e+00
-1.128e+00
-1.128e+00
-1.128e+00
-1.128e+00
-1.128e+00
-1.128e+00
-1.128e+00
-1.128e+00
-1.128e+00
-1.128e+00
-1.128e+00
-1.128e+00
-1.128e+00
-1.128e+00
-1.128e+00
-1.128e+00
-1.116e+00
-1.142e+00
-1.128e+00
-1.128e+00
-1.128e+00
-1.128e+00
-1.128e+00
-1.128e+00
-1.128e+00
-1.128e+00
-1.128e+00
-1.128e+00
-1.128e+00
-1.128e+00
-1.128e+00
-1.128e+00
-1.128e+00
-1.128e+00
-1.128e+00
-1.128e+00
-1.128e+00
-1.116e+00
-1.142e+00
-1.128e+00
-1.128e+00
-1.128e+00
-1.128e+00
-1.128e+00
-1.128e+00
-1.128e+00
-1.128e+00
-1.128e+00
-1.128e+00
-1.128e+00
-1.128e+00
-1.128e+00
-1.128e+00
-1.128e+00
-1.128e+00
-1.128e+00
-1.128e+00
-1.128e+00
-1.116e+00
-1.142e+00
-1.128e+00
-1.128e+00
-1.128e+00
-1.128e+00
-1.128e+00
-1.128e+00
-1.128e+00
-1.128e+00
-1.128e+00
-1.128e+00
-1.128e+00
-1.128e+00
-1.128e+00
-1.128e+00
-1.128e+00
-1.128e+00
-1.128e+00
-1.128e+00
-1.128e+00
-1.116e+00
-1.142e+00
-1.128e+00
-1.128e+00
-1.128e+00
-1.128e+00
-1.128e+00
-1.128e+00
-1.128e+00
-1.128e+00
-1.128e+00
-1.128e+00
-1.128e+00
-1.128e+00
-1.128e+00
-1.128e+00
-1.128e+00
-1.128e+00
-1.128e+00
-1.128e+00
-1.128e+00
-1.116e+00
-1.142e+00
-1.128e+00
-1.128e+00
-1.128e+00
-1.128e+00
-1.128e+00
-1.128e+00
-1.128e+00
-1.128e+00
-1.128e+00
-1.128e+00
-1.128e+00
-1.128e+00
-1.128e+00
-1.128e+00
-1.128e+00
-1.128e+00
-1.128e+00
-1.128e+00
-1.128e+00
-1.116e+00
-1.142e+00
-1.128e+00
-1.128e+00
-1.128e+00
-1.128e+00
-1.128e+00
-1.128e+00
-1.128e+00
-1.128e+00
-1.128e+00
-1.128e+00
-1.128e+00
-1.128e+00
-1.128e+00
-1.128e+00
-1.128e+00
-1.128e+00
-1.128e+00
-1.128e+00
-1.128e+00
-1.116e+00
-1.142e+00
-1.128e+00
-1.128e+00
-1.128e+00
-1.128e+00
-1.128e+00
-1.128e+00
-1.128e+00
-1.128e+00
-1.128e+00
-1.128e+00
-1.128e+00
-1.128e+00
-1.128e+00
-1.128e+00
-1.128e+00
-1.128e+00
-1.128e+00
-1.128e+00
-1.128e+00
-1.116e+00
-1.142e+00
-1.128e+00
-1.128e+00
-1.128e+00
-1.128e+00
-1.128e+00
-1.128e+00
-1.128e+00
-1.128e+00
-1.128e+00
-1.128e+00
-1.128e+00
-1.128e+00
-1.128e+00
-1.128e+00
-1.128e+00
-1.128e+00
-1.128e+00
-1.128e+00
-1.128e+00
-1.116e+00
-1.142e+00
-1.128e+00
-1.128e+00
-1.128e+00
-1.128e+00
-1.128e+00
-1.128e+00
-1.128e+00
-1.128e+00
-1.128e+00
-1.128e+00
-1.128e+00
-1.128e+00
-1.128e+00
-1.128e+00
-1.128e+00
-1.128e+00
-1.128e+00
-1.128e+00
-1.127e+00
-1.116e+00
-1.128e+00
-1.116e+00
-1.116e+00
-1.116e+00
-1.116e+00
-1.116e+00
-1.116e+00
-1.116e+00
-1.116e+00
-1.116e+00
-1.116e+00
-1.116e+00
-1.116e+00
-1.116e+00
-1.116e+00
-1.116e+00
-1.116e+00
-1.116e+00
-1.116e+00
-1.116e+00
-1.112e+00
-1.048e+00
-1.048e+00
-1.048e+00
-1.048e+00
-1.048e+00
-1.048e+00
-1.048e+00
-1.048e+00
-1.048e+00
-1.048e+00
-1.048e+00
-1.048e+00
-1.048e+00
-1.048e+00
-1.048e+00
-1.048e+00
-1.048e+00
-1.048e+00
-1.048e+00
-1.048e+00
-1.048e+00
-1.048e+00
-1.048e+00
-1.048e+00
-1.048e+00
-1.048e+00
-1.048e+00
-1.048e+00
-1.048e+00
-1.048e+00
-1.048e+00
-1.048e+00
-1.048e+00
-1.048e+00
-1.048e+00
-1.048e+00
-1.048e+00
-1.048e+00
-1.048e+00
-1.048e+00
-1.048e+00
-1.048e+00
-1.048e+00
-1.048e+00
-1.048e+00
-1.048e+00
-1.048e+00
-1.048e+00
-1.048e+00
-1.048e+00
-1.048e+00
-1.048e+00
-1.048e+00
-1.048e+00
-1.048e+00
-1.048e+00
-1.048e+00
-1.048e+00
-1.048e+00
-1.048e+00
-1.048e+00
-1.048e+00
-1.048e+00
-1.048e+00
-1.048e+00
-1.048e+00
-1.048e+00
-1.048e+00
-1.048e+00
-1.048e+00
-1.048e+00
-1.048e+00
-1.048e+00
-1.048e+00
-1.048e+00
-1.048e+00
-1.048e+00
-1.048e+00
-1.048e+00
-1.048e+00
-1.048e+00
-1.048e+00
-1.048e+00
-1.048e+00
-1.048e+00
-1.048e+00
-1.048e+00
-1.048e+00
-1.048e+00
-1.048e+00
-1.048e+00
-1.048e+00
-1.048e+00
-1.048e+00
-1.048e+00
-1.048e+00
-1.048e+00
-1.048e+00
-1.048e+00
-1.048e+00
-1.048e+00
-1.048e+00
-1.048e+00
-1.048e+00
-1.048e+00
-1.048e+00
-1.048e+00
-1.048e+00
-1.048e+00
-1.048e+00
-1.048e+00
-1.048e+00
-1.048e+00
-1.048e+00
-1.048e+00
-1.048e+00
-1.048e+00
-1.048e+00
-1.048e+00
-1.048e+00
-1.048e+00
-1.048e+00
-1.048e+00
-1.048e+00
-1.048e+00
-1.048e+00
-1.048e+00
-1.048e+00
-1.048e+00
-1.048e+00
-1.048e+00
-1.048e+00
-1.048e+00
-1.048e+00
-1.048e+00
-1.048e+00
-1.048e+00
-1.048e+00
-1.048e+00
-1.048e+00
-1.048e+00
-1.048e+00
-1.048e+00
-1.048e+00
-1.048e+00
-1.048e+00
-1.048e+00
-1.048e+00
-1.048e+00
-1.048e+00
-1.048e+00
-1.048e+00
-1.048e+00
-1.048e+00
-1.048e+00
-1.048e+00
-1.048e+00
-1.048e+00
-1.048e+00
-1.048e+00
-1.048e+00
-1.048e+00
-1.048e+00
-1.048e+00
-1.048e+00
-1.048e+00
-1.048e+00
-1.048e+00
-1.048e+00
-1.048e+00
-1.048e+00
-1.048e+00
-1.048e+00
-1.048e+00
-1.048e+00
-1.048e+00
-1.048e+00
-1.048e+00
-1.048e+00
-1.048e+00
-1.048e+00
-1.048e+00
-1.048e+00
-1.048e+00
-1.048e+00
-1.048e+00
-1.048e+00
-1.048e+00
-1.048e+00
-1.048e+00
-1.048e+00
-1.048e+00
-1.048e+00
-1.048e+00
-1.048e+00
-1.048e+00
-1.048e+00
-1.048e+00
-1.048e+00
-1.048e+00
-1.048e+00
-1.048e+00
-1.048e+00
-1.048e+00
-1.048e+00
-1.048e+00
-1.048e+00
-1.048e+00
-1.048e+00
-1.048e+00
-1.048e+00
-1.048e+00
-1.048e+00
-1.048e+00
-1.048e+00
-1.048e+00
-1.048e+00
-1.048e+00
-1.048e+00
-1.048e+00
-1.048e+00
-1.048e+00
-1.048e+00
-1.048e+00
-1.048e+00
-1.048e+00
-1.048e+00
-1.048e+00
-1.048e+00
-1.048e+00
-1.048e+00
-1.048e+00
-1.048e+00
-1.048e+00
-1.048e+00
-1.048e+00
-1.048e+00
-1.048e+00
-1.048e+00
-1.048e+00
-1.048e+00
-1.048e+00
-1.048e+00
-1.048e+00
-1.048e+00
-1.048e+00
-1.048e+00
-1.048e+00
-1.048e+00
-1.048e+00
-1.048e+00
-1.048e+00
-1.048e+00
-1.048e+00
-1.048e+00
-1.048e+00
-1.048e+00
-1.048e+00
-1.048e+00
-1.048e+00
-1.048e+00
-1.048e+00
-1.048e+00
-1.048e+00
-1.048e+00
-1.048e+00
-1.048e+00
-1.048e+00
-1.048e+00
-1.048e+00
-1.048e+00
-1.048e+00
-1.048e+00
-1.048e+00
-1.048e+00
-1.048e+00
-1.048e+00
-1.048e+00
-1.048e+00
-1.048e+00
-1.048e+00
-1.048e+00
-1.048e+00
-1.048e+00
-1.048e+00
-1.048e+00
-1.048e+00
-1.048e+00
-1.048e+00
-1.048e+00
-1.048e+00
-1.048e+00
-1.048e+00
-1.048e+00
-1.048e+00
-1.048e+00
-1.048e+00
-1.048e+00
-1.048e+00
-1.048e+00
-1.048e+00
-1.048e+00
-1.048e+00
-1.048e+00
-1.048e+00
-1.048e+00
-1.048e+00
-1.048e+00
-1.048e+00
-1.048e+00
-1.048e+00
-1.048e+00
-1.048e+00
-1.048e+00
-1.048e+00
-1.048e+00
-1.048e+00
-1.048e+00
-1.048e+00
-1.048e+00
-1.048e+00
-1.048e+00
-1.048e+00
-1.048e+00
-1.048e+00
-1.048e+00
-1.048e+00
-1.048e+00
-1.048e+00
-1.048e+00
-1.048e+00
-1.048e+00
-1.048e+00
-1.048e+00
-1.048e+00
-1.048e+00
-1.048e+00
-1.048e+00
-1.048e+00
-1.048e+00
-1.048e+00
-1.048e+00
-1.048e+00
-1.048e+00
-1.048e+00
-1.048e+00
-1.048e+00
-1.048e+00
-1.048e+00
-1.048e+00
-1.048e+00
-1.048e+00
-1.048e+00
-1.048e+00
-1.048e+00
-1.048e+00
-1.048e+00
-1.048e+00
-1.048e+00
-1.048e+00
-1.048e+00
-1.048e+00
-1.048e+00
-1.048e+00
-1.048e+00
-1.048e+00
-1.048e+00
-1.048e+00
-1.048e+00
-1.048e+00
-1.048e+00
-1.048e+00
-1.048e+00
-1.048e+00
-1.048e+00
-1.048e+00
-1.048e+00
-1.048e+00
-1.048e+00
-1.048e+00
-1.048e+00
-1.048e+00
-1.048e+00
-1.048e+00
-1.048e+00
-1.048e+00
-1.048e+00
-1.048e+00
-1.048e+00
-1.048e+00
-1.048e+00
-1.048e+00
-1.048e+00
-1.048e+00
-1.048e+00
-1.048e+00
-1.048e+00
-1.048e+00
-1.048e+00
-1.048e+00
-1.048e+00
-1.048e+00
-1.048e+00
-1.048e+00
-1.048e+00
-1.048e+00
-1.048e+00
-1.048e+00
-1.048e+00
-1.048e+00
-1.048e+00
-1.048e+00
-1.048e+00
-1.048e+00
-1.048e+00
-1.048e+00
-1.048e+00
-1.048e+00
-1.048e+00
-1.048e+00
-1.048e+00
-1.048e+00
-1.048e+00
-1.048e+00
-1.048e+00
-1.048e+00
-1.048e+00
-1.048e+00
-1.048e+00
-1.048e+00
-1.048e+00
-1.048e+00
-1.048e+00
-1.048e+00
-1.048e+00
-1.048e+00
-1.048e+00
-1.048e+00
-1.048e+00
-1.048e+00
-1.048e+00
-1.022e+00
-1.022e+00
-1.022e+00
-1.022e+00
-1.022e+00
-1.022e+00
-1.022e+00
-1.022e+00
-1.022e+00
-1.022e+00
-1.022e+00
-1.022e+00
-1.022e+00
-1.022e+00
-1.022e+00
-1.022e+00
-1.022e+00
-1.022e+00
-1.022e+00
-1.022e+00
-1.022e+00
-1.022e+00
-1.022e+00
-1.022e+00
-1.022e+00
-1.022e+00
-1.022e+00
-1.022e+00
-1.022e+00
-1.022e+00
-1.022e+00
-1.022e+00
-1.022e+00
-1.022e+00
-1.022e+00
-1.022e+00
-1.022e+00
-1.022e+00
-1.022e+00
-1.022e+00
-1.022e+00
-1.022e+00
-1.022e+00
-1.022e+00
-1.022e+00
-1.022e+00
-1.022e+00
-1.022e+00
-1.022e+00
-1.022e+00
-1.022e+00
-1.022e+00
-1.022e+00
-1.022e+00
-1.022e+00
-1.022e+00
-1.022e+00
-1.022e+00
-1.022e+00
-1.022e+00
-1.022e+00
-1.022e+00
-1.022e+00
-1.022e+00
-1.022e+00
-1.022e+00
-1.022e+00
-1.022e+00
-1.022e+00
-1.022e+00
-1.022e+00
-1.022e+00
-1.022e+00
-1.022e+00
-1.022e+00
-1.022e+00
-1.022e+00
-1.022e+00
-1.022e+00
-1.022e+00
-1.022e+00
-1.022e+00
-1.022e+00
-1.022e+00
-1.022e+00
-1.022e+00
-1.022e+00
-1.022e+00
-1.022e+00
-1.022e+00
-1.022e+00
-1.022e+00
-1.022e+00
-1.022e+00
-1.022e+00
-1.022e+00
-1.022e+00
-1.022e+00
-1.022e+00
-1.022e+00
-1.022e+00
-1.022e+00
-1.022e+00
-1.022e+00
-1.022e+00
-1.022e+00
-1.022e+00
-1.022e+00
-1.022e+00
-1.022e+00
-1.022e+00
-1.022e+00
-1.022e+00
-1.022e+00
-1.022e+00
-1.022e+00
-1.022e+00
-1.022e+00
-1.022e+00
-1.022e+00
-1.022e+00
-1.022e+00
-1.022e+00
-1.022e+00
-1.022e+00
-1.022e+00
-1.022e+00
-1.022e+00
-1.022e+00
-1.022e+00
-1.022e+00
-1.022e+00
-1.022e+00
-1.022e+00
-1.022e+00
-1.022e+00
-1.022e+00
-1.022e+00
-1.022e+00
-1.022e+00
-1.022e+00
-1.022e+00
-1.022e+00
-1.022e+00
-1.022e+00
-1.022e+00
-1.022e+00
-1.022e+00
-1.022e+00
-1.022e+00
-1.022e+00
-1.022e+00
-1.022e+00
-1.022e+00
-1.022e+00
-1.022e+00
-1.022e+00
-1.022e+00
-1.022e+00
-1.022e+00
-1.022e+00
-1.022e+00
-1.022e+00
-1.022e+00
-1.022e+00
-1.022e+00
-1.022e+00
-1.022e+00
-1.022e+00
-1.022e+00
-1.022e+00
-1.022e+00
-1.022e+00
-1.022e+00
-1.022e+00
-1.022e+00
-1.022e+00
-1.022e+00
-1.022e+00
-1.022e+00
-1.022e+00
-1.022e+00
-1.022e+00
-1.022e+00
-1.022e+00
-1.022e+00
-1.022e+00
-1.022e+00
-1.022e+00
-1.022e+00
-1.022e+00
-1.022e+00
-1.022e+00
-1.022e+00
-1.022e+00
-1.022e+00
-1.022e+00
-1.022e+00
-1.022e+00
-1.022e+00
-1.022e+00
-1.022e+00
-1.022e+00
-1.022e+00
-1.022e+00
-1.022e+00
-1.022e+00
-1.022e+00
-1.022e+00
-1.022e+00
-1.022e+00
-1.022e+00
-1.022e+00
-1.022e+00
-1.022e+00
-1.022e+00
-1.022e+00
-1.022e+00
-1.022e+00
-1.022e+00
-1.022e+00
-1.022e+00
-1.022e+00
-1.022e+00
-1.022e+00
-1.022e+00
-1.022e+00
-1.022e+00
-1.022e+00
-1.022e+00
-1.022e+00
-1.022e+00
-1.022e+00
-1.022e+00
-1.022e+00
-1.022e+00
-1.022e+00
-1.022e+00
-1.022e+00
-1.022e+00
-1.022e+00
-1.022e+00
-1.022e+00
-1.022e+00
-1.022e+00
-1.022e+00
-1.022e+00
-1.022e+00
-1.022e+00
-1.022e+00
-1.022e+00
-1.022e+00
-1.022e+00
-1.022e+00
-1.022e+00
-1.022e+00
-1.022e+00
-1.022e+00
-1.022e+00
-1.022e+00
-1.022e+00
-1.022e+00
-1.022e+00
-1.022e+00
-1.022e+00
-1.022e+00
-1.022e+00
-1.022e+00
-1.022e+00
-1.022e+00
-1.022e+00
-1.022e+00
-1.022e+00
-1.022e+00
-1.022e+00
-1.022e+00
-1.022e+00
-1.022e+00
-1.022e+00
-1.022e+00
-1.022e+00
-1.022e+00
-1.022e+00
-1.022e+00
-1.022e+00
-1.022e+00
-1.022e+00
-1.022e+00
-1.022e+00
-1.022e+00
-1.022e+00
-1.022e+00
-1.022e+00
-1.022e+00
-1.022e+00
-1.022e+00
-1.022e+00
-1.022e+00
-1.022e+00
-1.022e+00
-1.022e+00
-1.022e+00
-1.022e+00
-1.022e+00
-1.022e+00
-1.022e+00
-1.022e+00
-1.022e+00
-1.022e+00
-1.022e+00
-1.022e+00
-1.022e+00
-1.022e+00
-1.022e+00
-1.022e+00
-1.022e+00
-1.022e+00
-1.022e+00
-1.022e+00
-1.022e+00
-1.022e+00
-1.022e+00
-1.022e+00
-1.022e+00
-1.022e+00
-1.022e+00
-1.022e+00
-1.022e+00
-1.022e+00
-1.022e+00
-1.022e+00
-1.022e+00
-1.022e+00
-1.022e+00
-1.022e+00
-1.022e+00
-1.022e+00
-1.022e+00
-1.022e+00
-1.022e+00
-1.022e+00
-1.022e+00
-1.022e+00
-1.022e+00
-1.022e+00
-1.022e+00
-1.022e+00
-1.022e+00
-1.022e+00
-1.022e+00
-1.022e+00
-1.022e+00
-1.022e+00
-1.022e+00
-1.022e+00
-1.022e+00
-1.022e+00
-1.022e+00
-1.022e+00
-1.022e+00
-1.022e+00
-1.022e+00
-1.022e+00
-1.022e+00
-1.022e+00
-1.022e+00
-1.022e+00
-1.022e+00
-1.022e+00
-1.022e+00
-1.022e+00
-1.022e+00
-1.022e+00
-1.022e+00
-1.022e+00
-1.022e+00
-1.022e+00
-1.022e+00
-1.022e+00
-1.022e+00
-1.022e+00
-1.022e+00
-1.022e+00
-1.022e+00
-1.022e+00
-1.022e+00
-1.022e+00
-1.022e+00
-1.022e+00
-1.022e+00
-1.022e+00
-1.022e+00
-1.022e+00
-1.022e+00
-1.022e+00
-1.022e+00
-1.022e+00
-1.022e+00
-1.022e+00
-1.022e+00
-1.022e+00
-1.022e+00
-1.022e+00
-1.022e+00
-1.022e+00
-1.022e+00
-1.022e+00
-1.022e+00
-1.022e+00
-1.022e+00
-1.022e+00
-1.022e+00
-1.022e+00
-1.022e+00
-1.022e+00
-1.022e+00
-1.022e+00
-1.022e+00
-1.022e+00
-1.022e+00
-1.022e+00
-1.022e+00
-1.022e+00
-1.022e+00
-1.022e+00
-1.022e+00
-1.022e+00
-1.022e+00
-1.022e+00
-1.022e+00
-1.022e+00
-1.022e+00
-1.022e+00
-1.022e+00
-1.022e+00
-1.022e+00
-1.022e+00
-1.022e+00
-1.022e+00
-1.022e+00
-1.022e+00
-1.022e+00
-1.022e+00
-1.022e+00
-1.022e+00
-1.022e+00
-1.022e+00
-1.022e+00
-1.022e+00
-1.022e+00
-1.022e+00
-1.022e+00
-1.022e+00
-1.022e+00
-1.022e+00
-1.022e+00
-1.022e+00
-1.022e+00
-1.022e+00
-1.022e+00
-1.022e+00
-1.022e+00
-1.022e+00
-1.022e+00
-1.022e+00
-1.022e+00
-1.022e+00
-1.022e+00
-1.022e+00
-1.022e+00
-1.022e+00
-1.022e+00
-1.022e+00
-1.022e+00
-1.022e+00
-1.022e+00
-1.022e+00
-1.022e+00
-1.022e+00
-1.022e+00
-1.022e+00
-1.022e+00
-1.022e+00
-1.022e+00
-1.022e+00
-1.022e+00
-1.022e+00
-1.022e+00
-1.022e+00
-1.022e+00
-1.022e+00
-1.022e+00
-1.022e+00
-1.022e+00
-1.022e+00
-1.022e+00
-1.022e+00
-1.022e+00
-1.022e+00
-1.022e+00
-1.022e+00
-1.022e+00
-1.022e+00
-1.022e+00
-1.022e+00
-1.022e+00
-1.022e+00
-1.022e+00
-1.022e+00
-1.022e+00
-1.022e+00
-1.022e+00
-1.022e+00
-1.022e+00
-1.022e+00
-1.022e+00
-1.022e+00
-1.022e+00
-1.022e+00
-1.022e+00
-1.022e+00
-1.022e+00
-1.022e+00
-1.022e+00
-1.022e+00
-1.022e+00
-1.022e+00
-1.022e+00
-1.022e+00
-1.022e+00
-1.022e+00
-1.022e+00
-1.022e+00
-1.022e+00
-1.022e+00
-1.022e+00
-1.022e+00
-1.022e+00
-1.022e+00
-1.022e+00
-1.022e+00
-1.022e+00
-1.022e+00
-1.022e+00
-1.022e+00
-1.022e+00
-1.022e+00
-1.022e+00
-1.022e+00
-1.022e+00
-1.022e+00
-1.022e+00
-1.022e+00
-1.022e+00
-1.022e+00
-1.022e+00
-1.022e+00
-1.022e+00
-1.022e+00
-1.022e+00
-1.022e+00
-1.022e+00
-1.022e+00
-1.022e+00
-1.022e+00
-1.022e+00
-1.022e+00
-1.022e+00
-1.022e+00
-1.022e+00
-1.022e+00
-1.022e+00
-1.022e+00
-1.022e+00
-1.022e+00
-1.022e+00
-1.022e+00
-1.022e+00
-1.022e+00
-1.022e+00
-1.022e+00
-1.022e+00
-1.022e+00
-1.022e+00
-1.022e+00
-1.022e+00
-1.022e+00
-1.022e+00
-1.022e+00
-1.022e+00
-1.022e+00
-1.022e+00
-1.022e+00
-1.022e+00
-1.022e+00
-1.022e+00
-1.022e+00
-1.022e+00
-1.022e+00
-1.022e+00
-1.022e+00
-1.022e+00
-1.022e+00
-1.022e+00
-1.022e+00
-1.022e+00
-1.022e+00
-1.022e+00
-1.022e+00
-1.022e+00
-1.022e+00
-1.022e+00
-1.022e+00
-1.022e+00
-1.022e+00
-1.022e+00
-1.022e+00
-1.022e+00
-1.022e+00
-1.022e+00
-1.022e+00
-1.022e+00
-1.022e+00
-1.022e+00
-1.022e+00
-1.022e+00
-1.022e+00
-1.022e+00
-1.022e+00
-1.022e+00
-1.022e+00
-1.022e+00
-1.022e+00
-1.022e+00
-1.022e+00
-1.022e+00
-1.022e+00
-1.022e+00
-1.022e+00
-1.022e+00
-1.022e+00
-1.022e+00
-1.022e+00
-1.022e+00
-1.022e+00
-1.022e+00
-1.022e+00
-1.022e+00
-1.022e+00
-1.022e+00
-1.022e+00
-1.022e+00
-1.022e+00
-1.022e+00
-1.022e+00
-1.022e+00
-1.022e+00
-1.022e+00
-1.022e+00
-1.022e+00
-1.022e+00
-1.022e+00
-1.022e+00
-1.022e+00
-1.022e+00
-1.022e+00
-1.022e+00
-1.022e+00
-1.022e+00
-1.022e+00
-1.022e+00
-1.022e+00
-1.022e+00
-1.022e+00
-1.022e+00
-1.022e+00
-1.022e+00
-1.022e+00
-1.022e+00
-1.022e+00
-1.022e+00
-1.022e+00
-1.022e+00
-1.022e+00
-1.022e+00
-1.022e+00
-1.022e+00
-1.022e+00
-1.022e+00
-1.022e+00
-1.022e+00
-1.022e+00
-1.022e+00
-1.022e+00
-1.022e+00
-1.022e+00
-1.022e+00
-1.022e+00
-1.022e+00
-1.022e+00
-1.022e+00
-1.022e+00
-1.022e+00
-1.022e+00
-1.022e+00
-1.022e+00
-1.022e+00
-1.022e+00
-1.022e+00
-1.022e+00
-1.022e+00
-1.022e+00
-1.022e+00
-1.022e+00
-1.022e+00
-1.022e+00
-1.022e+00
-1.022e+00
-1.022e+00
-1.022e+00
-1.022e+00
-1.022e+00
-1.022e+00
-1.022e+00
-1.022e+00
-1.022e+00
-1.022e+00
-1.022e+00
-1.022e+00
-1.022e+00
-1.022e+00
-1.022e+00
-1.022e+00
-1.022e+00
-1.022e+00
-1.022e+00
-1.022e+00
-1.022e+00
-1.022e+00
-1.022e+00
-1.022e+00
-1.022e+00
-1.022e+00
-1.022e+00
-1.022e+00
-1.022e+00
-1.022e+00
-1.022e+00
-1.022e+00
-1.022e+00
-1.022e+00
-1.022e+00
-1.022e+00
-1.022e+00
-1.022e+00
-1.022e+00
-1.022e+00
-1.022e+00
-1.022e+00
-1.022e+00
-1.022e+00
-1.022e+00
-1.022e+00
-1.022e+00
-1.022e+00
-1.022e+00
-1.022e+00
-1.022e+00
-1.022e+00
-1.022e+00
-1.022e+00
-1.022e+00
-1.022e+00
-1.022e+00
-1.022e+00
-1.022e+00
-1.022e+00
-1.022e+00
-1.022e+00
-1.022e+00
-1.022e+00
-1.022e+00
-1.022e+00
-1.022e+00
-1.022e+00
-1.022e+00
-1.022e+00
-1.022e+00
-1.022e+00
-1.022e+00
-1.022e+00
-1.022e+00
-1.022e+00
-1.022e+00
-1.022e+00
-1.022e+00
-1.022e+00
-1.022e+00
-1.022e+00
-1.022e+00
-1.022e+00
-1.022e+00
-1.022e+00
-1.022e+00
-1.022e+00
-1.022e+00
-1.022e+00
-1.022e+00
-1.022e+00
-1.022e+00
-1.022e+00
-1.022e+00
-1.022e+00
-1.022e+00
-1.022e+00
-1.022e+00
-1.022e+00
-1.022e+00
-1.022e+00
-1.022e+00
-1.022e+00
-1.022e+00
-1.022e+00
-1.022e+00
-1.022e+00
-1.022e+00
-1.022e+00
-1.022e+00
-1.022e+00
-1.022e+00
-1.022e+00
-1.022e+00
-1.022e+00
-1.022e+00
-1.022e+00
-1.022e+00
-1.022e+00
-1.022e+00
-1.022e+00
-1.022e+00
-1.022e+00
-1.022e+00
-1.022e+00
-1.022e+00
-1.022e+00
-1.022e+00
-1.022e+00
-1.022e+00
-1.022e+00
-1.022e+00
-1.022e+00
-1.022e+00
-1.022e+00
-1.022e+00
-1.022e+00
-1.022e+00
-1.022e+00
-1.022e+00
-1.022e+00
-1.022e+00
-1.022e+00
-1.022e+00
-1.022e+00
-1.022e+00
-1.022e+00
-1.022e+00
-1.022e+00
-1.022e+00
-1.022e+00
-1.022e+00
-1.022e+00
-1.022e+00
-1.022e+00
-1.022e+00
-1.022e+00
-1.022e+00
-1.022e+00
-1.022e+00
-1.022e+00
-1.022e+00
-1.022e+00
-1.022e+00
-1.022e+00
-1.022e+00
-1.022e+00
-1.022e+00
-1.022e+00
-1.022e+00
-1.022e+00
-1.022e+00
-1.022e+00
-1.022e+00
-1.022e+00
-1.022e+00
-1.022e+00
-1.022e+00
-1.022e+00
-1.022e+00
-1.022e+00
-1.022e+00
-1.022e+00
-1.022e+00
-1.022e+00
-1.022e+00
-1.022e+00
-1.022e+00
-1.022e+00
-1.022e+00
-1.022e+00
-1.022e+00
-1.022e+00
-1.022e+00
-1.022e+00
-1.022e+00
-1.022e+00
-1.022e+00
-1.022e+00
-1.022e+00
-1.022e+00
-1.022e+00
-1.022e+00
-1.022e+00
-1.022e+00
-1.022e+00
-1.022e+00
-1.022e+00
-1.022e+00
-1.022e+00
-1.022e+00
-1.022e+00
-1.022e+00
-1.022e+00
-1.022e+00
-1.022e+00
-1.022e+00
-1.022e+00
-1.022e+00
-1.022e+00
-1.022e+00
-1.022e+00
-1.022e+00
-1.022e+00
-1.022e+00
-1.022e+00
-1.022e+00
-1.022e+00
-1.022e+00
-1.022e+00
-1.022e+00
-1.022e+00
-1.022e+00
-1.022e+00
-1.022e+00
-1.022e+00
-1.022e+00
-1.022e+00
-1.022e+00
-1.022e+00
-1.022e+00
-1.022e+00
-1.022e+00
-1.022e+00
-1.022e+00
-1.022e+00
-1.022e+00
-1.022e+00
-1.022e+00
-1.022e+00
-1.022e+00
-1.022e+00
-1.022e+00
-1.022e+00
-1.022e+00
-1.022e+00
-1.022e+00
-1.022e+00
-1.022e+00
-1.022e+00
-1.022e+00
-1.022e+00
-1.022e+00
-1.022e+00
-1.022e+00
-1.022e+00
-1.022e+00
-1.022e+00
-1.022e+00
-1.022e+00
-1.022e+00
-1.022e+00
-1.022e+00
-1.022e+00
-1.022e+00
-1.022e+00
-1.022e+00
-1.022e+00
-1.022e+00
-1.022e+00
-1.022e+00
-1.022e+00
-1.022e+00
-1.022e+00
-1.022e+00
-1.022e+00
-1.022e+00
-1.022e+00
-1.022e+00
-1.022e+00
-1.022e+00
-1.022e+00
-1.022e+00
-1.022e+00
-1.022e+00
-1.022e+00
-1.022e+00
-1.022e+00
-1.022e+00
-1.022e+00
-1.022e+00
-1.022e+00
-1.022e+00
-1.022e+00
-1.022e+00
-1.022e+00
-1.022e+00
-1.022e+00
-1.022e+00
-1.022e+00
-1.022e+00
-1.022e+00
-1.022e+00
-1.022e+00
-1.022e+00
-1.022e+00
-1.022e+00
-1.022e+00
-1.022e+00
-1.022e+00
-1.022e+00
-1.022e+00
-1.022e+00
-1.022e+00
-1.022e+00
-1.022e+00
-1.022e+00
-1.022e+00
-1.022e+00
-1.022e+00
-1.022e+00
-1.022e+00
-1.022e+00
-1.022e+00
-1.022e+00
-1.022e+00
-1.022e+00
-1.022e+00
-1.022e+00
-1.022e+00
-1.022e+00
-1.022e+00
-1.022e+00
-1.022e+00
-1.022e+00
-1.022e+00
-1.022e+00
-1.022e+00
-1.022e+00
-1.022e+00
-1.022e+00
-1.022e+00
-1.022e+00
-1.022e+00
-1.022e+00
-1.022e+00
-1.022e+00
-1.022e+00
-1.022e+00
-1.022e+00
-1.022e+00
-1.022e+00
-1.022e+00
-1.022e+00
-1.022e+00
-1.022e+00
-1.022e+00
-1.022e+00
-1.022e+00
-1.022e+00
-1.022e+00
-1.022e+00
-1.022e+00
-1.022e+00
-1.022e+00
-1.022e+00
-1.022e+00
-1.022e+00
-1.022e+00
-1.022e+00
-1.022e+00
-1.022e+00
-1.022e+00
-1.022e+00
-1.022e+00
-1.022e+00
-1.022e+00
-1.022e+00
-1.022e+00
-1.022e+00
-1.022e+00
-1.022e+00
-1.022e+00
-1.022e+00
-1.022e+00
-1.022e+00
-1.022e+00
-1.022e+00
-1.022e+00
-1.022e+00
-1.022e+00
-1.022e+00
-1.022e+00
-1.022e+00
-1.022e+00
-1.022e+00
-1.022e+00
-1.022e+00
-1.022e+00
-1.022e+00
-1.022e+00
-1.022e+00
-1.022e+00
-1.022e+00
-1.022e+00
-1.022e+00
-1.022e+00
-1.022e+00
-1.022e+00
-1.022e+00
-1.022e+00
-1.022e+00
-1.022e+00
-1.022e+00
-1.022e+00
-1.022e+00
-1.022e+00
-1.022e+00
-1.022e+00
-1.022e+00
-1.022e+00
-1.022e+00
-1.022e+00
-1.022e+00
-1.022e+00
-1.022e+00
-1.022e+00
-1.022e+00
-1.022e+00
-1.022e+00
-1.022e+00
-1.022e+00
-1.022e+00
-1.022e+00
-1.022e+00
-1.022e+00
-1.022e+00
-1.022e+00
-1.022e+00
-1.022e+00
-1.022e+00
-1.022e+00
-1.022e+00
-1.022e+00
-1.022e+00
-1.022e+00
-1.022e+00
-1.022e+00
-1.022e+00
-1.022e+00
-1.022e+00
-1.022e+00
-1.022e+00
-1.022e+00
-1.022e+00
-1.022e+00
-1.022e+00
-1.022e+00
-1.022e+00
-1.022e+00
-1.022e+00
-1.022e+00
-1.022e+00
-1.022e+00
-1.022e+00
-1.022e+00
-1.022e+00
-1.022e+00
-1.022e+00
-1.022e+00
-1.022e+00
-1.022e+00
-1.022e+00
-1.022e+00
-1.022e+00
-1.022e+00
-1.022e+00
-1.022e+00
-1.022e+00
-1.022e+00
-1.022e+00
-1.022e+00
-1.022e+00
-1.022e+00
-1.022e+00
-1.022e+00
-1.022e+00
-1.022e+00
-1.022e+00
-1.022e+00
-1.022e+00
-1.022e+00
-1.022e+00
-1.022e+00
-1.022e+00
-1.022e+00
-1.022e+00
-1.022e+00
-1.022e+00
-1.022e+00
-1.022e+00
-1.022e+00
-1.022e+00
-1.022e+00
-1.022e+00
-1.022e+00
-1.022e+00
-1.022e+00
-1.022e+00
-1.022e+00
-1.022e+00
-1.022e+00
-1.022e+00
-1.022e+00
-1.022e+00
-1.022e+00
-1.022e+00
-1.022e+00
-1.022e+00
-1.022e+00
-1.022e+00
-1.022e+00
-1.022e+00
-1.022e+00
-1.022e+00
-1.022e+00
-1.022e+00
-1.022e+00
-1.022e+00
-1.022e+00
-1.022e+00
-1.022e+00
-1.022e+00
-1.022e+00
-1.022e+00
-1.022e+00
-1.022e+00
-1.022e+00
-1.022e+00
-1.022e+00
-1.022e+00
-1.022e+00
-1.022e+00
-1.022e+00
-1.022e+00
-1.022e+00
-1.022e+00
-1.022e+00
-1.022e+00
-1.022e+00
-1.022e+00
-1.022e+00
-1.022e+00
-1.022e+00
-1.022e+00
-1.022e+00
-1.022e+00
-1.022e+00
-1.022e+00
-1.022e+00
-1.022e+00
-1.022e+00
-1.022e+00
-1.022e+00
-1.022e+00
-1.022e+00
-1.022e+00
-1.022e+00
-1.022e+00
-1.022e+00
-1.022e+00
-1.022e+00
-1.022e+00
-1.022e+00
-1.022e+00
-1.022e+00
-1.022e+00
-1.022e+00
-1.022e+00
-1.022e+00
-1.022e+00
-1.022e+00
-1.022e+00
-1.022e+00
-1.022e+00
-1.022e+00
-1.022e+00
-1.022e+00
-1.022e+00
-1.022e+00
-1.022e+00
-1.022e+00
-1.022e+00
-1.022e+00
-1.022e+00
-1.022e+00
-1.022e+00
-1.022e+00
-1.022e+00
-1.022e+00
-1.022e+00
-1.022e+00
-1.022e+00
-1.022e+00
-1.022e+00
-1.022e+00
-1.022e+00
-1.022e+00
-1.022e+00
-1.022e+00
-1.022e+00
-1.022e+00
-1.022e+00
-1.022e+00
-1.022e+00
-1.022e+00
-1.022e+00
-1.022e+00
-1.022e+00
-1.022e+00
-1.022e+00
-1.022e+00
-1.022e+00
-1.022e+00
-1.022e+00
-1.022e+00
-1.022e+00
-1.022e+00
-1.022e+00
-1.022e+00
-1.022e+00
-1.022e+00
-1.022e+00
-1.022e+00
-1.022e+00
-1.022e+00
-1.022e+00
-1.022e+00
-1.022e+00
-1.022e+00
-1.022e+00
-1.022e+00
-1.022e+00
-1.022e+00
-1.022e+00
-1.022e+00
-1.022e+00
-1.022e+00
-1.022e+00
-1.022e+00
-1.022e+00
-1.022e+00
-1.022e+00
-1.022e+00
-1.022e+00
-1.022e+00
-1.022e+00
-1.022e+00
-1.022e+00
-1.022e+00
-1.022e+00
-1.022e+00
-1.022e+00
-1.022e+00
-1.022e+00
-1.022e+00
-1.022e+00
-1.022e+00
-1.022e+00
-1.022e+00
-1.022e+00
-1.022e+00
-1.022e+00
-1.022e+00
-1.022e+00
-1.022e+00
-1.022e+00
-1.022e+00
-1.022e+00
-1.022e+00
-1.022e+00
-1.022e+00
-1.022e+00
-1.022e+00
-1.022e+00
-1.022e+00
-1.022e+00
-1.022e+00
-1.022e+00
-1.022e+00
-1.022e+00
-1.022e+00
-1.022e+00
-1.022e+00
-1.022e+00
-1.022e+00
-1.022e+00
-1.022e+00
-1.022e+00
-1.022e+00
-1.022e+00
-1.022e+00
-1.022e+00
-1.022e+00
-1.022e+00
-1.022e+00
-1.022e+00
-1.022e+00
-1.022e+00
-1.022e+00
-1.022e+00
-1.022e+00
-1.022e+00
-1.022e+00
-1.022e+00
-1.022e+00
-1.022e+00
-1.022e+00
-1.022e+00
-1.022e+00
-1.022e+00
-1.022e+00
-1.022e+00
-1.022e+00
-1.022e+00
-1.022e+00
-1.022e+00
-1.022e+00
-1.022e+00
-1.022e+00
-1.022e+00
-1.022e+00
-1.022e+00
-1.022e+00
-1.022e+00
-1.022e+00
-1.022e+00
-1.022e+00
-1.022e+00
-1.022e+00
-1.022e+00
-1.022e+00
-1.022e+00
-1.022e+00
-1.022e+00
-1.022e+00
-1.022e+00
-1.022e+00
-1.022e+00
-1.022e+00
-1.022e+00
-1.022e+00
-1.022e+00
-1.022e+00
-1.022e+00
-1.022e+00
-1.022e+00
-1.022e+00
-1.022e+00
-1.022e+00
-1.022e+00
-1.022e+00
-1.022e+00
-1.022e+00
-1.022e+00
-1.022e+00
-1.022e+00
-1.022e+00
-1.022e+00
-1.022e+00
-1.022e+00
-1.022e+00
-1.022e+00
-1.022e+00
-1.022e+00
-1.022e+00
-1.022e+00
-1.022e+00
-1.022e+00
-1.022e+00
-1.022e+00
-1.022e+00
-1.022e+00
-1.022e+00
-1.022e+00
-1.022e+00
-1.022e+00
-1.022e+00
-1.022e+00
-1.022e+00
-1.022e+00
-1.022e+00
-1.022e+00
-1.022e+00
-1.022e+00
-1.022e+00
-1.022e+00
-1.022e+00
-1.022e+00
-1.022e+00
-1.022e+00
-1.022e+00
-1.022e+00
-1.022e+00
-1.022e+00
-1.022e+00
-1.022e+00
-1.022e+00
-1.022e+00
-1.022e+00
-1.022e+00
-1.022e+00
-1.022e+00
-1.022e+00
-1.022e+00
-1.022e+00
-1.022e+00
-1.022e+00
-1.022e+00
-1.022e+00
-1.022e+00
-1.022e+00
-1.022e+00
-1.022e+00
-1.022e+00
-1.022e+00
-1.022e+00
-1.022e+00
-1.022e+00
-1.022e+00
-1.022e+00
-1.022e+00
-1.022e+00
-1.022e+00
-1.022e+00
-1.022e+00
-1.022e+00
-1.022e+00
-1.022e+00
-1.022e+00
-1.022e+00
-1.022e+00
-1.022e+00
-1.022e+00
-1.022e+00
-1.022e+00
-1.022e+00
-1.022e+00
-1.022e+00
-1.022e+00
-1.022e+00
-1.022e+00
-1.022e+00
-1.022e+00
-1.022e+00
-1.022e+00
-1.022e+00
-1.022e+00
-1.022e+00
-1.022e+00
-1.022e+00
-1.022e+00
-1.022e+00
-1.022e+00
-1.022e+00
-1.022e+00
-1.022e+00
-1.022e+00
-1.022e+00
-1.022e+00
-1.022e+00
-1.022e+00
-1.022e+00
-1.022e+00
-1.022e+00
-1.022e+00
-1.022e+00
-1.022e+00
-1.022e+00
-1.022e+00
-1.022e+00
-1.022e+00
-1.022e+00
-1.022e+00
-1.022e+00
-1.022e+00
-1.022e+00
-1.022e+00
-1.022e+00
-1.022e+00
-1.022e+00
-1.022e+00
-1.022e+00
-1.022e+00
-1.022e+00
-1.022e+00
-1.022e+00
-1.022e+00
-1.022e+00
-1.022e+00
-1.022e+00
-1.022e+00
-1.022e+00
-1.022e+00
-1.022e+00
-1.022e+00
-1.022e+00
-1.022e+00
-1.022e+00
-1.022e+00
-1.022e+00
-1.022e+00
-1.022e+00
-1.022e+00
-1.022e+00
-1.022e+00
-1.022e+00
-1.022e+00
-1.022e+00
-1.022e+00
-1.022e+00
-1.022e+00
-1.022e+00
-1.022e+00
-1.022e+00
-1.022e+00
-1.022e+00
-1.022e+00
-1.022e+00
-1.022e+00
-1.022e+00
-1.022e+00
-1.022e+00
-1.022e+00
-1.022e+00
-1.022e+00
-1.022e+00
-1.022e+00
-1.022e+00
-1.022e+00
-1.022e+00
-1.022e+00
-1.022e+00
-1.022e+00
-1.022e+00
-1.022e+00
-1.022e+00
-1.022e+00
-1.022e+00
-1.022e+00
-1.022e+00
-1.022e+00
-1.022e+00
-1.022e+00
-1.022e+00
-1.022e+00
-1.022e+00
-1.022e+00
-1.022e+00
-1.022e+00
-1.022e+00
-1.022e+00
-1.022e+00
-1.022e+00
-1.022e+00
-1.022e+00
-1.022e+00
-1.022e+00
-1.022e+00
-1.022e+00
-1.022e+00
-1.022e+00
-1.022e+00
-1.022e+00
-1.022e+00
-1.022e+00
-1.022e+00
-1.022e+00
-1.022e+00
-1.022e+00
-1.022e+00
-1.022e+00
-1.022e+00
-1.022e+00
-1.022e+00
-1.022e+00
-1.022e+00
-1.022e+00
-1.022e+00
-1.022e+00
-1.022e+00
-1.022e+00
-1.022e+00
-1.022e+00
-1.022e+00
-1.022e+00
-1.022e+00
-1.022e+00
-1.022e+00
-1.022e+00
-1.022e+00
-1.022e+00
-1.022e+00
-1.022e+00
-1.022e+00
-1.022e+00
-1.022e+00
-1.022e+00
-1.022e+00
-1.022e+00
-1.022e+00
-1.022e+00
-1.022e+00
-1.022e+00
-1.022e+00
-1.022e+00
-1.022e+00
-1.022e+00
-1.022e+00
-1.022e+00
-1.022e+00
-1.022e+00
-1.022e+00
-1.022e+00
-1.022e+00
-1.022e+00
-1.022e+00
-1.022e+00
-1.022e+00
-1.022e+00
-1.022e+00
-1.022e+00
-1.022e+00
-1.022e+00
-1.022e+00
-1.018e+00
