#INITIAL VOLUME OF WATER IN THE SUBSURFACE =   6.91245E+01
#NSTEP       DELTAT         TIME  NLIN   AVG.LIN       STORE1       STORE2       DSTORE   CUM.DSTORE       VIN  CUM.VIN       VOUT    CUM.VOUT   VIN+VOUT   CUM. VIN  M.BAL.ERR   REL. MBE   CUM. MBE      CUM.
#                                 ITER.    ITER.                             (>0 x inc)                                                                      + VOUT  (Vi+Vo-Ds)        (%)             ABS(MBE)
     1 1.000000E+00 1.000000E+00     1 1.000E+00 6.912450E+01 6.912451E+01 -1.17178E-09 -1.17178E-09 0.000E+00 0.000E+00 -5.000E-06 -5.000E-06 -5.000E-06 -5.000E-06 -4.999E-06  9.998E+01 -4.999E-06 4.999E-06
     2 1.100000E+00 2.100000E+00     1 1.000E+00 6.912449E+01 6.912451E+01 -1.28897E-09 -2.46075E-09 0.000E+00 0.000E+00  0.000E+00 -5.000E-06  0.000E+00 -5.000E-06  1.289E-09  0.000E+00 -4.998E-06 5.000E-06
     3 1.210000E+00 3.310000E+00     1 1.000E+00 6.912448E+01 6.912451E+01 -1.41787E-09 -3.87863E-09 0.000E+00 0.000E+00  0.000E+00 -5.000E-06  0.000E+00 -5.000E-06  1.418E-09  0.000E+00 -4.996E-06 5.002E-06
     4 1.331000E+00 4.641000E+00     1 1.000E+00 6.912447E+01 6.912451E+01 -1.55967E-09 -5.43830E-09 0.000E+00 0.000E+00  0.000E+00 -5.000E-06  0.000E+00 -5.000E-06  1.560E-09  0.000E+00 -4.995E-06 5.003E-06
     5 1.464100E+00 6.105100E+00     1 1.000E+00 6.912445E+01 6.912451E+01 -1.71565E-09 -7.15395E-09 0.000E+00 0.000E+00  0.000E+00 -5.000E-06  0.000E+00 -5.000E-06  1.716E-09  0.000E+00 -4.993E-06 5.005E-06
     6 1.610510E+00 7.715610E+00     1 1.000E+00 6.912444E+01 6.912451E+01 -1.88723E-09 -9.04118E-09 0.000E+00 0.000E+00  0.000E+00 -5.000E-06  0.000E+00 -5.000E-06  1.887E-09  0.000E+00 -4.991E-06 5.007E-06
     7 1.771561E+00 9.487171E+00     1 1.000E+00 6.912442E+01 6.912451E+01 -2.07597E-09 -1.11171E-08 0.000E+00 0.000E+00  0.000E+00 -5.000E-06  0.000E+00 -5.000E-06  2.076E-09  0.000E+00 -4.989E-06 5.009E-06
     8 1.948717E+00 1.143589E+01     1 1.000E+00 6.912440E+01 6.912451E+01 -2.28359E-09 -1.34007E-08 0.000E+00 0.000E+00  0.000E+00 -5.000E-06  0.000E+00 -5.000E-06  2.284E-09  0.000E+00 -4.987E-06 5.011E-06
     9 2.143589E+00 1.357948E+01     1 1.000E+00 6.912438E+01 6.912451E+01 -2.51197E-09 -1.59127E-08 0.000E+00 0.000E+00  0.000E+00 -5.000E-06  0.000E+00 -5.000E-06  2.512E-09  0.000E+00 -4.984E-06 5.014E-06
    10 2.357948E+00 1.593742E+01     1 1.000E+00 6.912435E+01 6.912451E+01 -2.76320E-09 -1.86759E-08 0.000E+00 0.000E+00  0.000E+00 -5.000E-06  0.000E+00 -5.000E-06  2.763E-09  0.000E+00 -4.981E-06 5.016E-06
    11 2.593742E+00 1.853117E+01     1 1.000E+00 6.912433E+01 6.912451E+01 -3.03955E-09 -2.17154E-08 0.000E+00 0.000E+00  0.000E+00 -5.000E-06  0.000E+00 -5.000E-06  3.040E-09  0.000E+00 -4.978E-06 5.019E-06
    12 2.853117E+00 2.138428E+01     1 1.000E+00 6.912430E+01 6.912451E+01 -3.34355E-09 -2.50590E-08 0.000E+00 0.000E+00  0.000E+00 -5.000E-06  0.000E+00 -5.000E-06  3.344E-09  0.000E+00 -4.975E-06 5.023E-06
    13 3.138428E+00 2.452271E+01     1 1.000E+00 6.912427E+01 6.912451E+01 -3.67796E-09 -2.87370E-08 0.000E+00 0.000E+00  0.000E+00 -5.000E-06  0.000E+00 -5.000E-06  3.678E-09  0.000E+00 -4.971E-06 5.026E-06
    14 3.452271E+00 2.797498E+01     1 1.000E+00 6.912423E+01 6.912451E+01 -4.04582E-09 -3.27828E-08 0.000E+00 0.000E+00  0.000E+00 -5.000E-06  0.000E+00 -5.000E-06  4.046E-09  0.000E+00 -4.967E-06 5.030E-06
    15 3.797498E+00 3.177248E+01     1 1.000E+00 6.912420E+01 6.912451E+01 -4.45048E-09 -3.72332E-08 0.000E+00 0.000E+00  0.000E+00 -5.000E-06  0.000E+00 -5.000E-06  4.450E-09  0.000E+00 -4.963E-06 5.035E-06
    16 4.177248E+00 3.594973E+01     1 1.000E+00 6.912415E+01 6.912451E+01 -4.89562E-09 -4.21289E-08 0.000E+00 0.000E+00  0.000E+00 -5.000E-06  0.000E+00 -5.000E-06  4.896E-09  0.000E+00 -4.958E-06 5.040E-06
    17 4.594973E+00 4.054470E+01     1 1.000E+00 6.912411E+01 6.912451E+01 -5.38529E-09 -4.75142E-08 0.000E+00 0.000E+00  0.000E+00 -5.000E-06  0.000E+00 -5.000E-06  5.385E-09  0.000E+00 -4.952E-06 5.045E-06
    18 5.054470E+00 4.559917E+01     1 1.000E+00 6.912406E+01 6.912451E+01 -5.92396E-09 -5.34381E-08 0.000E+00 0.000E+00  0.000E+00 -5.000E-06  0.000E+00 -5.000E-06  5.924E-09  0.000E+00 -4.947E-06 5.051E-06
    19 5.559917E+00 5.115909E+01     1 1.000E+00 6.912400E+01 6.912451E+01 -6.51652E-09 -5.99546E-08 0.000E+00 0.000E+00  0.000E+00 -5.000E-06  0.000E+00 -5.000E-06  6.517E-09  0.000E+00 -4.940E-06 5.058E-06
    20 6.115909E+00 5.727500E+01     1 1.000E+00 6.912394E+01 6.912451E+01 -7.16838E-09 -6.71230E-08 0.000E+00 0.000E+00  0.000E+00 -5.000E-06  0.000E+00 -5.000E-06  7.168E-09  0.000E+00 -4.933E-06 5.065E-06
    21 6.727500E+00 6.400250E+01     1 1.000E+00 6.912387E+01 6.912451E+01 -7.88546E-09 -7.50085E-08 0.000E+00 0.000E+00  0.000E+00 -5.000E-06  0.000E+00 -5.000E-06  7.885E-09  0.000E+00 -4.925E-06 5.073E-06
    22 7.400250E+00 7.140275E+01     1 1.000E+00 6.912380E+01 6.912451E+01 -8.67430E-09 -8.36828E-08 0.000E+00 0.000E+00  0.000E+00 -5.000E-06  0.000E+00 -5.000E-06  8.674E-09  0.000E+00 -4.916E-06 5.081E-06
    23 8.140275E+00 7.954302E+01     1 1.000E+00 6.912372E+01 6.912451E+01 -9.54208E-09 -9.32249E-08 0.000E+00 0.000E+00  0.000E+00 -5.000E-06  0.000E+00 -5.000E-06  9.542E-09  0.000E+00 -4.907E-06 5.091E-06
    24 8.954302E+00 8.849733E+01     1 1.000E+00 6.912363E+01 6.912451E+01 -1.04967E-08 -1.03722E-07 0.000E+00 0.000E+00  0.000E+00 -5.000E-06  0.000E+00 -5.000E-06  1.050E-08  0.000E+00 -4.896E-06 5.101E-06
    25 9.849733E+00 9.834706E+01     1 1.000E+00 6.912353E+01 6.912451E+01 -1.15469E-08 -1.15268E-07 0.000E+00 0.000E+00  0.000E+00 -5.000E-06  0.000E+00 -5.000E-06  1.155E-08  0.000E+00 -4.885E-06 5.113E-06
    26 1.083471E+01 1.091818E+02     1 1.000E+00 6.912342E+01 6.912451E+01 -1.27022E-08 -1.27971E-07 0.000E+00 0.000E+00  0.000E+00 -5.000E-06  0.000E+00 -5.000E-06  1.270E-08  0.000E+00 -4.872E-06 5.126E-06
    27 1.191818E+01 1.210999E+02     1 1.000E+00 6.912330E+01 6.912451E+01 -1.39732E-08 -1.41944E-07 0.000E+00 0.000E+00  0.000E+00 -5.000E-06  0.000E+00 -5.000E-06  1.397E-08  0.000E+00 -4.858E-06 5.140E-06
    28 1.310999E+01 1.342099E+02     1 1.000E+00 6.912317E+01 6.912451E+01 -1.53715E-08 -1.57315E-07 0.000E+00 0.000E+00  0.000E+00 -5.000E-06  0.000E+00 -5.000E-06  1.537E-08  0.000E+00 -4.843E-06 5.155E-06
    29 1.442099E+01 1.486309E+02     2 1.000E+00 6.912303E+01 6.912437E+01 -1.44204E-04 -1.44362E-04 0.000E+00 0.000E+00  0.000E+00 -5.000E-06  0.000E+00 -5.000E-06  1.442E-04  0.000E+00  1.394E-04 1.494E-04
    30 1.586309E+01 1.644940E+02     2 1.000E+00 6.912287E+01 6.912421E+01 -1.58624E-04 -3.02986E-04 0.000E+00 0.000E+00  0.000E+00 -5.000E-06  0.000E+00 -5.000E-06  1.586E-04  0.000E+00  2.980E-04 3.080E-04
    31 1.744940E+01 1.819434E+02     2 1.000E+00 6.912269E+01 6.912404E+01 -1.74486E-04 -4.77471E-04 0.000E+00 0.000E+00  0.000E+00 -5.000E-06  0.000E+00 -5.000E-06  1.745E-04  0.000E+00  4.725E-04 4.825E-04
    32 1.919434E+01 2.011378E+02     2 1.000E+00 6.912250E+01 6.912384E+01 -1.91933E-04 -6.69405E-04 0.000E+00 0.000E+00  0.000E+00 -5.000E-06  0.000E+00 -5.000E-06  1.919E-04  0.000E+00  6.644E-04 6.744E-04
    33 2.111378E+01 2.222515E+02     2 1.000E+00 6.912229E+01 6.912363E+01 -2.11126E-04 -8.80530E-04 0.000E+00 0.000E+00  0.000E+00 -5.000E-06  0.000E+00 -5.000E-06  2.111E-04  0.000E+00  8.755E-04 8.855E-04
    34 2.322515E+01 2.454767E+02     2 1.000E+00 6.912206E+01 6.912340E+01 -2.32237E-04 -1.11277E-03 0.000E+00 0.000E+00  0.000E+00 -5.000E-06  0.000E+00 -5.000E-06  2.322E-04  0.000E+00  1.108E-03 1.118E-03
    35 2.554767E+01 2.710244E+02     2 1.000E+00 6.912180E+01 6.912315E+01 -2.55459E-04 -1.36823E-03 0.000E+00 0.000E+00  0.000E+00 -5.000E-06  0.000E+00 -5.000E-06  2.555E-04  0.000E+00  1.363E-03 1.373E-03
    36 2.810244E+01 2.991268E+02     2 1.000E+00 6.912152E+01 6.912286E+01 -2.81003E-04 -1.64923E-03 0.000E+00 0.000E+00  0.000E+00 -5.000E-06  0.000E+00 -5.000E-06  2.810E-04  0.000E+00  1.644E-03 1.654E-03
    37 3.091268E+01 3.300395E+02     2 1.000E+00 6.912121E+01 6.912255E+01 -3.09101E-04 -1.95833E-03 0.000E+00 0.000E+00  0.000E+00 -5.000E-06  0.000E+00 -5.000E-06  3.091E-04  0.000E+00  1.953E-03 1.963E-03
    38 3.400395E+01 3.640434E+02     2 1.000E+00 6.912087E+01 6.912221E+01 -3.40008E-04 -2.29834E-03 0.000E+00 0.000E+00  0.000E+00 -5.000E-06  0.000E+00 -5.000E-06  3.400E-04  0.000E+00  2.293E-03 2.303E-03
    39 3.740434E+01 4.014478E+02     2 1.000E+00 6.912050E+01 6.912184E+01 -3.74005E-04 -2.67234E-03 0.000E+00 0.000E+00  0.000E+00 -5.000E-06  0.000E+00 -5.000E-06  3.740E-04  0.000E+00  2.667E-03 2.677E-03
    40 4.114478E+01 4.425926E+02     2 1.000E+00 6.912009E+01 6.912143E+01 -4.11402E-04 -3.08374E-03 0.000E+00 0.000E+00  0.000E+00 -5.000E-06  0.000E+00 -5.000E-06  4.114E-04  0.000E+00  3.079E-03 3.089E-03
    41 4.525926E+01 4.878518E+02     2 1.000E+00 6.911964E+01 6.912098E+01 -4.52537E-04 -3.53628E-03 0.000E+00 0.000E+00  0.000E+00 -5.000E-06  0.000E+00 -5.000E-06  4.525E-04  0.000E+00  3.531E-03 3.541E-03
    42 4.978518E+01 5.376370E+02     2 1.000E+00 6.911914E+01 6.912048E+01 -4.97784E-04 -4.03407E-03 0.000E+00 0.000E+00  0.000E+00 -5.000E-06  0.000E+00 -5.000E-06  4.978E-04  0.000E+00  4.029E-03 4.039E-03
    43 5.476370E+01 5.924007E+02     2 1.000E+00 6.911859E+01 6.911993E+01 -5.47555E-04 -4.58162E-03 0.000E+00 0.000E+00  0.000E+00 -5.000E-06  0.000E+00 -5.000E-06  5.476E-04  0.000E+00  4.577E-03 4.587E-03
    44 6.024007E+01 6.526408E+02     2 1.000E+00 6.911799E+01 6.911933E+01 -6.02302E-04 -5.18392E-03 0.000E+00 0.000E+00  0.000E+00 -5.000E-06  0.000E+00 -5.000E-06  6.023E-04  0.000E+00  5.179E-03 5.189E-03
    45 6.626408E+01 7.189048E+02     2 1.000E+00 6.911733E+01 6.911867E+01 -6.62521E-04 -5.84644E-03 0.000E+00 0.000E+00  0.000E+00 -5.000E-06  0.000E+00 -5.000E-06  6.625E-04  0.000E+00  5.841E-03 5.851E-03
    46 7.289048E+01 7.917953E+02     2 1.000E+00 6.911660E+01 6.911794E+01 -7.28760E-04 -6.57520E-03 0.000E+00 0.000E+00  0.000E+00 -5.000E-06  0.000E+00 -5.000E-06  7.288E-04  0.000E+00  6.570E-03 6.580E-03
    47 8.017953E+01 8.719749E+02     2 1.000E+00 6.911579E+01 6.911714E+01 -8.01620E-04 -7.37682E-03 0.000E+00 0.000E+00  0.000E+00 -5.000E-06  0.000E+00 -5.000E-06  8.016E-04  0.000E+00  7.372E-03 7.382E-03
    48 8.819749E+01 9.601723E+02     2 1.000E+00 6.911491E+01 6.911625E+01 -8.81763E-04 -8.25859E-03 0.000E+00 0.000E+00  0.000E+00 -5.000E-06  0.000E+00 -5.000E-06  8.818E-04  0.000E+00  8.254E-03 8.264E-03
    49 9.701723E+01 1.057190E+03     2 1.000E+00 6.911394E+01 6.911528E+01 -9.69916E-04 -9.22850E-03 0.000E+00 0.000E+00  0.000E+00 -5.000E-06  0.000E+00 -5.000E-06  9.699E-04  0.000E+00  9.224E-03 9.234E-03
    50 1.067190E+02 1.163909E+03     2 1.000E+00 6.911288E+01 6.911422E+01 -1.06688E-03 -1.02954E-02 0.000E+00 0.000E+00  0.000E+00 -5.000E-06  0.000E+00 -5.000E-06  1.067E-03  0.000E+00  1.029E-02 1.030E-02
    51 1.173909E+02 1.281299E+03     2 1.000E+00 6.911170E+01 6.911304E+01 -1.17353E-03 -1.14689E-02 0.000E+00 0.000E+00  0.000E+00 -5.000E-06  0.000E+00 -5.000E-06  1.174E-03  0.000E+00  1.146E-02 1.147E-02
    52 1.291299E+02 1.410429E+03     2 1.000E+00 6.911041E+01 6.911175E+01 -1.29085E-03 -1.27598E-02 0.000E+00 0.000E+00  0.000E+00 -5.000E-06  0.000E+00 -5.000E-06  1.291E-03  0.000E+00  1.275E-02 1.276E-02
    53 1.420429E+02 1.552472E+03     2 1.000E+00 6.910899E+01 6.911033E+01 -1.41988E-03 -1.41796E-02 0.000E+00 0.000E+00  0.000E+00 -5.000E-06  0.000E+00 -5.000E-06  1.420E-03  0.000E+00  1.417E-02 1.418E-02
    54 1.562472E+02 1.708719E+03     2 1.000E+00 6.910743E+01 6.910877E+01 -1.56181E-03 -1.57415E-02 0.000E+00 0.000E+00  0.000E+00 -5.000E-06  0.000E+00 -5.000E-06  1.562E-03  0.000E+00  1.574E-02 1.575E-02
    55 1.718719E+02 1.880591E+03     2 1.000E+00 6.910571E+01 6.910705E+01 -1.71792E-03 -1.74594E-02 0.000E+00 0.000E+00  0.000E+00 -5.000E-06  0.000E+00 -5.000E-06  1.718E-03  0.000E+00  1.745E-02 1.746E-02
    56 1.890591E+02 2.069651E+03     2 1.000E+00 6.910382E+01 6.910516E+01 -1.88962E-03 -1.93490E-02 0.000E+00 0.000E+00  0.000E+00 -5.000E-06  0.000E+00 -5.000E-06  1.890E-03  0.000E+00  1.934E-02 1.935E-02
    57 2.079651E+02 2.277616E+03     2 1.000E+00 6.910174E+01 6.910309E+01 -2.07848E-03 -2.14275E-02 0.000E+00 0.000E+00  0.000E+00 -5.000E-06  0.000E+00 -5.000E-06  2.078E-03  0.000E+00  2.142E-02 2.143E-02
    58 2.287616E+02 2.506377E+03     2 1.000E+00 6.909945E+01 6.910080E+01 -2.28620E-03 -2.37137E-02 0.000E+00 0.000E+00  0.000E+00 -5.000E-06  0.000E+00 -5.000E-06  2.286E-03  0.000E+00  2.371E-02 2.372E-02
    59 2.516377E+02 2.758015E+03     2 1.000E+00 6.909694E+01 6.909828E+01 -2.51466E-03 -2.62283E-02 0.000E+00 0.000E+00  0.000E+00 -5.000E-06  0.000E+00 -5.000E-06  2.515E-03  0.000E+00  2.622E-02 2.623E-02
    60 2.768015E+02 3.034816E+03     2 1.000E+00 6.909417E+01 6.909552E+01 -2.76594E-03 -2.89943E-02 0.000E+00 0.000E+00  0.000E+00 -5.000E-06  0.000E+00 -5.000E-06  2.766E-03  0.000E+00  2.899E-02 2.900E-02
    61 3.044816E+02 3.339298E+03     2 1.000E+00 6.909112E+01 6.909248E+01 -3.04231E-03 -3.20366E-02 0.000E+00 0.000E+00  0.000E+00 -5.000E-06  0.000E+00 -5.000E-06  3.042E-03  0.000E+00  3.203E-02 3.204E-02
    62 3.349298E+02 3.674228E+03     2 1.000E+00 6.908778E+01 6.908913E+01 -3.34626E-03 -3.53828E-02 0.000E+00 0.000E+00  0.000E+00 -5.000E-06  0.000E+00 -5.000E-06  3.346E-03  0.000E+00  3.538E-02 3.539E-02
    63 3.684228E+02 4.042651E+03     2 1.000E+00 6.908409E+01 6.908545E+01 -3.68056E-03 -3.90634E-02 0.000E+00 0.000E+00  0.000E+00 -5.000E-06  0.000E+00 -5.000E-06  3.681E-03  0.000E+00  3.906E-02 3.907E-02
    64 4.052651E+02 4.447916E+03     2 1.000E+00 6.908004E+01 6.908140E+01 -4.04821E-03 -4.31116E-02 0.000E+00 0.000E+00  0.000E+00 -5.000E-06  0.000E+00 -5.000E-06  4.048E-03  0.000E+00  4.311E-02 4.312E-02
    65 4.457916E+02 4.893707E+03     2 1.000E+00 6.907558E+01 6.907695E+01 -4.45255E-03 -4.75642E-02 0.000E+00 0.000E+00  0.000E+00 -5.000E-06  0.000E+00 -5.000E-06  4.453E-03  0.000E+00  4.756E-02 4.757E-02
    66 4.903707E+02 5.384078E+03     2 1.000E+00 6.907068E+01 6.907205E+01 -4.89722E-03 -5.24614E-02 0.000E+00 0.000E+00  0.000E+00 -5.000E-06  0.000E+00 -5.000E-06  4.897E-03  0.000E+00  5.246E-02 5.247E-02
    67 5.394078E+02 5.923486E+03     2 1.000E+00 6.906529E+01 6.906667E+01 -5.38624E-03 -5.78476E-02 0.000E+00 0.000E+00  0.000E+00 -5.000E-06  0.000E+00 -5.000E-06  5.386E-03  0.000E+00  5.784E-02 5.785E-02
    68 5.933486E+02 6.516834E+03     2 1.000E+00 6.905935E+01 6.906074E+01 -5.92400E-03 -6.37716E-02 0.000E+00 0.000E+00  0.000E+00 -5.000E-06  0.000E+00 -5.000E-06  5.924E-03  0.000E+00  6.377E-02 6.378E-02
    69 6.526834E+02 7.169518E+03     2 1.000E+00 6.905283E+01 6.905423E+01 -6.51537E-03 -7.02870E-02 0.000E+00 0.000E+00  0.000E+00 -5.000E-06  0.000E+00 -5.000E-06  6.515E-03  0.000E+00  7.028E-02 7.029E-02
    70 7.179518E+02 7.887470E+03     2 1.000E+00 6.904565E+01 6.904706E+01 -7.16566E-03 -7.74527E-02 0.000E+00 0.000E+00  0.000E+00 -5.000E-06  0.000E+00 -5.000E-06  7.166E-03  0.000E+00  7.745E-02 7.746E-02
    71 7.897470E+02 8.677217E+03     2 1.000E+00 6.903775E+01 6.903918E+01 -7.88072E-03 -8.53334E-02 0.000E+00 0.000E+00  0.000E+00 -5.000E-06  0.000E+00 -5.000E-06  7.881E-03  0.000E+00  8.533E-02 8.534E-02
    72 4.613917E+02 9.138608E+03     2 1.000E+00 6.903314E+01 6.903457E+01 -4.60820E-03 -8.99416E-02 0.000E+00 0.000E+00  0.000E+00 -5.000E-06  0.000E+00 -5.000E-06  4.608E-03  0.000E+00  8.994E-02 8.995E-02
    73 4.613917E+02 9.600000E+03     2 1.000E+00 6.902852E+01 6.902996E+01 -4.60820E-03 -9.45498E-02 0.000E+00 0.000E+00  0.000E+00 -5.000E-06  0.000E+00 -5.000E-06  4.608E-03  0.000E+00  9.454E-02 9.455E-02
