1	0	INDP	IPOND
-3.374e-01
-3.340e-01
-3.339e-01
-3.339e-01
-3.339e-01
-3.339e-01
-3.339e-01
-3.339e-01
-3.339e-01
-3.339e-01
-3.339e-01
-3.339e-01
-3.339e-01
-3.339e-01
-3.339e-01
-3.339e-01
-3.339e-01
-3.339e-01
-3.341e-01
-3.326e-01
-3.265e-01
-3.343e-01
-3.282e-01
-3.277e-01
-3.277e-01
-3.277e-01
-3.277e-01
-3.277e-01
-3.277e-01
-3.277e-01
-3.277e-01
-3.277e-01
-3.277e-01
-3.277e-01
-3.277e-01
-3.277e-01
-3.277e-01
-3.277e-01
-3.277e-01
-3.278e-01
-3.270e-01
-3.208e-01
-3.343e-01
-3.279e-01
-3.271e-01
-3.271e-01
-3.271e-01
-3.271e-01
-3.271e-01
-3.271e-01
-3.271e-01
-3.271e-01
-3.271e-01
-3.271e-01
-3.271e-01
-3.271e-01
-3.271e-01
-3.271e-01
-3.271e-01
-3.271e-01
-3.273e-01
-3.264e-01
-3.196e-01
-3.343e-01
-3.278e-01
-3.271e-01
-3.271e-01
-3.271e-01
-3.271e-01
-3.271e-01
-3.271e-01
-3.271e-01
-3.271e-01
-3.271e-01
-3.271e-01
-3.271e-01
-3.271e-01
-3.271e-01
-3.271e-01
-3.271e-01
-3.271e-01
-3.273e-01
-3.263e-01
-3.196e-01
-3.343e-01
-3.278e-01
-3.271e-01
-3.271e-01
-3.271e-01
-3.271e-01
-3.271e-01
-3.271e-01
-3.271e-01
-3.271e-01
-3.271e-01
-3.271e-01
-3.271e-01
-3.271e-01
-3.271e-01
-3.271e-01
-3.271e-01
-3.271e-01
-3.273e-01
-3.263e-01
-3.196e-01
-3.343e-01
-3.278e-01
-3.271e-01
-3.271e-01
-3.271e-01
-3.271e-01
-3.271e-01
-3.271e-01
-3.271e-01
-3.271e-01
-3.271e-01
-3.271e-01
-3.271e-01
-3.271e-01
-3.271e-01
-3.271e-01
-3.271e-01
-3.271e-01
-3.273e-01
-3.263e-01
-3.196e-01
-3.343e-01
-3.278e-01
-3.271e-01
-3.271e-01
-3.271e-01
-3.271e-01
-3.271e-01
-3.271e-01
-3.271e-01
-3.271e-01
-3.271e-01
-3.271e-01
-3.271e-01
-3.271e-01
-3.271e-01
-3.271e-01
-3.271e-01
-3.271e-01
-3.273e-01
-3.263e-01
-3.196e-01
-3.343e-01
-3.278e-01
-3.271e-01
-3.271e-01
-3.271e-01
-3.271e-01
-3.271e-01
-3.271e-01
-3.271e-01
-3.271e-01
-3.271e-01
-3.271e-01
-3.271e-01
-3.271e-01
-3.271e-01
-3.271e-01
-3.271e-01
-3.271e-01
-3.273e-01
-3.263e-01
-3.196e-01
-3.343e-01
-3.278e-01
-3.271e-01
-3.271e-01
-3.271e-01
-3.271e-01
-3.271e-01
-3.271e-01
-3.271e-01
-3.271e-01
-3.271e-01
-3.271e-01
-3.271e-01
-3.271e-01
-3.271e-01
-3.271e-01
-3.271e-01
-3.271e-01
-3.273e-01
-3.263e-01
-3.196e-01
-3.343e-01
-3.278e-01
-3.271e-01
-3.271e-01
-3.271e-01
-3.271e-01
-3.271e-01
-3.271e-01
-3.271e-01
-3.271e-01
-3.271e-01
-3.271e-01
-3.271e-01
-3.271e-01
-3.271e-01
-3.271e-01
-3.271e-01
-3.271e-01
-3.273e-01
-3.263e-01
-3.196e-01
-3.343e-01
-3.278e-01
-3.271e-01
-3.271e-01
-3.271e-01
-3.271e-01
-3.271e-01
-3.271e-01
-3.271e-01
-3.271e-01
-3.271e-01
-3.271e-01
-3.271e-01
-3.271e-01
-3.271e-01
-3.271e-01
-3.271e-01
-3.271e-01
-3.273e-01
-3.263e-01
-3.196e-01
-3.343e-01
-3.278e-01
-3.271e-01
-3.271e-01
-3.271e-01
-3.271e-01
-3.271e-01
-3.271e-01
-3.271e-01
-3.271e-01
-3.271e-01
-3.271e-01
-3.271e-01
-3.271e-01
-3.271e-01
-3.271e-01
-3.271e-01
-3.271e-01
-3.273e-01
-3.263e-01
-3.196e-01
-3.343e-01
-3.278e-01
-3.271e-01
-3.271e-01
-3.271e-01
-3.271e-01
-3.271e-01
-3.271e-01
-3.271e-01
-3.271e-01
-3.271e-01
-3.271e-01
-3.271e-01
-3.271e-01
-3.271e-01
-3.271e-01
-3.271e-01
-3.271e-01
-3.273e-01
-3.263e-01
-3.196e-01
-3.343e-01
-3.278e-01
-3.271e-01
-3.271e-01
-3.271e-01
-3.271e-01
-3.271e-01
-3.271e-01
-3.271e-01
-3.271e-01
-3.271e-01
-3.271e-01
-3.271e-01
-3.271e-01
-3.271e-01
-3.271e-01
-3.271e-01
-3.271e-01
-3.273e-01
-3.263e-01
-3.196e-01
-3.343e-01
-3.278e-01
-3.271e-01
-3.271e-01
-3.271e-01
-3.271e-01
-3.271e-01
-3.271e-01
-3.271e-01
-3.271e-01
-3.271e-01
-3.271e-01
-3.271e-01
-3.271e-01
-3.271e-01
-3.271e-01
-3.271e-01
-3.271e-01
-3.273e-01
-3.263e-01
-3.196e-01
-3.343e-01
-3.278e-01
-3.271e-01
-3.271e-01
-3.271e-01
-3.271e-01
-3.271e-01
-3.271e-01
-3.271e-01
-3.271e-01
-3.271e-01
-3.271e-01
-3.271e-01
-3.271e-01
-3.271e-01
-3.271e-01
-3.271e-01
-3.271e-01
-3.273e-01
-3.263e-01
-3.196e-01
-3.343e-01
-3.278e-01
-3.271e-01
-3.271e-01
-3.271e-01
-3.271e-01
-3.271e-01
-3.271e-01
-3.271e-01
-3.271e-01
-3.271e-01
-3.271e-01
-3.271e-01
-3.271e-01
-3.271e-01
-3.271e-01
-3.271e-01
-3.271e-01
-3.273e-01
-3.263e-01
-3.196e-01
-3.343e-01
-3.278e-01
-3.271e-01
-3.271e-01
-3.271e-01
-3.271e-01
-3.271e-01
-3.271e-01
-3.271e-01
-3.271e-01
-3.271e-01
-3.271e-01
-3.271e-01
-3.271e-01
-3.271e-01
-3.271e-01
-3.271e-01
-3.271e-01
-3.273e-01
-3.263e-01
-3.196e-01
-3.346e-01
-3.279e-01
-3.273e-01
-3.273e-01
-3.273e-01
-3.273e-01
-3.273e-01
-3.273e-01
-3.273e-01
-3.273e-01
-3.273e-01
-3.273e-01
-3.273e-01
-3.273e-01
-3.273e-01
-3.273e-01
-3.273e-01
-3.272e-01
-3.275e-01
-3.264e-01
-3.196e-01
-3.330e-01
-3.271e-01
-3.264e-01
-3.264e-01
-3.264e-01
-3.264e-01
-3.264e-01
-3.264e-01
-3.264e-01
-3.264e-01
-3.264e-01
-3.264e-01
-3.264e-01
-3.264e-01
-3.264e-01
-3.264e-01
-3.264e-01
-3.264e-01
-3.264e-01
-3.257e-01
-3.194e-01
-3.269e-01
-3.212e-01
-3.199e-01
-3.199e-01
-3.198e-01
-3.198e-01
-3.198e-01
-3.198e-01
-3.198e-01
-3.198e-01
-3.198e-01
-3.198e-01
-3.198e-01
-3.198e-01
-3.198e-01
-3.198e-01
-3.198e-01
-3.198e-01
-3.199e-01
-3.196e-01
-3.161e-01
-3.316e-01
-3.284e-01
-3.282e-01
-3.282e-01
-3.282e-01
-3.282e-01
-3.282e-01
-3.282e-01
-3.282e-01
-3.282e-01
-3.282e-01
-3.282e-01
-3.282e-01
-3.282e-01
-3.282e-01
-3.282e-01
-3.282e-01
-3.282e-01
-3.285e-01
-3.269e-01
-3.212e-01
-3.287e-01
-3.229e-01
-3.224e-01
-3.224e-01
-3.224e-01
-3.224e-01
-3.224e-01
-3.224e-01
-3.224e-01
-3.224e-01
-3.224e-01
-3.224e-01
-3.224e-01
-3.224e-01
-3.224e-01
-3.224e-01
-3.224e-01
-3.224e-01
-3.226e-01
-3.217e-01
-3.158e-01
-3.287e-01
-3.226e-01
-3.218e-01
-3.218e-01
-3.218e-01
-3.218e-01
-3.218e-01
-3.218e-01
-3.218e-01
-3.218e-01
-3.218e-01
-3.218e-01
-3.218e-01
-3.218e-01
-3.218e-01
-3.218e-01
-3.218e-01
-3.219e-01
-3.220e-01
-3.211e-01
-3.146e-01
-3.287e-01
-3.225e-01
-3.219e-01
-3.218e-01
-3.218e-01
-3.218e-01
-3.218e-01
-3.218e-01
-3.218e-01
-3.218e-01
-3.218e-01
-3.218e-01
-3.218e-01
-3.218e-01
-3.218e-01
-3.218e-01
-3.218e-01
-3.218e-01
-3.220e-01
-3.210e-01
-3.146e-01
-3.287e-01
-3.225e-01
-3.219e-01
-3.218e-01
-3.218e-01
-3.218e-01
-3.218e-01
-3.218e-01
-3.218e-01
-3.218e-01
-3.218e-01
-3.218e-01
-3.218e-01
-3.218e-01
-3.218e-01
-3.218e-01
-3.218e-01
-3.218e-01
-3.220e-01
-3.210e-01
-3.146e-01
-3.287e-01
-3.225e-01
-3.219e-01
-3.218e-01
-3.218e-01
-3.218e-01
-3.218e-01
-3.218e-01
-3.218e-01
-3.218e-01
-3.218e-01
-3.218e-01
-3.218e-01
-3.218e-01
-3.218e-01
-3.218e-01
-3.218e-01
-3.218e-01
-3.220e-01
-3.210e-01
-3.146e-01
-3.287e-01
-3.225e-01
-3.219e-01
-3.218e-01
-3.218e-01
-3.218e-01
-3.218e-01
-3.218e-01
-3.218e-01
-3.218e-01
-3.218e-01
-3.218e-01
-3.218e-01
-3.218e-01
-3.218e-01
-3.218e-01
-3.218e-01
-3.218e-01
-3.220e-01
-3.210e-01
-3.146e-01
-3.287e-01
-3.225e-01
-3.219e-01
-3.218e-01
-3.218e-01
-3.218e-01
-3.218e-01
-3.218e-01
-3.218e-01
-3.218e-01
-3.218e-01
-3.218e-01
-3.218e-01
-3.218e-01
-3.218e-01
-3.218e-01
-3.218e-01
-3.218e-01
-3.220e-01
-3.210e-01
-3.146e-01
-3.287e-01
-3.225e-01
-3.219e-01
-3.218e-01
-3.218e-01
-3.218e-01
-3.218e-01
-3.218e-01
-3.218e-01
-3.218e-01
-3.218e-01
-3.218e-01
-3.218e-01
-3.218e-01
-3.218e-01
-3.218e-01
-3.218e-01
-3.218e-01
-3.220e-01
-3.210e-01
-3.146e-01
-3.287e-01
-3.225e-01
-3.219e-01
-3.218e-01
-3.218e-01
-3.218e-01
-3.218e-01
-3.218e-01
-3.218e-01
-3.218e-01
-3.218e-01
-3.218e-01
-3.218e-01
-3.218e-01
-3.218e-01
-3.218e-01
-3.218e-01
-3.218e-01
-3.220e-01
-3.210e-01
-3.146e-01
-3.287e-01
-3.225e-01
-3.219e-01
-3.218e-01
-3.218e-01
-3.218e-01
-3.218e-01
-3.218e-01
-3.218e-01
-3.218e-01
-3.218e-01
-3.218e-01
-3.218e-01
-3.218e-01
-3.218e-01
-3.218e-01
-3.218e-01
-3.218e-01
-3.220e-01
-3.210e-01
-3.146e-01
-3.287e-01
-3.225e-01
-3.219e-01
-3.218e-01
-3.218e-01
-3.218e-01
-3.218e-01
-3.218e-01
-3.218e-01
-3.218e-01
-3.218e-01
-3.218e-01
-3.218e-01
-3.218e-01
-3.218e-01
-3.218e-01
-3.218e-01
-3.218e-01
-3.220e-01
-3.210e-01
-3.146e-01
-3.287e-01
-3.225e-01
-3.219e-01
-3.218e-01
-3.218e-01
-3.218e-01
-3.218e-01
-3.218e-01
-3.218e-01
-3.218e-01
-3.218e-01
-3.218e-01
-3.218e-01
-3.218e-01
-3.218e-01
-3.218e-01
-3.218e-01
-3.218e-01
-3.220e-01
-3.210e-01
-3.146e-01
-3.287e-01
-3.225e-01
-3.219e-01
-3.218e-01
-3.218e-01
-3.218e-01
-3.218e-01
-3.218e-01
-3.218e-01
-3.218e-01
-3.218e-01
-3.218e-01
-3.218e-01
-3.218e-01
-3.218e-01
-3.218e-01
-3.218e-01
-3.218e-01
-3.220e-01
-3.210e-01
-3.146e-01
-3.287e-01
-3.225e-01
-3.219e-01
-3.218e-01
-3.218e-01
-3.218e-01
-3.218e-01
-3.218e-01
-3.218e-01
-3.218e-01
-3.218e-01
-3.218e-01
-3.218e-01
-3.218e-01
-3.218e-01
-3.218e-01
-3.218e-01
-3.218e-01
-3.220e-01
-3.210e-01
-3.146e-01
-3.287e-01
-3.225e-01
-3.218e-01
-3.218e-01
-3.218e-01
-3.218e-01
-3.218e-01
-3.218e-01
-3.218e-01
-3.218e-01
-3.218e-01
-3.218e-01
-3.218e-01
-3.218e-01
-3.218e-01
-3.218e-01
-3.218e-01
-3.218e-01
-3.220e-01
-3.210e-01
-3.146e-01
-3.287e-01
-3.225e-01
-3.218e-01
-3.218e-01
-3.218e-01
-3.218e-01
-3.218e-01
-3.218e-01
-3.218e-01
-3.218e-01
-3.218e-01
-3.218e-01
-3.218e-01
-3.218e-01
-3.218e-01
-3.218e-01
-3.218e-01
-3.218e-01
-3.220e-01
-3.210e-01
-3.146e-01
-3.287e-01
-3.225e-01
-3.219e-01
-3.218e-01
-3.218e-01
-3.218e-01
-3.218e-01
-3.218e-01
-3.218e-01
-3.218e-01
-3.218e-01
-3.218e-01
-3.218e-01
-3.218e-01
-3.218e-01
-3.218e-01
-3.218e-01
-3.218e-01
-3.220e-01
-3.210e-01
-3.146e-01
-3.289e-01
-3.227e-01
-3.220e-01
-3.220e-01
-3.220e-01
-3.220e-01
-3.220e-01
-3.220e-01
-3.220e-01
-3.220e-01
-3.220e-01
-3.220e-01
-3.220e-01
-3.220e-01
-3.220e-01
-3.220e-01
-3.220e-01
-3.220e-01
-3.222e-01
-3.211e-01
-3.146e-01
-3.274e-01
-3.218e-01
-3.211e-01
-3.211e-01
-3.211e-01
-3.211e-01
-3.211e-01
-3.211e-01
-3.211e-01
-3.211e-01
-3.211e-01
-3.211e-01
-3.211e-01
-3.211e-01
-3.211e-01
-3.211e-01
-3.211e-01
-3.211e-01
-3.211e-01
-3.204e-01
-3.144e-01
-3.216e-01
-3.162e-01
-3.149e-01
-3.149e-01
-3.148e-01
-3.148e-01
-3.148e-01
-3.148e-01
-3.148e-01
-3.148e-01
-3.148e-01
-3.148e-01
-3.148e-01
-3.148e-01
-3.148e-01
-3.148e-01
-3.148e-01
-3.148e-01
-3.149e-01
-3.146e-01
-3.113e-01
-3.233e-01
-3.207e-01
-3.206e-01
-3.206e-01
-3.206e-01
-3.206e-01
-3.206e-01
-3.206e-01
-3.206e-01
-3.206e-01
-3.206e-01
-3.206e-01
-3.206e-01
-3.206e-01
-3.206e-01
-3.206e-01
-3.206e-01
-3.205e-01
-3.208e-01
-3.192e-01
-3.145e-01
-3.211e-01
-3.164e-01
-3.159e-01
-3.159e-01
-3.159e-01
-3.159e-01
-3.159e-01
-3.159e-01
-3.159e-01
-3.159e-01
-3.159e-01
-3.159e-01
-3.159e-01
-3.159e-01
-3.159e-01
-3.159e-01
-3.159e-01
-3.159e-01
-3.160e-01
-3.151e-01
-3.102e-01
-3.210e-01
-3.160e-01
-3.153e-01
-3.153e-01
-3.153e-01
-3.153e-01
-3.153e-01
-3.153e-01
-3.153e-01
-3.153e-01
-3.153e-01
-3.153e-01
-3.153e-01
-3.153e-01
-3.153e-01
-3.153e-01
-3.153e-01
-3.153e-01
-3.155e-01
-3.145e-01
-3.090e-01
-3.210e-01
-3.160e-01
-3.153e-01
-3.152e-01
-3.152e-01
-3.152e-01
-3.152e-01
-3.152e-01
-3.152e-01
-3.152e-01
-3.152e-01
-3.152e-01
-3.152e-01
-3.152e-01
-3.152e-01
-3.152e-01
-3.152e-01
-3.153e-01
-3.154e-01
-3.144e-01
-3.090e-01
-3.210e-01
-3.160e-01
-3.153e-01
-3.152e-01
-3.152e-01
-3.152e-01
-3.152e-01
-3.152e-01
-3.152e-01
-3.152e-01
-3.152e-01
-3.152e-01
-3.152e-01
-3.152e-01
-3.152e-01
-3.152e-01
-3.152e-01
-3.153e-01
-3.154e-01
-3.144e-01
-3.090e-01
-3.210e-01
-3.160e-01
-3.153e-01
-3.152e-01
-3.152e-01
-3.152e-01
-3.152e-01
-3.152e-01
-3.152e-01
-3.152e-01
-3.152e-01
-3.152e-01
-3.152e-01
-3.152e-01
-3.152e-01
-3.152e-01
-3.152e-01
-3.153e-01
-3.154e-01
-3.144e-01
-3.090e-01
-3.210e-01
-3.160e-01
-3.153e-01
-3.152e-01
-3.152e-01
-3.152e-01
-3.152e-01
-3.152e-01
-3.152e-01
-3.152e-01
-3.152e-01
-3.152e-01
-3.152e-01
-3.152e-01
-3.152e-01
-3.152e-01
-3.152e-01
-3.153e-01
-3.154e-01
-3.144e-01
-3.090e-01
-3.210e-01
-3.160e-01
-3.153e-01
-3.152e-01
-3.152e-01
-3.152e-01
-3.152e-01
-3.152e-01
-3.152e-01
-3.152e-01
-3.152e-01
-3.152e-01
-3.152e-01
-3.152e-01
-3.152e-01
-3.152e-01
-3.152e-01
-3.153e-01
-3.154e-01
-3.144e-01
-3.090e-01
-3.210e-01
-3.160e-01
-3.153e-01
-3.152e-01
-3.152e-01
-3.152e-01
-3.152e-01
-3.152e-01
-3.152e-01
-3.152e-01
-3.152e-01
-3.152e-01
-3.152e-01
-3.152e-01
-3.152e-01
-3.152e-01
-3.152e-01
-3.153e-01
-3.154e-01
-3.144e-01
-3.090e-01
-3.210e-01
-3.160e-01
-3.153e-01
-3.152e-01
-3.152e-01
-3.152e-01
-3.152e-01
-3.152e-01
-3.152e-01
-3.152e-01
-3.152e-01
-3.152e-01
-3.152e-01
-3.152e-01
-3.152e-01
-3.152e-01
-3.152e-01
-3.153e-01
-3.154e-01
-3.144e-01
-3.090e-01
-3.210e-01
-3.160e-01
-3.153e-01
-3.152e-01
-3.152e-01
-3.152e-01
-3.152e-01
-3.152e-01
-3.152e-01
-3.152e-01
-3.152e-01
-3.152e-01
-3.152e-01
-3.152e-01
-3.152e-01
-3.152e-01
-3.152e-01
-3.153e-01
-3.154e-01
-3.144e-01
-3.090e-01
-3.210e-01
-3.160e-01
-3.153e-01
-3.152e-01
-3.152e-01
-3.152e-01
-3.152e-01
-3.152e-01
-3.152e-01
-3.152e-01
-3.152e-01
-3.152e-01
-3.152e-01
-3.152e-01
-3.152e-01
-3.152e-01
-3.152e-01
-3.153e-01
-3.154e-01
-3.144e-01
-3.090e-01
-3.210e-01
-3.160e-01
-3.153e-01
-3.152e-01
-3.152e-01
-3.152e-01
-3.152e-01
-3.152e-01
-3.152e-01
-3.152e-01
-3.152e-01
-3.152e-01
-3.152e-01
-3.152e-01
-3.152e-01
-3.152e-01
-3.152e-01
-3.153e-01
-3.154e-01
-3.144e-01
-3.090e-01
-3.210e-01
-3.160e-01
-3.153e-01
-3.152e-01
-3.152e-01
-3.152e-01
-3.152e-01
-3.152e-01
-3.152e-01
-3.152e-01
-3.152e-01
-3.152e-01
-3.152e-01
-3.152e-01
-3.152e-01
-3.152e-01
-3.152e-01
-3.153e-01
-3.154e-01
-3.144e-01
-3.090e-01
-3.210e-01
-3.160e-01
-3.153e-01
-3.152e-01
-3.152e-01
-3.152e-01
-3.152e-01
-3.152e-01
-3.152e-01
-3.152e-01
-3.152e-01
-3.152e-01
-3.152e-01
-3.152e-01
-3.152e-01
-3.152e-01
-3.152e-01
-3.153e-01
-3.154e-01
-3.144e-01
-3.090e-01
-3.210e-01
-3.160e-01
-3.153e-01
-3.152e-01
-3.152e-01
-3.152e-01
-3.152e-01
-3.152e-01
-3.152e-01
-3.152e-01
-3.152e-01
-3.152e-01
-3.152e-01
-3.152e-01
-3.152e-01
-3.152e-01
-3.152e-01
-3.153e-01
-3.154e-01
-3.144e-01
-3.090e-01
-3.210e-01
-3.160e-01
-3.152e-01
-3.152e-01
-3.152e-01
-3.152e-01
-3.152e-01
-3.152e-01
-3.152e-01
-3.152e-01
-3.152e-01
-3.152e-01
-3.152e-01
-3.152e-01
-3.152e-01
-3.152e-01
-3.152e-01
-3.153e-01
-3.154e-01
-3.144e-01
-3.090e-01
-3.210e-01
-3.160e-01
-3.153e-01
-3.153e-01
-3.153e-01
-3.153e-01
-3.153e-01
-3.153e-01
-3.153e-01
-3.153e-01
-3.153e-01
-3.153e-01
-3.153e-01
-3.153e-01
-3.153e-01
-3.153e-01
-3.153e-01
-3.153e-01
-3.154e-01
-3.144e-01
-3.090e-01
-3.213e-01
-3.161e-01
-3.154e-01
-3.154e-01
-3.154e-01
-3.154e-01
-3.154e-01
-3.154e-01
-3.154e-01
-3.154e-01
-3.154e-01
-3.154e-01
-3.154e-01
-3.154e-01
-3.154e-01
-3.154e-01
-3.154e-01
-3.154e-01
-3.156e-01
-3.145e-01
-3.090e-01
-3.197e-01
-3.152e-01
-3.145e-01
-3.145e-01
-3.145e-01
-3.145e-01
-3.145e-01
-3.145e-01
-3.145e-01
-3.145e-01
-3.145e-01
-3.145e-01
-3.145e-01
-3.145e-01
-3.145e-01
-3.145e-01
-3.145e-01
-3.145e-01
-3.145e-01
-3.138e-01
-3.087e-01
-3.150e-01
-3.107e-01
-3.093e-01
-3.093e-01
-3.092e-01
-3.092e-01
-3.092e-01
-3.092e-01
-3.092e-01
-3.092e-01
-3.092e-01
-3.092e-01
-3.092e-01
-3.092e-01
-3.092e-01
-3.092e-01
-3.092e-01
-3.092e-01
-3.093e-01
-3.090e-01
-3.062e-01
-3.200e-01
-3.186e-01
-3.184e-01
-3.184e-01
-3.184e-01
-3.184e-01
-3.184e-01
-3.184e-01
-3.184e-01
-3.184e-01
-3.184e-01
-3.184e-01
-3.184e-01
-3.184e-01
-3.184e-01
-3.184e-01
-3.184e-01
-3.184e-01
-3.186e-01
-3.169e-01
-3.144e-01
-3.190e-01
-3.164e-01
-3.159e-01
-3.159e-01
-3.159e-01
-3.159e-01
-3.159e-01
-3.159e-01
-3.159e-01
-3.159e-01
-3.159e-01
-3.159e-01
-3.159e-01
-3.159e-01
-3.159e-01
-3.159e-01
-3.159e-01
-3.159e-01
-3.160e-01
-3.150e-01
-3.122e-01
-3.190e-01
-3.161e-01
-3.154e-01
-3.153e-01
-3.153e-01
-3.153e-01
-3.153e-01
-3.153e-01
-3.153e-01
-3.153e-01
-3.153e-01
-3.153e-01
-3.153e-01
-3.153e-01
-3.153e-01
-3.153e-01
-3.153e-01
-3.153e-01
-3.155e-01
-3.144e-01
-3.111e-01
-3.190e-01
-3.160e-01
-3.153e-01
-3.153e-01
-3.153e-01
-3.153e-01
-3.153e-01
-3.153e-01
-3.153e-01
-3.153e-01
-3.153e-01
-3.153e-01
-3.153e-01
-3.153e-01
-3.153e-01
-3.153e-01
-3.153e-01
-3.153e-01
-3.154e-01
-3.143e-01
-3.110e-01
-3.190e-01
-3.160e-01
-3.153e-01
-3.153e-01
-3.153e-01
-3.153e-01
-3.153e-01
-3.153e-01
-3.153e-01
-3.153e-01
-3.153e-01
-3.153e-01
-3.153e-01
-3.153e-01
-3.153e-01
-3.153e-01
-3.153e-01
-3.153e-01
-3.154e-01
-3.143e-01
-3.110e-01
-3.190e-01
-3.160e-01
-3.153e-01
-3.153e-01
-3.153e-01
-3.153e-01
-3.153e-01
-3.153e-01
-3.153e-01
-3.153e-01
-3.153e-01
-3.153e-01
-3.153e-01
-3.153e-01
-3.153e-01
-3.153e-01
-3.153e-01
-3.153e-01
-3.154e-01
-3.143e-01
-3.110e-01
-3.190e-01
-3.160e-01
-3.153e-01
-3.153e-01
-3.153e-01
-3.153e-01
-3.153e-01
-3.153e-01
-3.153e-01
-3.153e-01
-3.153e-01
-3.153e-01
-3.153e-01
-3.153e-01
-3.153e-01
-3.153e-01
-3.153e-01
-3.153e-01
-3.154e-01
-3.143e-01
-3.110e-01
-3.190e-01
-3.160e-01
-3.153e-01
-3.153e-01
-3.153e-01
-3.153e-01
-3.153e-01
-3.153e-01
-3.153e-01
-3.153e-01
-3.153e-01
-3.153e-01
-3.153e-01
-3.153e-01
-3.153e-01
-3.153e-01
-3.153e-01
-3.153e-01
-3.154e-01
-3.143e-01
-3.110e-01
-3.190e-01
-3.160e-01
-3.153e-01
-3.153e-01
-3.153e-01
-3.153e-01
-3.153e-01
-3.153e-01
-3.153e-01
-3.153e-01
-3.153e-01
-3.153e-01
-3.153e-01
-3.153e-01
-3.153e-01
-3.153e-01
-3.153e-01
-3.153e-01
-3.154e-01
-3.143e-01
-3.110e-01
-3.190e-01
-3.160e-01
-3.153e-01
-3.153e-01
-3.153e-01
-3.153e-01
-3.153e-01
-3.153e-01
-3.153e-01
-3.153e-01
-3.153e-01
-3.153e-01
-3.153e-01
-3.153e-01
-3.153e-01
-3.153e-01
-3.153e-01
-3.153e-01
-3.154e-01
-3.143e-01
-3.110e-01
-3.190e-01
-3.160e-01
-3.153e-01
-3.153e-01
-3.153e-01
-3.153e-01
-3.153e-01
-3.153e-01
-3.153e-01
-3.153e-01
-3.153e-01
-3.153e-01
-3.153e-01
-3.153e-01
-3.153e-01
-3.153e-01
-3.153e-01
-3.153e-01
-3.154e-01
-3.143e-01
-3.110e-01
-3.190e-01
-3.160e-01
-3.153e-01
-3.153e-01
-3.153e-01
-3.153e-01
-3.153e-01
-3.153e-01
-3.153e-01
-3.153e-01
-3.153e-01
-3.153e-01
-3.153e-01
-3.153e-01
-3.153e-01
-3.153e-01
-3.153e-01
-3.153e-01
-3.154e-01
-3.143e-01
-3.110e-01
-3.190e-01
-3.160e-01
-3.153e-01
-3.153e-01
-3.153e-01
-3.153e-01
-3.153e-01
-3.153e-01
-3.153e-01
-3.153e-01
-3.153e-01
-3.153e-01
-3.153e-01
-3.153e-01
-3.153e-01
-3.153e-01
-3.153e-01
-3.153e-01
-3.154e-01
-3.143e-01
-3.110e-01
-3.190e-01
-3.160e-01
-3.153e-01
-3.153e-01
-3.153e-01
-3.153e-01
-3.153e-01
-3.153e-01
-3.153e-01
-3.153e-01
-3.153e-01
-3.153e-01
-3.153e-01
-3.153e-01
-3.153e-01
-3.153e-01
-3.153e-01
-3.153e-01
-3.154e-01
-3.143e-01
-3.110e-01
-3.190e-01
-3.160e-01
-3.153e-01
-3.153e-01
-3.153e-01
-3.153e-01
-3.153e-01
-3.153e-01
-3.153e-01
-3.153e-01
-3.153e-01
-3.153e-01
-3.153e-01
-3.153e-01
-3.153e-01
-3.153e-01
-3.153e-01
-3.153e-01
-3.154e-01
-3.143e-01
-3.110e-01
-3.190e-01
-3.160e-01
-3.153e-01
-3.153e-01
-3.153e-01
-3.153e-01
-3.153e-01
-3.153e-01
-3.153e-01
-3.153e-01
-3.153e-01
-3.153e-01
-3.153e-01
-3.153e-01
-3.153e-01
-3.153e-01
-3.153e-01
-3.153e-01
-3.154e-01
-3.143e-01
-3.110e-01
-3.190e-01
-3.160e-01
-3.153e-01
-3.153e-01
-3.153e-01
-3.153e-01
-3.153e-01
-3.153e-01
-3.153e-01
-3.153e-01
-3.153e-01
-3.153e-01
-3.153e-01
-3.153e-01
-3.153e-01
-3.153e-01
-3.153e-01
-3.153e-01
-3.154e-01
-3.143e-01
-3.110e-01
-3.190e-01
-3.160e-01
-3.153e-01
-3.153e-01
-3.153e-01
-3.153e-01
-3.153e-01
-3.153e-01
-3.153e-01
-3.153e-01
-3.153e-01
-3.153e-01
-3.153e-01
-3.153e-01
-3.153e-01
-3.153e-01
-3.153e-01
-3.153e-01
-3.154e-01
-3.143e-01
-3.110e-01
-3.192e-01
-3.161e-01
-3.155e-01
-3.154e-01
-3.154e-01
-3.154e-01
-3.154e-01
-3.154e-01
-3.154e-01
-3.154e-01
-3.154e-01
-3.154e-01
-3.154e-01
-3.154e-01
-3.154e-01
-3.154e-01
-3.154e-01
-3.154e-01
-3.155e-01
-3.144e-01
-3.110e-01
-3.175e-01
-3.151e-01
-3.144e-01
-3.144e-01
-3.144e-01
-3.144e-01
-3.144e-01
-3.144e-01
-3.144e-01
-3.144e-01
-3.144e-01
-3.144e-01
-3.144e-01
-3.144e-01
-3.144e-01
-3.144e-01
-3.144e-01
-3.144e-01
-3.144e-01
-3.136e-01
-3.107e-01
-3.149e-01
-3.128e-01
-3.114e-01
-3.113e-01
-3.113e-01
-3.113e-01
-3.113e-01
-3.113e-01
-3.113e-01
-3.113e-01
-3.113e-01
-3.113e-01
-3.113e-01
-3.113e-01
-3.113e-01
-3.113e-01
-3.113e-01
-3.113e-01
-3.114e-01
-3.110e-01
-3.093e-01
-3.337e-01
-3.346e-01
-3.345e-01
-3.345e-01
-3.345e-01
-3.345e-01
-3.345e-01
-3.345e-01
-3.345e-01
-3.345e-01
-3.345e-01
-3.345e-01
-3.345e-01
-3.345e-01
-3.345e-01
-3.345e-01
-3.345e-01
-3.345e-01
-3.345e-01
-3.328e-01
-3.348e-01
-3.351e-01
-3.370e-01
-3.367e-01
-3.367e-01
-3.367e-01
-3.367e-01
-3.367e-01
-3.367e-01
-3.367e-01
-3.367e-01
-3.367e-01
-3.367e-01
-3.367e-01
-3.367e-01
-3.367e-01
-3.367e-01
-3.366e-01
-3.367e-01
-3.367e-01
-3.355e-01
-3.379e-01
-3.351e-01
-3.369e-01
-3.364e-01
-3.364e-01
-3.364e-01
-3.364e-01
-3.364e-01
-3.364e-01
-3.364e-01
-3.364e-01
-3.364e-01
-3.364e-01
-3.364e-01
-3.364e-01
-3.364e-01
-3.364e-01
-3.364e-01
-3.364e-01
-3.364e-01
-3.352e-01
-3.374e-01
-3.351e-01
-3.368e-01
-3.364e-01
-3.363e-01
-3.363e-01
-3.363e-01
-3.363e-01
-3.363e-01
-3.363e-01
-3.363e-01
-3.363e-01
-3.363e-01
-3.363e-01
-3.363e-01
-3.363e-01
-3.363e-01
-3.363e-01
-3.363e-01
-3.363e-01
-3.351e-01
-3.372e-01
-3.351e-01
-3.368e-01
-3.364e-01
-3.363e-01
-3.363e-01
-3.363e-01
-3.363e-01
-3.363e-01
-3.363e-01
-3.363e-01
-3.363e-01
-3.363e-01
-3.363e-01
-3.363e-01
-3.363e-01
-3.363e-01
-3.363e-01
-3.363e-01
-3.363e-01
-3.351e-01
-3.372e-01
-3.351e-01
-3.368e-01
-3.364e-01
-3.363e-01
-3.363e-01
-3.363e-01
-3.363e-01
-3.363e-01
-3.363e-01
-3.363e-01
-3.363e-01
-3.363e-01
-3.363e-01
-3.363e-01
-3.363e-01
-3.363e-01
-3.363e-01
-3.363e-01
-3.363e-01
-3.351e-01
-3.372e-01
-3.351e-01
-3.368e-01
-3.364e-01
-3.363e-01
-3.363e-01
-3.363e-01
-3.363e-01
-3.363e-01
-3.363e-01
-3.363e-01
-3.363e-01
-3.363e-01
-3.363e-01
-3.363e-01
-3.363e-01
-3.363e-01
-3.363e-01
-3.363e-01
-3.363e-01
-3.351e-01
-3.372e-01
-3.351e-01
-3.368e-01
-3.364e-01
-3.363e-01
-3.363e-01
-3.363e-01
-3.363e-01
-3.363e-01
-3.363e-01
-3.363e-01
-3.363e-01
-3.363e-01
-3.363e-01
-3.363e-01
-3.363e-01
-3.363e-01
-3.363e-01
-3.363e-01
-3.363e-01
-3.351e-01
-3.372e-01
-3.351e-01
-3.368e-01
-3.364e-01
-3.363e-01
-3.363e-01
-3.363e-01
-3.363e-01
-3.363e-01
-3.363e-01
-3.363e-01
-3.363e-01
-3.363e-01
-3.363e-01
-3.363e-01
-3.363e-01
-3.363e-01
-3.363e-01
-3.363e-01
-3.363e-01
-3.351e-01
-3.372e-01
-3.351e-01
-3.368e-01
-3.364e-01
-3.363e-01
-3.363e-01
-3.363e-01
-3.363e-01
-3.363e-01
-3.363e-01
-3.363e-01
-3.363e-01
-3.363e-01
-3.363e-01
-3.363e-01
-3.363e-01
-3.363e-01
-3.363e-01
-3.363e-01
-3.363e-01
-3.351e-01
-3.372e-01
-3.351e-01
-3.368e-01
-3.364e-01
-3.363e-01
-3.363e-01
-3.363e-01
-3.363e-01
-3.363e-01
-3.363e-01
-3.363e-01
-3.363e-01
-3.363e-01
-3.363e-01
-3.363e-01
-3.363e-01
-3.363e-01
-3.363e-01
-3.363e-01
-3.363e-01
-3.351e-01
-3.372e-01
-3.351e-01
-3.368e-01
-3.364e-01
-3.363e-01
-3.363e-01
-3.363e-01
-3.363e-01
-3.363e-01
-3.363e-01
-3.363e-01
-3.363e-01
-3.363e-01
-3.363e-01
-3.363e-01
-3.363e-01
-3.363e-01
-3.363e-01
-3.363e-01
-3.363e-01
-3.351e-01
-3.372e-01
-3.351e-01
-3.368e-01
-3.364e-01
-3.363e-01
-3.363e-01
-3.363e-01
-3.363e-01
-3.363e-01
-3.363e-01
-3.363e-01
-3.363e-01
-3.363e-01
-3.363e-01
-3.363e-01
-3.363e-01
-3.363e-01
-3.363e-01
-3.363e-01
-3.363e-01
-3.351e-01
-3.372e-01
-3.351e-01
-3.368e-01
-3.364e-01
-3.363e-01
-3.363e-01
-3.363e-01
-3.363e-01
-3.363e-01
-3.363e-01
-3.363e-01
-3.363e-01
-3.363e-01
-3.363e-01
-3.363e-01
-3.363e-01
-3.363e-01
-3.363e-01
-3.363e-01
-3.363e-01
-3.351e-01
-3.372e-01
-3.351e-01
-3.368e-01
-3.364e-01
-3.363e-01
-3.363e-01
-3.363e-01
-3.363e-01
-3.363e-01
-3.363e-01
-3.363e-01
-3.363e-01
-3.363e-01
-3.363e-01
-3.363e-01
-3.363e-01
-3.363e-01
-3.363e-01
-3.363e-01
-3.363e-01
-3.351e-01
-3.372e-01
-3.351e-01
-3.368e-01
-3.364e-01
-3.363e-01
-3.363e-01
-3.363e-01
-3.363e-01
-3.363e-01
-3.363e-01
-3.363e-01
-3.363e-01
-3.363e-01
-3.363e-01
-3.363e-01
-3.363e-01
-3.362e-01
-3.363e-01
-3.363e-01
-3.363e-01
-3.351e-01
-3.372e-01
-3.351e-01
-3.368e-01
-3.363e-01
-3.363e-01
-3.363e-01
-3.363e-01
-3.363e-01
-3.363e-01
-3.363e-01
-3.363e-01
-3.363e-01
-3.363e-01
-3.363e-01
-3.363e-01
-3.363e-01
-3.363e-01
-3.363e-01
-3.363e-01
-3.363e-01
-3.351e-01
-3.372e-01
-3.351e-01
-3.368e-01
-3.364e-01
-3.363e-01
-3.363e-01
-3.363e-01
-3.363e-01
-3.363e-01
-3.363e-01
-3.363e-01
-3.363e-01
-3.363e-01
-3.363e-01
-3.363e-01
-3.363e-01
-3.363e-01
-3.363e-01
-3.363e-01
-3.363e-01
-3.351e-01
-3.372e-01
-3.351e-01
-3.368e-01
-3.364e-01
-3.363e-01
-3.363e-01
-3.363e-01
-3.363e-01
-3.363e-01
-3.363e-01
-3.363e-01
-3.363e-01
-3.363e-01
-3.363e-01
-3.363e-01
-3.363e-01
-3.363e-01
-3.363e-01
-3.363e-01
-3.363e-01
-3.351e-01
-3.372e-01
-3.336e-01
-3.358e-01
-3.353e-01
-3.352e-01
-3.352e-01
-3.352e-01
-3.352e-01
-3.352e-01
-3.352e-01
-3.352e-01
-3.352e-01
-3.352e-01
-3.352e-01
-3.352e-01
-3.352e-01
-3.352e-01
-3.352e-01
-3.352e-01
-3.352e-01
-3.343e-01
-3.369e-01
-3.356e-01
-3.388e-01
-3.379e-01
-3.378e-01
-3.377e-01
-3.377e-01
-3.377e-01
-3.377e-01
-3.377e-01
-3.377e-01
-3.377e-01
-3.377e-01
-3.377e-01
-3.377e-01
-3.377e-01
-3.377e-01
-3.377e-01
-3.377e-01
-3.378e-01
-3.373e-01
-3.391e-01
-3.864e-01
-3.935e-01
-3.937e-01
-3.937e-01
-3.937e-01
-3.937e-01
-3.937e-01
-3.937e-01
-3.937e-01
-3.937e-01
-3.937e-01
-3.937e-01
-3.937e-01
-3.937e-01
-3.937e-01
-3.937e-01
-3.937e-01
-3.937e-01
-3.932e-01
-3.928e-01
-4.075e-01
-3.940e-01
-4.080e-01
-4.088e-01
-4.088e-01
-4.088e-01
-4.088e-01
-4.088e-01
-4.088e-01
-4.088e-01
-4.088e-01
-4.088e-01
-4.088e-01
-4.088e-01
-4.088e-01
-4.088e-01
-4.088e-01
-4.088e-01
-4.089e-01
-4.085e-01
-4.084e-01
-4.267e-01
-3.944e-01
-4.090e-01
-4.101e-01
-4.101e-01
-4.101e-01
-4.101e-01
-4.101e-01
-4.101e-01
-4.101e-01
-4.101e-01
-4.101e-01
-4.101e-01
-4.101e-01
-4.101e-01
-4.101e-01
-4.101e-01
-4.102e-01
-4.102e-01
-4.099e-01
-4.097e-01
-4.298e-01
-3.944e-01
-4.090e-01
-4.102e-01
-4.102e-01
-4.102e-01
-4.102e-01
-4.102e-01
-4.102e-01
-4.102e-01
-4.102e-01
-4.102e-01
-4.102e-01
-4.102e-01
-4.102e-01
-4.102e-01
-4.101e-01
-4.102e-01
-4.102e-01
-4.099e-01
-4.097e-01
-4.300e-01
-3.944e-01
-4.090e-01
-4.102e-01
-4.102e-01
-4.102e-01
-4.102e-01
-4.102e-01
-4.102e-01
-4.102e-01
-4.102e-01
-4.102e-01
-4.102e-01
-4.102e-01
-4.102e-01
-4.102e-01
-4.102e-01
-4.102e-01
-4.102e-01
-4.099e-01
-4.097e-01
-4.300e-01
-3.944e-01
-4.090e-01
-4.102e-01
-4.102e-01
-4.102e-01
-4.102e-01
-4.102e-01
-4.102e-01
-4.102e-01
-4.102e-01
-4.102e-01
-4.102e-01
-4.102e-01
-4.102e-01
-4.102e-01
-4.102e-01
-4.102e-01
-4.102e-01
-4.099e-01
-4.097e-01
-4.300e-01
-3.944e-01
-4.090e-01
-4.102e-01
-4.102e-01
-4.102e-01
-4.102e-01
-4.102e-01
-4.102e-01
-4.102e-01
-4.102e-01
-4.102e-01
-4.102e-01
-4.102e-01
-4.102e-01
-4.102e-01
-4.102e-01
-4.102e-01
-4.102e-01
-4.099e-01
-4.097e-01
-4.300e-01
-3.944e-01
-4.090e-01
-4.102e-01
-4.102e-01
-4.102e-01
-4.102e-01
-4.102e-01
-4.102e-01
-4.102e-01
-4.102e-01
-4.102e-01
-4.102e-01
-4.102e-01
-4.102e-01
-4.102e-01
-4.102e-01
-4.102e-01
-4.102e-01
-4.099e-01
-4.097e-01
-4.300e-01
-3.944e-01
-4.090e-01
-4.102e-01
-4.102e-01
-4.102e-01
-4.102e-01
-4.102e-01
-4.102e-01
-4.102e-01
-4.102e-01
-4.102e-01
-4.102e-01
-4.102e-01
-4.102e-01
-4.102e-01
-4.102e-01
-4.102e-01
-4.102e-01
-4.099e-01
-4.097e-01
-4.300e-01
-3.944e-01
-4.090e-01
-4.102e-01
-4.102e-01
-4.102e-01
-4.102e-01
-4.102e-01
-4.102e-01
-4.102e-01
-4.102e-01
-4.102e-01
-4.102e-01
-4.102e-01
-4.102e-01
-4.102e-01
-4.102e-01
-4.102e-01
-4.102e-01
-4.099e-01
-4.097e-01
-4.300e-01
-3.944e-01
-4.090e-01
-4.102e-01
-4.102e-01
-4.102e-01
-4.102e-01
-4.102e-01
-4.102e-01
-4.102e-01
-4.102e-01
-4.102e-01
-4.102e-01
-4.102e-01
-4.102e-01
-4.102e-01
-4.102e-01
-4.102e-01
-4.102e-01
-4.099e-01
-4.097e-01
-4.300e-01
-3.944e-01
-4.090e-01
-4.102e-01
-4.102e-01
-4.102e-01
-4.102e-01
-4.102e-01
-4.102e-01
-4.102e-01
-4.102e-01
-4.102e-01
-4.102e-01
-4.102e-01
-4.102e-01
-4.102e-01
-4.102e-01
-4.102e-01
-4.102e-01
-4.099e-01
-4.097e-01
-4.300e-01
-3.944e-01
-4.090e-01
-4.102e-01
-4.102e-01
-4.102e-01
-4.102e-01
-4.102e-01
-4.102e-01
-4.102e-01
-4.102e-01
-4.102e-01
-4.102e-01
-4.102e-01
-4.102e-01
-4.102e-01
-4.102e-01
-4.102e-01
-4.102e-01
-4.099e-01
-4.097e-01
-4.300e-01
-3.944e-01
-4.090e-01
-4.102e-01
-4.102e-01
-4.102e-01
-4.102e-01
-4.102e-01
-4.102e-01
-4.102e-01
-4.102e-01
-4.102e-01
-4.102e-01
-4.102e-01
-4.102e-01
-4.102e-01
-4.102e-01
-4.102e-01
-4.102e-01
-4.099e-01
-4.097e-01
-4.300e-01
-3.944e-01
-4.090e-01
-4.102e-01
-4.102e-01
-4.102e-01
-4.102e-01
-4.102e-01
-4.102e-01
-4.102e-01
-4.102e-01
-4.102e-01
-4.102e-01
-4.102e-01
-4.102e-01
-4.102e-01
-4.102e-01
-4.102e-01
-4.102e-01
-4.099e-01
-4.097e-01
-4.300e-01
-3.944e-01
-4.090e-01
-4.102e-01
-4.102e-01
-4.102e-01
-4.102e-01
-4.102e-01
-4.102e-01
-4.102e-01
-4.102e-01
-4.102e-01
-4.102e-01
-4.102e-01
-4.102e-01
-4.102e-01
-4.101e-01
-4.102e-01
-4.102e-01
-4.099e-01
-4.097e-01
-4.300e-01
-3.944e-01
-4.090e-01
-4.101e-01
-4.102e-01
-4.102e-01
-4.102e-01
-4.102e-01
-4.102e-01
-4.102e-01
-4.102e-01
-4.102e-01
-4.102e-01
-4.102e-01
-4.102e-01
-4.102e-01
-4.102e-01
-4.102e-01
-4.102e-01
-4.099e-01
-4.097e-01
-4.300e-01
-3.944e-01
-4.090e-01
-4.102e-01
-4.102e-01
-4.102e-01
-4.102e-01
-4.102e-01
-4.102e-01
-4.102e-01
-4.102e-01
-4.102e-01
-4.102e-01
-4.102e-01
-4.102e-01
-4.102e-01
-4.102e-01
-4.102e-01
-4.102e-01
-4.098e-01
-4.097e-01
-4.300e-01
-3.939e-01
-4.087e-01
-4.098e-01
-4.099e-01
-4.099e-01
-4.099e-01
-4.099e-01
-4.099e-01
-4.099e-01
-4.099e-01
-4.099e-01
-4.099e-01
-4.099e-01
-4.099e-01
-4.099e-01
-4.099e-01
-4.099e-01
-4.098e-01
-4.095e-01
-4.095e-01
-4.299e-01
-3.938e-01
-4.088e-01
-4.100e-01
-4.100e-01
-4.100e-01
-4.100e-01
-4.100e-01
-4.100e-01
-4.100e-01
-4.100e-01
-4.100e-01
-4.100e-01
-4.100e-01
-4.100e-01
-4.100e-01
-4.100e-01
-4.100e-01
-4.100e-01
-4.098e-01
-4.099e-01
-4.304e-01
-4.088e-01
-4.280e-01
-4.308e-01
-4.309e-01
-4.309e-01
-4.309e-01
-4.309e-01
-4.309e-01
-4.309e-01
-4.309e-01
-4.309e-01
-4.309e-01
-4.309e-01
-4.309e-01
-4.309e-01
-4.309e-01
-4.309e-01
-4.309e-01
-4.308e-01
-4.310e-01
-4.460e-01
-4.954e-01
-5.135e-01
-5.144e-01
-5.144e-01
-5.144e-01
-5.144e-01
-5.144e-01
-5.144e-01
-5.144e-01
-5.144e-01
-5.144e-01
-5.144e-01
-5.144e-01
-5.144e-01
-5.144e-01
-5.144e-01
-5.144e-01
-5.143e-01
-5.141e-01
-5.202e-01
-5.517e-01
-5.138e-01
-5.439e-01
-5.459e-01
-5.460e-01
-5.460e-01
-5.460e-01
-5.460e-01
-5.460e-01
-5.460e-01
-5.460e-01
-5.460e-01
-5.460e-01
-5.460e-01
-5.460e-01
-5.460e-01
-5.460e-01
-5.460e-01
-5.460e-01
-5.459e-01
-5.507e-01
-5.775e-01
-5.149e-01
-5.460e-01
-5.485e-01
-5.486e-01
-5.486e-01
-5.486e-01
-5.486e-01
-5.486e-01
-5.486e-01
-5.486e-01
-5.486e-01
-5.486e-01
-5.486e-01
-5.486e-01
-5.486e-01
-5.486e-01
-5.486e-01
-5.486e-01
-5.485e-01
-5.534e-01
-5.810e-01
-5.149e-01
-5.461e-01
-5.486e-01
-5.488e-01
-5.488e-01
-5.488e-01
-5.488e-01
-5.488e-01
-5.488e-01
-5.488e-01
-5.488e-01
-5.488e-01
-5.488e-01
-5.488e-01
-5.487e-01
-5.487e-01
-5.488e-01
-5.487e-01
-5.486e-01
-5.535e-01
-5.812e-01
-5.149e-01
-5.461e-01
-5.486e-01
-5.488e-01
-5.488e-01
-5.488e-01
-5.488e-01
-5.488e-01
-5.488e-01
-5.488e-01
-5.488e-01
-5.488e-01
-5.488e-01
-5.488e-01
-5.488e-01
-5.488e-01
-5.488e-01
-5.487e-01
-5.486e-01
-5.535e-01
-5.812e-01
-5.149e-01
-5.461e-01
-5.486e-01
-5.488e-01
-5.488e-01
-5.488e-01
-5.488e-01
-5.488e-01
-5.488e-01
-5.488e-01
-5.488e-01
-5.488e-01
-5.488e-01
-5.488e-01
-5.488e-01
-5.488e-01
-5.488e-01
-5.487e-01
-5.486e-01
-5.535e-01
-5.812e-01
-5.149e-01
-5.461e-01
-5.486e-01
-5.488e-01
-5.488e-01
-5.488e-01
-5.488e-01
-5.488e-01
-5.488e-01
-5.488e-01
-5.488e-01
-5.488e-01
-5.488e-01
-5.488e-01
-5.488e-01
-5.488e-01
-5.488e-01
-5.487e-01
-5.486e-01
-5.535e-01
-5.812e-01
-5.149e-01
-5.461e-01
-5.486e-01
-5.488e-01
-5.488e-01
-5.488e-01
-5.488e-01
-5.488e-01
-5.488e-01
-5.488e-01
-5.488e-01
-5.488e-01
-5.488e-01
-5.488e-01
-5.488e-01
-5.488e-01
-5.488e-01
-5.487e-01
-5.486e-01
-5.535e-01
-5.812e-01
-5.149e-01
-5.461e-01
-5.486e-01
-5.488e-01
-5.488e-01
-5.488e-01
-5.488e-01
-5.488e-01
-5.488e-01
-5.488e-01
-5.488e-01
-5.488e-01
-5.488e-01
-5.488e-01
-5.488e-01
-5.488e-01
-5.488e-01
-5.487e-01
-5.486e-01
-5.535e-01
-5.812e-01
-5.149e-01
-5.461e-01
-5.486e-01
-5.488e-01
-5.488e-01
-5.488e-01
-5.488e-01
-5.488e-01
-5.488e-01
-5.488e-01
-5.488e-01
-5.488e-01
-5.488e-01
-5.488e-01
-5.488e-01
-5.488e-01
-5.488e-01
-5.487e-01
-5.486e-01
-5.535e-01
-5.812e-01
-5.149e-01
-5.461e-01
-5.486e-01
-5.488e-01
-5.488e-01
-5.488e-01
-5.488e-01
-5.488e-01
-5.488e-01
-5.488e-01
-5.488e-01
-5.488e-01
-5.488e-01
-5.488e-01
-5.488e-01
-5.488e-01
-5.488e-01
-5.487e-01
-5.486e-01
-5.535e-01
-5.812e-01
-5.149e-01
-5.461e-01
-5.486e-01
-5.488e-01
-5.488e-01
-5.488e-01
-5.488e-01
-5.488e-01
-5.488e-01
-5.488e-01
-5.488e-01
-5.488e-01
-5.488e-01
-5.488e-01
-5.488e-01
-5.488e-01
-5.488e-01
-5.487e-01
-5.486e-01
-5.535e-01
-5.812e-01
-5.149e-01
-5.461e-01
-5.486e-01
-5.488e-01
-5.488e-01
-5.488e-01
-5.488e-01
-5.488e-01
-5.488e-01
-5.488e-01
-5.488e-01
-5.488e-01
-5.488e-01
-5.488e-01
-5.488e-01
-5.488e-01
-5.488e-01
-5.487e-01
-5.486e-01
-5.535e-01
-5.812e-01
-5.149e-01
-5.461e-01
-5.486e-01
-5.488e-01
-5.488e-01
-5.488e-01
-5.488e-01
-5.488e-01
-5.488e-01
-5.488e-01
-5.488e-01
-5.488e-01
-5.488e-01
-5.488e-01
-5.488e-01
-5.488e-01
-5.488e-01
-5.487e-01
-5.486e-01
-5.535e-01
-5.812e-01
-5.149e-01
-5.461e-01
-5.486e-01
-5.488e-01
-5.488e-01
-5.488e-01
-5.488e-01
-5.488e-01
-5.488e-01
-5.488e-01
-5.488e-01
-5.488e-01
-5.488e-01
-5.488e-01
-5.488e-01
-5.488e-01
-5.488e-01
-5.487e-01
-5.486e-01
-5.535e-01
-5.812e-01
-5.149e-01
-5.461e-01
-5.486e-01
-5.488e-01
-5.488e-01
-5.488e-01
-5.488e-01
-5.488e-01
-5.488e-01
-5.488e-01
-5.488e-01
-5.488e-01
-5.488e-01
-5.488e-01
-5.488e-01
-5.487e-01
-5.488e-01
-5.487e-01
-5.486e-01
-5.535e-01
-5.812e-01
-5.149e-01
-5.461e-01
-5.486e-01
-5.488e-01
-5.488e-01
-5.488e-01
-5.488e-01
-5.488e-01
-5.488e-01
-5.488e-01
-5.488e-01
-5.488e-01
-5.488e-01
-5.488e-01
-5.488e-01
-5.488e-01
-5.488e-01
-5.487e-01
-5.486e-01
-5.535e-01
-5.812e-01
-5.148e-01
-5.460e-01
-5.486e-01
-5.487e-01
-5.487e-01
-5.487e-01
-5.487e-01
-5.487e-01
-5.487e-01
-5.487e-01
-5.487e-01
-5.487e-01
-5.487e-01
-5.487e-01
-5.487e-01
-5.487e-01
-5.487e-01
-5.486e-01
-5.485e-01
-5.534e-01
-5.812e-01
-5.147e-01
-5.460e-01
-5.485e-01
-5.487e-01
-5.487e-01
-5.487e-01
-5.487e-01
-5.487e-01
-5.487e-01
-5.487e-01
-5.487e-01
-5.487e-01
-5.487e-01
-5.487e-01
-5.487e-01
-5.487e-01
-5.487e-01
-5.486e-01
-5.486e-01
-5.535e-01
-5.813e-01
-5.213e-01
-5.512e-01
-5.538e-01
-5.539e-01
-5.539e-01
-5.539e-01
-5.539e-01
-5.539e-01
-5.539e-01
-5.539e-01
-5.539e-01
-5.539e-01
-5.539e-01
-5.539e-01
-5.539e-01
-5.539e-01
-5.539e-01
-5.539e-01
-5.539e-01
-5.579e-01
-5.831e-01
-5.528e-01
-5.784e-01
-5.816e-01
-5.819e-01
-5.818e-01
-5.818e-01
-5.818e-01
-5.818e-01
-5.818e-01
-5.818e-01
-5.818e-01
-5.818e-01
-5.818e-01
-5.818e-01
-5.818e-01
-5.818e-01
-5.818e-01
-5.818e-01
-5.818e-01
-5.834e-01
-5.953e-01
-6.251e-01
-6.283e-01
-6.285e-01
-6.285e-01
-6.285e-01
-6.285e-01
-6.285e-01
-6.285e-01
-6.285e-01
-6.285e-01
-6.285e-01
-6.285e-01
-6.285e-01
-6.285e-01
-6.285e-01
-6.285e-01
-6.285e-01
-6.285e-01
-6.286e-01
-6.302e-01
-6.337e-01
-6.284e-01
-6.324e-01
-6.327e-01
-6.327e-01
-6.327e-01
-6.327e-01
-6.327e-01
-6.327e-01
-6.327e-01
-6.327e-01
-6.327e-01
-6.327e-01
-6.327e-01
-6.327e-01
-6.327e-01
-6.327e-01
-6.327e-01
-6.327e-01
-6.327e-01
-6.335e-01
-6.359e-01
-6.286e-01
-6.327e-01
-6.330e-01
-6.330e-01
-6.330e-01
-6.330e-01
-6.330e-01
-6.330e-01
-6.330e-01
-6.330e-01
-6.330e-01
-6.330e-01
-6.330e-01
-6.330e-01
-6.330e-01
-6.330e-01
-6.330e-01
-6.330e-01
-6.330e-01
-6.338e-01
-6.361e-01
-6.286e-01
-6.327e-01
-6.330e-01
-6.330e-01
-6.330e-01
-6.330e-01
-6.330e-01
-6.330e-01
-6.330e-01
-6.330e-01
-6.330e-01
-6.330e-01
-6.330e-01
-6.330e-01
-6.330e-01
-6.330e-01
-6.330e-01
-6.330e-01
-6.331e-01
-6.338e-01
-6.361e-01
-6.286e-01
-6.327e-01
-6.330e-01
-6.330e-01
-6.330e-01
-6.330e-01
-6.330e-01
-6.330e-01
-6.330e-01
-6.330e-01
-6.330e-01
-6.330e-01
-6.330e-01
-6.330e-01
-6.330e-01
-6.330e-01
-6.330e-01
-6.330e-01
-6.331e-01
-6.338e-01
-6.361e-01
-6.286e-01
-6.327e-01
-6.330e-01
-6.330e-01
-6.330e-01
-6.330e-01
-6.330e-01
-6.330e-01
-6.330e-01
-6.330e-01
-6.330e-01
-6.330e-01
-6.330e-01
-6.330e-01
-6.330e-01
-6.330e-01
-6.330e-01
-6.330e-01
-6.331e-01
-6.338e-01
-6.361e-01
-6.286e-01
-6.327e-01
-6.330e-01
-6.330e-01
-6.330e-01
-6.330e-01
-6.330e-01
-6.330e-01
-6.330e-01
-6.330e-01
-6.330e-01
-6.330e-01
-6.330e-01
-6.330e-01
-6.330e-01
-6.330e-01
-6.330e-01
-6.330e-01
-6.331e-01
-6.338e-01
-6.361e-01
-6.286e-01
-6.327e-01
-6.330e-01
-6.330e-01
-6.330e-01
-6.330e-01
-6.330e-01
-6.330e-01
-6.330e-01
-6.330e-01
-6.330e-01
-6.330e-01
-6.330e-01
-6.330e-01
-6.330e-01
-6.330e-01
-6.330e-01
-6.330e-01
-6.331e-01
-6.338e-01
-6.361e-01
-6.286e-01
-6.327e-01
-6.330e-01
-6.330e-01
-6.330e-01
-6.330e-01
-6.330e-01
-6.330e-01
-6.330e-01
-6.330e-01
-6.330e-01
-6.330e-01
-6.330e-01
-6.330e-01
-6.330e-01
-6.330e-01
-6.330e-01
-6.330e-01
-6.331e-01
-6.338e-01
-6.361e-01
-6.286e-01
-6.327e-01
-6.330e-01
-6.330e-01
-6.330e-01
-6.330e-01
-6.330e-01
-6.330e-01
-6.330e-01
-6.330e-01
-6.330e-01
-6.330e-01
-6.330e-01
-6.330e-01
-6.330e-01
-6.330e-01
-6.330e-01
-6.330e-01
-6.331e-01
-6.338e-01
-6.361e-01
-6.286e-01
-6.327e-01
-6.330e-01
-6.330e-01
-6.330e-01
-6.330e-01
-6.330e-01
-6.330e-01
-6.330e-01
-6.330e-01
-6.330e-01
-6.330e-01
-6.330e-01
-6.330e-01
-6.330e-01
-6.330e-01
-6.330e-01
-6.330e-01
-6.331e-01
-6.338e-01
-6.361e-01
-6.286e-01
-6.327e-01
-6.330e-01
-6.330e-01
-6.330e-01
-6.330e-01
-6.330e-01
-6.330e-01
-6.330e-01
-6.330e-01
-6.330e-01
-6.330e-01
-6.330e-01
-6.330e-01
-6.330e-01
-6.330e-01
-6.330e-01
-6.330e-01
-6.331e-01
-6.338e-01
-6.361e-01
-6.286e-01
-6.327e-01
-6.330e-01
-6.330e-01
-6.330e-01
-6.330e-01
-6.330e-01
-6.330e-01
-6.330e-01
-6.330e-01
-6.330e-01
-6.330e-01
-6.330e-01
-6.330e-01
-6.330e-01
-6.330e-01
-6.330e-01
-6.330e-01
-6.331e-01
-6.338e-01
-6.361e-01
-6.286e-01
-6.327e-01
-6.330e-01
-6.330e-01
-6.330e-01
-6.330e-01
-6.330e-01
-6.330e-01
-6.330e-01
-6.330e-01
-6.330e-01
-6.330e-01
-6.330e-01
-6.330e-01
-6.330e-01
-6.330e-01
-6.330e-01
-6.330e-01
-6.331e-01
-6.338e-01
-6.361e-01
-6.286e-01
-6.327e-01
-6.330e-01
-6.330e-01
-6.330e-01
-6.330e-01
-6.330e-01
-6.330e-01
-6.330e-01
-6.330e-01
-6.330e-01
-6.330e-01
-6.330e-01
-6.330e-01
-6.330e-01
-6.330e-01
-6.330e-01
-6.330e-01
-6.331e-01
-6.338e-01
-6.361e-01
-6.286e-01
-6.327e-01
-6.330e-01
-6.330e-01
-6.330e-01
-6.330e-01
-6.330e-01
-6.330e-01
-6.330e-01
-6.330e-01
-6.330e-01
-6.330e-01
-6.330e-01
-6.330e-01
-6.330e-01
-6.330e-01
-6.330e-01
-6.330e-01
-6.331e-01
-6.338e-01
-6.361e-01
-6.286e-01
-6.327e-01
-6.330e-01
-6.330e-01
-6.330e-01
-6.330e-01
-6.330e-01
-6.330e-01
-6.330e-01
-6.330e-01
-6.330e-01
-6.330e-01
-6.330e-01
-6.330e-01
-6.330e-01
-6.330e-01
-6.330e-01
-6.330e-01
-6.330e-01
-6.338e-01
-6.361e-01
-6.286e-01
-6.327e-01
-6.330e-01
-6.330e-01
-6.330e-01
-6.330e-01
-6.330e-01
-6.330e-01
-6.330e-01
-6.330e-01
-6.330e-01
-6.330e-01
-6.330e-01
-6.330e-01
-6.330e-01
-6.330e-01
-6.330e-01
-6.330e-01
-6.330e-01
-6.338e-01
-6.361e-01
-6.287e-01
-6.327e-01
-6.330e-01
-6.331e-01
-6.331e-01
-6.331e-01
-6.331e-01
-6.331e-01
-6.331e-01
-6.331e-01
-6.331e-01
-6.331e-01
-6.331e-01
-6.331e-01
-6.331e-01
-6.331e-01
-6.331e-01
-6.331e-01
-6.331e-01
-6.338e-01
-6.361e-01
-6.303e-01
-6.336e-01
-6.338e-01
-6.338e-01
-6.338e-01
-6.338e-01
-6.338e-01
-6.338e-01
-6.338e-01
-6.338e-01
-6.338e-01
-6.338e-01
-6.338e-01
-6.338e-01
-6.338e-01
-6.338e-01
-6.338e-01
-6.338e-01
-6.338e-01
-6.345e-01
-6.363e-01
-6.339e-01
-6.360e-01
-6.361e-01
-6.362e-01
-6.362e-01
-6.362e-01
-6.362e-01
-6.362e-01
-6.362e-01
-6.362e-01
-6.362e-01
-6.362e-01
-6.362e-01
-6.362e-01
-6.362e-01
-6.362e-01
-6.362e-01
-6.362e-01
-6.362e-01
-6.364e-01
-6.372e-01
-6.449e-01
-6.406e-01
-6.406e-01
-6.406e-01
-6.406e-01
-6.406e-01
-6.406e-01
-6.406e-01
-6.406e-01
-6.406e-01
-6.406e-01
-6.406e-01
-6.406e-01
-6.406e-01
-6.406e-01
-6.406e-01
-6.406e-01
-6.406e-01
-6.406e-01
-6.406e-01
-6.335e-01
-6.406e-01
-6.334e-01
-6.334e-01
-6.334e-01
-6.334e-01
-6.334e-01
-6.334e-01
-6.334e-01
-6.334e-01
-6.334e-01
-6.334e-01
-6.334e-01
-6.334e-01
-6.334e-01
-6.334e-01
-6.334e-01
-6.334e-01
-6.334e-01
-6.334e-01
-6.334e-01
-6.281e-01
-6.406e-01
-6.334e-01
-6.334e-01
-6.334e-01
-6.334e-01
-6.334e-01
-6.334e-01
-6.334e-01
-6.334e-01
-6.334e-01
-6.334e-01
-6.334e-01
-6.334e-01
-6.334e-01
-6.334e-01
-6.334e-01
-6.334e-01
-6.334e-01
-6.334e-01
-6.334e-01
-6.281e-01
-6.406e-01
-6.334e-01
-6.334e-01
-6.334e-01
-6.334e-01
-6.334e-01
-6.334e-01
-6.334e-01
-6.334e-01
-6.334e-01
-6.334e-01
-6.334e-01
-6.334e-01
-6.334e-01
-6.334e-01
-6.334e-01
-6.334e-01
-6.334e-01
-6.334e-01
-6.334e-01
-6.281e-01
-6.406e-01
-6.334e-01
-6.334e-01
-6.334e-01
-6.334e-01
-6.334e-01
-6.334e-01
-6.334e-01
-6.334e-01
-6.334e-01
-6.334e-01
-6.334e-01
-6.334e-01
-6.334e-01
-6.334e-01
-6.334e-01
-6.334e-01
-6.334e-01
-6.334e-01
-6.334e-01
-6.281e-01
-6.406e-01
-6.334e-01
-6.334e-01
-6.334e-01
-6.334e-01
-6.334e-01
-6.334e-01
-6.334e-01
-6.334e-01
-6.334e-01
-6.334e-01
-6.334e-01
-6.334e-01
-6.334e-01
-6.334e-01
-6.334e-01
-6.334e-01
-6.334e-01
-6.334e-01
-6.334e-01
-6.281e-01
-6.406e-01
-6.334e-01
-6.334e-01
-6.334e-01
-6.334e-01
-6.334e-01
-6.334e-01
-6.334e-01
-6.334e-01
-6.334e-01
-6.334e-01
-6.334e-01
-6.334e-01
-6.334e-01
-6.334e-01
-6.334e-01
-6.334e-01
-6.334e-01
-6.334e-01
-6.334e-01
-6.281e-01
-6.406e-01
-6.334e-01
-6.334e-01
-6.334e-01
-6.334e-01
-6.334e-01
-6.334e-01
-6.334e-01
-6.334e-01
-6.334e-01
-6.334e-01
-6.334e-01
-6.334e-01
-6.334e-01
-6.334e-01
-6.334e-01
-6.334e-01
-6.334e-01
-6.334e-01
-6.334e-01
-6.281e-01
-6.406e-01
-6.334e-01
-6.334e-01
-6.334e-01
-6.334e-01
-6.334e-01
-6.334e-01
-6.334e-01
-6.334e-01
-6.334e-01
-6.334e-01
-6.334e-01
-6.334e-01
-6.334e-01
-6.334e-01
-6.334e-01
-6.334e-01
-6.334e-01
-6.334e-01
-6.334e-01
-6.281e-01
-6.406e-01
-6.334e-01
-6.334e-01
-6.334e-01
-6.334e-01
-6.334e-01
-6.334e-01
-6.334e-01
-6.334e-01
-6.334e-01
-6.334e-01
-6.334e-01
-6.334e-01
-6.334e-01
-6.334e-01
-6.334e-01
-6.334e-01
-6.334e-01
-6.334e-01
-6.334e-01
-6.281e-01
-6.406e-01
-6.334e-01
-6.334e-01
-6.334e-01
-6.334e-01
-6.334e-01
-6.334e-01
-6.334e-01
-6.334e-01
-6.334e-01
-6.334e-01
-6.334e-01
-6.334e-01
-6.334e-01
-6.334e-01
-6.334e-01
-6.334e-01
-6.334e-01
-6.334e-01
-6.334e-01
-6.281e-01
-6.406e-01
-6.334e-01
-6.334e-01
-6.334e-01
-6.334e-01
-6.334e-01
-6.334e-01
-6.334e-01
-6.334e-01
-6.334e-01
-6.334e-01
-6.334e-01
-6.334e-01
-6.334e-01
-6.334e-01
-6.334e-01
-6.334e-01
-6.334e-01
-6.334e-01
-6.334e-01
-6.281e-01
-6.406e-01
-6.334e-01
-6.334e-01
-6.334e-01
-6.334e-01
-6.334e-01
-6.334e-01
-6.334e-01
-6.334e-01
-6.334e-01
-6.334e-01
-6.334e-01
-6.334e-01
-6.334e-01
-6.334e-01
-6.334e-01
-6.334e-01
-6.334e-01
-6.334e-01
-6.334e-01
-6.281e-01
-6.406e-01
-6.334e-01
-6.334e-01
-6.334e-01
-6.334e-01
-6.334e-01
-6.334e-01
-6.334e-01
-6.334e-01
-6.334e-01
-6.334e-01
-6.334e-01
-6.334e-01
-6.334e-01
-6.334e-01
-6.334e-01
-6.334e-01
-6.334e-01
-6.334e-01
-6.334e-01
-6.281e-01
-6.406e-01
-6.334e-01
-6.334e-01
-6.334e-01
-6.334e-01
-6.334e-01
-6.334e-01
-6.334e-01
-6.334e-01
-6.334e-01
-6.334e-01
-6.334e-01
-6.334e-01
-6.334e-01
-6.334e-01
-6.334e-01
-6.334e-01
-6.334e-01
-6.334e-01
-6.334e-01
-6.281e-01
-6.406e-01
-6.334e-01
-6.334e-01
-6.334e-01
-6.334e-01
-6.334e-01
-6.334e-01
-6.334e-01
-6.334e-01
-6.334e-01
-6.334e-01
-6.334e-01
-6.334e-01
-6.334e-01
-6.334e-01
-6.334e-01
-6.334e-01
-6.334e-01
-6.334e-01
-6.334e-01
-6.281e-01
-6.406e-01
-6.334e-01
-6.334e-01
-6.334e-01
-6.334e-01
-6.334e-01
-6.334e-01
-6.334e-01
-6.334e-01
-6.334e-01
-6.334e-01
-6.334e-01
-6.334e-01
-6.334e-01
-6.334e-01
-6.334e-01
-6.334e-01
-6.334e-01
-6.334e-01
-6.334e-01
-6.281e-01
-6.406e-01
-6.334e-01
-6.334e-01
-6.334e-01
-6.334e-01
-6.334e-01
-6.334e-01
-6.334e-01
-6.334e-01
-6.334e-01
-6.334e-01
-6.334e-01
-6.334e-01
-6.334e-01
-6.334e-01
-6.334e-01
-6.334e-01
-6.334e-01
-6.334e-01
-6.334e-01
-6.281e-01
-6.406e-01
-6.334e-01
-6.334e-01
-6.334e-01
-6.334e-01
-6.334e-01
-6.334e-01
-6.334e-01
-6.334e-01
-6.334e-01
-6.334e-01
-6.334e-01
-6.334e-01
-6.334e-01
-6.334e-01
-6.334e-01
-6.334e-01
-6.334e-01
-6.334e-01
-6.334e-01
-6.281e-01
-6.406e-01
-6.334e-01
-6.334e-01
-6.334e-01
-6.334e-01
-6.334e-01
-6.334e-01
-6.334e-01
-6.334e-01
-6.334e-01
-6.334e-01
-6.334e-01
-6.334e-01
-6.334e-01
-6.334e-01
-6.334e-01
-6.334e-01
-6.334e-01
-6.334e-01
-6.335e-01
-6.281e-01
-6.335e-01
-6.281e-01
-6.281e-01
-6.281e-01
-6.281e-01
-6.281e-01
-6.281e-01
-6.281e-01
-6.281e-01
-6.281e-01
-6.281e-01
-6.281e-01
-6.281e-01
-6.281e-01
-6.281e-01
-6.281e-01
-6.281e-01
-6.281e-01
-6.281e-01
-6.281e-01
-6.257e-01
-6.197e-01
-6.197e-01
-6.197e-01
-6.197e-01
-6.197e-01
-6.197e-01
-6.197e-01
-6.197e-01
-6.197e-01
-6.197e-01
-6.197e-01
-6.197e-01
-6.197e-01
-6.197e-01
-6.197e-01
-6.197e-01
-6.197e-01
-6.197e-01
-6.197e-01
-6.197e-01
-6.196e-01
-6.197e-01
-6.196e-01
-6.196e-01
-6.196e-01
-6.196e-01
-6.196e-01
-6.196e-01
-6.196e-01
-6.196e-01
-6.196e-01
-6.196e-01
-6.196e-01
-6.196e-01
-6.196e-01
-6.196e-01
-6.196e-01
-6.196e-01
-6.196e-01
-6.196e-01
-6.196e-01
-6.195e-01
-6.197e-01
-6.196e-01
-6.196e-01
-6.196e-01
-6.196e-01
-6.196e-01
-6.196e-01
-6.196e-01
-6.196e-01
-6.196e-01
-6.196e-01
-6.196e-01
-6.196e-01
-6.196e-01
-6.196e-01
-6.196e-01
-6.196e-01
-6.196e-01
-6.196e-01
-6.196e-01
-6.195e-01
-6.197e-01
-6.196e-01
-6.196e-01
-6.196e-01
-6.196e-01
-6.196e-01
-6.196e-01
-6.196e-01
-6.196e-01
-6.196e-01
-6.196e-01
-6.196e-01
-6.196e-01
-6.196e-01
-6.196e-01
-6.196e-01
-6.196e-01
-6.196e-01
-6.196e-01
-6.196e-01
-6.195e-01
-6.197e-01
-6.196e-01
-6.196e-01
-6.196e-01
-6.196e-01
-6.196e-01
-6.196e-01
-6.196e-01
-6.196e-01
-6.196e-01
-6.196e-01
-6.196e-01
-6.196e-01
-6.196e-01
-6.196e-01
-6.196e-01
-6.196e-01
-6.196e-01
-6.196e-01
-6.196e-01
-6.195e-01
-6.197e-01
-6.196e-01
-6.196e-01
-6.196e-01
-6.196e-01
-6.196e-01
-6.196e-01
-6.196e-01
-6.196e-01
-6.196e-01
-6.196e-01
-6.196e-01
-6.196e-01
-6.196e-01
-6.196e-01
-6.196e-01
-6.196e-01
-6.196e-01
-6.196e-01
-6.196e-01
-6.195e-01
-6.197e-01
-6.196e-01
-6.196e-01
-6.196e-01
-6.196e-01
-6.196e-01
-6.196e-01
-6.196e-01
-6.196e-01
-6.196e-01
-6.196e-01
-6.196e-01
-6.196e-01
-6.196e-01
-6.196e-01
-6.196e-01
-6.196e-01
-6.196e-01
-6.196e-01
-6.196e-01
-6.195e-01
-6.197e-01
-6.196e-01
-6.196e-01
-6.196e-01
-6.196e-01
-6.196e-01
-6.196e-01
-6.196e-01
-6.196e-01
-6.196e-01
-6.196e-01
-6.196e-01
-6.196e-01
-6.196e-01
-6.196e-01
-6.196e-01
-6.196e-01
-6.196e-01
-6.196e-01
-6.196e-01
-6.195e-01
-6.197e-01
-6.196e-01
-6.196e-01
-6.196e-01
-6.196e-01
-6.196e-01
-6.196e-01
-6.196e-01
-6.196e-01
-6.196e-01
-6.196e-01
-6.196e-01
-6.196e-01
-6.196e-01
-6.196e-01
-6.196e-01
-6.196e-01
-6.196e-01
-6.196e-01
-6.196e-01
-6.195e-01
-6.197e-01
-6.196e-01
-6.196e-01
-6.196e-01
-6.196e-01
-6.196e-01
-6.196e-01
-6.196e-01
-6.196e-01
-6.196e-01
-6.196e-01
-6.196e-01
-6.196e-01
-6.196e-01
-6.196e-01
-6.196e-01
-6.196e-01
-6.196e-01
-6.196e-01
-6.196e-01
-6.195e-01
-6.197e-01
-6.196e-01
-6.196e-01
-6.196e-01
-6.196e-01
-6.196e-01
-6.196e-01
-6.196e-01
-6.196e-01
-6.196e-01
-6.196e-01
-6.196e-01
-6.196e-01
-6.196e-01
-6.196e-01
-6.196e-01
-6.196e-01
-6.196e-01
-6.196e-01
-6.196e-01
-6.195e-01
-6.197e-01
-6.196e-01
-6.196e-01
-6.196e-01
-6.196e-01
-6.196e-01
-6.196e-01
-6.196e-01
-6.196e-01
-6.196e-01
-6.196e-01
-6.196e-01
-6.196e-01
-6.196e-01
-6.196e-01
-6.196e-01
-6.196e-01
-6.196e-01
-6.196e-01
-6.196e-01
-6.195e-01
-6.197e-01
-6.196e-01
-6.196e-01
-6.196e-01
-6.196e-01
-6.196e-01
-6.196e-01
-6.196e-01
-6.196e-01
-6.196e-01
-6.196e-01
-6.196e-01
-6.196e-01
-6.196e-01
-6.196e-01
-6.196e-01
-6.196e-01
-6.196e-01
-6.196e-01
-6.196e-01
-6.195e-01
-6.197e-01
-6.196e-01
-6.196e-01
-6.196e-01
-6.196e-01
-6.196e-01
-6.196e-01
-6.196e-01
-6.196e-01
-6.196e-01
-6.196e-01
-6.196e-01
-6.196e-01
-6.196e-01
-6.196e-01
-6.196e-01
-6.196e-01
-6.196e-01
-6.196e-01
-6.196e-01
-6.195e-01
-6.197e-01
-6.196e-01
-6.196e-01
-6.196e-01
-6.196e-01
-6.196e-01
-6.196e-01
-6.196e-01
-6.196e-01
-6.196e-01
-6.196e-01
-6.196e-01
-6.196e-01
-6.196e-01
-6.196e-01
-6.196e-01
-6.196e-01
-6.196e-01
-6.196e-01
-6.196e-01
-6.195e-01
-6.197e-01
-6.196e-01
-6.196e-01
-6.196e-01
-6.196e-01
-6.196e-01
-6.196e-01
-6.196e-01
-6.196e-01
-6.196e-01
-6.196e-01
-6.196e-01
-6.196e-01
-6.196e-01
-6.196e-01
-6.196e-01
-6.196e-01
-6.196e-01
-6.196e-01
-6.196e-01
-6.195e-01
-6.197e-01
-6.196e-01
-6.196e-01
-6.196e-01
-6.196e-01
-6.196e-01
-6.196e-01
-6.196e-01
-6.196e-01
-6.196e-01
-6.196e-01
-6.196e-01
-6.196e-01
-6.196e-01
-6.196e-01
-6.196e-01
-6.196e-01
-6.196e-01
-6.196e-01
-6.196e-01
-6.195e-01
-6.197e-01
-6.196e-01
-6.196e-01
-6.196e-01
-6.196e-01
-6.196e-01
-6.196e-01
-6.196e-01
-6.196e-01
-6.196e-01
-6.196e-01
-6.196e-01
-6.196e-01
-6.196e-01
-6.196e-01
-6.196e-01
-6.196e-01
-6.196e-01
-6.196e-01
-6.196e-01
-6.195e-01
-6.197e-01
-6.196e-01
-6.196e-01
-6.196e-01
-6.196e-01
-6.196e-01
-6.196e-01
-6.196e-01
-6.196e-01
-6.196e-01
-6.196e-01
-6.196e-01
-6.196e-01
-6.196e-01
-6.196e-01
-6.196e-01
-6.196e-01
-6.196e-01
-6.196e-01
-6.196e-01
-6.195e-01
-6.196e-01
-6.196e-01
-6.196e-01
-6.196e-01
-6.196e-01
-6.196e-01
-6.196e-01
-6.196e-01
-6.196e-01
-6.196e-01
-6.196e-01
-6.196e-01
-6.196e-01
-6.196e-01
-6.196e-01
-6.196e-01
-6.196e-01
-6.196e-01
-6.196e-01
-6.196e-01
-6.195e-01
-6.196e-01
-6.195e-01
-6.195e-01
-6.195e-01
-6.195e-01
-6.195e-01
-6.195e-01
-6.195e-01
-6.195e-01
-6.195e-01
-6.195e-01
-6.195e-01
-6.195e-01
-6.195e-01
-6.195e-01
-6.195e-01
-6.195e-01
-6.195e-01
-6.195e-01
-6.195e-01
-6.195e-01
-6.127e-01
-6.113e-01
-6.113e-01
-6.113e-01
-6.113e-01
-6.113e-01
-6.113e-01
-6.113e-01
-6.113e-01
-6.113e-01
-6.113e-01
-6.113e-01
-6.113e-01
-6.113e-01
-6.113e-01
-6.113e-01
-6.113e-01
-6.113e-01
-6.113e-01
-6.113e-01
-6.090e-01
-6.113e-01
-6.090e-01
-6.090e-01
-6.090e-01
-6.090e-01
-6.090e-01
-6.090e-01
-6.090e-01
-6.090e-01
-6.090e-01
-6.090e-01
-6.090e-01
-6.090e-01
-6.090e-01
-6.090e-01
-6.090e-01
-6.090e-01
-6.090e-01
-6.090e-01
-6.090e-01
-6.070e-01
-6.113e-01
-6.090e-01
-6.090e-01
-6.090e-01
-6.090e-01
-6.090e-01
-6.090e-01
-6.090e-01
-6.090e-01
-6.090e-01
-6.090e-01
-6.090e-01
-6.090e-01
-6.090e-01
-6.090e-01
-6.090e-01
-6.090e-01
-6.090e-01
-6.090e-01
-6.090e-01
-6.070e-01
-6.113e-01
-6.090e-01
-6.090e-01
-6.090e-01
-6.090e-01
-6.090e-01
-6.090e-01
-6.090e-01
-6.090e-01
-6.090e-01
-6.090e-01
-6.090e-01
-6.090e-01
-6.090e-01
-6.090e-01
-6.090e-01
-6.090e-01
-6.090e-01
-6.090e-01
-6.090e-01
-6.070e-01
-6.113e-01
-6.090e-01
-6.090e-01
-6.090e-01
-6.090e-01
-6.090e-01
-6.090e-01
-6.090e-01
-6.090e-01
-6.090e-01
-6.090e-01
-6.090e-01
-6.090e-01
-6.090e-01
-6.090e-01
-6.090e-01
-6.090e-01
-6.090e-01
-6.090e-01
-6.090e-01
-6.070e-01
-6.113e-01
-6.090e-01
-6.090e-01
-6.090e-01
-6.090e-01
-6.090e-01
-6.090e-01
-6.090e-01
-6.090e-01
-6.090e-01
-6.090e-01
-6.090e-01
-6.090e-01
-6.090e-01
-6.090e-01
-6.090e-01
-6.090e-01
-6.090e-01
-6.090e-01
-6.090e-01
-6.070e-01
-6.113e-01
-6.090e-01
-6.090e-01
-6.090e-01
-6.090e-01
-6.090e-01
-6.090e-01
-6.090e-01
-6.090e-01
-6.090e-01
-6.090e-01
-6.090e-01
-6.090e-01
-6.090e-01
-6.090e-01
-6.090e-01
-6.090e-01
-6.090e-01
-6.090e-01
-6.090e-01
-6.070e-01
-6.113e-01
-6.090e-01
-6.090e-01
-6.090e-01
-6.090e-01
-6.090e-01
-6.090e-01
-6.090e-01
-6.090e-01
-6.090e-01
-6.090e-01
-6.090e-01
-6.090e-01
-6.090e-01
-6.090e-01
-6.090e-01
-6.090e-01
-6.090e-01
-6.090e-01
-6.090e-01
-6.070e-01
-6.113e-01
-6.090e-01
-6.090e-01
-6.090e-01
-6.090e-01
-6.090e-01
-6.090e-01
-6.090e-01
-6.090e-01
-6.090e-01
-6.090e-01
-6.090e-01
-6.090e-01
-6.090e-01
-6.090e-01
-6.090e-01
-6.090e-01
-6.090e-01
-6.090e-01
-6.090e-01
-6.070e-01
-6.113e-01
-6.090e-01
-6.090e-01
-6.090e-01
-6.090e-01
-6.090e-01
-6.090e-01
-6.090e-01
-6.090e-01
-6.090e-01
-6.090e-01
-6.090e-01
-6.090e-01
-6.090e-01
-6.090e-01
-6.090e-01
-6.090e-01
-6.090e-01
-6.090e-01
-6.090e-01
-6.070e-01
-6.113e-01
-6.090e-01
-6.090e-01
-6.090e-01
-6.090e-01
-6.090e-01
-6.090e-01
-6.090e-01
-6.090e-01
-6.090e-01
-6.090e-01
-6.090e-01
-6.090e-01
-6.090e-01
-6.090e-01
-6.090e-01
-6.090e-01
-6.090e-01
-6.090e-01
-6.090e-01
-6.070e-01
-6.113e-01
-6.090e-01
-6.090e-01
-6.090e-01
-6.090e-01
-6.090e-01
-6.090e-01
-6.090e-01
-6.090e-01
-6.090e-01
-6.090e-01
-6.090e-01
-6.090e-01
-6.090e-01
-6.090e-01
-6.090e-01
-6.090e-01
-6.090e-01
-6.090e-01
-6.090e-01
-6.070e-01
-6.113e-01
-6.090e-01
-6.090e-01
-6.090e-01
-6.090e-01
-6.090e-01
-6.090e-01
-6.090e-01
-6.090e-01
-6.090e-01
-6.090e-01
-6.090e-01
-6.090e-01
-6.090e-01
-6.090e-01
-6.090e-01
-6.090e-01
-6.090e-01
-6.090e-01
-6.090e-01
-6.070e-01
-6.113e-01
-6.090e-01
-6.090e-01
-6.090e-01
-6.090e-01
-6.090e-01
-6.090e-01
-6.090e-01
-6.090e-01
-6.090e-01
-6.090e-01
-6.090e-01
-6.090e-01
-6.090e-01
-6.090e-01
-6.090e-01
-6.090e-01
-6.090e-01
-6.090e-01
-6.090e-01
-6.070e-01
-6.113e-01
-6.090e-01
-6.090e-01
-6.090e-01
-6.090e-01
-6.090e-01
-6.090e-01
-6.090e-01
-6.090e-01
-6.090e-01
-6.090e-01
-6.090e-01
-6.090e-01
-6.090e-01
-6.090e-01
-6.090e-01
-6.090e-01
-6.090e-01
-6.090e-01
-6.090e-01
-6.070e-01
-6.113e-01
-6.090e-01
-6.090e-01
-6.090e-01
-6.090e-01
-6.090e-01
-6.090e-01
-6.090e-01
-6.090e-01
-6.090e-01
-6.090e-01
-6.090e-01
-6.090e-01
-6.090e-01
-6.090e-01
-6.090e-01
-6.090e-01
-6.090e-01
-6.090e-01
-6.090e-01
-6.070e-01
-6.113e-01
-6.090e-01
-6.090e-01
-6.090e-01
-6.090e-01
-6.090e-01
-6.090e-01
-6.090e-01
-6.090e-01
-6.090e-01
-6.090e-01
-6.090e-01
-6.090e-01
-6.090e-01
-6.090e-01
-6.090e-01
-6.090e-01
-6.090e-01
-6.090e-01
-6.090e-01
-6.070e-01
-6.113e-01
-6.090e-01
-6.090e-01
-6.090e-01
-6.090e-01
-6.090e-01
-6.090e-01
-6.090e-01
-6.090e-01
-6.090e-01
-6.090e-01
-6.090e-01
-6.090e-01
-6.090e-01
-6.090e-01
-6.090e-01
-6.090e-01
-6.090e-01
-6.090e-01
-6.090e-01
-6.070e-01
-6.113e-01
-6.090e-01
-6.090e-01
-6.090e-01
-6.090e-01
-6.090e-01
-6.090e-01
-6.090e-01
-6.090e-01
-6.090e-01
-6.090e-01
-6.090e-01
-6.090e-01
-6.090e-01
-6.090e-01
-6.090e-01
-6.090e-01
-6.090e-01
-6.090e-01
-6.090e-01
-6.070e-01
-6.113e-01
-6.090e-01
-6.090e-01
-6.090e-01
-6.090e-01
-6.090e-01
-6.090e-01
-6.090e-01
-6.090e-01
-6.090e-01
-6.090e-01
-6.090e-01
-6.090e-01
-6.090e-01
-6.090e-01
-6.090e-01
-6.090e-01
-6.090e-01
-6.090e-01
-6.090e-01
-6.070e-01
-6.090e-01
-6.070e-01
-6.070e-01
-6.070e-01
-6.070e-01
-6.070e-01
-6.070e-01
-6.070e-01
-6.070e-01
-6.070e-01
-6.070e-01
-6.070e-01
-6.070e-01
-6.070e-01
-6.070e-01
-6.070e-01
-6.070e-01
-6.070e-01
-6.070e-01
-6.070e-01
-6.062e-01
-5.948e-01
-5.947e-01
-5.947e-01
-5.947e-01
-5.947e-01
-5.947e-01
-5.947e-01
-5.947e-01
-5.947e-01
-5.947e-01
-5.947e-01
-5.947e-01
-5.947e-01
-5.947e-01
-5.947e-01
-5.947e-01
-5.947e-01
-5.947e-01
-5.947e-01
-5.947e-01
-5.947e-01
-5.947e-01
-5.947e-01
-5.947e-01
-5.947e-01
-5.947e-01
-5.947e-01
-5.947e-01
-5.947e-01
-5.947e-01
-5.947e-01
-5.947e-01
-5.947e-01
-5.947e-01
-5.947e-01
-5.947e-01
-5.947e-01
-5.947e-01
-5.947e-01
-5.947e-01
-5.947e-01
-5.947e-01
-5.947e-01
-5.947e-01
-5.947e-01
-5.947e-01
-5.947e-01
-5.947e-01
-5.947e-01
-5.947e-01
-5.947e-01
-5.947e-01
-5.947e-01
-5.947e-01
-5.947e-01
-5.947e-01
-5.947e-01
-5.947e-01
-5.947e-01
-5.947e-01
-5.947e-01
-5.947e-01
-5.947e-01
-5.947e-01
-5.947e-01
-5.947e-01
-5.947e-01
-5.947e-01
-5.947e-01
-5.947e-01
-5.947e-01
-5.947e-01
-5.947e-01
-5.947e-01
-5.947e-01
-5.947e-01
-5.947e-01
-5.947e-01
-5.947e-01
-5.947e-01
-5.947e-01
-5.947e-01
-5.947e-01
-5.947e-01
-5.947e-01
-5.947e-01
-5.947e-01
-5.947e-01
-5.947e-01
-5.947e-01
-5.947e-01
-5.947e-01
-5.947e-01
-5.947e-01
-5.947e-01
-5.947e-01
-5.947e-01
-5.947e-01
-5.947e-01
-5.947e-01
-5.947e-01
-5.947e-01
-5.947e-01
-5.947e-01
-5.947e-01
-5.947e-01
-5.947e-01
-5.947e-01
-5.947e-01
-5.947e-01
-5.947e-01
-5.947e-01
-5.947e-01
-5.947e-01
-5.947e-01
-5.947e-01
-5.947e-01
-5.947e-01
-5.947e-01
-5.947e-01
-5.947e-01
-5.947e-01
-5.947e-01
-5.947e-01
-5.947e-01
-5.947e-01
-5.947e-01
-5.947e-01
-5.947e-01
-5.947e-01
-5.947e-01
-5.947e-01
-5.947e-01
-5.947e-01
-5.947e-01
-5.947e-01
-5.947e-01
-5.947e-01
-5.947e-01
-5.947e-01
-5.947e-01
-5.947e-01
-5.947e-01
-5.947e-01
-5.947e-01
-5.947e-01
-5.947e-01
-5.947e-01
-5.947e-01
-5.947e-01
-5.947e-01
-5.947e-01
-5.947e-01
-5.947e-01
-5.947e-01
-5.947e-01
-5.947e-01
-5.947e-01
-5.947e-01
-5.947e-01
-5.947e-01
-5.947e-01
-5.947e-01
-5.947e-01
-5.947e-01
-5.947e-01
-5.947e-01
-5.947e-01
-5.947e-01
-5.947e-01
-5.947e-01
-5.947e-01
-5.947e-01
-5.947e-01
-5.947e-01
-5.947e-01
-5.947e-01
-5.947e-01
-5.947e-01
-5.947e-01
-5.947e-01
-5.947e-01
-5.947e-01
-5.947e-01
-5.947e-01
-5.947e-01
-5.947e-01
-5.947e-01
-5.947e-01
-5.947e-01
-5.947e-01
-5.947e-01
-5.947e-01
-5.947e-01
-5.947e-01
-5.947e-01
-5.947e-01
-5.947e-01
-5.947e-01
-5.947e-01
-5.947e-01
-5.947e-01
-5.947e-01
-5.947e-01
-5.947e-01
-5.947e-01
-5.947e-01
-5.947e-01
-5.947e-01
-5.947e-01
-5.947e-01
-5.947e-01
-5.947e-01
-5.947e-01
-5.947e-01
-5.947e-01
-5.947e-01
-5.947e-01
-5.947e-01
-5.947e-01
-5.947e-01
-5.947e-01
-5.947e-01
-5.947e-01
-5.947e-01
-5.947e-01
-5.947e-01
-5.947e-01
-5.947e-01
-5.947e-01
-5.947e-01
-5.947e-01
-5.947e-01
-5.947e-01
-5.947e-01
-5.947e-01
-5.947e-01
-5.947e-01
-5.947e-01
-5.947e-01
-5.947e-01
-5.947e-01
-5.947e-01
-5.947e-01
-5.947e-01
-5.947e-01
-5.947e-01
-5.947e-01
-5.947e-01
-5.947e-01
-5.947e-01
-5.947e-01
-5.947e-01
-5.947e-01
-5.947e-01
-5.947e-01
-5.947e-01
-5.947e-01
-5.947e-01
-5.947e-01
-5.947e-01
-5.947e-01
-5.947e-01
-5.947e-01
-5.947e-01
-5.947e-01
-5.947e-01
-5.947e-01
-5.947e-01
-5.947e-01
-5.947e-01
-5.947e-01
-5.947e-01
-5.947e-01
-5.947e-01
-5.947e-01
-5.947e-01
-5.947e-01
-5.947e-01
-5.947e-01
-5.947e-01
-5.947e-01
-5.947e-01
-5.947e-01
-5.947e-01
-5.947e-01
-5.947e-01
-5.947e-01
-5.947e-01
-5.947e-01
-5.947e-01
-5.947e-01
-5.947e-01
-5.947e-01
-5.947e-01
-5.947e-01
-5.947e-01
-5.947e-01
-5.947e-01
-5.947e-01
-5.947e-01
-5.947e-01
-5.947e-01
-5.947e-01
-5.947e-01
-5.947e-01
-5.947e-01
-5.947e-01
-5.947e-01
-5.947e-01
-5.947e-01
-5.947e-01
-5.947e-01
-5.947e-01
-5.947e-01
-5.947e-01
-5.947e-01
-5.947e-01
-5.947e-01
-5.947e-01
-5.947e-01
-5.947e-01
-5.947e-01
-5.947e-01
-5.947e-01
-5.947e-01
-5.947e-01
-5.947e-01
-5.947e-01
-5.947e-01
-5.947e-01
-5.947e-01
-5.947e-01
-5.947e-01
-5.947e-01
-5.947e-01
-5.947e-01
-5.947e-01
-5.947e-01
-5.947e-01
-5.947e-01
-5.947e-01
-5.947e-01
-5.947e-01
-5.947e-01
-5.947e-01
-5.947e-01
-5.947e-01
-5.947e-01
-5.947e-01
-5.947e-01
-5.947e-01
-5.947e-01
-5.947e-01
-5.947e-01
-5.947e-01
-5.947e-01
-5.947e-01
-5.947e-01
-5.947e-01
-5.947e-01
-5.947e-01
-5.947e-01
-5.947e-01
-5.947e-01
-5.947e-01
-5.947e-01
-5.947e-01
-5.947e-01
-5.947e-01
-5.947e-01
-5.947e-01
-5.947e-01
-5.947e-01
-5.947e-01
-5.947e-01
-5.947e-01
-5.947e-01
-5.947e-01
-5.947e-01
-5.947e-01
-5.947e-01
-5.947e-01
-5.947e-01
-5.947e-01
-5.947e-01
-5.947e-01
-5.947e-01
-5.947e-01
-5.947e-01
-5.947e-01
-5.947e-01
-5.947e-01
-5.947e-01
-5.947e-01
-5.947e-01
-5.947e-01
-5.947e-01
-5.947e-01
-5.947e-01
-5.947e-01
-5.947e-01
-5.947e-01
-5.947e-01
-5.947e-01
-5.947e-01
-5.947e-01
-5.947e-01
-5.947e-01
-5.947e-01
-5.947e-01
-5.947e-01
-5.947e-01
-5.947e-01
-5.947e-01
-5.947e-01
-5.947e-01
-5.947e-01
-5.947e-01
-5.947e-01
-5.947e-01
-5.947e-01
-5.947e-01
-5.947e-01
-5.947e-01
-5.947e-01
-5.947e-01
-5.947e-01
-5.947e-01
-5.947e-01
-5.947e-01
-5.947e-01
-5.947e-01
-5.947e-01
-5.947e-01
-5.947e-01
-5.947e-01
-5.947e-01
-5.947e-01
-5.947e-01
-5.947e-01
-5.898e-01
-5.898e-01
-5.898e-01
-5.898e-01
-5.898e-01
-5.898e-01
-5.898e-01
-5.898e-01
-5.898e-01
-5.898e-01
-5.898e-01
-5.898e-01
-5.898e-01
-5.898e-01
-5.898e-01
-5.898e-01
-5.898e-01
-5.898e-01
-5.898e-01
-5.898e-01
-5.898e-01
-5.898e-01
-5.898e-01
-5.898e-01
-5.898e-01
-5.898e-01
-5.898e-01
-5.898e-01
-5.898e-01
-5.898e-01
-5.898e-01
-5.898e-01
-5.898e-01
-5.898e-01
-5.898e-01
-5.898e-01
-5.898e-01
-5.898e-01
-5.898e-01
-5.898e-01
-5.898e-01
-5.898e-01
-5.898e-01
-5.898e-01
-5.898e-01
-5.898e-01
-5.898e-01
-5.898e-01
-5.898e-01
-5.898e-01
-5.898e-01
-5.898e-01
-5.898e-01
-5.898e-01
-5.898e-01
-5.898e-01
-5.898e-01
-5.898e-01
-5.898e-01
-5.898e-01
-5.898e-01
-5.898e-01
-5.898e-01
-5.898e-01
-5.898e-01
-5.898e-01
-5.898e-01
-5.898e-01
-5.898e-01
-5.898e-01
-5.898e-01
-5.898e-01
-5.898e-01
-5.898e-01
-5.898e-01
-5.898e-01
-5.898e-01
-5.898e-01
-5.898e-01
-5.898e-01
-5.898e-01
-5.898e-01
-5.898e-01
-5.898e-01
-5.898e-01
-5.898e-01
-5.898e-01
-5.898e-01
-5.898e-01
-5.898e-01
-5.898e-01
-5.898e-01
-5.898e-01
-5.898e-01
-5.898e-01
-5.898e-01
-5.898e-01
-5.898e-01
-5.898e-01
-5.898e-01
-5.898e-01
-5.898e-01
-5.898e-01
-5.898e-01
-5.898e-01
-5.898e-01
-5.898e-01
-5.898e-01
-5.898e-01
-5.898e-01
-5.898e-01
-5.898e-01
-5.898e-01
-5.898e-01
-5.898e-01
-5.898e-01
-5.898e-01
-5.898e-01
-5.898e-01
-5.898e-01
-5.898e-01
-5.898e-01
-5.898e-01
-5.898e-01
-5.898e-01
-5.898e-01
-5.898e-01
-5.898e-01
-5.898e-01
-5.898e-01
-5.898e-01
-5.898e-01
-5.898e-01
-5.898e-01
-5.898e-01
-5.898e-01
-5.898e-01
-5.898e-01
-5.898e-01
-5.898e-01
-5.898e-01
-5.898e-01
-5.898e-01
-5.898e-01
-5.898e-01
-5.898e-01
-5.898e-01
-5.898e-01
-5.898e-01
-5.898e-01
-5.898e-01
-5.898e-01
-5.898e-01
-5.898e-01
-5.898e-01
-5.898e-01
-5.898e-01
-5.898e-01
-5.898e-01
-5.898e-01
-5.898e-01
-5.898e-01
-5.898e-01
-5.898e-01
-5.898e-01
-5.898e-01
-5.898e-01
-5.898e-01
-5.898e-01
-5.898e-01
-5.898e-01
-5.898e-01
-5.898e-01
-5.898e-01
-5.898e-01
-5.898e-01
-5.898e-01
-5.898e-01
-5.898e-01
-5.898e-01
-5.898e-01
-5.898e-01
-5.898e-01
-5.898e-01
-5.898e-01
-5.898e-01
-5.898e-01
-5.898e-01
-5.898e-01
-5.898e-01
-5.898e-01
-5.898e-01
-5.898e-01
-5.898e-01
-5.898e-01
-5.898e-01
-5.898e-01
-5.898e-01
-5.898e-01
-5.898e-01
-5.898e-01
-5.898e-01
-5.898e-01
-5.898e-01
-5.898e-01
-5.898e-01
-5.898e-01
-5.898e-01
-5.898e-01
-5.898e-01
-5.898e-01
-5.898e-01
-5.898e-01
-5.898e-01
-5.898e-01
-5.898e-01
-5.898e-01
-5.898e-01
-5.898e-01
-5.898e-01
-5.898e-01
-5.898e-01
-5.898e-01
-5.898e-01
-5.898e-01
-5.898e-01
-5.898e-01
-5.898e-01
-5.898e-01
-5.898e-01
-5.898e-01
-5.898e-01
-5.898e-01
-5.898e-01
-5.898e-01
-5.898e-01
-5.898e-01
-5.898e-01
-5.898e-01
-5.898e-01
-5.898e-01
-5.898e-01
-5.898e-01
-5.898e-01
-5.898e-01
-5.898e-01
-5.898e-01
-5.898e-01
-5.898e-01
-5.898e-01
-5.898e-01
-5.898e-01
-5.898e-01
-5.898e-01
-5.898e-01
-5.898e-01
-5.898e-01
-5.898e-01
-5.898e-01
-5.898e-01
-5.898e-01
-5.898e-01
-5.898e-01
-5.898e-01
-5.898e-01
-5.898e-01
-5.898e-01
-5.898e-01
-5.898e-01
-5.898e-01
-5.898e-01
-5.898e-01
-5.898e-01
-5.898e-01
-5.898e-01
-5.898e-01
-5.898e-01
-5.898e-01
-5.898e-01
-5.898e-01
-5.898e-01
-5.898e-01
-5.898e-01
-5.898e-01
-5.898e-01
-5.898e-01
-5.898e-01
-5.898e-01
-5.898e-01
-5.898e-01
-5.898e-01
-5.898e-01
-5.898e-01
-5.898e-01
-5.898e-01
-5.898e-01
-5.898e-01
-5.898e-01
-5.898e-01
-5.898e-01
-5.898e-01
-5.898e-01
-5.898e-01
-5.898e-01
-5.898e-01
-5.898e-01
-5.898e-01
-5.898e-01
-5.898e-01
-5.898e-01
-5.898e-01
-5.898e-01
-5.898e-01
-5.898e-01
-5.898e-01
-5.898e-01
-5.898e-01
-5.898e-01
-5.898e-01
-5.898e-01
-5.898e-01
-5.898e-01
-5.898e-01
-5.898e-01
-5.898e-01
-5.898e-01
-5.898e-01
-5.898e-01
-5.898e-01
-5.898e-01
-5.898e-01
-5.898e-01
-5.898e-01
-5.898e-01
-5.898e-01
-5.898e-01
-5.898e-01
-5.898e-01
-5.898e-01
-5.898e-01
-5.898e-01
-5.898e-01
-5.898e-01
-5.898e-01
-5.898e-01
-5.898e-01
-5.898e-01
-5.898e-01
-5.898e-01
-5.898e-01
-5.898e-01
-5.898e-01
-5.898e-01
-5.898e-01
-5.898e-01
-5.898e-01
-5.898e-01
-5.898e-01
-5.898e-01
-5.898e-01
-5.898e-01
-5.898e-01
-5.898e-01
-5.898e-01
-5.898e-01
-5.898e-01
-5.898e-01
-5.898e-01
-5.898e-01
-5.898e-01
-5.898e-01
-5.898e-01
-5.898e-01
-5.898e-01
-5.898e-01
-5.898e-01
-5.898e-01
-5.898e-01
-5.898e-01
-5.898e-01
-5.898e-01
-5.898e-01
-5.898e-01
-5.898e-01
-5.898e-01
-5.898e-01
-5.898e-01
-5.898e-01
-5.898e-01
-5.898e-01
-5.898e-01
-5.898e-01
-5.898e-01
-5.898e-01
-5.898e-01
-5.898e-01
-5.898e-01
-5.898e-01
-5.898e-01
-5.898e-01
-5.898e-01
-5.898e-01
-5.898e-01
-5.898e-01
-5.898e-01
-5.898e-01
-5.898e-01
-5.898e-01
-5.898e-01
-5.898e-01
-5.898e-01
-5.898e-01
-5.898e-01
-5.898e-01
-5.898e-01
-5.898e-01
-5.898e-01
-5.898e-01
-5.898e-01
-5.898e-01
-5.898e-01
-5.898e-01
-5.898e-01
-5.898e-01
-5.898e-01
-5.898e-01
-5.898e-01
-5.898e-01
-5.898e-01
-5.898e-01
-5.898e-01
-5.898e-01
-5.898e-01
-5.898e-01
-5.898e-01
-5.898e-01
-5.898e-01
-5.898e-01
-5.898e-01
-5.898e-01
-5.898e-01
-5.898e-01
-5.898e-01
-5.898e-01
-5.898e-01
-5.898e-01
-5.898e-01
-5.898e-01
-5.898e-01
-5.898e-01
-5.898e-01
-5.898e-01
-5.898e-01
-5.898e-01
-5.898e-01
-5.898e-01
-5.898e-01
-5.898e-01
-5.898e-01
-5.898e-01
-5.898e-01
-5.898e-01
-5.898e-01
-5.898e-01
-5.898e-01
-5.898e-01
-5.898e-01
-5.898e-01
-5.898e-01
-5.898e-01
-5.898e-01
-5.898e-01
-5.898e-01
-5.898e-01
-5.898e-01
-5.898e-01
-5.898e-01
-5.898e-01
-5.898e-01
-5.898e-01
-5.898e-01
-5.898e-01
-5.898e-01
-5.898e-01
-5.898e-01
-5.898e-01
-5.898e-01
-5.898e-01
-5.898e-01
-5.898e-01
-5.898e-01
-5.898e-01
-5.898e-01
-5.898e-01
-5.898e-01
-5.898e-01
-5.898e-01
-5.898e-01
-5.898e-01
-5.898e-01
-5.898e-01
-5.898e-01
-5.898e-01
-5.898e-01
-5.898e-01
-5.898e-01
-5.898e-01
-5.898e-01
-5.898e-01
-5.898e-01
-5.898e-01
-5.898e-01
-5.898e-01
-5.898e-01
-5.898e-01
-5.898e-01
-5.898e-01
-5.898e-01
-5.898e-01
-5.898e-01
-5.898e-01
-5.898e-01
-5.898e-01
-5.898e-01
-5.898e-01
-5.898e-01
-5.898e-01
-5.898e-01
-5.898e-01
-5.898e-01
-5.898e-01
-5.898e-01
-5.898e-01
-5.898e-01
-5.898e-01
-5.898e-01
-5.898e-01
-5.898e-01
-5.898e-01
-5.898e-01
-5.898e-01
-5.898e-01
-5.898e-01
-5.898e-01
-5.898e-01
-5.898e-01
-5.898e-01
-5.898e-01
-5.898e-01
-5.898e-01
-5.898e-01
-5.898e-01
-5.898e-01
-5.898e-01
-5.898e-01
-5.898e-01
-5.898e-01
-5.898e-01
-5.898e-01
-5.898e-01
-5.898e-01
-5.898e-01
-5.898e-01
-5.898e-01
-5.898e-01
-5.898e-01
-5.898e-01
-5.898e-01
-5.898e-01
-5.898e-01
-5.898e-01
-5.898e-01
-5.898e-01
-5.898e-01
-5.898e-01
-5.898e-01
-5.898e-01
-5.898e-01
-5.898e-01
-5.898e-01
-5.898e-01
-5.898e-01
-5.898e-01
-5.898e-01
-5.898e-01
-5.898e-01
-5.898e-01
-5.898e-01
-5.898e-01
-5.898e-01
-5.898e-01
-5.898e-01
-5.898e-01
-5.898e-01
-5.898e-01
-5.898e-01
-5.898e-01
-5.898e-01
-5.898e-01
-5.898e-01
-5.898e-01
-5.898e-01
-5.898e-01
-5.898e-01
-5.898e-01
-5.898e-01
-5.898e-01
-5.898e-01
-5.898e-01
-5.898e-01
-5.898e-01
-5.898e-01
-5.898e-01
-5.898e-01
-5.898e-01
-5.898e-01
-5.898e-01
-5.898e-01
-5.898e-01
-5.898e-01
-5.898e-01
-5.898e-01
-5.898e-01
-5.898e-01
-5.898e-01
-5.898e-01
-5.898e-01
-5.898e-01
-5.898e-01
-5.898e-01
-5.898e-01
-5.898e-01
-5.898e-01
-5.898e-01
-5.898e-01
-5.898e-01
-5.898e-01
-5.898e-01
-5.898e-01
-5.898e-01
-5.898e-01
-5.898e-01
-5.898e-01
-5.898e-01
-5.898e-01
-5.898e-01
-5.898e-01
-5.898e-01
-5.898e-01
-5.898e-01
-5.898e-01
-5.898e-01
-5.898e-01
-5.898e-01
-5.898e-01
-5.898e-01
-5.898e-01
-5.898e-01
-5.898e-01
-5.898e-01
-5.898e-01
-5.898e-01
-5.898e-01
-5.898e-01
-5.898e-01
-5.898e-01
-5.898e-01
-5.898e-01
-5.898e-01
-5.898e-01
-5.898e-01
-5.898e-01
-5.898e-01
-5.898e-01
-5.898e-01
-5.898e-01
-5.898e-01
-5.898e-01
-5.898e-01
-5.898e-01
-5.898e-01
-5.898e-01
-5.898e-01
-5.898e-01
-5.898e-01
-5.898e-01
-5.898e-01
-5.898e-01
-5.898e-01
-5.898e-01
-5.898e-01
-5.898e-01
-5.898e-01
-5.898e-01
-5.898e-01
-5.898e-01
-5.898e-01
-5.898e-01
-5.898e-01
-5.898e-01
-5.898e-01
-5.898e-01
-5.898e-01
-5.898e-01
-5.898e-01
-5.898e-01
-5.898e-01
-5.898e-01
-5.898e-01
-5.898e-01
-5.898e-01
-5.898e-01
-5.898e-01
-5.898e-01
-5.898e-01
-5.898e-01
-5.898e-01
-5.898e-01
-5.898e-01
-5.898e-01
-5.898e-01
-5.898e-01
-5.898e-01
-5.898e-01
-5.898e-01
-5.898e-01
-5.898e-01
-5.898e-01
-5.898e-01
-5.898e-01
-5.898e-01
-5.898e-01
-5.898e-01
-5.898e-01
-5.898e-01
-5.898e-01
-5.898e-01
-5.898e-01
-5.898e-01
-5.898e-01
-5.898e-01
-5.898e-01
-5.898e-01
-5.898e-01
-5.898e-01
-5.898e-01
-5.898e-01
-5.898e-01
-5.898e-01
-5.898e-01
-5.898e-01
-5.898e-01
-5.898e-01
-5.898e-01
-5.898e-01
-5.898e-01
-5.898e-01
-5.898e-01
-5.898e-01
-5.898e-01
-5.898e-01
-5.898e-01
-5.898e-01
-5.898e-01
-5.898e-01
-5.898e-01
-5.898e-01
-5.898e-01
-5.898e-01
-5.898e-01
-5.898e-01
-5.898e-01
-5.898e-01
-5.898e-01
-5.898e-01
-5.898e-01
-5.898e-01
-5.898e-01
-5.898e-01
-5.898e-01
-5.898e-01
-5.898e-01
-5.898e-01
-5.898e-01
-5.898e-01
-5.898e-01
-5.898e-01
-5.898e-01
-5.898e-01
-5.898e-01
-5.898e-01
-5.898e-01
-5.898e-01
-5.898e-01
-5.898e-01
-5.898e-01
-5.898e-01
-5.898e-01
-5.898e-01
-5.898e-01
-5.898e-01
-5.898e-01
-5.898e-01
-5.898e-01
-5.898e-01
-5.898e-01
-5.898e-01
-5.898e-01
-5.898e-01
-5.898e-01
-5.898e-01
-5.898e-01
-5.898e-01
-5.898e-01
-5.898e-01
-5.898e-01
-5.898e-01
-5.898e-01
-5.898e-01
-5.898e-01
-5.898e-01
-5.898e-01
-5.898e-01
-5.898e-01
-5.898e-01
-5.898e-01
-5.898e-01
-5.898e-01
-5.898e-01
-5.898e-01
-5.898e-01
-5.898e-01
-5.898e-01
-5.898e-01
-5.898e-01
-5.898e-01
-5.898e-01
-5.898e-01
-5.898e-01
-5.898e-01
-5.898e-01
-5.898e-01
-5.898e-01
-5.898e-01
-5.898e-01
-5.898e-01
-5.898e-01
-5.898e-01
-5.898e-01
-5.898e-01
-5.898e-01
-5.898e-01
-5.898e-01
-5.898e-01
-5.898e-01
-5.898e-01
-5.898e-01
-5.898e-01
-5.898e-01
-5.898e-01
-5.898e-01
-5.898e-01
-5.898e-01
-5.898e-01
-5.898e-01
-5.898e-01
-5.898e-01
-5.898e-01
-5.898e-01
-5.898e-01
-5.898e-01
-5.898e-01
-5.898e-01
-5.898e-01
-5.898e-01
-5.898e-01
-5.898e-01
-5.898e-01
-5.898e-01
-5.898e-01
-5.898e-01
-5.898e-01
-5.898e-01
-5.898e-01
-5.898e-01
-5.898e-01
-5.898e-01
-5.898e-01
-5.898e-01
-5.898e-01
-5.898e-01
-5.898e-01
-5.898e-01
-5.898e-01
-5.898e-01
-5.898e-01
-5.898e-01
-5.898e-01
-5.898e-01
-5.898e-01
-5.898e-01
-5.898e-01
-5.898e-01
-5.898e-01
-5.898e-01
-5.898e-01
-5.898e-01
-5.898e-01
-5.898e-01
-5.898e-01
-5.898e-01
-5.898e-01
-5.898e-01
-5.898e-01
-5.898e-01
-5.898e-01
-5.898e-01
-5.898e-01
-5.898e-01
-5.898e-01
-5.898e-01
-5.898e-01
-5.898e-01
-5.898e-01
-5.898e-01
-5.898e-01
-5.898e-01
-5.898e-01
-5.898e-01
-5.898e-01
-5.898e-01
-5.898e-01
-5.898e-01
-5.898e-01
-5.898e-01
-5.898e-01
-5.898e-01
-5.898e-01
-5.898e-01
-5.898e-01
-5.898e-01
-5.898e-01
-5.898e-01
-5.898e-01
-5.898e-01
-5.898e-01
-5.898e-01
-5.898e-01
-5.898e-01
-5.898e-01
-5.898e-01
-5.898e-01
-5.898e-01
-5.898e-01
-5.898e-01
-5.898e-01
-5.898e-01
-5.898e-01
-5.898e-01
-5.898e-01
-5.898e-01
-5.898e-01
-5.898e-01
-5.898e-01
-5.898e-01
-5.898e-01
-5.898e-01
-5.898e-01
-5.898e-01
-5.898e-01
-5.898e-01
-5.898e-01
-5.898e-01
-5.898e-01
-5.898e-01
-5.898e-01
-5.898e-01
-5.898e-01
-5.898e-01
-5.898e-01
-5.898e-01
-5.898e-01
-5.898e-01
-5.898e-01
-5.898e-01
-5.898e-01
-5.898e-01
-5.898e-01
-5.898e-01
-5.898e-01
-5.898e-01
-5.898e-01
-5.898e-01
-5.898e-01
-5.898e-01
-5.898e-01
-5.898e-01
-5.898e-01
-5.898e-01
-5.898e-01
-5.898e-01
-5.898e-01
-5.898e-01
-5.898e-01
-5.898e-01
-5.898e-01
-5.898e-01
-5.898e-01
-5.898e-01
-5.898e-01
-5.898e-01
-5.898e-01
-5.898e-01
-5.898e-01
-5.898e-01
-5.898e-01
-5.898e-01
-5.898e-01
-5.898e-01
-5.898e-01
-5.898e-01
-5.898e-01
-5.898e-01
-5.898e-01
-5.898e-01
-5.898e-01
-5.898e-01
-5.898e-01
-5.898e-01
-5.898e-01
-5.898e-01
-5.898e-01
-5.898e-01
-5.898e-01
-5.898e-01
-5.898e-01
-5.898e-01
-5.898e-01
-5.898e-01
-5.898e-01
-5.898e-01
-5.898e-01
-5.898e-01
-5.898e-01
-5.898e-01
-5.898e-01
-5.898e-01
-5.898e-01
-5.898e-01
-5.898e-01
-5.898e-01
-5.898e-01
-5.898e-01
-5.898e-01
-5.898e-01
-5.898e-01
-5.898e-01
-5.898e-01
-5.898e-01
-5.898e-01
-5.898e-01
-5.898e-01
-5.898e-01
-5.898e-01
-5.898e-01
-5.898e-01
-5.898e-01
-5.898e-01
-5.898e-01
-5.898e-01
-5.898e-01
-5.898e-01
-5.898e-01
-5.898e-01
-5.898e-01
-5.898e-01
-5.898e-01
-5.898e-01
-5.898e-01
-5.898e-01
-5.898e-01
-5.898e-01
-5.898e-01
-5.898e-01
-5.898e-01
-5.898e-01
-5.898e-01
-5.898e-01
-5.898e-01
-5.898e-01
-5.898e-01
-5.898e-01
-5.898e-01
-5.898e-01
-5.898e-01
-5.898e-01
-5.898e-01
-5.898e-01
-5.898e-01
-5.898e-01
-5.898e-01
-5.898e-01
-5.898e-01
-5.898e-01
-5.898e-01
-5.898e-01
-5.898e-01
-5.898e-01
-5.898e-01
-5.898e-01
-5.898e-01
-5.898e-01
-5.898e-01
-5.898e-01
-5.898e-01
-5.898e-01
-5.898e-01
-5.898e-01
-5.898e-01
-5.898e-01
-5.898e-01
-5.898e-01
-5.898e-01
-5.898e-01
-5.898e-01
-5.898e-01
-5.898e-01
-5.898e-01
-5.898e-01
-5.898e-01
-5.898e-01
-5.898e-01
-5.898e-01
-5.898e-01
-5.898e-01
-5.898e-01
-5.898e-01
-5.898e-01
-5.898e-01
-5.898e-01
-5.898e-01
-5.898e-01
-5.898e-01
-5.898e-01
-5.898e-01
-5.898e-01
-5.898e-01
-5.898e-01
-5.898e-01
-5.898e-01
-5.898e-01
-5.898e-01
-5.898e-01
-5.898e-01
-5.898e-01
-5.898e-01
-5.898e-01
-5.898e-01
-5.898e-01
-5.898e-01
-5.898e-01
-5.898e-01
-5.898e-01
-5.898e-01
-5.898e-01
-5.898e-01
-5.898e-01
-5.898e-01
-5.898e-01
-5.898e-01
-5.898e-01
-5.898e-01
-5.898e-01
-5.898e-01
-5.898e-01
-5.898e-01
-5.898e-01
-5.898e-01
-5.898e-01
-5.898e-01
-5.898e-01
-5.898e-01
-5.898e-01
-5.898e-01
-5.898e-01
-5.898e-01
-5.898e-01
-5.898e-01
-5.898e-01
-5.898e-01
-5.898e-01
-5.898e-01
-5.898e-01
-5.898e-01
-5.898e-01
-5.898e-01
-5.898e-01
-5.898e-01
-5.898e-01
-5.898e-01
-5.898e-01
-5.898e-01
-5.898e-01
-5.898e-01
-5.898e-01
-5.898e-01
-5.898e-01
-5.898e-01
-5.898e-01
-5.898e-01
-5.898e-01
-5.898e-01
-5.898e-01
-5.898e-01
-5.898e-01
-5.898e-01
-5.898e-01
-5.898e-01
-5.898e-01
-5.898e-01
-5.898e-01
-5.898e-01
-5.898e-01
-5.898e-01
-5.898e-01
-5.898e-01
-5.898e-01
-5.898e-01
-5.898e-01
-5.898e-01
-5.898e-01
-5.898e-01
-5.898e-01
-5.898e-01
-5.898e-01
-5.898e-01
-5.898e-01
-5.898e-01
-5.898e-01
-5.898e-01
-5.898e-01
-5.898e-01
-5.898e-01
-5.898e-01
-5.898e-01
-5.898e-01
-5.898e-01
-5.898e-01
-5.898e-01
-5.898e-01
-5.898e-01
-5.898e-01
-5.898e-01
-5.898e-01
-5.898e-01
-5.898e-01
-5.898e-01
-5.898e-01
-5.898e-01
-5.898e-01
-5.898e-01
-5.898e-01
-5.898e-01
-5.898e-01
-5.898e-01
-5.898e-01
-5.898e-01
-5.898e-01
-5.898e-01
-5.898e-01
-5.898e-01
-5.898e-01
-5.898e-01
-5.898e-01
-5.898e-01
-5.898e-01
-5.898e-01
-5.898e-01
-5.898e-01
-5.898e-01
-5.898e-01
-5.898e-01
-5.898e-01
-5.898e-01
-5.898e-01
-5.898e-01
-5.898e-01
-5.898e-01
-5.898e-01
-5.898e-01
-5.898e-01
-5.898e-01
-5.898e-01
-5.898e-01
-5.898e-01
-5.898e-01
-5.898e-01
-5.898e-01
-5.898e-01
-5.898e-01
-5.898e-01
-5.898e-01
-5.898e-01
-5.898e-01
-5.898e-01
-5.898e-01
-5.898e-01
-5.898e-01
-5.898e-01
-5.898e-01
-5.898e-01
-5.898e-01
-5.898e-01
-5.898e-01
-5.898e-01
-5.898e-01
-5.898e-01
-5.898e-01
-5.898e-01
-5.898e-01
-5.898e-01
-5.898e-01
-5.898e-01
-5.882e-01
-5.878e-01
-5.878e-01
-5.878e-01
-5.878e-01
-5.878e-01
-5.878e-01
-5.878e-01
-5.878e-01
-5.878e-01
-5.878e-01
-5.878e-01
-5.878e-01
-5.878e-01
-5.878e-01
-5.878e-01
-5.878e-01
-5.878e-01
-5.878e-01
-5.878e-01
-5.874e-01
-5.878e-01
-5.874e-01
-5.874e-01
-5.874e-01
-5.874e-01
-5.874e-01
-5.874e-01
-5.874e-01
-5.874e-01
-5.874e-01
-5.874e-01
-5.874e-01
-5.874e-01
-5.874e-01
-5.874e-01
-5.874e-01
-5.874e-01
-5.874e-01
-5.874e-01
-5.874e-01
-5.858e-01
-5.878e-01
-5.874e-01
-5.874e-01
-5.874e-01
-5.874e-01
-5.874e-01
-5.874e-01
-5.874e-01
-5.874e-01
-5.874e-01
-5.874e-01
-5.874e-01
-5.874e-01
-5.874e-01
-5.874e-01
-5.874e-01
-5.874e-01
-5.874e-01
-5.874e-01
-5.874e-01
-5.858e-01
-5.878e-01
-5.874e-01
-5.874e-01
-5.874e-01
-5.874e-01
-5.874e-01
-5.874e-01
-5.874e-01
-5.874e-01
-5.874e-01
-5.874e-01
-5.874e-01
-5.874e-01
-5.874e-01
-5.874e-01
-5.874e-01
-5.874e-01
-5.874e-01
-5.874e-01
-5.874e-01
-5.858e-01
-5.878e-01
-5.874e-01
-5.874e-01
-5.874e-01
-5.874e-01
-5.874e-01
-5.874e-01
-5.874e-01
-5.874e-01
-5.874e-01
-5.874e-01
-5.874e-01
-5.874e-01
-5.874e-01
-5.874e-01
-5.874e-01
-5.874e-01
-5.874e-01
-5.874e-01
-5.874e-01
-5.858e-01
-5.878e-01
-5.874e-01
-5.874e-01
-5.874e-01
-5.874e-01
-5.874e-01
-5.874e-01
-5.874e-01
-5.874e-01
-5.874e-01
-5.874e-01
-5.874e-01
-5.874e-01
-5.874e-01
-5.874e-01
-5.874e-01
-5.874e-01
-5.874e-01
-5.874e-01
-5.874e-01
-5.858e-01
-5.878e-01
-5.874e-01
-5.874e-01
-5.874e-01
-5.874e-01
-5.874e-01
-5.874e-01
-5.874e-01
-5.874e-01
-5.874e-01
-5.874e-01
-5.874e-01
-5.874e-01
-5.874e-01
-5.874e-01
-5.874e-01
-5.874e-01
-5.874e-01
-5.874e-01
-5.874e-01
-5.858e-01
-5.878e-01
-5.874e-01
-5.874e-01
-5.874e-01
-5.874e-01
-5.874e-01
-5.874e-01
-5.874e-01
-5.874e-01
-5.874e-01
-5.874e-01
-5.874e-01
-5.874e-01
-5.874e-01
-5.874e-01
-5.874e-01
-5.874e-01
-5.874e-01
-5.874e-01
-5.874e-01
-5.858e-01
-5.878e-01
-5.874e-01
-5.874e-01
-5.874e-01
-5.874e-01
-5.874e-01
-5.874e-01
-5.874e-01
-5.874e-01
-5.874e-01
-5.874e-01
-5.874e-01
-5.874e-01
-5.874e-01
-5.874e-01
-5.874e-01
-5.874e-01
-5.874e-01
-5.874e-01
-5.874e-01
-5.858e-01
-5.878e-01
-5.874e-01
-5.874e-01
-5.874e-01
-5.874e-01
-5.874e-01
-5.874e-01
-5.874e-01
-5.874e-01
-5.874e-01
-5.874e-01
-5.874e-01
-5.874e-01
-5.874e-01
-5.874e-01
-5.874e-01
-5.874e-01
-5.874e-01
-5.874e-01
-5.874e-01
-5.858e-01
-5.878e-01
-5.874e-01
-5.874e-01
-5.874e-01
-5.874e-01
-5.874e-01
-5.874e-01
-5.874e-01
-5.874e-01
-5.874e-01
-5.874e-01
-5.874e-01
-5.874e-01
-5.874e-01
-5.874e-01
-5.874e-01
-5.874e-01
-5.874e-01
-5.874e-01
-5.874e-01
-5.858e-01
-5.878e-01
-5.874e-01
-5.874e-01
-5.874e-01
-5.874e-01
-5.874e-01
-5.874e-01
-5.874e-01
-5.874e-01
-5.874e-01
-5.874e-01
-5.874e-01
-5.874e-01
-5.874e-01
-5.874e-01
-5.874e-01
-5.874e-01
-5.874e-01
-5.874e-01
-5.874e-01
-5.858e-01
-5.878e-01
-5.874e-01
-5.874e-01
-5.874e-01
-5.874e-01
-5.874e-01
-5.874e-01
-5.874e-01
-5.874e-01
-5.874e-01
-5.874e-01
-5.874e-01
-5.874e-01
-5.874e-01
-5.874e-01
-5.874e-01
-5.874e-01
-5.874e-01
-5.874e-01
-5.874e-01
-5.858e-01
-5.878e-01
-5.874e-01
-5.874e-01
-5.874e-01
-5.874e-01
-5.874e-01
-5.874e-01
-5.874e-01
-5.874e-01
-5.874e-01
-5.874e-01
-5.874e-01
-5.874e-01
-5.874e-01
-5.874e-01
-5.874e-01
-5.874e-01
-5.874e-01
-5.874e-01
-5.874e-01
-5.858e-01
-5.878e-01
-5.874e-01
-5.874e-01
-5.874e-01
-5.874e-01
-5.874e-01
-5.874e-01
-5.874e-01
-5.874e-01
-5.874e-01
-5.874e-01
-5.874e-01
-5.874e-01
-5.874e-01
-5.874e-01
-5.874e-01
-5.874e-01
-5.874e-01
-5.874e-01
-5.874e-01
-5.858e-01
-5.878e-01
-5.874e-01
-5.874e-01
-5.874e-01
-5.874e-01
-5.874e-01
-5.874e-01
-5.874e-01
-5.874e-01
-5.874e-01
-5.874e-01
-5.874e-01
-5.874e-01
-5.874e-01
-5.874e-01
-5.874e-01
-5.874e-01
-5.874e-01
-5.874e-01
-5.874e-01
-5.858e-01
-5.878e-01
-5.874e-01
-5.874e-01
-5.874e-01
-5.874e-01
-5.874e-01
-5.874e-01
-5.874e-01
-5.874e-01
-5.874e-01
-5.874e-01
-5.874e-01
-5.874e-01
-5.874e-01
-5.874e-01
-5.874e-01
-5.874e-01
-5.874e-01
-5.874e-01
-5.874e-01
-5.858e-01
-5.878e-01
-5.874e-01
-5.874e-01
-5.874e-01
-5.874e-01
-5.874e-01
-5.874e-01
-5.874e-01
-5.874e-01
-5.874e-01
-5.874e-01
-5.874e-01
-5.874e-01
-5.874e-01
-5.874e-01
-5.874e-01
-5.874e-01
-5.874e-01
-5.874e-01
-5.874e-01
-5.858e-01
-5.878e-01
-5.874e-01
-5.874e-01
-5.874e-01
-5.874e-01
-5.874e-01
-5.874e-01
-5.874e-01
-5.874e-01
-5.874e-01
-5.874e-01
-5.874e-01
-5.874e-01
-5.874e-01
-5.874e-01
-5.874e-01
-5.874e-01
-5.874e-01
-5.874e-01
-5.874e-01
-5.858e-01
-5.878e-01
-5.874e-01
-5.874e-01
-5.874e-01
-5.874e-01
-5.874e-01
-5.874e-01
-5.874e-01
-5.874e-01
-5.874e-01
-5.874e-01
-5.874e-01
-5.874e-01
-5.874e-01
-5.874e-01
-5.874e-01
-5.874e-01
-5.874e-01
-5.874e-01
-5.874e-01
-5.858e-01
-5.874e-01
-5.858e-01
-5.858e-01
-5.858e-01
-5.858e-01
-5.858e-01
-5.858e-01
-5.858e-01
-5.858e-01
-5.858e-01
-5.858e-01
-5.858e-01
-5.858e-01
-5.858e-01
-5.858e-01
-5.858e-01
-5.858e-01
-5.858e-01
-5.858e-01
-5.858e-01
-5.846e-01
