1	0	INDP	IPOND
-7.977e+00
-6.233e+00
-6.224e+00
-6.224e+00
-6.224e+00
-6.224e+00
-6.224e+00
-6.224e+00
-6.224e+00
-6.224e+00
-6.224e+00
-6.224e+00
-6.224e+00
-6.224e+00
-6.224e+00
-6.224e+00
-6.224e+00
-6.224e+00
-6.224e+00
-6.144e+00
-4.674e+00
-6.233e+00
-4.677e+00
-4.677e+00
-4.677e+00
-4.677e+00
-4.677e+00
-4.677e+00
-4.677e+00
-4.677e+00
-4.677e+00
-4.677e+00
-4.677e+00
-4.677e+00
-4.677e+00
-4.677e+00
-4.677e+00
-4.677e+00
-4.677e+00
-4.677e+00
-4.675e+00
-3.973e+00
-6.224e+00
-4.677e+00
-4.677e+00
-4.677e+00
-4.677e+00
-4.677e+00
-4.677e+00
-4.677e+00
-4.677e+00
-4.677e+00
-4.677e+00
-4.677e+00
-4.677e+00
-4.677e+00
-4.677e+00
-4.677e+00
-4.677e+00
-4.677e+00
-4.678e+00
-4.675e+00
-3.978e+00
-6.224e+00
-4.677e+00
-4.677e+00
-4.677e+00
-4.677e+00
-4.677e+00
-4.677e+00
-4.677e+00
-4.677e+00
-4.677e+00
-4.677e+00
-4.677e+00
-4.677e+00
-4.677e+00
-4.677e+00
-4.677e+00
-4.677e+00
-4.677e+00
-4.678e+00
-4.675e+00
-3.978e+00
-6.224e+00
-4.677e+00
-4.677e+00
-4.677e+00
-4.677e+00
-4.677e+00
-4.677e+00
-4.677e+00
-4.677e+00
-4.677e+00
-4.677e+00
-4.677e+00
-4.677e+00
-4.677e+00
-4.677e+00
-4.677e+00
-4.677e+00
-4.677e+00
-4.678e+00
-4.675e+00
-3.978e+00
-6.224e+00
-4.677e+00
-4.677e+00
-4.677e+00
-4.677e+00
-4.677e+00
-4.677e+00
-4.677e+00
-4.677e+00
-4.677e+00
-4.677e+00
-4.677e+00
-4.677e+00
-4.677e+00
-4.677e+00
-4.677e+00
-4.677e+00
-4.677e+00
-4.678e+00
-4.675e+00
-3.978e+00
-6.224e+00
-4.677e+00
-4.677e+00
-4.677e+00
-4.677e+00
-4.677e+00
-4.677e+00
-4.677e+00
-4.677e+00
-4.677e+00
-4.677e+00
-4.677e+00
-4.677e+00
-4.677e+00
-4.677e+00
-4.677e+00
-4.677e+00
-4.677e+00
-4.678e+00
-4.675e+00
-3.978e+00
-6.224e+00
-4.677e+00
-4.677e+00
-4.677e+00
-4.677e+00
-4.677e+00
-4.677e+00
-4.677e+00
-4.677e+00
-4.677e+00
-4.677e+00
-4.677e+00
-4.677e+00
-4.677e+00
-4.677e+00
-4.677e+00
-4.677e+00
-4.677e+00
-4.678e+00
-4.675e+00
-3.978e+00
-6.226e+00
-4.677e+00
-4.677e+00
-4.677e+00
-4.677e+00
-4.677e+00
-4.677e+00
-4.677e+00
-4.677e+00
-4.677e+00
-4.677e+00
-4.677e+00
-4.677e+00
-4.677e+00
-4.677e+00
-4.677e+00
-4.677e+00
-4.677e+00
-4.677e+00
-4.675e+00
-3.978e+00
-6.418e+00
-4.694e+00
-4.694e+00
-4.694e+00
-4.694e+00
-4.694e+00
-4.694e+00
-4.694e+00
-4.694e+00
-4.694e+00
-4.694e+00
-4.694e+00
-4.694e+00
-4.694e+00
-4.694e+00
-4.694e+00
-4.694e+00
-4.694e+00
-4.694e+00
-4.691e+00
-3.982e+00
-1.577e+02
-1.282e+02
-1.278e+02
-1.278e+02
-1.278e+02
-1.278e+02
-1.278e+02
-1.278e+02
-1.278e+02
-1.278e+02
-1.278e+02
-1.278e+02
-1.278e+02
-1.278e+02
-1.278e+02
-1.278e+02
-1.278e+02
-1.278e+02
-1.278e+02
-1.278e+02
-1.075e+02
-1.848e+02
-1.362e+02
-1.363e+02
-1.363e+02
-1.363e+02
-1.363e+02
-1.363e+02
-1.363e+02
-1.363e+02
-1.363e+02
-1.363e+02
-1.363e+02
-1.363e+02
-1.363e+02
-1.363e+02
-1.363e+02
-1.363e+02
-1.363e+02
-1.363e+02
-1.363e+02
-1.044e+02
-1.848e+02
-1.363e+02
-1.363e+02
-1.363e+02
-1.363e+02
-1.363e+02
-1.363e+02
-1.363e+02
-1.363e+02
-1.363e+02
-1.363e+02
-1.363e+02
-1.363e+02
-1.363e+02
-1.363e+02
-1.363e+02
-1.363e+02
-1.363e+02
-1.363e+02
-1.364e+02
-1.044e+02
-1.848e+02
-1.363e+02
-1.363e+02
-1.363e+02
-1.363e+02
-1.363e+02
-1.363e+02
-1.363e+02
-1.363e+02
-1.363e+02
-1.363e+02
-1.363e+02
-1.363e+02
-1.363e+02
-1.363e+02
-1.363e+02
-1.363e+02
-1.363e+02
-1.363e+02
-1.364e+02
-1.044e+02
-1.848e+02
-1.363e+02
-1.363e+02
-1.363e+02
-1.363e+02
-1.363e+02
-1.363e+02
-1.363e+02
-1.363e+02
-1.363e+02
-1.363e+02
-1.363e+02
-1.363e+02
-1.363e+02
-1.363e+02
-1.363e+02
-1.363e+02
-1.363e+02
-1.363e+02
-1.364e+02
-1.044e+02
-1.848e+02
-1.363e+02
-1.363e+02
-1.363e+02
-1.363e+02
-1.363e+02
-1.363e+02
-1.363e+02
-1.363e+02
-1.363e+02
-1.363e+02
-1.363e+02
-1.363e+02
-1.363e+02
-1.363e+02
-1.363e+02
-1.363e+02
-1.363e+02
-1.363e+02
-1.364e+02
-1.044e+02
-1.848e+02
-1.363e+02
-1.363e+02
-1.363e+02
-1.363e+02
-1.363e+02
-1.363e+02
-1.363e+02
-1.363e+02
-1.363e+02
-1.363e+02
-1.363e+02
-1.363e+02
-1.363e+02
-1.363e+02
-1.363e+02
-1.363e+02
-1.363e+02
-1.363e+02
-1.364e+02
-1.044e+02
-1.848e+02
-1.363e+02
-1.363e+02
-1.363e+02
-1.363e+02
-1.363e+02
-1.363e+02
-1.363e+02
-1.363e+02
-1.363e+02
-1.363e+02
-1.363e+02
-1.363e+02
-1.363e+02
-1.363e+02
-1.363e+02
-1.363e+02
-1.363e+02
-1.363e+02
-1.364e+02
-1.044e+02
-1.848e+02
-1.363e+02
-1.363e+02
-1.363e+02
-1.363e+02
-1.363e+02
-1.363e+02
-1.363e+02
-1.363e+02
-1.363e+02
-1.363e+02
-1.363e+02
-1.363e+02
-1.363e+02
-1.363e+02
-1.363e+02
-1.363e+02
-1.363e+02
-1.363e+02
-1.364e+02
-1.044e+02
-1.849e+02
-1.363e+02
-1.364e+02
-1.364e+02
-1.364e+02
-1.364e+02
-1.364e+02
-1.364e+02
-1.364e+02
-1.364e+02
-1.364e+02
-1.364e+02
-1.364e+02
-1.364e+02
-1.364e+02
-1.364e+02
-1.364e+02
-1.364e+02
-1.364e+02
-1.364e+02
-1.044e+02
-1.363e+02
-1.044e+02
-1.044e+02
-1.044e+02
-1.044e+02
-1.044e+02
-1.044e+02
-1.044e+02
-1.044e+02
-1.044e+02
-1.044e+02
-1.044e+02
-1.044e+02
-1.044e+02
-1.044e+02
-1.044e+02
-1.044e+02
-1.044e+02
-1.044e+02
-1.044e+02
-9.216e+01
-6.394e+00
-5.593e+00
-5.593e+00
-5.593e+00
-5.593e+00
-5.593e+00
-5.593e+00
-5.593e+00
-5.593e+00
-5.593e+00
-5.593e+00
-5.593e+00
-5.593e+00
-5.593e+00
-5.593e+00
-5.593e+00
-5.593e+00
-5.592e+00
-5.593e+00
-5.587e+00
-4.653e+00
-5.593e+00
-4.654e+00
-4.655e+00
-4.655e+00
-4.655e+00
-4.655e+00
-4.655e+00
-4.655e+00
-4.655e+00
-4.655e+00
-4.655e+00
-4.655e+00
-4.655e+00
-4.655e+00
-4.655e+00
-4.655e+00
-4.655e+00
-4.655e+00
-4.655e+00
-4.653e+00
-4.129e+00
-5.593e+00
-4.655e+00
-4.656e+00
-4.656e+00
-4.656e+00
-4.656e+00
-4.656e+00
-4.656e+00
-4.656e+00
-4.656e+00
-4.656e+00
-4.656e+00
-4.656e+00
-4.656e+00
-4.656e+00
-4.656e+00
-4.656e+00
-4.656e+00
-4.656e+00
-4.653e+00
-4.129e+00
-5.593e+00
-4.655e+00
-4.656e+00
-4.656e+00
-4.656e+00
-4.656e+00
-4.656e+00
-4.656e+00
-4.656e+00
-4.656e+00
-4.656e+00
-4.656e+00
-4.656e+00
-4.656e+00
-4.656e+00
-4.656e+00
-4.656e+00
-4.656e+00
-4.656e+00
-4.653e+00
-4.129e+00
-5.593e+00
-4.655e+00
-4.656e+00
-4.656e+00
-4.656e+00
-4.656e+00
-4.656e+00
-4.656e+00
-4.656e+00
-4.656e+00
-4.656e+00
-4.656e+00
-4.656e+00
-4.656e+00
-4.656e+00
-4.656e+00
-4.656e+00
-4.656e+00
-4.656e+00
-4.653e+00
-4.129e+00
-5.593e+00
-4.655e+00
-4.656e+00
-4.656e+00
-4.656e+00
-4.656e+00
-4.656e+00
-4.656e+00
-4.656e+00
-4.656e+00
-4.656e+00
-4.656e+00
-4.656e+00
-4.656e+00
-4.656e+00
-4.656e+00
-4.656e+00
-4.656e+00
-4.656e+00
-4.653e+00
-4.129e+00
-5.593e+00
-4.655e+00
-4.656e+00
-4.656e+00
-4.656e+00
-4.656e+00
-4.656e+00
-4.656e+00
-4.656e+00
-4.656e+00
-4.656e+00
-4.656e+00
-4.656e+00
-4.656e+00
-4.656e+00
-4.656e+00
-4.656e+00
-4.656e+00
-4.656e+00
-4.653e+00
-4.129e+00
-5.593e+00
-4.655e+00
-4.656e+00
-4.656e+00
-4.656e+00
-4.656e+00
-4.656e+00
-4.656e+00
-4.656e+00
-4.656e+00
-4.656e+00
-4.656e+00
-4.656e+00
-4.656e+00
-4.656e+00
-4.656e+00
-4.656e+00
-4.656e+00
-4.656e+00
-4.653e+00
-4.129e+00
-5.592e+00
-4.655e+00
-4.656e+00
-4.656e+00
-4.656e+00
-4.656e+00
-4.656e+00
-4.656e+00
-4.656e+00
-4.656e+00
-4.656e+00
-4.656e+00
-4.656e+00
-4.656e+00
-4.656e+00
-4.656e+00
-4.656e+00
-4.656e+00
-4.656e+00
-4.653e+00
-4.129e+00
-5.631e+00
-4.669e+00
-4.670e+00
-4.670e+00
-4.670e+00
-4.670e+00
-4.670e+00
-4.670e+00
-4.670e+00
-4.670e+00
-4.670e+00
-4.670e+00
-4.670e+00
-4.670e+00
-4.670e+00
-4.670e+00
-4.670e+00
-4.670e+00
-4.670e+00
-4.667e+00
-4.141e+00
-1.509e+02
-1.270e+02
-1.267e+02
-1.267e+02
-1.267e+02
-1.267e+02
-1.267e+02
-1.267e+02
-1.267e+02
-1.267e+02
-1.267e+02
-1.267e+02
-1.267e+02
-1.267e+02
-1.267e+02
-1.267e+02
-1.267e+02
-1.267e+02
-1.267e+02
-1.267e+02
-1.082e+02
-1.506e+02
-1.342e+02
-1.345e+02
-1.345e+02
-1.345e+02
-1.345e+02
-1.345e+02
-1.345e+02
-1.345e+02
-1.345e+02
-1.345e+02
-1.345e+02
-1.345e+02
-1.345e+02
-1.345e+02
-1.345e+02
-1.345e+02
-1.345e+02
-1.345e+02
-1.344e+02
-1.211e+02
-1.508e+02
-1.345e+02
-1.345e+02
-1.345e+02
-1.345e+02
-1.345e+02
-1.345e+02
-1.345e+02
-1.345e+02
-1.345e+02
-1.345e+02
-1.345e+02
-1.345e+02
-1.345e+02
-1.345e+02
-1.345e+02
-1.345e+02
-1.345e+02
-1.345e+02
-1.345e+02
-1.211e+02
-1.508e+02
-1.345e+02
-1.345e+02
-1.345e+02
-1.345e+02
-1.345e+02
-1.345e+02
-1.345e+02
-1.345e+02
-1.345e+02
-1.345e+02
-1.345e+02
-1.345e+02
-1.345e+02
-1.345e+02
-1.345e+02
-1.345e+02
-1.345e+02
-1.345e+02
-1.345e+02
-1.212e+02
-1.508e+02
-1.345e+02
-1.345e+02
-1.345e+02
-1.345e+02
-1.345e+02
-1.345e+02
-1.345e+02
-1.345e+02
-1.345e+02
-1.345e+02
-1.345e+02
-1.345e+02
-1.345e+02
-1.345e+02
-1.345e+02
-1.345e+02
-1.345e+02
-1.345e+02
-1.345e+02
-1.211e+02
-1.508e+02
-1.345e+02
-1.345e+02
-1.345e+02
-1.345e+02
-1.345e+02
-1.345e+02
-1.345e+02
-1.345e+02
-1.345e+02
-1.345e+02
-1.345e+02
-1.345e+02
-1.345e+02
-1.345e+02
-1.345e+02
-1.345e+02
-1.345e+02
-1.345e+02
-1.345e+02
-1.212e+02
-1.508e+02
-1.345e+02
-1.345e+02
-1.345e+02
-1.345e+02
-1.345e+02
-1.345e+02
-1.345e+02
-1.345e+02
-1.345e+02
-1.345e+02
-1.345e+02
-1.345e+02
-1.345e+02
-1.345e+02
-1.345e+02
-1.345e+02
-1.345e+02
-1.345e+02
-1.345e+02
-1.212e+02
-1.508e+02
-1.345e+02
-1.345e+02
-1.345e+02
-1.345e+02
-1.345e+02
-1.345e+02
-1.345e+02
-1.345e+02
-1.345e+02
-1.345e+02
-1.345e+02
-1.345e+02
-1.345e+02
-1.345e+02
-1.345e+02
-1.345e+02
-1.345e+02
-1.345e+02
-1.345e+02
-1.212e+02
-1.508e+02
-1.345e+02
-1.345e+02
-1.345e+02
-1.345e+02
-1.345e+02
-1.345e+02
-1.345e+02
-1.345e+02
-1.345e+02
-1.345e+02
-1.345e+02
-1.345e+02
-1.345e+02
-1.345e+02
-1.345e+02
-1.345e+02
-1.345e+02
-1.345e+02
-1.345e+02
-1.212e+02
-1.505e+02
-1.344e+02
-1.345e+02
-1.345e+02
-1.345e+02
-1.345e+02
-1.345e+02
-1.345e+02
-1.345e+02
-1.345e+02
-1.345e+02
-1.345e+02
-1.345e+02
-1.345e+02
-1.345e+02
-1.345e+02
-1.345e+02
-1.345e+02
-1.345e+02
-1.344e+02
-1.211e+02
-1.344e+02
-1.212e+02
-1.212e+02
-1.212e+02
-1.212e+02
-1.212e+02
-1.212e+02
-1.212e+02
-1.212e+02
-1.212e+02
-1.212e+02
-1.212e+02
-1.212e+02
-1.212e+02
-1.212e+02
-1.212e+02
-1.212e+02
-1.212e+02
-1.212e+02
-1.211e+02
-1.153e+02
-5.410e+00
-5.076e+00
-5.076e+00
-5.076e+00
-5.076e+00
-5.076e+00
-5.076e+00
-5.076e+00
-5.076e+00
-5.076e+00
-5.076e+00
-5.076e+00
-5.076e+00
-5.076e+00
-5.076e+00
-5.076e+00
-5.076e+00
-5.076e+00
-5.076e+00
-5.078e+00
-4.597e+00
-5.076e+00
-4.598e+00
-4.598e+00
-4.598e+00
-4.598e+00
-4.598e+00
-4.598e+00
-4.598e+00
-4.598e+00
-4.598e+00
-4.598e+00
-4.598e+00
-4.598e+00
-4.598e+00
-4.598e+00
-4.598e+00
-4.598e+00
-4.598e+00
-4.597e+00
-4.597e+00
-4.279e+00
-5.076e+00
-4.598e+00
-4.598e+00
-4.598e+00
-4.598e+00
-4.598e+00
-4.598e+00
-4.598e+00
-4.598e+00
-4.598e+00
-4.598e+00
-4.598e+00
-4.598e+00
-4.598e+00
-4.598e+00
-4.598e+00
-4.598e+00
-4.598e+00
-4.598e+00
-4.597e+00
-4.278e+00
-5.076e+00
-4.598e+00
-4.598e+00
-4.598e+00
-4.598e+00
-4.598e+00
-4.598e+00
-4.598e+00
-4.598e+00
-4.598e+00
-4.598e+00
-4.598e+00
-4.598e+00
-4.598e+00
-4.598e+00
-4.598e+00
-4.598e+00
-4.598e+00
-4.598e+00
-4.597e+00
-4.278e+00
-5.076e+00
-4.598e+00
-4.598e+00
-4.598e+00
-4.598e+00
-4.598e+00
-4.598e+00
-4.598e+00
-4.598e+00
-4.598e+00
-4.598e+00
-4.598e+00
-4.598e+00
-4.598e+00
-4.598e+00
-4.598e+00
-4.598e+00
-4.598e+00
-4.598e+00
-4.597e+00
-4.278e+00
-5.076e+00
-4.598e+00
-4.598e+00
-4.598e+00
-4.598e+00
-4.598e+00
-4.598e+00
-4.598e+00
-4.598e+00
-4.598e+00
-4.598e+00
-4.598e+00
-4.598e+00
-4.598e+00
-4.598e+00
-4.598e+00
-4.598e+00
-4.598e+00
-4.598e+00
-4.597e+00
-4.278e+00
-5.076e+00
-4.598e+00
-4.598e+00
-4.598e+00
-4.598e+00
-4.598e+00
-4.598e+00
-4.598e+00
-4.598e+00
-4.598e+00
-4.598e+00
-4.598e+00
-4.598e+00
-4.598e+00
-4.598e+00
-4.598e+00
-4.598e+00
-4.598e+00
-4.598e+00
-4.597e+00
-4.278e+00
-5.076e+00
-4.598e+00
-4.598e+00
-4.598e+00
-4.598e+00
-4.598e+00
-4.598e+00
-4.598e+00
-4.598e+00
-4.598e+00
-4.598e+00
-4.598e+00
-4.598e+00
-4.598e+00
-4.598e+00
-4.598e+00
-4.598e+00
-4.598e+00
-4.598e+00
-4.597e+00
-4.278e+00
-5.075e+00
-4.597e+00
-4.597e+00
-4.597e+00
-4.597e+00
-4.597e+00
-4.597e+00
-4.597e+00
-4.597e+00
-4.597e+00
-4.597e+00
-4.597e+00
-4.597e+00
-4.597e+00
-4.597e+00
-4.597e+00
-4.597e+00
-4.597e+00
-4.597e+00
-4.597e+00
-4.278e+00
-5.089e+00
-4.621e+00
-4.621e+00
-4.621e+00
-4.621e+00
-4.621e+00
-4.621e+00
-4.621e+00
-4.621e+00
-4.621e+00
-4.621e+00
-4.621e+00
-4.621e+00
-4.621e+00
-4.621e+00
-4.621e+00
-4.621e+00
-4.621e+00
-4.621e+00
-4.621e+00
-4.300e+00
-1.345e+02
-1.194e+02
-1.194e+02
-1.194e+02
-1.194e+02
-1.194e+02
-1.194e+02
-1.194e+02
-1.194e+02
-1.194e+02
-1.194e+02
-1.194e+02
-1.194e+02
-1.194e+02
-1.194e+02
-1.194e+02
-1.194e+02
-1.194e+02
-1.194e+02
-1.194e+02
-1.051e+02
-1.377e+02
-1.286e+02
-1.295e+02
-1.295e+02
-1.295e+02
-1.295e+02
-1.295e+02
-1.295e+02
-1.295e+02
-1.295e+02
-1.295e+02
-1.295e+02
-1.295e+02
-1.295e+02
-1.295e+02
-1.295e+02
-1.295e+02
-1.295e+02
-1.295e+02
-1.294e+02
-1.209e+02
-1.385e+02
-1.293e+02
-1.295e+02
-1.295e+02
-1.295e+02
-1.295e+02
-1.295e+02
-1.295e+02
-1.295e+02
-1.295e+02
-1.295e+02
-1.295e+02
-1.295e+02
-1.295e+02
-1.295e+02
-1.295e+02
-1.295e+02
-1.295e+02
-1.295e+02
-1.295e+02
-1.209e+02
-1.384e+02
-1.293e+02
-1.295e+02
-1.295e+02
-1.295e+02
-1.295e+02
-1.295e+02
-1.295e+02
-1.295e+02
-1.295e+02
-1.295e+02
-1.295e+02
-1.295e+02
-1.295e+02
-1.295e+02
-1.295e+02
-1.295e+02
-1.295e+02
-1.295e+02
-1.295e+02
-1.210e+02
-1.384e+02
-1.293e+02
-1.295e+02
-1.295e+02
-1.295e+02
-1.295e+02
-1.295e+02
-1.295e+02
-1.295e+02
-1.295e+02
-1.295e+02
-1.295e+02
-1.295e+02
-1.295e+02
-1.295e+02
-1.295e+02
-1.295e+02
-1.295e+02
-1.295e+02
-1.295e+02
-1.209e+02
-1.384e+02
-1.293e+02
-1.295e+02
-1.295e+02
-1.295e+02
-1.295e+02
-1.295e+02
-1.295e+02
-1.295e+02
-1.295e+02
-1.295e+02
-1.295e+02
-1.295e+02
-1.295e+02
-1.295e+02
-1.295e+02
-1.295e+02
-1.295e+02
-1.295e+02
-1.295e+02
-1.210e+02
-1.384e+02
-1.293e+02
-1.295e+02
-1.295e+02
-1.295e+02
-1.295e+02
-1.295e+02
-1.295e+02
-1.295e+02
-1.295e+02
-1.295e+02
-1.295e+02
-1.295e+02
-1.295e+02
-1.295e+02
-1.295e+02
-1.295e+02
-1.295e+02
-1.295e+02
-1.295e+02
-1.210e+02
-1.384e+02
-1.293e+02
-1.295e+02
-1.295e+02
-1.295e+02
-1.295e+02
-1.295e+02
-1.295e+02
-1.295e+02
-1.295e+02
-1.295e+02
-1.295e+02
-1.295e+02
-1.295e+02
-1.295e+02
-1.295e+02
-1.295e+02
-1.295e+02
-1.295e+02
-1.295e+02
-1.210e+02
-1.384e+02
-1.293e+02
-1.295e+02
-1.295e+02
-1.295e+02
-1.295e+02
-1.295e+02
-1.295e+02
-1.295e+02
-1.295e+02
-1.295e+02
-1.295e+02
-1.295e+02
-1.295e+02
-1.295e+02
-1.295e+02
-1.295e+02
-1.295e+02
-1.295e+02
-1.295e+02
-1.210e+02
-1.385e+02
-1.293e+02
-1.295e+02
-1.295e+02
-1.295e+02
-1.295e+02
-1.295e+02
-1.295e+02
-1.295e+02
-1.295e+02
-1.295e+02
-1.295e+02
-1.295e+02
-1.295e+02
-1.295e+02
-1.295e+02
-1.295e+02
-1.295e+02
-1.295e+02
-1.295e+02
-1.209e+02
-1.291e+02
-1.207e+02
-1.210e+02
-1.210e+02
-1.210e+02
-1.210e+02
-1.210e+02
-1.210e+02
-1.210e+02
-1.210e+02
-1.210e+02
-1.210e+02
-1.210e+02
-1.210e+02
-1.210e+02
-1.210e+02
-1.210e+02
-1.210e+02
-1.210e+02
-1.209e+02
-1.168e+02
-4.904e+00
-4.747e+00
-4.747e+00
-4.747e+00
-4.747e+00
-4.747e+00
-4.747e+00
-4.747e+00
-4.747e+00
-4.747e+00
-4.747e+00
-4.747e+00
-4.747e+00
-4.747e+00
-4.747e+00
-4.747e+00
-4.747e+00
-4.747e+00
-4.747e+00
-4.748e+00
-4.485e+00
-4.747e+00
-4.485e+00
-4.485e+00
-4.485e+00
-4.485e+00
-4.485e+00
-4.485e+00
-4.485e+00
-4.485e+00
-4.485e+00
-4.485e+00
-4.485e+00
-4.485e+00
-4.485e+00
-4.485e+00
-4.485e+00
-4.485e+00
-4.485e+00
-4.484e+00
-4.485e+00
-4.268e+00
-4.747e+00
-4.485e+00
-4.484e+00
-4.484e+00
-4.484e+00
-4.484e+00
-4.484e+00
-4.484e+00
-4.484e+00
-4.484e+00
-4.484e+00
-4.484e+00
-4.484e+00
-4.484e+00
-4.484e+00
-4.484e+00
-4.484e+00
-4.484e+00
-4.484e+00
-4.485e+00
-4.268e+00
-4.747e+00
-4.485e+00
-4.484e+00
-4.484e+00
-4.484e+00
-4.484e+00
-4.484e+00
-4.484e+00
-4.484e+00
-4.484e+00
-4.484e+00
-4.484e+00
-4.484e+00
-4.484e+00
-4.484e+00
-4.484e+00
-4.484e+00
-4.484e+00
-4.484e+00
-4.485e+00
-4.268e+00
-4.747e+00
-4.485e+00
-4.484e+00
-4.484e+00
-4.484e+00
-4.484e+00
-4.484e+00
-4.484e+00
-4.484e+00
-4.484e+00
-4.484e+00
-4.484e+00
-4.484e+00
-4.484e+00
-4.484e+00
-4.484e+00
-4.484e+00
-4.484e+00
-4.484e+00
-4.485e+00
-4.268e+00
-4.747e+00
-4.485e+00
-4.484e+00
-4.484e+00
-4.484e+00
-4.484e+00
-4.484e+00
-4.484e+00
-4.484e+00
-4.484e+00
-4.484e+00
-4.484e+00
-4.484e+00
-4.484e+00
-4.484e+00
-4.484e+00
-4.484e+00
-4.484e+00
-4.484e+00
-4.485e+00
-4.268e+00
-4.747e+00
-4.485e+00
-4.484e+00
-4.484e+00
-4.484e+00
-4.484e+00
-4.484e+00
-4.484e+00
-4.484e+00
-4.484e+00
-4.484e+00
-4.484e+00
-4.484e+00
-4.484e+00
-4.484e+00
-4.484e+00
-4.484e+00
-4.484e+00
-4.484e+00
-4.485e+00
-4.268e+00
-4.747e+00
-4.485e+00
-4.484e+00
-4.484e+00
-4.484e+00
-4.484e+00
-4.484e+00
-4.484e+00
-4.484e+00
-4.484e+00
-4.484e+00
-4.484e+00
-4.484e+00
-4.484e+00
-4.484e+00
-4.484e+00
-4.484e+00
-4.484e+00
-4.484e+00
-4.485e+00
-4.268e+00
-4.748e+00
-4.485e+00
-4.485e+00
-4.485e+00
-4.485e+00
-4.485e+00
-4.485e+00
-4.485e+00
-4.485e+00
-4.485e+00
-4.485e+00
-4.485e+00
-4.485e+00
-4.485e+00
-4.485e+00
-4.485e+00
-4.485e+00
-4.485e+00
-4.485e+00
-4.485e+00
-4.268e+00
-4.759e+00
-4.497e+00
-4.497e+00
-4.497e+00
-4.497e+00
-4.497e+00
-4.497e+00
-4.497e+00
-4.497e+00
-4.497e+00
-4.497e+00
-4.497e+00
-4.497e+00
-4.497e+00
-4.497e+00
-4.497e+00
-4.497e+00
-4.497e+00
-4.497e+00
-4.497e+00
-4.283e+00
-1.092e+02
-9.794e+01
-9.779e+01
-9.782e+01
-9.782e+01
-9.782e+01
-9.782e+01
-9.782e+01
-9.782e+01
-9.782e+01
-9.782e+01
-9.782e+01
-9.782e+01
-9.782e+01
-9.782e+01
-9.782e+01
-9.782e+01
-9.782e+01
-9.782e+01
-9.779e+01
-8.747e+01
-1.168e+02
-1.086e+02
-1.083e+02
-1.083e+02
-1.083e+02
-1.083e+02
-1.083e+02
-1.083e+02
-1.083e+02
-1.083e+02
-1.083e+02
-1.083e+02
-1.083e+02
-1.083e+02
-1.083e+02
-1.083e+02
-1.083e+02
-1.083e+02
-1.083e+02
-1.083e+02
-9.968e+01
-1.169e+02
-1.084e+02
-1.082e+02
-1.082e+02
-1.082e+02
-1.082e+02
-1.082e+02
-1.082e+02
-1.082e+02
-1.082e+02
-1.082e+02
-1.082e+02
-1.082e+02
-1.082e+02
-1.082e+02
-1.082e+02
-1.082e+02
-1.082e+02
-1.082e+02
-1.082e+02
-9.938e+01
-1.168e+02
-1.084e+02
-1.081e+02
-1.081e+02
-1.081e+02
-1.081e+02
-1.081e+02
-1.081e+02
-1.081e+02
-1.081e+02
-1.081e+02
-1.081e+02
-1.081e+02
-1.081e+02
-1.081e+02
-1.081e+02
-1.081e+02
-1.081e+02
-1.081e+02
-1.081e+02
-9.937e+01
-1.168e+02
-1.084e+02
-1.081e+02
-1.081e+02
-1.081e+02
-1.081e+02
-1.081e+02
-1.081e+02
-1.081e+02
-1.081e+02
-1.081e+02
-1.081e+02
-1.081e+02
-1.081e+02
-1.081e+02
-1.081e+02
-1.081e+02
-1.081e+02
-1.081e+02
-1.081e+02
-9.937e+01
-1.168e+02
-1.084e+02
-1.081e+02
-1.081e+02
-1.081e+02
-1.081e+02
-1.081e+02
-1.081e+02
-1.081e+02
-1.081e+02
-1.081e+02
-1.081e+02
-1.081e+02
-1.081e+02
-1.081e+02
-1.081e+02
-1.081e+02
-1.081e+02
-1.081e+02
-1.081e+02
-9.937e+01
-1.168e+02
-1.084e+02
-1.081e+02
-1.081e+02
-1.081e+02
-1.081e+02
-1.081e+02
-1.081e+02
-1.081e+02
-1.081e+02
-1.081e+02
-1.081e+02
-1.081e+02
-1.081e+02
-1.081e+02
-1.081e+02
-1.081e+02
-1.081e+02
-1.081e+02
-1.081e+02
-9.937e+01
-1.168e+02
-1.084e+02
-1.081e+02
-1.081e+02
-1.081e+02
-1.081e+02
-1.081e+02
-1.081e+02
-1.081e+02
-1.081e+02
-1.081e+02
-1.081e+02
-1.081e+02
-1.081e+02
-1.081e+02
-1.081e+02
-1.081e+02
-1.081e+02
-1.081e+02
-1.081e+02
-9.937e+01
-1.168e+02
-1.084e+02
-1.081e+02
-1.081e+02
-1.081e+02
-1.081e+02
-1.081e+02
-1.081e+02
-1.081e+02
-1.081e+02
-1.081e+02
-1.081e+02
-1.081e+02
-1.081e+02
-1.081e+02
-1.081e+02
-1.081e+02
-1.081e+02
-1.081e+02
-1.081e+02
-9.937e+01
-1.168e+02
-1.084e+02
-1.081e+02
-1.081e+02
-1.081e+02
-1.081e+02
-1.081e+02
-1.081e+02
-1.081e+02
-1.081e+02
-1.081e+02
-1.081e+02
-1.081e+02
-1.081e+02
-1.081e+02
-1.081e+02
-1.081e+02
-1.081e+02
-1.081e+02
-1.081e+02
-9.937e+01
-1.085e+02
-9.963e+01
-9.937e+01
-9.937e+01
-9.937e+01
-9.937e+01
-9.937e+01
-9.937e+01
-9.937e+01
-9.937e+01
-9.937e+01
-9.937e+01
-9.937e+01
-9.937e+01
-9.937e+01
-9.937e+01
-9.937e+01
-9.937e+01
-9.937e+01
-9.937e+01
-9.488e+01
-4.488e+00
-4.401e+00
-4.401e+00
-4.401e+00
-4.401e+00
-4.401e+00
-4.401e+00
-4.401e+00
-4.401e+00
-4.401e+00
-4.401e+00
-4.401e+00
-4.401e+00
-4.401e+00
-4.401e+00
-4.401e+00
-4.401e+00
-4.401e+00
-4.401e+00
-4.401e+00
-4.237e+00
-4.401e+00
-4.237e+00
-4.237e+00
-4.237e+00
-4.237e+00
-4.237e+00
-4.237e+00
-4.237e+00
-4.237e+00
-4.237e+00
-4.237e+00
-4.237e+00
-4.237e+00
-4.237e+00
-4.237e+00
-4.237e+00
-4.237e+00
-4.237e+00
-4.237e+00
-4.237e+00
-4.092e+00
-4.401e+00
-4.237e+00
-4.237e+00
-4.237e+00
-4.237e+00
-4.237e+00
-4.237e+00
-4.237e+00
-4.237e+00
-4.237e+00
-4.237e+00
-4.237e+00
-4.237e+00
-4.237e+00
-4.237e+00
-4.237e+00
-4.237e+00
-4.237e+00
-4.237e+00
-4.237e+00
-4.092e+00
-4.401e+00
-4.237e+00
-4.237e+00
-4.237e+00
-4.237e+00
-4.237e+00
-4.237e+00
-4.237e+00
-4.237e+00
-4.237e+00
-4.237e+00
-4.237e+00
-4.237e+00
-4.237e+00
-4.237e+00
-4.237e+00
-4.237e+00
-4.237e+00
-4.237e+00
-4.237e+00
-4.092e+00
-4.401e+00
-4.237e+00
-4.237e+00
-4.237e+00
-4.237e+00
-4.237e+00
-4.237e+00
-4.237e+00
-4.237e+00
-4.237e+00
-4.237e+00
-4.237e+00
-4.237e+00
-4.237e+00
-4.237e+00
-4.237e+00
-4.237e+00
-4.237e+00
-4.237e+00
-4.237e+00
-4.092e+00
-4.401e+00
-4.237e+00
-4.237e+00
-4.237e+00
-4.237e+00
-4.237e+00
-4.237e+00
-4.237e+00
-4.237e+00
-4.237e+00
-4.237e+00
-4.237e+00
-4.237e+00
-4.237e+00
-4.237e+00
-4.237e+00
-4.237e+00
-4.237e+00
-4.237e+00
-4.237e+00
-4.092e+00
-4.401e+00
-4.237e+00
-4.237e+00
-4.237e+00
-4.237e+00
-4.237e+00
-4.237e+00
-4.237e+00
-4.237e+00
-4.237e+00
-4.237e+00
-4.237e+00
-4.237e+00
-4.237e+00
-4.237e+00
-4.237e+00
-4.237e+00
-4.237e+00
-4.237e+00
-4.237e+00
-4.092e+00
-4.401e+00
-4.237e+00
-4.237e+00
-4.237e+00
-4.237e+00
-4.237e+00
-4.237e+00
-4.237e+00
-4.237e+00
-4.237e+00
-4.237e+00
-4.237e+00
-4.237e+00
-4.237e+00
-4.237e+00
-4.237e+00
-4.237e+00
-4.237e+00
-4.237e+00
-4.237e+00
-4.092e+00
-4.401e+00
-4.237e+00
-4.237e+00
-4.237e+00
-4.237e+00
-4.237e+00
-4.237e+00
-4.237e+00
-4.237e+00
-4.237e+00
-4.237e+00
-4.237e+00
-4.237e+00
-4.237e+00
-4.237e+00
-4.237e+00
-4.237e+00
-4.237e+00
-4.237e+00
-4.237e+00
-4.092e+00
-4.401e+00
-4.238e+00
-4.239e+00
-4.239e+00
-4.239e+00
-4.239e+00
-4.239e+00
-4.239e+00
-4.239e+00
-4.239e+00
-4.239e+00
-4.239e+00
-4.239e+00
-4.239e+00
-4.239e+00
-4.239e+00
-4.239e+00
-4.239e+00
-4.239e+00
-4.239e+00
-4.095e+00
-5.068e+01
-4.752e+01
-4.806e+01
-4.806e+01
-4.806e+01
-4.806e+01
-4.806e+01
-4.806e+01
-4.806e+01
-4.806e+01
-4.806e+01
-4.806e+01
-4.806e+01
-4.806e+01
-4.806e+01
-4.806e+01
-4.806e+01
-4.806e+01
-4.806e+01
-4.806e+01
-4.422e+01
-4.323e+01
-3.667e+01
-3.671e+01
-3.671e+01
-3.671e+01
-3.671e+01
-3.671e+01
-3.671e+01
-3.671e+01
-3.671e+01
-3.671e+01
-3.671e+01
-3.671e+01
-3.671e+01
-3.671e+01
-3.671e+01
-3.671e+01
-3.671e+01
-3.671e+01
-3.671e+01
-3.152e+01
-4.319e+01
-3.665e+01
-3.672e+01
-3.671e+01
-3.671e+01
-3.671e+01
-3.671e+01
-3.671e+01
-3.671e+01
-3.671e+01
-3.671e+01
-3.671e+01
-3.671e+01
-3.671e+01
-3.671e+01
-3.671e+01
-3.671e+01
-3.671e+01
-3.671e+01
-3.669e+01
-3.153e+01
-4.319e+01
-3.665e+01
-3.671e+01
-3.669e+01
-3.669e+01
-3.669e+01
-3.669e+01
-3.669e+01
-3.669e+01
-3.669e+01
-3.669e+01
-3.669e+01
-3.669e+01
-3.669e+01
-3.669e+01
-3.669e+01
-3.669e+01
-3.669e+01
-3.669e+01
-3.669e+01
-3.152e+01
-4.319e+01
-3.665e+01
-3.671e+01
-3.669e+01
-3.669e+01
-3.669e+01
-3.669e+01
-3.669e+01
-3.669e+01
-3.669e+01
-3.669e+01
-3.669e+01
-3.669e+01
-3.669e+01
-3.669e+01
-3.669e+01
-3.669e+01
-3.669e+01
-3.669e+01
-3.669e+01
-3.152e+01
-4.319e+01
-3.665e+01
-3.671e+01
-3.669e+01
-3.669e+01
-3.669e+01
-3.669e+01
-3.669e+01
-3.669e+01
-3.669e+01
-3.669e+01
-3.669e+01
-3.669e+01
-3.669e+01
-3.669e+01
-3.669e+01
-3.669e+01
-3.669e+01
-3.669e+01
-3.669e+01
-3.152e+01
-4.319e+01
-3.665e+01
-3.671e+01
-3.669e+01
-3.669e+01
-3.669e+01
-3.669e+01
-3.669e+01
-3.669e+01
-3.669e+01
-3.669e+01
-3.669e+01
-3.669e+01
-3.669e+01
-3.669e+01
-3.669e+01
-3.669e+01
-3.669e+01
-3.669e+01
-3.669e+01
-3.152e+01
-4.319e+01
-3.665e+01
-3.671e+01
-3.669e+01
-3.669e+01
-3.669e+01
-3.669e+01
-3.669e+01
-3.669e+01
-3.669e+01
-3.669e+01
-3.669e+01
-3.669e+01
-3.669e+01
-3.669e+01
-3.669e+01
-3.669e+01
-3.669e+01
-3.669e+01
-3.669e+01
-3.152e+01
-4.319e+01
-3.665e+01
-3.671e+01
-3.669e+01
-3.669e+01
-3.669e+01
-3.669e+01
-3.669e+01
-3.669e+01
-3.669e+01
-3.669e+01
-3.669e+01
-3.669e+01
-3.669e+01
-3.669e+01
-3.669e+01
-3.669e+01
-3.669e+01
-3.669e+01
-3.669e+01
-3.152e+01
-4.319e+01
-3.665e+01
-3.669e+01
-3.669e+01
-3.669e+01
-3.669e+01
-3.669e+01
-3.669e+01
-3.669e+01
-3.669e+01
-3.669e+01
-3.669e+01
-3.669e+01
-3.669e+01
-3.669e+01
-3.669e+01
-3.669e+01
-3.669e+01
-3.669e+01
-3.669e+01
-3.151e+01
-3.663e+01
-3.146e+01
-3.153e+01
-3.152e+01
-3.152e+01
-3.152e+01
-3.152e+01
-3.152e+01
-3.152e+01
-3.152e+01
-3.152e+01
-3.152e+01
-3.152e+01
-3.152e+01
-3.152e+01
-3.152e+01
-3.152e+01
-3.152e+01
-3.152e+01
-3.151e+01
-2.934e+01
-4.000e+00
-3.982e+00
-3.982e+00
-3.982e+00
-3.982e+00
-3.982e+00
-3.982e+00
-3.982e+00
-3.982e+00
-3.982e+00
-3.982e+00
-3.982e+00
-3.982e+00
-3.982e+00
-3.982e+00
-3.982e+00
-3.982e+00
-3.982e+00
-3.982e+00
-3.982e+00
-3.948e+00
-3.982e+00
-3.948e+00
-3.948e+00
-3.948e+00
-3.948e+00
-3.948e+00
-3.948e+00
-3.948e+00
-3.948e+00
-3.948e+00
-3.948e+00
-3.948e+00
-3.948e+00
-3.948e+00
-3.948e+00
-3.948e+00
-3.948e+00
-3.948e+00
-3.948e+00
-3.948e+00
-3.917e+00
-3.982e+00
-3.948e+00
-3.948e+00
-3.948e+00
-3.948e+00
-3.948e+00
-3.948e+00
-3.948e+00
-3.948e+00
-3.948e+00
-3.948e+00
-3.948e+00
-3.948e+00
-3.948e+00
-3.948e+00
-3.948e+00
-3.948e+00
-3.948e+00
-3.948e+00
-3.948e+00
-3.917e+00
-3.982e+00
-3.948e+00
-3.948e+00
-3.948e+00
-3.948e+00
-3.948e+00
-3.948e+00
-3.948e+00
-3.948e+00
-3.948e+00
-3.948e+00
-3.948e+00
-3.948e+00
-3.948e+00
-3.948e+00
-3.948e+00
-3.948e+00
-3.948e+00
-3.948e+00
-3.948e+00
-3.917e+00
-3.982e+00
-3.948e+00
-3.948e+00
-3.948e+00
-3.948e+00
-3.948e+00
-3.948e+00
-3.948e+00
-3.948e+00
-3.948e+00
-3.948e+00
-3.948e+00
-3.948e+00
-3.948e+00
-3.948e+00
-3.948e+00
-3.948e+00
-3.948e+00
-3.948e+00
-3.948e+00
-3.917e+00
-3.982e+00
-3.948e+00
-3.948e+00
-3.948e+00
-3.948e+00
-3.948e+00
-3.948e+00
-3.948e+00
-3.948e+00
-3.948e+00
-3.948e+00
-3.948e+00
-3.948e+00
-3.948e+00
-3.948e+00
-3.948e+00
-3.948e+00
-3.948e+00
-3.948e+00
-3.948e+00
-3.917e+00
-3.982e+00
-3.948e+00
-3.948e+00
-3.948e+00
-3.948e+00
-3.948e+00
-3.948e+00
-3.948e+00
-3.948e+00
-3.948e+00
-3.948e+00
-3.948e+00
-3.948e+00
-3.948e+00
-3.948e+00
-3.948e+00
-3.948e+00
-3.948e+00
-3.948e+00
-3.948e+00
-3.917e+00
-3.982e+00
-3.948e+00
-3.948e+00
-3.948e+00
-3.948e+00
-3.948e+00
-3.948e+00
-3.948e+00
-3.948e+00
-3.948e+00
-3.948e+00
-3.948e+00
-3.948e+00
-3.948e+00
-3.948e+00
-3.948e+00
-3.948e+00
-3.948e+00
-3.948e+00
-3.948e+00
-3.917e+00
-3.982e+00
-3.948e+00
-3.948e+00
-3.948e+00
-3.948e+00
-3.948e+00
-3.948e+00
-3.948e+00
-3.948e+00
-3.948e+00
-3.948e+00
-3.948e+00
-3.948e+00
-3.948e+00
-3.948e+00
-3.948e+00
-3.948e+00
-3.948e+00
-3.948e+00
-3.948e+00
-3.917e+00
-3.979e+00
-3.948e+00
-3.947e+00
-3.947e+00
-3.947e+00
-3.947e+00
-3.947e+00
-3.947e+00
-3.947e+00
-3.947e+00
-3.947e+00
-3.947e+00
-3.947e+00
-3.947e+00
-3.947e+00
-3.947e+00
-3.947e+00
-3.947e+00
-3.947e+00
-3.947e+00
-3.920e+00
-1.008e+01
-1.037e+01
-1.036e+01
-1.036e+01
-1.036e+01
-1.036e+01
-1.036e+01
-1.036e+01
-1.036e+01
-1.036e+01
-1.036e+01
-1.036e+01
-1.036e+01
-1.036e+01
-1.036e+01
-1.036e+01
-1.036e+01
-1.036e+01
-1.036e+01
-1.036e+01
-1.044e+01
-9.561e+00
-9.438e+00
-9.420e+00
-9.421e+00
-9.421e+00
-9.421e+00
-9.421e+00
-9.421e+00
-9.421e+00
-9.421e+00
-9.421e+00
-9.421e+00
-9.421e+00
-9.421e+00
-9.421e+00
-9.421e+00
-9.421e+00
-9.421e+00
-9.421e+00
-9.421e+00
-9.264e+00
-9.564e+00
-9.446e+00
-9.429e+00
-9.429e+00
-9.429e+00
-9.429e+00
-9.429e+00
-9.429e+00
-9.429e+00
-9.429e+00
-9.429e+00
-9.429e+00
-9.429e+00
-9.429e+00
-9.429e+00
-9.429e+00
-9.429e+00
-9.429e+00
-9.429e+00
-9.429e+00
-9.275e+00
-9.564e+00
-9.446e+00
-9.429e+00
-9.429e+00
-9.429e+00
-9.429e+00
-9.429e+00
-9.429e+00
-9.429e+00
-9.429e+00
-9.429e+00
-9.429e+00
-9.429e+00
-9.429e+00
-9.429e+00
-9.429e+00
-9.429e+00
-9.429e+00
-9.429e+00
-9.429e+00
-9.275e+00
-9.564e+00
-9.446e+00
-9.429e+00
-9.429e+00
-9.429e+00
-9.429e+00
-9.429e+00
-9.429e+00
-9.429e+00
-9.429e+00
-9.429e+00
-9.429e+00
-9.429e+00
-9.429e+00
-9.429e+00
-9.429e+00
-9.429e+00
-9.429e+00
-9.429e+00
-9.429e+00
-9.275e+00
-9.564e+00
-9.446e+00
-9.429e+00
-9.429e+00
-9.429e+00
-9.429e+00
-9.429e+00
-9.429e+00
-9.429e+00
-9.429e+00
-9.429e+00
-9.429e+00
-9.429e+00
-9.429e+00
-9.429e+00
-9.429e+00
-9.429e+00
-9.429e+00
-9.429e+00
-9.429e+00
-9.275e+00
-9.564e+00
-9.446e+00
-9.429e+00
-9.429e+00
-9.429e+00
-9.429e+00
-9.429e+00
-9.429e+00
-9.429e+00
-9.429e+00
-9.429e+00
-9.429e+00
-9.429e+00
-9.429e+00
-9.429e+00
-9.429e+00
-9.429e+00
-9.429e+00
-9.429e+00
-9.429e+00
-9.275e+00
-9.564e+00
-9.446e+00
-9.429e+00
-9.429e+00
-9.429e+00
-9.429e+00
-9.429e+00
-9.429e+00
-9.429e+00
-9.429e+00
-9.429e+00
-9.429e+00
-9.429e+00
-9.429e+00
-9.429e+00
-9.429e+00
-9.429e+00
-9.429e+00
-9.429e+00
-9.429e+00
-9.275e+00
-9.564e+00
-9.446e+00
-9.429e+00
-9.429e+00
-9.429e+00
-9.429e+00
-9.429e+00
-9.429e+00
-9.429e+00
-9.429e+00
-9.429e+00
-9.429e+00
-9.429e+00
-9.429e+00
-9.429e+00
-9.429e+00
-9.429e+00
-9.429e+00
-9.429e+00
-9.429e+00
-9.275e+00
-9.564e+00
-9.448e+00
-9.429e+00
-9.429e+00
-9.429e+00
-9.429e+00
-9.429e+00
-9.429e+00
-9.429e+00
-9.429e+00
-9.429e+00
-9.429e+00
-9.429e+00
-9.429e+00
-9.429e+00
-9.429e+00
-9.429e+00
-9.429e+00
-9.429e+00
-9.434e+00
-9.275e+00
-9.456e+00
-9.298e+00
-9.275e+00
-9.275e+00
-9.275e+00
-9.275e+00
-9.275e+00
-9.275e+00
-9.275e+00
-9.275e+00
-9.275e+00
-9.275e+00
-9.275e+00
-9.275e+00
-9.275e+00
-9.275e+00
-9.275e+00
-9.275e+00
-9.275e+00
-9.275e+00
-9.178e+00
-4.335e+00
-4.077e+00
-4.077e+00
-4.077e+00
-4.077e+00
-4.077e+00
-4.077e+00
-4.077e+00
-4.077e+00
-4.077e+00
-4.077e+00
-4.077e+00
-4.077e+00
-4.077e+00
-4.077e+00
-4.077e+00
-4.077e+00
-4.077e+00
-4.077e+00
-4.077e+00
-3.700e+00
-4.077e+00
-3.700e+00
-3.700e+00
-3.700e+00
-3.700e+00
-3.700e+00
-3.700e+00
-3.700e+00
-3.700e+00
-3.700e+00
-3.700e+00
-3.700e+00
-3.700e+00
-3.700e+00
-3.700e+00
-3.700e+00
-3.700e+00
-3.700e+00
-3.700e+00
-3.700e+00
-3.432e+00
-4.077e+00
-3.700e+00
-3.700e+00
-3.700e+00
-3.700e+00
-3.700e+00
-3.700e+00
-3.700e+00
-3.700e+00
-3.700e+00
-3.700e+00
-3.700e+00
-3.700e+00
-3.700e+00
-3.700e+00
-3.700e+00
-3.700e+00
-3.700e+00
-3.700e+00
-3.700e+00
-3.433e+00
-4.077e+00
-3.700e+00
-3.700e+00
-3.700e+00
-3.700e+00
-3.700e+00
-3.700e+00
-3.700e+00
-3.700e+00
-3.700e+00
-3.700e+00
-3.700e+00
-3.700e+00
-3.700e+00
-3.700e+00
-3.700e+00
-3.700e+00
-3.700e+00
-3.700e+00
-3.700e+00
-3.433e+00
-4.077e+00
-3.700e+00
-3.700e+00
-3.700e+00
-3.700e+00
-3.700e+00
-3.700e+00
-3.700e+00
-3.700e+00
-3.700e+00
-3.700e+00
-3.700e+00
-3.700e+00
-3.700e+00
-3.700e+00
-3.700e+00
-3.700e+00
-3.700e+00
-3.700e+00
-3.700e+00
-3.433e+00
-4.077e+00
-3.700e+00
-3.700e+00
-3.700e+00
-3.700e+00
-3.700e+00
-3.700e+00
-3.700e+00
-3.700e+00
-3.700e+00
-3.700e+00
-3.700e+00
-3.700e+00
-3.700e+00
-3.700e+00
-3.700e+00
-3.700e+00
-3.700e+00
-3.700e+00
-3.700e+00
-3.433e+00
-4.077e+00
-3.700e+00
-3.700e+00
-3.700e+00
-3.700e+00
-3.700e+00
-3.700e+00
-3.700e+00
-3.700e+00
-3.700e+00
-3.700e+00
-3.700e+00
-3.700e+00
-3.700e+00
-3.700e+00
-3.700e+00
-3.700e+00
-3.700e+00
-3.700e+00
-3.700e+00
-3.433e+00
-4.077e+00
-3.700e+00
-3.700e+00
-3.700e+00
-3.700e+00
-3.700e+00
-3.700e+00
-3.700e+00
-3.700e+00
-3.700e+00
-3.700e+00
-3.700e+00
-3.700e+00
-3.700e+00
-3.700e+00
-3.700e+00
-3.700e+00
-3.700e+00
-3.700e+00
-3.700e+00
-3.433e+00
-4.077e+00
-3.700e+00
-3.700e+00
-3.700e+00
-3.700e+00
-3.700e+00
-3.700e+00
-3.700e+00
-3.700e+00
-3.700e+00
-3.700e+00
-3.700e+00
-3.700e+00
-3.700e+00
-3.700e+00
-3.700e+00
-3.700e+00
-3.700e+00
-3.700e+00
-3.700e+00
-3.433e+00
-4.077e+00
-3.700e+00
-3.700e+00
-3.700e+00
-3.700e+00
-3.700e+00
-3.700e+00
-3.700e+00
-3.700e+00
-3.700e+00
-3.700e+00
-3.700e+00
-3.700e+00
-3.700e+00
-3.700e+00
-3.700e+00
-3.700e+00
-3.700e+00
-3.700e+00
-3.700e+00
-3.433e+00
-7.517e+00
-6.192e+00
-6.193e+00
-6.193e+00
-6.193e+00
-6.193e+00
-6.193e+00
-6.193e+00
-6.193e+00
-6.193e+00
-6.193e+00
-6.193e+00
-6.193e+00
-6.193e+00
-6.193e+00
-6.193e+00
-6.193e+00
-6.193e+00
-6.193e+00
-6.193e+00
-5.364e+00
-7.508e+00
-6.177e+00
-6.178e+00
-6.178e+00
-6.178e+00
-6.178e+00
-6.178e+00
-6.178e+00
-6.178e+00
-6.178e+00
-6.178e+00
-6.178e+00
-6.178e+00
-6.178e+00
-6.178e+00
-6.178e+00
-6.178e+00
-6.178e+00
-6.178e+00
-6.178e+00
-5.332e+00
-7.508e+00
-6.177e+00
-6.178e+00
-6.178e+00
-6.178e+00
-6.178e+00
-6.178e+00
-6.178e+00
-6.178e+00
-6.178e+00
-6.178e+00
-6.178e+00
-6.178e+00
-6.178e+00
-6.178e+00
-6.178e+00
-6.178e+00
-6.178e+00
-6.178e+00
-6.178e+00
-5.332e+00
-7.508e+00
-6.177e+00
-6.178e+00
-6.178e+00
-6.178e+00
-6.178e+00
-6.178e+00
-6.178e+00
-6.178e+00
-6.178e+00
-6.178e+00
-6.178e+00
-6.178e+00
-6.178e+00
-6.178e+00
-6.178e+00
-6.178e+00
-6.178e+00
-6.178e+00
-6.178e+00
-5.332e+00
-7.508e+00
-6.177e+00
-6.178e+00
-6.178e+00
-6.178e+00
-6.178e+00
-6.178e+00
-6.178e+00
-6.178e+00
-6.178e+00
-6.178e+00
-6.178e+00
-6.178e+00
-6.178e+00
-6.178e+00
-6.178e+00
-6.178e+00
-6.178e+00
-6.178e+00
-6.178e+00
-5.332e+00
-7.508e+00
-6.177e+00
-6.178e+00
-6.178e+00
-6.178e+00
-6.178e+00
-6.178e+00
-6.178e+00
-6.178e+00
-6.178e+00
-6.178e+00
-6.178e+00
-6.178e+00
-6.178e+00
-6.178e+00
-6.178e+00
-6.178e+00
-6.178e+00
-6.178e+00
-6.178e+00
-5.332e+00
-7.508e+00
-6.177e+00
-6.178e+00
-6.178e+00
-6.178e+00
-6.178e+00
-6.178e+00
-6.178e+00
-6.178e+00
-6.178e+00
-6.178e+00
-6.178e+00
-6.178e+00
-6.178e+00
-6.178e+00
-6.178e+00
-6.178e+00
-6.178e+00
-6.178e+00
-6.178e+00
-5.332e+00
-7.508e+00
-6.177e+00
-6.178e+00
-6.178e+00
-6.178e+00
-6.178e+00
-6.178e+00
-6.178e+00
-6.178e+00
-6.178e+00
-6.178e+00
-6.178e+00
-6.178e+00
-6.178e+00
-6.178e+00
-6.178e+00
-6.178e+00
-6.178e+00
-6.178e+00
-6.178e+00
-5.332e+00
-7.508e+00
-6.177e+00
-6.178e+00
-6.178e+00
-6.178e+00
-6.178e+00
-6.178e+00
-6.178e+00
-6.178e+00
-6.178e+00
-6.178e+00
-6.178e+00
-6.178e+00
-6.178e+00
-6.178e+00
-6.178e+00
-6.178e+00
-6.178e+00
-6.178e+00
-6.178e+00
-5.332e+00
-7.506e+00
-6.177e+00
-6.178e+00
-6.178e+00
-6.178e+00
-6.178e+00
-6.178e+00
-6.178e+00
-6.178e+00
-6.178e+00
-6.178e+00
-6.178e+00
-6.178e+00
-6.178e+00
-6.178e+00
-6.178e+00
-6.178e+00
-6.178e+00
-6.178e+00
-6.178e+00
-5.332e+00
-6.172e+00
-5.330e+00
-5.332e+00
-5.332e+00
-5.332e+00
-5.332e+00
-5.332e+00
-5.332e+00
-5.332e+00
-5.332e+00
-5.332e+00
-5.332e+00
-5.332e+00
-5.332e+00
-5.332e+00
-5.332e+00
-5.332e+00
-5.332e+00
-5.332e+00
-5.332e+00
-5.024e+00
-3.305e+00
-3.300e+00
-3.300e+00
-3.300e+00
-3.300e+00
-3.300e+00
-3.300e+00
-3.300e+00
-3.300e+00
-3.300e+00
-3.300e+00
-3.300e+00
-3.300e+00
-3.300e+00
-3.300e+00
-3.300e+00
-3.300e+00
-3.300e+00
-3.300e+00
-3.301e+00
-3.289e+00
-3.300e+00
-3.289e+00
-3.289e+00
-3.289e+00
-3.289e+00
-3.289e+00
-3.289e+00
-3.289e+00
-3.289e+00
-3.289e+00
-3.289e+00
-3.289e+00
-3.289e+00
-3.289e+00
-3.289e+00
-3.289e+00
-3.289e+00
-3.289e+00
-3.289e+00
-3.289e+00
-3.278e+00
-3.300e+00
-3.289e+00
-3.288e+00
-3.288e+00
-3.288e+00
-3.288e+00
-3.288e+00
-3.288e+00
-3.288e+00
-3.288e+00
-3.288e+00
-3.288e+00
-3.288e+00
-3.288e+00
-3.288e+00
-3.288e+00
-3.288e+00
-3.288e+00
-3.288e+00
-3.288e+00
-3.278e+00
-3.300e+00
-3.289e+00
-3.288e+00
-3.288e+00
-3.288e+00
-3.288e+00
-3.288e+00
-3.288e+00
-3.288e+00
-3.288e+00
-3.288e+00
-3.288e+00
-3.288e+00
-3.288e+00
-3.288e+00
-3.288e+00
-3.288e+00
-3.288e+00
-3.288e+00
-3.288e+00
-3.278e+00
-3.300e+00
-3.289e+00
-3.288e+00
-3.288e+00
-3.288e+00
-3.288e+00
-3.288e+00
-3.288e+00
-3.288e+00
-3.288e+00
-3.288e+00
-3.288e+00
-3.288e+00
-3.288e+00
-3.288e+00
-3.288e+00
-3.288e+00
-3.288e+00
-3.288e+00
-3.288e+00
-3.278e+00
-3.300e+00
-3.289e+00
-3.288e+00
-3.288e+00
-3.288e+00
-3.288e+00
-3.288e+00
-3.288e+00
-3.288e+00
-3.288e+00
-3.288e+00
-3.288e+00
-3.288e+00
-3.288e+00
-3.288e+00
-3.288e+00
-3.288e+00
-3.288e+00
-3.288e+00
-3.288e+00
-3.278e+00
-3.300e+00
-3.289e+00
-3.288e+00
-3.288e+00
-3.288e+00
-3.288e+00
-3.288e+00
-3.288e+00
-3.288e+00
-3.288e+00
-3.288e+00
-3.288e+00
-3.288e+00
-3.288e+00
-3.288e+00
-3.288e+00
-3.288e+00
-3.288e+00
-3.288e+00
-3.288e+00
-3.278e+00
-3.300e+00
-3.289e+00
-3.288e+00
-3.288e+00
-3.288e+00
-3.288e+00
-3.288e+00
-3.288e+00
-3.288e+00
-3.288e+00
-3.288e+00
-3.288e+00
-3.288e+00
-3.288e+00
-3.288e+00
-3.288e+00
-3.288e+00
-3.288e+00
-3.288e+00
-3.288e+00
-3.278e+00
-3.300e+00
-3.289e+00
-3.288e+00
-3.288e+00
-3.288e+00
-3.288e+00
-3.288e+00
-3.288e+00
-3.288e+00
-3.288e+00
-3.288e+00
-3.288e+00
-3.288e+00
-3.288e+00
-3.288e+00
-3.288e+00
-3.288e+00
-3.288e+00
-3.288e+00
-3.288e+00
-3.278e+00
-3.301e+00
-3.288e+00
-3.288e+00
-3.288e+00
-3.288e+00
-3.288e+00
-3.288e+00
-3.288e+00
-3.288e+00
-3.288e+00
-3.288e+00
-3.288e+00
-3.288e+00
-3.288e+00
-3.288e+00
-3.288e+00
-3.288e+00
-3.288e+00
-3.288e+00
-3.288e+00
-3.276e+00
-4.325e+00
-4.311e+00
-4.311e+00
-4.311e+00
-4.311e+00
-4.311e+00
-4.311e+00
-4.311e+00
-4.311e+00
-4.311e+00
-4.311e+00
-4.311e+00
-4.311e+00
-4.311e+00
-4.311e+00
-4.311e+00
-4.311e+00
-4.311e+00
-4.311e+00
-4.311e+00
-4.284e+00
-4.326e+00
-4.311e+00
-4.311e+00
-4.311e+00
-4.311e+00
-4.311e+00
-4.311e+00
-4.311e+00
-4.311e+00
-4.311e+00
-4.311e+00
-4.311e+00
-4.311e+00
-4.311e+00
-4.311e+00
-4.311e+00
-4.311e+00
-4.311e+00
-4.311e+00
-4.311e+00
-4.289e+00
-4.326e+00
-4.311e+00
-4.311e+00
-4.311e+00
-4.311e+00
-4.311e+00
-4.311e+00
-4.311e+00
-4.311e+00
-4.311e+00
-4.311e+00
-4.311e+00
-4.311e+00
-4.311e+00
-4.311e+00
-4.311e+00
-4.311e+00
-4.311e+00
-4.311e+00
-4.311e+00
-4.289e+00
-4.326e+00
-4.311e+00
-4.311e+00
-4.311e+00
-4.311e+00
-4.311e+00
-4.311e+00
-4.311e+00
-4.311e+00
-4.311e+00
-4.311e+00
-4.311e+00
-4.311e+00
-4.311e+00
-4.311e+00
-4.311e+00
-4.311e+00
-4.311e+00
-4.311e+00
-4.311e+00
-4.289e+00
-4.326e+00
-4.311e+00
-4.311e+00
-4.311e+00
-4.311e+00
-4.311e+00
-4.311e+00
-4.311e+00
-4.311e+00
-4.311e+00
-4.311e+00
-4.311e+00
-4.311e+00
-4.311e+00
-4.311e+00
-4.311e+00
-4.311e+00
-4.311e+00
-4.311e+00
-4.311e+00
-4.289e+00
-4.326e+00
-4.311e+00
-4.311e+00
-4.311e+00
-4.311e+00
-4.311e+00
-4.311e+00
-4.311e+00
-4.311e+00
-4.311e+00
-4.311e+00
-4.311e+00
-4.311e+00
-4.311e+00
-4.311e+00
-4.311e+00
-4.311e+00
-4.311e+00
-4.311e+00
-4.311e+00
-4.289e+00
-4.326e+00
-4.311e+00
-4.311e+00
-4.311e+00
-4.311e+00
-4.311e+00
-4.311e+00
-4.311e+00
-4.311e+00
-4.311e+00
-4.311e+00
-4.311e+00
-4.311e+00
-4.311e+00
-4.311e+00
-4.311e+00
-4.311e+00
-4.311e+00
-4.311e+00
-4.311e+00
-4.289e+00
-4.326e+00
-4.311e+00
-4.311e+00
-4.311e+00
-4.311e+00
-4.311e+00
-4.311e+00
-4.311e+00
-4.311e+00
-4.311e+00
-4.311e+00
-4.311e+00
-4.311e+00
-4.311e+00
-4.311e+00
-4.311e+00
-4.311e+00
-4.311e+00
-4.311e+00
-4.311e+00
-4.289e+00
-4.326e+00
-4.311e+00
-4.311e+00
-4.311e+00
-4.311e+00
-4.311e+00
-4.311e+00
-4.311e+00
-4.311e+00
-4.311e+00
-4.311e+00
-4.311e+00
-4.311e+00
-4.311e+00
-4.311e+00
-4.311e+00
-4.311e+00
-4.311e+00
-4.311e+00
-4.311e+00
-4.289e+00
-4.328e+00
-4.311e+00
-4.311e+00
-4.311e+00
-4.311e+00
-4.311e+00
-4.311e+00
-4.311e+00
-4.311e+00
-4.311e+00
-4.311e+00
-4.311e+00
-4.311e+00
-4.311e+00
-4.311e+00
-4.311e+00
-4.311e+00
-4.311e+00
-4.311e+00
-4.311e+00
-4.289e+00
-4.311e+00
-4.292e+00
-4.289e+00
-4.289e+00
-4.289e+00
-4.289e+00
-4.289e+00
-4.289e+00
-4.289e+00
-4.289e+00
-4.289e+00
-4.289e+00
-4.289e+00
-4.289e+00
-4.289e+00
-4.289e+00
-4.289e+00
-4.289e+00
-4.289e+00
-4.289e+00
-4.279e+00
-3.481e+00
-3.258e+00
-3.258e+00
-3.258e+00
-3.258e+00
-3.258e+00
-3.258e+00
-3.258e+00
-3.258e+00
-3.258e+00
-3.258e+00
-3.258e+00
-3.258e+00
-3.258e+00
-3.258e+00
-3.258e+00
-3.258e+00
-3.258e+00
-3.258e+00
-3.258e+00
-2.954e+00
-3.258e+00
-2.955e+00
-2.955e+00
-2.955e+00
-2.955e+00
-2.955e+00
-2.955e+00
-2.955e+00
-2.955e+00
-2.955e+00
-2.955e+00
-2.955e+00
-2.955e+00
-2.955e+00
-2.955e+00
-2.955e+00
-2.955e+00
-2.955e+00
-2.955e+00
-2.955e+00
-2.750e+00
-3.258e+00
-2.955e+00
-2.955e+00
-2.955e+00
-2.955e+00
-2.955e+00
-2.955e+00
-2.955e+00
-2.955e+00
-2.955e+00
-2.955e+00
-2.955e+00
-2.955e+00
-2.955e+00
-2.955e+00
-2.955e+00
-2.955e+00
-2.955e+00
-2.955e+00
-2.955e+00
-2.750e+00
-3.258e+00
-2.955e+00
-2.955e+00
-2.955e+00
-2.955e+00
-2.955e+00
-2.955e+00
-2.955e+00
-2.955e+00
-2.955e+00
-2.955e+00
-2.955e+00
-2.955e+00
-2.955e+00
-2.955e+00
-2.955e+00
-2.955e+00
-2.955e+00
-2.955e+00
-2.955e+00
-2.750e+00
-3.258e+00
-2.955e+00
-2.955e+00
-2.955e+00
-2.955e+00
-2.955e+00
-2.955e+00
-2.955e+00
-2.955e+00
-2.955e+00
-2.955e+00
-2.955e+00
-2.955e+00
-2.955e+00
-2.955e+00
-2.955e+00
-2.955e+00
-2.955e+00
-2.955e+00
-2.955e+00
-2.750e+00
-3.258e+00
-2.955e+00
-2.955e+00
-2.955e+00
-2.955e+00
-2.955e+00
-2.955e+00
-2.955e+00
-2.955e+00
-2.955e+00
-2.955e+00
-2.955e+00
-2.955e+00
-2.955e+00
-2.955e+00
-2.955e+00
-2.955e+00
-2.955e+00
-2.955e+00
-2.955e+00
-2.750e+00
-3.258e+00
-2.955e+00
-2.955e+00
-2.955e+00
-2.955e+00
-2.955e+00
-2.955e+00
-2.955e+00
-2.955e+00
-2.955e+00
-2.955e+00
-2.955e+00
-2.955e+00
-2.955e+00
-2.955e+00
-2.955e+00
-2.955e+00
-2.955e+00
-2.955e+00
-2.955e+00
-2.750e+00
-3.258e+00
-2.955e+00
-2.955e+00
-2.955e+00
-2.955e+00
-2.955e+00
-2.955e+00
-2.955e+00
-2.955e+00
-2.955e+00
-2.955e+00
-2.955e+00
-2.955e+00
-2.955e+00
-2.955e+00
-2.955e+00
-2.955e+00
-2.955e+00
-2.955e+00
-2.955e+00
-2.750e+00
-3.258e+00
-2.955e+00
-2.955e+00
-2.955e+00
-2.955e+00
-2.955e+00
-2.955e+00
-2.955e+00
-2.955e+00
-2.955e+00
-2.955e+00
-2.955e+00
-2.955e+00
-2.955e+00
-2.955e+00
-2.955e+00
-2.955e+00
-2.955e+00
-2.955e+00
-2.955e+00
-2.750e+00
-3.262e+00
-2.955e+00
-2.955e+00
-2.955e+00
-2.955e+00
-2.955e+00
-2.955e+00
-2.955e+00
-2.955e+00
-2.955e+00
-2.955e+00
-2.955e+00
-2.955e+00
-2.955e+00
-2.955e+00
-2.955e+00
-2.955e+00
-2.955e+00
-2.955e+00
-2.954e+00
-2.750e+00
-3.868e+00
-3.378e+00
-3.378e+00
-3.378e+00
-3.378e+00
-3.378e+00
-3.378e+00
-3.378e+00
-3.378e+00
-3.378e+00
-3.378e+00
-3.378e+00
-3.378e+00
-3.378e+00
-3.378e+00
-3.378e+00
-3.378e+00
-3.378e+00
-3.378e+00
-3.378e+00
-3.067e+00
-3.868e+00
-3.378e+00
-3.378e+00
-3.378e+00
-3.378e+00
-3.378e+00
-3.378e+00
-3.378e+00
-3.378e+00
-3.378e+00
-3.378e+00
-3.378e+00
-3.378e+00
-3.378e+00
-3.378e+00
-3.378e+00
-3.378e+00
-3.378e+00
-3.378e+00
-3.378e+00
-3.067e+00
-3.868e+00
-3.378e+00
-3.378e+00
-3.378e+00
-3.378e+00
-3.378e+00
-3.378e+00
-3.378e+00
-3.378e+00
-3.378e+00
-3.378e+00
-3.378e+00
-3.378e+00
-3.378e+00
-3.378e+00
-3.378e+00
-3.378e+00
-3.378e+00
-3.378e+00
-3.378e+00
-3.067e+00
-3.868e+00
-3.378e+00
-3.378e+00
-3.378e+00
-3.378e+00
-3.378e+00
-3.378e+00
-3.378e+00
-3.378e+00
-3.378e+00
-3.378e+00
-3.378e+00
-3.378e+00
-3.378e+00
-3.378e+00
-3.378e+00
-3.378e+00
-3.378e+00
-3.378e+00
-3.378e+00
-3.067e+00
-3.868e+00
-3.378e+00
-3.378e+00
-3.378e+00
-3.378e+00
-3.378e+00
-3.378e+00
-3.378e+00
-3.378e+00
-3.378e+00
-3.378e+00
-3.378e+00
-3.378e+00
-3.378e+00
-3.378e+00
-3.378e+00
-3.378e+00
-3.378e+00
-3.378e+00
-3.378e+00
-3.067e+00
-3.868e+00
-3.378e+00
-3.378e+00
-3.378e+00
-3.378e+00
-3.378e+00
-3.378e+00
-3.378e+00
-3.378e+00
-3.378e+00
-3.378e+00
-3.378e+00
-3.378e+00
-3.378e+00
-3.378e+00
-3.378e+00
-3.378e+00
-3.378e+00
-3.378e+00
-3.378e+00
-3.067e+00
-3.868e+00
-3.378e+00
-3.378e+00
-3.378e+00
-3.378e+00
-3.378e+00
-3.378e+00
-3.378e+00
-3.378e+00
-3.378e+00
-3.378e+00
-3.378e+00
-3.378e+00
-3.378e+00
-3.378e+00
-3.378e+00
-3.378e+00
-3.378e+00
-3.378e+00
-3.378e+00
-3.067e+00
-3.868e+00
-3.378e+00
-3.378e+00
-3.378e+00
-3.378e+00
-3.378e+00
-3.378e+00
-3.378e+00
-3.378e+00
-3.378e+00
-3.378e+00
-3.378e+00
-3.378e+00
-3.378e+00
-3.378e+00
-3.378e+00
-3.378e+00
-3.378e+00
-3.378e+00
-3.378e+00
-3.067e+00
-3.868e+00
-3.378e+00
-3.378e+00
-3.378e+00
-3.378e+00
-3.378e+00
-3.378e+00
-3.378e+00
-3.378e+00
-3.378e+00
-3.378e+00
-3.378e+00
-3.378e+00
-3.378e+00
-3.378e+00
-3.378e+00
-3.378e+00
-3.378e+00
-3.378e+00
-3.378e+00
-3.067e+00
-3.867e+00
-3.378e+00
-3.378e+00
-3.378e+00
-3.378e+00
-3.378e+00
-3.378e+00
-3.378e+00
-3.378e+00
-3.378e+00
-3.378e+00
-3.378e+00
-3.378e+00
-3.378e+00
-3.378e+00
-3.378e+00
-3.378e+00
-3.378e+00
-3.378e+00
-3.378e+00
-3.067e+00
-3.378e+00
-3.067e+00
-3.067e+00
-3.067e+00
-3.067e+00
-3.067e+00
-3.067e+00
-3.067e+00
-3.067e+00
-3.067e+00
-3.067e+00
-3.067e+00
-3.067e+00
-3.067e+00
-3.067e+00
-3.067e+00
-3.067e+00
-3.067e+00
-3.067e+00
-3.067e+00
-2.955e+00
-2.343e+00
-2.343e+00
-2.343e+00
-2.343e+00
-2.343e+00
-2.343e+00
-2.343e+00
-2.343e+00
-2.343e+00
-2.343e+00
-2.343e+00
-2.343e+00
-2.343e+00
-2.343e+00
-2.343e+00
-2.343e+00
-2.343e+00
-2.343e+00
-2.343e+00
-2.343e+00
-2.342e+00
-2.343e+00
-2.342e+00
-2.342e+00
-2.342e+00
-2.342e+00
-2.342e+00
-2.342e+00
-2.342e+00
-2.342e+00
-2.342e+00
-2.342e+00
-2.342e+00
-2.342e+00
-2.342e+00
-2.342e+00
-2.342e+00
-2.342e+00
-2.342e+00
-2.342e+00
-2.342e+00
-2.341e+00
-2.343e+00
-2.342e+00
-2.342e+00
-2.342e+00
-2.342e+00
-2.342e+00
-2.342e+00
-2.342e+00
-2.342e+00
-2.342e+00
-2.342e+00
-2.342e+00
-2.342e+00
-2.342e+00
-2.342e+00
-2.342e+00
-2.342e+00
-2.342e+00
-2.342e+00
-2.342e+00
-2.341e+00
-2.343e+00
-2.342e+00
-2.342e+00
-2.342e+00
-2.342e+00
-2.342e+00
-2.342e+00
-2.342e+00
-2.342e+00
-2.342e+00
-2.342e+00
-2.342e+00
-2.342e+00
-2.342e+00
-2.342e+00
-2.342e+00
-2.342e+00
-2.342e+00
-2.342e+00
-2.342e+00
-2.341e+00
-2.343e+00
-2.342e+00
-2.342e+00
-2.342e+00
-2.342e+00
-2.342e+00
-2.342e+00
-2.342e+00
-2.342e+00
-2.342e+00
-2.342e+00
-2.342e+00
-2.342e+00
-2.342e+00
-2.342e+00
-2.342e+00
-2.342e+00
-2.342e+00
-2.342e+00
-2.342e+00
-2.341e+00
-2.343e+00
-2.342e+00
-2.342e+00
-2.342e+00
-2.342e+00
-2.342e+00
-2.342e+00
-2.342e+00
-2.342e+00
-2.342e+00
-2.342e+00
-2.342e+00
-2.342e+00
-2.342e+00
-2.342e+00
-2.342e+00
-2.342e+00
-2.342e+00
-2.342e+00
-2.342e+00
-2.341e+00
-2.343e+00
-2.342e+00
-2.342e+00
-2.342e+00
-2.342e+00
-2.342e+00
-2.342e+00
-2.342e+00
-2.342e+00
-2.342e+00
-2.342e+00
-2.342e+00
-2.342e+00
-2.342e+00
-2.342e+00
-2.342e+00
-2.342e+00
-2.342e+00
-2.342e+00
-2.342e+00
-2.341e+00
-2.343e+00
-2.342e+00
-2.342e+00
-2.342e+00
-2.342e+00
-2.342e+00
-2.342e+00
-2.342e+00
-2.342e+00
-2.342e+00
-2.342e+00
-2.342e+00
-2.342e+00
-2.342e+00
-2.342e+00
-2.342e+00
-2.342e+00
-2.342e+00
-2.342e+00
-2.342e+00
-2.341e+00
-2.343e+00
-2.342e+00
-2.342e+00
-2.342e+00
-2.342e+00
-2.342e+00
-2.342e+00
-2.342e+00
-2.342e+00
-2.342e+00
-2.342e+00
-2.342e+00
-2.342e+00
-2.342e+00
-2.342e+00
-2.342e+00
-2.342e+00
-2.342e+00
-2.342e+00
-2.342e+00
-2.341e+00
-2.343e+00
-2.342e+00
-2.342e+00
-2.342e+00
-2.342e+00
-2.342e+00
-2.342e+00
-2.342e+00
-2.342e+00
-2.342e+00
-2.342e+00
-2.342e+00
-2.342e+00
-2.342e+00
-2.342e+00
-2.342e+00
-2.342e+00
-2.342e+00
-2.342e+00
-2.342e+00
-2.341e+00
-2.209e+00
-2.208e+00
-2.208e+00
-2.208e+00
-2.208e+00
-2.208e+00
-2.208e+00
-2.208e+00
-2.208e+00
-2.208e+00
-2.208e+00
-2.208e+00
-2.208e+00
-2.208e+00
-2.208e+00
-2.208e+00
-2.208e+00
-2.208e+00
-2.208e+00
-2.208e+00
-2.207e+00
-2.208e+00
-2.208e+00
-2.208e+00
-2.208e+00
-2.208e+00
-2.208e+00
-2.208e+00
-2.208e+00
-2.208e+00
-2.208e+00
-2.208e+00
-2.208e+00
-2.208e+00
-2.208e+00
-2.208e+00
-2.208e+00
-2.208e+00
-2.208e+00
-2.208e+00
-2.208e+00
-2.207e+00
-2.208e+00
-2.208e+00
-2.208e+00
-2.208e+00
-2.208e+00
-2.208e+00
-2.208e+00
-2.208e+00
-2.208e+00
-2.208e+00
-2.208e+00
-2.208e+00
-2.208e+00
-2.208e+00
-2.208e+00
-2.208e+00
-2.208e+00
-2.208e+00
-2.208e+00
-2.208e+00
-2.207e+00
-2.208e+00
-2.208e+00
-2.208e+00
-2.208e+00
-2.208e+00
-2.208e+00
-2.208e+00
-2.208e+00
-2.208e+00
-2.208e+00
-2.208e+00
-2.208e+00
-2.208e+00
-2.208e+00
-2.208e+00
-2.208e+00
-2.208e+00
-2.208e+00
-2.208e+00
-2.208e+00
-2.207e+00
-2.208e+00
-2.208e+00
-2.208e+00
-2.208e+00
-2.208e+00
-2.208e+00
-2.208e+00
-2.208e+00
-2.208e+00
-2.208e+00
-2.208e+00
-2.208e+00
-2.208e+00
-2.208e+00
-2.208e+00
-2.208e+00
-2.208e+00
-2.208e+00
-2.208e+00
-2.208e+00
-2.207e+00
-2.208e+00
-2.208e+00
-2.208e+00
-2.208e+00
-2.208e+00
-2.208e+00
-2.208e+00
-2.208e+00
-2.208e+00
-2.208e+00
-2.208e+00
-2.208e+00
-2.208e+00
-2.208e+00
-2.208e+00
-2.208e+00
-2.208e+00
-2.208e+00
-2.208e+00
-2.208e+00
-2.207e+00
-2.208e+00
-2.208e+00
-2.208e+00
-2.208e+00
-2.208e+00
-2.208e+00
-2.208e+00
-2.208e+00
-2.208e+00
-2.208e+00
-2.208e+00
-2.208e+00
-2.208e+00
-2.208e+00
-2.208e+00
-2.208e+00
-2.208e+00
-2.208e+00
-2.208e+00
-2.208e+00
-2.207e+00
-2.208e+00
-2.208e+00
-2.208e+00
-2.208e+00
-2.208e+00
-2.208e+00
-2.208e+00
-2.208e+00
-2.208e+00
-2.208e+00
-2.208e+00
-2.208e+00
-2.208e+00
-2.208e+00
-2.208e+00
-2.208e+00
-2.208e+00
-2.208e+00
-2.208e+00
-2.208e+00
-2.207e+00
-2.208e+00
-2.208e+00
-2.208e+00
-2.208e+00
-2.208e+00
-2.208e+00
-2.208e+00
-2.208e+00
-2.208e+00
-2.208e+00
-2.208e+00
-2.208e+00
-2.208e+00
-2.208e+00
-2.208e+00
-2.208e+00
-2.208e+00
-2.208e+00
-2.208e+00
-2.208e+00
-2.207e+00
-2.209e+00
-2.208e+00
-2.208e+00
-2.208e+00
-2.208e+00
-2.208e+00
-2.208e+00
-2.208e+00
-2.208e+00
-2.208e+00
-2.208e+00
-2.208e+00
-2.208e+00
-2.208e+00
-2.208e+00
-2.208e+00
-2.208e+00
-2.208e+00
-2.208e+00
-2.208e+00
-2.207e+00
-2.208e+00
-2.207e+00
-2.207e+00
-2.207e+00
-2.207e+00
-2.207e+00
-2.207e+00
-2.207e+00
-2.207e+00
-2.207e+00
-2.207e+00
-2.207e+00
-2.207e+00
-2.207e+00
-2.207e+00
-2.207e+00
-2.207e+00
-2.207e+00
-2.207e+00
-2.207e+00
-2.206e+00
-2.021e+00
-1.979e+00
-1.979e+00
-1.979e+00
-1.979e+00
-1.979e+00
-1.979e+00
-1.979e+00
-1.979e+00
-1.979e+00
-1.979e+00
-1.979e+00
-1.979e+00
-1.979e+00
-1.979e+00
-1.979e+00
-1.979e+00
-1.979e+00
-1.979e+00
-1.979e+00
-1.909e+00
-1.979e+00
-1.909e+00
-1.909e+00
-1.909e+00
-1.909e+00
-1.909e+00
-1.909e+00
-1.909e+00
-1.909e+00
-1.909e+00
-1.909e+00
-1.909e+00
-1.909e+00
-1.909e+00
-1.909e+00
-1.909e+00
-1.909e+00
-1.909e+00
-1.909e+00
-1.909e+00
-1.855e+00
-1.979e+00
-1.909e+00
-1.909e+00
-1.909e+00
-1.909e+00
-1.909e+00
-1.909e+00
-1.909e+00
-1.909e+00
-1.909e+00
-1.909e+00
-1.909e+00
-1.909e+00
-1.909e+00
-1.909e+00
-1.909e+00
-1.909e+00
-1.909e+00
-1.909e+00
-1.909e+00
-1.855e+00
-1.979e+00
-1.909e+00
-1.909e+00
-1.909e+00
-1.909e+00
-1.909e+00
-1.909e+00
-1.909e+00
-1.909e+00
-1.909e+00
-1.909e+00
-1.909e+00
-1.909e+00
-1.909e+00
-1.909e+00
-1.909e+00
-1.909e+00
-1.909e+00
-1.909e+00
-1.909e+00
-1.855e+00
-1.979e+00
-1.909e+00
-1.909e+00
-1.909e+00
-1.909e+00
-1.909e+00
-1.909e+00
-1.909e+00
-1.909e+00
-1.909e+00
-1.909e+00
-1.909e+00
-1.909e+00
-1.909e+00
-1.909e+00
-1.909e+00
-1.909e+00
-1.909e+00
-1.909e+00
-1.909e+00
-1.855e+00
-1.979e+00
-1.909e+00
-1.909e+00
-1.909e+00
-1.909e+00
-1.909e+00
-1.909e+00
-1.909e+00
-1.909e+00
-1.909e+00
-1.909e+00
-1.909e+00
-1.909e+00
-1.909e+00
-1.909e+00
-1.909e+00
-1.909e+00
-1.909e+00
-1.909e+00
-1.909e+00
-1.855e+00
-1.979e+00
-1.909e+00
-1.909e+00
-1.909e+00
-1.909e+00
-1.909e+00
-1.909e+00
-1.909e+00
-1.909e+00
-1.909e+00
-1.909e+00
-1.909e+00
-1.909e+00
-1.909e+00
-1.909e+00
-1.909e+00
-1.909e+00
-1.909e+00
-1.909e+00
-1.909e+00
-1.855e+00
-1.979e+00
-1.909e+00
-1.909e+00
-1.909e+00
-1.909e+00
-1.909e+00
-1.909e+00
-1.909e+00
-1.909e+00
-1.909e+00
-1.909e+00
-1.909e+00
-1.909e+00
-1.909e+00
-1.909e+00
-1.909e+00
-1.909e+00
-1.909e+00
-1.909e+00
-1.909e+00
-1.855e+00
-1.979e+00
-1.909e+00
-1.909e+00
-1.909e+00
-1.909e+00
-1.909e+00
-1.909e+00
-1.909e+00
-1.909e+00
-1.909e+00
-1.909e+00
-1.909e+00
-1.909e+00
-1.909e+00
-1.909e+00
-1.909e+00
-1.909e+00
-1.909e+00
-1.909e+00
-1.909e+00
-1.855e+00
-1.979e+00
-1.909e+00
-1.909e+00
-1.909e+00
-1.909e+00
-1.909e+00
-1.909e+00
-1.909e+00
-1.909e+00
-1.909e+00
-1.909e+00
-1.909e+00
-1.909e+00
-1.909e+00
-1.909e+00
-1.909e+00
-1.909e+00
-1.909e+00
-1.909e+00
-1.909e+00
-1.855e+00
-1.668e+00
-1.644e+00
-1.644e+00
-1.644e+00
-1.644e+00
-1.644e+00
-1.644e+00
-1.644e+00
-1.644e+00
-1.644e+00
-1.644e+00
-1.644e+00
-1.644e+00
-1.644e+00
-1.644e+00
-1.644e+00
-1.644e+00
-1.644e+00
-1.644e+00
-1.644e+00
-1.623e+00
-1.668e+00
-1.642e+00
-1.642e+00
-1.642e+00
-1.642e+00
-1.642e+00
-1.642e+00
-1.642e+00
-1.642e+00
-1.642e+00
-1.642e+00
-1.642e+00
-1.642e+00
-1.642e+00
-1.642e+00
-1.642e+00
-1.642e+00
-1.642e+00
-1.642e+00
-1.642e+00
-1.623e+00
-1.668e+00
-1.642e+00
-1.642e+00
-1.642e+00
-1.642e+00
-1.642e+00
-1.642e+00
-1.642e+00
-1.642e+00
-1.642e+00
-1.642e+00
-1.642e+00
-1.642e+00
-1.642e+00
-1.642e+00
-1.642e+00
-1.642e+00
-1.642e+00
-1.642e+00
-1.642e+00
-1.623e+00
-1.668e+00
-1.642e+00
-1.642e+00
-1.642e+00
-1.642e+00
-1.642e+00
-1.642e+00
-1.642e+00
-1.642e+00
-1.642e+00
-1.642e+00
-1.642e+00
-1.642e+00
-1.642e+00
-1.642e+00
-1.642e+00
-1.642e+00
-1.642e+00
-1.642e+00
-1.642e+00
-1.623e+00
-1.668e+00
-1.642e+00
-1.642e+00
-1.642e+00
-1.642e+00
-1.642e+00
-1.642e+00
-1.642e+00
-1.642e+00
-1.642e+00
-1.642e+00
-1.642e+00
-1.642e+00
-1.642e+00
-1.642e+00
-1.642e+00
-1.642e+00
-1.642e+00
-1.642e+00
-1.642e+00
-1.623e+00
-1.668e+00
-1.642e+00
-1.642e+00
-1.642e+00
-1.642e+00
-1.642e+00
-1.642e+00
-1.642e+00
-1.642e+00
-1.642e+00
-1.642e+00
-1.642e+00
-1.642e+00
-1.642e+00
-1.642e+00
-1.642e+00
-1.642e+00
-1.642e+00
-1.642e+00
-1.642e+00
-1.623e+00
-1.668e+00
-1.642e+00
-1.642e+00
-1.642e+00
-1.642e+00
-1.642e+00
-1.642e+00
-1.642e+00
-1.642e+00
-1.642e+00
-1.642e+00
-1.642e+00
-1.642e+00
-1.642e+00
-1.642e+00
-1.642e+00
-1.642e+00
-1.642e+00
-1.642e+00
-1.642e+00
-1.623e+00
-1.668e+00
-1.642e+00
-1.642e+00
-1.642e+00
-1.642e+00
-1.642e+00
-1.642e+00
-1.642e+00
-1.642e+00
-1.642e+00
-1.642e+00
-1.642e+00
-1.642e+00
-1.642e+00
-1.642e+00
-1.642e+00
-1.642e+00
-1.642e+00
-1.642e+00
-1.642e+00
-1.623e+00
-1.668e+00
-1.642e+00
-1.642e+00
-1.642e+00
-1.642e+00
-1.642e+00
-1.642e+00
-1.642e+00
-1.642e+00
-1.642e+00
-1.642e+00
-1.642e+00
-1.642e+00
-1.642e+00
-1.642e+00
-1.642e+00
-1.642e+00
-1.642e+00
-1.642e+00
-1.642e+00
-1.623e+00
-1.668e+00
-1.642e+00
-1.642e+00
-1.642e+00
-1.642e+00
-1.642e+00
-1.642e+00
-1.642e+00
-1.642e+00
-1.642e+00
-1.642e+00
-1.642e+00
-1.642e+00
-1.642e+00
-1.642e+00
-1.642e+00
-1.642e+00
-1.642e+00
-1.642e+00
-1.642e+00
-1.623e+00
-1.642e+00
-1.623e+00
-1.623e+00
-1.623e+00
-1.623e+00
-1.623e+00
-1.623e+00
-1.623e+00
-1.623e+00
-1.623e+00
-1.623e+00
-1.623e+00
-1.623e+00
-1.623e+00
-1.623e+00
-1.623e+00
-1.623e+00
-1.623e+00
-1.623e+00
-1.623e+00
-1.614e+00
-1.318e+00
-1.318e+00
-1.318e+00
-1.318e+00
-1.318e+00
-1.318e+00
-1.318e+00
-1.318e+00
-1.318e+00
-1.318e+00
-1.318e+00
-1.318e+00
-1.318e+00
-1.318e+00
-1.318e+00
-1.318e+00
-1.318e+00
-1.318e+00
-1.318e+00
-1.318e+00
-1.318e+00
-1.318e+00
-1.318e+00
-1.318e+00
-1.318e+00
-1.318e+00
-1.318e+00
-1.318e+00
-1.318e+00
-1.318e+00
-1.318e+00
-1.318e+00
-1.318e+00
-1.318e+00
-1.318e+00
-1.318e+00
-1.318e+00
-1.318e+00
-1.318e+00
-1.318e+00
-1.318e+00
-1.318e+00
-1.318e+00
-1.318e+00
-1.318e+00
-1.318e+00
-1.318e+00
-1.318e+00
-1.318e+00
-1.318e+00
-1.318e+00
-1.318e+00
-1.318e+00
-1.318e+00
-1.318e+00
-1.318e+00
-1.318e+00
-1.318e+00
-1.318e+00
-1.318e+00
-1.318e+00
-1.318e+00
-1.318e+00
-1.318e+00
-1.318e+00
-1.318e+00
-1.318e+00
-1.318e+00
-1.318e+00
-1.318e+00
-1.318e+00
-1.318e+00
-1.318e+00
-1.318e+00
-1.318e+00
-1.318e+00
-1.318e+00
-1.318e+00
-1.318e+00
-1.318e+00
-1.318e+00
-1.318e+00
-1.318e+00
-1.318e+00
-1.318e+00
-1.318e+00
-1.318e+00
-1.318e+00
-1.318e+00
-1.318e+00
-1.318e+00
-1.318e+00
-1.318e+00
-1.318e+00
-1.318e+00
-1.318e+00
-1.318e+00
-1.318e+00
-1.318e+00
-1.318e+00
-1.318e+00
-1.318e+00
-1.318e+00
-1.318e+00
-1.318e+00
-1.318e+00
-1.318e+00
-1.318e+00
-1.318e+00
-1.318e+00
-1.318e+00
-1.318e+00
-1.318e+00
-1.318e+00
-1.318e+00
-1.318e+00
-1.318e+00
-1.318e+00
-1.318e+00
-1.318e+00
-1.318e+00
-1.318e+00
-1.318e+00
-1.318e+00
-1.318e+00
-1.318e+00
-1.318e+00
-1.318e+00
-1.318e+00
-1.318e+00
-1.318e+00
-1.318e+00
-1.318e+00
-1.318e+00
-1.318e+00
-1.318e+00
-1.318e+00
-1.318e+00
-1.318e+00
-1.318e+00
-1.318e+00
-1.318e+00
-1.318e+00
-1.318e+00
-1.318e+00
-1.318e+00
-1.318e+00
-1.318e+00
-1.318e+00
-1.318e+00
-1.318e+00
-1.318e+00
-1.318e+00
-1.318e+00
-1.318e+00
-1.318e+00
-1.318e+00
-1.318e+00
-1.318e+00
-1.318e+00
-1.318e+00
-1.318e+00
-1.318e+00
-1.318e+00
-1.318e+00
-1.318e+00
-1.318e+00
-1.318e+00
-1.318e+00
-1.318e+00
-1.318e+00
-1.318e+00
-1.318e+00
-1.318e+00
-1.318e+00
-1.318e+00
-1.318e+00
-1.318e+00
-1.318e+00
-1.318e+00
-1.318e+00
-1.318e+00
-1.318e+00
-1.318e+00
-1.318e+00
-1.318e+00
-1.318e+00
-1.318e+00
-1.318e+00
-1.318e+00
-1.318e+00
-1.318e+00
-1.318e+00
-1.318e+00
-1.318e+00
-1.318e+00
-1.318e+00
-1.318e+00
-1.318e+00
-1.318e+00
-1.318e+00
-1.318e+00
-1.318e+00
-1.318e+00
-1.318e+00
-1.318e+00
-1.318e+00
-1.318e+00
-1.318e+00
-1.318e+00
-1.160e+00
-1.160e+00
-1.160e+00
-1.160e+00
-1.160e+00
-1.160e+00
-1.160e+00
-1.160e+00
-1.160e+00
-1.160e+00
-1.160e+00
-1.160e+00
-1.160e+00
-1.160e+00
-1.160e+00
-1.160e+00
-1.160e+00
-1.160e+00
-1.160e+00
-1.160e+00
-1.160e+00
-1.160e+00
-1.160e+00
-1.160e+00
-1.160e+00
-1.160e+00
-1.160e+00
-1.160e+00
-1.160e+00
-1.160e+00
-1.160e+00
-1.160e+00
-1.160e+00
-1.160e+00
-1.160e+00
-1.160e+00
-1.160e+00
-1.160e+00
-1.160e+00
-1.160e+00
-1.160e+00
-1.160e+00
-1.160e+00
-1.160e+00
-1.160e+00
-1.160e+00
-1.160e+00
-1.160e+00
-1.160e+00
-1.160e+00
-1.160e+00
-1.160e+00
-1.160e+00
-1.160e+00
-1.160e+00
-1.160e+00
-1.160e+00
-1.160e+00
-1.160e+00
-1.160e+00
-1.160e+00
-1.160e+00
-1.160e+00
-1.160e+00
-1.160e+00
-1.160e+00
-1.160e+00
-1.160e+00
-1.160e+00
-1.160e+00
-1.160e+00
-1.160e+00
-1.160e+00
-1.160e+00
-1.160e+00
-1.160e+00
-1.160e+00
-1.160e+00
-1.160e+00
-1.160e+00
-1.160e+00
-1.160e+00
-1.160e+00
-1.160e+00
-1.160e+00
-1.160e+00
-1.160e+00
-1.160e+00
-1.160e+00
-1.160e+00
-1.160e+00
-1.160e+00
-1.160e+00
-1.160e+00
-1.160e+00
-1.160e+00
-1.160e+00
-1.160e+00
-1.160e+00
-1.160e+00
-1.160e+00
-1.160e+00
-1.160e+00
-1.160e+00
-1.160e+00
-1.160e+00
-1.160e+00
-1.160e+00
-1.160e+00
-1.160e+00
-1.160e+00
-1.160e+00
-1.160e+00
-1.160e+00
-1.160e+00
-1.160e+00
-1.160e+00
-1.160e+00
-1.160e+00
-1.160e+00
-1.160e+00
-1.160e+00
-1.160e+00
-1.160e+00
-1.160e+00
-1.160e+00
-1.160e+00
-1.160e+00
-1.160e+00
-1.160e+00
-1.160e+00
-1.160e+00
-1.160e+00
-1.160e+00
-1.160e+00
-1.160e+00
-1.160e+00
-1.160e+00
-1.160e+00
-1.160e+00
-1.160e+00
-1.160e+00
-1.160e+00
-1.160e+00
-1.160e+00
-1.160e+00
-1.160e+00
-1.160e+00
-1.160e+00
-1.160e+00
-1.160e+00
-1.160e+00
-1.160e+00
-1.160e+00
-1.160e+00
-1.160e+00
-1.160e+00
-1.160e+00
-1.160e+00
-1.160e+00
-1.160e+00
-1.160e+00
-1.160e+00
-1.160e+00
-1.160e+00
-1.160e+00
-1.160e+00
-1.160e+00
-1.160e+00
-1.160e+00
-1.160e+00
-1.160e+00
-1.160e+00
-1.160e+00
-1.160e+00
-1.160e+00
-1.160e+00
-1.160e+00
-1.160e+00
-1.160e+00
-1.160e+00
-1.160e+00
-1.160e+00
-1.160e+00
-1.160e+00
-1.160e+00
-1.160e+00
-1.160e+00
-1.160e+00
-1.160e+00
-1.160e+00
-1.160e+00
-1.160e+00
-1.160e+00
-1.160e+00
-1.160e+00
-1.160e+00
-1.160e+00
-1.160e+00
-1.160e+00
-1.160e+00
-1.160e+00
-1.160e+00
-1.160e+00
-1.160e+00
-1.160e+00
-1.160e+00
-1.160e+00
-1.160e+00
-1.160e+00
-1.160e+00
-1.160e+00
-1.160e+00
-1.160e+00
-1.160e+00
-1.160e+00
-1.160e+00
-1.160e+00
-1.160e+00
-1.160e+00
-1.160e+00
-1.160e+00
-1.160e+00
-1.160e+00
-1.160e+00
-1.160e+00
-1.160e+00
-1.160e+00
-1.160e+00
-1.160e+00
-1.160e+00
-9.165e-01
-9.125e-01
-9.124e-01
-9.124e-01
-9.124e-01
-9.124e-01
-9.124e-01
-9.124e-01
-9.124e-01
-9.124e-01
-9.124e-01
-9.124e-01
-9.124e-01
-9.124e-01
-9.124e-01
-9.124e-01
-9.124e-01
-9.124e-01
-9.124e-01
-9.124e-01
-9.060e-01
-9.125e-01
-9.065e-01
-9.064e-01
-9.064e-01
-9.064e-01
-9.064e-01
-9.064e-01
-9.064e-01
-9.064e-01
-9.064e-01
-9.064e-01
-9.064e-01
-9.064e-01
-9.064e-01
-9.064e-01
-9.064e-01
-9.064e-01
-9.064e-01
-9.064e-01
-9.062e-01
-9.013e-01
-9.124e-01
-9.064e-01
-9.062e-01
-9.062e-01
-9.062e-01
-9.062e-01
-9.062e-01
-9.062e-01
-9.062e-01
-9.062e-01
-9.062e-01
-9.062e-01
-9.062e-01
-9.062e-01
-9.062e-01
-9.062e-01
-9.062e-01
-9.062e-01
-9.062e-01
-9.061e-01
-9.013e-01
-9.124e-01
-9.064e-01
-9.062e-01
-9.062e-01
-9.062e-01
-9.062e-01
-9.062e-01
-9.062e-01
-9.062e-01
-9.062e-01
-9.062e-01
-9.062e-01
-9.062e-01
-9.062e-01
-9.062e-01
-9.062e-01
-9.062e-01
-9.062e-01
-9.062e-01
-9.061e-01
-9.013e-01
-9.124e-01
-9.064e-01
-9.062e-01
-9.062e-01
-9.062e-01
-9.062e-01
-9.062e-01
-9.062e-01
-9.062e-01
-9.062e-01
-9.062e-01
-9.062e-01
-9.062e-01
-9.062e-01
-9.062e-01
-9.062e-01
-9.062e-01
-9.062e-01
-9.062e-01
-9.061e-01
-9.013e-01
-9.124e-01
-9.064e-01
-9.062e-01
-9.062e-01
-9.062e-01
-9.062e-01
-9.062e-01
-9.062e-01
-9.062e-01
-9.062e-01
-9.062e-01
-9.062e-01
-9.062e-01
-9.062e-01
-9.062e-01
-9.062e-01
-9.062e-01
-9.062e-01
-9.062e-01
-9.061e-01
-9.013e-01
-9.124e-01
-9.064e-01
-9.062e-01
-9.062e-01
-9.062e-01
-9.062e-01
-9.062e-01
-9.062e-01
-9.062e-01
-9.062e-01
-9.062e-01
-9.062e-01
-9.062e-01
-9.062e-01
-9.062e-01
-9.062e-01
-9.062e-01
-9.062e-01
-9.062e-01
-9.061e-01
-9.013e-01
-9.124e-01
-9.064e-01
-9.062e-01
-9.062e-01
-9.062e-01
-9.062e-01
-9.062e-01
-9.062e-01
-9.062e-01
-9.062e-01
-9.062e-01
-9.062e-01
-9.062e-01
-9.062e-01
-9.062e-01
-9.062e-01
-9.062e-01
-9.062e-01
-9.062e-01
-9.061e-01
-9.013e-01
-9.124e-01
-9.064e-01
-9.062e-01
-9.062e-01
-9.062e-01
-9.062e-01
-9.062e-01
-9.062e-01
-9.062e-01
-9.062e-01
-9.062e-01
-9.062e-01
-9.062e-01
-9.062e-01
-9.062e-01
-9.062e-01
-9.062e-01
-9.062e-01
-9.062e-01
-9.060e-01
-9.013e-01
-9.117e-01
-9.054e-01
-9.053e-01
-9.053e-01
-9.053e-01
-9.053e-01
-9.053e-01
-9.053e-01
-9.053e-01
-9.053e-01
-9.053e-01
-9.053e-01
-9.053e-01
-9.053e-01
-9.053e-01
-9.053e-01
-9.053e-01
-9.053e-01
-9.053e-01
-9.052e-01
-9.003e-01
-8.607e-01
-8.609e-01
-8.609e-01
-8.609e-01
-8.609e-01
-8.609e-01
-8.609e-01
-8.609e-01
-8.609e-01
-8.609e-01
-8.609e-01
-8.609e-01
-8.609e-01
-8.609e-01
-8.609e-01
-8.609e-01
-8.609e-01
-8.609e-01
-8.609e-01
-8.609e-01
-8.609e-01
-8.600e-01
-8.600e-01
-8.600e-01
-8.600e-01
-8.600e-01
-8.600e-01
-8.600e-01
-8.600e-01
-8.600e-01
-8.600e-01
-8.600e-01
-8.600e-01
-8.600e-01
-8.600e-01
-8.600e-01
-8.600e-01
-8.600e-01
-8.600e-01
-8.600e-01
-8.600e-01
-8.600e-01
-8.600e-01
-8.600e-01
-8.600e-01
-8.600e-01
-8.600e-01
-8.600e-01
-8.600e-01
-8.600e-01
-8.600e-01
-8.600e-01
-8.600e-01
-8.600e-01
-8.600e-01
-8.600e-01
-8.600e-01
-8.600e-01
-8.600e-01
-8.600e-01
-8.600e-01
-8.600e-01
-8.600e-01
-8.600e-01
-8.600e-01
-8.600e-01
-8.600e-01
-8.600e-01
-8.600e-01
-8.600e-01
-8.600e-01
-8.600e-01
-8.600e-01
-8.600e-01
-8.600e-01
-8.600e-01
-8.600e-01
-8.600e-01
-8.600e-01
-8.600e-01
-8.600e-01
-8.600e-01
-8.600e-01
-8.600e-01
-8.600e-01
-8.600e-01
-8.600e-01
-8.600e-01
-8.600e-01
-8.600e-01
-8.600e-01
-8.600e-01
-8.600e-01
-8.600e-01
-8.600e-01
-8.600e-01
-8.600e-01
-8.600e-01
-8.600e-01
-8.600e-01
-8.600e-01
-8.600e-01
-8.600e-01
-8.600e-01
-8.600e-01
-8.600e-01
-8.600e-01
-8.600e-01
-8.600e-01
-8.600e-01
-8.600e-01
-8.600e-01
-8.600e-01
-8.600e-01
-8.600e-01
-8.600e-01
-8.600e-01
-8.600e-01
-8.600e-01
-8.600e-01
-8.600e-01
-8.600e-01
-8.600e-01
-8.600e-01
-8.600e-01
-8.600e-01
-8.600e-01
-8.600e-01
-8.600e-01
-8.600e-01
-8.600e-01
-8.600e-01
-8.600e-01
-8.600e-01
-8.600e-01
-8.600e-01
-8.600e-01
-8.600e-01
-8.600e-01
-8.600e-01
-8.600e-01
-8.600e-01
-8.600e-01
-8.600e-01
-8.600e-01
-8.600e-01
-8.600e-01
-8.600e-01
-8.600e-01
-8.600e-01
-8.600e-01
-8.600e-01
-8.600e-01
-8.600e-01
-8.600e-01
-8.600e-01
-8.600e-01
-8.600e-01
-8.600e-01
-8.600e-01
-8.600e-01
-8.600e-01
-8.600e-01
-8.600e-01
-8.600e-01
-8.600e-01
-8.600e-01
-8.600e-01
-8.600e-01
-8.600e-01
-8.600e-01
-8.600e-01
-8.600e-01
-8.600e-01
-8.600e-01
-8.600e-01
-8.600e-01
-8.600e-01
-8.600e-01
-8.600e-01
-8.600e-01
-8.600e-01
-8.600e-01
-8.600e-01
-8.600e-01
-8.600e-01
-8.600e-01
-8.600e-01
-8.600e-01
-8.600e-01
-8.600e-01
-8.600e-01
-8.600e-01
-8.600e-01
-8.600e-01
-8.600e-01
-8.600e-01
-8.600e-01
-8.600e-01
-8.600e-01
-8.600e-01
-8.600e-01
-8.600e-01
-8.600e-01
-8.600e-01
-8.600e-01
-8.600e-01
-8.600e-01
-8.600e-01
-8.600e-01
-8.600e-01
-8.600e-01
-8.600e-01
-8.600e-01
-8.600e-01
-8.600e-01
-8.600e-01
-8.600e-01
-8.600e-01
-8.600e-01
-8.600e-01
-8.600e-01
-8.600e-01
-8.600e-01
-8.600e-01
-8.600e-01
-8.600e-01
-8.600e-01
-8.600e-01
-8.600e-01
-8.600e-01
-2.600e-01
-2.600e-01
-2.600e-01
-2.600e-01
-2.600e-01
-2.600e-01
-2.600e-01
-2.600e-01
-2.600e-01
-2.600e-01
-2.600e-01
-2.600e-01
-2.600e-01
-2.600e-01
-2.600e-01
-2.600e-01
-2.600e-01
-2.600e-01
-2.600e-01
-2.600e-01
-2.600e-01
-2.600e-01
-2.600e-01
-2.600e-01
-2.600e-01
-2.600e-01
-2.600e-01
-2.600e-01
-2.600e-01
-2.600e-01
-2.600e-01
-2.600e-01
-2.600e-01
-2.600e-01
-2.600e-01
-2.600e-01
-2.600e-01
-2.600e-01
-2.600e-01
-2.600e-01
-2.600e-01
-2.600e-01
-2.600e-01
-2.600e-01
-2.600e-01
-2.600e-01
-2.600e-01
-2.600e-01
-2.600e-01
-2.600e-01
-2.600e-01
-2.600e-01
-2.600e-01
-2.600e-01
-2.600e-01
-2.600e-01
-2.600e-01
-2.600e-01
-2.600e-01
-2.600e-01
-2.600e-01
-2.600e-01
-2.600e-01
-2.600e-01
-2.600e-01
-2.600e-01
-2.600e-01
-2.600e-01
-2.600e-01
-2.600e-01
-2.600e-01
-2.600e-01
-2.600e-01
-2.600e-01
-2.600e-01
-2.600e-01
-2.600e-01
-2.600e-01
-2.600e-01
-2.600e-01
-2.600e-01
-2.600e-01
-2.600e-01
-2.600e-01
-2.600e-01
-2.600e-01
-2.600e-01
-2.600e-01
-2.600e-01
-2.600e-01
-2.600e-01
-2.600e-01
-2.600e-01
-2.600e-01
-2.600e-01
-2.600e-01
-2.600e-01
-2.600e-01
-2.600e-01
-2.600e-01
-2.600e-01
-2.600e-01
-2.600e-01
-2.600e-01
-2.600e-01
-2.600e-01
-2.600e-01
-2.600e-01
-2.600e-01
-2.600e-01
-2.600e-01
-2.600e-01
-2.600e-01
-2.600e-01
-2.600e-01
-2.600e-01
-2.600e-01
-2.600e-01
-2.600e-01
-2.600e-01
-2.600e-01
-2.600e-01
-2.600e-01
-2.600e-01
-2.600e-01
-2.600e-01
-2.600e-01
-2.600e-01
-2.600e-01
-2.600e-01
-2.600e-01
-2.600e-01
-2.600e-01
-2.600e-01
-2.600e-01
-2.600e-01
-2.600e-01
-2.600e-01
-2.600e-01
-2.600e-01
-2.600e-01
-2.600e-01
-2.600e-01
-2.600e-01
-2.600e-01
-2.600e-01
-2.600e-01
-2.600e-01
-2.600e-01
-2.600e-01
-2.600e-01
-2.600e-01
-2.600e-01
-2.600e-01
-2.600e-01
-2.600e-01
-2.600e-01
-2.600e-01
-2.600e-01
-2.600e-01
-2.600e-01
-2.600e-01
-2.600e-01
-2.600e-01
-2.600e-01
-2.600e-01
-2.600e-01
-2.600e-01
-2.600e-01
-2.600e-01
-2.600e-01
-2.600e-01
-2.600e-01
-2.600e-01
-2.600e-01
-2.600e-01
-2.600e-01
-2.600e-01
-2.600e-01
-2.600e-01
-2.600e-01
-2.600e-01
-2.600e-01
-2.600e-01
-2.600e-01
-2.600e-01
-2.600e-01
-2.600e-01
-2.600e-01
-2.600e-01
-2.600e-01
-2.600e-01
-2.600e-01
-2.600e-01
-2.600e-01
-2.600e-01
-2.600e-01
-2.600e-01
-2.600e-01
-2.600e-01
-2.600e-01
-2.600e-01
-2.600e-01
-2.600e-01
-2.600e-01
-2.600e-01
-2.600e-01
-2.600e-01
-2.600e-01
-2.600e-01
-2.600e-01
-2.600e-01
-2.600e-01
-2.600e-01
-2.600e-01
-2.600e-01
-2.600e-01
-2.600e-01
-2.600e-01
-2.600e-01
-2.600e-01
-2.600e-01
-2.600e-01
-2.600e-01
-2.600e-01
-2.600e-01
-2.600e-01
-2.600e-01
-2.600e-01
-2.600e-01
-2.600e-01
-2.600e-01
-2.600e-01
-2.600e-01
-2.600e-01
-2.600e-01
-2.600e-01
-2.600e-01
-2.600e-01
-2.600e-01
-2.600e-01
-2.600e-01
-2.600e-01
-2.600e-01
-2.600e-01
-2.600e-01
-2.600e-01
-2.600e-01
-2.600e-01
-2.600e-01
-2.600e-01
-2.600e-01
-2.600e-01
-2.600e-01
-2.600e-01
-2.600e-01
-2.600e-01
-2.600e-01
-2.600e-01
-2.600e-01
-2.600e-01
-2.600e-01
-2.600e-01
-2.600e-01
-2.600e-01
-2.600e-01
-2.600e-01
-2.600e-01
-2.600e-01
-2.600e-01
-2.600e-01
-2.600e-01
-2.600e-01
-2.600e-01
-2.600e-01
-2.600e-01
-2.600e-01
-2.600e-01
-2.600e-01
-2.600e-01
-2.600e-01
-2.600e-01
-2.600e-01
-2.600e-01
-2.600e-01
-2.600e-01
-2.600e-01
-2.600e-01
-2.600e-01
-2.600e-01
-2.600e-01
-2.600e-01
-2.600e-01
-2.600e-01
-2.600e-01
-2.600e-01
-2.600e-01
-2.600e-01
-2.600e-01
-2.600e-01
-2.600e-01
-2.600e-01
-2.600e-01
-2.600e-01
-2.600e-01
-2.600e-01
-2.600e-01
-2.600e-01
-2.600e-01
-2.600e-01
-2.600e-01
-2.600e-01
-2.600e-01
-2.600e-01
-2.600e-01
-2.600e-01
-2.600e-01
-2.600e-01
-2.600e-01
-2.600e-01
-2.600e-01
-2.600e-01
-2.600e-01
-2.600e-01
-2.600e-01
-2.600e-01
-2.600e-01
-2.600e-01
-2.600e-01
-2.600e-01
-2.600e-01
-2.600e-01
-2.600e-01
-2.600e-01
-2.600e-01
-2.600e-01
-2.600e-01
-2.600e-01
-2.600e-01
-2.600e-01
-2.600e-01
-2.600e-01
-2.600e-01
-2.600e-01
-2.600e-01
-2.600e-01
-2.600e-01
-2.600e-01
-2.600e-01
-2.600e-01
-2.600e-01
-2.600e-01
-2.600e-01
-2.600e-01
-2.600e-01
-2.600e-01
-2.600e-01
-2.600e-01
-2.600e-01
-2.600e-01
-2.600e-01
-2.600e-01
-2.600e-01
-2.600e-01
-2.600e-01
-2.600e-01
-2.600e-01
-2.600e-01
-2.600e-01
-2.600e-01
-2.600e-01
-2.600e-01
-2.600e-01
-2.600e-01
-2.600e-01
-2.600e-01
-2.600e-01
-2.600e-01
-2.600e-01
-2.600e-01
-2.600e-01
-2.600e-01
-2.600e-01
-2.600e-01
-2.600e-01
-2.600e-01
-2.600e-01
-2.600e-01
-2.600e-01
-2.600e-01
-2.600e-01
-2.600e-01
-2.600e-01
-2.600e-01
-2.600e-01
-2.600e-01
-2.600e-01
-2.600e-01
-2.600e-01
-2.600e-01
-2.600e-01
-2.600e-01
-2.600e-01
-2.600e-01
-2.600e-01
-2.600e-01
-2.600e-01
-2.600e-01
-2.600e-01
-2.600e-01
-2.600e-01
-2.600e-01
-2.600e-01
-2.600e-01
-2.600e-01
-2.600e-01
-2.600e-01
-2.600e-01
-2.597e-01
-2.597e-01
-2.600e-01
-2.600e-01
-2.600e-01
-2.600e-01
-2.600e-01
-2.600e-01
-2.600e-01
-2.600e-01
-2.600e-01
-2.600e-01
-2.600e-01
-2.600e-01
-2.600e-01
-2.600e-01
-2.600e-01
-2.600e-01
-2.600e-01
-2.600e-01
-2.600e-01
-2.597e-01
-2.590e-01
3.400e-01
3.400e-01
3.400e-01
3.400e-01
3.400e-01
3.400e-01
3.400e-01
3.400e-01
3.400e-01
3.400e-01
3.400e-01
3.400e-01
3.400e-01
3.400e-01
3.400e-01
3.400e-01
3.400e-01
3.400e-01
3.400e-01
3.400e-01
3.400e-01
3.400e-01
3.400e-01
3.400e-01
3.400e-01
3.400e-01
3.400e-01
3.400e-01
3.400e-01
3.400e-01
3.400e-01
3.400e-01
3.400e-01
3.400e-01
3.400e-01
3.400e-01
3.400e-01
3.400e-01
3.400e-01
3.400e-01
3.400e-01
3.400e-01
3.400e-01
3.400e-01
3.400e-01
3.400e-01
3.400e-01
3.400e-01
3.400e-01
3.400e-01
3.400e-01
3.400e-01
3.400e-01
3.400e-01
3.400e-01
3.400e-01
3.400e-01
3.400e-01
3.400e-01
3.400e-01
3.400e-01
3.400e-01
3.400e-01
3.400e-01
3.400e-01
3.400e-01
3.400e-01
3.400e-01
3.400e-01
3.400e-01
3.400e-01
3.400e-01
3.400e-01
3.400e-01
3.400e-01
3.400e-01
3.400e-01
3.400e-01
3.400e-01
3.400e-01
3.400e-01
3.400e-01
3.400e-01
3.400e-01
3.400e-01
3.400e-01
3.400e-01
3.400e-01
3.400e-01
3.400e-01
3.400e-01
3.400e-01
3.400e-01
3.400e-01
3.400e-01
3.400e-01
3.400e-01
3.400e-01
3.400e-01
3.400e-01
3.400e-01
3.400e-01
3.400e-01
3.400e-01
3.400e-01
3.400e-01
3.400e-01
3.400e-01
3.400e-01
3.400e-01
3.400e-01
3.400e-01
3.400e-01
3.400e-01
3.400e-01
3.400e-01
3.400e-01
3.400e-01
3.400e-01
3.400e-01
3.400e-01
3.400e-01
3.400e-01
3.400e-01
3.400e-01
3.400e-01
3.400e-01
3.400e-01
3.400e-01
3.400e-01
3.400e-01
3.400e-01
3.400e-01
3.400e-01
3.400e-01
3.400e-01
3.400e-01
3.400e-01
3.400e-01
3.400e-01
3.400e-01
3.400e-01
3.400e-01
3.400e-01
3.400e-01
3.400e-01
3.400e-01
3.400e-01
3.400e-01
3.400e-01
3.400e-01
3.400e-01
3.400e-01
3.400e-01
3.400e-01
3.400e-01
3.400e-01
3.400e-01
3.400e-01
3.400e-01
3.400e-01
3.400e-01
3.400e-01
3.400e-01
3.400e-01
3.400e-01
3.400e-01
3.400e-01
3.400e-01
3.400e-01
3.400e-01
3.400e-01
3.400e-01
3.400e-01
3.400e-01
3.400e-01
3.400e-01
3.400e-01
3.400e-01
3.400e-01
3.400e-01
3.400e-01
3.400e-01
3.400e-01
3.400e-01
3.400e-01
3.400e-01
3.400e-01
3.400e-01
3.400e-01
3.400e-01
3.400e-01
3.400e-01
3.400e-01
3.400e-01
3.400e-01
3.400e-01
3.400e-01
3.400e-01
3.400e-01
3.400e-01
3.400e-01
3.400e-01
3.400e-01
3.400e-01
3.400e-01
3.400e-01
3.400e-01
3.400e-01
3.400e-01
3.400e-01
3.400e-01
3.400e-01
3.400e-01
3.400e-01
3.400e-01
3.400e-01
3.400e-01
3.400e-01
3.400e-01
3.400e-01
3.400e-01
3.400e-01
3.400e-01
3.400e-01
3.400e-01
3.400e-01
3.400e-01
3.400e-01
3.400e-01
3.400e-01
3.400e-01
3.400e-01
3.400e-01
3.400e-01
3.400e-01
3.400e-01
3.400e-01
3.400e-01
3.400e-01
3.400e-01
3.400e-01
3.400e-01
3.400e-01
3.400e-01
3.400e-01
3.400e-01
3.400e-01
3.400e-01
3.400e-01
3.400e-01
3.400e-01
3.400e-01
3.400e-01
3.400e-01
3.400e-01
3.400e-01
3.400e-01
3.400e-01
3.400e-01
3.400e-01
3.400e-01
3.400e-01
3.400e-01
3.400e-01
3.400e-01
3.400e-01
3.400e-01
3.400e-01
3.400e-01
3.400e-01
3.400e-01
3.400e-01
3.400e-01
3.400e-01
3.400e-01
3.400e-01
3.400e-01
3.400e-01
3.400e-01
3.400e-01
3.400e-01
3.400e-01
3.400e-01
3.400e-01
3.400e-01
3.400e-01
3.400e-01
3.400e-01
3.400e-01
3.400e-01
3.400e-01
3.400e-01
3.400e-01
3.400e-01
3.400e-01
3.400e-01
3.400e-01
3.400e-01
3.400e-01
3.400e-01
3.400e-01
3.400e-01
3.400e-01
3.400e-01
3.400e-01
3.400e-01
3.400e-01
3.400e-01
3.400e-01
3.400e-01
3.400e-01
3.400e-01
3.400e-01
3.400e-01
3.400e-01
3.400e-01
3.400e-01
3.400e-01
3.400e-01
3.400e-01
3.400e-01
3.400e-01
3.400e-01
3.400e-01
3.400e-01
3.400e-01
3.400e-01
3.400e-01
3.400e-01
3.400e-01
3.400e-01
3.400e-01
3.400e-01
3.400e-01
3.400e-01
3.400e-01
3.400e-01
3.400e-01
3.400e-01
3.400e-01
3.400e-01
3.400e-01
3.400e-01
3.400e-01
3.400e-01
3.400e-01
3.400e-01
3.400e-01
3.400e-01
3.400e-01
3.400e-01
3.400e-01
3.400e-01
3.400e-01
3.400e-01
3.400e-01
3.400e-01
3.400e-01
3.400e-01
3.400e-01
3.400e-01
3.400e-01
3.400e-01
3.400e-01
3.400e-01
3.400e-01
3.400e-01
3.400e-01
3.400e-01
3.400e-01
3.400e-01
3.400e-01
3.400e-01
3.400e-01
3.400e-01
3.400e-01
3.400e-01
3.400e-01
3.400e-01
3.400e-01
3.400e-01
3.400e-01
3.400e-01
3.400e-01
3.400e-01
3.400e-01
3.400e-01
3.400e-01
3.400e-01
3.400e-01
3.400e-01
3.400e-01
3.400e-01
3.400e-01
3.400e-01
3.400e-01
3.400e-01
3.400e-01
3.400e-01
3.400e-01
3.400e-01
3.400e-01
3.400e-01
3.400e-01
3.400e-01
3.400e-01
3.400e-01
3.400e-01
3.400e-01
3.400e-01
3.400e-01
3.400e-01
3.400e-01
3.400e-01
3.400e-01
3.400e-01
3.400e-01
3.403e-01
3.403e-01
3.400e-01
3.400e-01
3.400e-01
3.400e-01
3.400e-01
3.400e-01
3.400e-01
3.400e-01
3.400e-01
3.400e-01
3.400e-01
3.400e-01
3.400e-01
3.400e-01
3.400e-01
3.400e-01
3.400e-01
3.400e-01
3.400e-01
3.403e-01
3.410e-01
1.000e+00
1.000e+00
1.000e+00
1.000e+00
1.000e+00
1.000e+00
1.000e+00
1.000e+00
1.000e+00
1.000e+00
1.000e+00
1.000e+00
1.000e+00
1.000e+00
1.000e+00
1.000e+00
1.000e+00
1.000e+00
1.000e+00
1.000e+00
1.000e+00
1.000e+00
1.000e+00
1.000e+00
1.000e+00
1.000e+00
1.000e+00
1.000e+00
1.000e+00
1.000e+00
1.000e+00
1.000e+00
1.000e+00
1.000e+00
1.000e+00
1.000e+00
1.000e+00
1.000e+00
1.000e+00
1.000e+00
1.000e+00
1.000e+00
1.000e+00
1.000e+00
1.000e+00
1.000e+00
1.000e+00
1.000e+00
1.000e+00
1.000e+00
1.000e+00
1.000e+00
1.000e+00
1.000e+00
1.000e+00
1.000e+00
1.000e+00
1.000e+00
1.000e+00
1.000e+00
1.000e+00
1.000e+00
1.000e+00
1.000e+00
1.000e+00
1.000e+00
1.000e+00
1.000e+00
1.000e+00
1.000e+00
1.000e+00
1.000e+00
1.000e+00
1.000e+00
1.000e+00
1.000e+00
1.000e+00
1.000e+00
1.000e+00
1.000e+00
1.000e+00
1.000e+00
1.000e+00
1.000e+00
1.000e+00
1.000e+00
1.000e+00
1.000e+00
1.000e+00
1.000e+00
1.000e+00
1.000e+00
1.000e+00
1.000e+00
1.000e+00
1.000e+00
1.000e+00
1.000e+00
1.000e+00
1.000e+00
1.000e+00
1.000e+00
1.000e+00
1.000e+00
1.000e+00
1.000e+00
1.000e+00
1.000e+00
1.000e+00
1.000e+00
1.000e+00
1.000e+00
1.000e+00
1.000e+00
1.000e+00
1.000e+00
1.000e+00
1.000e+00
1.000e+00
1.000e+00
1.000e+00
1.000e+00
1.000e+00
1.000e+00
1.000e+00
1.000e+00
1.000e+00
1.000e+00
1.000e+00
1.000e+00
1.000e+00
1.000e+00
1.000e+00
1.000e+00
1.000e+00
1.000e+00
1.000e+00
1.000e+00
1.000e+00
1.000e+00
1.000e+00
1.000e+00
1.000e+00
1.000e+00
1.000e+00
1.000e+00
1.000e+00
1.000e+00
1.000e+00
1.000e+00
1.000e+00
1.000e+00
1.000e+00
1.000e+00
1.000e+00
1.000e+00
1.000e+00
1.000e+00
1.000e+00
1.000e+00
1.000e+00
1.000e+00
1.000e+00
1.000e+00
1.000e+00
1.000e+00
1.000e+00
1.000e+00
1.000e+00
1.000e+00
1.000e+00
1.000e+00
1.000e+00
1.000e+00
1.000e+00
1.000e+00
1.000e+00
1.000e+00
1.000e+00
1.000e+00
1.000e+00
1.000e+00
1.000e+00
1.000e+00
1.000e+00
1.000e+00
1.000e+00
1.000e+00
1.000e+00
1.000e+00
1.000e+00
1.000e+00
1.000e+00
1.000e+00
1.000e+00
1.000e+00
1.000e+00
1.000e+00
1.000e+00
1.000e+00
1.000e+00
1.000e+00
1.000e+00
1.000e+00
1.000e+00
1.000e+00
1.000e+00
1.000e+00
1.000e+00
1.000e+00
1.000e+00
1.000e+00
1.000e+00
1.000e+00
1.000e+00
1.000e+00
1.000e+00
1.000e+00
1.000e+00
1.000e+00
1.000e+00
1.000e+00
1.000e+00
1.000e+00
1.000e+00
1.000e+00
1.000e+00
1.000e+00
1.000e+00
1.000e+00
1.000e+00
1.000e+00
1.000e+00
1.000e+00
1.000e+00
1.000e+00
1.000e+00
1.000e+00
1.000e+00
1.000e+00
1.000e+00
1.000e+00
1.000e+00
1.000e+00
1.000e+00
1.000e+00
1.000e+00
1.000e+00
1.000e+00
1.000e+00
1.000e+00
1.000e+00
1.000e+00
1.000e+00
1.000e+00
1.000e+00
1.000e+00
1.000e+00
1.000e+00
1.000e+00
1.000e+00
1.000e+00
1.000e+00
1.000e+00
1.000e+00
1.000e+00
1.000e+00
1.000e+00
1.000e+00
1.000e+00
1.000e+00
1.000e+00
1.000e+00
1.000e+00
1.000e+00
1.000e+00
1.000e+00
1.000e+00
1.000e+00
1.000e+00
1.000e+00
1.000e+00
1.000e+00
1.000e+00
1.000e+00
1.000e+00
1.000e+00
1.000e+00
1.000e+00
1.000e+00
1.000e+00
1.000e+00
1.000e+00
1.000e+00
1.000e+00
1.000e+00
1.000e+00
1.000e+00
1.000e+00
1.000e+00
1.000e+00
1.000e+00
1.000e+00
1.000e+00
1.000e+00
1.000e+00
1.000e+00
1.000e+00
1.000e+00
1.000e+00
1.000e+00
1.000e+00
1.000e+00
1.000e+00
1.000e+00
1.000e+00
1.000e+00
1.000e+00
1.000e+00
1.000e+00
1.000e+00
1.000e+00
1.000e+00
1.000e+00
1.000e+00
1.000e+00
1.000e+00
1.000e+00
1.000e+00
1.000e+00
1.000e+00
1.000e+00
1.000e+00
1.000e+00
1.000e+00
1.000e+00
1.000e+00
1.000e+00
1.000e+00
1.000e+00
1.000e+00
1.000e+00
1.000e+00
1.000e+00
1.000e+00
1.000e+00
1.000e+00
1.000e+00
1.000e+00
1.000e+00
1.000e+00
1.000e+00
1.000e+00
1.000e+00
1.000e+00
1.000e+00
1.000e+00
1.000e+00
1.000e+00
1.000e+00
1.000e+00
1.000e+00
1.000e+00
1.000e+00
1.000e+00
1.000e+00
1.000e+00
1.000e+00
1.000e+00
1.000e+00
1.000e+00
1.000e+00
1.000e+00
1.000e+00
1.000e+00
1.000e+00
1.000e+00
1.000e+00
1.000e+00
1.000e+00
1.000e+00
1.000e+00
1.000e+00
1.000e+00
1.000e+00
1.000e+00
1.000e+00
1.000e+00
1.000e+00
1.000e+00
1.000e+00
1.000e+00
1.000e+00
1.000e+00
1.000e+00
1.000e+00
1.000e+00
1.000e+00
1.000e+00
1.000e+00
1.000e+00
1.000e+00
1.000e+00
1.000e+00
1.000e+00
1.000e+00
1.000e+00
1.000e+00
1.000e+00
1.000e+00
1.000e+00
1.000e+00
1.000e+00
1.000e+00
1.000e+00
1.000e+00
1.000e+00
1.000e+00
1.000e+00
1.000e+00
1.000e+00
1.000e+00
1.000e+00
1.000e+00
1.000e+00
1.000e+00
1.000e+00
1.000e+00
1.000e+00
1.000e+00
1.000e+00
1.000e+00
1.000e+00
1.000e+00
1.000e+00
1.000e+00
1.000e+00
1.000e+00
1.000e+00
1.000e+00
1.001e+00
