1	0	INDP	IPOND
-2.662e+01
-1.556e+01
-1.550e+01
-1.550e+01
-1.550e+01
-1.550e+01
-1.550e+01
-1.550e+01
-1.550e+01
-1.550e+01
-1.550e+01
-1.550e+01
-1.550e+01
-1.550e+01
-1.550e+01
-1.550e+01
-1.550e+01
-1.550e+01
-1.549e+01
-1.484e+01
-8.495e+00
-1.556e+01
-8.509e+00
-8.504e+00
-8.504e+00
-8.504e+00
-8.504e+00
-8.504e+00
-8.504e+00
-8.504e+00
-8.504e+00
-8.504e+00
-8.504e+00
-8.504e+00
-8.504e+00
-8.504e+00
-8.504e+00
-8.504e+00
-8.504e+00
-8.504e+00
-8.498e+00
-6.160e+00
-1.550e+01
-8.504e+00
-8.502e+00
-8.502e+00
-8.502e+00
-8.502e+00
-8.502e+00
-8.502e+00
-8.502e+00
-8.502e+00
-8.502e+00
-8.502e+00
-8.502e+00
-8.502e+00
-8.502e+00
-8.502e+00
-8.502e+00
-8.502e+00
-8.502e+00
-8.494e+00
-6.178e+00
-1.550e+01
-8.504e+00
-8.502e+00
-8.502e+00
-8.502e+00
-8.502e+00
-8.502e+00
-8.502e+00
-8.502e+00
-8.502e+00
-8.502e+00
-8.502e+00
-8.502e+00
-8.502e+00
-8.502e+00
-8.502e+00
-8.502e+00
-8.502e+00
-8.502e+00
-8.494e+00
-6.178e+00
-1.550e+01
-8.504e+00
-8.502e+00
-8.502e+00
-8.502e+00
-8.502e+00
-8.502e+00
-8.502e+00
-8.502e+00
-8.502e+00
-8.502e+00
-8.502e+00
-8.502e+00
-8.502e+00
-8.502e+00
-8.502e+00
-8.502e+00
-8.502e+00
-8.502e+00
-8.494e+00
-6.178e+00
-1.550e+01
-8.504e+00
-8.502e+00
-8.502e+00
-8.502e+00
-8.502e+00
-8.502e+00
-8.502e+00
-8.502e+00
-8.502e+00
-8.502e+00
-8.502e+00
-8.502e+00
-8.502e+00
-8.502e+00
-8.502e+00
-8.502e+00
-8.502e+00
-8.502e+00
-8.494e+00
-6.178e+00
-1.550e+01
-8.504e+00
-8.502e+00
-8.502e+00
-8.502e+00
-8.502e+00
-8.502e+00
-8.502e+00
-8.502e+00
-8.502e+00
-8.502e+00
-8.502e+00
-8.502e+00
-8.502e+00
-8.502e+00
-8.502e+00
-8.502e+00
-8.502e+00
-8.502e+00
-8.494e+00
-6.178e+00
-1.550e+01
-8.504e+00
-8.502e+00
-8.502e+00
-8.502e+00
-8.502e+00
-8.502e+00
-8.502e+00
-8.502e+00
-8.502e+00
-8.502e+00
-8.502e+00
-8.502e+00
-8.502e+00
-8.502e+00
-8.502e+00
-8.502e+00
-8.502e+00
-8.502e+00
-8.494e+00
-6.178e+00
-1.552e+01
-8.504e+00
-8.502e+00
-8.502e+00
-8.502e+00
-8.502e+00
-8.502e+00
-8.502e+00
-8.502e+00
-8.502e+00
-8.502e+00
-8.502e+00
-8.502e+00
-8.502e+00
-8.502e+00
-8.502e+00
-8.502e+00
-8.502e+00
-8.502e+00
-8.494e+00
-6.178e+00
-1.655e+01
-8.570e+00
-8.569e+00
-8.569e+00
-8.569e+00
-8.569e+00
-8.569e+00
-8.569e+00
-8.569e+00
-8.569e+00
-8.569e+00
-8.569e+00
-8.569e+00
-8.569e+00
-8.569e+00
-8.569e+00
-8.569e+00
-8.569e+00
-8.569e+00
-8.564e+00
-6.190e+00
-2.000e+02
-1.999e+02
-1.999e+02
-1.999e+02
-1.999e+02
-1.999e+02
-1.999e+02
-1.999e+02
-1.999e+02
-1.999e+02
-1.999e+02
-1.999e+02
-1.999e+02
-1.999e+02
-1.999e+02
-1.999e+02
-1.999e+02
-1.999e+02
-1.999e+02
-1.999e+02
-1.998e+02
-2.055e+02
-2.075e+02
-2.075e+02
-2.075e+02
-2.075e+02
-2.075e+02
-2.075e+02
-2.075e+02
-2.075e+02
-2.075e+02
-2.075e+02
-2.075e+02
-2.075e+02
-2.075e+02
-2.075e+02
-2.075e+02
-2.075e+02
-2.075e+02
-2.075e+02
-2.075e+02
-1.999e+02
-2.055e+02
-2.075e+02
-2.075e+02
-2.075e+02
-2.075e+02
-2.075e+02
-2.075e+02
-2.075e+02
-2.075e+02
-2.075e+02
-2.075e+02
-2.075e+02
-2.075e+02
-2.075e+02
-2.075e+02
-2.075e+02
-2.075e+02
-2.075e+02
-2.075e+02
-2.075e+02
-1.999e+02
-2.055e+02
-2.075e+02
-2.075e+02
-2.075e+02
-2.075e+02
-2.075e+02
-2.075e+02
-2.075e+02
-2.075e+02
-2.075e+02
-2.075e+02
-2.075e+02
-2.075e+02
-2.075e+02
-2.075e+02
-2.075e+02
-2.075e+02
-2.075e+02
-2.075e+02
-2.075e+02
-1.999e+02
-2.055e+02
-2.075e+02
-2.075e+02
-2.075e+02
-2.075e+02
-2.075e+02
-2.075e+02
-2.075e+02
-2.075e+02
-2.075e+02
-2.075e+02
-2.075e+02
-2.075e+02
-2.075e+02
-2.075e+02
-2.075e+02
-2.075e+02
-2.075e+02
-2.075e+02
-2.075e+02
-1.999e+02
-2.055e+02
-2.075e+02
-2.075e+02
-2.075e+02
-2.075e+02
-2.075e+02
-2.075e+02
-2.075e+02
-2.075e+02
-2.075e+02
-2.075e+02
-2.075e+02
-2.075e+02
-2.075e+02
-2.075e+02
-2.075e+02
-2.075e+02
-2.075e+02
-2.075e+02
-2.075e+02
-1.999e+02
-2.055e+02
-2.075e+02
-2.075e+02
-2.075e+02
-2.075e+02
-2.075e+02
-2.075e+02
-2.075e+02
-2.075e+02
-2.075e+02
-2.075e+02
-2.075e+02
-2.075e+02
-2.075e+02
-2.075e+02
-2.075e+02
-2.075e+02
-2.075e+02
-2.075e+02
-2.075e+02
-1.999e+02
-2.055e+02
-2.075e+02
-2.075e+02
-2.075e+02
-2.075e+02
-2.075e+02
-2.075e+02
-2.075e+02
-2.075e+02
-2.075e+02
-2.075e+02
-2.075e+02
-2.075e+02
-2.075e+02
-2.075e+02
-2.075e+02
-2.075e+02
-2.075e+02
-2.075e+02
-2.075e+02
-1.999e+02
-2.055e+02
-2.075e+02
-2.075e+02
-2.075e+02
-2.075e+02
-2.075e+02
-2.075e+02
-2.075e+02
-2.075e+02
-2.075e+02
-2.075e+02
-2.075e+02
-2.075e+02
-2.075e+02
-2.075e+02
-2.075e+02
-2.075e+02
-2.075e+02
-2.075e+02
-2.075e+02
-1.999e+02
-2.058e+02
-2.075e+02
-2.075e+02
-2.075e+02
-2.075e+02
-2.075e+02
-2.075e+02
-2.075e+02
-2.075e+02
-2.075e+02
-2.075e+02
-2.075e+02
-2.075e+02
-2.075e+02
-2.075e+02
-2.075e+02
-2.075e+02
-2.075e+02
-2.075e+02
-2.075e+02
-1.999e+02
-2.075e+02
-1.999e+02
-1.999e+02
-1.999e+02
-1.999e+02
-1.999e+02
-1.999e+02
-1.999e+02
-1.999e+02
-1.999e+02
-1.999e+02
-1.999e+02
-1.999e+02
-1.999e+02
-1.999e+02
-1.999e+02
-1.999e+02
-1.999e+02
-1.999e+02
-1.999e+02
-1.998e+02
-1.485e+01
-1.165e+01
-1.165e+01
-1.165e+01
-1.165e+01
-1.165e+01
-1.165e+01
-1.165e+01
-1.165e+01
-1.165e+01
-1.165e+01
-1.165e+01
-1.165e+01
-1.165e+01
-1.165e+01
-1.165e+01
-1.165e+01
-1.165e+01
-1.165e+01
-1.167e+01
-8.393e+00
-1.165e+01
-8.396e+00
-8.393e+00
-8.393e+00
-8.393e+00
-8.393e+00
-8.393e+00
-8.393e+00
-8.393e+00
-8.393e+00
-8.393e+00
-8.393e+00
-8.393e+00
-8.393e+00
-8.393e+00
-8.393e+00
-8.393e+00
-8.393e+00
-8.393e+00
-8.393e+00
-6.740e+00
-1.165e+01
-8.393e+00
-8.393e+00
-8.393e+00
-8.393e+00
-8.393e+00
-8.393e+00
-8.393e+00
-8.393e+00
-8.393e+00
-8.393e+00
-8.393e+00
-8.393e+00
-8.393e+00
-8.393e+00
-8.393e+00
-8.393e+00
-8.393e+00
-8.393e+00
-8.393e+00
-6.739e+00
-1.165e+01
-8.393e+00
-8.393e+00
-8.393e+00
-8.393e+00
-8.393e+00
-8.393e+00
-8.393e+00
-8.393e+00
-8.393e+00
-8.393e+00
-8.393e+00
-8.393e+00
-8.393e+00
-8.393e+00
-8.393e+00
-8.393e+00
-8.393e+00
-8.393e+00
-8.393e+00
-6.739e+00
-1.165e+01
-8.393e+00
-8.393e+00
-8.393e+00
-8.393e+00
-8.393e+00
-8.393e+00
-8.393e+00
-8.393e+00
-8.393e+00
-8.393e+00
-8.393e+00
-8.393e+00
-8.393e+00
-8.393e+00
-8.393e+00
-8.393e+00
-8.393e+00
-8.393e+00
-8.393e+00
-6.739e+00
-1.165e+01
-8.393e+00
-8.393e+00
-8.393e+00
-8.393e+00
-8.393e+00
-8.393e+00
-8.393e+00
-8.393e+00
-8.393e+00
-8.393e+00
-8.393e+00
-8.393e+00
-8.393e+00
-8.393e+00
-8.393e+00
-8.393e+00
-8.393e+00
-8.393e+00
-8.393e+00
-6.739e+00
-1.165e+01
-8.393e+00
-8.393e+00
-8.393e+00
-8.393e+00
-8.393e+00
-8.393e+00
-8.393e+00
-8.393e+00
-8.393e+00
-8.393e+00
-8.393e+00
-8.393e+00
-8.393e+00
-8.393e+00
-8.393e+00
-8.393e+00
-8.393e+00
-8.393e+00
-8.393e+00
-6.739e+00
-1.165e+01
-8.393e+00
-8.393e+00
-8.393e+00
-8.393e+00
-8.393e+00
-8.393e+00
-8.393e+00
-8.393e+00
-8.393e+00
-8.393e+00
-8.393e+00
-8.393e+00
-8.393e+00
-8.393e+00
-8.393e+00
-8.393e+00
-8.393e+00
-8.393e+00
-8.393e+00
-6.739e+00
-1.165e+01
-8.393e+00
-8.393e+00
-8.393e+00
-8.393e+00
-8.393e+00
-8.393e+00
-8.393e+00
-8.393e+00
-8.393e+00
-8.393e+00
-8.393e+00
-8.393e+00
-8.393e+00
-8.393e+00
-8.393e+00
-8.393e+00
-8.393e+00
-8.393e+00
-8.393e+00
-6.739e+00
-1.179e+01
-8.451e+00
-8.451e+00
-8.451e+00
-8.451e+00
-8.451e+00
-8.451e+00
-8.451e+00
-8.451e+00
-8.451e+00
-8.451e+00
-8.451e+00
-8.451e+00
-8.451e+00
-8.451e+00
-8.451e+00
-8.451e+00
-8.451e+00
-8.451e+00
-8.451e+00
-6.779e+00
-1.999e+02
-1.999e+02
-1.999e+02
-1.999e+02
-1.999e+02
-1.999e+02
-1.999e+02
-1.999e+02
-1.999e+02
-1.999e+02
-1.999e+02
-1.999e+02
-1.999e+02
-1.999e+02
-1.999e+02
-1.999e+02
-1.999e+02
-1.999e+02
-1.999e+02
-1.999e+02
-1.998e+02
-2.070e+02
-2.071e+02
-2.071e+02
-2.071e+02
-2.071e+02
-2.071e+02
-2.071e+02
-2.071e+02
-2.071e+02
-2.071e+02
-2.071e+02
-2.071e+02
-2.071e+02
-2.071e+02
-2.071e+02
-2.071e+02
-2.071e+02
-2.071e+02
-2.071e+02
-2.071e+02
-2.018e+02
-2.070e+02
-2.071e+02
-2.071e+02
-2.071e+02
-2.071e+02
-2.071e+02
-2.071e+02
-2.071e+02
-2.071e+02
-2.071e+02
-2.071e+02
-2.071e+02
-2.071e+02
-2.071e+02
-2.071e+02
-2.071e+02
-2.071e+02
-2.071e+02
-2.071e+02
-2.071e+02
-2.018e+02
-2.070e+02
-2.071e+02
-2.071e+02
-2.071e+02
-2.071e+02
-2.071e+02
-2.071e+02
-2.071e+02
-2.071e+02
-2.071e+02
-2.071e+02
-2.071e+02
-2.071e+02
-2.071e+02
-2.071e+02
-2.071e+02
-2.071e+02
-2.071e+02
-2.071e+02
-2.071e+02
-2.018e+02
-2.070e+02
-2.071e+02
-2.071e+02
-2.071e+02
-2.071e+02
-2.071e+02
-2.071e+02
-2.071e+02
-2.071e+02
-2.071e+02
-2.071e+02
-2.071e+02
-2.071e+02
-2.071e+02
-2.071e+02
-2.071e+02
-2.071e+02
-2.071e+02
-2.071e+02
-2.071e+02
-2.018e+02
-2.070e+02
-2.071e+02
-2.071e+02
-2.071e+02
-2.071e+02
-2.071e+02
-2.071e+02
-2.071e+02
-2.071e+02
-2.071e+02
-2.071e+02
-2.071e+02
-2.071e+02
-2.071e+02
-2.071e+02
-2.071e+02
-2.071e+02
-2.071e+02
-2.071e+02
-2.071e+02
-2.018e+02
-2.070e+02
-2.071e+02
-2.071e+02
-2.071e+02
-2.071e+02
-2.071e+02
-2.071e+02
-2.071e+02
-2.071e+02
-2.071e+02
-2.071e+02
-2.071e+02
-2.071e+02
-2.071e+02
-2.071e+02
-2.071e+02
-2.071e+02
-2.071e+02
-2.071e+02
-2.071e+02
-2.018e+02
-2.070e+02
-2.071e+02
-2.071e+02
-2.071e+02
-2.071e+02
-2.071e+02
-2.071e+02
-2.071e+02
-2.071e+02
-2.071e+02
-2.071e+02
-2.071e+02
-2.071e+02
-2.071e+02
-2.071e+02
-2.071e+02
-2.071e+02
-2.071e+02
-2.071e+02
-2.071e+02
-2.018e+02
-2.070e+02
-2.071e+02
-2.071e+02
-2.071e+02
-2.071e+02
-2.071e+02
-2.071e+02
-2.071e+02
-2.071e+02
-2.071e+02
-2.071e+02
-2.071e+02
-2.071e+02
-2.071e+02
-2.071e+02
-2.071e+02
-2.071e+02
-2.071e+02
-2.071e+02
-2.071e+02
-2.018e+02
-2.069e+02
-2.071e+02
-2.071e+02
-2.071e+02
-2.071e+02
-2.071e+02
-2.071e+02
-2.071e+02
-2.071e+02
-2.071e+02
-2.071e+02
-2.071e+02
-2.071e+02
-2.071e+02
-2.071e+02
-2.071e+02
-2.071e+02
-2.071e+02
-2.071e+02
-2.071e+02
-2.017e+02
-2.071e+02
-2.018e+02
-2.018e+02
-2.018e+02
-2.018e+02
-2.018e+02
-2.018e+02
-2.018e+02
-2.018e+02
-2.018e+02
-2.018e+02
-2.018e+02
-2.018e+02
-2.018e+02
-2.018e+02
-2.018e+02
-2.018e+02
-2.018e+02
-2.018e+02
-2.017e+02
-1.999e+02
-1.052e+01
-9.481e+00
-9.483e+00
-9.483e+00
-9.483e+00
-9.483e+00
-9.483e+00
-9.483e+00
-9.483e+00
-9.483e+00
-9.483e+00
-9.483e+00
-9.483e+00
-9.483e+00
-9.483e+00
-9.483e+00
-9.483e+00
-9.483e+00
-9.483e+00
-9.509e+00
-8.019e+00
-9.481e+00
-8.017e+00
-8.019e+00
-8.019e+00
-8.019e+00
-8.019e+00
-8.019e+00
-8.019e+00
-8.019e+00
-8.019e+00
-8.019e+00
-8.019e+00
-8.019e+00
-8.019e+00
-8.019e+00
-8.019e+00
-8.019e+00
-8.019e+00
-8.019e+00
-8.019e+00
-7.038e+00
-9.483e+00
-8.019e+00
-8.019e+00
-8.019e+00
-8.019e+00
-8.019e+00
-8.019e+00
-8.019e+00
-8.019e+00
-8.019e+00
-8.019e+00
-8.019e+00
-8.019e+00
-8.019e+00
-8.019e+00
-8.019e+00
-8.019e+00
-8.019e+00
-8.019e+00
-8.019e+00
-7.038e+00
-9.483e+00
-8.019e+00
-8.019e+00
-8.019e+00
-8.019e+00
-8.019e+00
-8.019e+00
-8.019e+00
-8.019e+00
-8.019e+00
-8.019e+00
-8.019e+00
-8.019e+00
-8.019e+00
-8.019e+00
-8.019e+00
-8.019e+00
-8.019e+00
-8.019e+00
-8.019e+00
-7.038e+00
-9.483e+00
-8.019e+00
-8.019e+00
-8.019e+00
-8.019e+00
-8.019e+00
-8.019e+00
-8.019e+00
-8.019e+00
-8.019e+00
-8.019e+00
-8.019e+00
-8.019e+00
-8.019e+00
-8.019e+00
-8.019e+00
-8.019e+00
-8.019e+00
-8.019e+00
-8.019e+00
-7.038e+00
-9.483e+00
-8.019e+00
-8.019e+00
-8.019e+00
-8.019e+00
-8.019e+00
-8.019e+00
-8.019e+00
-8.019e+00
-8.019e+00
-8.019e+00
-8.019e+00
-8.019e+00
-8.019e+00
-8.019e+00
-8.019e+00
-8.019e+00
-8.019e+00
-8.019e+00
-8.019e+00
-7.038e+00
-9.483e+00
-8.019e+00
-8.019e+00
-8.019e+00
-8.019e+00
-8.019e+00
-8.019e+00
-8.019e+00
-8.019e+00
-8.019e+00
-8.019e+00
-8.019e+00
-8.019e+00
-8.019e+00
-8.019e+00
-8.019e+00
-8.019e+00
-8.019e+00
-8.019e+00
-8.019e+00
-7.038e+00
-9.483e+00
-8.019e+00
-8.019e+00
-8.019e+00
-8.019e+00
-8.019e+00
-8.019e+00
-8.019e+00
-8.019e+00
-8.019e+00
-8.019e+00
-8.019e+00
-8.019e+00
-8.019e+00
-8.019e+00
-8.019e+00
-8.019e+00
-8.019e+00
-8.019e+00
-8.019e+00
-7.038e+00
-9.482e+00
-8.019e+00
-8.019e+00
-8.019e+00
-8.019e+00
-8.019e+00
-8.019e+00
-8.019e+00
-8.019e+00
-8.019e+00
-8.019e+00
-8.019e+00
-8.019e+00
-8.019e+00
-8.019e+00
-8.019e+00
-8.019e+00
-8.019e+00
-8.019e+00
-8.019e+00
-7.038e+00
-9.483e+00
-8.063e+00
-8.064e+00
-8.064e+00
-8.064e+00
-8.064e+00
-8.064e+00
-8.064e+00
-8.064e+00
-8.064e+00
-8.064e+00
-8.064e+00
-8.064e+00
-8.064e+00
-8.064e+00
-8.064e+00
-8.064e+00
-8.064e+00
-8.064e+00
-8.064e+00
-7.088e+00
-1.999e+02
-1.999e+02
-1.999e+02
-1.999e+02
-1.999e+02
-1.999e+02
-1.999e+02
-1.999e+02
-1.999e+02
-1.999e+02
-1.999e+02
-1.999e+02
-1.999e+02
-1.999e+02
-1.999e+02
-1.999e+02
-1.999e+02
-1.999e+02
-1.999e+02
-1.999e+02
-1.998e+02
-2.065e+02
-2.029e+02
-2.029e+02
-2.029e+02
-2.029e+02
-2.029e+02
-2.029e+02
-2.029e+02
-2.029e+02
-2.029e+02
-2.029e+02
-2.029e+02
-2.029e+02
-2.029e+02
-2.029e+02
-2.029e+02
-2.029e+02
-2.029e+02
-2.029e+02
-2.029e+02
-1.999e+02
-2.064e+02
-2.029e+02
-2.029e+02
-2.029e+02
-2.029e+02
-2.029e+02
-2.029e+02
-2.029e+02
-2.029e+02
-2.029e+02
-2.029e+02
-2.029e+02
-2.029e+02
-2.029e+02
-2.029e+02
-2.029e+02
-2.029e+02
-2.029e+02
-2.029e+02
-2.029e+02
-1.999e+02
-2.064e+02
-2.029e+02
-2.029e+02
-2.029e+02
-2.029e+02
-2.029e+02
-2.029e+02
-2.029e+02
-2.029e+02
-2.029e+02
-2.029e+02
-2.029e+02
-2.029e+02
-2.029e+02
-2.029e+02
-2.029e+02
-2.029e+02
-2.029e+02
-2.029e+02
-2.029e+02
-1.999e+02
-2.064e+02
-2.029e+02
-2.029e+02
-2.029e+02
-2.029e+02
-2.029e+02
-2.029e+02
-2.029e+02
-2.029e+02
-2.029e+02
-2.029e+02
-2.029e+02
-2.029e+02
-2.029e+02
-2.029e+02
-2.029e+02
-2.029e+02
-2.029e+02
-2.029e+02
-2.029e+02
-1.999e+02
-2.064e+02
-2.029e+02
-2.029e+02
-2.029e+02
-2.029e+02
-2.029e+02
-2.029e+02
-2.029e+02
-2.029e+02
-2.029e+02
-2.029e+02
-2.029e+02
-2.029e+02
-2.029e+02
-2.029e+02
-2.029e+02
-2.029e+02
-2.029e+02
-2.029e+02
-2.029e+02
-1.999e+02
-2.064e+02
-2.029e+02
-2.029e+02
-2.029e+02
-2.029e+02
-2.029e+02
-2.029e+02
-2.029e+02
-2.029e+02
-2.029e+02
-2.029e+02
-2.029e+02
-2.029e+02
-2.029e+02
-2.029e+02
-2.029e+02
-2.029e+02
-2.029e+02
-2.029e+02
-2.029e+02
-1.999e+02
-2.064e+02
-2.029e+02
-2.029e+02
-2.029e+02
-2.029e+02
-2.029e+02
-2.029e+02
-2.029e+02
-2.029e+02
-2.029e+02
-2.029e+02
-2.029e+02
-2.029e+02
-2.029e+02
-2.029e+02
-2.029e+02
-2.029e+02
-2.029e+02
-2.029e+02
-2.029e+02
-1.999e+02
-2.064e+02
-2.029e+02
-2.029e+02
-2.029e+02
-2.029e+02
-2.029e+02
-2.029e+02
-2.029e+02
-2.029e+02
-2.029e+02
-2.029e+02
-2.029e+02
-2.029e+02
-2.029e+02
-2.029e+02
-2.029e+02
-2.029e+02
-2.029e+02
-2.029e+02
-2.029e+02
-1.999e+02
-2.064e+02
-2.029e+02
-2.029e+02
-2.029e+02
-2.029e+02
-2.029e+02
-2.029e+02
-2.029e+02
-2.029e+02
-2.029e+02
-2.029e+02
-2.029e+02
-2.029e+02
-2.029e+02
-2.029e+02
-2.029e+02
-2.029e+02
-2.029e+02
-2.029e+02
-2.029e+02
-1.999e+02
-2.029e+02
-1.999e+02
-1.999e+02
-1.999e+02
-1.999e+02
-1.999e+02
-1.999e+02
-1.999e+02
-1.999e+02
-1.999e+02
-1.999e+02
-1.999e+02
-1.999e+02
-1.999e+02
-1.999e+02
-1.999e+02
-1.999e+02
-1.999e+02
-1.999e+02
-1.999e+02
-1.999e+02
-8.638e+00
-8.185e+00
-8.185e+00
-8.185e+00
-8.185e+00
-8.185e+00
-8.185e+00
-8.185e+00
-8.185e+00
-8.185e+00
-8.185e+00
-8.185e+00
-8.185e+00
-8.185e+00
-8.185e+00
-8.185e+00
-8.185e+00
-8.185e+00
-8.185e+00
-8.188e+00
-7.431e+00
-8.185e+00
-7.430e+00
-7.430e+00
-7.430e+00
-7.430e+00
-7.430e+00
-7.430e+00
-7.430e+00
-7.430e+00
-7.430e+00
-7.430e+00
-7.430e+00
-7.430e+00
-7.430e+00
-7.430e+00
-7.430e+00
-7.430e+00
-7.430e+00
-7.430e+00
-7.431e+00
-6.836e+00
-8.185e+00
-7.430e+00
-7.431e+00
-7.431e+00
-7.431e+00
-7.431e+00
-7.431e+00
-7.431e+00
-7.431e+00
-7.431e+00
-7.431e+00
-7.431e+00
-7.431e+00
-7.431e+00
-7.431e+00
-7.431e+00
-7.431e+00
-7.431e+00
-7.431e+00
-7.432e+00
-6.836e+00
-8.185e+00
-7.430e+00
-7.431e+00
-7.431e+00
-7.431e+00
-7.431e+00
-7.431e+00
-7.431e+00
-7.431e+00
-7.431e+00
-7.431e+00
-7.431e+00
-7.431e+00
-7.431e+00
-7.431e+00
-7.431e+00
-7.431e+00
-7.431e+00
-7.431e+00
-7.432e+00
-6.836e+00
-8.185e+00
-7.430e+00
-7.431e+00
-7.431e+00
-7.431e+00
-7.431e+00
-7.431e+00
-7.431e+00
-7.431e+00
-7.431e+00
-7.431e+00
-7.431e+00
-7.431e+00
-7.431e+00
-7.431e+00
-7.431e+00
-7.431e+00
-7.431e+00
-7.431e+00
-7.432e+00
-6.836e+00
-8.185e+00
-7.430e+00
-7.431e+00
-7.431e+00
-7.431e+00
-7.431e+00
-7.431e+00
-7.431e+00
-7.431e+00
-7.431e+00
-7.431e+00
-7.431e+00
-7.431e+00
-7.431e+00
-7.431e+00
-7.431e+00
-7.431e+00
-7.431e+00
-7.431e+00
-7.432e+00
-6.836e+00
-8.185e+00
-7.430e+00
-7.431e+00
-7.431e+00
-7.431e+00
-7.431e+00
-7.431e+00
-7.431e+00
-7.431e+00
-7.431e+00
-7.431e+00
-7.431e+00
-7.431e+00
-7.431e+00
-7.431e+00
-7.431e+00
-7.431e+00
-7.431e+00
-7.431e+00
-7.432e+00
-6.836e+00
-8.185e+00
-7.430e+00
-7.431e+00
-7.431e+00
-7.431e+00
-7.431e+00
-7.431e+00
-7.431e+00
-7.431e+00
-7.431e+00
-7.431e+00
-7.431e+00
-7.431e+00
-7.431e+00
-7.431e+00
-7.431e+00
-7.431e+00
-7.430e+00
-7.431e+00
-7.432e+00
-6.836e+00
-8.185e+00
-7.431e+00
-7.431e+00
-7.431e+00
-7.431e+00
-7.431e+00
-7.431e+00
-7.431e+00
-7.431e+00
-7.431e+00
-7.431e+00
-7.431e+00
-7.431e+00
-7.431e+00
-7.431e+00
-7.431e+00
-7.431e+00
-7.431e+00
-7.431e+00
-7.431e+00
-6.836e+00
-8.206e+00
-7.457e+00
-7.457e+00
-7.457e+00
-7.457e+00
-7.457e+00
-7.457e+00
-7.457e+00
-7.457e+00
-7.457e+00
-7.457e+00
-7.457e+00
-7.457e+00
-7.457e+00
-7.457e+00
-7.457e+00
-7.457e+00
-7.457e+00
-7.457e+00
-7.457e+00
-6.874e+00
-1.998e+02
-1.996e+02
-1.996e+02
-1.996e+02
-1.996e+02
-1.996e+02
-1.996e+02
-1.996e+02
-1.996e+02
-1.996e+02
-1.996e+02
-1.996e+02
-1.996e+02
-1.996e+02
-1.996e+02
-1.996e+02
-1.996e+02
-1.996e+02
-1.996e+02
-1.996e+02
-1.992e+02
-1.999e+02
-1.999e+02
-1.999e+02
-1.999e+02
-1.999e+02
-1.999e+02
-1.999e+02
-1.999e+02
-1.999e+02
-1.999e+02
-1.999e+02
-1.999e+02
-1.999e+02
-1.999e+02
-1.999e+02
-1.999e+02
-1.999e+02
-1.999e+02
-1.999e+02
-1.999e+02
-1.999e+02
-1.999e+02
-1.999e+02
-1.999e+02
-1.999e+02
-1.999e+02
-1.999e+02
-1.999e+02
-1.999e+02
-1.999e+02
-1.999e+02
-1.999e+02
-1.999e+02
-1.999e+02
-1.999e+02
-1.999e+02
-1.999e+02
-1.999e+02
-1.999e+02
-1.999e+02
-1.999e+02
-1.999e+02
-1.999e+02
-1.999e+02
-1.999e+02
-1.999e+02
-1.999e+02
-1.999e+02
-1.999e+02
-1.999e+02
-1.999e+02
-1.999e+02
-1.999e+02
-1.999e+02
-1.999e+02
-1.999e+02
-1.999e+02
-1.999e+02
-1.999e+02
-1.999e+02
-1.999e+02
-1.999e+02
-1.999e+02
-1.999e+02
-1.999e+02
-1.999e+02
-1.999e+02
-1.999e+02
-1.999e+02
-1.999e+02
-1.999e+02
-1.999e+02
-1.999e+02
-1.999e+02
-1.999e+02
-1.999e+02
-1.999e+02
-1.999e+02
-1.999e+02
-1.999e+02
-1.999e+02
-1.999e+02
-1.999e+02
-1.999e+02
-1.999e+02
-1.999e+02
-1.999e+02
-1.999e+02
-1.999e+02
-1.999e+02
-1.999e+02
-1.999e+02
-1.999e+02
-1.999e+02
-1.999e+02
-1.999e+02
-1.999e+02
-1.999e+02
-1.999e+02
-1.999e+02
-1.999e+02
-1.999e+02
-1.999e+02
-1.999e+02
-1.999e+02
-1.999e+02
-1.999e+02
-1.999e+02
-1.999e+02
-1.999e+02
-1.999e+02
-1.999e+02
-1.999e+02
-1.999e+02
-1.999e+02
-1.999e+02
-1.999e+02
-1.999e+02
-1.999e+02
-1.999e+02
-1.999e+02
-1.999e+02
-1.999e+02
-1.999e+02
-1.999e+02
-1.999e+02
-1.999e+02
-1.999e+02
-1.999e+02
-1.999e+02
-1.999e+02
-1.999e+02
-1.999e+02
-1.999e+02
-1.999e+02
-1.999e+02
-1.999e+02
-1.999e+02
-1.999e+02
-1.999e+02
-1.999e+02
-1.999e+02
-1.999e+02
-1.999e+02
-1.999e+02
-1.999e+02
-1.999e+02
-1.999e+02
-1.999e+02
-1.999e+02
-1.999e+02
-1.999e+02
-1.999e+02
-1.999e+02
-1.999e+02
-1.999e+02
-1.999e+02
-1.999e+02
-1.999e+02
-1.999e+02
-1.999e+02
-1.999e+02
-1.999e+02
-1.999e+02
-1.999e+02
-1.999e+02
-1.999e+02
-1.999e+02
-1.999e+02
-1.999e+02
-1.999e+02
-1.999e+02
-1.999e+02
-1.999e+02
-1.999e+02
-1.999e+02
-1.999e+02
-1.999e+02
-1.999e+02
-1.999e+02
-1.999e+02
-1.999e+02
-1.999e+02
-1.999e+02
-1.999e+02
-1.999e+02
-1.999e+02
-1.999e+02
-1.999e+02
-1.999e+02
-1.999e+02
-1.999e+02
-1.999e+02
-1.999e+02
-1.999e+02
-1.999e+02
-1.999e+02
-1.999e+02
-1.999e+02
-1.999e+02
-1.999e+02
-1.999e+02
-1.999e+02
-1.999e+02
-1.999e+02
-1.999e+02
-1.999e+02
-1.999e+02
-1.999e+02
-1.998e+02
-7.417e+00
-7.166e+00
-7.166e+00
-7.166e+00
-7.166e+00
-7.166e+00
-7.166e+00
-7.166e+00
-7.166e+00
-7.166e+00
-7.166e+00
-7.166e+00
-7.166e+00
-7.166e+00
-7.166e+00
-7.166e+00
-7.166e+00
-7.166e+00
-7.166e+00
-7.166e+00
-6.729e+00
-7.166e+00
-6.729e+00
-6.729e+00
-6.729e+00
-6.729e+00
-6.729e+00
-6.729e+00
-6.729e+00
-6.729e+00
-6.729e+00
-6.729e+00
-6.729e+00
-6.729e+00
-6.729e+00
-6.729e+00
-6.729e+00
-6.729e+00
-6.729e+00
-6.729e+00
-6.729e+00
-6.347e+00
-7.166e+00
-6.729e+00
-6.729e+00
-6.729e+00
-6.729e+00
-6.729e+00
-6.729e+00
-6.729e+00
-6.729e+00
-6.729e+00
-6.729e+00
-6.729e+00
-6.729e+00
-6.729e+00
-6.729e+00
-6.729e+00
-6.729e+00
-6.729e+00
-6.729e+00
-6.729e+00
-6.349e+00
-7.166e+00
-6.729e+00
-6.729e+00
-6.729e+00
-6.729e+00
-6.729e+00
-6.729e+00
-6.729e+00
-6.729e+00
-6.729e+00
-6.729e+00
-6.729e+00
-6.729e+00
-6.729e+00
-6.729e+00
-6.729e+00
-6.729e+00
-6.729e+00
-6.729e+00
-6.729e+00
-6.349e+00
-7.166e+00
-6.729e+00
-6.729e+00
-6.729e+00
-6.729e+00
-6.729e+00
-6.729e+00
-6.729e+00
-6.729e+00
-6.729e+00
-6.729e+00
-6.729e+00
-6.729e+00
-6.729e+00
-6.729e+00
-6.729e+00
-6.729e+00
-6.729e+00
-6.729e+00
-6.729e+00
-6.349e+00
-7.166e+00
-6.729e+00
-6.729e+00
-6.729e+00
-6.729e+00
-6.729e+00
-6.729e+00
-6.729e+00
-6.729e+00
-6.729e+00
-6.729e+00
-6.729e+00
-6.729e+00
-6.729e+00
-6.729e+00
-6.729e+00
-6.729e+00
-6.729e+00
-6.729e+00
-6.729e+00
-6.349e+00
-7.166e+00
-6.729e+00
-6.729e+00
-6.729e+00
-6.729e+00
-6.729e+00
-6.729e+00
-6.729e+00
-6.729e+00
-6.729e+00
-6.729e+00
-6.729e+00
-6.729e+00
-6.729e+00
-6.729e+00
-6.729e+00
-6.729e+00
-6.729e+00
-6.729e+00
-6.729e+00
-6.349e+00
-7.166e+00
-6.729e+00
-6.729e+00
-6.729e+00
-6.729e+00
-6.729e+00
-6.729e+00
-6.729e+00
-6.729e+00
-6.729e+00
-6.729e+00
-6.729e+00
-6.729e+00
-6.729e+00
-6.729e+00
-6.729e+00
-6.729e+00
-6.729e+00
-6.729e+00
-6.729e+00
-6.349e+00
-7.166e+00
-6.729e+00
-6.729e+00
-6.729e+00
-6.729e+00
-6.729e+00
-6.729e+00
-6.729e+00
-6.729e+00
-6.729e+00
-6.729e+00
-6.729e+00
-6.729e+00
-6.729e+00
-6.729e+00
-6.729e+00
-6.729e+00
-6.729e+00
-6.729e+00
-6.729e+00
-6.349e+00
-7.180e+00
-6.741e+00
-6.741e+00
-6.741e+00
-6.741e+00
-6.741e+00
-6.741e+00
-6.741e+00
-6.741e+00
-6.741e+00
-6.741e+00
-6.741e+00
-6.741e+00
-6.741e+00
-6.741e+00
-6.741e+00
-6.741e+00
-6.741e+00
-6.741e+00
-6.742e+00
-6.372e+00
-1.975e+02
-1.956e+02
-1.956e+02
-1.956e+02
-1.956e+02
-1.956e+02
-1.956e+02
-1.956e+02
-1.956e+02
-1.956e+02
-1.956e+02
-1.956e+02
-1.956e+02
-1.956e+02
-1.956e+02
-1.956e+02
-1.956e+02
-1.956e+02
-1.956e+02
-1.956e+02
-1.934e+02
-1.994e+02
-1.991e+02
-1.991e+02
-1.991e+02
-1.991e+02
-1.991e+02
-1.991e+02
-1.991e+02
-1.991e+02
-1.991e+02
-1.991e+02
-1.991e+02
-1.991e+02
-1.991e+02
-1.991e+02
-1.991e+02
-1.991e+02
-1.991e+02
-1.991e+02
-1.991e+02
-1.984e+02
-1.994e+02
-1.991e+02
-1.991e+02
-1.991e+02
-1.991e+02
-1.991e+02
-1.991e+02
-1.991e+02
-1.991e+02
-1.991e+02
-1.991e+02
-1.991e+02
-1.991e+02
-1.991e+02
-1.991e+02
-1.991e+02
-1.991e+02
-1.991e+02
-1.991e+02
-1.991e+02
-1.984e+02
-1.994e+02
-1.991e+02
-1.991e+02
-1.991e+02
-1.991e+02
-1.991e+02
-1.991e+02
-1.991e+02
-1.991e+02
-1.991e+02
-1.991e+02
-1.991e+02
-1.991e+02
-1.991e+02
-1.991e+02
-1.991e+02
-1.991e+02
-1.991e+02
-1.991e+02
-1.991e+02
-1.984e+02
-1.994e+02
-1.991e+02
-1.991e+02
-1.991e+02
-1.991e+02
-1.991e+02
-1.991e+02
-1.991e+02
-1.991e+02
-1.991e+02
-1.991e+02
-1.991e+02
-1.991e+02
-1.991e+02
-1.991e+02
-1.991e+02
-1.991e+02
-1.991e+02
-1.991e+02
-1.991e+02
-1.984e+02
-1.994e+02
-1.991e+02
-1.991e+02
-1.991e+02
-1.991e+02
-1.991e+02
-1.991e+02
-1.991e+02
-1.991e+02
-1.991e+02
-1.991e+02
-1.991e+02
-1.991e+02
-1.991e+02
-1.991e+02
-1.991e+02
-1.991e+02
-1.991e+02
-1.991e+02
-1.991e+02
-1.984e+02
-1.994e+02
-1.991e+02
-1.991e+02
-1.991e+02
-1.991e+02
-1.991e+02
-1.991e+02
-1.991e+02
-1.991e+02
-1.991e+02
-1.991e+02
-1.991e+02
-1.991e+02
-1.991e+02
-1.991e+02
-1.991e+02
-1.991e+02
-1.991e+02
-1.991e+02
-1.991e+02
-1.984e+02
-1.994e+02
-1.991e+02
-1.991e+02
-1.991e+02
-1.991e+02
-1.991e+02
-1.991e+02
-1.991e+02
-1.991e+02
-1.991e+02
-1.991e+02
-1.991e+02
-1.991e+02
-1.991e+02
-1.991e+02
-1.991e+02
-1.991e+02
-1.991e+02
-1.991e+02
-1.991e+02
-1.984e+02
-1.994e+02
-1.991e+02
-1.991e+02
-1.991e+02
-1.991e+02
-1.991e+02
-1.991e+02
-1.991e+02
-1.991e+02
-1.991e+02
-1.991e+02
-1.991e+02
-1.991e+02
-1.991e+02
-1.991e+02
-1.991e+02
-1.991e+02
-1.991e+02
-1.991e+02
-1.991e+02
-1.984e+02
-1.994e+02
-1.991e+02
-1.991e+02
-1.991e+02
-1.991e+02
-1.991e+02
-1.991e+02
-1.991e+02
-1.991e+02
-1.991e+02
-1.991e+02
-1.991e+02
-1.991e+02
-1.991e+02
-1.991e+02
-1.991e+02
-1.991e+02
-1.991e+02
-1.991e+02
-1.991e+02
-1.984e+02
-1.991e+02
-1.984e+02
-1.984e+02
-1.984e+02
-1.984e+02
-1.984e+02
-1.984e+02
-1.984e+02
-1.984e+02
-1.984e+02
-1.984e+02
-1.984e+02
-1.984e+02
-1.984e+02
-1.984e+02
-1.984e+02
-1.984e+02
-1.984e+02
-1.984e+02
-1.984e+02
-1.978e+02
-6.089e+00
-6.056e+00
-6.056e+00
-6.056e+00
-6.056e+00
-6.056e+00
-6.056e+00
-6.056e+00
-6.056e+00
-6.056e+00
-6.056e+00
-6.056e+00
-6.056e+00
-6.056e+00
-6.056e+00
-6.056e+00
-6.056e+00
-6.056e+00
-6.056e+00
-6.056e+00
-5.990e+00
-6.056e+00
-5.990e+00
-5.990e+00
-5.990e+00
-5.990e+00
-5.990e+00
-5.990e+00
-5.990e+00
-5.990e+00
-5.990e+00
-5.990e+00
-5.990e+00
-5.990e+00
-5.990e+00
-5.990e+00
-5.990e+00
-5.990e+00
-5.990e+00
-5.990e+00
-5.990e+00
-5.927e+00
-6.056e+00
-5.990e+00
-5.990e+00
-5.990e+00
-5.990e+00
-5.990e+00
-5.990e+00
-5.990e+00
-5.990e+00
-5.990e+00
-5.990e+00
-5.990e+00
-5.990e+00
-5.990e+00
-5.990e+00
-5.990e+00
-5.990e+00
-5.990e+00
-5.990e+00
-5.990e+00
-5.924e+00
-6.056e+00
-5.990e+00
-5.990e+00
-5.990e+00
-5.990e+00
-5.990e+00
-5.990e+00
-5.990e+00
-5.990e+00
-5.990e+00
-5.990e+00
-5.990e+00
-5.990e+00
-5.990e+00
-5.990e+00
-5.990e+00
-5.990e+00
-5.990e+00
-5.990e+00
-5.990e+00
-5.924e+00
-6.056e+00
-5.990e+00
-5.990e+00
-5.990e+00
-5.990e+00
-5.990e+00
-5.990e+00
-5.990e+00
-5.990e+00
-5.990e+00
-5.990e+00
-5.990e+00
-5.990e+00
-5.990e+00
-5.990e+00
-5.990e+00
-5.990e+00
-5.990e+00
-5.990e+00
-5.990e+00
-5.924e+00
-6.056e+00
-5.990e+00
-5.990e+00
-5.990e+00
-5.990e+00
-5.990e+00
-5.990e+00
-5.990e+00
-5.990e+00
-5.990e+00
-5.990e+00
-5.990e+00
-5.990e+00
-5.990e+00
-5.990e+00
-5.990e+00
-5.990e+00
-5.990e+00
-5.990e+00
-5.990e+00
-5.924e+00
-6.056e+00
-5.990e+00
-5.990e+00
-5.990e+00
-5.990e+00
-5.990e+00
-5.990e+00
-5.990e+00
-5.990e+00
-5.990e+00
-5.990e+00
-5.990e+00
-5.990e+00
-5.990e+00
-5.990e+00
-5.990e+00
-5.990e+00
-5.990e+00
-5.990e+00
-5.990e+00
-5.924e+00
-6.056e+00
-5.990e+00
-5.990e+00
-5.990e+00
-5.990e+00
-5.990e+00
-5.990e+00
-5.990e+00
-5.990e+00
-5.990e+00
-5.990e+00
-5.990e+00
-5.990e+00
-5.990e+00
-5.990e+00
-5.990e+00
-5.990e+00
-5.990e+00
-5.990e+00
-5.990e+00
-5.924e+00
-6.056e+00
-5.990e+00
-5.990e+00
-5.990e+00
-5.990e+00
-5.990e+00
-5.990e+00
-5.990e+00
-5.990e+00
-5.990e+00
-5.990e+00
-5.990e+00
-5.990e+00
-5.990e+00
-5.990e+00
-5.990e+00
-5.990e+00
-5.990e+00
-5.990e+00
-5.990e+00
-5.924e+00
-6.044e+00
-5.993e+00
-5.991e+00
-5.991e+00
-5.991e+00
-5.991e+00
-5.991e+00
-5.991e+00
-5.991e+00
-5.991e+00
-5.991e+00
-5.991e+00
-5.991e+00
-5.991e+00
-5.991e+00
-5.991e+00
-5.991e+00
-5.991e+00
-5.991e+00
-5.991e+00
-5.934e+00
-1.342e+02
-1.380e+02
-1.366e+02
-1.366e+02
-1.366e+02
-1.366e+02
-1.366e+02
-1.366e+02
-1.366e+02
-1.366e+02
-1.366e+02
-1.366e+02
-1.366e+02
-1.366e+02
-1.366e+02
-1.366e+02
-1.366e+02
-1.366e+02
-1.366e+02
-1.366e+02
-1.331e+02
-1.211e+02
-1.188e+02
-1.184e+02
-1.184e+02
-1.184e+02
-1.184e+02
-1.184e+02
-1.184e+02
-1.184e+02
-1.184e+02
-1.184e+02
-1.184e+02
-1.184e+02
-1.184e+02
-1.184e+02
-1.184e+02
-1.184e+02
-1.184e+02
-1.184e+02
-1.184e+02
-1.149e+02
-1.211e+02
-1.189e+02
-1.184e+02
-1.184e+02
-1.184e+02
-1.184e+02
-1.184e+02
-1.184e+02
-1.184e+02
-1.184e+02
-1.184e+02
-1.184e+02
-1.184e+02
-1.184e+02
-1.184e+02
-1.184e+02
-1.184e+02
-1.184e+02
-1.184e+02
-1.184e+02
-1.148e+02
-1.211e+02
-1.189e+02
-1.184e+02
-1.184e+02
-1.184e+02
-1.184e+02
-1.184e+02
-1.184e+02
-1.184e+02
-1.184e+02
-1.184e+02
-1.184e+02
-1.184e+02
-1.184e+02
-1.184e+02
-1.184e+02
-1.184e+02
-1.184e+02
-1.184e+02
-1.184e+02
-1.148e+02
-1.211e+02
-1.189e+02
-1.184e+02
-1.184e+02
-1.184e+02
-1.184e+02
-1.184e+02
-1.184e+02
-1.184e+02
-1.184e+02
-1.184e+02
-1.184e+02
-1.184e+02
-1.184e+02
-1.184e+02
-1.184e+02
-1.184e+02
-1.184e+02
-1.184e+02
-1.184e+02
-1.148e+02
-1.211e+02
-1.189e+02
-1.184e+02
-1.184e+02
-1.184e+02
-1.184e+02
-1.184e+02
-1.184e+02
-1.184e+02
-1.184e+02
-1.184e+02
-1.184e+02
-1.184e+02
-1.184e+02
-1.184e+02
-1.184e+02
-1.184e+02
-1.184e+02
-1.184e+02
-1.184e+02
-1.148e+02
-1.211e+02
-1.189e+02
-1.184e+02
-1.184e+02
-1.184e+02
-1.184e+02
-1.184e+02
-1.184e+02
-1.184e+02
-1.184e+02
-1.184e+02
-1.184e+02
-1.184e+02
-1.184e+02
-1.184e+02
-1.184e+02
-1.184e+02
-1.184e+02
-1.184e+02
-1.184e+02
-1.148e+02
-1.211e+02
-1.189e+02
-1.184e+02
-1.184e+02
-1.184e+02
-1.184e+02
-1.184e+02
-1.184e+02
-1.184e+02
-1.184e+02
-1.184e+02
-1.184e+02
-1.184e+02
-1.184e+02
-1.184e+02
-1.184e+02
-1.184e+02
-1.184e+02
-1.184e+02
-1.184e+02
-1.148e+02
-1.211e+02
-1.189e+02
-1.184e+02
-1.184e+02
-1.184e+02
-1.184e+02
-1.184e+02
-1.184e+02
-1.184e+02
-1.184e+02
-1.184e+02
-1.184e+02
-1.184e+02
-1.184e+02
-1.184e+02
-1.184e+02
-1.184e+02
-1.184e+02
-1.184e+02
-1.184e+02
-1.148e+02
-1.212e+02
-1.189e+02
-1.183e+02
-1.184e+02
-1.184e+02
-1.184e+02
-1.184e+02
-1.184e+02
-1.184e+02
-1.184e+02
-1.184e+02
-1.184e+02
-1.184e+02
-1.184e+02
-1.184e+02
-1.184e+02
-1.184e+02
-1.184e+02
-1.184e+02
-1.183e+02
-1.148e+02
-1.192e+02
-1.157e+02
-1.148e+02
-1.148e+02
-1.148e+02
-1.148e+02
-1.148e+02
-1.148e+02
-1.148e+02
-1.148e+02
-1.148e+02
-1.148e+02
-1.148e+02
-1.148e+02
-1.148e+02
-1.148e+02
-1.148e+02
-1.148e+02
-1.148e+02
-1.148e+02
-1.123e+02
-7.010e+00
-6.323e+00
-6.323e+00
-6.323e+00
-6.323e+00
-6.323e+00
-6.323e+00
-6.323e+00
-6.323e+00
-6.323e+00
-6.323e+00
-6.323e+00
-6.323e+00
-6.323e+00
-6.323e+00
-6.323e+00
-6.323e+00
-6.323e+00
-6.323e+00
-6.320e+00
-5.372e+00
-6.323e+00
-5.374e+00
-5.374e+00
-5.374e+00
-5.374e+00
-5.374e+00
-5.374e+00
-5.374e+00
-5.374e+00
-5.374e+00
-5.374e+00
-5.374e+00
-5.374e+00
-5.374e+00
-5.374e+00
-5.374e+00
-5.374e+00
-5.374e+00
-5.374e+00
-5.374e+00
-4.746e+00
-6.323e+00
-5.374e+00
-5.374e+00
-5.374e+00
-5.374e+00
-5.374e+00
-5.374e+00
-5.374e+00
-5.374e+00
-5.374e+00
-5.374e+00
-5.374e+00
-5.374e+00
-5.374e+00
-5.374e+00
-5.374e+00
-5.374e+00
-5.374e+00
-5.374e+00
-5.374e+00
-4.748e+00
-6.323e+00
-5.374e+00
-5.374e+00
-5.374e+00
-5.374e+00
-5.374e+00
-5.374e+00
-5.374e+00
-5.374e+00
-5.374e+00
-5.374e+00
-5.374e+00
-5.374e+00
-5.374e+00
-5.374e+00
-5.374e+00
-5.374e+00
-5.374e+00
-5.374e+00
-5.374e+00
-4.748e+00
-6.323e+00
-5.374e+00
-5.374e+00
-5.374e+00
-5.374e+00
-5.374e+00
-5.374e+00
-5.374e+00
-5.374e+00
-5.374e+00
-5.374e+00
-5.374e+00
-5.374e+00
-5.374e+00
-5.374e+00
-5.374e+00
-5.374e+00
-5.374e+00
-5.374e+00
-5.374e+00
-4.748e+00
-6.323e+00
-5.374e+00
-5.374e+00
-5.374e+00
-5.374e+00
-5.374e+00
-5.374e+00
-5.374e+00
-5.374e+00
-5.374e+00
-5.374e+00
-5.374e+00
-5.374e+00
-5.374e+00
-5.374e+00
-5.374e+00
-5.374e+00
-5.374e+00
-5.374e+00
-5.374e+00
-4.748e+00
-6.323e+00
-5.374e+00
-5.374e+00
-5.374e+00
-5.374e+00
-5.374e+00
-5.374e+00
-5.374e+00
-5.374e+00
-5.374e+00
-5.374e+00
-5.374e+00
-5.374e+00
-5.374e+00
-5.374e+00
-5.374e+00
-5.374e+00
-5.374e+00
-5.374e+00
-5.374e+00
-4.748e+00
-6.323e+00
-5.374e+00
-5.374e+00
-5.374e+00
-5.374e+00
-5.374e+00
-5.374e+00
-5.374e+00
-5.374e+00
-5.374e+00
-5.374e+00
-5.374e+00
-5.374e+00
-5.374e+00
-5.374e+00
-5.374e+00
-5.374e+00
-5.374e+00
-5.374e+00
-5.374e+00
-4.748e+00
-6.323e+00
-5.374e+00
-5.374e+00
-5.374e+00
-5.374e+00
-5.374e+00
-5.374e+00
-5.374e+00
-5.374e+00
-5.374e+00
-5.374e+00
-5.374e+00
-5.374e+00
-5.374e+00
-5.374e+00
-5.374e+00
-5.374e+00
-5.374e+00
-5.374e+00
-5.374e+00
-4.748e+00
-6.337e+00
-5.374e+00
-5.374e+00
-5.374e+00
-5.374e+00
-5.374e+00
-5.374e+00
-5.374e+00
-5.374e+00
-5.374e+00
-5.374e+00
-5.374e+00
-5.374e+00
-5.374e+00
-5.374e+00
-5.374e+00
-5.374e+00
-5.374e+00
-5.374e+00
-5.374e+00
-4.747e+00
-2.886e+01
-1.829e+01
-1.846e+01
-1.846e+01
-1.846e+01
-1.846e+01
-1.846e+01
-1.846e+01
-1.846e+01
-1.846e+01
-1.846e+01
-1.846e+01
-1.846e+01
-1.846e+01
-1.846e+01
-1.846e+01
-1.846e+01
-1.846e+01
-1.846e+01
-1.844e+01
-1.351e+01
-2.814e+01
-1.744e+01
-1.748e+01
-1.748e+01
-1.748e+01
-1.748e+01
-1.748e+01
-1.748e+01
-1.748e+01
-1.748e+01
-1.748e+01
-1.748e+01
-1.748e+01
-1.748e+01
-1.748e+01
-1.748e+01
-1.748e+01
-1.748e+01
-1.748e+01
-1.746e+01
-1.259e+01
-2.814e+01
-1.744e+01
-1.748e+01
-1.748e+01
-1.748e+01
-1.748e+01
-1.748e+01
-1.748e+01
-1.748e+01
-1.748e+01
-1.748e+01
-1.748e+01
-1.748e+01
-1.748e+01
-1.748e+01
-1.748e+01
-1.748e+01
-1.748e+01
-1.748e+01
-1.746e+01
-1.260e+01
-2.814e+01
-1.744e+01
-1.748e+01
-1.748e+01
-1.748e+01
-1.748e+01
-1.748e+01
-1.748e+01
-1.748e+01
-1.748e+01
-1.748e+01
-1.748e+01
-1.748e+01
-1.748e+01
-1.748e+01
-1.748e+01
-1.748e+01
-1.748e+01
-1.748e+01
-1.746e+01
-1.260e+01
-2.814e+01
-1.744e+01
-1.748e+01
-1.748e+01
-1.748e+01
-1.748e+01
-1.748e+01
-1.748e+01
-1.748e+01
-1.748e+01
-1.748e+01
-1.748e+01
-1.748e+01
-1.748e+01
-1.748e+01
-1.748e+01
-1.748e+01
-1.748e+01
-1.748e+01
-1.746e+01
-1.260e+01
-2.814e+01
-1.744e+01
-1.748e+01
-1.748e+01
-1.748e+01
-1.748e+01
-1.748e+01
-1.748e+01
-1.748e+01
-1.748e+01
-1.748e+01
-1.748e+01
-1.748e+01
-1.748e+01
-1.748e+01
-1.748e+01
-1.748e+01
-1.748e+01
-1.748e+01
-1.746e+01
-1.260e+01
-2.814e+01
-1.744e+01
-1.748e+01
-1.748e+01
-1.748e+01
-1.748e+01
-1.748e+01
-1.748e+01
-1.748e+01
-1.748e+01
-1.748e+01
-1.748e+01
-1.748e+01
-1.748e+01
-1.748e+01
-1.748e+01
-1.748e+01
-1.748e+01
-1.748e+01
-1.746e+01
-1.260e+01
-2.814e+01
-1.744e+01
-1.748e+01
-1.748e+01
-1.748e+01
-1.748e+01
-1.748e+01
-1.748e+01
-1.748e+01
-1.748e+01
-1.748e+01
-1.748e+01
-1.748e+01
-1.748e+01
-1.748e+01
-1.748e+01
-1.748e+01
-1.748e+01
-1.748e+01
-1.746e+01
-1.260e+01
-2.814e+01
-1.744e+01
-1.748e+01
-1.748e+01
-1.748e+01
-1.748e+01
-1.748e+01
-1.748e+01
-1.748e+01
-1.748e+01
-1.748e+01
-1.748e+01
-1.748e+01
-1.748e+01
-1.748e+01
-1.748e+01
-1.748e+01
-1.748e+01
-1.748e+01
-1.746e+01
-1.260e+01
-2.806e+01
-1.742e+01
-1.746e+01
-1.746e+01
-1.746e+01
-1.746e+01
-1.746e+01
-1.746e+01
-1.746e+01
-1.746e+01
-1.746e+01
-1.746e+01
-1.746e+01
-1.746e+01
-1.746e+01
-1.746e+01
-1.746e+01
-1.746e+01
-1.746e+01
-1.746e+01
-1.260e+01
-1.738e+01
-1.254e+01
-1.260e+01
-1.260e+01
-1.260e+01
-1.260e+01
-1.260e+01
-1.260e+01
-1.260e+01
-1.260e+01
-1.260e+01
-1.260e+01
-1.260e+01
-1.260e+01
-1.260e+01
-1.260e+01
-1.260e+01
-1.260e+01
-1.260e+01
-1.260e+01
-1.110e+01
-4.458e+00
-4.444e+00
-4.444e+00
-4.444e+00
-4.444e+00
-4.444e+00
-4.444e+00
-4.444e+00
-4.444e+00
-4.444e+00
-4.444e+00
-4.444e+00
-4.444e+00
-4.444e+00
-4.444e+00
-4.444e+00
-4.444e+00
-4.444e+00
-4.444e+00
-4.444e+00
-4.427e+00
-4.444e+00
-4.427e+00
-4.426e+00
-4.426e+00
-4.426e+00
-4.426e+00
-4.426e+00
-4.426e+00
-4.426e+00
-4.426e+00
-4.426e+00
-4.426e+00
-4.426e+00
-4.426e+00
-4.426e+00
-4.426e+00
-4.426e+00
-4.426e+00
-4.426e+00
-4.426e+00
-4.405e+00
-4.444e+00
-4.426e+00
-4.425e+00
-4.425e+00
-4.425e+00
-4.425e+00
-4.425e+00
-4.425e+00
-4.425e+00
-4.425e+00
-4.425e+00
-4.425e+00
-4.425e+00
-4.425e+00
-4.425e+00
-4.425e+00
-4.425e+00
-4.425e+00
-4.425e+00
-4.426e+00
-4.403e+00
-4.444e+00
-4.426e+00
-4.425e+00
-4.425e+00
-4.425e+00
-4.425e+00
-4.425e+00
-4.425e+00
-4.425e+00
-4.425e+00
-4.425e+00
-4.425e+00
-4.425e+00
-4.425e+00
-4.425e+00
-4.425e+00
-4.425e+00
-4.425e+00
-4.425e+00
-4.426e+00
-4.403e+00
-4.444e+00
-4.426e+00
-4.425e+00
-4.425e+00
-4.425e+00
-4.425e+00
-4.425e+00
-4.425e+00
-4.425e+00
-4.425e+00
-4.425e+00
-4.425e+00
-4.425e+00
-4.425e+00
-4.425e+00
-4.425e+00
-4.425e+00
-4.425e+00
-4.425e+00
-4.426e+00
-4.403e+00
-4.444e+00
-4.426e+00
-4.425e+00
-4.425e+00
-4.425e+00
-4.425e+00
-4.425e+00
-4.425e+00
-4.425e+00
-4.425e+00
-4.425e+00
-4.425e+00
-4.425e+00
-4.425e+00
-4.425e+00
-4.425e+00
-4.425e+00
-4.425e+00
-4.425e+00
-4.426e+00
-4.403e+00
-4.444e+00
-4.426e+00
-4.425e+00
-4.425e+00
-4.425e+00
-4.425e+00
-4.425e+00
-4.425e+00
-4.425e+00
-4.425e+00
-4.425e+00
-4.425e+00
-4.425e+00
-4.425e+00
-4.425e+00
-4.425e+00
-4.425e+00
-4.425e+00
-4.425e+00
-4.426e+00
-4.403e+00
-4.444e+00
-4.426e+00
-4.425e+00
-4.425e+00
-4.425e+00
-4.425e+00
-4.425e+00
-4.425e+00
-4.425e+00
-4.425e+00
-4.425e+00
-4.425e+00
-4.425e+00
-4.425e+00
-4.425e+00
-4.425e+00
-4.425e+00
-4.425e+00
-4.425e+00
-4.426e+00
-4.403e+00
-4.444e+00
-4.426e+00
-4.425e+00
-4.425e+00
-4.425e+00
-4.425e+00
-4.425e+00
-4.425e+00
-4.425e+00
-4.425e+00
-4.425e+00
-4.425e+00
-4.425e+00
-4.425e+00
-4.425e+00
-4.425e+00
-4.425e+00
-4.425e+00
-4.425e+00
-4.426e+00
-4.403e+00
-4.442e+00
-4.425e+00
-4.425e+00
-4.425e+00
-4.425e+00
-4.425e+00
-4.425e+00
-4.425e+00
-4.425e+00
-4.425e+00
-4.425e+00
-4.425e+00
-4.425e+00
-4.425e+00
-4.425e+00
-4.425e+00
-4.425e+00
-4.425e+00
-4.425e+00
-4.425e+00
-4.402e+00
-3.451e+00
-3.437e+00
-3.435e+00
-3.435e+00
-3.435e+00
-3.435e+00
-3.435e+00
-3.435e+00
-3.435e+00
-3.435e+00
-3.435e+00
-3.435e+00
-3.435e+00
-3.435e+00
-3.435e+00
-3.435e+00
-3.435e+00
-3.435e+00
-3.435e+00
-3.437e+00
-3.422e+00
-3.443e+00
-3.429e+00
-3.428e+00
-3.428e+00
-3.428e+00
-3.428e+00
-3.428e+00
-3.428e+00
-3.428e+00
-3.428e+00
-3.428e+00
-3.428e+00
-3.428e+00
-3.428e+00
-3.428e+00
-3.428e+00
-3.428e+00
-3.428e+00
-3.428e+00
-3.429e+00
-3.408e+00
-3.443e+00
-3.429e+00
-3.429e+00
-3.429e+00
-3.429e+00
-3.429e+00
-3.429e+00
-3.429e+00
-3.429e+00
-3.429e+00
-3.429e+00
-3.429e+00
-3.429e+00
-3.429e+00
-3.429e+00
-3.429e+00
-3.429e+00
-3.429e+00
-3.429e+00
-3.429e+00
-3.408e+00
-3.443e+00
-3.429e+00
-3.429e+00
-3.429e+00
-3.429e+00
-3.429e+00
-3.429e+00
-3.429e+00
-3.429e+00
-3.429e+00
-3.429e+00
-3.429e+00
-3.429e+00
-3.429e+00
-3.429e+00
-3.429e+00
-3.429e+00
-3.429e+00
-3.429e+00
-3.429e+00
-3.408e+00
-3.443e+00
-3.429e+00
-3.429e+00
-3.429e+00
-3.429e+00
-3.429e+00
-3.429e+00
-3.429e+00
-3.429e+00
-3.429e+00
-3.429e+00
-3.429e+00
-3.429e+00
-3.429e+00
-3.429e+00
-3.429e+00
-3.429e+00
-3.429e+00
-3.429e+00
-3.429e+00
-3.408e+00
-3.443e+00
-3.429e+00
-3.429e+00
-3.429e+00
-3.429e+00
-3.429e+00
-3.429e+00
-3.429e+00
-3.429e+00
-3.429e+00
-3.429e+00
-3.429e+00
-3.429e+00
-3.429e+00
-3.429e+00
-3.429e+00
-3.429e+00
-3.429e+00
-3.429e+00
-3.429e+00
-3.408e+00
-3.443e+00
-3.429e+00
-3.429e+00
-3.429e+00
-3.429e+00
-3.429e+00
-3.429e+00
-3.429e+00
-3.429e+00
-3.429e+00
-3.429e+00
-3.429e+00
-3.429e+00
-3.429e+00
-3.429e+00
-3.429e+00
-3.429e+00
-3.429e+00
-3.429e+00
-3.429e+00
-3.408e+00
-3.443e+00
-3.429e+00
-3.429e+00
-3.429e+00
-3.429e+00
-3.429e+00
-3.429e+00
-3.429e+00
-3.429e+00
-3.429e+00
-3.429e+00
-3.429e+00
-3.429e+00
-3.429e+00
-3.429e+00
-3.429e+00
-3.429e+00
-3.429e+00
-3.429e+00
-3.429e+00
-3.408e+00
-3.443e+00
-3.429e+00
-3.429e+00
-3.429e+00
-3.429e+00
-3.429e+00
-3.429e+00
-3.429e+00
-3.429e+00
-3.429e+00
-3.429e+00
-3.429e+00
-3.429e+00
-3.429e+00
-3.429e+00
-3.429e+00
-3.429e+00
-3.429e+00
-3.429e+00
-3.429e+00
-3.408e+00
-3.449e+00
-3.429e+00
-3.429e+00
-3.429e+00
-3.429e+00
-3.429e+00
-3.429e+00
-3.429e+00
-3.429e+00
-3.429e+00
-3.429e+00
-3.429e+00
-3.429e+00
-3.429e+00
-3.429e+00
-3.429e+00
-3.429e+00
-3.429e+00
-3.429e+00
-3.429e+00
-3.408e+00
-3.429e+00
-3.408e+00
-3.408e+00
-3.408e+00
-3.408e+00
-3.408e+00
-3.408e+00
-3.408e+00
-3.408e+00
-3.408e+00
-3.408e+00
-3.408e+00
-3.408e+00
-3.408e+00
-3.408e+00
-3.408e+00
-3.408e+00
-3.408e+00
-3.408e+00
-3.408e+00
-3.398e+00
-4.798e+00
-4.330e+00
-4.330e+00
-4.330e+00
-4.330e+00
-4.330e+00
-4.330e+00
-4.330e+00
-4.330e+00
-4.330e+00
-4.330e+00
-4.330e+00
-4.330e+00
-4.330e+00
-4.330e+00
-4.330e+00
-4.330e+00
-4.330e+00
-4.330e+00
-4.330e+00
-3.725e+00
-4.330e+00
-3.726e+00
-3.725e+00
-3.725e+00
-3.725e+00
-3.725e+00
-3.725e+00
-3.725e+00
-3.725e+00
-3.725e+00
-3.725e+00
-3.725e+00
-3.725e+00
-3.725e+00
-3.725e+00
-3.725e+00
-3.725e+00
-3.725e+00
-3.725e+00
-3.725e+00
-3.346e+00
-4.330e+00
-3.725e+00
-3.725e+00
-3.725e+00
-3.725e+00
-3.725e+00
-3.725e+00
-3.725e+00
-3.725e+00
-3.725e+00
-3.725e+00
-3.725e+00
-3.725e+00
-3.725e+00
-3.725e+00
-3.725e+00
-3.725e+00
-3.725e+00
-3.725e+00
-3.725e+00
-3.346e+00
-4.330e+00
-3.725e+00
-3.725e+00
-3.725e+00
-3.725e+00
-3.725e+00
-3.725e+00
-3.725e+00
-3.725e+00
-3.725e+00
-3.725e+00
-3.725e+00
-3.725e+00
-3.725e+00
-3.725e+00
-3.725e+00
-3.725e+00
-3.725e+00
-3.725e+00
-3.725e+00
-3.346e+00
-4.330e+00
-3.725e+00
-3.725e+00
-3.725e+00
-3.725e+00
-3.725e+00
-3.725e+00
-3.725e+00
-3.725e+00
-3.725e+00
-3.725e+00
-3.725e+00
-3.725e+00
-3.725e+00
-3.725e+00
-3.725e+00
-3.725e+00
-3.725e+00
-3.725e+00
-3.725e+00
-3.346e+00
-4.330e+00
-3.725e+00
-3.725e+00
-3.725e+00
-3.725e+00
-3.725e+00
-3.725e+00
-3.725e+00
-3.725e+00
-3.725e+00
-3.725e+00
-3.725e+00
-3.725e+00
-3.725e+00
-3.725e+00
-3.725e+00
-3.725e+00
-3.725e+00
-3.725e+00
-3.725e+00
-3.346e+00
-4.330e+00
-3.725e+00
-3.725e+00
-3.725e+00
-3.725e+00
-3.725e+00
-3.725e+00
-3.725e+00
-3.725e+00
-3.725e+00
-3.725e+00
-3.725e+00
-3.725e+00
-3.725e+00
-3.725e+00
-3.725e+00
-3.725e+00
-3.725e+00
-3.725e+00
-3.725e+00
-3.346e+00
-4.330e+00
-3.725e+00
-3.725e+00
-3.725e+00
-3.725e+00
-3.725e+00
-3.725e+00
-3.725e+00
-3.725e+00
-3.725e+00
-3.725e+00
-3.725e+00
-3.725e+00
-3.725e+00
-3.725e+00
-3.725e+00
-3.725e+00
-3.725e+00
-3.725e+00
-3.725e+00
-3.346e+00
-4.330e+00
-3.725e+00
-3.725e+00
-3.725e+00
-3.725e+00
-3.725e+00
-3.725e+00
-3.725e+00
-3.725e+00
-3.725e+00
-3.725e+00
-3.725e+00
-3.725e+00
-3.725e+00
-3.725e+00
-3.725e+00
-3.725e+00
-3.725e+00
-3.725e+00
-3.725e+00
-3.346e+00
-4.325e+00
-3.722e+00
-3.722e+00
-3.722e+00
-3.722e+00
-3.722e+00
-3.722e+00
-3.722e+00
-3.722e+00
-3.722e+00
-3.722e+00
-3.722e+00
-3.722e+00
-3.722e+00
-3.722e+00
-3.722e+00
-3.722e+00
-3.722e+00
-3.722e+00
-3.722e+00
-3.346e+00
-1.833e+00
-1.824e+00
-1.824e+00
-1.824e+00
-1.824e+00
-1.824e+00
-1.824e+00
-1.824e+00
-1.824e+00
-1.824e+00
-1.824e+00
-1.824e+00
-1.824e+00
-1.824e+00
-1.824e+00
-1.824e+00
-1.824e+00
-1.824e+00
-1.824e+00
-1.824e+00
-1.819e+00
-1.837e+00
-1.831e+00
-1.831e+00
-1.831e+00
-1.831e+00
-1.831e+00
-1.831e+00
-1.831e+00
-1.831e+00
-1.831e+00
-1.831e+00
-1.831e+00
-1.831e+00
-1.831e+00
-1.831e+00
-1.831e+00
-1.831e+00
-1.831e+00
-1.831e+00
-1.831e+00
-1.826e+00
-1.837e+00
-1.831e+00
-1.831e+00
-1.831e+00
-1.831e+00
-1.831e+00
-1.831e+00
-1.831e+00
-1.831e+00
-1.831e+00
-1.831e+00
-1.831e+00
-1.831e+00
-1.831e+00
-1.831e+00
-1.831e+00
-1.831e+00
-1.831e+00
-1.831e+00
-1.831e+00
-1.826e+00
-1.837e+00
-1.831e+00
-1.831e+00
-1.831e+00
-1.831e+00
-1.831e+00
-1.831e+00
-1.831e+00
-1.831e+00
-1.831e+00
-1.831e+00
-1.831e+00
-1.831e+00
-1.831e+00
-1.831e+00
-1.831e+00
-1.831e+00
-1.831e+00
-1.831e+00
-1.831e+00
-1.826e+00
-1.837e+00
-1.831e+00
-1.831e+00
-1.831e+00
-1.831e+00
-1.831e+00
-1.831e+00
-1.831e+00
-1.831e+00
-1.831e+00
-1.831e+00
-1.831e+00
-1.831e+00
-1.831e+00
-1.831e+00
-1.831e+00
-1.831e+00
-1.831e+00
-1.831e+00
-1.831e+00
-1.826e+00
-1.837e+00
-1.831e+00
-1.831e+00
-1.831e+00
-1.831e+00
-1.831e+00
-1.831e+00
-1.831e+00
-1.831e+00
-1.831e+00
-1.831e+00
-1.831e+00
-1.831e+00
-1.831e+00
-1.831e+00
-1.831e+00
-1.831e+00
-1.831e+00
-1.831e+00
-1.831e+00
-1.826e+00
-1.837e+00
-1.831e+00
-1.831e+00
-1.831e+00
-1.831e+00
-1.831e+00
-1.831e+00
-1.831e+00
-1.831e+00
-1.831e+00
-1.831e+00
-1.831e+00
-1.831e+00
-1.831e+00
-1.831e+00
-1.831e+00
-1.831e+00
-1.831e+00
-1.831e+00
-1.831e+00
-1.826e+00
-1.837e+00
-1.831e+00
-1.831e+00
-1.831e+00
-1.831e+00
-1.831e+00
-1.831e+00
-1.831e+00
-1.831e+00
-1.831e+00
-1.831e+00
-1.831e+00
-1.831e+00
-1.831e+00
-1.831e+00
-1.831e+00
-1.831e+00
-1.831e+00
-1.831e+00
-1.831e+00
-1.826e+00
-1.837e+00
-1.831e+00
-1.831e+00
-1.831e+00
-1.831e+00
-1.831e+00
-1.831e+00
-1.831e+00
-1.831e+00
-1.831e+00
-1.831e+00
-1.831e+00
-1.831e+00
-1.831e+00
-1.831e+00
-1.831e+00
-1.831e+00
-1.831e+00
-1.831e+00
-1.831e+00
-1.826e+00
-1.837e+00
-1.831e+00
-1.831e+00
-1.831e+00
-1.831e+00
-1.831e+00
-1.831e+00
-1.831e+00
-1.831e+00
-1.831e+00
-1.831e+00
-1.831e+00
-1.831e+00
-1.831e+00
-1.831e+00
-1.831e+00
-1.831e+00
-1.831e+00
-1.831e+00
-1.831e+00
-1.826e+00
-1.831e+00
-1.826e+00
-1.826e+00
-1.826e+00
-1.826e+00
-1.826e+00
-1.826e+00
-1.826e+00
-1.826e+00
-1.826e+00
-1.826e+00
-1.826e+00
-1.826e+00
-1.826e+00
-1.826e+00
-1.826e+00
-1.826e+00
-1.826e+00
-1.826e+00
-1.826e+00
-1.824e+00
-2.624e+00
-2.624e+00
-2.624e+00
-2.624e+00
-2.624e+00
-2.624e+00
-2.624e+00
-2.624e+00
-2.624e+00
-2.624e+00
-2.624e+00
-2.624e+00
-2.624e+00
-2.624e+00
-2.624e+00
-2.624e+00
-2.624e+00
-2.624e+00
-2.624e+00
-2.624e+00
-2.623e+00
-2.624e+00
-2.623e+00
-2.623e+00
-2.623e+00
-2.623e+00
-2.623e+00
-2.623e+00
-2.623e+00
-2.623e+00
-2.623e+00
-2.623e+00
-2.623e+00
-2.623e+00
-2.623e+00
-2.623e+00
-2.623e+00
-2.623e+00
-2.623e+00
-2.623e+00
-2.623e+00
-2.620e+00
-2.624e+00
-2.623e+00
-2.623e+00
-2.623e+00
-2.623e+00
-2.623e+00
-2.623e+00
-2.623e+00
-2.623e+00
-2.623e+00
-2.623e+00
-2.623e+00
-2.623e+00
-2.623e+00
-2.623e+00
-2.623e+00
-2.623e+00
-2.623e+00
-2.623e+00
-2.623e+00
-2.620e+00
-2.624e+00
-2.623e+00
-2.623e+00
-2.623e+00
-2.623e+00
-2.623e+00
-2.623e+00
-2.623e+00
-2.623e+00
-2.623e+00
-2.623e+00
-2.623e+00
-2.623e+00
-2.623e+00
-2.623e+00
-2.623e+00
-2.623e+00
-2.623e+00
-2.623e+00
-2.623e+00
-2.620e+00
-2.624e+00
-2.623e+00
-2.623e+00
-2.623e+00
-2.623e+00
-2.623e+00
-2.623e+00
-2.623e+00
-2.623e+00
-2.623e+00
-2.623e+00
-2.623e+00
-2.623e+00
-2.623e+00
-2.623e+00
-2.623e+00
-2.623e+00
-2.623e+00
-2.623e+00
-2.623e+00
-2.620e+00
-2.624e+00
-2.623e+00
-2.623e+00
-2.623e+00
-2.623e+00
-2.623e+00
-2.623e+00
-2.623e+00
-2.623e+00
-2.623e+00
-2.623e+00
-2.623e+00
-2.623e+00
-2.623e+00
-2.623e+00
-2.623e+00
-2.623e+00
-2.623e+00
-2.623e+00
-2.623e+00
-2.620e+00
-2.624e+00
-2.623e+00
-2.623e+00
-2.623e+00
-2.623e+00
-2.623e+00
-2.623e+00
-2.623e+00
-2.623e+00
-2.623e+00
-2.623e+00
-2.623e+00
-2.623e+00
-2.623e+00
-2.623e+00
-2.623e+00
-2.623e+00
-2.623e+00
-2.623e+00
-2.623e+00
-2.620e+00
-2.624e+00
-2.623e+00
-2.623e+00
-2.623e+00
-2.623e+00
-2.623e+00
-2.623e+00
-2.623e+00
-2.623e+00
-2.623e+00
-2.623e+00
-2.623e+00
-2.623e+00
-2.623e+00
-2.623e+00
-2.623e+00
-2.623e+00
-2.623e+00
-2.623e+00
-2.623e+00
-2.620e+00
-2.624e+00
-2.623e+00
-2.623e+00
-2.623e+00
-2.623e+00
-2.623e+00
-2.623e+00
-2.623e+00
-2.623e+00
-2.623e+00
-2.623e+00
-2.623e+00
-2.623e+00
-2.623e+00
-2.623e+00
-2.623e+00
-2.623e+00
-2.623e+00
-2.623e+00
-2.623e+00
-2.620e+00
-2.624e+00
-2.621e+00
-2.621e+00
-2.621e+00
-2.621e+00
-2.621e+00
-2.621e+00
-2.621e+00
-2.621e+00
-2.621e+00
-2.621e+00
-2.621e+00
-2.621e+00
-2.621e+00
-2.621e+00
-2.621e+00
-2.621e+00
-2.621e+00
-2.621e+00
-2.621e+00
-2.619e+00
-1.601e+00
-1.601e+00
-1.601e+00
-1.601e+00
-1.601e+00
-1.601e+00
-1.601e+00
-1.601e+00
-1.601e+00
-1.601e+00
-1.601e+00
-1.601e+00
-1.601e+00
-1.601e+00
-1.601e+00
-1.601e+00
-1.601e+00
-1.601e+00
-1.601e+00
-1.601e+00
-1.601e+00
-1.601e+00
-1.601e+00
-1.601e+00
-1.601e+00
-1.601e+00
-1.601e+00
-1.601e+00
-1.601e+00
-1.601e+00
-1.601e+00
-1.601e+00
-1.601e+00
-1.601e+00
-1.601e+00
-1.601e+00
-1.601e+00
-1.601e+00
-1.601e+00
-1.601e+00
-1.601e+00
-1.601e+00
-1.601e+00
-1.601e+00
-1.601e+00
-1.601e+00
-1.601e+00
-1.601e+00
-1.601e+00
-1.601e+00
-1.601e+00
-1.601e+00
-1.601e+00
-1.601e+00
-1.601e+00
-1.601e+00
-1.601e+00
-1.601e+00
-1.601e+00
-1.601e+00
-1.601e+00
-1.601e+00
-1.601e+00
-1.601e+00
-1.601e+00
-1.601e+00
-1.601e+00
-1.601e+00
-1.601e+00
-1.601e+00
-1.601e+00
-1.601e+00
-1.601e+00
-1.601e+00
-1.601e+00
-1.601e+00
-1.601e+00
-1.601e+00
-1.601e+00
-1.601e+00
-1.601e+00
-1.601e+00
-1.601e+00
-1.601e+00
-1.601e+00
-1.601e+00
-1.601e+00
-1.601e+00
-1.601e+00
-1.601e+00
-1.601e+00
-1.601e+00
-1.601e+00
-1.601e+00
-1.601e+00
-1.601e+00
-1.601e+00
-1.601e+00
-1.601e+00
-1.601e+00
-1.601e+00
-1.601e+00
-1.601e+00
-1.601e+00
-1.601e+00
-1.601e+00
-1.601e+00
-1.601e+00
-1.601e+00
-1.601e+00
-1.601e+00
-1.601e+00
-1.601e+00
-1.601e+00
-1.601e+00
-1.601e+00
-1.601e+00
-1.601e+00
-1.601e+00
-1.601e+00
-1.601e+00
-1.601e+00
-1.601e+00
-1.601e+00
-1.601e+00
-1.601e+00
-1.601e+00
-1.601e+00
-1.601e+00
-1.601e+00
-1.601e+00
-1.601e+00
-1.601e+00
-1.601e+00
-1.601e+00
-1.601e+00
-1.601e+00
-1.601e+00
-1.601e+00
-1.601e+00
-1.601e+00
-1.601e+00
-1.601e+00
-1.601e+00
-1.601e+00
-1.601e+00
-1.601e+00
-1.601e+00
-1.601e+00
-1.601e+00
-1.601e+00
-1.601e+00
-1.601e+00
-1.601e+00
-1.601e+00
-1.601e+00
-1.601e+00
-1.601e+00
-1.601e+00
-1.601e+00
-1.601e+00
-1.601e+00
-1.601e+00
-1.601e+00
-1.601e+00
-1.601e+00
-1.601e+00
-1.601e+00
-1.601e+00
-1.601e+00
-1.601e+00
-1.601e+00
-1.601e+00
-1.601e+00
-1.601e+00
-1.601e+00
-1.601e+00
-1.601e+00
-1.601e+00
-1.601e+00
-1.601e+00
-1.601e+00
-1.601e+00
-1.601e+00
-1.601e+00
-1.601e+00
-1.601e+00
-1.601e+00
-1.601e+00
-1.601e+00
-1.601e+00
-1.601e+00
-1.601e+00
-1.601e+00
-1.601e+00
-1.601e+00
-1.601e+00
-1.601e+00
-1.601e+00
-1.601e+00
-1.601e+00
-1.601e+00
-1.601e+00
-1.601e+00
-1.601e+00
-1.601e+00
-1.601e+00
-1.601e+00
-1.601e+00
-1.601e+00
-1.601e+00
-1.601e+00
-1.601e+00
-1.601e+00
-1.601e+00
-1.601e+00
-1.601e+00
-1.601e+00
-1.601e+00
-1.601e+00
-1.601e+00
-1.601e+00
-1.601e+00
-1.601e+00
-1.601e+00
-1.601e+00
-1.601e+00
-1.601e+00
-1.601e+00
-1.601e+00
-1.601e+00
-2.117e+00
-2.066e+00
-2.066e+00
-2.066e+00
-2.066e+00
-2.066e+00
-2.066e+00
-2.066e+00
-2.066e+00
-2.066e+00
-2.066e+00
-2.066e+00
-2.066e+00
-2.066e+00
-2.066e+00
-2.066e+00
-2.066e+00
-2.066e+00
-2.066e+00
-2.066e+00
-1.982e+00
-2.066e+00
-1.982e+00
-1.982e+00
-1.982e+00
-1.982e+00
-1.982e+00
-1.982e+00
-1.982e+00
-1.982e+00
-1.982e+00
-1.982e+00
-1.982e+00
-1.982e+00
-1.982e+00
-1.982e+00
-1.982e+00
-1.982e+00
-1.982e+00
-1.982e+00
-1.982e+00
-1.920e+00
-2.066e+00
-1.982e+00
-1.982e+00
-1.982e+00
-1.982e+00
-1.982e+00
-1.982e+00
-1.982e+00
-1.982e+00
-1.982e+00
-1.982e+00
-1.982e+00
-1.982e+00
-1.982e+00
-1.982e+00
-1.982e+00
-1.982e+00
-1.982e+00
-1.982e+00
-1.982e+00
-1.919e+00
-2.066e+00
-1.982e+00
-1.982e+00
-1.982e+00
-1.982e+00
-1.982e+00
-1.982e+00
-1.982e+00
-1.982e+00
-1.982e+00
-1.982e+00
-1.982e+00
-1.982e+00
-1.982e+00
-1.982e+00
-1.982e+00
-1.982e+00
-1.982e+00
-1.982e+00
-1.982e+00
-1.919e+00
-2.066e+00
-1.982e+00
-1.982e+00
-1.982e+00
-1.982e+00
-1.982e+00
-1.982e+00
-1.982e+00
-1.982e+00
-1.982e+00
-1.982e+00
-1.982e+00
-1.982e+00
-1.982e+00
-1.982e+00
-1.982e+00
-1.982e+00
-1.982e+00
-1.982e+00
-1.982e+00
-1.919e+00
-2.066e+00
-1.982e+00
-1.982e+00
-1.982e+00
-1.982e+00
-1.982e+00
-1.982e+00
-1.982e+00
-1.982e+00
-1.982e+00
-1.982e+00
-1.982e+00
-1.982e+00
-1.982e+00
-1.982e+00
-1.982e+00
-1.982e+00
-1.982e+00
-1.982e+00
-1.982e+00
-1.919e+00
-2.066e+00
-1.982e+00
-1.982e+00
-1.982e+00
-1.982e+00
-1.982e+00
-1.982e+00
-1.982e+00
-1.982e+00
-1.982e+00
-1.982e+00
-1.982e+00
-1.982e+00
-1.982e+00
-1.982e+00
-1.982e+00
-1.982e+00
-1.982e+00
-1.982e+00
-1.982e+00
-1.919e+00
-2.066e+00
-1.982e+00
-1.982e+00
-1.982e+00
-1.982e+00
-1.982e+00
-1.982e+00
-1.982e+00
-1.982e+00
-1.982e+00
-1.982e+00
-1.982e+00
-1.982e+00
-1.982e+00
-1.982e+00
-1.982e+00
-1.982e+00
-1.982e+00
-1.982e+00
-1.982e+00
-1.919e+00
-2.066e+00
-1.982e+00
-1.982e+00
-1.982e+00
-1.982e+00
-1.982e+00
-1.982e+00
-1.982e+00
-1.982e+00
-1.982e+00
-1.982e+00
-1.982e+00
-1.982e+00
-1.982e+00
-1.982e+00
-1.982e+00
-1.982e+00
-1.982e+00
-1.982e+00
-1.982e+00
-1.919e+00
-2.066e+00
-1.982e+00
-1.982e+00
-1.982e+00
-1.982e+00
-1.982e+00
-1.982e+00
-1.982e+00
-1.982e+00
-1.982e+00
-1.982e+00
-1.982e+00
-1.982e+00
-1.982e+00
-1.982e+00
-1.982e+00
-1.982e+00
-1.982e+00
-1.982e+00
-1.982e+00
-1.918e+00
-1.459e+00
-1.459e+00
-1.459e+00
-1.459e+00
-1.459e+00
-1.459e+00
-1.459e+00
-1.459e+00
-1.459e+00
-1.459e+00
-1.459e+00
-1.459e+00
-1.459e+00
-1.459e+00
-1.459e+00
-1.459e+00
-1.459e+00
-1.459e+00
-1.459e+00
-1.459e+00
-1.459e+00
-1.459e+00
-1.458e+00
-1.458e+00
-1.458e+00
-1.458e+00
-1.458e+00
-1.458e+00
-1.458e+00
-1.458e+00
-1.458e+00
-1.458e+00
-1.458e+00
-1.458e+00
-1.458e+00
-1.458e+00
-1.458e+00
-1.458e+00
-1.458e+00
-1.458e+00
-1.458e+00
-1.457e+00
-1.459e+00
-1.458e+00
-1.458e+00
-1.458e+00
-1.458e+00
-1.458e+00
-1.458e+00
-1.458e+00
-1.458e+00
-1.458e+00
-1.458e+00
-1.458e+00
-1.458e+00
-1.458e+00
-1.458e+00
-1.458e+00
-1.458e+00
-1.458e+00
-1.458e+00
-1.458e+00
-1.457e+00
-1.459e+00
-1.458e+00
-1.458e+00
-1.458e+00
-1.458e+00
-1.458e+00
-1.458e+00
-1.458e+00
-1.458e+00
-1.458e+00
-1.458e+00
-1.458e+00
-1.458e+00
-1.458e+00
-1.458e+00
-1.458e+00
-1.458e+00
-1.458e+00
-1.458e+00
-1.458e+00
-1.457e+00
-1.459e+00
-1.458e+00
-1.458e+00
-1.458e+00
-1.458e+00
-1.458e+00
-1.458e+00
-1.458e+00
-1.458e+00
-1.458e+00
-1.458e+00
-1.458e+00
-1.458e+00
-1.458e+00
-1.458e+00
-1.458e+00
-1.458e+00
-1.458e+00
-1.458e+00
-1.458e+00
-1.457e+00
-1.459e+00
-1.458e+00
-1.458e+00
-1.458e+00
-1.458e+00
-1.458e+00
-1.458e+00
-1.458e+00
-1.458e+00
-1.458e+00
-1.458e+00
-1.458e+00
-1.458e+00
-1.458e+00
-1.458e+00
-1.458e+00
-1.458e+00
-1.458e+00
-1.458e+00
-1.458e+00
-1.457e+00
-1.459e+00
-1.458e+00
-1.458e+00
-1.458e+00
-1.458e+00
-1.458e+00
-1.458e+00
-1.458e+00
-1.458e+00
-1.458e+00
-1.458e+00
-1.458e+00
-1.458e+00
-1.458e+00
-1.458e+00
-1.458e+00
-1.458e+00
-1.458e+00
-1.458e+00
-1.458e+00
-1.457e+00
-1.459e+00
-1.458e+00
-1.458e+00
-1.458e+00
-1.458e+00
-1.458e+00
-1.458e+00
-1.458e+00
-1.458e+00
-1.458e+00
-1.458e+00
-1.458e+00
-1.458e+00
-1.458e+00
-1.458e+00
-1.458e+00
-1.458e+00
-1.458e+00
-1.458e+00
-1.458e+00
-1.457e+00
-1.459e+00
-1.458e+00
-1.458e+00
-1.458e+00
-1.458e+00
-1.458e+00
-1.458e+00
-1.458e+00
-1.458e+00
-1.458e+00
-1.458e+00
-1.458e+00
-1.458e+00
-1.458e+00
-1.458e+00
-1.458e+00
-1.458e+00
-1.458e+00
-1.458e+00
-1.458e+00
-1.457e+00
-1.459e+00
-1.458e+00
-1.458e+00
-1.458e+00
-1.458e+00
-1.458e+00
-1.458e+00
-1.458e+00
-1.458e+00
-1.458e+00
-1.458e+00
-1.458e+00
-1.458e+00
-1.458e+00
-1.458e+00
-1.458e+00
-1.458e+00
-1.458e+00
-1.458e+00
-1.458e+00
-1.457e+00
-1.458e+00
-1.457e+00
-1.457e+00
-1.457e+00
-1.457e+00
-1.457e+00
-1.457e+00
-1.457e+00
-1.457e+00
-1.457e+00
-1.457e+00
-1.457e+00
-1.457e+00
-1.457e+00
-1.457e+00
-1.457e+00
-1.457e+00
-1.457e+00
-1.457e+00
-1.457e+00
-1.457e+00
-1.269e+00
-1.269e+00
-1.269e+00
-1.269e+00
-1.269e+00
-1.269e+00
-1.269e+00
-1.269e+00
-1.269e+00
-1.269e+00
-1.269e+00
-1.269e+00
-1.269e+00
-1.269e+00
-1.269e+00
-1.269e+00
-1.269e+00
-1.269e+00
-1.269e+00
-1.269e+00
-1.269e+00
-1.269e+00
-1.269e+00
-1.269e+00
-1.269e+00
-1.269e+00
-1.269e+00
-1.269e+00
-1.269e+00
-1.269e+00
-1.269e+00
-1.269e+00
-1.269e+00
-1.269e+00
-1.269e+00
-1.269e+00
-1.269e+00
-1.269e+00
-1.269e+00
-1.269e+00
-1.269e+00
-1.269e+00
-1.269e+00
-1.269e+00
-1.269e+00
-1.269e+00
-1.269e+00
-1.269e+00
-1.269e+00
-1.269e+00
-1.269e+00
-1.269e+00
-1.269e+00
-1.269e+00
-1.269e+00
-1.269e+00
-1.269e+00
-1.269e+00
-1.269e+00
-1.269e+00
-1.269e+00
-1.269e+00
-1.269e+00
-1.269e+00
-1.269e+00
-1.269e+00
-1.269e+00
-1.269e+00
-1.269e+00
-1.269e+00
-1.269e+00
-1.269e+00
-1.269e+00
-1.269e+00
-1.269e+00
-1.269e+00
-1.269e+00
-1.269e+00
-1.269e+00
-1.269e+00
-1.269e+00
-1.269e+00
-1.269e+00
-1.269e+00
-1.269e+00
-1.269e+00
-1.269e+00
-1.269e+00
-1.269e+00
-1.269e+00
-1.269e+00
-1.269e+00
-1.269e+00
-1.269e+00
-1.269e+00
-1.269e+00
-1.269e+00
-1.269e+00
-1.269e+00
-1.269e+00
-1.269e+00
-1.269e+00
-1.269e+00
-1.269e+00
-1.269e+00
-1.269e+00
-1.269e+00
-1.269e+00
-1.269e+00
-1.269e+00
-1.269e+00
-1.269e+00
-1.269e+00
-1.269e+00
-1.269e+00
-1.269e+00
-1.269e+00
-1.269e+00
-1.269e+00
-1.269e+00
-1.269e+00
-1.269e+00
-1.269e+00
-1.269e+00
-1.269e+00
-1.269e+00
-1.269e+00
-1.269e+00
-1.269e+00
-1.269e+00
-1.269e+00
-1.269e+00
-1.269e+00
-1.269e+00
-1.269e+00
-1.269e+00
-1.269e+00
-1.269e+00
-1.269e+00
-1.269e+00
-1.269e+00
-1.269e+00
-1.269e+00
-1.269e+00
-1.269e+00
-1.269e+00
-1.269e+00
-1.269e+00
-1.269e+00
-1.269e+00
-1.269e+00
-1.269e+00
-1.269e+00
-1.269e+00
-1.269e+00
-1.269e+00
-1.269e+00
-1.269e+00
-1.269e+00
-1.269e+00
-1.269e+00
-1.269e+00
-1.269e+00
-1.269e+00
-1.269e+00
-1.269e+00
-1.269e+00
-1.269e+00
-1.269e+00
-1.269e+00
-1.269e+00
-1.269e+00
-1.269e+00
-1.269e+00
-1.269e+00
-1.269e+00
-1.269e+00
-1.269e+00
-1.269e+00
-1.269e+00
-1.269e+00
-1.269e+00
-1.269e+00
-1.269e+00
-1.269e+00
-1.269e+00
-1.269e+00
-1.269e+00
-1.269e+00
-1.269e+00
-1.269e+00
-1.269e+00
-1.269e+00
-1.269e+00
-1.269e+00
-1.269e+00
-1.269e+00
-1.269e+00
-1.269e+00
-1.269e+00
-1.269e+00
-1.269e+00
-1.269e+00
-1.269e+00
-1.269e+00
-1.269e+00
-1.269e+00
-1.269e+00
-1.269e+00
-1.269e+00
-1.160e+00
-1.160e+00
-1.160e+00
-1.160e+00
-1.160e+00
-1.160e+00
-1.160e+00
-1.160e+00
-1.160e+00
-1.160e+00
-1.160e+00
-1.160e+00
-1.160e+00
-1.160e+00
-1.160e+00
-1.160e+00
-1.160e+00
-1.160e+00
-1.160e+00
-1.160e+00
-1.160e+00
-1.160e+00
-1.160e+00
-1.160e+00
-1.160e+00
-1.160e+00
-1.160e+00
-1.160e+00
-1.160e+00
-1.160e+00
-1.160e+00
-1.160e+00
-1.160e+00
-1.160e+00
-1.160e+00
-1.160e+00
-1.160e+00
-1.160e+00
-1.160e+00
-1.160e+00
-1.160e+00
-1.160e+00
-1.160e+00
-1.160e+00
-1.160e+00
-1.160e+00
-1.160e+00
-1.160e+00
-1.160e+00
-1.160e+00
-1.160e+00
-1.160e+00
-1.160e+00
-1.160e+00
-1.160e+00
-1.160e+00
-1.160e+00
-1.160e+00
-1.160e+00
-1.160e+00
-1.160e+00
-1.160e+00
-1.160e+00
-1.160e+00
-1.160e+00
-1.160e+00
-1.160e+00
-1.160e+00
-1.160e+00
-1.160e+00
-1.160e+00
-1.160e+00
-1.160e+00
-1.160e+00
-1.160e+00
-1.160e+00
-1.160e+00
-1.160e+00
-1.160e+00
-1.160e+00
-1.160e+00
-1.160e+00
-1.160e+00
-1.160e+00
-1.160e+00
-1.160e+00
-1.160e+00
-1.160e+00
-1.160e+00
-1.160e+00
-1.160e+00
-1.160e+00
-1.160e+00
-1.160e+00
-1.160e+00
-1.160e+00
-1.160e+00
-1.160e+00
-1.160e+00
-1.160e+00
-1.160e+00
-1.160e+00
-1.160e+00
-1.160e+00
-1.160e+00
-1.160e+00
-1.160e+00
-1.160e+00
-1.160e+00
-1.160e+00
-1.160e+00
-1.160e+00
-1.160e+00
-1.160e+00
-1.160e+00
-1.160e+00
-1.160e+00
-1.160e+00
-1.160e+00
-1.160e+00
-1.160e+00
-1.160e+00
-1.160e+00
-1.160e+00
-1.160e+00
-1.160e+00
-1.160e+00
-1.160e+00
-1.160e+00
-1.160e+00
-1.160e+00
-1.160e+00
-1.160e+00
-1.160e+00
-1.160e+00
-1.160e+00
-1.160e+00
-1.160e+00
-1.160e+00
-1.160e+00
-1.160e+00
-1.160e+00
-1.160e+00
-1.160e+00
-1.160e+00
-1.160e+00
-1.160e+00
-1.160e+00
-1.160e+00
-1.160e+00
-1.160e+00
-1.160e+00
-1.160e+00
-1.160e+00
-1.160e+00
-1.160e+00
-1.160e+00
-1.160e+00
-1.160e+00
-1.160e+00
-1.160e+00
-1.160e+00
-1.160e+00
-1.160e+00
-1.160e+00
-1.160e+00
-1.160e+00
-1.160e+00
-1.160e+00
-1.160e+00
-1.160e+00
-1.160e+00
-1.160e+00
-1.160e+00
-1.160e+00
-1.160e+00
-1.160e+00
-1.160e+00
-1.160e+00
-1.160e+00
-1.160e+00
-1.160e+00
-1.160e+00
-1.160e+00
-1.160e+00
-1.160e+00
-1.160e+00
-1.160e+00
-1.160e+00
-1.160e+00
-1.160e+00
-1.160e+00
-1.160e+00
-1.160e+00
-1.160e+00
-1.160e+00
-1.160e+00
-1.160e+00
-1.160e+00
-1.160e+00
-1.160e+00
-1.160e+00
-1.160e+00
-1.160e+00
-1.160e+00
-1.160e+00
-1.160e+00
-1.160e+00
-1.160e+00
-1.160e+00
-1.160e+00
-1.160e+00
-1.160e+00
-1.160e+00
-1.160e+00
-1.160e+00
-1.160e+00
-1.160e+00
-1.160e+00
-1.160e+00
-1.160e+00
-1.160e+00
-1.160e+00
-1.160e+00
-1.160e+00
-1.160e+00
-1.160e+00
-1.160e+00
-1.160e+00
-1.160e+00
-1.160e+00
-8.590e-01
-8.590e-01
-8.590e-01
-8.590e-01
-8.590e-01
-8.590e-01
-8.590e-01
-8.590e-01
-8.590e-01
-8.590e-01
-8.590e-01
-8.590e-01
-8.590e-01
-8.590e-01
-8.590e-01
-8.590e-01
-8.590e-01
-8.590e-01
-8.590e-01
-8.590e-01
-8.591e-01
-8.590e-01
-8.591e-01
-8.591e-01
-8.591e-01
-8.591e-01
-8.591e-01
-8.591e-01
-8.591e-01
-8.591e-01
-8.591e-01
-8.591e-01
-8.591e-01
-8.591e-01
-8.591e-01
-8.591e-01
-8.591e-01
-8.591e-01
-8.591e-01
-8.591e-01
-8.591e-01
-8.593e-01
-8.590e-01
-8.591e-01
-8.591e-01
-8.591e-01
-8.591e-01
-8.591e-01
-8.591e-01
-8.591e-01
-8.591e-01
-8.591e-01
-8.591e-01
-8.591e-01
-8.591e-01
-8.591e-01
-8.591e-01
-8.591e-01
-8.591e-01
-8.591e-01
-8.591e-01
-8.591e-01
-8.593e-01
-8.590e-01
-8.591e-01
-8.591e-01
-8.591e-01
-8.591e-01
-8.591e-01
-8.591e-01
-8.591e-01
-8.591e-01
-8.591e-01
-8.591e-01
-8.591e-01
-8.591e-01
-8.591e-01
-8.591e-01
-8.591e-01
-8.591e-01
-8.591e-01
-8.591e-01
-8.591e-01
-8.593e-01
-8.590e-01
-8.591e-01
-8.591e-01
-8.591e-01
-8.591e-01
-8.591e-01
-8.591e-01
-8.591e-01
-8.591e-01
-8.591e-01
-8.591e-01
-8.591e-01
-8.591e-01
-8.591e-01
-8.591e-01
-8.591e-01
-8.591e-01
-8.591e-01
-8.591e-01
-8.591e-01
-8.593e-01
-8.590e-01
-8.591e-01
-8.591e-01
-8.591e-01
-8.591e-01
-8.591e-01
-8.591e-01
-8.591e-01
-8.591e-01
-8.591e-01
-8.591e-01
-8.591e-01
-8.591e-01
-8.591e-01
-8.591e-01
-8.591e-01
-8.591e-01
-8.591e-01
-8.591e-01
-8.591e-01
-8.593e-01
-8.590e-01
-8.591e-01
-8.591e-01
-8.591e-01
-8.591e-01
-8.591e-01
-8.591e-01
-8.591e-01
-8.591e-01
-8.591e-01
-8.591e-01
-8.591e-01
-8.591e-01
-8.591e-01
-8.591e-01
-8.591e-01
-8.591e-01
-8.591e-01
-8.591e-01
-8.591e-01
-8.593e-01
-8.590e-01
-8.591e-01
-8.591e-01
-8.591e-01
-8.591e-01
-8.591e-01
-8.591e-01
-8.591e-01
-8.591e-01
-8.591e-01
-8.591e-01
-8.591e-01
-8.591e-01
-8.591e-01
-8.591e-01
-8.591e-01
-8.591e-01
-8.591e-01
-8.591e-01
-8.591e-01
-8.593e-01
-8.590e-01
-8.591e-01
-8.591e-01
-8.591e-01
-8.591e-01
-8.591e-01
-8.591e-01
-8.591e-01
-8.591e-01
-8.591e-01
-8.591e-01
-8.591e-01
-8.591e-01
-8.591e-01
-8.591e-01
-8.591e-01
-8.591e-01
-8.591e-01
-8.591e-01
-8.591e-01
-8.593e-01
-8.591e-01
-8.591e-01
-8.591e-01
-8.591e-01
-8.591e-01
-8.591e-01
-8.591e-01
-8.591e-01
-8.591e-01
-8.591e-01
-8.591e-01
-8.591e-01
-8.591e-01
-8.591e-01
-8.591e-01
-8.591e-01
-8.591e-01
-8.591e-01
-8.591e-01
-8.592e-01
-8.593e-01
-8.600e-01
-8.600e-01
-8.600e-01
-8.600e-01
-8.600e-01
-8.600e-01
-8.600e-01
-8.600e-01
-8.600e-01
-8.600e-01
-8.600e-01
-8.600e-01
-8.600e-01
-8.600e-01
-8.600e-01
-8.600e-01
-8.600e-01
-8.600e-01
-8.600e-01
-8.600e-01
-8.600e-01
-8.600e-01
-8.600e-01
-8.600e-01
-8.600e-01
-8.600e-01
-8.600e-01
-8.600e-01
-8.600e-01
-8.600e-01
-8.600e-01
-8.600e-01
-8.600e-01
-8.600e-01
-8.600e-01
-8.600e-01
-8.600e-01
-8.600e-01
-8.600e-01
-8.600e-01
-8.600e-01
-8.600e-01
-8.600e-01
-8.600e-01
-8.600e-01
-8.600e-01
-8.600e-01
-8.600e-01
-8.600e-01
-8.600e-01
-8.600e-01
-8.600e-01
-8.600e-01
-8.600e-01
-8.600e-01
-8.600e-01
-8.600e-01
-8.600e-01
-8.600e-01
-8.600e-01
-8.600e-01
-8.600e-01
-8.600e-01
-8.600e-01
-8.600e-01
-8.600e-01
-8.600e-01
-8.600e-01
-8.600e-01
-8.600e-01
-8.600e-01
-8.600e-01
-8.600e-01
-8.600e-01
-8.600e-01
-8.600e-01
-8.600e-01
-8.600e-01
-8.600e-01
-8.600e-01
-8.600e-01
-8.600e-01
-8.600e-01
-8.600e-01
-8.600e-01
-8.600e-01
-8.600e-01
-8.600e-01
-8.600e-01
-8.600e-01
-8.600e-01
-8.600e-01
-8.600e-01
-8.600e-01
-8.600e-01
-8.600e-01
-8.600e-01
-8.600e-01
-8.600e-01
-8.600e-01
-8.600e-01
-8.600e-01
-8.600e-01
-8.600e-01
-8.600e-01
-8.600e-01
-8.600e-01
-8.600e-01
-8.600e-01
-8.600e-01
-8.600e-01
-8.600e-01
-8.600e-01
-8.600e-01
-8.600e-01
-8.600e-01
-8.600e-01
-8.600e-01
-8.600e-01
-8.600e-01
-8.600e-01
-8.600e-01
-8.600e-01
-8.600e-01
-8.600e-01
-8.600e-01
-8.600e-01
-8.600e-01
-8.600e-01
-8.600e-01
-8.600e-01
-8.600e-01
-8.600e-01
-8.600e-01
-8.600e-01
-8.600e-01
-8.600e-01
-8.600e-01
-8.600e-01
-8.600e-01
-8.600e-01
-8.600e-01
-8.600e-01
-8.600e-01
-8.600e-01
-8.600e-01
-8.600e-01
-8.600e-01
-8.600e-01
-8.600e-01
-8.600e-01
-8.600e-01
-8.600e-01
-8.600e-01
-8.600e-01
-8.600e-01
-8.600e-01
-8.600e-01
-8.600e-01
-8.600e-01
-8.600e-01
-8.600e-01
-8.600e-01
-8.600e-01
-8.600e-01
-8.600e-01
-8.600e-01
-8.600e-01
-8.600e-01
-8.600e-01
-8.600e-01
-8.600e-01
-8.600e-01
-8.600e-01
-8.600e-01
-8.600e-01
-8.600e-01
-8.600e-01
-8.600e-01
-8.600e-01
-8.600e-01
-8.600e-01
-8.600e-01
-8.600e-01
-8.600e-01
-8.600e-01
-8.600e-01
-8.600e-01
-8.600e-01
-8.600e-01
-8.600e-01
-8.600e-01
-8.600e-01
-8.600e-01
-8.600e-01
-8.600e-01
-8.600e-01
-8.600e-01
-8.600e-01
-8.600e-01
-8.600e-01
-8.600e-01
-8.600e-01
-8.600e-01
-8.600e-01
-8.600e-01
-8.600e-01
-8.600e-01
-8.600e-01
-8.600e-01
-8.600e-01
-8.600e-01
-8.600e-01
-8.600e-01
-8.600e-01
-8.600e-01
-8.600e-01
-8.600e-01
-8.600e-01
-8.600e-01
-8.600e-01
-8.600e-01
-8.600e-01
-8.600e-01
-8.600e-01
-8.600e-01
-8.600e-01
-8.600e-01
-8.600e-01
-8.600e-01
-8.600e-01
-2.600e-01
-2.600e-01
-2.600e-01
-2.600e-01
-2.600e-01
-2.600e-01
-2.600e-01
-2.600e-01
-2.600e-01
-2.600e-01
-2.600e-01
-2.600e-01
-2.600e-01
-2.600e-01
-2.600e-01
-2.600e-01
-2.600e-01
-2.600e-01
-2.600e-01
-2.600e-01
-2.600e-01
-2.600e-01
-2.600e-01
-2.600e-01
-2.600e-01
-2.600e-01
-2.600e-01
-2.600e-01
-2.600e-01
-2.600e-01
-2.600e-01
-2.600e-01
-2.600e-01
-2.600e-01
-2.600e-01
-2.600e-01
-2.600e-01
-2.600e-01
-2.600e-01
-2.600e-01
-2.600e-01
-2.600e-01
-2.600e-01
-2.600e-01
-2.600e-01
-2.600e-01
-2.600e-01
-2.600e-01
-2.600e-01
-2.600e-01
-2.600e-01
-2.600e-01
-2.600e-01
-2.600e-01
-2.600e-01
-2.600e-01
-2.600e-01
-2.600e-01
-2.600e-01
-2.600e-01
-2.600e-01
-2.600e-01
-2.600e-01
-2.600e-01
-2.600e-01
-2.600e-01
-2.600e-01
-2.600e-01
-2.600e-01
-2.600e-01
-2.600e-01
-2.600e-01
-2.600e-01
-2.600e-01
-2.600e-01
-2.600e-01
-2.600e-01
-2.600e-01
-2.600e-01
-2.600e-01
-2.600e-01
-2.600e-01
-2.600e-01
-2.600e-01
-2.600e-01
-2.600e-01
-2.600e-01
-2.600e-01
-2.600e-01
-2.600e-01
-2.600e-01
-2.600e-01
-2.600e-01
-2.600e-01
-2.600e-01
-2.600e-01
-2.600e-01
-2.600e-01
-2.600e-01
-2.600e-01
-2.600e-01
-2.600e-01
-2.600e-01
-2.600e-01
-2.600e-01
-2.600e-01
-2.600e-01
-2.600e-01
-2.600e-01
-2.600e-01
-2.600e-01
-2.600e-01
-2.600e-01
-2.600e-01
-2.600e-01
-2.600e-01
-2.600e-01
-2.600e-01
-2.600e-01
-2.600e-01
-2.600e-01
-2.600e-01
-2.600e-01
-2.600e-01
-2.600e-01
-2.600e-01
-2.600e-01
-2.600e-01
-2.600e-01
-2.600e-01
-2.600e-01
-2.600e-01
-2.600e-01
-2.600e-01
-2.600e-01
-2.600e-01
-2.600e-01
-2.600e-01
-2.600e-01
-2.600e-01
-2.600e-01
-2.600e-01
-2.600e-01
-2.600e-01
-2.600e-01
-2.600e-01
-2.600e-01
-2.600e-01
-2.600e-01
-2.600e-01
-2.600e-01
-2.600e-01
-2.600e-01
-2.600e-01
-2.600e-01
-2.600e-01
-2.600e-01
-2.600e-01
-2.600e-01
-2.600e-01
-2.600e-01
-2.600e-01
-2.600e-01
-2.600e-01
-2.600e-01
-2.600e-01
-2.600e-01
-2.600e-01
-2.600e-01
-2.600e-01
-2.600e-01
-2.600e-01
-2.600e-01
-2.600e-01
-2.600e-01
-2.600e-01
-2.600e-01
-2.600e-01
-2.600e-01
-2.600e-01
-2.600e-01
-2.600e-01
-2.600e-01
-2.600e-01
-2.600e-01
-2.600e-01
-2.600e-01
-2.600e-01
-2.600e-01
-2.600e-01
-2.600e-01
-2.600e-01
-2.600e-01
-2.600e-01
-2.600e-01
-2.600e-01
-2.600e-01
-2.600e-01
-2.600e-01
-2.600e-01
-2.600e-01
-2.600e-01
-2.600e-01
-2.600e-01
-2.600e-01
-2.600e-01
-2.600e-01
-2.600e-01
-2.600e-01
-2.600e-01
-2.600e-01
-2.600e-01
-2.600e-01
-2.600e-01
-2.600e-01
-2.600e-01
-2.600e-01
-2.600e-01
-2.600e-01
-2.600e-01
-2.600e-01
-2.600e-01
-2.600e-01
-2.600e-01
-2.600e-01
-2.600e-01
-2.600e-01
-2.600e-01
-2.600e-01
-2.600e-01
-2.600e-01
-2.600e-01
-2.600e-01
-2.600e-01
-2.600e-01
-2.600e-01
-2.600e-01
-2.600e-01
-2.600e-01
-2.600e-01
-2.600e-01
-2.600e-01
-2.600e-01
-2.600e-01
-2.600e-01
-2.600e-01
-2.600e-01
-2.600e-01
-2.600e-01
-2.600e-01
-2.600e-01
-2.600e-01
-2.600e-01
-2.600e-01
-2.600e-01
-2.600e-01
-2.600e-01
-2.600e-01
-2.600e-01
-2.600e-01
-2.600e-01
-2.600e-01
-2.600e-01
-2.600e-01
-2.600e-01
-2.600e-01
-2.600e-01
-2.600e-01
-2.600e-01
-2.600e-01
-2.600e-01
-2.600e-01
-2.600e-01
-2.600e-01
-2.600e-01
-2.600e-01
-2.600e-01
-2.600e-01
-2.600e-01
-2.600e-01
-2.600e-01
-2.600e-01
-2.600e-01
-2.600e-01
-2.600e-01
-2.600e-01
-2.600e-01
-2.600e-01
-2.600e-01
-2.600e-01
-2.600e-01
-2.600e-01
-2.600e-01
-2.600e-01
-2.600e-01
-2.600e-01
-2.600e-01
-2.600e-01
-2.600e-01
-2.600e-01
-2.600e-01
-2.600e-01
-2.600e-01
-2.600e-01
-2.600e-01
-2.600e-01
-2.600e-01
-2.600e-01
-2.600e-01
-2.600e-01
-2.600e-01
-2.600e-01
-2.600e-01
-2.600e-01
-2.600e-01
-2.600e-01
-2.600e-01
-2.600e-01
-2.600e-01
-2.600e-01
-2.600e-01
-2.600e-01
-2.600e-01
-2.600e-01
-2.600e-01
-2.600e-01
-2.600e-01
-2.600e-01
-2.600e-01
-2.600e-01
-2.600e-01
-2.600e-01
-2.600e-01
-2.600e-01
-2.600e-01
-2.600e-01
-2.600e-01
-2.600e-01
-2.600e-01
-2.600e-01
-2.600e-01
-2.600e-01
-2.600e-01
-2.600e-01
-2.600e-01
-2.600e-01
-2.600e-01
-2.600e-01
-2.600e-01
-2.600e-01
-2.600e-01
-2.600e-01
-2.600e-01
-2.600e-01
-2.600e-01
-2.600e-01
-2.600e-01
-2.600e-01
-2.600e-01
-2.600e-01
-2.600e-01
-2.600e-01
-2.600e-01
-2.600e-01
-2.600e-01
-2.600e-01
-2.600e-01
-2.600e-01
-2.600e-01
-2.600e-01
-2.600e-01
-2.600e-01
-2.600e-01
-2.600e-01
-2.600e-01
-2.600e-01
-2.600e-01
-2.600e-01
-2.600e-01
-2.600e-01
-2.600e-01
-2.600e-01
-2.600e-01
-2.600e-01
-2.600e-01
-2.600e-01
-2.600e-01
-2.600e-01
-2.600e-01
-2.600e-01
-2.600e-01
-2.600e-01
-2.600e-01
-2.600e-01
-2.600e-01
-2.600e-01
-2.600e-01
-2.600e-01
-2.600e-01
-2.600e-01
-2.600e-01
-2.600e-01
-2.600e-01
-2.600e-01
-2.600e-01
-2.600e-01
-2.600e-01
-2.600e-01
-2.600e-01
-2.600e-01
-2.600e-01
-2.600e-01
-2.600e-01
-2.600e-01
-2.600e-01
-2.600e-01
-2.600e-01
-2.600e-01
-2.597e-01
-2.597e-01
-2.600e-01
-2.600e-01
-2.600e-01
-2.600e-01
-2.600e-01
-2.600e-01
-2.600e-01
-2.600e-01
-2.600e-01
-2.600e-01
-2.600e-01
-2.600e-01
-2.600e-01
-2.600e-01
-2.600e-01
-2.600e-01
-2.600e-01
-2.600e-01
-2.600e-01
-2.597e-01
-2.590e-01
3.400e-01
3.400e-01
3.400e-01
3.400e-01
3.400e-01
3.400e-01
3.400e-01
3.400e-01
3.400e-01
3.400e-01
3.400e-01
3.400e-01
3.400e-01
3.400e-01
3.400e-01
3.400e-01
3.400e-01
3.400e-01
3.400e-01
3.400e-01
3.400e-01
3.400e-01
3.400e-01
3.400e-01
3.400e-01
3.400e-01
3.400e-01
3.400e-01
3.400e-01
3.400e-01
3.400e-01
3.400e-01
3.400e-01
3.400e-01
3.400e-01
3.400e-01
3.400e-01
3.400e-01
3.400e-01
3.400e-01
3.400e-01
3.400e-01
3.400e-01
3.400e-01
3.400e-01
3.400e-01
3.400e-01
3.400e-01
3.400e-01
3.400e-01
3.400e-01
3.400e-01
3.400e-01
3.400e-01
3.400e-01
3.400e-01
3.400e-01
3.400e-01
3.400e-01
3.400e-01
3.400e-01
3.400e-01
3.400e-01
3.400e-01
3.400e-01
3.400e-01
3.400e-01
3.400e-01
3.400e-01
3.400e-01
3.400e-01
3.400e-01
3.400e-01
3.400e-01
3.400e-01
3.400e-01
3.400e-01
3.400e-01
3.400e-01
3.400e-01
3.400e-01
3.400e-01
3.400e-01
3.400e-01
3.400e-01
3.400e-01
3.400e-01
3.400e-01
3.400e-01
3.400e-01
3.400e-01
3.400e-01
3.400e-01
3.400e-01
3.400e-01
3.400e-01
3.400e-01
3.400e-01
3.400e-01
3.400e-01
3.400e-01
3.400e-01
3.400e-01
3.400e-01
3.400e-01
3.400e-01
3.400e-01
3.400e-01
3.400e-01
3.400e-01
3.400e-01
3.400e-01
3.400e-01
3.400e-01
3.400e-01
3.400e-01
3.400e-01
3.400e-01
3.400e-01
3.400e-01
3.400e-01
3.400e-01
3.400e-01
3.400e-01
3.400e-01
3.400e-01
3.400e-01
3.400e-01
3.400e-01
3.400e-01
3.400e-01
3.400e-01
3.400e-01
3.400e-01
3.400e-01
3.400e-01
3.400e-01
3.400e-01
3.400e-01
3.400e-01
3.400e-01
3.400e-01
3.400e-01
3.400e-01
3.400e-01
3.400e-01
3.400e-01
3.400e-01
3.400e-01
3.400e-01
3.400e-01
3.400e-01
3.400e-01
3.400e-01
3.400e-01
3.400e-01
3.400e-01
3.400e-01
3.400e-01
3.400e-01
3.400e-01
3.400e-01
3.400e-01
3.400e-01
3.400e-01
3.400e-01
3.400e-01
3.400e-01
3.400e-01
3.400e-01
3.400e-01
3.400e-01
3.400e-01
3.400e-01
3.400e-01
3.400e-01
3.400e-01
3.400e-01
3.400e-01
3.400e-01
3.400e-01
3.400e-01
3.400e-01
3.400e-01
3.400e-01
3.400e-01
3.400e-01
3.400e-01
3.400e-01
3.400e-01
3.400e-01
3.400e-01
3.400e-01
3.400e-01
3.400e-01
3.400e-01
3.400e-01
3.400e-01
3.400e-01
3.400e-01
3.400e-01
3.400e-01
3.400e-01
3.400e-01
3.400e-01
3.400e-01
3.400e-01
3.400e-01
3.400e-01
3.400e-01
3.400e-01
3.400e-01
3.400e-01
3.400e-01
3.400e-01
3.400e-01
3.400e-01
3.400e-01
3.400e-01
3.400e-01
3.400e-01
3.400e-01
3.400e-01
3.400e-01
3.400e-01
3.400e-01
3.400e-01
3.400e-01
3.400e-01
3.400e-01
3.400e-01
3.400e-01
3.400e-01
3.400e-01
3.400e-01
3.400e-01
3.400e-01
3.400e-01
3.400e-01
3.400e-01
3.400e-01
3.400e-01
3.400e-01
3.400e-01
3.400e-01
3.400e-01
3.400e-01
3.400e-01
3.400e-01
3.400e-01
3.400e-01
3.400e-01
3.400e-01
3.400e-01
3.400e-01
3.400e-01
3.400e-01
3.400e-01
3.400e-01
3.400e-01
3.400e-01
3.400e-01
3.400e-01
3.400e-01
3.400e-01
3.400e-01
3.400e-01
3.400e-01
3.400e-01
3.400e-01
3.400e-01
3.400e-01
3.400e-01
3.400e-01
3.400e-01
3.400e-01
3.400e-01
3.400e-01
3.400e-01
3.400e-01
3.400e-01
3.400e-01
3.400e-01
3.400e-01
3.400e-01
3.400e-01
3.400e-01
3.400e-01
3.400e-01
3.400e-01
3.400e-01
3.400e-01
3.400e-01
3.400e-01
3.400e-01
3.400e-01
3.400e-01
3.400e-01
3.400e-01
3.400e-01
3.400e-01
3.400e-01
3.400e-01
3.400e-01
3.400e-01
3.400e-01
3.400e-01
3.400e-01
3.400e-01
3.400e-01
3.400e-01
3.400e-01
3.400e-01
3.400e-01
3.400e-01
3.400e-01
3.400e-01
3.400e-01
3.400e-01
3.400e-01
3.400e-01
3.400e-01
3.400e-01
3.400e-01
3.400e-01
3.400e-01
3.400e-01
3.400e-01
3.400e-01
3.400e-01
3.400e-01
3.400e-01
3.400e-01
3.400e-01
3.400e-01
3.400e-01
3.400e-01
3.400e-01
3.400e-01
3.400e-01
3.400e-01
3.400e-01
3.400e-01
3.400e-01
3.400e-01
3.400e-01
3.400e-01
3.400e-01
3.400e-01
3.400e-01
3.400e-01
3.400e-01
3.400e-01
3.400e-01
3.400e-01
3.400e-01
3.400e-01
3.400e-01
3.400e-01
3.400e-01
3.400e-01
3.400e-01
3.400e-01
3.400e-01
3.400e-01
3.400e-01
3.400e-01
3.400e-01
3.400e-01
3.400e-01
3.400e-01
3.400e-01
3.400e-01
3.400e-01
3.400e-01
3.400e-01
3.400e-01
3.400e-01
3.400e-01
3.400e-01
3.400e-01
3.400e-01
3.400e-01
3.400e-01
3.400e-01
3.400e-01
3.400e-01
3.400e-01
3.400e-01
3.400e-01
3.400e-01
3.400e-01
3.400e-01
3.400e-01
3.400e-01
3.400e-01
3.400e-01
3.400e-01
3.400e-01
3.400e-01
3.400e-01
3.400e-01
3.400e-01
3.400e-01
3.400e-01
3.400e-01
3.400e-01
3.400e-01
3.400e-01
3.400e-01
3.400e-01
3.400e-01
3.400e-01
3.400e-01
3.400e-01
3.400e-01
3.400e-01
3.400e-01
3.403e-01
3.403e-01
3.400e-01
3.400e-01
3.400e-01
3.400e-01
3.400e-01
3.400e-01
3.400e-01
3.400e-01
3.400e-01
3.400e-01
3.400e-01
3.400e-01
3.400e-01
3.400e-01
3.400e-01
3.400e-01
3.400e-01
3.400e-01
3.400e-01
3.403e-01
3.410e-01
1.000e+00
1.000e+00
1.000e+00
1.000e+00
1.000e+00
1.000e+00
1.000e+00
1.000e+00
1.000e+00
1.000e+00
1.000e+00
1.000e+00
1.000e+00
1.000e+00
1.000e+00
1.000e+00
1.000e+00
1.000e+00
1.000e+00
1.000e+00
1.000e+00
1.000e+00
1.000e+00
1.000e+00
1.000e+00
1.000e+00
1.000e+00
1.000e+00
1.000e+00
1.000e+00
1.000e+00
1.000e+00
1.000e+00
1.000e+00
1.000e+00
1.000e+00
1.000e+00
1.000e+00
1.000e+00
1.000e+00
1.000e+00
1.000e+00
1.000e+00
1.000e+00
1.000e+00
1.000e+00
1.000e+00
1.000e+00
1.000e+00
1.000e+00
1.000e+00
1.000e+00
1.000e+00
1.000e+00
1.000e+00
1.000e+00
1.000e+00
1.000e+00
1.000e+00
1.000e+00
1.000e+00
1.000e+00
1.000e+00
1.000e+00
1.000e+00
1.000e+00
1.000e+00
1.000e+00
1.000e+00
1.000e+00
1.000e+00
1.000e+00
1.000e+00
1.000e+00
1.000e+00
1.000e+00
1.000e+00
1.000e+00
1.000e+00
1.000e+00
1.000e+00
1.000e+00
1.000e+00
1.000e+00
1.000e+00
1.000e+00
1.000e+00
1.000e+00
1.000e+00
1.000e+00
1.000e+00
1.000e+00
1.000e+00
1.000e+00
1.000e+00
1.000e+00
1.000e+00
1.000e+00
1.000e+00
1.000e+00
1.000e+00
1.000e+00
1.000e+00
1.000e+00
1.000e+00
1.000e+00
1.000e+00
1.000e+00
1.000e+00
1.000e+00
1.000e+00
1.000e+00
1.000e+00
1.000e+00
1.000e+00
1.000e+00
1.000e+00
1.000e+00
1.000e+00
1.000e+00
1.000e+00
1.000e+00
1.000e+00
1.000e+00
1.000e+00
1.000e+00
1.000e+00
1.000e+00
1.000e+00
1.000e+00
1.000e+00
1.000e+00
1.000e+00
1.000e+00
1.000e+00
1.000e+00
1.000e+00
1.000e+00
1.000e+00
1.000e+00
1.000e+00
1.000e+00
1.000e+00
1.000e+00
1.000e+00
1.000e+00
1.000e+00
1.000e+00
1.000e+00
1.000e+00
1.000e+00
1.000e+00
1.000e+00
1.000e+00
1.000e+00
1.000e+00
1.000e+00
1.000e+00
1.000e+00
1.000e+00
1.000e+00
1.000e+00
1.000e+00
1.000e+00
1.000e+00
1.000e+00
1.000e+00
1.000e+00
1.000e+00
1.000e+00
1.000e+00
1.000e+00
1.000e+00
1.000e+00
1.000e+00
1.000e+00
1.000e+00
1.000e+00
1.000e+00
1.000e+00
1.000e+00
1.000e+00
1.000e+00
1.000e+00
1.000e+00
1.000e+00
1.000e+00
1.000e+00
1.000e+00
1.000e+00
1.000e+00
1.000e+00
1.000e+00
1.000e+00
1.000e+00
1.000e+00
1.000e+00
1.000e+00
1.000e+00
1.000e+00
1.000e+00
1.000e+00
1.000e+00
1.000e+00
1.000e+00
1.000e+00
1.000e+00
1.000e+00
1.000e+00
1.000e+00
1.000e+00
1.000e+00
1.000e+00
1.000e+00
1.000e+00
1.000e+00
1.000e+00
1.000e+00
1.000e+00
1.000e+00
1.000e+00
1.000e+00
1.000e+00
1.000e+00
1.000e+00
1.000e+00
1.000e+00
1.000e+00
1.000e+00
1.000e+00
1.000e+00
1.000e+00
1.000e+00
1.000e+00
1.000e+00
1.000e+00
1.000e+00
1.000e+00
1.000e+00
1.000e+00
1.000e+00
1.000e+00
1.000e+00
1.000e+00
1.000e+00
1.000e+00
1.000e+00
1.000e+00
1.000e+00
1.000e+00
1.000e+00
1.000e+00
1.000e+00
1.000e+00
1.000e+00
1.000e+00
1.000e+00
1.000e+00
1.000e+00
1.000e+00
1.000e+00
1.000e+00
1.000e+00
1.000e+00
1.000e+00
1.000e+00
1.000e+00
1.000e+00
1.000e+00
1.000e+00
1.000e+00
1.000e+00
1.000e+00
1.000e+00
1.000e+00
1.000e+00
1.000e+00
1.000e+00
1.000e+00
1.000e+00
1.000e+00
1.000e+00
1.000e+00
1.000e+00
1.000e+00
1.000e+00
1.000e+00
1.000e+00
1.000e+00
1.000e+00
1.000e+00
1.000e+00
1.000e+00
1.000e+00
1.000e+00
1.000e+00
1.000e+00
1.000e+00
1.000e+00
1.000e+00
1.000e+00
1.000e+00
1.000e+00
1.000e+00
1.000e+00
1.000e+00
1.000e+00
1.000e+00
1.000e+00
1.000e+00
1.000e+00
1.000e+00
1.000e+00
1.000e+00
1.000e+00
1.000e+00
1.000e+00
1.000e+00
1.000e+00
1.000e+00
1.000e+00
1.000e+00
1.000e+00
1.000e+00
1.000e+00
1.000e+00
1.000e+00
1.000e+00
1.000e+00
1.000e+00
1.000e+00
1.000e+00
1.000e+00
1.000e+00
1.000e+00
1.000e+00
1.000e+00
1.000e+00
1.000e+00
1.000e+00
1.000e+00
1.000e+00
1.000e+00
1.000e+00
1.000e+00
1.000e+00
1.000e+00
1.000e+00
1.000e+00
1.000e+00
1.000e+00
1.000e+00
1.000e+00
1.000e+00
1.000e+00
1.000e+00
1.000e+00
1.000e+00
1.000e+00
1.000e+00
1.000e+00
1.000e+00
1.000e+00
1.000e+00
1.000e+00
1.000e+00
1.000e+00
1.000e+00
1.000e+00
1.000e+00
1.000e+00
1.000e+00
1.000e+00
1.000e+00
1.000e+00
1.000e+00
1.000e+00
1.000e+00
1.000e+00
1.000e+00
1.000e+00
1.000e+00
1.000e+00
1.000e+00
1.000e+00
1.000e+00
1.000e+00
1.000e+00
1.000e+00
1.000e+00
1.000e+00
1.000e+00
1.000e+00
1.000e+00
1.000e+00
1.000e+00
1.000e+00
1.000e+00
1.000e+00
1.000e+00
1.000e+00
1.000e+00
1.000e+00
1.000e+00
1.000e+00
1.000e+00
1.000e+00
1.000e+00
1.000e+00
1.000e+00
1.000e+00
1.000e+00
1.000e+00
1.000e+00
1.000e+00
1.000e+00
1.000e+00
1.000e+00
1.000e+00
1.000e+00
1.000e+00
1.000e+00
1.000e+00
1.000e+00
1.000e+00
1.000e+00
1.000e+00
1.000e+00
1.000e+00
1.000e+00
1.000e+00
1.000e+00
1.000e+00
1.000e+00
1.000e+00
1.000e+00
1.000e+00
1.000e+00
1.000e+00
1.000e+00
1.001e+00
