1	0	INDP	IPOND
-5.563e-01
-5.460e-01
-5.458e-01
-5.458e-01
-5.458e-01
-5.458e-01
-5.458e-01
-5.458e-01
-5.458e-01
-5.458e-01
-5.458e-01
-5.458e-01
-5.458e-01
-5.458e-01
-5.458e-01
-5.458e-01
-5.458e-01
-5.458e-01
-5.464e-01
-5.430e-01
-5.251e-01
-5.469e-01
-5.286e-01
-5.280e-01
-5.279e-01
-5.279e-01
-5.279e-01
-5.279e-01
-5.279e-01
-5.279e-01
-5.279e-01
-5.279e-01
-5.279e-01
-5.279e-01
-5.279e-01
-5.279e-01
-5.279e-01
-5.279e-01
-5.279e-01
-5.283e-01
-5.264e-01
-5.089e-01
-5.469e-01
-5.281e-01
-5.271e-01
-5.270e-01
-5.270e-01
-5.270e-01
-5.270e-01
-5.270e-01
-5.270e-01
-5.270e-01
-5.270e-01
-5.270e-01
-5.270e-01
-5.270e-01
-5.270e-01
-5.270e-01
-5.270e-01
-5.271e-01
-5.275e-01
-5.256e-01
-5.070e-01
-5.469e-01
-5.281e-01
-5.270e-01
-5.269e-01
-5.269e-01
-5.269e-01
-5.269e-01
-5.269e-01
-5.269e-01
-5.269e-01
-5.269e-01
-5.269e-01
-5.269e-01
-5.269e-01
-5.269e-01
-5.269e-01
-5.269e-01
-5.269e-01
-5.275e-01
-5.255e-01
-5.067e-01
-5.469e-01
-5.281e-01
-5.270e-01
-5.269e-01
-5.269e-01
-5.269e-01
-5.269e-01
-5.269e-01
-5.269e-01
-5.269e-01
-5.269e-01
-5.269e-01
-5.269e-01
-5.269e-01
-5.269e-01
-5.269e-01
-5.269e-01
-5.269e-01
-5.275e-01
-5.255e-01
-5.068e-01
-5.469e-01
-5.281e-01
-5.270e-01
-5.269e-01
-5.269e-01
-5.269e-01
-5.269e-01
-5.269e-01
-5.269e-01
-5.269e-01
-5.269e-01
-5.269e-01
-5.269e-01
-5.269e-01
-5.269e-01
-5.269e-01
-5.269e-01
-5.269e-01
-5.275e-01
-5.255e-01
-5.068e-01
-5.469e-01
-5.281e-01
-5.270e-01
-5.269e-01
-5.269e-01
-5.269e-01
-5.269e-01
-5.269e-01
-5.269e-01
-5.269e-01
-5.269e-01
-5.269e-01
-5.269e-01
-5.269e-01
-5.269e-01
-5.269e-01
-5.269e-01
-5.269e-01
-5.275e-01
-5.255e-01
-5.068e-01
-5.469e-01
-5.281e-01
-5.270e-01
-5.269e-01
-5.269e-01
-5.269e-01
-5.269e-01
-5.269e-01
-5.269e-01
-5.269e-01
-5.269e-01
-5.269e-01
-5.269e-01
-5.269e-01
-5.269e-01
-5.269e-01
-5.269e-01
-5.269e-01
-5.275e-01
-5.255e-01
-5.068e-01
-5.469e-01
-5.281e-01
-5.270e-01
-5.269e-01
-5.269e-01
-5.269e-01
-5.269e-01
-5.269e-01
-5.269e-01
-5.269e-01
-5.269e-01
-5.269e-01
-5.269e-01
-5.269e-01
-5.269e-01
-5.269e-01
-5.269e-01
-5.269e-01
-5.275e-01
-5.255e-01
-5.068e-01
-5.469e-01
-5.281e-01
-5.270e-01
-5.269e-01
-5.269e-01
-5.269e-01
-5.269e-01
-5.269e-01
-5.269e-01
-5.269e-01
-5.269e-01
-5.269e-01
-5.269e-01
-5.269e-01
-5.269e-01
-5.269e-01
-5.269e-01
-5.269e-01
-5.275e-01
-5.255e-01
-5.068e-01
-5.469e-01
-5.281e-01
-5.270e-01
-5.269e-01
-5.269e-01
-5.269e-01
-5.269e-01
-5.269e-01
-5.269e-01
-5.269e-01
-5.269e-01
-5.269e-01
-5.269e-01
-5.269e-01
-5.269e-01
-5.269e-01
-5.269e-01
-5.269e-01
-5.275e-01
-5.255e-01
-5.068e-01
-5.469e-01
-5.281e-01
-5.270e-01
-5.269e-01
-5.269e-01
-5.269e-01
-5.269e-01
-5.269e-01
-5.269e-01
-5.269e-01
-5.269e-01
-5.269e-01
-5.269e-01
-5.269e-01
-5.269e-01
-5.269e-01
-5.269e-01
-5.269e-01
-5.275e-01
-5.255e-01
-5.068e-01
-5.469e-01
-5.281e-01
-5.270e-01
-5.269e-01
-5.269e-01
-5.269e-01
-5.269e-01
-5.269e-01
-5.269e-01
-5.269e-01
-5.269e-01
-5.269e-01
-5.269e-01
-5.269e-01
-5.269e-01
-5.269e-01
-5.269e-01
-5.269e-01
-5.275e-01
-5.255e-01
-5.068e-01
-5.469e-01
-5.281e-01
-5.270e-01
-5.269e-01
-5.269e-01
-5.269e-01
-5.269e-01
-5.269e-01
-5.269e-01
-5.269e-01
-5.269e-01
-5.269e-01
-5.269e-01
-5.269e-01
-5.269e-01
-5.269e-01
-5.269e-01
-5.269e-01
-5.275e-01
-5.255e-01
-5.068e-01
-5.469e-01
-5.281e-01
-5.270e-01
-5.269e-01
-5.269e-01
-5.269e-01
-5.269e-01
-5.269e-01
-5.269e-01
-5.269e-01
-5.269e-01
-5.269e-01
-5.269e-01
-5.269e-01
-5.269e-01
-5.269e-01
-5.269e-01
-5.269e-01
-5.275e-01
-5.255e-01
-5.068e-01
-5.469e-01
-5.281e-01
-5.270e-01
-5.269e-01
-5.269e-01
-5.269e-01
-5.269e-01
-5.269e-01
-5.269e-01
-5.269e-01
-5.269e-01
-5.269e-01
-5.269e-01
-5.269e-01
-5.269e-01
-5.270e-01
-5.269e-01
-5.269e-01
-5.275e-01
-5.255e-01
-5.068e-01
-5.469e-01
-5.281e-01
-5.270e-01
-5.269e-01
-5.269e-01
-5.269e-01
-5.269e-01
-5.269e-01
-5.269e-01
-5.269e-01
-5.269e-01
-5.269e-01
-5.269e-01
-5.269e-01
-5.269e-01
-5.269e-01
-5.269e-01
-5.269e-01
-5.275e-01
-5.255e-01
-5.068e-01
-5.468e-01
-5.281e-01
-5.271e-01
-5.269e-01
-5.269e-01
-5.269e-01
-5.269e-01
-5.269e-01
-5.269e-01
-5.269e-01
-5.269e-01
-5.269e-01
-5.269e-01
-5.269e-01
-5.269e-01
-5.269e-01
-5.269e-01
-5.270e-01
-5.275e-01
-5.255e-01
-5.068e-01
-5.474e-01
-5.285e-01
-5.274e-01
-5.274e-01
-5.274e-01
-5.274e-01
-5.274e-01
-5.274e-01
-5.274e-01
-5.274e-01
-5.274e-01
-5.274e-01
-5.274e-01
-5.274e-01
-5.274e-01
-5.274e-01
-5.274e-01
-5.275e-01
-5.278e-01
-5.257e-01
-5.069e-01
-5.443e-01
-5.266e-01
-5.255e-01
-5.255e-01
-5.255e-01
-5.255e-01
-5.255e-01
-5.255e-01
-5.255e-01
-5.255e-01
-5.255e-01
-5.255e-01
-5.255e-01
-5.255e-01
-5.255e-01
-5.255e-01
-5.255e-01
-5.255e-01
-5.257e-01
-5.241e-01
-5.064e-01
-5.262e-01
-5.099e-01
-5.074e-01
-5.074e-01
-5.074e-01
-5.074e-01
-5.074e-01
-5.074e-01
-5.074e-01
-5.074e-01
-5.074e-01
-5.074e-01
-5.074e-01
-5.074e-01
-5.074e-01
-5.074e-01
-5.074e-01
-5.074e-01
-5.075e-01
-5.070e-01
-4.978e-01
-5.498e-01
-5.401e-01
-5.399e-01
-5.399e-01
-5.399e-01
-5.399e-01
-5.399e-01
-5.399e-01
-5.399e-01
-5.399e-01
-5.399e-01
-5.399e-01
-5.399e-01
-5.399e-01
-5.399e-01
-5.399e-01
-5.399e-01
-5.399e-01
-5.404e-01
-5.371e-01
-5.201e-01
-5.409e-01
-5.236e-01
-5.230e-01
-5.229e-01
-5.229e-01
-5.229e-01
-5.229e-01
-5.229e-01
-5.229e-01
-5.229e-01
-5.229e-01
-5.229e-01
-5.229e-01
-5.229e-01
-5.229e-01
-5.229e-01
-5.229e-01
-5.229e-01
-5.233e-01
-5.214e-01
-5.046e-01
-5.410e-01
-5.231e-01
-5.221e-01
-5.220e-01
-5.220e-01
-5.220e-01
-5.220e-01
-5.220e-01
-5.220e-01
-5.220e-01
-5.220e-01
-5.220e-01
-5.220e-01
-5.220e-01
-5.220e-01
-5.220e-01
-5.220e-01
-5.221e-01
-5.224e-01
-5.205e-01
-5.027e-01
-5.410e-01
-5.231e-01
-5.220e-01
-5.219e-01
-5.219e-01
-5.219e-01
-5.219e-01
-5.219e-01
-5.219e-01
-5.219e-01
-5.219e-01
-5.219e-01
-5.219e-01
-5.219e-01
-5.219e-01
-5.219e-01
-5.219e-01
-5.219e-01
-5.225e-01
-5.205e-01
-5.024e-01
-5.410e-01
-5.231e-01
-5.220e-01
-5.219e-01
-5.219e-01
-5.219e-01
-5.219e-01
-5.219e-01
-5.219e-01
-5.219e-01
-5.219e-01
-5.219e-01
-5.219e-01
-5.219e-01
-5.219e-01
-5.219e-01
-5.219e-01
-5.219e-01
-5.225e-01
-5.205e-01
-5.025e-01
-5.410e-01
-5.231e-01
-5.220e-01
-5.219e-01
-5.219e-01
-5.219e-01
-5.219e-01
-5.219e-01
-5.219e-01
-5.219e-01
-5.219e-01
-5.219e-01
-5.219e-01
-5.219e-01
-5.219e-01
-5.219e-01
-5.219e-01
-5.219e-01
-5.225e-01
-5.205e-01
-5.025e-01
-5.410e-01
-5.231e-01
-5.220e-01
-5.219e-01
-5.219e-01
-5.219e-01
-5.219e-01
-5.219e-01
-5.219e-01
-5.219e-01
-5.219e-01
-5.219e-01
-5.219e-01
-5.219e-01
-5.219e-01
-5.219e-01
-5.219e-01
-5.219e-01
-5.225e-01
-5.205e-01
-5.025e-01
-5.410e-01
-5.231e-01
-5.220e-01
-5.219e-01
-5.219e-01
-5.219e-01
-5.219e-01
-5.219e-01
-5.219e-01
-5.219e-01
-5.219e-01
-5.219e-01
-5.219e-01
-5.219e-01
-5.219e-01
-5.219e-01
-5.219e-01
-5.219e-01
-5.225e-01
-5.205e-01
-5.025e-01
-5.410e-01
-5.231e-01
-5.220e-01
-5.219e-01
-5.219e-01
-5.219e-01
-5.219e-01
-5.219e-01
-5.219e-01
-5.219e-01
-5.219e-01
-5.219e-01
-5.219e-01
-5.219e-01
-5.219e-01
-5.219e-01
-5.219e-01
-5.219e-01
-5.225e-01
-5.205e-01
-5.025e-01
-5.410e-01
-5.231e-01
-5.220e-01
-5.219e-01
-5.219e-01
-5.219e-01
-5.219e-01
-5.219e-01
-5.219e-01
-5.219e-01
-5.219e-01
-5.219e-01
-5.219e-01
-5.219e-01
-5.219e-01
-5.219e-01
-5.219e-01
-5.219e-01
-5.225e-01
-5.205e-01
-5.025e-01
-5.410e-01
-5.231e-01
-5.220e-01
-5.219e-01
-5.219e-01
-5.219e-01
-5.219e-01
-5.219e-01
-5.219e-01
-5.219e-01
-5.219e-01
-5.219e-01
-5.219e-01
-5.219e-01
-5.219e-01
-5.219e-01
-5.219e-01
-5.219e-01
-5.225e-01
-5.205e-01
-5.025e-01
-5.410e-01
-5.231e-01
-5.220e-01
-5.219e-01
-5.219e-01
-5.219e-01
-5.219e-01
-5.219e-01
-5.219e-01
-5.219e-01
-5.219e-01
-5.219e-01
-5.219e-01
-5.219e-01
-5.219e-01
-5.219e-01
-5.219e-01
-5.219e-01
-5.225e-01
-5.205e-01
-5.025e-01
-5.410e-01
-5.231e-01
-5.220e-01
-5.219e-01
-5.219e-01
-5.219e-01
-5.219e-01
-5.219e-01
-5.219e-01
-5.219e-01
-5.219e-01
-5.219e-01
-5.219e-01
-5.219e-01
-5.219e-01
-5.219e-01
-5.219e-01
-5.219e-01
-5.225e-01
-5.205e-01
-5.025e-01
-5.410e-01
-5.231e-01
-5.220e-01
-5.219e-01
-5.219e-01
-5.219e-01
-5.219e-01
-5.219e-01
-5.219e-01
-5.219e-01
-5.219e-01
-5.219e-01
-5.219e-01
-5.219e-01
-5.219e-01
-5.219e-01
-5.219e-01
-5.219e-01
-5.225e-01
-5.205e-01
-5.025e-01
-5.410e-01
-5.231e-01
-5.220e-01
-5.219e-01
-5.219e-01
-5.219e-01
-5.219e-01
-5.219e-01
-5.219e-01
-5.219e-01
-5.219e-01
-5.219e-01
-5.219e-01
-5.219e-01
-5.219e-01
-5.219e-01
-5.219e-01
-5.219e-01
-5.225e-01
-5.205e-01
-5.025e-01
-5.410e-01
-5.231e-01
-5.220e-01
-5.219e-01
-5.219e-01
-5.219e-01
-5.219e-01
-5.219e-01
-5.219e-01
-5.219e-01
-5.219e-01
-5.219e-01
-5.219e-01
-5.219e-01
-5.219e-01
-5.220e-01
-5.219e-01
-5.219e-01
-5.225e-01
-5.205e-01
-5.025e-01
-5.410e-01
-5.231e-01
-5.220e-01
-5.219e-01
-5.219e-01
-5.219e-01
-5.219e-01
-5.219e-01
-5.219e-01
-5.219e-01
-5.219e-01
-5.219e-01
-5.219e-01
-5.219e-01
-5.219e-01
-5.219e-01
-5.219e-01
-5.219e-01
-5.225e-01
-5.205e-01
-5.025e-01
-5.408e-01
-5.231e-01
-5.221e-01
-5.219e-01
-5.219e-01
-5.219e-01
-5.219e-01
-5.219e-01
-5.219e-01
-5.219e-01
-5.219e-01
-5.219e-01
-5.219e-01
-5.219e-01
-5.219e-01
-5.219e-01
-5.219e-01
-5.220e-01
-5.225e-01
-5.205e-01
-5.025e-01
-5.415e-01
-5.235e-01
-5.224e-01
-5.224e-01
-5.224e-01
-5.224e-01
-5.224e-01
-5.224e-01
-5.224e-01
-5.224e-01
-5.224e-01
-5.224e-01
-5.224e-01
-5.224e-01
-5.224e-01
-5.224e-01
-5.224e-01
-5.225e-01
-5.228e-01
-5.206e-01
-5.026e-01
-5.384e-01
-5.216e-01
-5.204e-01
-5.204e-01
-5.204e-01
-5.204e-01
-5.204e-01
-5.204e-01
-5.204e-01
-5.204e-01
-5.204e-01
-5.204e-01
-5.204e-01
-5.204e-01
-5.204e-01
-5.204e-01
-5.204e-01
-5.204e-01
-5.207e-01
-5.191e-01
-5.021e-01
-5.211e-01
-5.056e-01
-5.032e-01
-5.032e-01
-5.031e-01
-5.032e-01
-5.032e-01
-5.032e-01
-5.032e-01
-5.032e-01
-5.032e-01
-5.032e-01
-5.032e-01
-5.032e-01
-5.032e-01
-5.032e-01
-5.032e-01
-5.031e-01
-5.033e-01
-5.027e-01
-4.939e-01
-5.414e-01
-5.334e-01
-5.331e-01
-5.331e-01
-5.331e-01
-5.331e-01
-5.331e-01
-5.331e-01
-5.331e-01
-5.331e-01
-5.331e-01
-5.331e-01
-5.331e-01
-5.331e-01
-5.331e-01
-5.331e-01
-5.331e-01
-5.331e-01
-5.336e-01
-5.302e-01
-5.161e-01
-5.342e-01
-5.198e-01
-5.191e-01
-5.190e-01
-5.190e-01
-5.190e-01
-5.190e-01
-5.190e-01
-5.190e-01
-5.190e-01
-5.190e-01
-5.190e-01
-5.190e-01
-5.190e-01
-5.190e-01
-5.190e-01
-5.190e-01
-5.190e-01
-5.194e-01
-5.174e-01
-5.030e-01
-5.343e-01
-5.193e-01
-5.182e-01
-5.181e-01
-5.181e-01
-5.181e-01
-5.181e-01
-5.181e-01
-5.181e-01
-5.181e-01
-5.181e-01
-5.181e-01
-5.181e-01
-5.181e-01
-5.181e-01
-5.181e-01
-5.181e-01
-5.182e-01
-5.185e-01
-5.165e-01
-5.011e-01
-5.343e-01
-5.193e-01
-5.181e-01
-5.180e-01
-5.180e-01
-5.180e-01
-5.180e-01
-5.180e-01
-5.180e-01
-5.180e-01
-5.180e-01
-5.180e-01
-5.180e-01
-5.180e-01
-5.180e-01
-5.180e-01
-5.180e-01
-5.180e-01
-5.185e-01
-5.165e-01
-5.008e-01
-5.343e-01
-5.193e-01
-5.181e-01
-5.180e-01
-5.180e-01
-5.180e-01
-5.180e-01
-5.180e-01
-5.180e-01
-5.180e-01
-5.180e-01
-5.180e-01
-5.180e-01
-5.180e-01
-5.180e-01
-5.180e-01
-5.180e-01
-5.180e-01
-5.185e-01
-5.165e-01
-5.008e-01
-5.343e-01
-5.193e-01
-5.181e-01
-5.180e-01
-5.180e-01
-5.180e-01
-5.180e-01
-5.180e-01
-5.180e-01
-5.180e-01
-5.180e-01
-5.180e-01
-5.180e-01
-5.180e-01
-5.180e-01
-5.180e-01
-5.180e-01
-5.180e-01
-5.185e-01
-5.165e-01
-5.008e-01
-5.343e-01
-5.193e-01
-5.181e-01
-5.180e-01
-5.180e-01
-5.180e-01
-5.180e-01
-5.180e-01
-5.180e-01
-5.180e-01
-5.180e-01
-5.180e-01
-5.180e-01
-5.180e-01
-5.180e-01
-5.180e-01
-5.180e-01
-5.180e-01
-5.185e-01
-5.165e-01
-5.008e-01
-5.343e-01
-5.193e-01
-5.181e-01
-5.180e-01
-5.180e-01
-5.180e-01
-5.180e-01
-5.180e-01
-5.180e-01
-5.180e-01
-5.180e-01
-5.180e-01
-5.180e-01
-5.180e-01
-5.180e-01
-5.180e-01
-5.180e-01
-5.180e-01
-5.185e-01
-5.165e-01
-5.008e-01
-5.343e-01
-5.193e-01
-5.181e-01
-5.180e-01
-5.180e-01
-5.180e-01
-5.180e-01
-5.180e-01
-5.180e-01
-5.180e-01
-5.180e-01
-5.180e-01
-5.180e-01
-5.180e-01
-5.180e-01
-5.180e-01
-5.180e-01
-5.180e-01
-5.185e-01
-5.165e-01
-5.008e-01
-5.343e-01
-5.193e-01
-5.181e-01
-5.180e-01
-5.180e-01
-5.180e-01
-5.180e-01
-5.180e-01
-5.180e-01
-5.180e-01
-5.180e-01
-5.180e-01
-5.180e-01
-5.180e-01
-5.180e-01
-5.180e-01
-5.180e-01
-5.180e-01
-5.185e-01
-5.165e-01
-5.008e-01
-5.343e-01
-5.193e-01
-5.181e-01
-5.180e-01
-5.180e-01
-5.180e-01
-5.180e-01
-5.180e-01
-5.180e-01
-5.180e-01
-5.180e-01
-5.180e-01
-5.180e-01
-5.180e-01
-5.180e-01
-5.180e-01
-5.180e-01
-5.180e-01
-5.185e-01
-5.165e-01
-5.008e-01
-5.343e-01
-5.193e-01
-5.181e-01
-5.180e-01
-5.180e-01
-5.180e-01
-5.180e-01
-5.180e-01
-5.180e-01
-5.180e-01
-5.180e-01
-5.180e-01
-5.180e-01
-5.180e-01
-5.180e-01
-5.180e-01
-5.180e-01
-5.180e-01
-5.185e-01
-5.165e-01
-5.008e-01
-5.343e-01
-5.193e-01
-5.181e-01
-5.180e-01
-5.180e-01
-5.180e-01
-5.180e-01
-5.180e-01
-5.180e-01
-5.180e-01
-5.180e-01
-5.180e-01
-5.180e-01
-5.180e-01
-5.180e-01
-5.180e-01
-5.180e-01
-5.180e-01
-5.185e-01
-5.165e-01
-5.008e-01
-5.343e-01
-5.193e-01
-5.181e-01
-5.180e-01
-5.180e-01
-5.180e-01
-5.180e-01
-5.180e-01
-5.180e-01
-5.180e-01
-5.180e-01
-5.180e-01
-5.180e-01
-5.180e-01
-5.180e-01
-5.180e-01
-5.180e-01
-5.180e-01
-5.185e-01
-5.165e-01
-5.008e-01
-5.343e-01
-5.193e-01
-5.181e-01
-5.180e-01
-5.180e-01
-5.180e-01
-5.180e-01
-5.180e-01
-5.180e-01
-5.180e-01
-5.180e-01
-5.180e-01
-5.180e-01
-5.180e-01
-5.180e-01
-5.180e-01
-5.180e-01
-5.180e-01
-5.185e-01
-5.165e-01
-5.008e-01
-5.343e-01
-5.193e-01
-5.181e-01
-5.180e-01
-5.180e-01
-5.180e-01
-5.180e-01
-5.180e-01
-5.180e-01
-5.180e-01
-5.180e-01
-5.180e-01
-5.180e-01
-5.180e-01
-5.180e-01
-5.181e-01
-5.180e-01
-5.180e-01
-5.185e-01
-5.165e-01
-5.008e-01
-5.343e-01
-5.193e-01
-5.181e-01
-5.180e-01
-5.180e-01
-5.180e-01
-5.180e-01
-5.180e-01
-5.180e-01
-5.180e-01
-5.180e-01
-5.180e-01
-5.180e-01
-5.180e-01
-5.180e-01
-5.180e-01
-5.180e-01
-5.180e-01
-5.185e-01
-5.164e-01
-5.008e-01
-5.341e-01
-5.193e-01
-5.182e-01
-5.180e-01
-5.180e-01
-5.180e-01
-5.180e-01
-5.180e-01
-5.180e-01
-5.180e-01
-5.180e-01
-5.180e-01
-5.180e-01
-5.180e-01
-5.180e-01
-5.180e-01
-5.180e-01
-5.181e-01
-5.185e-01
-5.165e-01
-5.008e-01
-5.348e-01
-5.196e-01
-5.185e-01
-5.185e-01
-5.185e-01
-5.185e-01
-5.185e-01
-5.185e-01
-5.185e-01
-5.185e-01
-5.185e-01
-5.185e-01
-5.185e-01
-5.185e-01
-5.185e-01
-5.185e-01
-5.185e-01
-5.185e-01
-5.188e-01
-5.166e-01
-5.009e-01
-5.316e-01
-5.176e-01
-5.164e-01
-5.164e-01
-5.164e-01
-5.164e-01
-5.164e-01
-5.164e-01
-5.164e-01
-5.164e-01
-5.164e-01
-5.164e-01
-5.164e-01
-5.164e-01
-5.164e-01
-5.164e-01
-5.164e-01
-5.164e-01
-5.166e-01
-5.150e-01
-5.004e-01
-5.172e-01
-5.042e-01
-5.015e-01
-5.015e-01
-5.015e-01
-5.015e-01
-5.015e-01
-5.015e-01
-5.015e-01
-5.015e-01
-5.015e-01
-5.015e-01
-5.015e-01
-5.015e-01
-5.015e-01
-5.015e-01
-5.015e-01
-5.015e-01
-5.016e-01
-5.010e-01
-4.933e-01
-5.442e-01
-5.390e-01
-5.388e-01
-5.388e-01
-5.388e-01
-5.388e-01
-5.388e-01
-5.388e-01
-5.388e-01
-5.388e-01
-5.388e-01
-5.388e-01
-5.388e-01
-5.388e-01
-5.388e-01
-5.388e-01
-5.388e-01
-5.388e-01
-5.392e-01
-5.355e-01
-5.264e-01
-5.400e-01
-5.307e-01
-5.300e-01
-5.299e-01
-5.299e-01
-5.299e-01
-5.299e-01
-5.299e-01
-5.299e-01
-5.299e-01
-5.299e-01
-5.299e-01
-5.299e-01
-5.299e-01
-5.299e-01
-5.299e-01
-5.299e-01
-5.299e-01
-5.302e-01
-5.279e-01
-5.186e-01
-5.401e-01
-5.302e-01
-5.290e-01
-5.289e-01
-5.289e-01
-5.289e-01
-5.289e-01
-5.289e-01
-5.289e-01
-5.289e-01
-5.289e-01
-5.289e-01
-5.289e-01
-5.289e-01
-5.289e-01
-5.289e-01
-5.289e-01
-5.290e-01
-5.292e-01
-5.270e-01
-5.165e-01
-5.401e-01
-5.302e-01
-5.289e-01
-5.288e-01
-5.288e-01
-5.288e-01
-5.288e-01
-5.288e-01
-5.288e-01
-5.288e-01
-5.288e-01
-5.288e-01
-5.288e-01
-5.288e-01
-5.288e-01
-5.288e-01
-5.288e-01
-5.288e-01
-5.292e-01
-5.269e-01
-5.162e-01
-5.401e-01
-5.302e-01
-5.289e-01
-5.288e-01
-5.288e-01
-5.288e-01
-5.288e-01
-5.288e-01
-5.288e-01
-5.288e-01
-5.288e-01
-5.288e-01
-5.288e-01
-5.288e-01
-5.288e-01
-5.288e-01
-5.288e-01
-5.288e-01
-5.292e-01
-5.269e-01
-5.162e-01
-5.401e-01
-5.302e-01
-5.289e-01
-5.288e-01
-5.288e-01
-5.288e-01
-5.288e-01
-5.288e-01
-5.288e-01
-5.288e-01
-5.288e-01
-5.288e-01
-5.288e-01
-5.288e-01
-5.288e-01
-5.288e-01
-5.288e-01
-5.288e-01
-5.292e-01
-5.269e-01
-5.162e-01
-5.401e-01
-5.302e-01
-5.289e-01
-5.288e-01
-5.288e-01
-5.288e-01
-5.288e-01
-5.288e-01
-5.288e-01
-5.288e-01
-5.288e-01
-5.288e-01
-5.288e-01
-5.288e-01
-5.288e-01
-5.288e-01
-5.288e-01
-5.288e-01
-5.292e-01
-5.269e-01
-5.162e-01
-5.401e-01
-5.302e-01
-5.289e-01
-5.288e-01
-5.288e-01
-5.288e-01
-5.288e-01
-5.288e-01
-5.288e-01
-5.288e-01
-5.288e-01
-5.288e-01
-5.288e-01
-5.288e-01
-5.288e-01
-5.288e-01
-5.288e-01
-5.288e-01
-5.292e-01
-5.269e-01
-5.162e-01
-5.401e-01
-5.302e-01
-5.289e-01
-5.288e-01
-5.288e-01
-5.288e-01
-5.288e-01
-5.288e-01
-5.288e-01
-5.288e-01
-5.288e-01
-5.288e-01
-5.288e-01
-5.288e-01
-5.288e-01
-5.288e-01
-5.288e-01
-5.288e-01
-5.292e-01
-5.269e-01
-5.162e-01
-5.401e-01
-5.302e-01
-5.289e-01
-5.288e-01
-5.288e-01
-5.288e-01
-5.288e-01
-5.288e-01
-5.288e-01
-5.288e-01
-5.288e-01
-5.288e-01
-5.288e-01
-5.288e-01
-5.288e-01
-5.288e-01
-5.288e-01
-5.288e-01
-5.292e-01
-5.269e-01
-5.162e-01
-5.401e-01
-5.302e-01
-5.289e-01
-5.288e-01
-5.288e-01
-5.288e-01
-5.288e-01
-5.288e-01
-5.288e-01
-5.288e-01
-5.288e-01
-5.288e-01
-5.288e-01
-5.288e-01
-5.288e-01
-5.288e-01
-5.288e-01
-5.288e-01
-5.292e-01
-5.269e-01
-5.162e-01
-5.401e-01
-5.302e-01
-5.289e-01
-5.288e-01
-5.288e-01
-5.288e-01
-5.288e-01
-5.288e-01
-5.288e-01
-5.288e-01
-5.288e-01
-5.288e-01
-5.288e-01
-5.288e-01
-5.288e-01
-5.288e-01
-5.288e-01
-5.288e-01
-5.292e-01
-5.269e-01
-5.162e-01
-5.401e-01
-5.302e-01
-5.289e-01
-5.288e-01
-5.288e-01
-5.288e-01
-5.288e-01
-5.288e-01
-5.288e-01
-5.288e-01
-5.288e-01
-5.288e-01
-5.288e-01
-5.288e-01
-5.288e-01
-5.288e-01
-5.288e-01
-5.288e-01
-5.292e-01
-5.269e-01
-5.162e-01
-5.401e-01
-5.302e-01
-5.289e-01
-5.288e-01
-5.288e-01
-5.288e-01
-5.288e-01
-5.288e-01
-5.288e-01
-5.288e-01
-5.288e-01
-5.288e-01
-5.288e-01
-5.288e-01
-5.288e-01
-5.288e-01
-5.288e-01
-5.288e-01
-5.292e-01
-5.269e-01
-5.162e-01
-5.401e-01
-5.302e-01
-5.289e-01
-5.288e-01
-5.288e-01
-5.288e-01
-5.288e-01
-5.288e-01
-5.288e-01
-5.288e-01
-5.288e-01
-5.288e-01
-5.288e-01
-5.288e-01
-5.288e-01
-5.288e-01
-5.288e-01
-5.288e-01
-5.292e-01
-5.269e-01
-5.162e-01
-5.401e-01
-5.302e-01
-5.289e-01
-5.288e-01
-5.288e-01
-5.288e-01
-5.288e-01
-5.288e-01
-5.288e-01
-5.288e-01
-5.288e-01
-5.288e-01
-5.288e-01
-5.288e-01
-5.288e-01
-5.289e-01
-5.288e-01
-5.288e-01
-5.292e-01
-5.269e-01
-5.162e-01
-5.400e-01
-5.302e-01
-5.289e-01
-5.288e-01
-5.288e-01
-5.288e-01
-5.288e-01
-5.288e-01
-5.288e-01
-5.288e-01
-5.288e-01
-5.288e-01
-5.288e-01
-5.288e-01
-5.288e-01
-5.288e-01
-5.288e-01
-5.288e-01
-5.292e-01
-5.269e-01
-5.162e-01
-5.399e-01
-5.302e-01
-5.290e-01
-5.288e-01
-5.288e-01
-5.288e-01
-5.288e-01
-5.288e-01
-5.288e-01
-5.288e-01
-5.288e-01
-5.288e-01
-5.288e-01
-5.288e-01
-5.288e-01
-5.288e-01
-5.288e-01
-5.289e-01
-5.292e-01
-5.269e-01
-5.162e-01
-5.404e-01
-5.304e-01
-5.292e-01
-5.291e-01
-5.291e-01
-5.291e-01
-5.291e-01
-5.291e-01
-5.291e-01
-5.291e-01
-5.291e-01
-5.291e-01
-5.291e-01
-5.291e-01
-5.291e-01
-5.291e-01
-5.291e-01
-5.292e-01
-5.294e-01
-5.270e-01
-5.163e-01
-5.370e-01
-5.282e-01
-5.269e-01
-5.269e-01
-5.269e-01
-5.269e-01
-5.269e-01
-5.269e-01
-5.269e-01
-5.269e-01
-5.269e-01
-5.269e-01
-5.269e-01
-5.269e-01
-5.269e-01
-5.269e-01
-5.269e-01
-5.269e-01
-5.271e-01
-5.252e-01
-5.157e-01
-5.278e-01
-5.199e-01
-5.172e-01
-5.171e-01
-5.170e-01
-5.171e-01
-5.171e-01
-5.171e-01
-5.171e-01
-5.171e-01
-5.171e-01
-5.171e-01
-5.171e-01
-5.171e-01
-5.171e-01
-5.171e-01
-5.171e-01
-5.170e-01
-5.171e-01
-5.163e-01
-5.112e-01
-5.828e-01
-5.829e-01
-5.827e-01
-5.827e-01
-5.827e-01
-5.827e-01
-5.827e-01
-5.827e-01
-5.827e-01
-5.827e-01
-5.827e-01
-5.827e-01
-5.827e-01
-5.827e-01
-5.827e-01
-5.827e-01
-5.827e-01
-5.827e-01
-5.827e-01
-5.787e-01
-5.802e-01
-5.840e-01
-5.852e-01
-5.848e-01
-5.847e-01
-5.847e-01
-5.847e-01
-5.847e-01
-5.847e-01
-5.847e-01
-5.847e-01
-5.847e-01
-5.847e-01
-5.847e-01
-5.847e-01
-5.847e-01
-5.847e-01
-5.847e-01
-5.848e-01
-5.848e-01
-5.821e-01
-5.854e-01
-5.842e-01
-5.852e-01
-5.846e-01
-5.844e-01
-5.844e-01
-5.844e-01
-5.844e-01
-5.844e-01
-5.844e-01
-5.844e-01
-5.844e-01
-5.844e-01
-5.844e-01
-5.844e-01
-5.844e-01
-5.844e-01
-5.844e-01
-5.846e-01
-5.844e-01
-5.817e-01
-5.846e-01
-5.842e-01
-5.852e-01
-5.844e-01
-5.842e-01
-5.842e-01
-5.842e-01
-5.842e-01
-5.842e-01
-5.842e-01
-5.842e-01
-5.842e-01
-5.842e-01
-5.842e-01
-5.842e-01
-5.842e-01
-5.842e-01
-5.842e-01
-5.843e-01
-5.844e-01
-5.816e-01
-5.841e-01
-5.842e-01
-5.852e-01
-5.844e-01
-5.842e-01
-5.842e-01
-5.842e-01
-5.842e-01
-5.842e-01
-5.842e-01
-5.842e-01
-5.842e-01
-5.842e-01
-5.842e-01
-5.842e-01
-5.842e-01
-5.842e-01
-5.842e-01
-5.843e-01
-5.844e-01
-5.816e-01
-5.841e-01
-5.842e-01
-5.852e-01
-5.844e-01
-5.842e-01
-5.842e-01
-5.842e-01
-5.842e-01
-5.842e-01
-5.842e-01
-5.842e-01
-5.842e-01
-5.842e-01
-5.842e-01
-5.842e-01
-5.842e-01
-5.842e-01
-5.842e-01
-5.843e-01
-5.844e-01
-5.816e-01
-5.841e-01
-5.842e-01
-5.852e-01
-5.844e-01
-5.842e-01
-5.842e-01
-5.842e-01
-5.842e-01
-5.842e-01
-5.842e-01
-5.842e-01
-5.842e-01
-5.842e-01
-5.842e-01
-5.842e-01
-5.842e-01
-5.842e-01
-5.842e-01
-5.843e-01
-5.844e-01
-5.816e-01
-5.841e-01
-5.842e-01
-5.852e-01
-5.844e-01
-5.842e-01
-5.842e-01
-5.842e-01
-5.842e-01
-5.842e-01
-5.842e-01
-5.842e-01
-5.842e-01
-5.842e-01
-5.842e-01
-5.842e-01
-5.842e-01
-5.842e-01
-5.842e-01
-5.843e-01
-5.844e-01
-5.816e-01
-5.841e-01
-5.842e-01
-5.852e-01
-5.844e-01
-5.842e-01
-5.842e-01
-5.842e-01
-5.842e-01
-5.842e-01
-5.842e-01
-5.842e-01
-5.842e-01
-5.842e-01
-5.842e-01
-5.842e-01
-5.842e-01
-5.842e-01
-5.842e-01
-5.843e-01
-5.844e-01
-5.816e-01
-5.841e-01
-5.842e-01
-5.852e-01
-5.844e-01
-5.842e-01
-5.842e-01
-5.842e-01
-5.842e-01
-5.842e-01
-5.842e-01
-5.842e-01
-5.842e-01
-5.842e-01
-5.842e-01
-5.842e-01
-5.842e-01
-5.842e-01
-5.842e-01
-5.843e-01
-5.844e-01
-5.816e-01
-5.841e-01
-5.842e-01
-5.852e-01
-5.844e-01
-5.842e-01
-5.842e-01
-5.842e-01
-5.842e-01
-5.842e-01
-5.842e-01
-5.842e-01
-5.842e-01
-5.842e-01
-5.842e-01
-5.842e-01
-5.842e-01
-5.842e-01
-5.842e-01
-5.843e-01
-5.844e-01
-5.816e-01
-5.841e-01
-5.842e-01
-5.852e-01
-5.844e-01
-5.842e-01
-5.842e-01
-5.842e-01
-5.842e-01
-5.842e-01
-5.842e-01
-5.842e-01
-5.842e-01
-5.842e-01
-5.842e-01
-5.842e-01
-5.842e-01
-5.842e-01
-5.842e-01
-5.843e-01
-5.844e-01
-5.816e-01
-5.841e-01
-5.842e-01
-5.852e-01
-5.844e-01
-5.842e-01
-5.842e-01
-5.842e-01
-5.842e-01
-5.842e-01
-5.842e-01
-5.842e-01
-5.842e-01
-5.842e-01
-5.842e-01
-5.842e-01
-5.842e-01
-5.842e-01
-5.842e-01
-5.843e-01
-5.844e-01
-5.816e-01
-5.841e-01
-5.842e-01
-5.852e-01
-5.844e-01
-5.842e-01
-5.842e-01
-5.842e-01
-5.842e-01
-5.842e-01
-5.842e-01
-5.842e-01
-5.842e-01
-5.842e-01
-5.842e-01
-5.842e-01
-5.842e-01
-5.842e-01
-5.842e-01
-5.843e-01
-5.844e-01
-5.816e-01
-5.841e-01
-5.842e-01
-5.852e-01
-5.844e-01
-5.842e-01
-5.842e-01
-5.842e-01
-5.842e-01
-5.842e-01
-5.842e-01
-5.842e-01
-5.842e-01
-5.842e-01
-5.842e-01
-5.842e-01
-5.842e-01
-5.842e-01
-5.842e-01
-5.843e-01
-5.844e-01
-5.816e-01
-5.841e-01
-5.842e-01
-5.852e-01
-5.844e-01
-5.842e-01
-5.842e-01
-5.842e-01
-5.842e-01
-5.842e-01
-5.842e-01
-5.842e-01
-5.842e-01
-5.842e-01
-5.842e-01
-5.842e-01
-5.842e-01
-5.843e-01
-5.842e-01
-5.843e-01
-5.844e-01
-5.816e-01
-5.841e-01
-5.841e-01
-5.852e-01
-5.844e-01
-5.842e-01
-5.842e-01
-5.842e-01
-5.842e-01
-5.842e-01
-5.842e-01
-5.842e-01
-5.842e-01
-5.842e-01
-5.842e-01
-5.842e-01
-5.842e-01
-5.842e-01
-5.842e-01
-5.843e-01
-5.844e-01
-5.815e-01
-5.841e-01
-5.841e-01
-5.852e-01
-5.846e-01
-5.843e-01
-5.843e-01
-5.843e-01
-5.843e-01
-5.843e-01
-5.843e-01
-5.843e-01
-5.843e-01
-5.843e-01
-5.843e-01
-5.843e-01
-5.843e-01
-5.843e-01
-5.843e-01
-5.844e-01
-5.844e-01
-5.816e-01
-5.842e-01
-5.841e-01
-5.851e-01
-5.844e-01
-5.843e-01
-5.843e-01
-5.843e-01
-5.843e-01
-5.843e-01
-5.843e-01
-5.843e-01
-5.843e-01
-5.843e-01
-5.843e-01
-5.843e-01
-5.843e-01
-5.843e-01
-5.842e-01
-5.844e-01
-5.842e-01
-5.815e-01
-5.842e-01
-5.806e-01
-5.826e-01
-5.818e-01
-5.817e-01
-5.817e-01
-5.817e-01
-5.817e-01
-5.817e-01
-5.817e-01
-5.817e-01
-5.817e-01
-5.817e-01
-5.817e-01
-5.817e-01
-5.817e-01
-5.817e-01
-5.817e-01
-5.818e-01
-5.817e-01
-5.797e-01
-5.834e-01
-5.821e-01
-5.874e-01
-5.857e-01
-5.855e-01
-5.855e-01
-5.855e-01
-5.855e-01
-5.855e-01
-5.855e-01
-5.855e-01
-5.855e-01
-5.855e-01
-5.855e-01
-5.855e-01
-5.855e-01
-5.855e-01
-5.855e-01
-5.855e-01
-5.855e-01
-5.844e-01
-5.878e-01
-7.123e-01
-7.266e-01
-7.272e-01
-7.271e-01
-7.271e-01
-7.271e-01
-7.271e-01
-7.271e-01
-7.271e-01
-7.271e-01
-7.271e-01
-7.271e-01
-7.271e-01
-7.271e-01
-7.271e-01
-7.271e-01
-7.271e-01
-7.271e-01
-7.259e-01
-7.245e-01
-7.571e-01
-7.278e-01
-7.581e-01
-7.605e-01
-7.606e-01
-7.606e-01
-7.606e-01
-7.606e-01
-7.606e-01
-7.606e-01
-7.606e-01
-7.606e-01
-7.606e-01
-7.606e-01
-7.606e-01
-7.606e-01
-7.606e-01
-7.606e-01
-7.607e-01
-7.598e-01
-7.592e-01
-8.072e-01
-7.287e-01
-7.608e-01
-7.643e-01
-7.644e-01
-7.644e-01
-7.644e-01
-7.644e-01
-7.644e-01
-7.644e-01
-7.644e-01
-7.644e-01
-7.644e-01
-7.644e-01
-7.644e-01
-7.644e-01
-7.644e-01
-7.644e-01
-7.646e-01
-7.634e-01
-7.632e-01
-8.168e-01
-7.287e-01
-7.611e-01
-7.644e-01
-7.645e-01
-7.645e-01
-7.645e-01
-7.645e-01
-7.645e-01
-7.645e-01
-7.645e-01
-7.645e-01
-7.645e-01
-7.645e-01
-7.645e-01
-7.645e-01
-7.645e-01
-7.646e-01
-7.647e-01
-7.635e-01
-7.634e-01
-8.173e-01
-7.287e-01
-7.611e-01
-7.644e-01
-7.645e-01
-7.645e-01
-7.645e-01
-7.645e-01
-7.645e-01
-7.645e-01
-7.645e-01
-7.645e-01
-7.645e-01
-7.645e-01
-7.645e-01
-7.645e-01
-7.645e-01
-7.646e-01
-7.648e-01
-7.635e-01
-7.634e-01
-8.173e-01
-7.287e-01
-7.611e-01
-7.644e-01
-7.645e-01
-7.645e-01
-7.645e-01
-7.645e-01
-7.645e-01
-7.645e-01
-7.645e-01
-7.645e-01
-7.645e-01
-7.645e-01
-7.645e-01
-7.645e-01
-7.645e-01
-7.646e-01
-7.648e-01
-7.635e-01
-7.634e-01
-8.173e-01
-7.287e-01
-7.611e-01
-7.644e-01
-7.645e-01
-7.645e-01
-7.645e-01
-7.645e-01
-7.645e-01
-7.645e-01
-7.645e-01
-7.645e-01
-7.645e-01
-7.645e-01
-7.645e-01
-7.645e-01
-7.645e-01
-7.646e-01
-7.648e-01
-7.635e-01
-7.634e-01
-8.173e-01
-7.287e-01
-7.611e-01
-7.644e-01
-7.645e-01
-7.645e-01
-7.645e-01
-7.645e-01
-7.645e-01
-7.645e-01
-7.645e-01
-7.645e-01
-7.645e-01
-7.645e-01
-7.645e-01
-7.645e-01
-7.645e-01
-7.646e-01
-7.648e-01
-7.635e-01
-7.634e-01
-8.173e-01
-7.287e-01
-7.611e-01
-7.644e-01
-7.645e-01
-7.645e-01
-7.645e-01
-7.645e-01
-7.645e-01
-7.645e-01
-7.645e-01
-7.645e-01
-7.645e-01
-7.645e-01
-7.645e-01
-7.645e-01
-7.645e-01
-7.646e-01
-7.648e-01
-7.635e-01
-7.634e-01
-8.173e-01
-7.287e-01
-7.611e-01
-7.644e-01
-7.645e-01
-7.645e-01
-7.645e-01
-7.645e-01
-7.645e-01
-7.645e-01
-7.645e-01
-7.645e-01
-7.645e-01
-7.645e-01
-7.645e-01
-7.645e-01
-7.645e-01
-7.646e-01
-7.648e-01
-7.635e-01
-7.634e-01
-8.173e-01
-7.287e-01
-7.611e-01
-7.644e-01
-7.645e-01
-7.645e-01
-7.645e-01
-7.645e-01
-7.645e-01
-7.645e-01
-7.645e-01
-7.645e-01
-7.645e-01
-7.645e-01
-7.645e-01
-7.645e-01
-7.645e-01
-7.646e-01
-7.648e-01
-7.635e-01
-7.634e-01
-8.173e-01
-7.287e-01
-7.611e-01
-7.644e-01
-7.645e-01
-7.645e-01
-7.645e-01
-7.645e-01
-7.645e-01
-7.645e-01
-7.645e-01
-7.645e-01
-7.645e-01
-7.645e-01
-7.645e-01
-7.645e-01
-7.645e-01
-7.646e-01
-7.648e-01
-7.635e-01
-7.634e-01
-8.173e-01
-7.287e-01
-7.611e-01
-7.644e-01
-7.645e-01
-7.645e-01
-7.645e-01
-7.645e-01
-7.645e-01
-7.645e-01
-7.645e-01
-7.645e-01
-7.645e-01
-7.645e-01
-7.645e-01
-7.645e-01
-7.645e-01
-7.646e-01
-7.648e-01
-7.635e-01
-7.634e-01
-8.173e-01
-7.287e-01
-7.611e-01
-7.644e-01
-7.645e-01
-7.645e-01
-7.645e-01
-7.645e-01
-7.645e-01
-7.645e-01
-7.645e-01
-7.645e-01
-7.645e-01
-7.645e-01
-7.645e-01
-7.645e-01
-7.645e-01
-7.646e-01
-7.648e-01
-7.635e-01
-7.634e-01
-8.173e-01
-7.287e-01
-7.611e-01
-7.644e-01
-7.645e-01
-7.645e-01
-7.645e-01
-7.645e-01
-7.645e-01
-7.645e-01
-7.645e-01
-7.645e-01
-7.645e-01
-7.645e-01
-7.645e-01
-7.645e-01
-7.645e-01
-7.646e-01
-7.648e-01
-7.635e-01
-7.634e-01
-8.173e-01
-7.287e-01
-7.611e-01
-7.644e-01
-7.645e-01
-7.645e-01
-7.645e-01
-7.645e-01
-7.645e-01
-7.645e-01
-7.645e-01
-7.645e-01
-7.645e-01
-7.645e-01
-7.645e-01
-7.645e-01
-7.645e-01
-7.646e-01
-7.647e-01
-7.635e-01
-7.634e-01
-8.173e-01
-7.286e-01
-7.611e-01
-7.645e-01
-7.646e-01
-7.646e-01
-7.646e-01
-7.646e-01
-7.646e-01
-7.646e-01
-7.646e-01
-7.646e-01
-7.646e-01
-7.646e-01
-7.646e-01
-7.646e-01
-7.646e-01
-7.646e-01
-7.648e-01
-7.635e-01
-7.633e-01
-8.173e-01
-7.287e-01
-7.611e-01
-7.646e-01
-7.647e-01
-7.647e-01
-7.647e-01
-7.647e-01
-7.647e-01
-7.647e-01
-7.647e-01
-7.647e-01
-7.647e-01
-7.647e-01
-7.647e-01
-7.647e-01
-7.647e-01
-7.648e-01
-7.648e-01
-7.636e-01
-7.634e-01
-8.175e-01
-7.276e-01
-7.601e-01
-7.633e-01
-7.634e-01
-7.634e-01
-7.634e-01
-7.634e-01
-7.634e-01
-7.634e-01
-7.634e-01
-7.634e-01
-7.634e-01
-7.634e-01
-7.634e-01
-7.634e-01
-7.634e-01
-7.634e-01
-7.636e-01
-7.623e-01
-7.627e-01
-8.170e-01
-7.271e-01
-7.603e-01
-7.639e-01
-7.641e-01
-7.641e-01
-7.641e-01
-7.641e-01
-7.641e-01
-7.641e-01
-7.641e-01
-7.641e-01
-7.641e-01
-7.641e-01
-7.641e-01
-7.641e-01
-7.641e-01
-7.641e-01
-7.641e-01
-7.634e-01
-7.639e-01
-8.187e-01
-7.602e-01
-8.107e-01
-8.194e-01
-8.200e-01
-8.200e-01
-8.201e-01
-8.201e-01
-8.201e-01
-8.201e-01
-8.201e-01
-8.201e-01
-8.201e-01
-8.201e-01
-8.201e-01
-8.201e-01
-8.201e-01
-8.201e-01
-8.200e-01
-8.196e-01
-8.205e-01
-8.660e-01
-1.024e+00
-1.068e+00
-1.071e+00
-1.071e+00
-1.071e+00
-1.071e+00
-1.071e+00
-1.071e+00
-1.071e+00
-1.071e+00
-1.071e+00
-1.071e+00
-1.071e+00
-1.071e+00
-1.071e+00
-1.071e+00
-1.071e+00
-1.070e+00
-1.069e+00
-1.090e+00
-1.159e+00
-1.069e+00
-1.134e+00
-1.138e+00
-1.139e+00
-1.139e+00
-1.139e+00
-1.139e+00
-1.139e+00
-1.139e+00
-1.139e+00
-1.139e+00
-1.139e+00
-1.139e+00
-1.139e+00
-1.139e+00
-1.139e+00
-1.139e+00
-1.138e+00
-1.140e+00
-1.154e+00
-1.206e+00
-1.071e+00
-1.138e+00
-1.145e+00
-1.145e+00
-1.145e+00
-1.145e+00
-1.145e+00
-1.145e+00
-1.145e+00
-1.145e+00
-1.145e+00
-1.145e+00
-1.145e+00
-1.145e+00
-1.145e+00
-1.145e+00
-1.145e+00
-1.145e+00
-1.144e+00
-1.162e+00
-1.213e+00
-1.071e+00
-1.139e+00
-1.145e+00
-1.145e+00
-1.145e+00
-1.145e+00
-1.145e+00
-1.145e+00
-1.145e+00
-1.145e+00
-1.145e+00
-1.145e+00
-1.145e+00
-1.145e+00
-1.145e+00
-1.145e+00
-1.145e+00
-1.145e+00
-1.144e+00
-1.162e+00
-1.214e+00
-1.071e+00
-1.139e+00
-1.145e+00
-1.145e+00
-1.145e+00
-1.145e+00
-1.145e+00
-1.145e+00
-1.145e+00
-1.145e+00
-1.145e+00
-1.145e+00
-1.145e+00
-1.145e+00
-1.145e+00
-1.145e+00
-1.145e+00
-1.145e+00
-1.144e+00
-1.162e+00
-1.214e+00
-1.071e+00
-1.139e+00
-1.145e+00
-1.145e+00
-1.145e+00
-1.145e+00
-1.145e+00
-1.145e+00
-1.145e+00
-1.145e+00
-1.145e+00
-1.145e+00
-1.145e+00
-1.145e+00
-1.145e+00
-1.145e+00
-1.145e+00
-1.145e+00
-1.144e+00
-1.162e+00
-1.214e+00
-1.071e+00
-1.139e+00
-1.145e+00
-1.145e+00
-1.145e+00
-1.145e+00
-1.145e+00
-1.145e+00
-1.145e+00
-1.145e+00
-1.145e+00
-1.145e+00
-1.145e+00
-1.145e+00
-1.145e+00
-1.145e+00
-1.145e+00
-1.145e+00
-1.144e+00
-1.162e+00
-1.214e+00
-1.071e+00
-1.139e+00
-1.145e+00
-1.145e+00
-1.145e+00
-1.145e+00
-1.145e+00
-1.145e+00
-1.145e+00
-1.145e+00
-1.145e+00
-1.145e+00
-1.145e+00
-1.145e+00
-1.145e+00
-1.145e+00
-1.145e+00
-1.145e+00
-1.144e+00
-1.162e+00
-1.214e+00
-1.071e+00
-1.139e+00
-1.145e+00
-1.145e+00
-1.145e+00
-1.145e+00
-1.145e+00
-1.145e+00
-1.145e+00
-1.145e+00
-1.145e+00
-1.145e+00
-1.145e+00
-1.145e+00
-1.145e+00
-1.145e+00
-1.145e+00
-1.145e+00
-1.144e+00
-1.162e+00
-1.214e+00
-1.071e+00
-1.139e+00
-1.145e+00
-1.145e+00
-1.145e+00
-1.145e+00
-1.145e+00
-1.145e+00
-1.145e+00
-1.145e+00
-1.145e+00
-1.145e+00
-1.145e+00
-1.145e+00
-1.145e+00
-1.145e+00
-1.145e+00
-1.145e+00
-1.144e+00
-1.162e+00
-1.214e+00
-1.071e+00
-1.139e+00
-1.145e+00
-1.145e+00
-1.145e+00
-1.145e+00
-1.145e+00
-1.145e+00
-1.145e+00
-1.145e+00
-1.145e+00
-1.145e+00
-1.145e+00
-1.145e+00
-1.145e+00
-1.145e+00
-1.145e+00
-1.145e+00
-1.144e+00
-1.162e+00
-1.214e+00
-1.071e+00
-1.139e+00
-1.145e+00
-1.145e+00
-1.145e+00
-1.145e+00
-1.145e+00
-1.145e+00
-1.145e+00
-1.145e+00
-1.145e+00
-1.145e+00
-1.145e+00
-1.145e+00
-1.145e+00
-1.145e+00
-1.145e+00
-1.145e+00
-1.144e+00
-1.162e+00
-1.214e+00
-1.071e+00
-1.139e+00
-1.145e+00
-1.145e+00
-1.145e+00
-1.145e+00
-1.145e+00
-1.145e+00
-1.145e+00
-1.145e+00
-1.145e+00
-1.145e+00
-1.145e+00
-1.145e+00
-1.145e+00
-1.145e+00
-1.145e+00
-1.145e+00
-1.144e+00
-1.162e+00
-1.214e+00
-1.071e+00
-1.139e+00
-1.145e+00
-1.145e+00
-1.145e+00
-1.145e+00
-1.145e+00
-1.145e+00
-1.145e+00
-1.145e+00
-1.145e+00
-1.145e+00
-1.145e+00
-1.145e+00
-1.145e+00
-1.145e+00
-1.145e+00
-1.145e+00
-1.144e+00
-1.162e+00
-1.214e+00
-1.071e+00
-1.139e+00
-1.145e+00
-1.145e+00
-1.145e+00
-1.145e+00
-1.145e+00
-1.145e+00
-1.145e+00
-1.145e+00
-1.145e+00
-1.145e+00
-1.145e+00
-1.145e+00
-1.145e+00
-1.145e+00
-1.145e+00
-1.145e+00
-1.144e+00
-1.162e+00
-1.214e+00
-1.071e+00
-1.139e+00
-1.145e+00
-1.145e+00
-1.145e+00
-1.145e+00
-1.145e+00
-1.145e+00
-1.145e+00
-1.145e+00
-1.145e+00
-1.145e+00
-1.145e+00
-1.145e+00
-1.145e+00
-1.145e+00
-1.145e+00
-1.145e+00
-1.144e+00
-1.162e+00
-1.214e+00
-1.071e+00
-1.139e+00
-1.145e+00
-1.145e+00
-1.145e+00
-1.145e+00
-1.145e+00
-1.145e+00
-1.145e+00
-1.145e+00
-1.145e+00
-1.145e+00
-1.145e+00
-1.145e+00
-1.145e+00
-1.145e+00
-1.145e+00
-1.145e+00
-1.144e+00
-1.162e+00
-1.214e+00
-1.071e+00
-1.138e+00
-1.145e+00
-1.145e+00
-1.145e+00
-1.145e+00
-1.145e+00
-1.145e+00
-1.145e+00
-1.145e+00
-1.145e+00
-1.145e+00
-1.145e+00
-1.145e+00
-1.145e+00
-1.145e+00
-1.145e+00
-1.145e+00
-1.144e+00
-1.162e+00
-1.214e+00
-1.072e+00
-1.140e+00
-1.144e+00
-1.144e+00
-1.144e+00
-1.144e+00
-1.144e+00
-1.144e+00
-1.144e+00
-1.144e+00
-1.144e+00
-1.144e+00
-1.144e+00
-1.144e+00
-1.144e+00
-1.144e+00
-1.144e+00
-1.144e+00
-1.144e+00
-1.163e+00
-1.214e+00
-1.093e+00
-1.156e+00
-1.163e+00
-1.163e+00
-1.163e+00
-1.163e+00
-1.163e+00
-1.163e+00
-1.163e+00
-1.163e+00
-1.163e+00
-1.163e+00
-1.163e+00
-1.163e+00
-1.163e+00
-1.163e+00
-1.163e+00
-1.163e+00
-1.163e+00
-1.176e+00
-1.219e+00
-1.162e+00
-1.208e+00
-1.215e+00
-1.215e+00
-1.215e+00
-1.215e+00
-1.215e+00
-1.215e+00
-1.215e+00
-1.215e+00
-1.215e+00
-1.215e+00
-1.215e+00
-1.215e+00
-1.215e+00
-1.215e+00
-1.215e+00
-1.215e+00
-1.215e+00
-1.219e+00
-1.237e+00
-1.296e+00
-1.299e+00
-1.299e+00
-1.299e+00
-1.299e+00
-1.299e+00
-1.299e+00
-1.299e+00
-1.299e+00
-1.299e+00
-1.299e+00
-1.299e+00
-1.299e+00
-1.299e+00
-1.299e+00
-1.299e+00
-1.299e+00
-1.299e+00
-1.299e+00
-1.302e+00
-1.305e+00
-1.299e+00
-1.302e+00
-1.303e+00
-1.303e+00
-1.303e+00
-1.303e+00
-1.303e+00
-1.303e+00
-1.303e+00
-1.303e+00
-1.303e+00
-1.303e+00
-1.303e+00
-1.303e+00
-1.303e+00
-1.303e+00
-1.303e+00
-1.303e+00
-1.304e+00
-1.305e+00
-1.305e+00
-1.299e+00
-1.303e+00
-1.304e+00
-1.304e+00
-1.304e+00
-1.304e+00
-1.304e+00
-1.304e+00
-1.304e+00
-1.304e+00
-1.304e+00
-1.304e+00
-1.304e+00
-1.304e+00
-1.304e+00
-1.304e+00
-1.304e+00
-1.304e+00
-1.304e+00
-1.305e+00
-1.305e+00
-1.299e+00
-1.303e+00
-1.304e+00
-1.304e+00
-1.304e+00
-1.304e+00
-1.304e+00
-1.304e+00
-1.304e+00
-1.304e+00
-1.304e+00
-1.304e+00
-1.304e+00
-1.304e+00
-1.304e+00
-1.304e+00
-1.304e+00
-1.304e+00
-1.304e+00
-1.305e+00
-1.305e+00
-1.299e+00
-1.303e+00
-1.304e+00
-1.304e+00
-1.304e+00
-1.304e+00
-1.304e+00
-1.304e+00
-1.304e+00
-1.304e+00
-1.304e+00
-1.304e+00
-1.304e+00
-1.304e+00
-1.304e+00
-1.304e+00
-1.304e+00
-1.304e+00
-1.304e+00
-1.305e+00
-1.305e+00
-1.299e+00
-1.303e+00
-1.304e+00
-1.304e+00
-1.304e+00
-1.304e+00
-1.304e+00
-1.304e+00
-1.304e+00
-1.304e+00
-1.304e+00
-1.304e+00
-1.304e+00
-1.304e+00
-1.304e+00
-1.304e+00
-1.304e+00
-1.304e+00
-1.304e+00
-1.305e+00
-1.305e+00
-1.299e+00
-1.303e+00
-1.304e+00
-1.304e+00
-1.304e+00
-1.304e+00
-1.304e+00
-1.304e+00
-1.304e+00
-1.304e+00
-1.304e+00
-1.304e+00
-1.304e+00
-1.304e+00
-1.304e+00
-1.304e+00
-1.304e+00
-1.304e+00
-1.304e+00
-1.305e+00
-1.305e+00
-1.299e+00
-1.303e+00
-1.304e+00
-1.304e+00
-1.304e+00
-1.304e+00
-1.304e+00
-1.304e+00
-1.304e+00
-1.304e+00
-1.304e+00
-1.304e+00
-1.304e+00
-1.304e+00
-1.304e+00
-1.304e+00
-1.304e+00
-1.304e+00
-1.304e+00
-1.305e+00
-1.305e+00
-1.299e+00
-1.303e+00
-1.304e+00
-1.304e+00
-1.304e+00
-1.304e+00
-1.304e+00
-1.304e+00
-1.304e+00
-1.304e+00
-1.304e+00
-1.304e+00
-1.304e+00
-1.304e+00
-1.304e+00
-1.304e+00
-1.304e+00
-1.304e+00
-1.304e+00
-1.305e+00
-1.305e+00
-1.299e+00
-1.303e+00
-1.304e+00
-1.304e+00
-1.304e+00
-1.304e+00
-1.304e+00
-1.304e+00
-1.304e+00
-1.304e+00
-1.304e+00
-1.304e+00
-1.304e+00
-1.304e+00
-1.304e+00
-1.304e+00
-1.304e+00
-1.304e+00
-1.304e+00
-1.305e+00
-1.305e+00
-1.299e+00
-1.303e+00
-1.304e+00
-1.304e+00
-1.304e+00
-1.304e+00
-1.304e+00
-1.304e+00
-1.304e+00
-1.304e+00
-1.304e+00
-1.304e+00
-1.304e+00
-1.304e+00
-1.304e+00
-1.304e+00
-1.304e+00
-1.304e+00
-1.304e+00
-1.305e+00
-1.305e+00
-1.299e+00
-1.303e+00
-1.304e+00
-1.304e+00
-1.304e+00
-1.304e+00
-1.304e+00
-1.304e+00
-1.304e+00
-1.304e+00
-1.304e+00
-1.304e+00
-1.304e+00
-1.304e+00
-1.304e+00
-1.304e+00
-1.304e+00
-1.304e+00
-1.304e+00
-1.305e+00
-1.305e+00
-1.299e+00
-1.303e+00
-1.304e+00
-1.304e+00
-1.304e+00
-1.304e+00
-1.304e+00
-1.304e+00
-1.304e+00
-1.304e+00
-1.304e+00
-1.304e+00
-1.304e+00
-1.304e+00
-1.304e+00
-1.304e+00
-1.304e+00
-1.304e+00
-1.304e+00
-1.305e+00
-1.305e+00
-1.299e+00
-1.303e+00
-1.304e+00
-1.304e+00
-1.304e+00
-1.304e+00
-1.304e+00
-1.304e+00
-1.304e+00
-1.304e+00
-1.304e+00
-1.304e+00
-1.304e+00
-1.304e+00
-1.304e+00
-1.304e+00
-1.304e+00
-1.304e+00
-1.304e+00
-1.305e+00
-1.305e+00
-1.299e+00
-1.303e+00
-1.304e+00
-1.304e+00
-1.304e+00
-1.304e+00
-1.304e+00
-1.304e+00
-1.304e+00
-1.304e+00
-1.304e+00
-1.304e+00
-1.304e+00
-1.304e+00
-1.304e+00
-1.304e+00
-1.304e+00
-1.304e+00
-1.304e+00
-1.305e+00
-1.305e+00
-1.299e+00
-1.303e+00
-1.304e+00
-1.304e+00
-1.304e+00
-1.304e+00
-1.304e+00
-1.304e+00
-1.304e+00
-1.304e+00
-1.304e+00
-1.304e+00
-1.304e+00
-1.304e+00
-1.304e+00
-1.304e+00
-1.304e+00
-1.304e+00
-1.304e+00
-1.305e+00
-1.305e+00
-1.299e+00
-1.303e+00
-1.304e+00
-1.304e+00
-1.304e+00
-1.304e+00
-1.304e+00
-1.304e+00
-1.304e+00
-1.304e+00
-1.304e+00
-1.304e+00
-1.304e+00
-1.304e+00
-1.304e+00
-1.304e+00
-1.304e+00
-1.304e+00
-1.304e+00
-1.305e+00
-1.305e+00
-1.299e+00
-1.303e+00
-1.304e+00
-1.304e+00
-1.304e+00
-1.304e+00
-1.304e+00
-1.304e+00
-1.304e+00
-1.304e+00
-1.304e+00
-1.304e+00
-1.304e+00
-1.304e+00
-1.304e+00
-1.304e+00
-1.304e+00
-1.304e+00
-1.304e+00
-1.305e+00
-1.305e+00
-1.299e+00
-1.304e+00
-1.304e+00
-1.304e+00
-1.304e+00
-1.304e+00
-1.304e+00
-1.304e+00
-1.304e+00
-1.304e+00
-1.304e+00
-1.304e+00
-1.304e+00
-1.304e+00
-1.304e+00
-1.304e+00
-1.304e+00
-1.304e+00
-1.304e+00
-1.305e+00
-1.305e+00
-1.302e+00
-1.305e+00
-1.305e+00
-1.305e+00
-1.305e+00
-1.305e+00
-1.305e+00
-1.305e+00
-1.305e+00
-1.305e+00
-1.305e+00
-1.305e+00
-1.305e+00
-1.305e+00
-1.305e+00
-1.305e+00
-1.305e+00
-1.305e+00
-1.305e+00
-1.306e+00
-1.305e+00
-1.305e+00
-1.305e+00
-1.305e+00
-1.305e+00
-1.305e+00
-1.305e+00
-1.305e+00
-1.305e+00
-1.305e+00
-1.305e+00
-1.305e+00
-1.305e+00
-1.305e+00
-1.305e+00
-1.305e+00
-1.305e+00
-1.305e+00
-1.305e+00
-1.305e+00
-1.305e+00
-1.305e+00
-1.346e+00
-1.311e+00
-1.311e+00
-1.311e+00
-1.311e+00
-1.311e+00
-1.311e+00
-1.311e+00
-1.311e+00
-1.311e+00
-1.311e+00
-1.311e+00
-1.311e+00
-1.311e+00
-1.311e+00
-1.311e+00
-1.311e+00
-1.311e+00
-1.311e+00
-1.311e+00
-1.263e+00
-1.311e+00
-1.263e+00
-1.263e+00
-1.263e+00
-1.263e+00
-1.263e+00
-1.263e+00
-1.263e+00
-1.263e+00
-1.263e+00
-1.263e+00
-1.263e+00
-1.263e+00
-1.263e+00
-1.263e+00
-1.263e+00
-1.263e+00
-1.263e+00
-1.263e+00
-1.263e+00
-1.225e+00
-1.311e+00
-1.263e+00
-1.263e+00
-1.263e+00
-1.263e+00
-1.263e+00
-1.263e+00
-1.263e+00
-1.263e+00
-1.263e+00
-1.263e+00
-1.263e+00
-1.263e+00
-1.263e+00
-1.263e+00
-1.263e+00
-1.263e+00
-1.263e+00
-1.263e+00
-1.263e+00
-1.225e+00
-1.311e+00
-1.263e+00
-1.263e+00
-1.263e+00
-1.263e+00
-1.263e+00
-1.263e+00
-1.263e+00
-1.263e+00
-1.263e+00
-1.263e+00
-1.263e+00
-1.263e+00
-1.263e+00
-1.263e+00
-1.263e+00
-1.263e+00
-1.263e+00
-1.263e+00
-1.263e+00
-1.225e+00
-1.311e+00
-1.263e+00
-1.263e+00
-1.263e+00
-1.263e+00
-1.263e+00
-1.263e+00
-1.263e+00
-1.263e+00
-1.263e+00
-1.263e+00
-1.263e+00
-1.263e+00
-1.263e+00
-1.263e+00
-1.263e+00
-1.263e+00
-1.263e+00
-1.263e+00
-1.263e+00
-1.225e+00
-1.311e+00
-1.263e+00
-1.263e+00
-1.263e+00
-1.263e+00
-1.263e+00
-1.263e+00
-1.263e+00
-1.263e+00
-1.263e+00
-1.263e+00
-1.263e+00
-1.263e+00
-1.263e+00
-1.263e+00
-1.263e+00
-1.263e+00
-1.263e+00
-1.263e+00
-1.263e+00
-1.225e+00
-1.311e+00
-1.263e+00
-1.263e+00
-1.263e+00
-1.263e+00
-1.263e+00
-1.263e+00
-1.263e+00
-1.263e+00
-1.263e+00
-1.263e+00
-1.263e+00
-1.263e+00
-1.263e+00
-1.263e+00
-1.263e+00
-1.263e+00
-1.263e+00
-1.263e+00
-1.263e+00
-1.225e+00
-1.311e+00
-1.263e+00
-1.263e+00
-1.263e+00
-1.263e+00
-1.263e+00
-1.263e+00
-1.263e+00
-1.263e+00
-1.263e+00
-1.263e+00
-1.263e+00
-1.263e+00
-1.263e+00
-1.263e+00
-1.263e+00
-1.263e+00
-1.263e+00
-1.263e+00
-1.263e+00
-1.225e+00
-1.311e+00
-1.263e+00
-1.263e+00
-1.263e+00
-1.263e+00
-1.263e+00
-1.263e+00
-1.263e+00
-1.263e+00
-1.263e+00
-1.263e+00
-1.263e+00
-1.263e+00
-1.263e+00
-1.263e+00
-1.263e+00
-1.263e+00
-1.263e+00
-1.263e+00
-1.263e+00
-1.225e+00
-1.311e+00
-1.263e+00
-1.263e+00
-1.263e+00
-1.263e+00
-1.263e+00
-1.263e+00
-1.263e+00
-1.263e+00
-1.263e+00
-1.263e+00
-1.263e+00
-1.263e+00
-1.263e+00
-1.263e+00
-1.263e+00
-1.263e+00
-1.263e+00
-1.263e+00
-1.263e+00
-1.225e+00
-1.311e+00
-1.263e+00
-1.263e+00
-1.263e+00
-1.263e+00
-1.263e+00
-1.263e+00
-1.263e+00
-1.263e+00
-1.263e+00
-1.263e+00
-1.263e+00
-1.263e+00
-1.263e+00
-1.263e+00
-1.263e+00
-1.263e+00
-1.263e+00
-1.263e+00
-1.263e+00
-1.225e+00
-1.311e+00
-1.263e+00
-1.263e+00
-1.263e+00
-1.263e+00
-1.263e+00
-1.263e+00
-1.263e+00
-1.263e+00
-1.263e+00
-1.263e+00
-1.263e+00
-1.263e+00
-1.263e+00
-1.263e+00
-1.263e+00
-1.263e+00
-1.263e+00
-1.263e+00
-1.263e+00
-1.225e+00
-1.311e+00
-1.263e+00
-1.263e+00
-1.263e+00
-1.263e+00
-1.263e+00
-1.263e+00
-1.263e+00
-1.263e+00
-1.263e+00
-1.263e+00
-1.263e+00
-1.263e+00
-1.263e+00
-1.263e+00
-1.263e+00
-1.263e+00
-1.263e+00
-1.263e+00
-1.263e+00
-1.225e+00
-1.311e+00
-1.263e+00
-1.263e+00
-1.263e+00
-1.263e+00
-1.263e+00
-1.263e+00
-1.263e+00
-1.263e+00
-1.263e+00
-1.263e+00
-1.263e+00
-1.263e+00
-1.263e+00
-1.263e+00
-1.263e+00
-1.263e+00
-1.263e+00
-1.263e+00
-1.263e+00
-1.225e+00
-1.311e+00
-1.263e+00
-1.263e+00
-1.263e+00
-1.263e+00
-1.263e+00
-1.263e+00
-1.263e+00
-1.263e+00
-1.263e+00
-1.263e+00
-1.263e+00
-1.263e+00
-1.263e+00
-1.263e+00
-1.263e+00
-1.263e+00
-1.263e+00
-1.263e+00
-1.263e+00
-1.225e+00
-1.311e+00
-1.263e+00
-1.263e+00
-1.263e+00
-1.263e+00
-1.263e+00
-1.263e+00
-1.263e+00
-1.263e+00
-1.263e+00
-1.263e+00
-1.263e+00
-1.263e+00
-1.263e+00
-1.263e+00
-1.263e+00
-1.263e+00
-1.263e+00
-1.263e+00
-1.263e+00
-1.225e+00
-1.311e+00
-1.263e+00
-1.263e+00
-1.263e+00
-1.263e+00
-1.263e+00
-1.263e+00
-1.263e+00
-1.263e+00
-1.263e+00
-1.263e+00
-1.263e+00
-1.263e+00
-1.263e+00
-1.263e+00
-1.263e+00
-1.263e+00
-1.263e+00
-1.263e+00
-1.263e+00
-1.225e+00
-1.311e+00
-1.263e+00
-1.263e+00
-1.263e+00
-1.263e+00
-1.263e+00
-1.263e+00
-1.263e+00
-1.263e+00
-1.263e+00
-1.263e+00
-1.263e+00
-1.263e+00
-1.263e+00
-1.263e+00
-1.263e+00
-1.263e+00
-1.263e+00
-1.263e+00
-1.263e+00
-1.225e+00
-1.311e+00
-1.263e+00
-1.263e+00
-1.263e+00
-1.263e+00
-1.263e+00
-1.263e+00
-1.263e+00
-1.263e+00
-1.263e+00
-1.263e+00
-1.263e+00
-1.263e+00
-1.263e+00
-1.263e+00
-1.263e+00
-1.263e+00
-1.263e+00
-1.263e+00
-1.263e+00
-1.225e+00
-1.311e+00
-1.263e+00
-1.263e+00
-1.263e+00
-1.263e+00
-1.263e+00
-1.263e+00
-1.263e+00
-1.263e+00
-1.263e+00
-1.263e+00
-1.263e+00
-1.263e+00
-1.263e+00
-1.263e+00
-1.263e+00
-1.263e+00
-1.263e+00
-1.263e+00
-1.263e+00
-1.225e+00
-1.263e+00
-1.225e+00
-1.225e+00
-1.225e+00
-1.225e+00
-1.225e+00
-1.225e+00
-1.225e+00
-1.225e+00
-1.225e+00
-1.225e+00
-1.225e+00
-1.225e+00
-1.225e+00
-1.225e+00
-1.225e+00
-1.225e+00
-1.225e+00
-1.225e+00
-1.225e+00
-1.212e+00
-1.163e+00
-1.163e+00
-1.163e+00
-1.163e+00
-1.163e+00
-1.163e+00
-1.163e+00
-1.163e+00
-1.163e+00
-1.163e+00
-1.163e+00
-1.163e+00
-1.163e+00
-1.163e+00
-1.163e+00
-1.163e+00
-1.163e+00
-1.163e+00
-1.163e+00
-1.163e+00
-1.162e+00
-1.163e+00
-1.162e+00
-1.162e+00
-1.162e+00
-1.162e+00
-1.162e+00
-1.162e+00
-1.162e+00
-1.162e+00
-1.162e+00
-1.162e+00
-1.162e+00
-1.162e+00
-1.162e+00
-1.162e+00
-1.162e+00
-1.162e+00
-1.162e+00
-1.162e+00
-1.162e+00
-1.161e+00
-1.163e+00
-1.162e+00
-1.162e+00
-1.162e+00
-1.162e+00
-1.162e+00
-1.162e+00
-1.162e+00
-1.162e+00
-1.162e+00
-1.162e+00
-1.162e+00
-1.162e+00
-1.162e+00
-1.162e+00
-1.162e+00
-1.162e+00
-1.162e+00
-1.162e+00
-1.162e+00
-1.161e+00
-1.163e+00
-1.162e+00
-1.162e+00
-1.162e+00
-1.162e+00
-1.162e+00
-1.162e+00
-1.162e+00
-1.162e+00
-1.162e+00
-1.162e+00
-1.162e+00
-1.162e+00
-1.162e+00
-1.162e+00
-1.162e+00
-1.162e+00
-1.162e+00
-1.162e+00
-1.162e+00
-1.161e+00
-1.163e+00
-1.162e+00
-1.162e+00
-1.162e+00
-1.162e+00
-1.162e+00
-1.162e+00
-1.162e+00
-1.162e+00
-1.162e+00
-1.162e+00
-1.162e+00
-1.162e+00
-1.162e+00
-1.162e+00
-1.162e+00
-1.162e+00
-1.162e+00
-1.162e+00
-1.162e+00
-1.161e+00
-1.163e+00
-1.162e+00
-1.162e+00
-1.162e+00
-1.162e+00
-1.162e+00
-1.162e+00
-1.162e+00
-1.162e+00
-1.162e+00
-1.162e+00
-1.162e+00
-1.162e+00
-1.162e+00
-1.162e+00
-1.162e+00
-1.162e+00
-1.162e+00
-1.162e+00
-1.162e+00
-1.161e+00
-1.163e+00
-1.162e+00
-1.162e+00
-1.162e+00
-1.162e+00
-1.162e+00
-1.162e+00
-1.162e+00
-1.162e+00
-1.162e+00
-1.162e+00
-1.162e+00
-1.162e+00
-1.162e+00
-1.162e+00
-1.162e+00
-1.162e+00
-1.162e+00
-1.162e+00
-1.162e+00
-1.161e+00
-1.163e+00
-1.162e+00
-1.162e+00
-1.162e+00
-1.162e+00
-1.162e+00
-1.162e+00
-1.162e+00
-1.162e+00
-1.162e+00
-1.162e+00
-1.162e+00
-1.162e+00
-1.162e+00
-1.162e+00
-1.162e+00
-1.162e+00
-1.162e+00
-1.162e+00
-1.162e+00
-1.161e+00
-1.163e+00
-1.162e+00
-1.162e+00
-1.162e+00
-1.162e+00
-1.162e+00
-1.162e+00
-1.162e+00
-1.162e+00
-1.162e+00
-1.162e+00
-1.162e+00
-1.162e+00
-1.162e+00
-1.162e+00
-1.162e+00
-1.162e+00
-1.162e+00
-1.162e+00
-1.162e+00
-1.161e+00
-1.163e+00
-1.162e+00
-1.162e+00
-1.162e+00
-1.162e+00
-1.162e+00
-1.162e+00
-1.162e+00
-1.162e+00
-1.162e+00
-1.162e+00
-1.162e+00
-1.162e+00
-1.162e+00
-1.162e+00
-1.162e+00
-1.162e+00
-1.162e+00
-1.162e+00
-1.162e+00
-1.161e+00
-1.163e+00
-1.162e+00
-1.162e+00
-1.162e+00
-1.162e+00
-1.162e+00
-1.162e+00
-1.162e+00
-1.162e+00
-1.162e+00
-1.162e+00
-1.162e+00
-1.162e+00
-1.162e+00
-1.162e+00
-1.162e+00
-1.162e+00
-1.162e+00
-1.162e+00
-1.162e+00
-1.161e+00
-1.163e+00
-1.162e+00
-1.162e+00
-1.162e+00
-1.162e+00
-1.162e+00
-1.162e+00
-1.162e+00
-1.162e+00
-1.162e+00
-1.162e+00
-1.162e+00
-1.162e+00
-1.162e+00
-1.162e+00
-1.162e+00
-1.162e+00
-1.162e+00
-1.162e+00
-1.162e+00
-1.161e+00
-1.163e+00
-1.162e+00
-1.162e+00
-1.162e+00
-1.162e+00
-1.162e+00
-1.162e+00
-1.162e+00
-1.162e+00
-1.162e+00
-1.162e+00
-1.162e+00
-1.162e+00
-1.162e+00
-1.162e+00
-1.162e+00
-1.162e+00
-1.162e+00
-1.162e+00
-1.162e+00
-1.161e+00
-1.163e+00
-1.162e+00
-1.162e+00
-1.162e+00
-1.162e+00
-1.162e+00
-1.162e+00
-1.162e+00
-1.162e+00
-1.162e+00
-1.162e+00
-1.162e+00
-1.162e+00
-1.162e+00
-1.162e+00
-1.162e+00
-1.162e+00
-1.162e+00
-1.162e+00
-1.162e+00
-1.161e+00
-1.163e+00
-1.162e+00
-1.162e+00
-1.162e+00
-1.162e+00
-1.162e+00
-1.162e+00
-1.162e+00
-1.162e+00
-1.162e+00
-1.162e+00
-1.162e+00
-1.162e+00
-1.162e+00
-1.162e+00
-1.162e+00
-1.162e+00
-1.162e+00
-1.162e+00
-1.162e+00
-1.161e+00
-1.163e+00
-1.162e+00
-1.162e+00
-1.162e+00
-1.162e+00
-1.162e+00
-1.162e+00
-1.162e+00
-1.162e+00
-1.162e+00
-1.162e+00
-1.162e+00
-1.162e+00
-1.162e+00
-1.162e+00
-1.162e+00
-1.162e+00
-1.162e+00
-1.162e+00
-1.162e+00
-1.161e+00
-1.163e+00
-1.162e+00
-1.162e+00
-1.162e+00
-1.162e+00
-1.162e+00
-1.162e+00
-1.162e+00
-1.162e+00
-1.162e+00
-1.162e+00
-1.162e+00
-1.162e+00
-1.162e+00
-1.162e+00
-1.162e+00
-1.162e+00
-1.162e+00
-1.162e+00
-1.162e+00
-1.161e+00
-1.163e+00
-1.162e+00
-1.162e+00
-1.162e+00
-1.162e+00
-1.162e+00
-1.162e+00
-1.162e+00
-1.162e+00
-1.162e+00
-1.162e+00
-1.162e+00
-1.162e+00
-1.162e+00
-1.162e+00
-1.162e+00
-1.162e+00
-1.162e+00
-1.162e+00
-1.162e+00
-1.161e+00
-1.163e+00
-1.162e+00
-1.162e+00
-1.162e+00
-1.162e+00
-1.162e+00
-1.162e+00
-1.162e+00
-1.162e+00
-1.162e+00
-1.162e+00
-1.162e+00
-1.162e+00
-1.162e+00
-1.162e+00
-1.162e+00
-1.162e+00
-1.162e+00
-1.162e+00
-1.162e+00
-1.161e+00
-1.163e+00
-1.162e+00
-1.162e+00
-1.162e+00
-1.162e+00
-1.162e+00
-1.162e+00
-1.162e+00
-1.162e+00
-1.162e+00
-1.162e+00
-1.162e+00
-1.162e+00
-1.162e+00
-1.162e+00
-1.162e+00
-1.162e+00
-1.162e+00
-1.162e+00
-1.162e+00
-1.161e+00
-1.162e+00
-1.161e+00
-1.161e+00
-1.161e+00
-1.161e+00
-1.161e+00
-1.161e+00
-1.161e+00
-1.161e+00
-1.161e+00
-1.161e+00
-1.161e+00
-1.161e+00
-1.161e+00
-1.161e+00
-1.161e+00
-1.161e+00
-1.161e+00
-1.161e+00
-1.161e+00
-1.161e+00
-1.115e+00
-1.107e+00
-1.107e+00
-1.107e+00
-1.107e+00
-1.107e+00
-1.107e+00
-1.107e+00
-1.107e+00
-1.107e+00
-1.107e+00
-1.107e+00
-1.107e+00
-1.107e+00
-1.107e+00
-1.107e+00
-1.107e+00
-1.107e+00
-1.107e+00
-1.107e+00
-1.094e+00
-1.107e+00
-1.094e+00
-1.094e+00
-1.094e+00
-1.094e+00
-1.094e+00
-1.094e+00
-1.094e+00
-1.094e+00
-1.094e+00
-1.094e+00
-1.094e+00
-1.094e+00
-1.094e+00
-1.094e+00
-1.094e+00
-1.094e+00
-1.094e+00
-1.094e+00
-1.094e+00
-1.084e+00
-1.107e+00
-1.094e+00
-1.094e+00
-1.094e+00
-1.094e+00
-1.094e+00
-1.094e+00
-1.094e+00
-1.094e+00
-1.094e+00
-1.094e+00
-1.094e+00
-1.094e+00
-1.094e+00
-1.094e+00
-1.094e+00
-1.094e+00
-1.094e+00
-1.094e+00
-1.094e+00
-1.084e+00
-1.107e+00
-1.094e+00
-1.094e+00
-1.094e+00
-1.094e+00
-1.094e+00
-1.094e+00
-1.094e+00
-1.094e+00
-1.094e+00
-1.094e+00
-1.094e+00
-1.094e+00
-1.094e+00
-1.094e+00
-1.094e+00
-1.094e+00
-1.094e+00
-1.094e+00
-1.094e+00
-1.084e+00
-1.107e+00
-1.094e+00
-1.094e+00
-1.094e+00
-1.094e+00
-1.094e+00
-1.094e+00
-1.094e+00
-1.094e+00
-1.094e+00
-1.094e+00
-1.094e+00
-1.094e+00
-1.094e+00
-1.094e+00
-1.094e+00
-1.094e+00
-1.094e+00
-1.094e+00
-1.094e+00
-1.084e+00
-1.107e+00
-1.094e+00
-1.094e+00
-1.094e+00
-1.094e+00
-1.094e+00
-1.094e+00
-1.094e+00
-1.094e+00
-1.094e+00
-1.094e+00
-1.094e+00
-1.094e+00
-1.094e+00
-1.094e+00
-1.094e+00
-1.094e+00
-1.094e+00
-1.094e+00
-1.094e+00
-1.084e+00
-1.107e+00
-1.094e+00
-1.094e+00
-1.094e+00
-1.094e+00
-1.094e+00
-1.094e+00
-1.094e+00
-1.094e+00
-1.094e+00
-1.094e+00
-1.094e+00
-1.094e+00
-1.094e+00
-1.094e+00
-1.094e+00
-1.094e+00
-1.094e+00
-1.094e+00
-1.094e+00
-1.084e+00
-1.107e+00
-1.094e+00
-1.094e+00
-1.094e+00
-1.094e+00
-1.094e+00
-1.094e+00
-1.094e+00
-1.094e+00
-1.094e+00
-1.094e+00
-1.094e+00
-1.094e+00
-1.094e+00
-1.094e+00
-1.094e+00
-1.094e+00
-1.094e+00
-1.094e+00
-1.094e+00
-1.084e+00
-1.107e+00
-1.094e+00
-1.094e+00
-1.094e+00
-1.094e+00
-1.094e+00
-1.094e+00
-1.094e+00
-1.094e+00
-1.094e+00
-1.094e+00
-1.094e+00
-1.094e+00
-1.094e+00
-1.094e+00
-1.094e+00
-1.094e+00
-1.094e+00
-1.094e+00
-1.094e+00
-1.084e+00
-1.107e+00
-1.094e+00
-1.094e+00
-1.094e+00
-1.094e+00
-1.094e+00
-1.094e+00
-1.094e+00
-1.094e+00
-1.094e+00
-1.094e+00
-1.094e+00
-1.094e+00
-1.094e+00
-1.094e+00
-1.094e+00
-1.094e+00
-1.094e+00
-1.094e+00
-1.094e+00
-1.084e+00
-1.107e+00
-1.094e+00
-1.094e+00
-1.094e+00
-1.094e+00
-1.094e+00
-1.094e+00
-1.094e+00
-1.094e+00
-1.094e+00
-1.094e+00
-1.094e+00
-1.094e+00
-1.094e+00
-1.094e+00
-1.094e+00
-1.094e+00
-1.094e+00
-1.094e+00
-1.094e+00
-1.084e+00
-1.107e+00
-1.094e+00
-1.094e+00
-1.094e+00
-1.094e+00
-1.094e+00
-1.094e+00
-1.094e+00
-1.094e+00
-1.094e+00
-1.094e+00
-1.094e+00
-1.094e+00
-1.094e+00
-1.094e+00
-1.094e+00
-1.094e+00
-1.094e+00
-1.094e+00
-1.094e+00
-1.084e+00
-1.107e+00
-1.094e+00
-1.094e+00
-1.094e+00
-1.094e+00
-1.094e+00
-1.094e+00
-1.094e+00
-1.094e+00
-1.094e+00
-1.094e+00
-1.094e+00
-1.094e+00
-1.094e+00
-1.094e+00
-1.094e+00
-1.094e+00
-1.094e+00
-1.094e+00
-1.094e+00
-1.084e+00
-1.107e+00
-1.094e+00
-1.094e+00
-1.094e+00
-1.094e+00
-1.094e+00
-1.094e+00
-1.094e+00
-1.094e+00
-1.094e+00
-1.094e+00
-1.094e+00
-1.094e+00
-1.094e+00
-1.094e+00
-1.094e+00
-1.094e+00
-1.094e+00
-1.094e+00
-1.094e+00
-1.084e+00
-1.107e+00
-1.094e+00
-1.094e+00
-1.094e+00
-1.094e+00
-1.094e+00
-1.094e+00
-1.094e+00
-1.094e+00
-1.094e+00
-1.094e+00
-1.094e+00
-1.094e+00
-1.094e+00
-1.094e+00
-1.094e+00
-1.094e+00
-1.094e+00
-1.094e+00
-1.094e+00
-1.084e+00
-1.107e+00
-1.094e+00
-1.094e+00
-1.094e+00
-1.094e+00
-1.094e+00
-1.094e+00
-1.094e+00
-1.094e+00
-1.094e+00
-1.094e+00
-1.094e+00
-1.094e+00
-1.094e+00
-1.094e+00
-1.094e+00
-1.094e+00
-1.094e+00
-1.094e+00
-1.094e+00
-1.084e+00
-1.107e+00
-1.094e+00
-1.094e+00
-1.094e+00
-1.094e+00
-1.094e+00
-1.094e+00
-1.094e+00
-1.094e+00
-1.094e+00
-1.094e+00
-1.094e+00
-1.094e+00
-1.094e+00
-1.094e+00
-1.094e+00
-1.094e+00
-1.094e+00
-1.094e+00
-1.094e+00
-1.084e+00
-1.107e+00
-1.094e+00
-1.094e+00
-1.094e+00
-1.094e+00
-1.094e+00
-1.094e+00
-1.094e+00
-1.094e+00
-1.094e+00
-1.094e+00
-1.094e+00
-1.094e+00
-1.094e+00
-1.094e+00
-1.094e+00
-1.094e+00
-1.094e+00
-1.094e+00
-1.094e+00
-1.084e+00
-1.107e+00
-1.094e+00
-1.094e+00
-1.094e+00
-1.094e+00
-1.094e+00
-1.094e+00
-1.094e+00
-1.094e+00
-1.094e+00
-1.094e+00
-1.094e+00
-1.094e+00
-1.094e+00
-1.094e+00
-1.094e+00
-1.094e+00
-1.094e+00
-1.094e+00
-1.094e+00
-1.084e+00
-1.107e+00
-1.094e+00
-1.094e+00
-1.094e+00
-1.094e+00
-1.094e+00
-1.094e+00
-1.094e+00
-1.094e+00
-1.094e+00
-1.094e+00
-1.094e+00
-1.094e+00
-1.094e+00
-1.094e+00
-1.094e+00
-1.094e+00
-1.094e+00
-1.094e+00
-1.094e+00
-1.084e+00
-1.094e+00
-1.084e+00
-1.084e+00
-1.084e+00
-1.084e+00
-1.084e+00
-1.084e+00
-1.084e+00
-1.084e+00
-1.084e+00
-1.084e+00
-1.084e+00
-1.084e+00
-1.084e+00
-1.084e+00
-1.084e+00
-1.084e+00
-1.084e+00
-1.084e+00
-1.084e+00
-1.080e+00
-1.012e+00
-1.012e+00
-1.012e+00
-1.012e+00
-1.012e+00
-1.012e+00
-1.012e+00
-1.012e+00
-1.012e+00
-1.012e+00
-1.012e+00
-1.012e+00
-1.012e+00
-1.012e+00
-1.012e+00
-1.012e+00
-1.012e+00
-1.012e+00
-1.012e+00
-1.012e+00
-1.012e+00
-1.012e+00
-1.012e+00
-1.012e+00
-1.012e+00
-1.012e+00
-1.012e+00
-1.012e+00
-1.012e+00
-1.012e+00
-1.012e+00
-1.012e+00
-1.012e+00
-1.012e+00
-1.012e+00
-1.012e+00
-1.012e+00
-1.012e+00
-1.012e+00
-1.012e+00
-1.012e+00
-1.011e+00
-1.012e+00
-1.012e+00
-1.012e+00
-1.012e+00
-1.012e+00
-1.012e+00
-1.012e+00
-1.012e+00
-1.012e+00
-1.012e+00
-1.012e+00
-1.012e+00
-1.012e+00
-1.012e+00
-1.012e+00
-1.012e+00
-1.012e+00
-1.012e+00
-1.012e+00
-1.012e+00
-1.011e+00
-1.012e+00
-1.012e+00
-1.012e+00
-1.012e+00
-1.012e+00
-1.012e+00
-1.012e+00
-1.012e+00
-1.012e+00
-1.012e+00
-1.012e+00
-1.012e+00
-1.012e+00
-1.012e+00
-1.012e+00
-1.012e+00
-1.012e+00
-1.012e+00
-1.012e+00
-1.012e+00
-1.011e+00
-1.012e+00
-1.012e+00
-1.012e+00
-1.012e+00
-1.012e+00
-1.012e+00
-1.012e+00
-1.012e+00
-1.012e+00
-1.012e+00
-1.012e+00
-1.012e+00
-1.012e+00
-1.012e+00
-1.012e+00
-1.012e+00
-1.012e+00
-1.012e+00
-1.012e+00
-1.012e+00
-1.011e+00
-1.012e+00
-1.012e+00
-1.012e+00
-1.012e+00
-1.012e+00
-1.012e+00
-1.012e+00
-1.012e+00
-1.012e+00
-1.012e+00
-1.012e+00
-1.012e+00
-1.012e+00
-1.012e+00
-1.012e+00
-1.012e+00
-1.012e+00
-1.012e+00
-1.012e+00
-1.012e+00
-1.011e+00
-1.012e+00
-1.012e+00
-1.012e+00
-1.012e+00
-1.012e+00
-1.012e+00
-1.012e+00
-1.012e+00
-1.012e+00
-1.012e+00
-1.012e+00
-1.012e+00
-1.012e+00
-1.012e+00
-1.012e+00
-1.012e+00
-1.012e+00
-1.012e+00
-1.012e+00
-1.012e+00
-1.011e+00
-1.012e+00
-1.012e+00
-1.012e+00
-1.012e+00
-1.012e+00
-1.012e+00
-1.012e+00
-1.012e+00
-1.012e+00
-1.012e+00
-1.012e+00
-1.012e+00
-1.012e+00
-1.012e+00
-1.012e+00
-1.012e+00
-1.012e+00
-1.012e+00
-1.012e+00
-1.012e+00
-1.011e+00
-1.012e+00
-1.012e+00
-1.012e+00
-1.012e+00
-1.012e+00
-1.012e+00
-1.012e+00
-1.012e+00
-1.012e+00
-1.012e+00
-1.012e+00
-1.012e+00
-1.012e+00
-1.012e+00
-1.012e+00
-1.012e+00
-1.012e+00
-1.012e+00
-1.012e+00
-1.012e+00
-1.011e+00
-1.012e+00
-1.012e+00
-1.012e+00
-1.012e+00
-1.012e+00
-1.012e+00
-1.012e+00
-1.012e+00
-1.012e+00
-1.012e+00
-1.012e+00
-1.012e+00
-1.012e+00
-1.012e+00
-1.012e+00
-1.012e+00
-1.012e+00
-1.012e+00
-1.012e+00
-1.012e+00
-1.011e+00
-1.012e+00
-1.012e+00
-1.012e+00
-1.012e+00
-1.012e+00
-1.012e+00
-1.012e+00
-1.012e+00
-1.012e+00
-1.012e+00
-1.012e+00
-1.012e+00
-1.012e+00
-1.012e+00
-1.012e+00
-1.012e+00
-1.012e+00
-1.012e+00
-1.012e+00
-1.012e+00
-1.011e+00
-1.012e+00
-1.012e+00
-1.012e+00
-1.012e+00
-1.012e+00
-1.012e+00
-1.012e+00
-1.012e+00
-1.012e+00
-1.012e+00
-1.012e+00
-1.012e+00
-1.012e+00
-1.012e+00
-1.012e+00
-1.012e+00
-1.012e+00
-1.012e+00
-1.012e+00
-1.012e+00
-1.011e+00
-1.012e+00
-1.012e+00
-1.012e+00
-1.012e+00
-1.012e+00
-1.012e+00
-1.012e+00
-1.012e+00
-1.012e+00
-1.012e+00
-1.012e+00
-1.012e+00
-1.012e+00
-1.012e+00
-1.012e+00
-1.012e+00
-1.012e+00
-1.012e+00
-1.012e+00
-1.012e+00
-1.011e+00
-1.012e+00
-1.012e+00
-1.012e+00
-1.012e+00
-1.012e+00
-1.012e+00
-1.012e+00
-1.012e+00
-1.012e+00
-1.012e+00
-1.012e+00
-1.012e+00
-1.012e+00
-1.012e+00
-1.012e+00
-1.012e+00
-1.012e+00
-1.012e+00
-1.012e+00
-1.012e+00
-1.011e+00
-1.012e+00
-1.012e+00
-1.012e+00
-1.012e+00
-1.012e+00
-1.012e+00
-1.012e+00
-1.012e+00
-1.012e+00
-1.012e+00
-1.012e+00
-1.012e+00
-1.012e+00
-1.012e+00
-1.012e+00
-1.012e+00
-1.012e+00
-1.012e+00
-1.012e+00
-1.012e+00
-1.011e+00
-1.012e+00
-1.012e+00
-1.012e+00
-1.012e+00
-1.012e+00
-1.012e+00
-1.012e+00
-1.012e+00
-1.012e+00
-1.012e+00
-1.012e+00
-1.012e+00
-1.012e+00
-1.012e+00
-1.012e+00
-1.012e+00
-1.012e+00
-1.012e+00
-1.012e+00
-1.012e+00
-1.011e+00
-1.012e+00
-1.012e+00
-1.012e+00
-1.012e+00
-1.012e+00
-1.012e+00
-1.012e+00
-1.012e+00
-1.012e+00
-1.012e+00
-1.012e+00
-1.012e+00
-1.012e+00
-1.012e+00
-1.012e+00
-1.012e+00
-1.012e+00
-1.012e+00
-1.012e+00
-1.012e+00
-1.011e+00
-1.012e+00
-1.012e+00
-1.012e+00
-1.012e+00
-1.012e+00
-1.012e+00
-1.012e+00
-1.012e+00
-1.012e+00
-1.012e+00
-1.012e+00
-1.012e+00
-1.012e+00
-1.012e+00
-1.012e+00
-1.012e+00
-1.012e+00
-1.012e+00
-1.012e+00
-1.012e+00
-1.011e+00
-1.012e+00
-1.012e+00
-1.012e+00
-1.012e+00
-1.012e+00
-1.012e+00
-1.012e+00
-1.012e+00
-1.012e+00
-1.012e+00
-1.012e+00
-1.012e+00
-1.012e+00
-1.012e+00
-1.012e+00
-1.012e+00
-1.012e+00
-1.012e+00
-1.012e+00
-1.012e+00
-1.011e+00
-1.012e+00
-1.012e+00
-1.012e+00
-1.012e+00
-1.012e+00
-1.012e+00
-1.012e+00
-1.012e+00
-1.012e+00
-1.012e+00
-1.012e+00
-1.012e+00
-1.012e+00
-1.012e+00
-1.012e+00
-1.012e+00
-1.012e+00
-1.012e+00
-1.012e+00
-1.012e+00
-1.011e+00
-1.012e+00
-1.011e+00
-1.011e+00
-1.011e+00
-1.011e+00
-1.011e+00
-1.011e+00
-1.011e+00
-1.011e+00
-1.011e+00
-1.011e+00
-1.011e+00
-1.011e+00
-1.011e+00
-1.011e+00
-1.011e+00
-1.011e+00
-1.011e+00
-1.011e+00
-1.011e+00
-1.011e+00
-1.000e+00
-1.000e+00
-1.000e+00
-1.000e+00
-1.000e+00
-1.000e+00
-1.000e+00
-1.000e+00
-1.000e+00
-1.000e+00
-1.000e+00
-1.000e+00
-1.000e+00
-1.000e+00
-1.000e+00
-1.000e+00
-1.000e+00
-1.000e+00
-1.000e+00
-1.000e+00
-1.000e+00
-1.000e+00
-1.000e+00
-1.000e+00
-1.000e+00
-1.000e+00
-1.000e+00
-1.000e+00
-1.000e+00
-1.000e+00
-1.000e+00
-1.000e+00
-1.000e+00
-1.000e+00
-1.000e+00
-1.000e+00
-1.000e+00
-1.000e+00
-1.000e+00
-1.000e+00
-1.000e+00
-1.000e+00
-1.000e+00
-1.000e+00
-1.000e+00
-1.000e+00
-1.000e+00
-1.000e+00
-1.000e+00
-1.000e+00
-1.000e+00
-1.000e+00
-1.000e+00
-1.000e+00
-1.000e+00
-1.000e+00
-1.000e+00
-1.000e+00
-1.000e+00
-1.000e+00
-1.000e+00
-1.000e+00
-1.000e+00
-1.000e+00
-1.000e+00
-1.000e+00
-1.000e+00
-1.000e+00
-1.000e+00
-1.000e+00
-1.000e+00
-1.000e+00
-1.000e+00
-1.000e+00
-1.000e+00
-1.000e+00
-1.000e+00
-1.000e+00
-1.000e+00
-1.000e+00
-1.000e+00
-1.000e+00
-1.000e+00
-1.000e+00
-1.000e+00
-1.000e+00
-1.000e+00
-1.000e+00
-1.000e+00
-1.000e+00
-1.000e+00
-1.000e+00
-1.000e+00
-1.000e+00
-1.000e+00
-1.000e+00
-1.000e+00
-1.000e+00
-1.000e+00
-1.000e+00
-1.000e+00
-1.000e+00
-1.000e+00
-1.000e+00
-1.000e+00
-1.000e+00
-1.000e+00
-1.000e+00
-1.000e+00
-1.000e+00
-1.000e+00
-1.000e+00
-1.000e+00
-1.000e+00
-1.000e+00
-1.000e+00
-1.000e+00
-1.000e+00
-1.000e+00
-1.000e+00
-1.000e+00
-1.000e+00
-1.000e+00
-1.000e+00
-1.000e+00
-1.000e+00
-1.000e+00
-1.000e+00
-1.000e+00
-1.000e+00
-1.000e+00
-1.000e+00
-1.000e+00
-1.000e+00
-1.000e+00
-1.000e+00
-1.000e+00
-1.000e+00
-1.000e+00
-1.000e+00
-1.000e+00
-1.000e+00
-1.000e+00
-1.000e+00
-1.000e+00
-1.000e+00
-1.000e+00
-1.000e+00
-1.000e+00
-1.000e+00
-1.000e+00
-1.000e+00
-1.000e+00
-1.000e+00
-1.000e+00
-1.000e+00
-1.000e+00
-1.000e+00
-1.000e+00
-1.000e+00
-1.000e+00
-1.000e+00
-1.000e+00
-1.000e+00
-1.000e+00
-1.000e+00
-1.000e+00
-1.000e+00
-1.000e+00
-1.000e+00
-1.000e+00
-1.000e+00
-1.000e+00
-1.000e+00
-1.000e+00
-1.000e+00
-1.000e+00
-1.000e+00
-1.000e+00
-1.000e+00
-1.000e+00
-1.000e+00
-1.000e+00
-1.000e+00
-1.000e+00
-1.000e+00
-1.000e+00
-1.000e+00
-1.000e+00
-1.000e+00
-1.000e+00
-1.000e+00
-1.000e+00
-1.000e+00
-1.000e+00
-1.000e+00
-1.000e+00
-1.000e+00
-1.000e+00
-1.000e+00
-1.000e+00
-1.000e+00
-1.000e+00
-1.000e+00
-1.000e+00
-1.000e+00
-1.000e+00
-1.000e+00
-1.000e+00
-1.000e+00
-1.000e+00
-1.000e+00
-1.000e+00
-1.000e+00
-1.000e+00
-1.000e+00
-1.000e+00
-1.000e+00
-1.000e+00
-1.000e+00
-1.000e+00
-1.000e+00
-1.000e+00
-1.000e+00
-1.000e+00
-1.000e+00
-1.000e+00
-1.000e+00
-1.000e+00
-1.000e+00
-1.000e+00
-1.000e+00
-1.000e+00
-1.000e+00
-1.000e+00
-1.000e+00
-1.000e+00
-1.000e+00
-1.000e+00
-1.000e+00
-1.000e+00
-1.000e+00
-1.000e+00
-1.000e+00
-1.000e+00
-1.000e+00
-1.000e+00
-1.000e+00
-1.000e+00
-1.000e+00
-1.000e+00
-1.000e+00
-1.000e+00
-1.000e+00
-1.000e+00
-1.000e+00
-1.000e+00
-1.000e+00
-1.000e+00
-1.000e+00
-1.000e+00
-1.000e+00
-1.000e+00
-1.000e+00
-1.000e+00
-1.000e+00
-1.000e+00
-1.000e+00
-1.000e+00
-1.000e+00
-1.000e+00
-1.000e+00
-1.000e+00
-1.000e+00
-1.000e+00
-1.000e+00
-1.000e+00
-1.000e+00
-1.000e+00
-1.000e+00
-1.000e+00
-1.000e+00
-1.000e+00
-1.000e+00
-1.000e+00
-1.000e+00
-1.000e+00
-1.000e+00
-1.000e+00
-1.000e+00
-1.000e+00
-1.000e+00
-1.000e+00
-1.000e+00
-1.000e+00
-1.000e+00
-1.000e+00
-1.000e+00
-1.000e+00
-1.000e+00
-1.000e+00
-1.000e+00
-1.000e+00
-1.000e+00
-1.000e+00
-1.000e+00
-1.000e+00
-1.000e+00
-1.000e+00
-1.000e+00
-1.000e+00
-1.000e+00
-1.000e+00
-1.000e+00
-1.000e+00
-1.000e+00
-1.000e+00
-1.000e+00
-1.000e+00
-1.000e+00
-1.000e+00
-1.000e+00
-1.000e+00
-1.000e+00
-1.000e+00
-1.000e+00
-1.000e+00
-1.000e+00
-1.000e+00
-1.000e+00
-1.000e+00
-1.000e+00
-1.000e+00
-1.000e+00
-1.000e+00
-1.000e+00
-1.000e+00
-1.000e+00
-1.000e+00
-1.000e+00
-1.000e+00
-1.000e+00
-1.000e+00
-1.000e+00
-1.000e+00
-1.000e+00
-1.000e+00
-1.000e+00
-1.000e+00
-1.000e+00
-1.000e+00
-1.000e+00
-1.000e+00
-1.000e+00
-1.000e+00
-1.000e+00
-1.000e+00
-1.000e+00
-1.000e+00
-1.000e+00
-1.000e+00
-1.000e+00
-1.000e+00
-1.000e+00
-1.000e+00
-1.000e+00
-1.000e+00
-1.000e+00
-1.000e+00
-1.000e+00
-1.000e+00
-1.000e+00
-1.000e+00
-1.000e+00
-1.000e+00
-1.000e+00
-1.000e+00
-1.000e+00
-1.000e+00
-1.000e+00
-1.000e+00
-1.000e+00
-1.000e+00
-1.000e+00
-1.000e+00
-1.000e+00
-1.000e+00
-1.000e+00
-1.000e+00
-1.000e+00
-1.000e+00
-1.000e+00
-1.000e+00
-1.000e+00
-1.000e+00
-1.000e+00
-1.000e+00
-1.000e+00
-1.000e+00
-1.000e+00
-1.000e+00
-1.000e+00
-1.000e+00
-1.000e+00
-1.000e+00
-1.000e+00
-1.000e+00
-1.000e+00
-1.000e+00
-1.000e+00
-1.000e+00
-1.000e+00
-1.000e+00
-1.000e+00
-1.000e+00
-1.000e+00
-1.000e+00
-1.000e+00
-1.000e+00
-1.000e+00
-1.000e+00
-1.000e+00
-1.000e+00
-1.000e+00
-1.000e+00
-1.000e+00
-1.000e+00
-1.000e+00
-1.000e+00
-1.000e+00
-1.000e+00
-1.000e+00
-1.000e+00
-1.000e+00
-1.000e+00
-1.000e+00
-1.000e+00
-1.000e+00
-1.000e+00
-1.000e+00
-1.000e+00
-1.000e+00
-1.000e+00
-1.000e+00
-1.000e+00
-1.000e+00
-1.000e+00
-1.000e+00
-1.000e+00
-1.000e+00
-1.000e+00
-1.000e+00
-1.000e+00
-1.000e+00
-1.000e+00
-1.000e+00
-1.000e+00
-1.000e+00
-1.000e+00
-1.000e+00
-1.000e+00
-1.000e+00
-1.000e+00
-1.000e+00
-1.000e+00
-1.000e+00
-1.000e+00
-1.000e+00
-1.000e+00
-1.000e+00
-1.000e+00
-1.000e+00
-1.000e+00
-1.000e+00
-1.000e+00
-1.000e+00
-1.000e+00
-1.000e+00
-1.000e+00
-1.000e+00
-1.000e+00
-1.000e+00
-1.000e+00
-1.000e+00
-1.000e+00
-1.000e+00
-1.000e+00
-1.000e+00
-1.000e+00
-1.000e+00
-1.000e+00
-1.000e+00
-1.000e+00
-1.000e+00
-1.000e+00
-1.000e+00
-1.000e+00
-1.000e+00
-1.000e+00
-1.000e+00
-1.000e+00
-1.000e+00
-1.000e+00
-1.000e+00
-1.000e+00
-1.000e+00
-1.000e+00
-1.000e+00
-1.000e+00
-1.000e+00
-1.000e+00
-1.000e+00
-1.000e+00
-1.000e+00
-1.000e+00
-1.000e+00
-1.000e+00
-1.000e+00
-1.000e+00
-1.000e+00
-1.000e+00
-1.000e+00
-1.000e+00
-1.000e+00
-1.000e+00
-1.000e+00
-1.000e+00
-1.000e+00
-1.000e+00
-1.000e+00
-1.000e+00
-1.000e+00
-1.000e+00
-1.000e+00
-1.000e+00
-1.000e+00
-1.000e+00
-1.000e+00
-1.000e+00
-1.000e+00
-1.000e+00
-1.000e+00
-1.000e+00
-1.000e+00
-1.000e+00
-1.000e+00
-1.000e+00
-1.000e+00
-1.000e+00
-1.000e+00
-1.000e+00
-1.000e+00
-1.000e+00
-1.000e+00
-1.000e+00
-1.000e+00
-1.000e+00
-1.000e+00
-1.000e+00
-1.000e+00
-1.000e+00
-1.000e+00
-1.000e+00
-1.000e+00
-1.000e+00
-1.000e+00
-1.000e+00
-1.000e+00
-1.000e+00
-1.000e+00
-1.000e+00
-1.000e+00
-1.000e+00
-1.000e+00
-1.000e+00
-1.000e+00
-1.000e+00
-1.000e+00
-1.000e+00
-1.000e+00
-1.000e+00
-1.000e+00
-1.000e+00
-1.000e+00
-1.000e+00
-1.000e+00
-1.000e+00
-1.000e+00
-1.000e+00
-1.000e+00
-1.000e+00
-1.000e+00
-1.000e+00
-1.000e+00
-1.000e+00
-1.000e+00
-1.000e+00
-1.000e+00
-1.000e+00
-1.000e+00
-1.000e+00
-1.000e+00
-1.000e+00
-1.000e+00
-1.000e+00
-1.000e+00
-1.000e+00
-1.000e+00
-1.000e+00
-1.000e+00
-1.000e+00
-1.000e+00
-1.000e+00
-1.000e+00
-1.000e+00
-1.000e+00
-1.000e+00
-1.000e+00
-1.000e+00
-1.000e+00
-1.000e+00
-1.000e+00
-1.000e+00
-1.000e+00
-1.000e+00
-1.000e+00
-1.000e+00
-1.000e+00
-1.000e+00
-1.000e+00
-1.000e+00
-1.000e+00
-1.000e+00
-1.000e+00
-1.000e+00
-1.000e+00
-1.000e+00
-1.000e+00
-1.000e+00
-1.000e+00
-1.000e+00
-1.000e+00
-1.000e+00
-1.000e+00
-1.000e+00
-1.000e+00
-1.000e+00
-1.000e+00
-1.000e+00
-1.000e+00
-1.000e+00
-1.000e+00
-1.000e+00
-1.000e+00
-1.000e+00
-1.000e+00
-1.000e+00
-1.000e+00
-1.000e+00
-1.000e+00
-1.000e+00
-1.000e+00
-1.000e+00
-1.000e+00
-1.000e+00
-1.000e+00
-1.000e+00
-1.000e+00
-1.000e+00
-1.000e+00
-1.000e+00
-1.000e+00
-1.000e+00
-1.000e+00
-1.000e+00
-1.000e+00
-1.000e+00
-1.000e+00
-1.000e+00
-1.000e+00
-1.000e+00
-1.000e+00
-1.000e+00
-1.000e+00
-1.000e+00
-1.000e+00
-1.000e+00
-1.000e+00
-1.000e+00
-1.000e+00
-1.000e+00
-1.000e+00
-1.000e+00
-1.000e+00
-1.000e+00
-1.000e+00
-1.000e+00
-1.000e+00
-1.000e+00
-1.000e+00
-1.000e+00
-1.000e+00
-1.000e+00
-1.000e+00
-1.000e+00
-1.000e+00
-1.000e+00
-1.000e+00
-1.000e+00
-1.000e+00
-1.000e+00
-1.000e+00
-1.000e+00
-1.000e+00
-1.000e+00
-1.000e+00
-1.000e+00
-1.000e+00
-1.000e+00
-1.000e+00
-1.000e+00
-1.000e+00
-1.000e+00
-1.000e+00
-1.000e+00
-1.000e+00
-1.000e+00
-1.000e+00
-1.000e+00
-1.000e+00
-1.000e+00
-1.000e+00
-1.000e+00
-1.000e+00
-1.000e+00
-1.000e+00
-1.000e+00
-1.000e+00
-1.000e+00
-1.000e+00
-1.000e+00
-1.000e+00
-1.000e+00
-1.000e+00
-1.000e+00
-1.000e+00
-1.000e+00
-1.000e+00
-1.000e+00
-1.000e+00
-1.000e+00
-1.000e+00
-1.000e+00
-1.000e+00
-1.000e+00
-1.000e+00
-1.000e+00
-1.000e+00
-1.000e+00
-1.000e+00
-1.000e+00
-1.000e+00
-1.000e+00
-1.000e+00
-1.000e+00
-1.000e+00
-1.000e+00
-1.000e+00
-1.000e+00
-1.000e+00
-1.000e+00
-1.000e+00
-1.000e+00
-1.000e+00
-1.000e+00
-1.000e+00
-1.000e+00
-1.000e+00
-1.000e+00
-1.000e+00
-1.000e+00
-1.000e+00
-1.000e+00
-1.000e+00
-1.000e+00
-1.000e+00
-1.000e+00
-1.000e+00
-1.000e+00
-1.000e+00
-1.000e+00
-1.000e+00
-1.000e+00
-1.000e+00
-1.000e+00
-1.000e+00
-1.000e+00
-1.000e+00
-1.000e+00
-1.000e+00
-1.000e+00
-1.000e+00
-1.000e+00
-1.000e+00
-1.000e+00
-1.000e+00
-1.000e+00
-1.000e+00
-1.000e+00
-1.000e+00
-1.000e+00
-1.000e+00
-1.000e+00
-1.000e+00
-1.000e+00
-1.000e+00
-1.000e+00
-1.000e+00
-1.000e+00
-1.000e+00
-1.000e+00
-1.000e+00
-1.000e+00
-1.000e+00
-1.000e+00
-1.000e+00
-1.000e+00
-1.000e+00
-1.000e+00
-1.000e+00
-1.000e+00
-1.000e+00
-1.000e+00
-1.000e+00
-1.000e+00
-1.000e+00
-1.000e+00
-1.000e+00
-1.000e+00
-1.000e+00
-1.000e+00
-1.000e+00
-1.000e+00
-1.000e+00
-1.000e+00
-1.000e+00
-1.000e+00
-1.000e+00
-1.000e+00
-1.000e+00
-1.000e+00
-1.000e+00
-1.000e+00
-1.000e+00
-1.000e+00
-1.000e+00
-1.000e+00
-1.000e+00
-1.000e+00
-1.000e+00
-1.000e+00
-1.000e+00
-1.000e+00
-1.000e+00
-1.000e+00
-1.000e+00
-1.000e+00
-1.000e+00
-1.000e+00
-1.000e+00
-1.000e+00
-1.000e+00
-1.000e+00
-1.000e+00
-1.000e+00
-1.000e+00
-1.000e+00
-1.000e+00
-1.000e+00
-1.000e+00
-1.000e+00
-1.000e+00
-1.000e+00
-1.000e+00
-1.000e+00
-1.000e+00
-1.000e+00
-1.000e+00
-1.000e+00
-1.000e+00
-1.000e+00
-1.000e+00
-1.000e+00
-1.000e+00
-1.000e+00
-1.000e+00
-1.000e+00
-1.000e+00
-1.000e+00
-1.000e+00
-1.000e+00
-1.000e+00
-1.000e+00
-1.000e+00
-1.000e+00
-1.000e+00
-1.000e+00
-1.000e+00
-1.000e+00
-1.000e+00
-1.000e+00
-1.000e+00
-1.000e+00
-1.000e+00
-1.000e+00
-1.000e+00
-1.000e+00
-1.000e+00
-1.000e+00
-1.000e+00
-1.000e+00
-1.000e+00
-1.000e+00
-1.000e+00
-1.000e+00
-1.000e+00
-1.000e+00
-1.000e+00
-1.000e+00
-1.000e+00
-1.000e+00
-1.000e+00
-1.000e+00
-1.000e+00
-1.000e+00
-1.000e+00
-1.000e+00
-1.000e+00
-1.000e+00
-1.000e+00
-1.000e+00
-1.000e+00
-1.000e+00
-1.000e+00
-1.000e+00
-1.000e+00
-1.000e+00
-1.000e+00
-1.000e+00
-1.000e+00
-1.000e+00
-1.000e+00
-1.000e+00
-1.000e+00
-1.000e+00
-1.000e+00
-1.000e+00
-1.000e+00
-1.000e+00
-1.000e+00
-1.000e+00
-1.000e+00
-1.000e+00
-1.000e+00
-1.000e+00
-1.000e+00
-1.000e+00
-1.000e+00
-1.000e+00
-1.000e+00
-1.000e+00
-1.000e+00
-1.000e+00
-1.000e+00
-1.000e+00
-1.000e+00
-1.000e+00
-1.000e+00
-1.000e+00
-1.000e+00
-1.000e+00
-1.000e+00
-1.000e+00
-1.000e+00
-1.000e+00
-1.000e+00
-1.000e+00
-1.000e+00
-1.000e+00
-1.000e+00
-1.000e+00
-1.000e+00
-1.000e+00
-1.000e+00
-1.000e+00
-1.000e+00
-1.000e+00
-1.000e+00
-1.000e+00
-1.000e+00
-1.000e+00
-1.000e+00
-1.000e+00
-1.000e+00
-1.000e+00
-1.000e+00
-1.000e+00
-1.000e+00
-1.000e+00
-1.000e+00
-1.000e+00
-1.000e+00
-1.000e+00
-1.000e+00
-1.000e+00
-1.000e+00
-1.000e+00
-1.000e+00
-1.000e+00
-1.000e+00
-1.000e+00
-1.000e+00
-1.000e+00
-1.000e+00
-1.000e+00
-1.000e+00
-1.000e+00
-1.000e+00
-1.000e+00
-1.000e+00
-1.000e+00
-1.000e+00
-1.000e+00
-1.000e+00
-1.000e+00
-1.000e+00
-1.000e+00
-1.000e+00
-1.000e+00
-1.000e+00
-1.000e+00
-1.000e+00
-1.000e+00
-1.000e+00
-1.000e+00
-1.000e+00
-1.000e+00
-1.000e+00
-1.000e+00
-1.000e+00
-1.000e+00
-1.000e+00
-1.000e+00
-1.000e+00
-1.000e+00
-1.000e+00
-1.000e+00
-1.000e+00
-1.000e+00
-1.000e+00
-1.000e+00
-1.000e+00
-1.000e+00
-1.000e+00
-1.000e+00
-1.000e+00
-1.000e+00
-1.000e+00
-1.000e+00
-1.000e+00
-1.000e+00
-1.000e+00
-1.000e+00
-1.000e+00
-1.000e+00
-1.000e+00
-1.000e+00
-1.000e+00
-1.000e+00
-1.000e+00
-1.000e+00
-1.000e+00
-1.000e+00
-1.000e+00
-1.000e+00
-1.000e+00
-1.000e+00
-1.000e+00
-1.000e+00
-1.000e+00
-1.000e+00
-1.000e+00
-1.000e+00
-1.000e+00
-1.000e+00
-1.000e+00
-1.000e+00
-1.000e+00
-1.000e+00
-1.000e+00
-1.000e+00
-1.000e+00
-1.000e+00
-1.000e+00
-1.000e+00
-1.000e+00
-1.000e+00
-1.000e+00
-1.000e+00
-1.000e+00
-1.000e+00
-1.000e+00
-1.000e+00
-1.000e+00
-1.000e+00
-1.000e+00
-1.000e+00
-1.000e+00
-1.000e+00
-1.000e+00
-1.000e+00
-1.000e+00
-1.000e+00
-1.000e+00
-1.000e+00
-1.000e+00
-1.000e+00
-1.000e+00
-1.000e+00
-1.000e+00
-1.000e+00
-1.000e+00
-1.000e+00
-1.000e+00
-1.000e+00
-1.000e+00
-1.000e+00
-1.000e+00
-1.000e+00
-1.000e+00
-1.000e+00
-1.000e+00
-1.000e+00
-1.000e+00
-1.000e+00
-1.000e+00
-1.000e+00
-1.000e+00
-1.000e+00
-1.000e+00
-1.000e+00
-1.000e+00
-1.000e+00
-1.000e+00
-1.000e+00
-1.000e+00
-1.000e+00
-1.000e+00
-1.000e+00
-1.000e+00
-1.000e+00
-1.000e+00
-1.000e+00
-1.000e+00
-1.000e+00
-1.000e+00
-1.000e+00
-1.000e+00
-1.000e+00
-1.000e+00
-1.000e+00
-1.000e+00
-1.000e+00
-1.000e+00
-1.000e+00
-1.000e+00
-1.000e+00
-1.000e+00
-1.000e+00
-1.000e+00
-1.000e+00
-1.000e+00
-1.000e+00
-1.000e+00
-1.000e+00
-1.000e+00
-1.000e+00
-1.000e+00
-1.000e+00
-1.000e+00
-1.000e+00
-1.000e+00
-1.000e+00
-1.000e+00
-1.000e+00
-1.000e+00
-1.000e+00
-1.000e+00
-1.000e+00
-1.000e+00
-1.000e+00
-1.000e+00
-1.000e+00
-1.000e+00
-1.000e+00
-1.000e+00
-1.000e+00
-1.000e+00
-1.000e+00
-1.000e+00
-1.000e+00
-1.000e+00
-1.000e+00
-1.000e+00
-1.000e+00
-1.000e+00
-1.000e+00
-1.000e+00
-1.000e+00
-1.000e+00
-1.000e+00
-1.000e+00
-1.000e+00
-1.000e+00
-1.000e+00
-1.000e+00
-1.000e+00
-1.000e+00
-1.000e+00
-1.000e+00
-1.000e+00
-1.000e+00
-1.000e+00
-1.000e+00
-1.000e+00
-1.000e+00
-1.000e+00
-1.000e+00
-1.000e+00
-1.000e+00
-1.000e+00
-1.000e+00
-1.000e+00
-1.000e+00
-1.000e+00
-1.000e+00
-1.000e+00
-1.000e+00
-1.000e+00
-1.000e+00
-1.000e+00
-1.000e+00
-1.000e+00
-1.000e+00
-1.000e+00
-1.000e+00
-1.000e+00
-1.000e+00
-1.000e+00
-1.000e+00
-1.000e+00
-1.000e+00
-1.000e+00
-1.000e+00
-1.000e+00
-1.000e+00
-1.000e+00
-1.000e+00
-1.000e+00
-1.000e+00
-1.000e+00
-1.000e+00
-1.000e+00
-1.000e+00
-1.000e+00
-1.000e+00
-1.000e+00
-1.000e+00
-1.000e+00
-1.000e+00
-1.000e+00
-1.000e+00
-1.000e+00
-1.000e+00
-1.000e+00
-1.000e+00
-1.000e+00
-1.000e+00
-1.000e+00
-1.000e+00
-1.000e+00
-1.000e+00
-1.000e+00
-1.000e+00
-1.000e+00
-1.000e+00
-1.000e+00
-1.000e+00
-1.000e+00
-1.000e+00
-1.000e+00
-1.000e+00
-1.000e+00
-1.000e+00
-1.000e+00
-1.000e+00
-1.000e+00
-1.000e+00
-1.000e+00
-1.000e+00
-1.000e+00
-1.000e+00
-1.000e+00
-1.000e+00
-1.000e+00
-1.000e+00
-1.000e+00
-1.000e+00
-1.000e+00
-1.000e+00
-1.000e+00
-1.000e+00
-1.000e+00
-9.986e-01
-9.986e-01
-9.986e-01
-9.986e-01
-9.986e-01
-9.986e-01
-9.986e-01
-9.986e-01
-9.986e-01
-9.986e-01
-9.986e-01
-9.986e-01
-9.986e-01
-9.986e-01
-9.986e-01
-9.986e-01
-9.986e-01
-9.986e-01
-9.986e-01
-9.986e-01
-9.979e-01
-9.986e-01
-9.979e-01
-9.979e-01
-9.979e-01
-9.979e-01
-9.979e-01
-9.979e-01
-9.979e-01
-9.979e-01
-9.979e-01
-9.979e-01
-9.979e-01
-9.979e-01
-9.979e-01
-9.979e-01
-9.979e-01
-9.979e-01
-9.979e-01
-9.979e-01
-9.979e-01
-9.972e-01
-9.986e-01
-9.979e-01
-9.979e-01
-9.979e-01
-9.979e-01
-9.979e-01
-9.979e-01
-9.979e-01
-9.979e-01
-9.979e-01
-9.979e-01
-9.979e-01
-9.979e-01
-9.979e-01
-9.979e-01
-9.979e-01
-9.979e-01
-9.979e-01
-9.979e-01
-9.979e-01
-9.972e-01
-9.986e-01
-9.979e-01
-9.979e-01
-9.979e-01
-9.979e-01
-9.979e-01
-9.979e-01
-9.979e-01
-9.979e-01
-9.979e-01
-9.979e-01
-9.979e-01
-9.979e-01
-9.979e-01
-9.979e-01
-9.979e-01
-9.979e-01
-9.979e-01
-9.979e-01
-9.979e-01
-9.972e-01
-9.986e-01
-9.979e-01
-9.979e-01
-9.979e-01
-9.979e-01
-9.979e-01
-9.979e-01
-9.979e-01
-9.979e-01
-9.979e-01
-9.979e-01
-9.979e-01
-9.979e-01
-9.979e-01
-9.979e-01
-9.979e-01
-9.979e-01
-9.979e-01
-9.979e-01
-9.979e-01
-9.972e-01
-9.986e-01
-9.979e-01
-9.979e-01
-9.979e-01
-9.979e-01
-9.979e-01
-9.979e-01
-9.979e-01
-9.979e-01
-9.979e-01
-9.979e-01
-9.979e-01
-9.979e-01
-9.979e-01
-9.979e-01
-9.979e-01
-9.979e-01
-9.979e-01
-9.979e-01
-9.979e-01
-9.972e-01
-9.986e-01
-9.979e-01
-9.979e-01
-9.979e-01
-9.979e-01
-9.979e-01
-9.979e-01
-9.979e-01
-9.979e-01
-9.979e-01
-9.979e-01
-9.979e-01
-9.979e-01
-9.979e-01
-9.979e-01
-9.979e-01
-9.979e-01
-9.979e-01
-9.979e-01
-9.979e-01
-9.972e-01
-9.986e-01
-9.979e-01
-9.979e-01
-9.979e-01
-9.979e-01
-9.979e-01
-9.979e-01
-9.979e-01
-9.979e-01
-9.979e-01
-9.979e-01
-9.979e-01
-9.979e-01
-9.979e-01
-9.979e-01
-9.979e-01
-9.979e-01
-9.979e-01
-9.979e-01
-9.979e-01
-9.972e-01
-9.986e-01
-9.979e-01
-9.979e-01
-9.979e-01
-9.979e-01
-9.979e-01
-9.979e-01
-9.979e-01
-9.979e-01
-9.979e-01
-9.979e-01
-9.979e-01
-9.979e-01
-9.979e-01
-9.979e-01
-9.979e-01
-9.979e-01
-9.979e-01
-9.979e-01
-9.979e-01
-9.972e-01
-9.986e-01
-9.979e-01
-9.979e-01
-9.979e-01
-9.979e-01
-9.979e-01
-9.979e-01
-9.979e-01
-9.979e-01
-9.979e-01
-9.979e-01
-9.979e-01
-9.979e-01
-9.979e-01
-9.979e-01
-9.979e-01
-9.979e-01
-9.979e-01
-9.979e-01
-9.979e-01
-9.972e-01
-9.986e-01
-9.979e-01
-9.979e-01
-9.979e-01
-9.979e-01
-9.979e-01
-9.979e-01
-9.979e-01
-9.979e-01
-9.979e-01
-9.979e-01
-9.979e-01
-9.979e-01
-9.979e-01
-9.979e-01
-9.979e-01
-9.979e-01
-9.979e-01
-9.979e-01
-9.979e-01
-9.972e-01
-9.986e-01
-9.979e-01
-9.979e-01
-9.979e-01
-9.979e-01
-9.979e-01
-9.979e-01
-9.979e-01
-9.979e-01
-9.979e-01
-9.979e-01
-9.979e-01
-9.979e-01
-9.979e-01
-9.979e-01
-9.979e-01
-9.979e-01
-9.979e-01
-9.979e-01
-9.979e-01
-9.972e-01
-9.986e-01
-9.979e-01
-9.979e-01
-9.979e-01
-9.979e-01
-9.979e-01
-9.979e-01
-9.979e-01
-9.979e-01
-9.979e-01
-9.979e-01
-9.979e-01
-9.979e-01
-9.979e-01
-9.979e-01
-9.979e-01
-9.979e-01
-9.979e-01
-9.979e-01
-9.979e-01
-9.972e-01
-9.986e-01
-9.979e-01
-9.979e-01
-9.979e-01
-9.979e-01
-9.979e-01
-9.979e-01
-9.979e-01
-9.979e-01
-9.979e-01
-9.979e-01
-9.979e-01
-9.979e-01
-9.979e-01
-9.979e-01
-9.979e-01
-9.979e-01
-9.979e-01
-9.979e-01
-9.979e-01
-9.972e-01
-9.986e-01
-9.979e-01
-9.979e-01
-9.979e-01
-9.979e-01
-9.979e-01
-9.979e-01
-9.979e-01
-9.979e-01
-9.979e-01
-9.979e-01
-9.979e-01
-9.979e-01
-9.979e-01
-9.979e-01
-9.979e-01
-9.979e-01
-9.979e-01
-9.979e-01
-9.979e-01
-9.972e-01
-9.986e-01
-9.979e-01
-9.979e-01
-9.979e-01
-9.979e-01
-9.979e-01
-9.979e-01
-9.979e-01
-9.979e-01
-9.979e-01
-9.979e-01
-9.979e-01
-9.979e-01
-9.979e-01
-9.979e-01
-9.979e-01
-9.979e-01
-9.979e-01
-9.979e-01
-9.979e-01
-9.972e-01
-9.986e-01
-9.979e-01
-9.979e-01
-9.979e-01
-9.979e-01
-9.979e-01
-9.979e-01
-9.979e-01
-9.979e-01
-9.979e-01
-9.979e-01
-9.979e-01
-9.979e-01
-9.979e-01
-9.979e-01
-9.979e-01
-9.979e-01
-9.979e-01
-9.979e-01
-9.979e-01
-9.972e-01
-9.986e-01
-9.979e-01
-9.979e-01
-9.979e-01
-9.979e-01
-9.979e-01
-9.979e-01
-9.979e-01
-9.979e-01
-9.979e-01
-9.979e-01
-9.979e-01
-9.979e-01
-9.979e-01
-9.979e-01
-9.979e-01
-9.979e-01
-9.979e-01
-9.979e-01
-9.979e-01
-9.972e-01
-9.986e-01
-9.979e-01
-9.979e-01
-9.979e-01
-9.979e-01
-9.979e-01
-9.979e-01
-9.979e-01
-9.979e-01
-9.979e-01
-9.979e-01
-9.979e-01
-9.979e-01
-9.979e-01
-9.979e-01
-9.979e-01
-9.979e-01
-9.979e-01
-9.979e-01
-9.979e-01
-9.972e-01
-9.986e-01
-9.979e-01
-9.979e-01
-9.979e-01
-9.979e-01
-9.979e-01
-9.979e-01
-9.979e-01
-9.979e-01
-9.979e-01
-9.979e-01
-9.979e-01
-9.979e-01
-9.979e-01
-9.979e-01
-9.979e-01
-9.979e-01
-9.979e-01
-9.979e-01
-9.979e-01
-9.972e-01
-9.979e-01
-9.972e-01
-9.972e-01
-9.972e-01
-9.972e-01
-9.972e-01
-9.972e-01
-9.972e-01
-9.972e-01
-9.972e-01
-9.972e-01
-9.972e-01
-9.972e-01
-9.972e-01
-9.972e-01
-9.972e-01
-9.972e-01
-9.972e-01
-9.972e-01
-9.972e-01
-9.965e-01
