   1.0000000000000000        1.9999999999999778E-005
   2.1000000000000001        1.9999999999999778E-005
   3.3100000000000005        1.9999999999999778E-005
   4.6410000000000009        1.9999999999999778E-005
   6.1051000000000020        1.9999999999999778E-005
   7.7156100000000025        1.9999999999999778E-005
   9.4871710000000036        1.9999999999999778E-005
   11.435888100000005        1.9999999999999778E-005
   13.579476910000007        1.9999999999999778E-005
   15.937424601000009        1.9999999999999778E-005
   18.531167061100010        1.9999999999999778E-005
   21.384283767210015        1.9999999999999778E-005
   24.522712143931017        1.9999999999999778E-005
   27.974983358324121        1.9999999999999778E-005
   31.772481694156536        1.9999999999999778E-005
   35.949729863572195        1.9999999999999778E-005
   40.544702849929415        1.9999999999999778E-005
   45.599173134922360        1.9999999999999778E-005
   51.159090448414602        1.9999999999999778E-005
   57.274999493256068        1.9999999999999778E-005
   64.002499442581680        1.9999999999999778E-005
   71.402749386839858        1.9999999999999778E-005
   79.543024325523845        1.9999999999999778E-005
   88.497326758076241        1.9999999999999778E-005
   98.347059433883871        1.9999999999999778E-005
   109.18176537727226        1.9999999999999778E-005
   121.09994191499949        1.9999999999999778E-005
   134.20993610649944        1.9999999999999778E-005
   148.63092971714940        1.9999999999999778E-005
   164.49402268886433        1.9999999999999778E-005
   181.94342495775078        1.9999999999999778E-005
   201.13776745352587        1.9999999999999778E-005
   222.25154419887846        1.9999999999999778E-005
   245.47669861876633        1.9999999999999778E-005
   271.02436848064298        1.9999999999999778E-005
   299.12680532870729        1.9999999999999778E-005
   330.03948586157804        1.9999999999999778E-005
   364.04343444773588        1.9999999999999778E-005
   401.44777789250946        1.9999999999999778E-005
   442.59255568176042        1.9999999999999778E-005
   487.85181124993647        1.9999999999999778E-005
   537.63699237493017        1.9999999999999778E-005
   592.40069161242320        1.9999999999999778E-005
   652.64076077366553        1.9999999999999778E-005
   718.90483685103209        1.9999999999999778E-005
   791.79532053613536        1.9999999999999778E-005
   871.97485258974893        1.9999999999999778E-005
   960.17233784872394        1.9999999999999778E-005
   1057.1895716335964        1.9999999999999778E-005
   1163.9085287969563        1.9999999999999778E-005
   1281.2993816766520        1.9999999999999778E-005
   1410.4293198443174        1.9999999999999778E-005
   1552.4722518287492        1.9999999999999778E-005
   1708.7194770116243        1.9999999999999778E-005
   1880.5914247127869        1.9999999999999778E-005
   2069.6505671840655        1.9999999999999778E-005
   2277.6156239024722        1.9999999999999778E-005
   2506.3771862927197        1.9999999999999778E-005
   2758.0149049219917        1.9999999999999778E-005
   3034.8163954141910        1.9999999999999778E-005
   3339.2980349556105        1.9999999999999778E-005
   3674.2278384511719        1.9999999999999778E-005
   4042.6506222962894        1.9999999999999778E-005
   4447.9156845259186        1.9999999999999778E-005
   4893.7072529785110        1.9999999999999778E-005
   5384.0779782763620        1.9999999999999778E-005
   5923.4857761039984        1.9999999999999778E-005
   6516.8343537143992        1.9999989392437115E-005
   7169.5177890858395        1.9999973060756363E-005
   7887.4695679944243        1.9999939205473572E-005
   8677.2165247938683        1.9999713333594660E-005
   9545.9381772732559        1.9997681334888863E-005
   10501.531995000581        1.9993083989525983E-005
   11457.125812727907        1.9986337785849023E-005
   12412.719630455233        1.9975778420915804E-005
   13368.313448182558        1.9963410462475276E-005
   14323.907265909884        1.9948782511923391E-005
   15279.501083637209        1.9929469092118788E-005
   16235.094901364535        1.9906651869872072E-005
   17190.688719091861        1.9879504344226742E-005
   18146.282536819188        1.9846845545579563E-005
   19101.876354546515        1.9807176298057548E-005
   20057.470172273843        1.9757445839015900E-005
   21013.063990001170        1.9696474577841078E-005
   21968.657807728498        1.9621033656879574E-005
   22924.251625455825        1.9526085888347472E-005
   23879.845443183152        1.9405248543965246E-005
   24835.439260910480        1.9251225073749700E-005
   25791.033078637807        1.9057050180980174E-005
   26746.626896365135        1.8818725471588543E-005
   27702.220714092462        1.8538213249477048E-005
   28702.220714092462        1.8227296097972337E-005
   29702.220714092462        1.7884801359711611E-005
   30702.220714092462        1.7541779312918638E-005
   31702.220714092462        1.7208252575578537E-005
   32702.220714092462        1.6891058282706577E-005
   33702.220714092458        1.6593213278418050E-005
   34702.220714092458        1.6312424075853107E-005
   35702.220714092458        1.6044911729102112E-005
   36702.220714092458        1.5790626506854092E-005
   37702.220714092458        1.4203920627339202E-005
   38702.220714092458        1.1953815750145024E-005
   39702.220714092458        9.7856682030635903E-006
   40702.220714092458        7.6758679865826454E-006
   41702.220714092458        5.6075494914614781E-006
   42702.220714092458        3.5681429104134167E-006
   43702.220714092458        1.5471812830162062E-006
   44702.220714092458        0.0000000000000000     
   45702.220714092458        0.0000000000000000     
   46702.220714092458        0.0000000000000000     
   47702.220714092458        0.0000000000000000     
   48702.220714092458        0.0000000000000000     
   49702.220714092458        0.0000000000000000     
   50702.220714092458        0.0000000000000000     
   51702.220714092458        0.0000000000000000     
   52702.220714092458        0.0000000000000000     
   53702.220714092458        0.0000000000000000     
   54702.220714092458        0.0000000000000000     
   55702.220714092458        0.0000000000000000     
   56702.220714092458        0.0000000000000000     
   57702.220714092458        0.0000000000000000     
   58702.220714092458        0.0000000000000000     
   59702.220714092458        0.0000000000000000     
   60702.220714092458        0.0000000000000000     
   61702.220714092458        0.0000000000000000     
   62702.220714092458        0.0000000000000000     
   63702.220714092458        0.0000000000000000     
   64702.220714092458        0.0000000000000000     
   65702.220714092458        0.0000000000000000     
   66702.220714092458        0.0000000000000000     
   67702.220714092458        2.0156658297506606E-006
   68702.220714092458        4.0328120128778011E-006
   69702.220714092458        6.0330837141770391E-006
   70702.220714092458        8.0057145370891807E-006
   71702.220714092458        9.9400765069006832E-006
   72702.220714092458        1.1825867525493550E-005
   73702.220714092458        1.3653773663289167E-005
   74702.220714092458        1.4290256162147386E-005
   75702.220714092458        1.4113973297766032E-005
   76702.220714092458        1.3952082635933818E-005
   77702.220714092458        1.3807369672449375E-005
   78702.220714092458        1.3680613929978492E-005
   79702.220714092458        1.3570344956811102E-005
   80702.220714092458        1.3473403859847153E-005
   81702.220714092458        1.3385736573368037E-005
   82702.220714092458        1.3303137172267177E-005
   83702.220714092458        1.3222289296035430E-005
   84702.220714092458        1.3140593235467284E-005
   85702.220714092458        1.3056273043532535E-005
   86702.220714092458        1.2968425938945019E-005
   87702.220714092458        1.2876995884372985E-005
   88702.220714092458        1.2782722847440110E-005
   89702.220714092458        1.2687036065651515E-005
   90702.220714092458        1.2591742226658600E-005
   91702.220714092458        1.2498846861288068E-005
   92702.220714092458        1.2410542856121063E-005
   93702.220714092458        1.2328360031314985E-005
   94702.220714092458        1.2253178795371032E-005
   95702.220714092458        1.2185057654781954E-005
   96702.220714092458        1.2123543261124721E-005
   97702.220714092458        1.2067911366344362E-005
   98702.220714092458        1.2017047818539910E-005
   99702.220714092458        1.1969745870297971E-005
   100702.22071409246        1.1924720715419541E-005
   101702.22071409246        1.1880732172566375E-005
   102702.22071409246        1.1837099226716269E-005
   103702.22071409246        1.1793028250384923E-005
   104702.22071409246        1.1747873909403596E-005
   105702.22071409246        1.1701133987513190E-005
   106702.22071409246        1.1652443967472726E-005
   107702.22071409246        1.1601573639157960E-005
   108702.22071409246        1.1548426129107969E-005
   109702.22071409246        1.1493038305573059E-005
   110702.22071409246        1.1435575992402401E-005
   111702.22071409246        1.0568667216988007E-005
   112702.22071409246        8.9895822424628493E-006
   113702.22071409246        7.4312273655277017E-006
   114702.22071409246        5.8903675019589066E-006
   115702.22071409246        4.3633704694637395E-006
   116702.22071409246        2.8464499619878008E-006
   117702.22071409246        1.3358191382809894E-006
   118702.22071409246        0.0000000000000000     
   119702.22071409246        0.0000000000000000     
   120702.22071409246        0.0000000000000000     
   121702.22071409246        0.0000000000000000     
   122702.22071409246        0.0000000000000000     
   123702.22071409246        0.0000000000000000     
   124702.22071409246        0.0000000000000000     
   125702.22071409246        0.0000000000000000     
   126702.22071409246        0.0000000000000000     
   127702.22071409246        0.0000000000000000     
   128702.22071409246        0.0000000000000000     
   129702.22071409246        0.0000000000000000     
   130702.22071409246        0.0000000000000000     
   131702.22071409246        0.0000000000000000     
   132702.22071409246        0.0000000000000000     
   133702.22071409246        0.0000000000000000     
   134702.22071409246        0.0000000000000000     
   135702.22071409246        0.0000000000000000     
   136702.22071409246        0.0000000000000000     
   137702.22071409246        0.0000000000000000     
   138702.22071409246        0.0000000000000000     
   139702.22071409246        0.0000000000000000     
   140702.22071409246        0.0000000000000000     
   141702.22071409246        1.3402110364820415E-006
   142702.22071409246        2.8654786206985158E-006
   143702.22071409246        4.3863471090741996E-006
   144702.22071409246        5.8990464178678148E-006
   145702.22071409246        7.3997363749018043E-006
   146702.22071409246        8.8845374319081618E-006
   147702.22071409246        1.0349635944243558E-005
   148702.22071409246        1.1092200003281418E-005
   149702.22071409246        1.1029140223680649E-005
   150702.22071409246        1.0968048283808306E-005
   151702.22071409246        1.0909422031881003E-005
   152702.22071409246        1.0853651422928685E-005
   153702.22071409246        1.0801002779568295E-005
   154702.22071409246        1.0751616260327193E-005
   155702.22071409246        1.0705514383268410E-005
   156702.22071409246        1.0662618295058904E-005
   157702.22071409246        1.0622768187220743E-005
   158702.22071409246        1.0585744686075670E-005
   159702.22071409246        1.0551288874186630E-005
   160702.22071409246        1.0519119529915651E-005
   161702.22071409246        1.0488946979873488E-005
   162702.22071409246        1.0460483544320773E-005
   163702.22071409246        1.0433450909141049E-005
   164702.22071409246        1.0407584837781528E-005
   165702.22071409246        1.0382392340038331E-005
   166702.22071409246        1.0357795705025382E-005
   167702.22071409246        1.0333673274278010E-005
   168702.22071409246        1.0309831809860053E-005
   169702.22071409246        1.0286094647938653E-005
   170702.22071409246        1.0262300354996292E-005
   171702.22071409246        1.0238301280816217E-005
   172702.22071409246        1.0213962118135616E-005
   173702.22071409246        1.0189158545112072E-005
   174702.22071409246        1.0163776002196108E-005
   175702.22071409246        1.0137708637730404E-005
   176702.22071409246        1.0110858444595837E-005
   177702.22071409246        1.0083134601614154E-005
   178702.22071409246        1.0054453026607190E-005
   179702.22071409246        1.0024736141801565E-005
   180702.22071409246        9.9939128458751503E-006
   181702.22071409246        9.9619186799689320E-006
   182702.22071409246        9.9286961674038269E-006
   183702.22071409246        9.8941952988660842E-006
   184702.22071409246        9.8583741268953010E-006
   185702.22071409246        9.2802904889251295E-006
   186702.22071409246        7.9258894602909390E-006
   187702.22071409246        6.5843213028042105E-006
   188702.22071409246        5.2539705570493048E-006
   189702.22071409246        3.9329882230847063E-006
   190702.22071409246        2.6193209017986309E-006
   191702.22071409246        1.3107498645233830E-006
   192702.22071409246        4.9328855534739891E-009
   193702.22071409246        0.0000000000000000     
   194702.22071409246        0.0000000000000000     
   195702.22071409246        0.0000000000000000     
   196702.22071409246        0.0000000000000000     
   197702.22071409246        0.0000000000000000     
   198702.22071409246        0.0000000000000000     
   199702.22071409246        0.0000000000000000     
   200702.22071409246        0.0000000000000000     
   201702.22071409246        0.0000000000000000     
   202702.22071409246        0.0000000000000000     
   203702.22071409246        0.0000000000000000     
   204702.22071409246        0.0000000000000000     
   205702.22071409246        0.0000000000000000     
   206702.22071409246        0.0000000000000000     
   207702.22071409246        0.0000000000000000     
   208702.22071409246        0.0000000000000000     
   209702.22071409246        0.0000000000000000     
   210702.22071409246        0.0000000000000000     
   211702.22071409246        0.0000000000000000     
   212702.22071409246        0.0000000000000000     
   213702.22071409246        0.0000000000000000     
   214702.22071409246        0.0000000000000000     
   215702.22071409246        9.9821070390586489E-007
   216702.22071409246        2.3087605389101170E-006
   217702.22071409246        3.6157634454907142E-006
   218702.22071409246        4.9162665877828836E-006
   219702.22071409246        6.2072635845081951E-006
   220702.22071409246        7.4856990678354340E-006
   221702.22071409246        8.7484611655864465E-006
   222702.22071409246        9.5427478228974341E-006
   223702.22071409246        9.4897817498442682E-006
   224702.22071409246        9.4364410143331871E-006
   225702.22071409246        9.3826673032587851E-006
   226702.22071409246        9.3284291917658059E-006
   227702.22071409246        9.2737192740038007E-006
   228702.22071409246        9.2185488152849000E-006
   229702.22071409246        9.1629445248785215E-006
   230702.22071409246        9.1069451570358585E-006
   231702.22071409246        9.0505984635466872E-006
   232702.22071409246        8.9939585156155729E-006
   233702.22071409246        8.9370833967113601E-006
   234702.22071409246        8.8800315583552414E-006
   235702.22071409246        8.8228448185954678E-006
   236702.22071409246        8.7656030059397434E-006
   237702.22071409246        8.7083641747167468E-006
   238702.22071409246        8.6511836256038062E-006
   239702.22071409246        8.5941134976484517E-006
   240702.22071409246        8.5372024028664040E-006
   241702.22071409246        8.4804952114582694E-006
   242702.22071409246        8.4240329571808409E-006
   243702.22071409246        8.3678528343036450E-006
   244702.22071409246        8.3119882598118422E-006
   245702.22071409246        8.2564689773276367E-006
   246702.22071409246        8.2013211824056819E-006
   247702.22071409246        8.1465676525091990E-006
   248702.22071409246        8.0922278690547662E-006
   249702.22071409246        8.0383181231718447E-006
   250702.22071409246        7.9848516011466668E-006
   251351.11035704624        7.9318384497241302E-006
   252000.00000000000        7.8979612497339506E-006
