                     #***** Cumulative flow volumes ***** 
# Nstep    Deltat      Time  SeepageF  nansfDir  nansfNeu   Nudging  net (VTOT)
      1  1.00E+00  1.00E+00  0.00E+00  0.00E+00  0.00E+00  0.00E+00 -1.0000E-05
      2  1.10E+00  2.10E+00  0.00E+00  0.00E+00  0.00E+00  0.00E+00 -1.0000E-05
      3  1.21E+00  3.31E+00  0.00E+00  0.00E+00  0.00E+00  0.00E+00 -1.0000E-05
      4  1.33E+00  4.64E+00  0.00E+00  0.00E+00  0.00E+00  0.00E+00 -1.0000E-05
      5  1.46E+00  6.11E+00  0.00E+00  0.00E+00  0.00E+00  0.00E+00 -1.0000E-05
      6  1.61E+00  7.72E+00  0.00E+00  0.00E+00  0.00E+00  0.00E+00 -1.0000E-05
      7  1.77E+00  9.49E+00  0.00E+00  0.00E+00  0.00E+00  0.00E+00 -1.0000E-05
      8  1.95E+00  1.14E+01  0.00E+00  0.00E+00  0.00E+00  0.00E+00 -1.0000E-05
      9  2.14E+00  1.36E+01  0.00E+00  0.00E+00  0.00E+00  0.00E+00 -1.0000E-05
     10  2.36E+00  1.59E+01  0.00E+00  0.00E+00  0.00E+00  0.00E+00 -1.0000E-05
     11  2.59E+00  1.85E+01  0.00E+00  0.00E+00  0.00E+00  0.00E+00 -1.0000E-05
     12  2.85E+00  2.14E+01  0.00E+00  0.00E+00  0.00E+00  0.00E+00 -1.0000E-05
     13  3.14E+00  2.45E+01  0.00E+00  0.00E+00  0.00E+00  0.00E+00 -1.0000E-05
     14  3.45E+00  2.80E+01  0.00E+00  0.00E+00  0.00E+00  0.00E+00 -1.0000E-05
     15  3.80E+00  3.18E+01  0.00E+00  0.00E+00  0.00E+00  0.00E+00 -1.0000E-05
     16  4.18E+00  3.59E+01  0.00E+00  0.00E+00  0.00E+00  0.00E+00 -1.0000E-05
     17  4.59E+00  4.05E+01  0.00E+00  0.00E+00  0.00E+00  0.00E+00 -1.0000E-05
     18  5.05E+00  4.56E+01  0.00E+00  0.00E+00  0.00E+00  0.00E+00 -1.0000E-05
     19  5.56E+00  5.12E+01  0.00E+00  0.00E+00  0.00E+00  0.00E+00 -1.0000E-05
     20  6.12E+00  5.73E+01  0.00E+00  0.00E+00  0.00E+00  0.00E+00 -1.0000E-05
     21  6.73E+00  6.40E+01  0.00E+00  0.00E+00  0.00E+00  0.00E+00 -1.0000E-05
     22  7.40E+00  7.14E+01  0.00E+00  0.00E+00  0.00E+00  0.00E+00 -1.0000E-05
     23  8.14E+00  7.95E+01  0.00E+00  0.00E+00  0.00E+00  0.00E+00 -1.0000E-05
     24  8.95E+00  8.85E+01  0.00E+00  0.00E+00  0.00E+00  0.00E+00 -1.0000E-05
     25  9.85E+00  9.83E+01  0.00E+00  0.00E+00  0.00E+00  0.00E+00 -1.0000E-05
     26  1.08E+01  1.09E+02  0.00E+00  0.00E+00  0.00E+00  0.00E+00 -1.0000E-05
     27  1.19E+01  1.21E+02  0.00E+00  0.00E+00  0.00E+00  0.00E+00 -1.0000E-05
     28  1.31E+01  1.34E+02  0.00E+00  0.00E+00  0.00E+00  0.00E+00 -1.0000E-05
     29  1.44E+01  1.49E+02  0.00E+00  0.00E+00  0.00E+00  0.00E+00 -1.0000E-05
     30  1.59E+01  1.64E+02  0.00E+00  0.00E+00  0.00E+00  0.00E+00 -1.0000E-05
     31  1.74E+01  1.82E+02  0.00E+00  0.00E+00  0.00E+00  0.00E+00 -1.0000E-05
     32  1.92E+01  2.01E+02  0.00E+00  0.00E+00  0.00E+00  0.00E+00 -1.0000E-05
     33  2.11E+01  2.22E+02  0.00E+00  0.00E+00  0.00E+00  0.00E+00 -1.0000E-05
     34  2.32E+01  2.45E+02  0.00E+00  0.00E+00  0.00E+00  0.00E+00 -1.0000E-05
     35  2.55E+01  2.71E+02  0.00E+00  0.00E+00  0.00E+00  0.00E+00 -1.0000E-05
     36  2.81E+01  2.99E+02  0.00E+00  0.00E+00  0.00E+00  0.00E+00 -1.0000E-05
     37  3.09E+01  3.30E+02  0.00E+00  0.00E+00  0.00E+00  0.00E+00 -1.0000E-05
     38  3.40E+01  3.64E+02  0.00E+00  0.00E+00  0.00E+00  0.00E+00 -1.0000E-05
     39  3.74E+01  4.01E+02  0.00E+00  0.00E+00  0.00E+00  0.00E+00 -1.0000E-05
     40  4.11E+01  4.43E+02  0.00E+00  0.00E+00  0.00E+00  0.00E+00 -1.0000E-05
     41  4.53E+01  4.88E+02  0.00E+00  0.00E+00  0.00E+00  0.00E+00 -1.0000E-05
     42  4.98E+01  5.38E+02  0.00E+00  0.00E+00  0.00E+00  0.00E+00 -1.0000E-05
     43  5.48E+01  5.92E+02  0.00E+00  0.00E+00  0.00E+00  0.00E+00 -1.0000E-05
     44  6.02E+01  6.53E+02  0.00E+00  0.00E+00  0.00E+00  0.00E+00 -1.0000E-05
     45  6.63E+01  7.19E+02  0.00E+00  0.00E+00  0.00E+00  0.00E+00 -1.0000E-05
     46  7.29E+01  7.92E+02  0.00E+00  0.00E+00  0.00E+00  0.00E+00 -1.0000E-05
     47  8.02E+01  8.72E+02  0.00E+00  0.00E+00  0.00E+00  0.00E+00 -1.0000E-05
     48  8.82E+01  9.60E+02  0.00E+00  0.00E+00  0.00E+00  0.00E+00 -1.0000E-05
     49  9.70E+01  1.06E+03  0.00E+00  0.00E+00  0.00E+00  0.00E+00 -1.0000E-05
     50  1.07E+02  1.16E+03  0.00E+00  0.00E+00  0.00E+00  0.00E+00 -1.0000E-05
     51  1.17E+02  1.28E+03  0.00E+00  0.00E+00  0.00E+00  0.00E+00 -1.0000E-05
     52  1.29E+02  1.41E+03  0.00E+00  0.00E+00  0.00E+00  0.00E+00 -1.0000E-05
     53  1.42E+02  1.55E+03  0.00E+00  0.00E+00  0.00E+00  0.00E+00 -1.0000E-05
     54  1.56E+02  1.71E+03  0.00E+00  0.00E+00  0.00E+00  0.00E+00 -1.0000E-05
     55  1.72E+02  1.88E+03  0.00E+00  0.00E+00  0.00E+00  0.00E+00 -1.0000E-05
     56  1.89E+02  2.07E+03  0.00E+00  0.00E+00  0.00E+00  0.00E+00 -1.0000E-05
     57  2.08E+02  2.28E+03  0.00E+00  0.00E+00  0.00E+00  0.00E+00 -1.0000E-05
     58  2.29E+02  2.51E+03  0.00E+00  0.00E+00  0.00E+00  0.00E+00 -1.0000E-05
     59  2.52E+02  2.76E+03  0.00E+00  0.00E+00  0.00E+00  0.00E+00 -1.0000E-05
     60  2.77E+02  3.03E+03  0.00E+00  0.00E+00  0.00E+00  0.00E+00 -1.0000E-05
     61  3.04E+02  3.34E+03  0.00E+00  0.00E+00  0.00E+00  0.00E+00 -1.0000E-05
     62  3.35E+02  3.67E+03  0.00E+00  0.00E+00  0.00E+00  0.00E+00 -1.0000E-05
     63  3.68E+02  4.04E+03  0.00E+00  0.00E+00  0.00E+00  0.00E+00 -1.0000E-05
     64  4.05E+02  4.45E+03  0.00E+00  0.00E+00  0.00E+00  0.00E+00 -1.0000E-05
     65  4.46E+02  4.89E+03  0.00E+00  0.00E+00  0.00E+00  0.00E+00 -1.0000E-05
     66  4.90E+02  5.38E+03  0.00E+00  0.00E+00  0.00E+00  0.00E+00 -1.0000E-05
     67  5.39E+02  5.92E+03  0.00E+00  0.00E+00  0.00E+00  0.00E+00 -1.0000E-05
     68  5.93E+02  6.52E+03  0.00E+00  0.00E+00  0.00E+00  0.00E+00 -1.0000E-05
     69  6.53E+02  7.17E+03  0.00E+00  0.00E+00  0.00E+00  0.00E+00 -1.0000E-05
     70  7.18E+02  7.89E+03  0.00E+00  0.00E+00  0.00E+00  0.00E+00 -1.0000E-05
     71  7.90E+02  8.68E+03  0.00E+00  0.00E+00  0.00E+00  0.00E+00 -1.0000E-05
     72  8.69E+02  9.55E+03  0.00E+00  0.00E+00  0.00E+00  0.00E+00 -1.0000E-05
     73  9.56E+02  1.05E+04  0.00E+00  0.00E+00  0.00E+00  0.00E+00 -1.0000E-05
     74  9.56E+02  1.15E+04  0.00E+00  0.00E+00  0.00E+00  0.00E+00 -1.0000E-05
     75  9.56E+02  1.24E+04  0.00E+00  0.00E+00  0.00E+00  0.00E+00 -1.0000E-05
     76  9.56E+02  1.34E+04  0.00E+00  0.00E+00  0.00E+00  0.00E+00 -1.0000E-05
     77  9.56E+02  1.43E+04  0.00E+00  0.00E+00  0.00E+00  0.00E+00 -1.0000E-05
     78  9.56E+02  1.53E+04  0.00E+00  0.00E+00  0.00E+00  0.00E+00 -1.0000E-05
     79  9.56E+02  1.62E+04  0.00E+00  0.00E+00  0.00E+00  0.00E+00 -1.0000E-05
     80  9.56E+02  1.72E+04  0.00E+00  0.00E+00  0.00E+00  0.00E+00 -1.0000E-05
     81  9.56E+02  1.81E+04  0.00E+00  0.00E+00  0.00E+00  0.00E+00 -1.0000E-05
     82  9.56E+02  1.91E+04  0.00E+00  0.00E+00  0.00E+00  0.00E+00 -1.0000E-05
     83  9.56E+02  2.01E+04  0.00E+00  0.00E+00  0.00E+00  0.00E+00 -1.0000E-05
     84  9.56E+02  2.10E+04  0.00E+00  0.00E+00  0.00E+00  0.00E+00 -1.0000E-05
     85  9.56E+02  2.20E+04  0.00E+00  0.00E+00  0.00E+00  0.00E+00 -1.0000E-05
     86  9.56E+02  2.29E+04  0.00E+00  0.00E+00  0.00E+00  0.00E+00 -1.0000E-05
     87  9.56E+02  2.39E+04  0.00E+00  0.00E+00  0.00E+00  0.00E+00 -1.0000E-05
     88  9.56E+02  2.48E+04  0.00E+00  0.00E+00  0.00E+00  0.00E+00 -1.0000E-05
     89  9.56E+02  2.58E+04  0.00E+00  0.00E+00  0.00E+00  0.00E+00 -1.0000E-05
     90  9.56E+02  2.67E+04  0.00E+00  0.00E+00  0.00E+00  0.00E+00 -1.0000E-05
     91  9.56E+02  2.77E+04  0.00E+00  0.00E+00  0.00E+00  0.00E+00 -1.0000E-05
     92  1.00E+03  2.87E+04  0.00E+00  0.00E+00  0.00E+00  0.00E+00 -1.0000E-05
     93  1.00E+03  2.97E+04  0.00E+00  0.00E+00  0.00E+00  0.00E+00 -1.0000E-05
     94  1.00E+03  3.07E+04  0.00E+00  0.00E+00  0.00E+00  0.00E+00 -1.0000E-05
     95  1.00E+03  3.17E+04  0.00E+00  0.00E+00  0.00E+00  0.00E+00 -1.0000E-05
     96  1.00E+03  3.27E+04  0.00E+00  0.00E+00  0.00E+00  0.00E+00 -1.0000E-05
     97  1.00E+03  3.37E+04  0.00E+00  0.00E+00  0.00E+00  0.00E+00 -1.0000E-05
     98  1.00E+03  3.47E+04  0.00E+00  0.00E+00  0.00E+00  0.00E+00 -1.0000E-05
     99  1.00E+03  3.57E+04  0.00E+00  0.00E+00  0.00E+00  0.00E+00 -1.0000E-05
    100  1.00E+03  3.67E+04  0.00E+00  0.00E+00  0.00E+00  0.00E+00 -1.0000E-05
    101  1.00E+03  3.77E+04  0.00E+00  0.00E+00  0.00E+00  0.00E+00 -1.0000E-05
    102  1.00E+03  3.87E+04  0.00E+00  0.00E+00  0.00E+00  0.00E+00 -1.0000E-05
    103  1.00E+03  3.97E+04  0.00E+00  0.00E+00  0.00E+00  0.00E+00 -1.0000E-05
    104  1.00E+03  4.07E+04  0.00E+00  0.00E+00  0.00E+00  0.00E+00 -1.0000E-05
    105  1.00E+03  4.17E+04  0.00E+00  0.00E+00  0.00E+00  0.00E+00 -1.0000E-05
    106  1.00E+03  4.27E+04  0.00E+00  0.00E+00  0.00E+00  0.00E+00 -1.0000E-05
    107  1.00E+03  4.37E+04  0.00E+00  0.00E+00  0.00E+00  0.00E+00 -1.0000E-05
    108  1.00E+03  4.47E+04  0.00E+00  0.00E+00  0.00E+00  0.00E+00 -1.0000E-05
    109  1.00E+03  4.57E+04  0.00E+00  0.00E+00  0.00E+00  0.00E+00 -1.0000E-05
    110  1.00E+03  4.67E+04  0.00E+00  0.00E+00  0.00E+00  0.00E+00 -1.0000E-05
    111  1.00E+03  4.77E+04  0.00E+00  0.00E+00  0.00E+00  0.00E+00 -1.0000E-05
    112  1.00E+03  4.87E+04  0.00E+00  0.00E+00  0.00E+00  0.00E+00 -1.0000E-05
    113  1.00E+03  4.97E+04  0.00E+00  0.00E+00  0.00E+00  0.00E+00 -1.0000E-05
    114  1.00E+03  5.07E+04  0.00E+00  0.00E+00  0.00E+00  0.00E+00 -1.0000E-05
    115  1.00E+03  5.17E+04  0.00E+00  0.00E+00  0.00E+00  0.00E+00 -1.0000E-05
    116  1.00E+03  5.27E+04  0.00E+00  0.00E+00  0.00E+00  0.00E+00 -1.0000E-05
    117  1.00E+03  5.37E+04  0.00E+00  0.00E+00  0.00E+00  0.00E+00 -1.0000E-05
    118  1.00E+03  5.47E+04  0.00E+00  0.00E+00  0.00E+00  0.00E+00 -1.0000E-05
    119  1.00E+03  5.57E+04  0.00E+00  0.00E+00  0.00E+00  0.00E+00 -1.0000E-05
    120  1.00E+03  5.67E+04  0.00E+00  0.00E+00  0.00E+00  0.00E+00 -1.0000E-05
    121  1.00E+03  5.77E+04  0.00E+00  0.00E+00  0.00E+00  0.00E+00 -1.0000E-05
    122  1.00E+03  5.87E+04  0.00E+00  0.00E+00  0.00E+00  0.00E+00 -1.0000E-05
    123  1.00E+03  5.97E+04  0.00E+00  0.00E+00  0.00E+00  0.00E+00 -1.0000E-05
    124  1.00E+03  6.07E+04  0.00E+00  0.00E+00  0.00E+00  0.00E+00 -1.0000E-05
    125  1.00E+03  6.17E+04  0.00E+00  0.00E+00  0.00E+00  0.00E+00 -1.0000E-05
    126  1.00E+03  6.27E+04  0.00E+00  0.00E+00  0.00E+00  0.00E+00 -1.0000E-05
    127  1.00E+03  6.37E+04  0.00E+00  0.00E+00  0.00E+00  0.00E+00 -1.0000E-05
    128  1.00E+03  6.47E+04  0.00E+00  0.00E+00  0.00E+00  0.00E+00 -1.0000E-05
    129  1.00E+03  6.57E+04  0.00E+00  0.00E+00  0.00E+00  0.00E+00 -1.0000E-05
    130  1.00E+03  6.67E+04  0.00E+00  0.00E+00  0.00E+00  0.00E+00 -1.0000E-05
    131  1.00E+03  6.77E+04  0.00E+00  0.00E+00  0.00E+00  0.00E+00 -1.0000E-05
    132  1.00E+03  6.87E+04  0.00E+00  0.00E+00  0.00E+00  0.00E+00 -1.0000E-05
    133  1.00E+03  6.97E+04  0.00E+00  0.00E+00  0.00E+00  0.00E+00 -1.0000E-05
    134  1.00E+03  7.07E+04  0.00E+00  0.00E+00  0.00E+00  0.00E+00 -1.0000E-05
    135  1.00E+03  7.17E+04  0.00E+00  0.00E+00  0.00E+00  0.00E+00 -1.0000E-05
    136  1.00E+03  7.27E+04  0.00E+00  0.00E+00  0.00E+00  0.00E+00 -1.0000E-05
    137  1.00E+03  7.37E+04  0.00E+00  0.00E+00  0.00E+00  0.00E+00 -1.0000E-05
    138  1.00E+03  7.47E+04  0.00E+00  0.00E+00  0.00E+00  0.00E+00 -1.0000E-05
    139  1.00E+03  7.57E+04  0.00E+00  0.00E+00  0.00E+00  0.00E+00 -1.0000E-05
    140  1.00E+03  7.67E+04  0.00E+00  0.00E+00  0.00E+00  0.00E+00 -1.0000E-05
    141  1.00E+03  7.77E+04  0.00E+00  0.00E+00  0.00E+00  0.00E+00 -1.0000E-05
    142  1.00E+03  7.87E+04  0.00E+00  0.00E+00  0.00E+00  0.00E+00 -1.0000E-05
    143  1.00E+03  7.97E+04  0.00E+00  0.00E+00  0.00E+00  0.00E+00 -1.0000E-05
    144  1.00E+03  8.07E+04  0.00E+00  0.00E+00  0.00E+00  0.00E+00 -1.0000E-05
    145  1.00E+03  8.17E+04  0.00E+00  0.00E+00  0.00E+00  0.00E+00 -1.0000E-05
    146  1.00E+03  8.27E+04  0.00E+00  0.00E+00  0.00E+00  0.00E+00 -1.0000E-05
    147  1.00E+03  8.37E+04  0.00E+00  0.00E+00  0.00E+00  0.00E+00 -1.0000E-05
    148  1.00E+03  8.47E+04  0.00E+00  0.00E+00  0.00E+00  0.00E+00 -1.0000E-05
    149  1.00E+03  8.57E+04  0.00E+00  0.00E+00  0.00E+00  0.00E+00 -1.0000E-05
    150  1.00E+03  8.67E+04  0.00E+00  0.00E+00  0.00E+00  0.00E+00 -1.0000E-05
    151  1.00E+03  8.77E+04  0.00E+00  0.00E+00  0.00E+00  0.00E+00 -1.0000E-05
    152  1.00E+03  8.87E+04  0.00E+00  0.00E+00  0.00E+00  0.00E+00 -1.0000E-05
    153  1.00E+03  8.97E+04  0.00E+00  0.00E+00  0.00E+00  0.00E+00 -1.0000E-05
    154  1.00E+03  9.07E+04  0.00E+00  0.00E+00  0.00E+00  0.00E+00 -1.0000E-05
    155  1.00E+03  9.17E+04  0.00E+00  0.00E+00  0.00E+00  0.00E+00 -1.0000E-05
    156  1.00E+03  9.27E+04  0.00E+00  0.00E+00  0.00E+00  0.00E+00 -1.0000E-05
    157  1.00E+03  9.37E+04  0.00E+00  0.00E+00  0.00E+00  0.00E+00 -1.0000E-05
    158  1.00E+03  9.47E+04  0.00E+00  0.00E+00  0.00E+00  0.00E+00 -1.0000E-05
    159  1.00E+03  9.57E+04  0.00E+00  0.00E+00  0.00E+00  0.00E+00 -1.0000E-05
    160  1.00E+03  9.67E+04  0.00E+00  0.00E+00  0.00E+00  0.00E+00 -1.0000E-05
    161  1.00E+03  9.77E+04  0.00E+00  0.00E+00  0.00E+00  0.00E+00 -1.0000E-05
    162  1.00E+03  9.87E+04  0.00E+00  0.00E+00  0.00E+00  0.00E+00 -1.0000E-05
    163  1.00E+03  9.97E+04  0.00E+00  0.00E+00  0.00E+00  0.00E+00 -1.0000E-05
    164  1.00E+03  1.01E+05  0.00E+00  0.00E+00  0.00E+00  0.00E+00 -1.0000E-05
    165  1.00E+03  1.02E+05  0.00E+00  0.00E+00  0.00E+00  0.00E+00 -1.0000E-05
    166  1.00E+03  1.03E+05  0.00E+00  0.00E+00  0.00E+00  0.00E+00 -1.0000E-05
    167  1.00E+03  1.04E+05  0.00E+00  0.00E+00  0.00E+00  0.00E+00 -1.0000E-05
    168  1.00E+03  1.05E+05  0.00E+00  0.00E+00  0.00E+00  0.00E+00 -1.0000E-05
    169  1.00E+03  1.06E+05  0.00E+00  0.00E+00  0.00E+00  0.00E+00 -1.0000E-05
    170  1.00E+03  1.07E+05  0.00E+00  0.00E+00  0.00E+00  0.00E+00 -1.0000E-05
    171  1.00E+03  1.08E+05  0.00E+00  0.00E+00  0.00E+00  0.00E+00 -1.0000E-05
    172  1.00E+03  1.09E+05  0.00E+00  0.00E+00  0.00E+00  0.00E+00 -1.0000E-05
    173  1.00E+03  1.10E+05  0.00E+00  0.00E+00  0.00E+00  0.00E+00 -1.0000E-05
    174  1.00E+03  1.11E+05  0.00E+00  0.00E+00  0.00E+00  0.00E+00 -1.0000E-05
    175  1.00E+03  1.12E+05  0.00E+00  0.00E+00  0.00E+00  0.00E+00 -1.0000E-05
    176  1.00E+03  1.13E+05  0.00E+00  0.00E+00  0.00E+00  0.00E+00 -1.0000E-05
    177  1.00E+03  1.14E+05  0.00E+00  0.00E+00  0.00E+00  0.00E+00 -1.0000E-05
    178  1.00E+03  1.15E+05  0.00E+00  0.00E+00  0.00E+00  0.00E+00 -1.0000E-05
    179  1.00E+03  1.16E+05  0.00E+00  0.00E+00  0.00E+00  0.00E+00 -1.0000E-05
    180  1.00E+03  1.17E+05  0.00E+00  0.00E+00  0.00E+00  0.00E+00 -1.0000E-05
    181  1.00E+03  1.18E+05  0.00E+00  0.00E+00  0.00E+00  0.00E+00 -1.0000E-05
    182  1.00E+03  1.19E+05  0.00E+00  0.00E+00  0.00E+00  0.00E+00 -1.0000E-05
    183  1.00E+03  1.20E+05  0.00E+00  0.00E+00  0.00E+00  0.00E+00 -1.0000E-05
    184  1.00E+03  1.21E+05  0.00E+00  0.00E+00  0.00E+00  0.00E+00 -1.0000E-05
    185  1.00E+03  1.22E+05  0.00E+00  0.00E+00  0.00E+00  0.00E+00 -1.0000E-05
    186  1.00E+03  1.23E+05  0.00E+00  0.00E+00  0.00E+00  0.00E+00 -1.0000E-05
    187  1.00E+03  1.24E+05  0.00E+00  0.00E+00  0.00E+00  0.00E+00 -1.0000E-05
    188  1.00E+03  1.25E+05  0.00E+00  0.00E+00  0.00E+00  0.00E+00 -1.0000E-05
    189  1.00E+03  1.26E+05  0.00E+00  0.00E+00  0.00E+00  0.00E+00 -1.0000E-05
    190  1.00E+03  1.27E+05  0.00E+00  0.00E+00  0.00E+00  0.00E+00 -1.0000E-05
    191  1.00E+03  1.28E+05  0.00E+00  0.00E+00  0.00E+00  0.00E+00 -1.0000E-05
    192  1.00E+03  1.29E+05  0.00E+00  0.00E+00  0.00E+00  0.00E+00 -1.0000E-05
    193  1.00E+03  1.30E+05  0.00E+00  0.00E+00  0.00E+00  0.00E+00 -1.0000E-05
    194  1.00E+03  1.31E+05  0.00E+00  0.00E+00  0.00E+00  0.00E+00 -1.0000E-05
    195  1.00E+03  1.32E+05  0.00E+00  0.00E+00  0.00E+00  0.00E+00 -1.0000E-05
    196  1.00E+03  1.33E+05  0.00E+00  0.00E+00  0.00E+00  0.00E+00 -1.0000E-05
    197  1.00E+03  1.34E+05  0.00E+00  0.00E+00  0.00E+00  0.00E+00 -1.0000E-05
    198  1.00E+03  1.35E+05  0.00E+00  0.00E+00  0.00E+00  0.00E+00 -1.0000E-05
    199  1.00E+03  1.36E+05  0.00E+00  0.00E+00  0.00E+00  0.00E+00 -1.0000E-05
    200  1.00E+03  1.37E+05  0.00E+00  0.00E+00  0.00E+00  0.00E+00 -1.0000E-05
    201  1.00E+03  1.38E+05  0.00E+00  0.00E+00  0.00E+00  0.00E+00 -1.0000E-05
    202  1.00E+03  1.39E+05  0.00E+00  0.00E+00  0.00E+00  0.00E+00 -1.0000E-05
    203  1.00E+03  1.40E+05  0.00E+00  0.00E+00  0.00E+00  0.00E+00 -1.0000E-05
    204  1.00E+03  1.41E+05  0.00E+00  0.00E+00  0.00E+00  0.00E+00 -1.0000E-05
    205  1.00E+03  1.42E+05  0.00E+00  0.00E+00  0.00E+00  0.00E+00 -1.0000E-05
    206  1.00E+03  1.43E+05  0.00E+00  0.00E+00  0.00E+00  0.00E+00 -1.0000E-05
    207  1.00E+03  1.44E+05  0.00E+00  0.00E+00  0.00E+00  0.00E+00 -1.0000E-05
    208  1.00E+03  1.45E+05  0.00E+00  0.00E+00  0.00E+00  0.00E+00 -1.0000E-05
    209  1.00E+03  1.46E+05  0.00E+00  0.00E+00  0.00E+00  0.00E+00 -1.0000E-05
    210  1.00E+03  1.47E+05  0.00E+00  0.00E+00  0.00E+00  0.00E+00 -1.0000E-05
    211  1.00E+03  1.48E+05  0.00E+00  0.00E+00  0.00E+00  0.00E+00 -1.0000E-05
    212  1.00E+03  1.49E+05  0.00E+00  0.00E+00  0.00E+00  0.00E+00 -1.0000E-05
    213  1.00E+03  1.50E+05  0.00E+00  0.00E+00  0.00E+00  0.00E+00 -1.0000E-05
    214  1.00E+03  1.51E+05  0.00E+00  0.00E+00  0.00E+00  0.00E+00 -1.0000E-05
    215  1.00E+03  1.52E+05  0.00E+00  0.00E+00  0.00E+00  0.00E+00 -1.0000E-05
    216  1.00E+03  1.53E+05  0.00E+00  0.00E+00  0.00E+00  0.00E+00 -1.0000E-05
    217  1.00E+03  1.54E+05  0.00E+00  0.00E+00  0.00E+00  0.00E+00 -1.0000E-05
    218  1.00E+03  1.55E+05  0.00E+00  0.00E+00  0.00E+00  0.00E+00 -1.0000E-05
    219  1.00E+03  1.56E+05  0.00E+00  0.00E+00  0.00E+00  0.00E+00 -1.0000E-05
    220  1.00E+03  1.57E+05  0.00E+00  0.00E+00  0.00E+00  0.00E+00 -1.0000E-05
    221  1.00E+03  1.58E+05  0.00E+00  0.00E+00  0.00E+00  0.00E+00 -1.0000E-05
    222  1.00E+03  1.59E+05  0.00E+00  0.00E+00  0.00E+00  0.00E+00 -1.0000E-05
    223  1.00E+03  1.60E+05  0.00E+00  0.00E+00  0.00E+00  0.00E+00 -1.0000E-05
    224  1.00E+03  1.61E+05  0.00E+00  0.00E+00  0.00E+00  0.00E+00 -1.0000E-05
    225  1.00E+03  1.62E+05  0.00E+00  0.00E+00  0.00E+00  0.00E+00 -1.0000E-05
    226  1.00E+03  1.63E+05  0.00E+00  0.00E+00  0.00E+00  0.00E+00 -1.0000E-05
    227  1.00E+03  1.64E+05  0.00E+00  0.00E+00  0.00E+00  0.00E+00 -1.0000E-05
    228  1.00E+03  1.65E+05  0.00E+00  0.00E+00  0.00E+00  0.00E+00 -1.0000E-05
    229  1.00E+03  1.66E+05  0.00E+00  0.00E+00  0.00E+00  0.00E+00 -1.0000E-05
    230  1.00E+03  1.67E+05  0.00E+00  0.00E+00  0.00E+00  0.00E+00 -1.0000E-05
    231  1.00E+03  1.68E+05  0.00E+00  0.00E+00  0.00E+00  0.00E+00 -1.0000E-05
    232  1.00E+03  1.69E+05  0.00E+00  0.00E+00  0.00E+00  0.00E+00 -1.0000E-05
    233  1.00E+03  1.70E+05  0.00E+00  0.00E+00  0.00E+00  0.00E+00 -1.0000E-05
    234  1.00E+03  1.71E+05  0.00E+00  0.00E+00  0.00E+00  0.00E+00 -1.0000E-05
    235  1.00E+03  1.72E+05  0.00E+00  0.00E+00  0.00E+00  0.00E+00 -1.0000E-05
    236  1.00E+03  1.73E+05  0.00E+00  0.00E+00  0.00E+00  0.00E+00 -1.0000E-05
    237  1.00E+03  1.74E+05  0.00E+00  0.00E+00  0.00E+00  0.00E+00 -1.0000E-05
    238  1.00E+03  1.75E+05  0.00E+00  0.00E+00  0.00E+00  0.00E+00 -1.0000E-05
    239  1.00E+03  1.76E+05  0.00E+00  0.00E+00  0.00E+00  0.00E+00 -1.0000E-05
    240  1.00E+03  1.77E+05  0.00E+00  0.00E+00  0.00E+00  0.00E+00 -1.0000E-05
    241  1.00E+03  1.78E+05  0.00E+00  0.00E+00  0.00E+00  0.00E+00 -1.0000E-05
    242  1.00E+03  1.79E+05  0.00E+00  0.00E+00  0.00E+00  0.00E+00 -1.0000E-05
    243  1.00E+03  1.80E+05  0.00E+00  0.00E+00  0.00E+00  0.00E+00 -1.0000E-05
    244  1.00E+03  1.81E+05  0.00E+00  0.00E+00  0.00E+00  0.00E+00 -1.0000E-05
    245  1.00E+03  1.82E+05  0.00E+00  0.00E+00  0.00E+00  0.00E+00 -1.0000E-05
    246  1.00E+03  1.83E+05  0.00E+00  0.00E+00  0.00E+00  0.00E+00 -1.0000E-05
    247  1.00E+03  1.84E+05  0.00E+00  0.00E+00  0.00E+00  0.00E+00 -1.0000E-05
    248  1.00E+03  1.85E+05  0.00E+00  0.00E+00  0.00E+00  0.00E+00 -1.0000E-05
    249  1.00E+03  1.86E+05  0.00E+00  0.00E+00  0.00E+00  0.00E+00 -1.0000E-05
    250  1.00E+03  1.87E+05  0.00E+00  0.00E+00  0.00E+00  0.00E+00 -1.0000E-05
    251  1.00E+03  1.88E+05  0.00E+00  0.00E+00  0.00E+00  0.00E+00 -1.0000E-05
    252  1.00E+03  1.89E+05  0.00E+00  0.00E+00  0.00E+00  0.00E+00 -1.0000E-05
    253  1.00E+03  1.90E+05  0.00E+00  0.00E+00  0.00E+00  0.00E+00 -1.0000E-05
    254  1.00E+03  1.91E+05  0.00E+00  0.00E+00  0.00E+00  0.00E+00 -1.0000E-05
    255  1.00E+03  1.92E+05  0.00E+00  0.00E+00  0.00E+00  0.00E+00 -1.0000E-05
    256  1.00E+03  1.93E+05  0.00E+00  0.00E+00  0.00E+00  0.00E+00 -1.0000E-05
    257  1.00E+03  1.94E+05  0.00E+00  0.00E+00  0.00E+00  0.00E+00 -1.0000E-05
    258  1.00E+03  1.95E+05  0.00E+00  0.00E+00  0.00E+00  0.00E+00 -1.0000E-05
    259  1.00E+03  1.96E+05  0.00E+00  0.00E+00  0.00E+00  0.00E+00 -1.0000E-05
    260  1.00E+03  1.97E+05  0.00E+00  0.00E+00  0.00E+00  0.00E+00 -1.0000E-05
    261  1.00E+03  1.98E+05  0.00E+00  0.00E+00  0.00E+00  0.00E+00 -1.0000E-05
    262  1.00E+03  1.99E+05  0.00E+00  0.00E+00  0.00E+00  0.00E+00 -1.0000E-05
    263  1.00E+03  2.00E+05  0.00E+00  0.00E+00  0.00E+00  0.00E+00 -1.0000E-05
    264  1.00E+03  2.01E+05  0.00E+00  0.00E+00  0.00E+00  0.00E+00 -1.0000E-05
    265  1.00E+03  2.02E+05  0.00E+00  0.00E+00  0.00E+00  0.00E+00 -1.0000E-05
    266  1.00E+03  2.03E+05  0.00E+00  0.00E+00  0.00E+00  0.00E+00 -1.0000E-05
    267  1.00E+03  2.04E+05  0.00E+00  0.00E+00  0.00E+00  0.00E+00 -1.0000E-05
    268  1.00E+03  2.05E+05  0.00E+00  0.00E+00  0.00E+00  0.00E+00 -1.0000E-05
    269  1.00E+03  2.06E+05  0.00E+00  0.00E+00  0.00E+00  0.00E+00 -1.0000E-05
    270  1.00E+03  2.07E+05  0.00E+00  0.00E+00  0.00E+00  0.00E+00 -1.0000E-05
    271  1.00E+03  2.08E+05  0.00E+00  0.00E+00  0.00E+00  0.00E+00 -1.0000E-05
    272  1.00E+03  2.09E+05  0.00E+00  0.00E+00  0.00E+00  0.00E+00 -1.0000E-05
    273  1.00E+03  2.10E+05  0.00E+00  0.00E+00  0.00E+00  0.00E+00 -1.0000E-05
    274  1.00E+03  2.11E+05  0.00E+00  0.00E+00  0.00E+00  0.00E+00 -1.0000E-05
    275  1.00E+03  2.12E+05  0.00E+00  0.00E+00  0.00E+00  0.00E+00 -1.0000E-05
    276  1.00E+03  2.13E+05  0.00E+00  0.00E+00  0.00E+00  0.00E+00 -1.0000E-05
    277  1.00E+03  2.14E+05  0.00E+00  0.00E+00  0.00E+00  0.00E+00 -1.0000E-05
    278  1.00E+03  2.15E+05  0.00E+00  0.00E+00  0.00E+00  0.00E+00 -1.0000E-05
    279  1.00E+03  2.16E+05  0.00E+00  0.00E+00  0.00E+00  0.00E+00 -1.0000E-05
    280  1.00E+03  2.17E+05  0.00E+00  0.00E+00  0.00E+00  0.00E+00 -1.0000E-05
    281  1.00E+03  2.18E+05  0.00E+00  0.00E+00  0.00E+00  0.00E+00 -1.0000E-05
    282  1.00E+03  2.19E+05  0.00E+00  0.00E+00  0.00E+00  0.00E+00 -1.0000E-05
    283  1.00E+03  2.20E+05  0.00E+00  0.00E+00  0.00E+00  0.00E+00 -1.0000E-05
    284  1.00E+03  2.21E+05  0.00E+00  0.00E+00  0.00E+00  0.00E+00 -1.0000E-05
    285  1.00E+03  2.22E+05  0.00E+00  0.00E+00  0.00E+00  0.00E+00 -1.0000E-05
    286  1.00E+03  2.23E+05  0.00E+00  0.00E+00  0.00E+00  0.00E+00 -1.0000E-05
    287  1.00E+03  2.24E+05  0.00E+00  0.00E+00  0.00E+00  0.00E+00 -1.0000E-05
    288  1.00E+03  2.25E+05  0.00E+00  0.00E+00  0.00E+00  0.00E+00 -1.0000E-05
    289  1.00E+03  2.26E+05  0.00E+00  0.00E+00  0.00E+00  0.00E+00 -1.0000E-05
    290  1.00E+03  2.27E+05  0.00E+00  0.00E+00  0.00E+00  0.00E+00 -1.0000E-05
    291  1.00E+03  2.28E+05  0.00E+00  0.00E+00  0.00E+00  0.00E+00 -1.0000E-05
    292  1.00E+03  2.29E+05  0.00E+00  0.00E+00  0.00E+00  0.00E+00 -1.0000E-05
    293  1.00E+03  2.30E+05  0.00E+00  0.00E+00  0.00E+00  0.00E+00 -1.0000E-05
    294  1.00E+03  2.31E+05  0.00E+00  0.00E+00  0.00E+00  0.00E+00 -1.0000E-05
    295  1.00E+03  2.32E+05  0.00E+00  0.00E+00  0.00E+00  0.00E+00 -1.0000E-05
    296  1.00E+03  2.33E+05  0.00E+00  0.00E+00  0.00E+00  0.00E+00 -1.0000E-05
    297  1.00E+03  2.34E+05  0.00E+00  0.00E+00  0.00E+00  0.00E+00 -1.0000E-05
    298  1.00E+03  2.35E+05  0.00E+00  0.00E+00  0.00E+00  0.00E+00 -1.0000E-05
    299  1.00E+03  2.36E+05  0.00E+00  0.00E+00  0.00E+00  0.00E+00 -1.0000E-05
    300  1.00E+03  2.37E+05  0.00E+00  0.00E+00  0.00E+00  0.00E+00 -1.0000E-05
    301  1.00E+03  2.38E+05  0.00E+00  0.00E+00  0.00E+00  0.00E+00 -1.0000E-05
    302  1.00E+03  2.39E+05  0.00E+00  0.00E+00  0.00E+00  0.00E+00 -1.0000E-05
    303  1.00E+03  2.40E+05  0.00E+00  0.00E+00  0.00E+00  0.00E+00 -1.0000E-05
    304  1.00E+03  2.41E+05  0.00E+00  0.00E+00  0.00E+00  0.00E+00 -1.0000E-05
    305  1.00E+03  2.42E+05  0.00E+00  0.00E+00  0.00E+00  0.00E+00 -1.0000E-05
    306  1.00E+03  2.43E+05  0.00E+00  0.00E+00  0.00E+00  0.00E+00 -1.0000E-05
    307  1.00E+03  2.44E+05  0.00E+00  0.00E+00  0.00E+00  0.00E+00 -1.0000E-05
    308  1.00E+03  2.45E+05  0.00E+00  0.00E+00  0.00E+00  0.00E+00 -1.0000E-05
    309  1.00E+03  2.46E+05  0.00E+00  0.00E+00  0.00E+00  0.00E+00 -1.0000E-05
    310  1.00E+03  2.47E+05  0.00E+00  0.00E+00  0.00E+00  0.00E+00 -1.0000E-05
    311  1.00E+03  2.48E+05  0.00E+00  0.00E+00  0.00E+00  0.00E+00 -1.0000E-05
    312  1.00E+03  2.49E+05  0.00E+00  0.00E+00  0.00E+00  0.00E+00 -1.0000E-05
    313  1.00E+03  2.50E+05  0.00E+00  0.00E+00  0.00E+00  0.00E+00 -1.0000E-05
    314  1.00E+03  2.51E+05  0.00E+00  0.00E+00  0.00E+00  0.00E+00 -1.0000E-05
    315  6.49E+02  2.51E+05  0.00E+00  0.00E+00  0.00E+00  0.00E+00 -1.0000E-05
    316  6.49E+02  2.52E+05  0.00E+00  0.00E+00  0.00E+00  0.00E+00 -1.0000E-05
