     1 1.000000E+00 1.000000E+00     0  0.00000E+000  0.00000E+000 -0.00000E+000  0.00000E+000 -0.00000E+000  0.00000E+000  0.00000E+000  0.00000E+000  0.00000E+000  0.00000E+000  0.00000E+000
     2 1.100000E+00 2.100000E+00     0  0.00000E+000  0.00000E+000 -0.00000E+000  0.00000E+000 -0.00000E+000  0.00000E+000  0.00000E+000  0.00000E+000  0.00000E+000  0.00000E+000  0.00000E+000
     3 1.210000E+00 3.310000E+00     0  0.00000E+000  0.00000E+000 -0.00000E+000  0.00000E+000 -0.00000E+000  0.00000E+000  0.00000E+000  0.00000E+000  0.00000E+000  0.00000E+000  0.00000E+000
     4 1.331000E+00 4.641000E+00     0  0.00000E+000  0.00000E+000 -0.00000E+000  0.00000E+000 -0.00000E+000  0.00000E+000  0.00000E+000  0.00000E+000  0.00000E+000  0.00000E+000  0.00000E+000
     5 1.464100E+00 6.105100E+00     0  0.00000E+000  0.00000E+000 -0.00000E+000  0.00000E+000 -0.00000E+000  0.00000E+000  0.00000E+000  0.00000E+000  0.00000E+000  0.00000E+000  0.00000E+000
     6 1.610510E+00 7.715610E+00     0  0.00000E+000  0.00000E+000 -0.00000E+000  0.00000E+000 -0.00000E+000  0.00000E+000  0.00000E+000  0.00000E+000  0.00000E+000  0.00000E+000  0.00000E+000
     7 1.771561E+00 9.487171E+00     0  0.00000E+000  0.00000E+000 -0.00000E+000  0.00000E+000 -0.00000E+000  0.00000E+000  0.00000E+000  0.00000E+000  0.00000E+000  0.00000E+000  0.00000E+000
     8 1.948717E+00 1.143589E+01     0  0.00000E+000  0.00000E+000 -0.00000E+000  0.00000E+000 -0.00000E+000  0.00000E+000  0.00000E+000  0.00000E+000  0.00000E+000  0.00000E+000  0.00000E+000
     9 2.143589E+00 1.357948E+01     0  0.00000E+000  0.00000E+000 -0.00000E+000  0.00000E+000 -0.00000E+000  0.00000E+000  0.00000E+000  0.00000E+000  0.00000E+000  0.00000E+000  0.00000E+000
    10 2.357948E+00 1.593742E+01     0  0.00000E+000  0.00000E+000 -0.00000E+000  0.00000E+000 -0.00000E+000  0.00000E+000  0.00000E+000  0.00000E+000  0.00000E+000  0.00000E+000  0.00000E+000
    11 2.593742E+00 1.853117E+01     0  0.00000E+000  0.00000E+000 -0.00000E+000  0.00000E+000 -0.00000E+000  0.00000E+000  0.00000E+000  0.00000E+000  0.00000E+000  0.00000E+000  0.00000E+000
    12 2.853117E+00 2.138428E+01     0  0.00000E+000  0.00000E+000 -0.00000E+000  0.00000E+000 -0.00000E+000  0.00000E+000  0.00000E+000  0.00000E+000  0.00000E+000  0.00000E+000  0.00000E+000
    13 3.138428E+00 2.452271E+01     0  0.00000E+000  0.00000E+000 -0.00000E+000  0.00000E+000 -0.00000E+000  0.00000E+000  0.00000E+000  0.00000E+000  0.00000E+000  0.00000E+000  0.00000E+000
    14 3.452271E+00 2.797498E+01     0  0.00000E+000  0.00000E+000 -0.00000E+000  0.00000E+000 -0.00000E+000  0.00000E+000  0.00000E+000  0.00000E+000  0.00000E+000  0.00000E+000  0.00000E+000
    15 3.797498E+00 3.177248E+01     0  0.00000E+000  0.00000E+000 -0.00000E+000  0.00000E+000 -0.00000E+000  0.00000E+000  0.00000E+000  0.00000E+000  0.00000E+000  0.00000E+000  0.00000E+000
    16 4.177248E+00 3.594973E+01     0  0.00000E+000  0.00000E+000 -0.00000E+000  0.00000E+000 -0.00000E+000  0.00000E+000  0.00000E+000  0.00000E+000  0.00000E+000  0.00000E+000  0.00000E+000
    17 4.594973E+00 4.054470E+01     0  0.00000E+000  0.00000E+000 -0.00000E+000  0.00000E+000 -0.00000E+000  0.00000E+000  0.00000E+000  0.00000E+000  0.00000E+000  0.00000E+000  0.00000E+000
    18 5.054470E+00 4.559917E+01     0  0.00000E+000  0.00000E+000 -0.00000E+000  0.00000E+000 -0.00000E+000  0.00000E+000  0.00000E+000  0.00000E+000  0.00000E+000  0.00000E+000  0.00000E+000
    19 5.559917E+00 5.115909E+01     0  0.00000E+000  0.00000E+000 -0.00000E+000  0.00000E+000 -0.00000E+000  0.00000E+000  0.00000E+000  0.00000E+000  0.00000E+000  0.00000E+000  0.00000E+000
    20 6.115909E+00 5.727500E+01     0  0.00000E+000  0.00000E+000 -0.00000E+000  0.00000E+000 -0.00000E+000  0.00000E+000  0.00000E+000  0.00000E+000  0.00000E+000  0.00000E+000  0.00000E+000
    21 6.727500E+00 6.400250E+01     0  0.00000E+000  0.00000E+000 -0.00000E+000  0.00000E+000 -0.00000E+000  0.00000E+000  0.00000E+000  0.00000E+000  0.00000E+000  0.00000E+000  0.00000E+000
    22 7.400250E+00 7.140275E+01     0  0.00000E+000  0.00000E+000 -0.00000E+000  0.00000E+000 -0.00000E+000  0.00000E+000  0.00000E+000  0.00000E+000  0.00000E+000  0.00000E+000  0.00000E+000
    23 8.140275E+00 7.954302E+01     0  0.00000E+000  0.00000E+000 -0.00000E+000  0.00000E+000 -0.00000E+000  0.00000E+000  0.00000E+000  0.00000E+000  0.00000E+000  0.00000E+000  0.00000E+000
    24 8.954302E+00 8.849733E+01     0  0.00000E+000  0.00000E+000 -0.00000E+000  0.00000E+000 -0.00000E+000  0.00000E+000  0.00000E+000  0.00000E+000  0.00000E+000  0.00000E+000  0.00000E+000
    25 9.849733E+00 9.834706E+01     0  0.00000E+000  0.00000E+000 -0.00000E+000  0.00000E+000 -0.00000E+000  0.00000E+000  0.00000E+000  0.00000E+000  0.00000E+000  0.00000E+000  0.00000E+000
    26 1.083471E+01 1.091818E+02     0  0.00000E+000  0.00000E+000 -0.00000E+000  0.00000E+000 -0.00000E+000  0.00000E+000  0.00000E+000  0.00000E+000  0.00000E+000  0.00000E+000  0.00000E+000
    27 1.191818E+01 1.210999E+02     0  0.00000E+000  0.00000E+000 -0.00000E+000  0.00000E+000 -0.00000E+000  0.00000E+000  0.00000E+000  0.00000E+000  0.00000E+000  0.00000E+000  0.00000E+000
    28 1.310999E+01 1.342099E+02     0  0.00000E+000  0.00000E+000 -0.00000E+000  0.00000E+000 -0.00000E+000  0.00000E+000  0.00000E+000  0.00000E+000  0.00000E+000  0.00000E+000  0.00000E+000
    29 1.442099E+01 1.486309E+02     0  0.00000E+000  0.00000E+000 -0.00000E+000  0.00000E+000 -0.00000E+000  0.00000E+000  0.00000E+000  0.00000E+000  0.00000E+000  0.00000E+000  0.00000E+000
    30 1.586309E+01 1.644940E+02     0  0.00000E+000  0.00000E+000 -0.00000E+000  0.00000E+000 -0.00000E+000  0.00000E+000  0.00000E+000  0.00000E+000  0.00000E+000  0.00000E+000  0.00000E+000
    31 1.744940E+01 1.819434E+02     0  0.00000E+000  0.00000E+000 -0.00000E+000  0.00000E+000 -0.00000E+000  0.00000E+000  0.00000E+000  0.00000E+000  0.00000E+000  0.00000E+000  0.00000E+000
    32 1.919434E+01 2.011378E+02     0  0.00000E+000  0.00000E+000 -0.00000E+000  0.00000E+000 -0.00000E+000  0.00000E+000  0.00000E+000  0.00000E+000  0.00000E+000  0.00000E+000  0.00000E+000
    33 2.111378E+01 2.222515E+02     0  0.00000E+000  0.00000E+000 -0.00000E+000  0.00000E+000 -0.00000E+000  0.00000E+000  0.00000E+000  0.00000E+000  0.00000E+000  0.00000E+000  0.00000E+000
    34 2.322515E+01 2.454767E+02     0  0.00000E+000  0.00000E+000 -0.00000E+000  0.00000E+000 -0.00000E+000  0.00000E+000  0.00000E+000  0.00000E+000  0.00000E+000  0.00000E+000  0.00000E+000
    35 2.554767E+01 2.710244E+02     0  0.00000E+000  0.00000E+000 -0.00000E+000  0.00000E+000 -0.00000E+000  0.00000E+000  0.00000E+000  0.00000E+000  0.00000E+000  0.00000E+000  0.00000E+000
    36 2.810244E+01 2.991268E+02     0  0.00000E+000  0.00000E+000 -0.00000E+000  0.00000E+000 -0.00000E+000  0.00000E+000  0.00000E+000  0.00000E+000  0.00000E+000  0.00000E+000  0.00000E+000
    37 3.091268E+01 3.300395E+02     0  0.00000E+000  0.00000E+000 -0.00000E+000  0.00000E+000 -0.00000E+000  0.00000E+000  0.00000E+000  0.00000E+000  0.00000E+000  0.00000E+000  0.00000E+000
    38 3.400395E+01 3.640434E+02     0  0.00000E+000  0.00000E+000 -0.00000E+000  0.00000E+000 -0.00000E+000  0.00000E+000  0.00000E+000  0.00000E+000  0.00000E+000  0.00000E+000  0.00000E+000
    39 3.740434E+01 4.014478E+02     0  0.00000E+000  0.00000E+000 -0.00000E+000  0.00000E+000 -0.00000E+000  0.00000E+000  0.00000E+000  0.00000E+000  0.00000E+000  0.00000E+000  0.00000E+000
    40 4.114478E+01 4.425926E+02     0  0.00000E+000  0.00000E+000 -0.00000E+000  0.00000E+000 -0.00000E+000  0.00000E+000  0.00000E+000  0.00000E+000  0.00000E+000  0.00000E+000  0.00000E+000
    41 4.525926E+01 4.878518E+02     0  0.00000E+000  0.00000E+000 -0.00000E+000  0.00000E+000 -0.00000E+000  0.00000E+000  0.00000E+000  0.00000E+000  0.00000E+000  0.00000E+000  0.00000E+000
    42 4.978518E+01 5.376370E+02     0  0.00000E+000  0.00000E+000 -0.00000E+000  0.00000E+000 -0.00000E+000  0.00000E+000  0.00000E+000  0.00000E+000  0.00000E+000  0.00000E+000  0.00000E+000
    43 5.476370E+01 5.924007E+02     0  0.00000E+000  0.00000E+000 -0.00000E+000  0.00000E+000 -0.00000E+000  0.00000E+000  0.00000E+000  0.00000E+000  0.00000E+000  0.00000E+000  0.00000E+000
    44 6.024007E+01 6.526408E+02     0  0.00000E+000  0.00000E+000 -0.00000E+000  0.00000E+000 -0.00000E+000  0.00000E+000  0.00000E+000  0.00000E+000  0.00000E+000  0.00000E+000  0.00000E+000
    45 6.626408E+01 7.189048E+02     0  0.00000E+000  0.00000E+000 -0.00000E+000  0.00000E+000 -0.00000E+000  0.00000E+000  0.00000E+000  0.00000E+000  0.00000E+000  0.00000E+000  0.00000E+000
    46 7.289048E+01 7.917953E+02     0  0.00000E+000  0.00000E+000 -0.00000E+000  0.00000E+000 -0.00000E+000  0.00000E+000  0.00000E+000  0.00000E+000  0.00000E+000  0.00000E+000  0.00000E+000
    47 8.017953E+01 8.719749E+02     0  0.00000E+000  0.00000E+000 -0.00000E+000  0.00000E+000 -0.00000E+000  0.00000E+000  0.00000E+000  0.00000E+000  0.00000E+000  0.00000E+000  0.00000E+000
    48 8.819749E+01 9.601723E+02     0  0.00000E+000  0.00000E+000 -0.00000E+000  0.00000E+000 -0.00000E+000  0.00000E+000  0.00000E+000  0.00000E+000  0.00000E+000  0.00000E+000  0.00000E+000
    49 9.701723E+01 1.057190E+03     0  0.00000E+000  0.00000E+000 -0.00000E+000  0.00000E+000 -0.00000E+000  0.00000E+000  0.00000E+000  0.00000E+000  0.00000E+000  0.00000E+000  0.00000E+000
    50 1.067190E+02 1.163909E+03     0  0.00000E+000  0.00000E+000 -0.00000E+000  0.00000E+000 -0.00000E+000  0.00000E+000  0.00000E+000  0.00000E+000  0.00000E+000  0.00000E+000  0.00000E+000
    51 1.173909E+02 1.281299E+03     0  0.00000E+000  0.00000E+000 -0.00000E+000  0.00000E+000 -0.00000E+000  0.00000E+000  0.00000E+000  0.00000E+000  0.00000E+000  0.00000E+000  0.00000E+000
    52 1.291299E+02 1.410429E+03     0  0.00000E+000  0.00000E+000 -0.00000E+000  0.00000E+000 -0.00000E+000  0.00000E+000  0.00000E+000  0.00000E+000  0.00000E+000  0.00000E+000  0.00000E+000
    53 1.420429E+02 1.552472E+03     0  0.00000E+000  0.00000E+000 -0.00000E+000  0.00000E+000 -0.00000E+000  0.00000E+000  0.00000E+000  0.00000E+000  0.00000E+000  0.00000E+000  0.00000E+000
    54 1.562472E+02 1.708719E+03     0  0.00000E+000  0.00000E+000 -0.00000E+000  0.00000E+000 -0.00000E+000  0.00000E+000  0.00000E+000  0.00000E+000  0.00000E+000  0.00000E+000  0.00000E+000
    55 1.718719E+02 1.880591E+03     0  0.00000E+000  0.00000E+000 -0.00000E+000  0.00000E+000 -0.00000E+000  0.00000E+000  0.00000E+000  0.00000E+000  0.00000E+000  0.00000E+000  0.00000E+000
    56 1.890591E+02 2.069651E+03     0  0.00000E+000  0.00000E+000 -0.00000E+000  0.00000E+000 -0.00000E+000  0.00000E+000  0.00000E+000  0.00000E+000  0.00000E+000  0.00000E+000  0.00000E+000
    57 2.079651E+02 2.277616E+03     0  0.00000E+000  0.00000E+000 -0.00000E+000  0.00000E+000 -0.00000E+000  0.00000E+000  0.00000E+000  0.00000E+000  0.00000E+000  0.00000E+000  0.00000E+000
    58 2.287616E+02 2.506377E+03     0  0.00000E+000  0.00000E+000 -0.00000E+000  0.00000E+000 -0.00000E+000  0.00000E+000  0.00000E+000  0.00000E+000  0.00000E+000  0.00000E+000  0.00000E+000
    59 2.516377E+02 2.758015E+03     0  0.00000E+000  0.00000E+000 -0.00000E+000  0.00000E+000 -0.00000E+000  0.00000E+000  0.00000E+000  0.00000E+000  0.00000E+000  0.00000E+000  0.00000E+000
    60 2.768015E+02 3.034816E+03     0  0.00000E+000  0.00000E+000 -0.00000E+000  0.00000E+000 -0.00000E+000  0.00000E+000  0.00000E+000  0.00000E+000  0.00000E+000  0.00000E+000  0.00000E+000
    61 3.044816E+02 3.339298E+03     0  0.00000E+000  0.00000E+000 -0.00000E+000  0.00000E+000 -0.00000E+000  0.00000E+000  0.00000E+000  0.00000E+000  0.00000E+000  0.00000E+000  0.00000E+000
    62 3.349298E+02 3.674228E+03     0  0.00000E+000  0.00000E+000 -0.00000E+000  0.00000E+000 -0.00000E+000  0.00000E+000  0.00000E+000  0.00000E+000  0.00000E+000  0.00000E+000  0.00000E+000
    63 3.684228E+02 4.042651E+03     0  0.00000E+000  0.00000E+000 -0.00000E+000  0.00000E+000 -0.00000E+000  0.00000E+000  0.00000E+000  0.00000E+000  0.00000E+000  0.00000E+000  0.00000E+000
    64 4.052651E+02 4.447916E+03     0  0.00000E+000  0.00000E+000 -0.00000E+000  0.00000E+000 -0.00000E+000  0.00000E+000  0.00000E+000  0.00000E+000  0.00000E+000  0.00000E+000  0.00000E+000
    65 4.457916E+02 4.893707E+03     0  0.00000E+000  0.00000E+000 -0.00000E+000  0.00000E+000 -0.00000E+000  0.00000E+000  0.00000E+000  0.00000E+000  0.00000E+000  0.00000E+000  0.00000E+000
    66 4.903707E+02 5.384078E+03     0  0.00000E+000  0.00000E+000 -0.00000E+000  0.00000E+000 -0.00000E+000  0.00000E+000  0.00000E+000  0.00000E+000  0.00000E+000  0.00000E+000  0.00000E+000
    67 5.394078E+02 5.923486E+03     0  0.00000E+000  0.00000E+000 -0.00000E+000  0.00000E+000 -0.00000E+000  0.00000E+000  0.00000E+000  0.00000E+000  0.00000E+000  0.00000E+000  0.00000E+000
    68 5.933486E+02 6.516834E+03     0  0.00000E+000  0.00000E+000 -0.00000E+000  0.00000E+000 -0.00000E+000  0.00000E+000  0.00000E+000  0.00000E+000  0.00000E+000  0.00000E+000  0.00000E+000
    69 6.526834E+02 7.169518E+03     0  0.00000E+000  0.00000E+000 -0.00000E+000  0.00000E+000 -0.00000E+000  0.00000E+000  0.00000E+000  0.00000E+000  0.00000E+000  0.00000E+000  0.00000E+000
    70 7.179518E+02 7.887470E+03     0  0.00000E+000  0.00000E+000 -0.00000E+000  0.00000E+000 -0.00000E+000  0.00000E+000  0.00000E+000  0.00000E+000  0.00000E+000  0.00000E+000  0.00000E+000
    71 7.897470E+02 8.677217E+03     0  0.00000E+000  0.00000E+000 -0.00000E+000  0.00000E+000 -0.00000E+000  0.00000E+000  0.00000E+000  0.00000E+000  0.00000E+000  0.00000E+000  0.00000E+000
    72 8.687217E+02 9.545938E+03     0  0.00000E+000  0.00000E+000 -0.00000E+000  0.00000E+000 -0.00000E+000  0.00000E+000  0.00000E+000  0.00000E+000  0.00000E+000  0.00000E+000  0.00000E+000
    73 9.555938E+02 1.050153E+04     0  0.00000E+000  0.00000E+000 -0.00000E+000  0.00000E+000 -0.00000E+000  0.00000E+000  0.00000E+000  0.00000E+000  0.00000E+000  0.00000E+000  0.00000E+000
    74 9.555938E+02 1.145713E+04     0  0.00000E+000  0.00000E+000 -0.00000E+000  0.00000E+000 -0.00000E+000  0.00000E+000  0.00000E+000  0.00000E+000  0.00000E+000  0.00000E+000  0.00000E+000
    75 9.555938E+02 1.241272E+04     0  0.00000E+000  0.00000E+000 -0.00000E+000  0.00000E+000 -0.00000E+000  0.00000E+000  0.00000E+000  0.00000E+000  0.00000E+000  0.00000E+000  0.00000E+000
    76 9.555938E+02 1.336831E+04     0  0.00000E+000  0.00000E+000 -0.00000E+000  0.00000E+000 -0.00000E+000  0.00000E+000  0.00000E+000  0.00000E+000  0.00000E+000  0.00000E+000  0.00000E+000
    77 9.555938E+02 1.432391E+04     0  0.00000E+000  0.00000E+000 -0.00000E+000  0.00000E+000 -0.00000E+000  0.00000E+000  0.00000E+000  0.00000E+000  0.00000E+000  0.00000E+000  0.00000E+000
    78 9.555938E+02 1.527950E+04     0  0.00000E+000  0.00000E+000 -0.00000E+000  0.00000E+000 -0.00000E+000  0.00000E+000  0.00000E+000  0.00000E+000  0.00000E+000  0.00000E+000  0.00000E+000
    79 9.555938E+02 1.623509E+04     0  0.00000E+000  0.00000E+000 -0.00000E+000  0.00000E+000 -0.00000E+000  0.00000E+000  0.00000E+000  0.00000E+000  0.00000E+000  0.00000E+000  0.00000E+000
    80 9.555938E+02 1.719069E+04     0  0.00000E+000  0.00000E+000 -0.00000E+000  0.00000E+000 -0.00000E+000  0.00000E+000  0.00000E+000  0.00000E+000  0.00000E+000  0.00000E+000  0.00000E+000
    81 9.555938E+02 1.814628E+04     0  0.00000E+000  0.00000E+000 -0.00000E+000  0.00000E+000 -0.00000E+000  0.00000E+000  0.00000E+000  0.00000E+000  0.00000E+000  0.00000E+000  0.00000E+000
    82 9.555938E+02 1.910188E+04     0  0.00000E+000  0.00000E+000 -0.00000E+000  0.00000E+000 -0.00000E+000  0.00000E+000  0.00000E+000  0.00000E+000  0.00000E+000  0.00000E+000  0.00000E+000
    83 9.555938E+02 2.005747E+04     0  0.00000E+000  0.00000E+000 -0.00000E+000  0.00000E+000 -0.00000E+000  0.00000E+000  0.00000E+000  0.00000E+000  0.00000E+000  0.00000E+000  0.00000E+000
    84 9.555938E+02 2.101306E+04     0  0.00000E+000  0.00000E+000 -0.00000E+000  0.00000E+000 -0.00000E+000  0.00000E+000  0.00000E+000  0.00000E+000  0.00000E+000  0.00000E+000  0.00000E+000
    85 9.555938E+02 2.196866E+04     0  0.00000E+000  0.00000E+000 -0.00000E+000  0.00000E+000 -0.00000E+000  0.00000E+000  0.00000E+000  0.00000E+000  0.00000E+000  0.00000E+000  0.00000E+000
    86 9.555938E+02 2.292425E+04     0  0.00000E+000  0.00000E+000 -0.00000E+000  0.00000E+000 -0.00000E+000  0.00000E+000  0.00000E+000  0.00000E+000  0.00000E+000  0.00000E+000  0.00000E+000
    87 9.555938E+02 2.387985E+04     0  0.00000E+000  0.00000E+000 -0.00000E+000  0.00000E+000 -0.00000E+000  0.00000E+000  0.00000E+000  0.00000E+000  0.00000E+000  0.00000E+000  0.00000E+000
    88 9.555938E+02 2.483544E+04     0  0.00000E+000  0.00000E+000 -0.00000E+000  0.00000E+000 -0.00000E+000  0.00000E+000  0.00000E+000  0.00000E+000  0.00000E+000  0.00000E+000  0.00000E+000
    89 9.555938E+02 2.579103E+04     0  0.00000E+000  0.00000E+000 -0.00000E+000  0.00000E+000 -0.00000E+000  0.00000E+000  0.00000E+000  0.00000E+000  0.00000E+000  0.00000E+000  0.00000E+000
    90 9.555938E+02 2.674663E+04     0  0.00000E+000  0.00000E+000 -0.00000E+000  0.00000E+000 -0.00000E+000  0.00000E+000  0.00000E+000  0.00000E+000  0.00000E+000  0.00000E+000  0.00000E+000
    91 9.555938E+02 2.770222E+04     0  0.00000E+000  0.00000E+000 -0.00000E+000  0.00000E+000 -0.00000E+000  0.00000E+000  0.00000E+000  0.00000E+000  0.00000E+000  0.00000E+000  0.00000E+000
    92 1.000000E+03 2.870222E+04     0  0.00000E+000  0.00000E+000 -0.00000E+000  0.00000E+000 -0.00000E+000  0.00000E+000  0.00000E+000  0.00000E+000  0.00000E+000  0.00000E+000  0.00000E+000
    93 1.000000E+03 2.970222E+04     0  0.00000E+000  0.00000E+000 -0.00000E+000  0.00000E+000 -0.00000E+000  0.00000E+000  0.00000E+000  0.00000E+000  0.00000E+000  0.00000E+000  0.00000E+000
    94 1.000000E+03 3.070222E+04     0  0.00000E+000  0.00000E+000 -0.00000E+000  0.00000E+000 -0.00000E+000  0.00000E+000  0.00000E+000  0.00000E+000  0.00000E+000  0.00000E+000  0.00000E+000
    95 1.000000E+03 3.170222E+04     0  0.00000E+000  0.00000E+000 -0.00000E+000  0.00000E+000 -0.00000E+000  0.00000E+000  0.00000E+000  0.00000E+000  0.00000E+000  0.00000E+000  0.00000E+000
    96 1.000000E+03 3.270222E+04     0  0.00000E+000  0.00000E+000 -0.00000E+000  0.00000E+000 -0.00000E+000  0.00000E+000  0.00000E+000  0.00000E+000  0.00000E+000  0.00000E+000  0.00000E+000
    97 1.000000E+03 3.370222E+04     0  0.00000E+000  0.00000E+000 -0.00000E+000  0.00000E+000 -0.00000E+000  0.00000E+000  0.00000E+000  0.00000E+000  0.00000E+000  0.00000E+000  0.00000E+000
    98 1.000000E+03 3.470222E+04     0  0.00000E+000  0.00000E+000 -0.00000E+000  0.00000E+000 -0.00000E+000  0.00000E+000  0.00000E+000  0.00000E+000  0.00000E+000  0.00000E+000  0.00000E+000
    99 1.000000E+03 3.570222E+04     0  0.00000E+000  0.00000E+000 -0.00000E+000  0.00000E+000 -0.00000E+000  0.00000E+000  0.00000E+000  0.00000E+000  0.00000E+000  0.00000E+000  0.00000E+000
   100 1.000000E+03 3.670222E+04     0  0.00000E+000  0.00000E+000 -0.00000E+000  0.00000E+000 -0.00000E+000  0.00000E+000  0.00000E+000  0.00000E+000  0.00000E+000  0.00000E+000  0.00000E+000
   101 1.000000E+03 3.770222E+04     0  0.00000E+000  0.00000E+000 -0.00000E+000  0.00000E+000 -0.00000E+000  0.00000E+000  0.00000E+000  0.00000E+000  0.00000E+000  0.00000E+000  0.00000E+000
   102 1.000000E+03 3.870222E+04     0  0.00000E+000  0.00000E+000 -0.00000E+000  0.00000E+000 -0.00000E+000  0.00000E+000  0.00000E+000  0.00000E+000  0.00000E+000  0.00000E+000  0.00000E+000
   103 1.000000E+03 3.970222E+04     0  0.00000E+000  0.00000E+000 -0.00000E+000  0.00000E+000 -0.00000E+000  0.00000E+000  0.00000E+000  0.00000E+000  0.00000E+000  0.00000E+000  0.00000E+000
   104 1.000000E+03 4.070222E+04     0  0.00000E+000  0.00000E+000 -0.00000E+000  0.00000E+000 -0.00000E+000  0.00000E+000  0.00000E+000  0.00000E+000  0.00000E+000  0.00000E+000  0.00000E+000
   105 1.000000E+03 4.170222E+04     0  0.00000E+000  0.00000E+000 -0.00000E+000  0.00000E+000 -0.00000E+000  0.00000E+000  0.00000E+000  0.00000E+000  0.00000E+000  0.00000E+000  0.00000E+000
   106 1.000000E+03 4.270222E+04     0  0.00000E+000  0.00000E+000 -0.00000E+000  0.00000E+000 -0.00000E+000  0.00000E+000  0.00000E+000  0.00000E+000  0.00000E+000  0.00000E+000  0.00000E+000
   107 1.000000E+03 4.370222E+04     0  0.00000E+000  0.00000E+000 -0.00000E+000  0.00000E+000 -0.00000E+000  0.00000E+000  0.00000E+000  0.00000E+000  0.00000E+000  0.00000E+000  0.00000E+000
   108 1.000000E+03 4.470222E+04     0  0.00000E+000  0.00000E+000 -0.00000E+000  0.00000E+000 -0.00000E+000  0.00000E+000  0.00000E+000  0.00000E+000  0.00000E+000  0.00000E+000  0.00000E+000
   109 1.000000E+03 4.570222E+04     0  0.00000E+000  0.00000E+000 -0.00000E+000  0.00000E+000 -0.00000E+000  0.00000E+000  0.00000E+000  0.00000E+000  0.00000E+000  0.00000E+000  0.00000E+000
   110 1.000000E+03 4.670222E+04     0  0.00000E+000  0.00000E+000 -0.00000E+000  0.00000E+000 -0.00000E+000  0.00000E+000  0.00000E+000  0.00000E+000  0.00000E+000  0.00000E+000  0.00000E+000
   111 1.000000E+03 4.770222E+04     0  0.00000E+000  0.00000E+000 -0.00000E+000  0.00000E+000 -0.00000E+000  0.00000E+000  0.00000E+000  0.00000E+000  0.00000E+000  0.00000E+000  0.00000E+000
   112 1.000000E+03 4.870222E+04     0  0.00000E+000  0.00000E+000 -0.00000E+000  0.00000E+000 -0.00000E+000  0.00000E+000  0.00000E+000  0.00000E+000  0.00000E+000  0.00000E+000  0.00000E+000
   113 1.000000E+03 4.970222E+04     0  0.00000E+000  0.00000E+000 -0.00000E+000  0.00000E+000 -0.00000E+000  0.00000E+000  0.00000E+000  0.00000E+000  0.00000E+000  0.00000E+000  0.00000E+000
   114 1.000000E+03 5.070222E+04     0  0.00000E+000  0.00000E+000 -0.00000E+000  0.00000E+000 -0.00000E+000  0.00000E+000  0.00000E+000  0.00000E+000  0.00000E+000  0.00000E+000  0.00000E+000
   115 1.000000E+03 5.170222E+04     0  0.00000E+000  0.00000E+000 -0.00000E+000  0.00000E+000 -0.00000E+000  0.00000E+000  0.00000E+000  0.00000E+000  0.00000E+000  0.00000E+000  0.00000E+000
   116 1.000000E+03 5.270222E+04     0  0.00000E+000  0.00000E+000 -0.00000E+000  0.00000E+000 -0.00000E+000  0.00000E+000  0.00000E+000  0.00000E+000  0.00000E+000  0.00000E+000  0.00000E+000
   117 1.000000E+03 5.370222E+04     0  0.00000E+000  0.00000E+000 -0.00000E+000  0.00000E+000 -0.00000E+000  0.00000E+000  0.00000E+000  0.00000E+000  0.00000E+000  0.00000E+000  0.00000E+000
   118 1.000000E+03 5.470222E+04     0  0.00000E+000  0.00000E+000 -0.00000E+000  0.00000E+000 -0.00000E+000  0.00000E+000  0.00000E+000  0.00000E+000  0.00000E+000  0.00000E+000  0.00000E+000
   119 1.000000E+03 5.570222E+04     0  0.00000E+000  0.00000E+000 -0.00000E+000  0.00000E+000 -0.00000E+000  0.00000E+000  0.00000E+000  0.00000E+000  0.00000E+000  0.00000E+000  0.00000E+000
   120 1.000000E+03 5.670222E+04     0  0.00000E+000  0.00000E+000 -0.00000E+000  0.00000E+000 -0.00000E+000  0.00000E+000  0.00000E+000  0.00000E+000  0.00000E+000  0.00000E+000  0.00000E+000
   121 1.000000E+03 5.770222E+04     0  0.00000E+000  0.00000E+000 -0.00000E+000  0.00000E+000 -0.00000E+000  0.00000E+000  0.00000E+000  0.00000E+000  0.00000E+000  0.00000E+000  0.00000E+000
   122 1.000000E+03 5.870222E+04     0  0.00000E+000  0.00000E+000 -0.00000E+000  0.00000E+000 -0.00000E+000  0.00000E+000  0.00000E+000  0.00000E+000  0.00000E+000  0.00000E+000  0.00000E+000
   123 1.000000E+03 5.970222E+04     0  0.00000E+000  0.00000E+000 -0.00000E+000  0.00000E+000 -0.00000E+000  0.00000E+000  0.00000E+000  0.00000E+000  0.00000E+000  0.00000E+000  0.00000E+000
   124 1.000000E+03 6.070222E+04     0  0.00000E+000  0.00000E+000 -0.00000E+000  0.00000E+000 -0.00000E+000  0.00000E+000  0.00000E+000  0.00000E+000  0.00000E+000  0.00000E+000  0.00000E+000
   125 1.000000E+03 6.170222E+04     0  0.00000E+000  0.00000E+000 -0.00000E+000  0.00000E+000 -0.00000E+000  0.00000E+000  0.00000E+000  0.00000E+000  0.00000E+000  0.00000E+000  0.00000E+000
   126 1.000000E+03 6.270222E+04     0  0.00000E+000  0.00000E+000 -0.00000E+000  0.00000E+000 -0.00000E+000  0.00000E+000  0.00000E+000  0.00000E+000  0.00000E+000  0.00000E+000  0.00000E+000
   127 1.000000E+03 6.370222E+04     0  0.00000E+000  0.00000E+000 -0.00000E+000  0.00000E+000 -0.00000E+000  0.00000E+000  0.00000E+000  0.00000E+000  0.00000E+000  0.00000E+000  0.00000E+000
   128 1.000000E+03 6.470222E+04     0  0.00000E+000  0.00000E+000 -0.00000E+000  0.00000E+000 -0.00000E+000  0.00000E+000  0.00000E+000  0.00000E+000  0.00000E+000  0.00000E+000  0.00000E+000
   129 1.000000E+03 6.570222E+04     0  0.00000E+000  0.00000E+000 -0.00000E+000  0.00000E+000 -0.00000E+000  0.00000E+000  0.00000E+000  0.00000E+000  0.00000E+000  0.00000E+000  0.00000E+000
   130 1.000000E+03 6.670222E+04     0  0.00000E+000  0.00000E+000 -0.00000E+000  0.00000E+000 -0.00000E+000  0.00000E+000  0.00000E+000  0.00000E+000  0.00000E+000  0.00000E+000  0.00000E+000
   131 1.000000E+03 6.770222E+04     0  0.00000E+000  0.00000E+000 -0.00000E+000  0.00000E+000 -0.00000E+000  0.00000E+000  0.00000E+000  0.00000E+000  0.00000E+000  0.00000E+000  0.00000E+000
   132 1.000000E+03 6.870222E+04     0  0.00000E+000  0.00000E+000 -0.00000E+000  0.00000E+000 -0.00000E+000  0.00000E+000  0.00000E+000  0.00000E+000  0.00000E+000  0.00000E+000  0.00000E+000
   133 1.000000E+03 6.970222E+04     0  0.00000E+000  0.00000E+000 -0.00000E+000  0.00000E+000 -0.00000E+000  0.00000E+000  0.00000E+000  0.00000E+000  0.00000E+000  0.00000E+000  0.00000E+000
   134 1.000000E+03 7.070222E+04     0  0.00000E+000  0.00000E+000 -0.00000E+000  0.00000E+000 -0.00000E+000  0.00000E+000  0.00000E+000  0.00000E+000  0.00000E+000  0.00000E+000  0.00000E+000
   135 1.000000E+03 7.170222E+04     0  0.00000E+000  0.00000E+000 -0.00000E+000  0.00000E+000 -0.00000E+000  0.00000E+000  0.00000E+000  0.00000E+000  0.00000E+000  0.00000E+000  0.00000E+000
   136 1.000000E+03 7.270222E+04     0  0.00000E+000  0.00000E+000 -0.00000E+000  0.00000E+000 -0.00000E+000  0.00000E+000  0.00000E+000  0.00000E+000  0.00000E+000  0.00000E+000  0.00000E+000
   137 1.000000E+03 7.370222E+04     0  0.00000E+000  0.00000E+000 -0.00000E+000  0.00000E+000 -0.00000E+000  0.00000E+000  0.00000E+000  0.00000E+000  0.00000E+000  0.00000E+000  0.00000E+000
   138 1.000000E+03 7.470222E+04     0  0.00000E+000  0.00000E+000 -0.00000E+000  0.00000E+000 -0.00000E+000  0.00000E+000  0.00000E+000  0.00000E+000  0.00000E+000  0.00000E+000  0.00000E+000
   139 1.000000E+03 7.570222E+04     0  0.00000E+000  0.00000E+000 -0.00000E+000  0.00000E+000 -0.00000E+000  0.00000E+000  0.00000E+000  0.00000E+000  0.00000E+000  0.00000E+000  0.00000E+000
   140 1.000000E+03 7.670222E+04     0  0.00000E+000  0.00000E+000 -0.00000E+000  0.00000E+000 -0.00000E+000  0.00000E+000  0.00000E+000  0.00000E+000  0.00000E+000  0.00000E+000  0.00000E+000
   141 1.000000E+03 7.770222E+04     0  0.00000E+000  0.00000E+000 -0.00000E+000  0.00000E+000 -0.00000E+000  0.00000E+000  0.00000E+000  0.00000E+000  0.00000E+000  0.00000E+000  0.00000E+000
   142 1.000000E+03 7.870222E+04     0  0.00000E+000  0.00000E+000 -0.00000E+000  0.00000E+000 -0.00000E+000  0.00000E+000  0.00000E+000  0.00000E+000  0.00000E+000  0.00000E+000  0.00000E+000
   143 1.000000E+03 7.970222E+04     0  0.00000E+000  0.00000E+000 -0.00000E+000  0.00000E+000 -0.00000E+000  0.00000E+000  0.00000E+000  0.00000E+000  0.00000E+000  0.00000E+000  0.00000E+000
   144 1.000000E+03 8.070222E+04     0  0.00000E+000  0.00000E+000 -0.00000E+000  0.00000E+000 -0.00000E+000  0.00000E+000  0.00000E+000  0.00000E+000  0.00000E+000  0.00000E+000  0.00000E+000
   145 1.000000E+03 8.170222E+04     0  0.00000E+000  0.00000E+000 -0.00000E+000  0.00000E+000 -0.00000E+000  0.00000E+000  0.00000E+000  0.00000E+000  0.00000E+000  0.00000E+000  0.00000E+000
   146 1.000000E+03 8.270222E+04     0  0.00000E+000  0.00000E+000 -0.00000E+000  0.00000E+000 -0.00000E+000  0.00000E+000  0.00000E+000  0.00000E+000  0.00000E+000  0.00000E+000  0.00000E+000
   147 1.000000E+03 8.370222E+04     0  0.00000E+000  0.00000E+000 -0.00000E+000  0.00000E+000 -0.00000E+000  0.00000E+000  0.00000E+000  0.00000E+000  0.00000E+000  0.00000E+000  0.00000E+000
   148 1.000000E+03 8.470222E+04     0  0.00000E+000  0.00000E+000 -0.00000E+000  0.00000E+000 -0.00000E+000  0.00000E+000  0.00000E+000  0.00000E+000  0.00000E+000  0.00000E+000  0.00000E+000
   149 1.000000E+03 8.570222E+04     0  0.00000E+000  0.00000E+000 -0.00000E+000  0.00000E+000 -0.00000E+000  0.00000E+000  0.00000E+000  0.00000E+000  0.00000E+000  0.00000E+000  0.00000E+000
   150 1.000000E+03 8.670222E+04     0  0.00000E+000  0.00000E+000 -0.00000E+000  0.00000E+000 -0.00000E+000  0.00000E+000  0.00000E+000  0.00000E+000  0.00000E+000  0.00000E+000  0.00000E+000
   151 1.000000E+03 8.770222E+04     0  0.00000E+000  0.00000E+000 -0.00000E+000  0.00000E+000 -0.00000E+000  0.00000E+000  0.00000E+000  0.00000E+000  0.00000E+000  0.00000E+000  0.00000E+000
   152 1.000000E+03 8.870222E+04     0  0.00000E+000  0.00000E+000 -0.00000E+000  0.00000E+000 -0.00000E+000  0.00000E+000  0.00000E+000  0.00000E+000  0.00000E+000  0.00000E+000  0.00000E+000
   153 1.000000E+03 8.970222E+04     0  0.00000E+000  0.00000E+000 -0.00000E+000  0.00000E+000 -0.00000E+000  0.00000E+000  0.00000E+000  0.00000E+000  0.00000E+000  0.00000E+000  0.00000E+000
   154 1.000000E+03 9.070222E+04     0  0.00000E+000  0.00000E+000 -0.00000E+000  0.00000E+000 -0.00000E+000  0.00000E+000  0.00000E+000  0.00000E+000  0.00000E+000  0.00000E+000  0.00000E+000
   155 1.000000E+03 9.170222E+04     0  0.00000E+000  0.00000E+000 -0.00000E+000  0.00000E+000 -0.00000E+000  0.00000E+000  0.00000E+000  0.00000E+000  0.00000E+000  0.00000E+000  0.00000E+000
   156 1.000000E+03 9.270222E+04     0  0.00000E+000  0.00000E+000 -0.00000E+000  0.00000E+000 -0.00000E+000  0.00000E+000  0.00000E+000  0.00000E+000  0.00000E+000  0.00000E+000  0.00000E+000
   157 1.000000E+03 9.370222E+04     0  0.00000E+000  0.00000E+000 -0.00000E+000  0.00000E+000 -0.00000E+000  0.00000E+000  0.00000E+000  0.00000E+000  0.00000E+000  0.00000E+000  0.00000E+000
   158 1.000000E+03 9.470222E+04     0  0.00000E+000  0.00000E+000 -0.00000E+000  0.00000E+000 -0.00000E+000  0.00000E+000  0.00000E+000  0.00000E+000  0.00000E+000  0.00000E+000  0.00000E+000
   159 1.000000E+03 9.570222E+04     0  0.00000E+000  0.00000E+000 -0.00000E+000  0.00000E+000 -0.00000E+000  0.00000E+000  0.00000E+000  0.00000E+000  0.00000E+000  0.00000E+000  0.00000E+000
   160 1.000000E+03 9.670222E+04     0  0.00000E+000  0.00000E+000 -0.00000E+000  0.00000E+000 -0.00000E+000  0.00000E+000  0.00000E+000  0.00000E+000  0.00000E+000  0.00000E+000  0.00000E+000
   161 1.000000E+03 9.770222E+04     0  0.00000E+000  0.00000E+000 -0.00000E+000  0.00000E+000 -0.00000E+000  0.00000E+000  0.00000E+000  0.00000E+000  0.00000E+000  0.00000E+000  0.00000E+000
   162 1.000000E+03 9.870222E+04     0  0.00000E+000  0.00000E+000 -0.00000E+000  0.00000E+000 -0.00000E+000  0.00000E+000  0.00000E+000  0.00000E+000  0.00000E+000  0.00000E+000  0.00000E+000
   163 1.000000E+03 9.970222E+04     0  0.00000E+000  0.00000E+000 -0.00000E+000  0.00000E+000 -0.00000E+000  0.00000E+000  0.00000E+000  0.00000E+000  0.00000E+000  0.00000E+000  0.00000E+000
   164 1.000000E+03 1.007022E+05     0  0.00000E+000  0.00000E+000 -0.00000E+000  0.00000E+000 -0.00000E+000  0.00000E+000  0.00000E+000  0.00000E+000  0.00000E+000  0.00000E+000  0.00000E+000
   165 1.000000E+03 1.017022E+05     0  0.00000E+000  0.00000E+000 -0.00000E+000  0.00000E+000 -0.00000E+000  0.00000E+000  0.00000E+000  0.00000E+000  0.00000E+000  0.00000E+000  0.00000E+000
   166 1.000000E+03 1.027022E+05     0  0.00000E+000  0.00000E+000 -0.00000E+000  0.00000E+000 -0.00000E+000  0.00000E+000  0.00000E+000  0.00000E+000  0.00000E+000  0.00000E+000  0.00000E+000
   167 1.000000E+03 1.037022E+05     0  0.00000E+000  0.00000E+000 -0.00000E+000  0.00000E+000 -0.00000E+000  0.00000E+000  0.00000E+000  0.00000E+000  0.00000E+000  0.00000E+000  0.00000E+000
   168 1.000000E+03 1.047022E+05     0  0.00000E+000  0.00000E+000 -0.00000E+000  0.00000E+000 -0.00000E+000  0.00000E+000  0.00000E+000  0.00000E+000  0.00000E+000  0.00000E+000  0.00000E+000
   169 1.000000E+03 1.057022E+05     0  0.00000E+000  0.00000E+000 -0.00000E+000  0.00000E+000 -0.00000E+000  0.00000E+000  0.00000E+000  0.00000E+000  0.00000E+000  0.00000E+000  0.00000E+000
   170 1.000000E+03 1.067022E+05     0  0.00000E+000  0.00000E+000 -0.00000E+000  0.00000E+000 -0.00000E+000  0.00000E+000  0.00000E+000  0.00000E+000  0.00000E+000  0.00000E+000  0.00000E+000
   171 1.000000E+03 1.077022E+05     0  0.00000E+000  0.00000E+000 -0.00000E+000  0.00000E+000 -0.00000E+000  0.00000E+000  0.00000E+000  0.00000E+000  0.00000E+000  0.00000E+000  0.00000E+000
   172 1.000000E+03 1.087022E+05     0  0.00000E+000  0.00000E+000 -0.00000E+000  0.00000E+000 -0.00000E+000  0.00000E+000  0.00000E+000  0.00000E+000  0.00000E+000  0.00000E+000  0.00000E+000
   173 1.000000E+03 1.097022E+05     0  0.00000E+000  0.00000E+000 -0.00000E+000  0.00000E+000 -0.00000E+000  0.00000E+000  0.00000E+000  0.00000E+000  0.00000E+000  0.00000E+000  0.00000E+000
   174 1.000000E+03 1.107022E+05     0  0.00000E+000  0.00000E+000 -0.00000E+000  0.00000E+000 -0.00000E+000  0.00000E+000  0.00000E+000  0.00000E+000  0.00000E+000  0.00000E+000  0.00000E+000
   175 1.000000E+03 1.117022E+05     0  0.00000E+000  0.00000E+000 -0.00000E+000  0.00000E+000 -0.00000E+000  0.00000E+000  0.00000E+000  0.00000E+000  0.00000E+000  0.00000E+000  0.00000E+000
   176 1.000000E+03 1.127022E+05     0  0.00000E+000  0.00000E+000 -0.00000E+000  0.00000E+000 -0.00000E+000  0.00000E+000  0.00000E+000  0.00000E+000  0.00000E+000  0.00000E+000  0.00000E+000
   177 1.000000E+03 1.137022E+05     0  0.00000E+000  0.00000E+000 -0.00000E+000  0.00000E+000 -0.00000E+000  0.00000E+000  0.00000E+000  0.00000E+000  0.00000E+000  0.00000E+000  0.00000E+000
   178 1.000000E+03 1.147022E+05     0  0.00000E+000  0.00000E+000 -0.00000E+000  0.00000E+000 -0.00000E+000  0.00000E+000  0.00000E+000  0.00000E+000  0.00000E+000  0.00000E+000  0.00000E+000
   179 1.000000E+03 1.157022E+05     0  0.00000E+000  0.00000E+000 -0.00000E+000  0.00000E+000 -0.00000E+000  0.00000E+000  0.00000E+000  0.00000E+000  0.00000E+000  0.00000E+000  0.00000E+000
   180 1.000000E+03 1.167022E+05     0  0.00000E+000  0.00000E+000 -0.00000E+000  0.00000E+000 -0.00000E+000  0.00000E+000  0.00000E+000  0.00000E+000  0.00000E+000  0.00000E+000  0.00000E+000
   181 1.000000E+03 1.177022E+05     0  0.00000E+000  0.00000E+000 -0.00000E+000  0.00000E+000 -0.00000E+000  0.00000E+000  0.00000E+000  0.00000E+000  0.00000E+000  0.00000E+000  0.00000E+000
   182 1.000000E+03 1.187022E+05     0  0.00000E+000  0.00000E+000 -0.00000E+000  0.00000E+000 -0.00000E+000  0.00000E+000  0.00000E+000  0.00000E+000  0.00000E+000  0.00000E+000  0.00000E+000
   183 1.000000E+03 1.197022E+05     0  0.00000E+000  0.00000E+000 -0.00000E+000  0.00000E+000 -0.00000E+000  0.00000E+000  0.00000E+000  0.00000E+000  0.00000E+000  0.00000E+000  0.00000E+000
   184 1.000000E+03 1.207022E+05     0  0.00000E+000  0.00000E+000 -0.00000E+000  0.00000E+000 -0.00000E+000  0.00000E+000  0.00000E+000  0.00000E+000  0.00000E+000  0.00000E+000  0.00000E+000
   185 1.000000E+03 1.217022E+05     0  0.00000E+000  0.00000E+000 -0.00000E+000  0.00000E+000 -0.00000E+000  0.00000E+000  0.00000E+000  0.00000E+000  0.00000E+000  0.00000E+000  0.00000E+000
   186 1.000000E+03 1.227022E+05     0  0.00000E+000  0.00000E+000 -0.00000E+000  0.00000E+000 -0.00000E+000  0.00000E+000  0.00000E+000  0.00000E+000  0.00000E+000  0.00000E+000  0.00000E+000
   187 1.000000E+03 1.237022E+05     0  0.00000E+000  0.00000E+000 -0.00000E+000  0.00000E+000 -0.00000E+000  0.00000E+000  0.00000E+000  0.00000E+000  0.00000E+000  0.00000E+000  0.00000E+000
   188 1.000000E+03 1.247022E+05     0  0.00000E+000  0.00000E+000 -0.00000E+000  0.00000E+000 -0.00000E+000  0.00000E+000  0.00000E+000  0.00000E+000  0.00000E+000  0.00000E+000  0.00000E+000
   189 1.000000E+03 1.257022E+05     0  0.00000E+000  0.00000E+000 -0.00000E+000  0.00000E+000 -0.00000E+000  0.00000E+000  0.00000E+000  0.00000E+000  0.00000E+000  0.00000E+000  0.00000E+000
   190 1.000000E+03 1.267022E+05     0  0.00000E+000  0.00000E+000 -0.00000E+000  0.00000E+000 -0.00000E+000  0.00000E+000  0.00000E+000  0.00000E+000  0.00000E+000  0.00000E+000  0.00000E+000
   191 1.000000E+03 1.277022E+05     0  0.00000E+000  0.00000E+000 -0.00000E+000  0.00000E+000 -0.00000E+000  0.00000E+000  0.00000E+000  0.00000E+000  0.00000E+000  0.00000E+000  0.00000E+000
   192 1.000000E+03 1.287022E+05     0  0.00000E+000  0.00000E+000 -0.00000E+000  0.00000E+000 -0.00000E+000  0.00000E+000  0.00000E+000  0.00000E+000  0.00000E+000  0.00000E+000  0.00000E+000
   193 1.000000E+03 1.297022E+05     0  0.00000E+000  0.00000E+000 -0.00000E+000  0.00000E+000 -0.00000E+000  0.00000E+000  0.00000E+000  0.00000E+000  0.00000E+000  0.00000E+000  0.00000E+000
   194 1.000000E+03 1.307022E+05     0  0.00000E+000  0.00000E+000 -0.00000E+000  0.00000E+000 -0.00000E+000  0.00000E+000  0.00000E+000  0.00000E+000  0.00000E+000  0.00000E+000  0.00000E+000
   195 1.000000E+03 1.317022E+05     0  0.00000E+000  0.00000E+000 -0.00000E+000  0.00000E+000 -0.00000E+000  0.00000E+000  0.00000E+000  0.00000E+000  0.00000E+000  0.00000E+000  0.00000E+000
   196 1.000000E+03 1.327022E+05     0  0.00000E+000  0.00000E+000 -0.00000E+000  0.00000E+000 -0.00000E+000  0.00000E+000  0.00000E+000  0.00000E+000  0.00000E+000  0.00000E+000  0.00000E+000
   197 1.000000E+03 1.337022E+05     0  0.00000E+000  0.00000E+000 -0.00000E+000  0.00000E+000 -0.00000E+000  0.00000E+000  0.00000E+000  0.00000E+000  0.00000E+000  0.00000E+000  0.00000E+000
   198 1.000000E+03 1.347022E+05     0  0.00000E+000  0.00000E+000 -0.00000E+000  0.00000E+000 -0.00000E+000  0.00000E+000  0.00000E+000  0.00000E+000  0.00000E+000  0.00000E+000  0.00000E+000
   199 1.000000E+03 1.357022E+05     0  0.00000E+000  0.00000E+000 -0.00000E+000  0.00000E+000 -0.00000E+000  0.00000E+000  0.00000E+000  0.00000E+000  0.00000E+000  0.00000E+000  0.00000E+000
   200 1.000000E+03 1.367022E+05     0  0.00000E+000  0.00000E+000 -0.00000E+000  0.00000E+000 -0.00000E+000  0.00000E+000  0.00000E+000  0.00000E+000  0.00000E+000  0.00000E+000  0.00000E+000
   201 1.000000E+03 1.377022E+05     0  0.00000E+000  0.00000E+000 -0.00000E+000  0.00000E+000 -0.00000E+000  0.00000E+000  0.00000E+000  0.00000E+000  0.00000E+000  0.00000E+000  0.00000E+000
   202 1.000000E+03 1.387022E+05     0  0.00000E+000  0.00000E+000 -0.00000E+000  0.00000E+000 -0.00000E+000  0.00000E+000  0.00000E+000  0.00000E+000  0.00000E+000  0.00000E+000  0.00000E+000
   203 1.000000E+03 1.397022E+05     0  0.00000E+000  0.00000E+000 -0.00000E+000  0.00000E+000 -0.00000E+000  0.00000E+000  0.00000E+000  0.00000E+000  0.00000E+000  0.00000E+000  0.00000E+000
   204 1.000000E+03 1.407022E+05     0  0.00000E+000  0.00000E+000 -0.00000E+000  0.00000E+000 -0.00000E+000  0.00000E+000  0.00000E+000  0.00000E+000  0.00000E+000  0.00000E+000  0.00000E+000
   205 1.000000E+03 1.417022E+05     0  0.00000E+000  0.00000E+000 -0.00000E+000  0.00000E+000 -0.00000E+000  0.00000E+000  0.00000E+000  0.00000E+000  0.00000E+000  0.00000E+000  0.00000E+000
   206 1.000000E+03 1.427022E+05     0  0.00000E+000  0.00000E+000 -0.00000E+000  0.00000E+000 -0.00000E+000  0.00000E+000  0.00000E+000  0.00000E+000  0.00000E+000  0.00000E+000  0.00000E+000
   207 1.000000E+03 1.437022E+05     0  0.00000E+000  0.00000E+000 -0.00000E+000  0.00000E+000 -0.00000E+000  0.00000E+000  0.00000E+000  0.00000E+000  0.00000E+000  0.00000E+000  0.00000E+000
   208 1.000000E+03 1.447022E+05     0  0.00000E+000  0.00000E+000 -0.00000E+000  0.00000E+000 -0.00000E+000  0.00000E+000  0.00000E+000  0.00000E+000  0.00000E+000  0.00000E+000  0.00000E+000
   209 1.000000E+03 1.457022E+05     0  0.00000E+000  0.00000E+000 -0.00000E+000  0.00000E+000 -0.00000E+000  0.00000E+000  0.00000E+000  0.00000E+000  0.00000E+000  0.00000E+000  0.00000E+000
   210 1.000000E+03 1.467022E+05     0  0.00000E+000  0.00000E+000 -0.00000E+000  0.00000E+000 -0.00000E+000  0.00000E+000  0.00000E+000  0.00000E+000  0.00000E+000  0.00000E+000  0.00000E+000
   211 1.000000E+03 1.477022E+05     0  0.00000E+000  0.00000E+000 -0.00000E+000  0.00000E+000 -0.00000E+000  0.00000E+000  0.00000E+000  0.00000E+000  0.00000E+000  0.00000E+000  0.00000E+000
   212 1.000000E+03 1.487022E+05     0  0.00000E+000  0.00000E+000 -0.00000E+000  0.00000E+000 -0.00000E+000  0.00000E+000  0.00000E+000  0.00000E+000  0.00000E+000  0.00000E+000  0.00000E+000
   213 1.000000E+03 1.497022E+05     0  0.00000E+000  0.00000E+000 -0.00000E+000  0.00000E+000 -0.00000E+000  0.00000E+000  0.00000E+000  0.00000E+000  0.00000E+000  0.00000E+000  0.00000E+000
   214 1.000000E+03 1.507022E+05     0  0.00000E+000  0.00000E+000 -0.00000E+000  0.00000E+000 -0.00000E+000  0.00000E+000  0.00000E+000  0.00000E+000  0.00000E+000  0.00000E+000  0.00000E+000
   215 1.000000E+03 1.517022E+05     0  0.00000E+000  0.00000E+000 -0.00000E+000  0.00000E+000 -0.00000E+000  0.00000E+000  0.00000E+000  0.00000E+000  0.00000E+000  0.00000E+000  0.00000E+000
   216 1.000000E+03 1.527022E+05     0  0.00000E+000  0.00000E+000 -0.00000E+000  0.00000E+000 -0.00000E+000  0.00000E+000  0.00000E+000  0.00000E+000  0.00000E+000  0.00000E+000  0.00000E+000
   217 1.000000E+03 1.537022E+05     0  0.00000E+000  0.00000E+000 -0.00000E+000  0.00000E+000 -0.00000E+000  0.00000E+000  0.00000E+000  0.00000E+000  0.00000E+000  0.00000E+000  0.00000E+000
   218 1.000000E+03 1.547022E+05     0  0.00000E+000  0.00000E+000 -0.00000E+000  0.00000E+000 -0.00000E+000  0.00000E+000  0.00000E+000  0.00000E+000  0.00000E+000  0.00000E+000  0.00000E+000
   219 1.000000E+03 1.557022E+05     0  0.00000E+000  0.00000E+000 -0.00000E+000  0.00000E+000 -0.00000E+000  0.00000E+000  0.00000E+000  0.00000E+000  0.00000E+000  0.00000E+000  0.00000E+000
   220 1.000000E+03 1.567022E+05     0  0.00000E+000  0.00000E+000 -0.00000E+000  0.00000E+000 -0.00000E+000  0.00000E+000  0.00000E+000  0.00000E+000  0.00000E+000  0.00000E+000  0.00000E+000
   221 1.000000E+03 1.577022E+05     0  0.00000E+000  0.00000E+000 -0.00000E+000  0.00000E+000 -0.00000E+000  0.00000E+000  0.00000E+000  0.00000E+000  0.00000E+000  0.00000E+000  0.00000E+000
   222 1.000000E+03 1.587022E+05     0  0.00000E+000  0.00000E+000 -0.00000E+000  0.00000E+000 -0.00000E+000  0.00000E+000  0.00000E+000  0.00000E+000  0.00000E+000  0.00000E+000  0.00000E+000
   223 1.000000E+03 1.597022E+05     0  0.00000E+000  0.00000E+000 -0.00000E+000  0.00000E+000 -0.00000E+000  0.00000E+000  0.00000E+000  0.00000E+000  0.00000E+000  0.00000E+000  0.00000E+000
   224 1.000000E+03 1.607022E+05     0  0.00000E+000  0.00000E+000 -0.00000E+000  0.00000E+000 -0.00000E+000  0.00000E+000  0.00000E+000  0.00000E+000  0.00000E+000  0.00000E+000  0.00000E+000
   225 1.000000E+03 1.617022E+05     0  0.00000E+000  0.00000E+000 -0.00000E+000  0.00000E+000 -0.00000E+000  0.00000E+000  0.00000E+000  0.00000E+000  0.00000E+000  0.00000E+000  0.00000E+000
   226 1.000000E+03 1.627022E+05     0  0.00000E+000  0.00000E+000 -0.00000E+000  0.00000E+000 -0.00000E+000  0.00000E+000  0.00000E+000  0.00000E+000  0.00000E+000  0.00000E+000  0.00000E+000
   227 1.000000E+03 1.637022E+05     0  0.00000E+000  0.00000E+000 -0.00000E+000  0.00000E+000 -0.00000E+000  0.00000E+000  0.00000E+000  0.00000E+000  0.00000E+000  0.00000E+000  0.00000E+000
   228 1.000000E+03 1.647022E+05     0  0.00000E+000  0.00000E+000 -0.00000E+000  0.00000E+000 -0.00000E+000  0.00000E+000  0.00000E+000  0.00000E+000  0.00000E+000  0.00000E+000  0.00000E+000
   229 1.000000E+03 1.657022E+05     0  0.00000E+000  0.00000E+000 -0.00000E+000  0.00000E+000 -0.00000E+000  0.00000E+000  0.00000E+000  0.00000E+000  0.00000E+000  0.00000E+000  0.00000E+000
   230 1.000000E+03 1.667022E+05     0  0.00000E+000  0.00000E+000 -0.00000E+000  0.00000E+000 -0.00000E+000  0.00000E+000  0.00000E+000  0.00000E+000  0.00000E+000  0.00000E+000  0.00000E+000
   231 1.000000E+03 1.677022E+05     0  0.00000E+000  0.00000E+000 -0.00000E+000  0.00000E+000 -0.00000E+000  0.00000E+000  0.00000E+000  0.00000E+000  0.00000E+000  0.00000E+000  0.00000E+000
   232 1.000000E+03 1.687022E+05     0  0.00000E+000  0.00000E+000 -0.00000E+000  0.00000E+000 -0.00000E+000  0.00000E+000  0.00000E+000  0.00000E+000  0.00000E+000  0.00000E+000  0.00000E+000
   233 1.000000E+03 1.697022E+05     0  0.00000E+000  0.00000E+000 -0.00000E+000  0.00000E+000 -0.00000E+000  0.00000E+000  0.00000E+000  0.00000E+000  0.00000E+000  0.00000E+000  0.00000E+000
   234 1.000000E+03 1.707022E+05     0  0.00000E+000  0.00000E+000 -0.00000E+000  0.00000E+000 -0.00000E+000  0.00000E+000  0.00000E+000  0.00000E+000  0.00000E+000  0.00000E+000  0.00000E+000
   235 1.000000E+03 1.717022E+05     0  0.00000E+000  0.00000E+000 -0.00000E+000  0.00000E+000 -0.00000E+000  0.00000E+000  0.00000E+000  0.00000E+000  0.00000E+000  0.00000E+000  0.00000E+000
   236 1.000000E+03 1.727022E+05     0  0.00000E+000  0.00000E+000 -0.00000E+000  0.00000E+000 -0.00000E+000  0.00000E+000  0.00000E+000  0.00000E+000  0.00000E+000  0.00000E+000  0.00000E+000
   237 1.000000E+03 1.737022E+05     0  0.00000E+000  0.00000E+000 -0.00000E+000  0.00000E+000 -0.00000E+000  0.00000E+000  0.00000E+000  0.00000E+000  0.00000E+000  0.00000E+000  0.00000E+000
   238 1.000000E+03 1.747022E+05     0  0.00000E+000  0.00000E+000 -0.00000E+000  0.00000E+000 -0.00000E+000  0.00000E+000  0.00000E+000  0.00000E+000  0.00000E+000  0.00000E+000  0.00000E+000
   239 1.000000E+03 1.757022E+05     0  0.00000E+000  0.00000E+000 -0.00000E+000  0.00000E+000 -0.00000E+000  0.00000E+000  0.00000E+000  0.00000E+000  0.00000E+000  0.00000E+000  0.00000E+000
   240 1.000000E+03 1.767022E+05     0  0.00000E+000  0.00000E+000 -0.00000E+000  0.00000E+000 -0.00000E+000  0.00000E+000  0.00000E+000  0.00000E+000  0.00000E+000  0.00000E+000  0.00000E+000
   241 1.000000E+03 1.777022E+05     0  0.00000E+000  0.00000E+000 -0.00000E+000  0.00000E+000 -0.00000E+000  0.00000E+000  0.00000E+000  0.00000E+000  0.00000E+000  0.00000E+000  0.00000E+000
   242 1.000000E+03 1.787022E+05     0  0.00000E+000  0.00000E+000 -0.00000E+000  0.00000E+000 -0.00000E+000  0.00000E+000  0.00000E+000  0.00000E+000  0.00000E+000  0.00000E+000  0.00000E+000
   243 1.000000E+03 1.797022E+05     0  0.00000E+000  0.00000E+000 -0.00000E+000  0.00000E+000 -0.00000E+000  0.00000E+000  0.00000E+000  0.00000E+000  0.00000E+000  0.00000E+000  0.00000E+000
   244 1.000000E+03 1.807022E+05     0  0.00000E+000  0.00000E+000 -0.00000E+000  0.00000E+000 -0.00000E+000  0.00000E+000  0.00000E+000  0.00000E+000  0.00000E+000  0.00000E+000  0.00000E+000
   245 1.000000E+03 1.817022E+05     0  0.00000E+000  0.00000E+000 -0.00000E+000  0.00000E+000 -0.00000E+000  0.00000E+000  0.00000E+000  0.00000E+000  0.00000E+000  0.00000E+000  0.00000E+000
   246 1.000000E+03 1.827022E+05     0  0.00000E+000  0.00000E+000 -0.00000E+000  0.00000E+000 -0.00000E+000  0.00000E+000  0.00000E+000  0.00000E+000  0.00000E+000  0.00000E+000  0.00000E+000
   247 1.000000E+03 1.837022E+05     0  0.00000E+000  0.00000E+000 -0.00000E+000  0.00000E+000 -0.00000E+000  0.00000E+000  0.00000E+000  0.00000E+000  0.00000E+000  0.00000E+000  0.00000E+000
   248 1.000000E+03 1.847022E+05     0  0.00000E+000  0.00000E+000 -0.00000E+000  0.00000E+000 -0.00000E+000  0.00000E+000  0.00000E+000  0.00000E+000  0.00000E+000  0.00000E+000  0.00000E+000
   249 1.000000E+03 1.857022E+05     0  0.00000E+000  0.00000E+000 -0.00000E+000  0.00000E+000 -0.00000E+000  0.00000E+000  0.00000E+000  0.00000E+000  0.00000E+000  0.00000E+000  0.00000E+000
   250 1.000000E+03 1.867022E+05     0  0.00000E+000  0.00000E+000 -0.00000E+000  0.00000E+000 -0.00000E+000  0.00000E+000  0.00000E+000  0.00000E+000  0.00000E+000  0.00000E+000  0.00000E+000
   251 1.000000E+03 1.877022E+05     0  0.00000E+000  0.00000E+000 -0.00000E+000  0.00000E+000 -0.00000E+000  0.00000E+000  0.00000E+000  0.00000E+000  0.00000E+000  0.00000E+000  0.00000E+000
   252 1.000000E+03 1.887022E+05     0  0.00000E+000  0.00000E+000 -0.00000E+000  0.00000E+000 -0.00000E+000  0.00000E+000  0.00000E+000  0.00000E+000  0.00000E+000  0.00000E+000  0.00000E+000
   253 1.000000E+03 1.897022E+05     0  0.00000E+000  0.00000E+000 -0.00000E+000  0.00000E+000 -0.00000E+000  0.00000E+000  0.00000E+000  0.00000E+000  0.00000E+000  0.00000E+000  0.00000E+000
   254 1.000000E+03 1.907022E+05     0  0.00000E+000  0.00000E+000 -0.00000E+000  0.00000E+000 -0.00000E+000  0.00000E+000  0.00000E+000  0.00000E+000  0.00000E+000  0.00000E+000  0.00000E+000
   255 1.000000E+03 1.917022E+05     0  0.00000E+000  0.00000E+000 -0.00000E+000  0.00000E+000 -0.00000E+000  0.00000E+000  0.00000E+000  0.00000E+000  0.00000E+000  0.00000E+000  0.00000E+000
   256 1.000000E+03 1.927022E+05     0  0.00000E+000  0.00000E+000 -0.00000E+000  0.00000E+000 -0.00000E+000  0.00000E+000  0.00000E+000  0.00000E+000  0.00000E+000  0.00000E+000  0.00000E+000
   257 1.000000E+03 1.937022E+05     0  0.00000E+000  0.00000E+000 -0.00000E+000  0.00000E+000 -0.00000E+000  0.00000E+000  0.00000E+000  0.00000E+000  0.00000E+000  0.00000E+000  0.00000E+000
   258 1.000000E+03 1.947022E+05     0  0.00000E+000  0.00000E+000 -0.00000E+000  0.00000E+000 -0.00000E+000  0.00000E+000  0.00000E+000  0.00000E+000  0.00000E+000  0.00000E+000  0.00000E+000
   259 1.000000E+03 1.957022E+05     0  0.00000E+000  0.00000E+000 -0.00000E+000  0.00000E+000 -0.00000E+000  0.00000E+000  0.00000E+000  0.00000E+000  0.00000E+000  0.00000E+000  0.00000E+000
   260 1.000000E+03 1.967022E+05     0  0.00000E+000  0.00000E+000 -0.00000E+000  0.00000E+000 -0.00000E+000  0.00000E+000  0.00000E+000  0.00000E+000  0.00000E+000  0.00000E+000  0.00000E+000
   261 1.000000E+03 1.977022E+05     0  0.00000E+000  0.00000E+000 -0.00000E+000  0.00000E+000 -0.00000E+000  0.00000E+000  0.00000E+000  0.00000E+000  0.00000E+000  0.00000E+000  0.00000E+000
   262 1.000000E+03 1.987022E+05     0  0.00000E+000  0.00000E+000 -0.00000E+000  0.00000E+000 -0.00000E+000  0.00000E+000  0.00000E+000  0.00000E+000  0.00000E+000  0.00000E+000  0.00000E+000
   263 1.000000E+03 1.997022E+05     0  0.00000E+000  0.00000E+000 -0.00000E+000  0.00000E+000 -0.00000E+000  0.00000E+000  0.00000E+000  0.00000E+000  0.00000E+000  0.00000E+000  0.00000E+000
   264 1.000000E+03 2.007022E+05     0  0.00000E+000  0.00000E+000 -0.00000E+000  0.00000E+000 -0.00000E+000  0.00000E+000  0.00000E+000  0.00000E+000  0.00000E+000  0.00000E+000  0.00000E+000
   265 1.000000E+03 2.017022E+05     0  0.00000E+000  0.00000E+000 -0.00000E+000  0.00000E+000 -0.00000E+000  0.00000E+000  0.00000E+000  0.00000E+000  0.00000E+000  0.00000E+000  0.00000E+000
   266 1.000000E+03 2.027022E+05     0  0.00000E+000  0.00000E+000 -0.00000E+000  0.00000E+000 -0.00000E+000  0.00000E+000  0.00000E+000  0.00000E+000  0.00000E+000  0.00000E+000  0.00000E+000
   267 1.000000E+03 2.037022E+05     0  0.00000E+000  0.00000E+000 -0.00000E+000  0.00000E+000 -0.00000E+000  0.00000E+000  0.00000E+000  0.00000E+000  0.00000E+000  0.00000E+000  0.00000E+000
   268 1.000000E+03 2.047022E+05     0  0.00000E+000  0.00000E+000 -0.00000E+000  0.00000E+000 -0.00000E+000  0.00000E+000  0.00000E+000  0.00000E+000  0.00000E+000  0.00000E+000  0.00000E+000
   269 1.000000E+03 2.057022E+05     0  0.00000E+000  0.00000E+000 -0.00000E+000  0.00000E+000 -0.00000E+000  0.00000E+000  0.00000E+000  0.00000E+000  0.00000E+000  0.00000E+000  0.00000E+000
   270 1.000000E+03 2.067022E+05     0  0.00000E+000  0.00000E+000 -0.00000E+000  0.00000E+000 -0.00000E+000  0.00000E+000  0.00000E+000  0.00000E+000  0.00000E+000  0.00000E+000  0.00000E+000
   271 1.000000E+03 2.077022E+05     0  0.00000E+000  0.00000E+000 -0.00000E+000  0.00000E+000 -0.00000E+000  0.00000E+000  0.00000E+000  0.00000E+000  0.00000E+000  0.00000E+000  0.00000E+000
   272 1.000000E+03 2.087022E+05     0  0.00000E+000  0.00000E+000 -0.00000E+000  0.00000E+000 -0.00000E+000  0.00000E+000  0.00000E+000  0.00000E+000  0.00000E+000  0.00000E+000  0.00000E+000
   273 1.000000E+03 2.097022E+05     0  0.00000E+000  0.00000E+000 -0.00000E+000  0.00000E+000 -0.00000E+000  0.00000E+000  0.00000E+000  0.00000E+000  0.00000E+000  0.00000E+000  0.00000E+000
   274 1.000000E+03 2.107022E+05     0  0.00000E+000  0.00000E+000 -0.00000E+000  0.00000E+000 -0.00000E+000  0.00000E+000  0.00000E+000  0.00000E+000  0.00000E+000  0.00000E+000  0.00000E+000
   275 1.000000E+03 2.117022E+05     0  0.00000E+000  0.00000E+000 -0.00000E+000  0.00000E+000 -0.00000E+000  0.00000E+000  0.00000E+000  0.00000E+000  0.00000E+000  0.00000E+000  0.00000E+000
   276 1.000000E+03 2.127022E+05     0  0.00000E+000  0.00000E+000 -0.00000E+000  0.00000E+000 -0.00000E+000  0.00000E+000  0.00000E+000  0.00000E+000  0.00000E+000  0.00000E+000  0.00000E+000
   277 1.000000E+03 2.137022E+05     0  0.00000E+000  0.00000E+000 -0.00000E+000  0.00000E+000 -0.00000E+000  0.00000E+000  0.00000E+000  0.00000E+000  0.00000E+000  0.00000E+000  0.00000E+000
   278 1.000000E+03 2.147022E+05     0  0.00000E+000  0.00000E+000 -0.00000E+000  0.00000E+000 -0.00000E+000  0.00000E+000  0.00000E+000  0.00000E+000  0.00000E+000  0.00000E+000  0.00000E+000
   279 1.000000E+03 2.157022E+05     0  0.00000E+000  0.00000E+000 -0.00000E+000  0.00000E+000 -0.00000E+000  0.00000E+000  0.00000E+000  0.00000E+000  0.00000E+000  0.00000E+000  0.00000E+000
   280 1.000000E+03 2.167022E+05     0  0.00000E+000  0.00000E+000 -0.00000E+000  0.00000E+000 -0.00000E+000  0.00000E+000  0.00000E+000  0.00000E+000  0.00000E+000  0.00000E+000  0.00000E+000
   281 1.000000E+03 2.177022E+05     0  0.00000E+000  0.00000E+000 -0.00000E+000  0.00000E+000 -0.00000E+000  0.00000E+000  0.00000E+000  0.00000E+000  0.00000E+000  0.00000E+000  0.00000E+000
   282 1.000000E+03 2.187022E+05     0  0.00000E+000  0.00000E+000 -0.00000E+000  0.00000E+000 -0.00000E+000  0.00000E+000  0.00000E+000  0.00000E+000  0.00000E+000  0.00000E+000  0.00000E+000
   283 1.000000E+03 2.197022E+05     0  0.00000E+000  0.00000E+000 -0.00000E+000  0.00000E+000 -0.00000E+000  0.00000E+000  0.00000E+000  0.00000E+000  0.00000E+000  0.00000E+000  0.00000E+000
   284 1.000000E+03 2.207022E+05     0  0.00000E+000  0.00000E+000 -0.00000E+000  0.00000E+000 -0.00000E+000  0.00000E+000  0.00000E+000  0.00000E+000  0.00000E+000  0.00000E+000  0.00000E+000
   285 1.000000E+03 2.217022E+05     0  0.00000E+000  0.00000E+000 -0.00000E+000  0.00000E+000 -0.00000E+000  0.00000E+000  0.00000E+000  0.00000E+000  0.00000E+000  0.00000E+000  0.00000E+000
   286 1.000000E+03 2.227022E+05     0  0.00000E+000  0.00000E+000 -0.00000E+000  0.00000E+000 -0.00000E+000  0.00000E+000  0.00000E+000  0.00000E+000  0.00000E+000  0.00000E+000  0.00000E+000
   287 1.000000E+03 2.237022E+05     0  0.00000E+000  0.00000E+000 -0.00000E+000  0.00000E+000 -0.00000E+000  0.00000E+000  0.00000E+000  0.00000E+000  0.00000E+000  0.00000E+000  0.00000E+000
   288 1.000000E+03 2.247022E+05     0  0.00000E+000  0.00000E+000 -0.00000E+000  0.00000E+000 -0.00000E+000  0.00000E+000  0.00000E+000  0.00000E+000  0.00000E+000  0.00000E+000  0.00000E+000
   289 1.000000E+03 2.257022E+05     0  0.00000E+000  0.00000E+000 -0.00000E+000  0.00000E+000 -0.00000E+000  0.00000E+000  0.00000E+000  0.00000E+000  0.00000E+000  0.00000E+000  0.00000E+000
   290 1.000000E+03 2.267022E+05     0  0.00000E+000  0.00000E+000 -0.00000E+000  0.00000E+000 -0.00000E+000  0.00000E+000  0.00000E+000  0.00000E+000  0.00000E+000  0.00000E+000  0.00000E+000
   291 1.000000E+03 2.277022E+05     0  0.00000E+000  0.00000E+000 -0.00000E+000  0.00000E+000 -0.00000E+000  0.00000E+000  0.00000E+000  0.00000E+000  0.00000E+000  0.00000E+000  0.00000E+000
   292 1.000000E+03 2.287022E+05     0  0.00000E+000  0.00000E+000 -0.00000E+000  0.00000E+000 -0.00000E+000  0.00000E+000  0.00000E+000  0.00000E+000  0.00000E+000  0.00000E+000  0.00000E+000
   293 1.000000E+03 2.297022E+05     0  0.00000E+000  0.00000E+000 -0.00000E+000  0.00000E+000 -0.00000E+000  0.00000E+000  0.00000E+000  0.00000E+000  0.00000E+000  0.00000E+000  0.00000E+000
   294 1.000000E+03 2.307022E+05     0  0.00000E+000  0.00000E+000 -0.00000E+000  0.00000E+000 -0.00000E+000  0.00000E+000  0.00000E+000  0.00000E+000  0.00000E+000  0.00000E+000  0.00000E+000
   295 1.000000E+03 2.317022E+05     0  0.00000E+000  0.00000E+000 -0.00000E+000  0.00000E+000 -0.00000E+000  0.00000E+000  0.00000E+000  0.00000E+000  0.00000E+000  0.00000E+000  0.00000E+000
   296 1.000000E+03 2.327022E+05     0  0.00000E+000  0.00000E+000 -0.00000E+000  0.00000E+000 -0.00000E+000  0.00000E+000  0.00000E+000  0.00000E+000  0.00000E+000  0.00000E+000  0.00000E+000
   297 1.000000E+03 2.337022E+05     0  0.00000E+000  0.00000E+000 -0.00000E+000  0.00000E+000 -0.00000E+000  0.00000E+000  0.00000E+000  0.00000E+000  0.00000E+000  0.00000E+000  0.00000E+000
   298 1.000000E+03 2.347022E+05     0  0.00000E+000  0.00000E+000 -0.00000E+000  0.00000E+000 -0.00000E+000  0.00000E+000  0.00000E+000  0.00000E+000  0.00000E+000  0.00000E+000  0.00000E+000
   299 1.000000E+03 2.357022E+05     0  0.00000E+000  0.00000E+000 -0.00000E+000  0.00000E+000 -0.00000E+000  0.00000E+000  0.00000E+000  0.00000E+000  0.00000E+000  0.00000E+000  0.00000E+000
   300 1.000000E+03 2.367022E+05     0  0.00000E+000  0.00000E+000 -0.00000E+000  0.00000E+000 -0.00000E+000  0.00000E+000  0.00000E+000  0.00000E+000  0.00000E+000  0.00000E+000  0.00000E+000
   301 1.000000E+03 2.377022E+05     0  0.00000E+000  0.00000E+000 -0.00000E+000  0.00000E+000 -0.00000E+000  0.00000E+000  0.00000E+000  0.00000E+000  0.00000E+000  0.00000E+000  0.00000E+000
   302 1.000000E+03 2.387022E+05     0  0.00000E+000  0.00000E+000 -0.00000E+000  0.00000E+000 -0.00000E+000  0.00000E+000  0.00000E+000  0.00000E+000  0.00000E+000  0.00000E+000  0.00000E+000
   303 1.000000E+03 2.397022E+05     0  0.00000E+000  0.00000E+000 -0.00000E+000  0.00000E+000 -0.00000E+000  0.00000E+000  0.00000E+000  0.00000E+000  0.00000E+000  0.00000E+000  0.00000E+000
   304 1.000000E+03 2.407022E+05     0  0.00000E+000  0.00000E+000 -0.00000E+000  0.00000E+000 -0.00000E+000  0.00000E+000  0.00000E+000  0.00000E+000  0.00000E+000  0.00000E+000  0.00000E+000
   305 1.000000E+03 2.417022E+05     0  0.00000E+000  0.00000E+000 -0.00000E+000  0.00000E+000 -0.00000E+000  0.00000E+000  0.00000E+000  0.00000E+000  0.00000E+000  0.00000E+000  0.00000E+000
   306 1.000000E+03 2.427022E+05     0  0.00000E+000  0.00000E+000 -0.00000E+000  0.00000E+000 -0.00000E+000  0.00000E+000  0.00000E+000  0.00000E+000  0.00000E+000  0.00000E+000  0.00000E+000
   307 1.000000E+03 2.437022E+05     0  0.00000E+000  0.00000E+000 -0.00000E+000  0.00000E+000 -0.00000E+000  0.00000E+000  0.00000E+000  0.00000E+000  0.00000E+000  0.00000E+000  0.00000E+000
   308 1.000000E+03 2.447022E+05     0  0.00000E+000  0.00000E+000 -0.00000E+000  0.00000E+000 -0.00000E+000  0.00000E+000  0.00000E+000  0.00000E+000  0.00000E+000  0.00000E+000  0.00000E+000
   309 1.000000E+03 2.457022E+05     0  0.00000E+000  0.00000E+000 -0.00000E+000  0.00000E+000 -0.00000E+000  0.00000E+000  0.00000E+000  0.00000E+000  0.00000E+000  0.00000E+000  0.00000E+000
   310 1.000000E+03 2.467022E+05     0  0.00000E+000  0.00000E+000 -0.00000E+000  0.00000E+000 -0.00000E+000  0.00000E+000  0.00000E+000  0.00000E+000  0.00000E+000  0.00000E+000  0.00000E+000
   311 1.000000E+03 2.477022E+05     0  0.00000E+000  0.00000E+000 -0.00000E+000  0.00000E+000 -0.00000E+000  0.00000E+000  0.00000E+000  0.00000E+000  0.00000E+000  0.00000E+000  0.00000E+000
   312 1.000000E+03 2.487022E+05     0  0.00000E+000  0.00000E+000 -0.00000E+000  0.00000E+000 -0.00000E+000  0.00000E+000  0.00000E+000  0.00000E+000  0.00000E+000  0.00000E+000  0.00000E+000
   313 1.000000E+03 2.497022E+05     0  0.00000E+000  0.00000E+000 -0.00000E+000  0.00000E+000 -0.00000E+000  0.00000E+000  0.00000E+000  0.00000E+000  0.00000E+000  0.00000E+000  0.00000E+000
   314 1.000000E+03 2.507022E+05     0  0.00000E+000  0.00000E+000 -0.00000E+000  0.00000E+000 -0.00000E+000  0.00000E+000  0.00000E+000  0.00000E+000  0.00000E+000  0.00000E+000  0.00000E+000
   315 6.488896E+02 2.513511E+05     0  0.00000E+000  0.00000E+000 -0.00000E+000  0.00000E+000 -0.00000E+000  0.00000E+000  0.00000E+000  0.00000E+000  0.00000E+000  0.00000E+000  0.00000E+000
   316 6.488896E+02 2.520000E+05     0  0.00000E+000  0.00000E+000 -0.00000E+000  0.00000E+000 -0.00000E+000  0.00000E+000  0.00000E+000  0.00000E+000  0.00000E+000  0.00000E+000  0.00000E+000
