1	0	INDP	IPOND
-1.046e-01
-1.045e-01
-1.045e-01
-1.045e-01
-1.045e-01
-1.045e-01
-1.045e-01
-1.045e-01
-1.045e-01
-1.045e-01
-1.045e-01
-1.045e-01
-1.045e-01
-1.045e-01
-1.045e-01
-1.045e-01
-1.045e-01
-1.045e-01
-1.045e-01
-1.046e-01
-1.044e-01
-1.045e-01
-1.043e-01
-1.044e-01
-1.044e-01
-1.044e-01
-1.044e-01
-1.044e-01
-1.044e-01
-1.044e-01
-1.044e-01
-1.044e-01
-1.044e-01
-1.044e-01
-1.044e-01
-1.044e-01
-1.044e-01
-1.044e-01
-1.044e-01
-1.044e-01
-1.044e-01
-1.042e-01
-1.045e-01
-1.044e-01
-1.044e-01
-1.044e-01
-1.044e-01
-1.044e-01
-1.044e-01
-1.044e-01
-1.044e-01
-1.044e-01
-1.044e-01
-1.044e-01
-1.044e-01
-1.044e-01
-1.044e-01
-1.044e-01
-1.044e-01
-1.044e-01
-1.044e-01
-1.045e-01
-1.044e-01
-1.045e-01
-1.044e-01
-1.044e-01
-1.044e-01
-1.044e-01
-1.044e-01
-1.044e-01
-1.044e-01
-1.044e-01
-1.044e-01
-1.044e-01
-1.044e-01
-1.044e-01
-1.044e-01
-1.044e-01
-1.044e-01
-1.044e-01
-1.044e-01
-1.044e-01
-1.045e-01
-1.043e-01
-1.045e-01
-1.044e-01
-1.044e-01
-1.044e-01
-1.044e-01
-1.044e-01
-1.044e-01
-1.044e-01
-1.044e-01
-1.044e-01
-1.044e-01
-1.044e-01
-1.044e-01
-1.044e-01
-1.044e-01
-1.044e-01
-1.044e-01
-1.044e-01
-1.044e-01
-1.045e-01
-1.043e-01
-1.045e-01
-1.044e-01
-1.044e-01
-1.044e-01
-1.044e-01
-1.044e-01
-1.044e-01
-1.044e-01
-1.044e-01
-1.044e-01
-1.044e-01
-1.044e-01
-1.044e-01
-1.044e-01
-1.044e-01
-1.044e-01
-1.044e-01
-1.044e-01
-1.044e-01
-1.045e-01
-1.043e-01
-1.045e-01
-1.044e-01
-1.044e-01
-1.044e-01
-1.044e-01
-1.044e-01
-1.044e-01
-1.044e-01
-1.044e-01
-1.044e-01
-1.044e-01
-1.044e-01
-1.044e-01
-1.044e-01
-1.044e-01
-1.044e-01
-1.044e-01
-1.044e-01
-1.044e-01
-1.045e-01
-1.043e-01
-1.045e-01
-1.044e-01
-1.044e-01
-1.044e-01
-1.044e-01
-1.044e-01
-1.044e-01
-1.044e-01
-1.044e-01
-1.044e-01
-1.044e-01
-1.044e-01
-1.044e-01
-1.044e-01
-1.044e-01
-1.044e-01
-1.044e-01
-1.044e-01
-1.044e-01
-1.045e-01
-1.043e-01
-1.045e-01
-1.044e-01
-1.044e-01
-1.044e-01
-1.044e-01
-1.044e-01
-1.044e-01
-1.044e-01
-1.044e-01
-1.044e-01
-1.044e-01
-1.044e-01
-1.044e-01
-1.044e-01
-1.044e-01
-1.044e-01
-1.044e-01
-1.044e-01
-1.044e-01
-1.045e-01
-1.043e-01
-1.045e-01
-1.044e-01
-1.044e-01
-1.044e-01
-1.044e-01
-1.044e-01
-1.044e-01
-1.044e-01
-1.044e-01
-1.044e-01
-1.044e-01
-1.044e-01
-1.044e-01
-1.044e-01
-1.044e-01
-1.044e-01
-1.044e-01
-1.044e-01
-1.044e-01
-1.045e-01
-1.043e-01
-1.045e-01
-1.044e-01
-1.044e-01
-1.044e-01
-1.044e-01
-1.044e-01
-1.044e-01
-1.044e-01
-1.044e-01
-1.044e-01
-1.044e-01
-1.044e-01
-1.044e-01
-1.044e-01
-1.044e-01
-1.044e-01
-1.044e-01
-1.044e-01
-1.044e-01
-1.045e-01
-1.043e-01
-1.045e-01
-1.044e-01
-1.044e-01
-1.044e-01
-1.044e-01
-1.044e-01
-1.044e-01
-1.044e-01
-1.044e-01
-1.044e-01
-1.044e-01
-1.044e-01
-1.044e-01
-1.044e-01
-1.044e-01
-1.044e-01
-1.044e-01
-1.044e-01
-1.044e-01
-1.045e-01
-1.043e-01
-1.045e-01
-1.044e-01
-1.044e-01
-1.044e-01
-1.044e-01
-1.044e-01
-1.044e-01
-1.044e-01
-1.044e-01
-1.044e-01
-1.044e-01
-1.044e-01
-1.044e-01
-1.044e-01
-1.044e-01
-1.044e-01
-1.044e-01
-1.044e-01
-1.044e-01
-1.045e-01
-1.043e-01
-1.045e-01
-1.044e-01
-1.044e-01
-1.044e-01
-1.044e-01
-1.044e-01
-1.044e-01
-1.044e-01
-1.044e-01
-1.044e-01
-1.044e-01
-1.044e-01
-1.044e-01
-1.044e-01
-1.044e-01
-1.044e-01
-1.044e-01
-1.044e-01
-1.044e-01
-1.045e-01
-1.043e-01
-1.045e-01
-1.044e-01
-1.044e-01
-1.044e-01
-1.044e-01
-1.044e-01
-1.044e-01
-1.044e-01
-1.044e-01
-1.044e-01
-1.044e-01
-1.044e-01
-1.044e-01
-1.044e-01
-1.044e-01
-1.044e-01
-1.044e-01
-1.044e-01
-1.044e-01
-1.045e-01
-1.043e-01
-1.045e-01
-1.044e-01
-1.044e-01
-1.044e-01
-1.044e-01
-1.044e-01
-1.044e-01
-1.044e-01
-1.044e-01
-1.044e-01
-1.044e-01
-1.044e-01
-1.044e-01
-1.044e-01
-1.044e-01
-1.044e-01
-1.044e-01
-1.044e-01
-1.044e-01
-1.045e-01
-1.043e-01
-1.045e-01
-1.044e-01
-1.044e-01
-1.044e-01
-1.044e-01
-1.044e-01
-1.044e-01
-1.044e-01
-1.044e-01
-1.044e-01
-1.044e-01
-1.044e-01
-1.044e-01
-1.044e-01
-1.044e-01
-1.044e-01
-1.044e-01
-1.044e-01
-1.044e-01
-1.045e-01
-1.043e-01
-1.045e-01
-1.044e-01
-1.044e-01
-1.044e-01
-1.044e-01
-1.044e-01
-1.044e-01
-1.044e-01
-1.044e-01
-1.044e-01
-1.044e-01
-1.044e-01
-1.044e-01
-1.044e-01
-1.044e-01
-1.044e-01
-1.044e-01
-1.044e-01
-1.044e-01
-1.045e-01
-1.043e-01
-1.045e-01
-1.044e-01
-1.044e-01
-1.044e-01
-1.044e-01
-1.044e-01
-1.044e-01
-1.044e-01
-1.044e-01
-1.044e-01
-1.044e-01
-1.044e-01
-1.044e-01
-1.044e-01
-1.044e-01
-1.044e-01
-1.044e-01
-1.044e-01
-1.044e-01
-1.045e-01
-1.043e-01
-1.046e-01
-1.044e-01
-1.045e-01
-1.045e-01
-1.045e-01
-1.045e-01
-1.045e-01
-1.045e-01
-1.045e-01
-1.045e-01
-1.045e-01
-1.045e-01
-1.045e-01
-1.045e-01
-1.045e-01
-1.045e-01
-1.045e-01
-1.045e-01
-1.045e-01
-1.045e-01
-1.043e-01
-1.044e-01
-1.042e-01
-1.044e-01
-1.043e-01
-1.043e-01
-1.043e-01
-1.043e-01
-1.043e-01
-1.043e-01
-1.043e-01
-1.043e-01
-1.043e-01
-1.043e-01
-1.043e-01
-1.043e-01
-1.043e-01
-1.043e-01
-1.043e-01
-1.043e-01
-1.043e-01
-1.043e-01
-1.040e-01
-1.040e-01
-1.040e-01
-1.040e-01
-1.040e-01
-1.040e-01
-1.040e-01
-1.040e-01
-1.040e-01
-1.040e-01
-1.040e-01
-1.040e-01
-1.040e-01
-1.040e-01
-1.040e-01
-1.040e-01
-1.040e-01
-1.040e-01
-1.040e-01
-1.041e-01
-1.039e-01
-1.039e-01
-1.038e-01
-1.038e-01
-1.038e-01
-1.038e-01
-1.038e-01
-1.038e-01
-1.038e-01
-1.038e-01
-1.038e-01
-1.038e-01
-1.038e-01
-1.038e-01
-1.038e-01
-1.038e-01
-1.038e-01
-1.038e-01
-1.038e-01
-1.038e-01
-1.039e-01
-1.037e-01
-1.039e-01
-1.038e-01
-1.039e-01
-1.039e-01
-1.039e-01
-1.039e-01
-1.039e-01
-1.039e-01
-1.039e-01
-1.039e-01
-1.039e-01
-1.039e-01
-1.039e-01
-1.039e-01
-1.039e-01
-1.039e-01
-1.039e-01
-1.039e-01
-1.039e-01
-1.039e-01
-1.038e-01
-1.039e-01
-1.038e-01
-1.039e-01
-1.039e-01
-1.039e-01
-1.039e-01
-1.039e-01
-1.039e-01
-1.039e-01
-1.039e-01
-1.039e-01
-1.039e-01
-1.039e-01
-1.039e-01
-1.039e-01
-1.039e-01
-1.039e-01
-1.039e-01
-1.039e-01
-1.039e-01
-1.038e-01
-1.039e-01
-1.038e-01
-1.039e-01
-1.039e-01
-1.039e-01
-1.039e-01
-1.039e-01
-1.039e-01
-1.039e-01
-1.039e-01
-1.039e-01
-1.039e-01
-1.039e-01
-1.039e-01
-1.039e-01
-1.039e-01
-1.039e-01
-1.039e-01
-1.039e-01
-1.039e-01
-1.038e-01
-1.039e-01
-1.038e-01
-1.039e-01
-1.039e-01
-1.039e-01
-1.039e-01
-1.039e-01
-1.039e-01
-1.039e-01
-1.039e-01
-1.039e-01
-1.039e-01
-1.039e-01
-1.039e-01
-1.039e-01
-1.039e-01
-1.039e-01
-1.039e-01
-1.039e-01
-1.039e-01
-1.038e-01
-1.039e-01
-1.038e-01
-1.039e-01
-1.039e-01
-1.039e-01
-1.039e-01
-1.039e-01
-1.039e-01
-1.039e-01
-1.039e-01
-1.039e-01
-1.039e-01
-1.039e-01
-1.039e-01
-1.039e-01
-1.039e-01
-1.039e-01
-1.039e-01
-1.039e-01
-1.039e-01
-1.038e-01
-1.039e-01
-1.038e-01
-1.039e-01
-1.039e-01
-1.039e-01
-1.039e-01
-1.039e-01
-1.039e-01
-1.039e-01
-1.039e-01
-1.039e-01
-1.039e-01
-1.039e-01
-1.039e-01
-1.039e-01
-1.039e-01
-1.039e-01
-1.039e-01
-1.039e-01
-1.039e-01
-1.038e-01
-1.039e-01
-1.038e-01
-1.039e-01
-1.039e-01
-1.039e-01
-1.039e-01
-1.039e-01
-1.039e-01
-1.039e-01
-1.039e-01
-1.039e-01
-1.039e-01
-1.039e-01
-1.039e-01
-1.039e-01
-1.039e-01
-1.039e-01
-1.039e-01
-1.039e-01
-1.039e-01
-1.038e-01
-1.039e-01
-1.038e-01
-1.039e-01
-1.039e-01
-1.039e-01
-1.039e-01
-1.039e-01
-1.039e-01
-1.039e-01
-1.039e-01
-1.039e-01
-1.039e-01
-1.039e-01
-1.039e-01
-1.039e-01
-1.039e-01
-1.039e-01
-1.039e-01
-1.039e-01
-1.039e-01
-1.038e-01
-1.039e-01
-1.038e-01
-1.039e-01
-1.039e-01
-1.039e-01
-1.039e-01
-1.039e-01
-1.039e-01
-1.039e-01
-1.039e-01
-1.039e-01
-1.039e-01
-1.039e-01
-1.039e-01
-1.039e-01
-1.039e-01
-1.039e-01
-1.039e-01
-1.039e-01
-1.039e-01
-1.038e-01
-1.039e-01
-1.038e-01
-1.039e-01
-1.039e-01
-1.039e-01
-1.039e-01
-1.039e-01
-1.039e-01
-1.039e-01
-1.039e-01
-1.039e-01
-1.039e-01
-1.039e-01
-1.039e-01
-1.039e-01
-1.039e-01
-1.039e-01
-1.039e-01
-1.039e-01
-1.039e-01
-1.038e-01
-1.039e-01
-1.038e-01
-1.039e-01
-1.039e-01
-1.039e-01
-1.039e-01
-1.039e-01
-1.039e-01
-1.039e-01
-1.039e-01
-1.039e-01
-1.039e-01
-1.039e-01
-1.039e-01
-1.039e-01
-1.039e-01
-1.039e-01
-1.039e-01
-1.039e-01
-1.039e-01
-1.038e-01
-1.039e-01
-1.038e-01
-1.039e-01
-1.039e-01
-1.039e-01
-1.039e-01
-1.039e-01
-1.039e-01
-1.039e-01
-1.039e-01
-1.039e-01
-1.039e-01
-1.039e-01
-1.039e-01
-1.039e-01
-1.039e-01
-1.039e-01
-1.039e-01
-1.039e-01
-1.039e-01
-1.038e-01
-1.039e-01
-1.038e-01
-1.039e-01
-1.039e-01
-1.039e-01
-1.039e-01
-1.039e-01
-1.039e-01
-1.039e-01
-1.039e-01
-1.039e-01
-1.039e-01
-1.039e-01
-1.039e-01
-1.039e-01
-1.039e-01
-1.039e-01
-1.039e-01
-1.039e-01
-1.039e-01
-1.038e-01
-1.039e-01
-1.038e-01
-1.039e-01
-1.039e-01
-1.039e-01
-1.039e-01
-1.039e-01
-1.039e-01
-1.039e-01
-1.039e-01
-1.039e-01
-1.039e-01
-1.039e-01
-1.039e-01
-1.039e-01
-1.039e-01
-1.039e-01
-1.039e-01
-1.039e-01
-1.039e-01
-1.038e-01
-1.039e-01
-1.038e-01
-1.039e-01
-1.039e-01
-1.039e-01
-1.039e-01
-1.039e-01
-1.039e-01
-1.039e-01
-1.039e-01
-1.039e-01
-1.039e-01
-1.039e-01
-1.039e-01
-1.039e-01
-1.039e-01
-1.039e-01
-1.039e-01
-1.039e-01
-1.039e-01
-1.038e-01
-1.039e-01
-1.038e-01
-1.039e-01
-1.039e-01
-1.039e-01
-1.039e-01
-1.039e-01
-1.039e-01
-1.039e-01
-1.039e-01
-1.039e-01
-1.039e-01
-1.039e-01
-1.039e-01
-1.039e-01
-1.039e-01
-1.039e-01
-1.039e-01
-1.039e-01
-1.039e-01
-1.038e-01
-1.039e-01
-1.038e-01
-1.039e-01
-1.039e-01
-1.039e-01
-1.039e-01
-1.039e-01
-1.039e-01
-1.039e-01
-1.039e-01
-1.039e-01
-1.039e-01
-1.039e-01
-1.039e-01
-1.039e-01
-1.039e-01
-1.039e-01
-1.039e-01
-1.038e-01
-1.039e-01
-1.038e-01
-1.040e-01
-1.038e-01
-1.039e-01
-1.039e-01
-1.039e-01
-1.039e-01
-1.039e-01
-1.039e-01
-1.039e-01
-1.039e-01
-1.039e-01
-1.039e-01
-1.039e-01
-1.039e-01
-1.039e-01
-1.039e-01
-1.039e-01
-1.039e-01
-1.039e-01
-1.040e-01
-1.038e-01
-1.038e-01
-1.036e-01
-1.038e-01
-1.038e-01
-1.038e-01
-1.038e-01
-1.038e-01
-1.038e-01
-1.038e-01
-1.038e-01
-1.038e-01
-1.038e-01
-1.038e-01
-1.038e-01
-1.038e-01
-1.038e-01
-1.038e-01
-1.038e-01
-1.038e-01
-1.038e-01
-1.037e-01
-1.029e-01
-1.028e-01
-1.028e-01
-1.028e-01
-1.028e-01
-1.028e-01
-1.028e-01
-1.028e-01
-1.028e-01
-1.028e-01
-1.028e-01
-1.028e-01
-1.028e-01
-1.028e-01
-1.028e-01
-1.028e-01
-1.028e-01
-1.028e-01
-1.028e-01
-1.029e-01
-1.027e-01
-1.027e-01
-1.025e-01
-1.026e-01
-1.026e-01
-1.026e-01
-1.026e-01
-1.026e-01
-1.026e-01
-1.026e-01
-1.026e-01
-1.026e-01
-1.026e-01
-1.026e-01
-1.026e-01
-1.026e-01
-1.026e-01
-1.026e-01
-1.026e-01
-1.026e-01
-1.026e-01
-1.024e-01
-1.028e-01
-1.026e-01
-1.027e-01
-1.027e-01
-1.027e-01
-1.027e-01
-1.027e-01
-1.027e-01
-1.027e-01
-1.027e-01
-1.027e-01
-1.027e-01
-1.027e-01
-1.027e-01
-1.027e-01
-1.027e-01
-1.027e-01
-1.027e-01
-1.027e-01
-1.027e-01
-1.026e-01
-1.028e-01
-1.026e-01
-1.027e-01
-1.027e-01
-1.027e-01
-1.027e-01
-1.027e-01
-1.027e-01
-1.027e-01
-1.027e-01
-1.027e-01
-1.027e-01
-1.027e-01
-1.027e-01
-1.027e-01
-1.027e-01
-1.027e-01
-1.027e-01
-1.026e-01
-1.027e-01
-1.025e-01
-1.028e-01
-1.026e-01
-1.027e-01
-1.027e-01
-1.027e-01
-1.027e-01
-1.027e-01
-1.027e-01
-1.027e-01
-1.027e-01
-1.027e-01
-1.027e-01
-1.027e-01
-1.027e-01
-1.027e-01
-1.027e-01
-1.027e-01
-1.027e-01
-1.026e-01
-1.027e-01
-1.025e-01
-1.028e-01
-1.026e-01
-1.027e-01
-1.027e-01
-1.027e-01
-1.027e-01
-1.027e-01
-1.027e-01
-1.027e-01
-1.027e-01
-1.027e-01
-1.027e-01
-1.027e-01
-1.027e-01
-1.027e-01
-1.027e-01
-1.027e-01
-1.027e-01
-1.026e-01
-1.027e-01
-1.025e-01
-1.028e-01
-1.026e-01
-1.027e-01
-1.027e-01
-1.027e-01
-1.027e-01
-1.027e-01
-1.027e-01
-1.027e-01
-1.027e-01
-1.027e-01
-1.027e-01
-1.027e-01
-1.027e-01
-1.027e-01
-1.027e-01
-1.027e-01
-1.027e-01
-1.026e-01
-1.027e-01
-1.025e-01
-1.028e-01
-1.026e-01
-1.027e-01
-1.027e-01
-1.027e-01
-1.027e-01
-1.027e-01
-1.027e-01
-1.027e-01
-1.027e-01
-1.027e-01
-1.027e-01
-1.027e-01
-1.027e-01
-1.027e-01
-1.027e-01
-1.027e-01
-1.027e-01
-1.026e-01
-1.027e-01
-1.025e-01
-1.028e-01
-1.026e-01
-1.027e-01
-1.027e-01
-1.027e-01
-1.027e-01
-1.027e-01
-1.027e-01
-1.027e-01
-1.027e-01
-1.027e-01
-1.027e-01
-1.027e-01
-1.027e-01
-1.027e-01
-1.027e-01
-1.027e-01
-1.027e-01
-1.026e-01
-1.027e-01
-1.025e-01
-1.028e-01
-1.026e-01
-1.027e-01
-1.027e-01
-1.027e-01
-1.027e-01
-1.027e-01
-1.027e-01
-1.027e-01
-1.027e-01
-1.027e-01
-1.027e-01
-1.027e-01
-1.027e-01
-1.027e-01
-1.027e-01
-1.027e-01
-1.027e-01
-1.026e-01
-1.027e-01
-1.025e-01
-1.028e-01
-1.026e-01
-1.027e-01
-1.027e-01
-1.027e-01
-1.027e-01
-1.027e-01
-1.027e-01
-1.027e-01
-1.027e-01
-1.027e-01
-1.027e-01
-1.027e-01
-1.027e-01
-1.027e-01
-1.027e-01
-1.027e-01
-1.027e-01
-1.026e-01
-1.027e-01
-1.025e-01
-1.028e-01
-1.026e-01
-1.027e-01
-1.027e-01
-1.027e-01
-1.027e-01
-1.027e-01
-1.027e-01
-1.027e-01
-1.027e-01
-1.027e-01
-1.027e-01
-1.027e-01
-1.027e-01
-1.027e-01
-1.027e-01
-1.027e-01
-1.027e-01
-1.026e-01
-1.027e-01
-1.025e-01
-1.028e-01
-1.026e-01
-1.027e-01
-1.027e-01
-1.027e-01
-1.027e-01
-1.027e-01
-1.027e-01
-1.027e-01
-1.027e-01
-1.027e-01
-1.027e-01
-1.027e-01
-1.027e-01
-1.027e-01
-1.027e-01
-1.027e-01
-1.027e-01
-1.026e-01
-1.027e-01
-1.025e-01
-1.028e-01
-1.026e-01
-1.027e-01
-1.027e-01
-1.027e-01
-1.027e-01
-1.027e-01
-1.027e-01
-1.027e-01
-1.027e-01
-1.027e-01
-1.027e-01
-1.027e-01
-1.027e-01
-1.027e-01
-1.027e-01
-1.027e-01
-1.027e-01
-1.026e-01
-1.027e-01
-1.025e-01
-1.028e-01
-1.026e-01
-1.027e-01
-1.027e-01
-1.027e-01
-1.027e-01
-1.027e-01
-1.027e-01
-1.027e-01
-1.027e-01
-1.027e-01
-1.027e-01
-1.027e-01
-1.027e-01
-1.027e-01
-1.027e-01
-1.027e-01
-1.027e-01
-1.026e-01
-1.027e-01
-1.025e-01
-1.028e-01
-1.026e-01
-1.027e-01
-1.027e-01
-1.027e-01
-1.027e-01
-1.027e-01
-1.027e-01
-1.027e-01
-1.027e-01
-1.027e-01
-1.027e-01
-1.027e-01
-1.027e-01
-1.027e-01
-1.027e-01
-1.027e-01
-1.027e-01
-1.026e-01
-1.027e-01
-1.025e-01
-1.028e-01
-1.026e-01
-1.027e-01
-1.027e-01
-1.027e-01
-1.027e-01
-1.027e-01
-1.027e-01
-1.027e-01
-1.027e-01
-1.027e-01
-1.027e-01
-1.027e-01
-1.027e-01
-1.027e-01
-1.027e-01
-1.027e-01
-1.027e-01
-1.026e-01
-1.027e-01
-1.025e-01
-1.028e-01
-1.026e-01
-1.027e-01
-1.027e-01
-1.027e-01
-1.027e-01
-1.027e-01
-1.027e-01
-1.027e-01
-1.027e-01
-1.027e-01
-1.027e-01
-1.027e-01
-1.027e-01
-1.027e-01
-1.027e-01
-1.027e-01
-1.027e-01
-1.026e-01
-1.027e-01
-1.025e-01
-1.027e-01
-1.026e-01
-1.027e-01
-1.026e-01
-1.026e-01
-1.026e-01
-1.026e-01
-1.026e-01
-1.026e-01
-1.026e-01
-1.026e-01
-1.026e-01
-1.026e-01
-1.026e-01
-1.026e-01
-1.026e-01
-1.026e-01
-1.026e-01
-1.026e-01
-1.027e-01
-1.025e-01
-1.029e-01
-1.026e-01
-1.027e-01
-1.027e-01
-1.027e-01
-1.027e-01
-1.027e-01
-1.027e-01
-1.027e-01
-1.027e-01
-1.027e-01
-1.027e-01
-1.027e-01
-1.027e-01
-1.027e-01
-1.027e-01
-1.027e-01
-1.027e-01
-1.027e-01
-1.027e-01
-1.025e-01
-1.026e-01
-1.024e-01
-1.025e-01
-1.025e-01
-1.025e-01
-1.025e-01
-1.025e-01
-1.025e-01
-1.025e-01
-1.025e-01
-1.025e-01
-1.025e-01
-1.025e-01
-1.025e-01
-1.025e-01
-1.025e-01
-1.025e-01
-1.025e-01
-1.025e-01
-1.025e-01
-1.024e-01
-1.010e-01
-1.008e-01
-1.008e-01
-1.008e-01
-1.008e-01
-1.008e-01
-1.008e-01
-1.008e-01
-1.008e-01
-1.008e-01
-1.008e-01
-1.008e-01
-1.008e-01
-1.008e-01
-1.008e-01
-1.008e-01
-1.008e-01
-1.008e-01
-1.008e-01
-1.010e-01
-1.006e-01
-1.008e-01
-1.005e-01
-1.006e-01
-1.006e-01
-1.006e-01
-1.006e-01
-1.006e-01
-1.006e-01
-1.006e-01
-1.006e-01
-1.006e-01
-1.006e-01
-1.006e-01
-1.006e-01
-1.006e-01
-1.006e-01
-1.006e-01
-1.006e-01
-1.006e-01
-1.006e-01
-1.004e-01
-1.008e-01
-1.006e-01
-1.006e-01
-1.006e-01
-1.006e-01
-1.006e-01
-1.006e-01
-1.006e-01
-1.006e-01
-1.006e-01
-1.006e-01
-1.006e-01
-1.006e-01
-1.006e-01
-1.006e-01
-1.006e-01
-1.006e-01
-1.006e-01
-1.006e-01
-1.007e-01
-1.005e-01
-1.008e-01
-1.006e-01
-1.006e-01
-1.006e-01
-1.006e-01
-1.006e-01
-1.006e-01
-1.006e-01
-1.006e-01
-1.006e-01
-1.006e-01
-1.006e-01
-1.006e-01
-1.006e-01
-1.006e-01
-1.006e-01
-1.006e-01
-1.006e-01
-1.006e-01
-1.007e-01
-1.005e-01
-1.008e-01
-1.006e-01
-1.006e-01
-1.006e-01
-1.006e-01
-1.006e-01
-1.006e-01
-1.006e-01
-1.006e-01
-1.006e-01
-1.006e-01
-1.006e-01
-1.006e-01
-1.006e-01
-1.006e-01
-1.006e-01
-1.006e-01
-1.006e-01
-1.006e-01
-1.007e-01
-1.005e-01
-1.008e-01
-1.006e-01
-1.006e-01
-1.006e-01
-1.006e-01
-1.006e-01
-1.006e-01
-1.006e-01
-1.006e-01
-1.006e-01
-1.006e-01
-1.006e-01
-1.006e-01
-1.006e-01
-1.006e-01
-1.006e-01
-1.006e-01
-1.006e-01
-1.006e-01
-1.007e-01
-1.005e-01
-1.008e-01
-1.006e-01
-1.006e-01
-1.006e-01
-1.006e-01
-1.006e-01
-1.006e-01
-1.006e-01
-1.006e-01
-1.006e-01
-1.006e-01
-1.006e-01
-1.006e-01
-1.006e-01
-1.006e-01
-1.006e-01
-1.006e-01
-1.006e-01
-1.006e-01
-1.007e-01
-1.005e-01
-1.008e-01
-1.006e-01
-1.006e-01
-1.006e-01
-1.006e-01
-1.006e-01
-1.006e-01
-1.006e-01
-1.006e-01
-1.006e-01
-1.006e-01
-1.006e-01
-1.006e-01
-1.006e-01
-1.006e-01
-1.006e-01
-1.006e-01
-1.006e-01
-1.006e-01
-1.007e-01
-1.005e-01
-1.008e-01
-1.006e-01
-1.006e-01
-1.006e-01
-1.006e-01
-1.006e-01
-1.006e-01
-1.006e-01
-1.006e-01
-1.006e-01
-1.006e-01
-1.006e-01
-1.006e-01
-1.006e-01
-1.006e-01
-1.006e-01
-1.006e-01
-1.006e-01
-1.006e-01
-1.007e-01
-1.005e-01
-1.008e-01
-1.006e-01
-1.006e-01
-1.006e-01
-1.006e-01
-1.006e-01
-1.006e-01
-1.006e-01
-1.006e-01
-1.006e-01
-1.006e-01
-1.006e-01
-1.006e-01
-1.006e-01
-1.006e-01
-1.006e-01
-1.006e-01
-1.006e-01
-1.006e-01
-1.007e-01
-1.005e-01
-1.008e-01
-1.006e-01
-1.006e-01
-1.006e-01
-1.006e-01
-1.006e-01
-1.006e-01
-1.006e-01
-1.006e-01
-1.006e-01
-1.006e-01
-1.006e-01
-1.006e-01
-1.006e-01
-1.006e-01
-1.006e-01
-1.006e-01
-1.006e-01
-1.006e-01
-1.007e-01
-1.005e-01
-1.008e-01
-1.006e-01
-1.006e-01
-1.006e-01
-1.006e-01
-1.006e-01
-1.006e-01
-1.006e-01
-1.006e-01
-1.006e-01
-1.006e-01
-1.006e-01
-1.006e-01
-1.006e-01
-1.006e-01
-1.006e-01
-1.006e-01
-1.006e-01
-1.006e-01
-1.007e-01
-1.005e-01
-1.008e-01
-1.006e-01
-1.006e-01
-1.006e-01
-1.006e-01
-1.006e-01
-1.006e-01
-1.006e-01
-1.006e-01
-1.006e-01
-1.006e-01
-1.006e-01
-1.006e-01
-1.006e-01
-1.006e-01
-1.006e-01
-1.006e-01
-1.006e-01
-1.006e-01
-1.007e-01
-1.005e-01
-1.008e-01
-1.006e-01
-1.006e-01
-1.006e-01
-1.006e-01
-1.006e-01
-1.006e-01
-1.006e-01
-1.006e-01
-1.006e-01
-1.006e-01
-1.006e-01
-1.006e-01
-1.006e-01
-1.006e-01
-1.006e-01
-1.006e-01
-1.006e-01
-1.006e-01
-1.007e-01
-1.005e-01
-1.008e-01
-1.006e-01
-1.006e-01
-1.006e-01
-1.006e-01
-1.006e-01
-1.006e-01
-1.006e-01
-1.006e-01
-1.006e-01
-1.006e-01
-1.006e-01
-1.006e-01
-1.006e-01
-1.006e-01
-1.006e-01
-1.006e-01
-1.006e-01
-1.006e-01
-1.007e-01
-1.005e-01
-1.008e-01
-1.006e-01
-1.006e-01
-1.006e-01
-1.006e-01
-1.006e-01
-1.006e-01
-1.006e-01
-1.006e-01
-1.006e-01
-1.006e-01
-1.006e-01
-1.006e-01
-1.006e-01
-1.006e-01
-1.006e-01
-1.006e-01
-1.006e-01
-1.006e-01
-1.007e-01
-1.005e-01
-1.008e-01
-1.006e-01
-1.006e-01
-1.006e-01
-1.006e-01
-1.006e-01
-1.006e-01
-1.006e-01
-1.006e-01
-1.006e-01
-1.006e-01
-1.006e-01
-1.006e-01
-1.006e-01
-1.006e-01
-1.006e-01
-1.006e-01
-1.006e-01
-1.006e-01
-1.007e-01
-1.005e-01
-1.008e-01
-1.006e-01
-1.006e-01
-1.006e-01
-1.006e-01
-1.006e-01
-1.006e-01
-1.006e-01
-1.006e-01
-1.006e-01
-1.006e-01
-1.006e-01
-1.006e-01
-1.006e-01
-1.006e-01
-1.006e-01
-1.006e-01
-1.006e-01
-1.006e-01
-1.007e-01
-1.005e-01
-1.008e-01
-1.006e-01
-1.006e-01
-1.006e-01
-1.006e-01
-1.006e-01
-1.006e-01
-1.006e-01
-1.006e-01
-1.006e-01
-1.006e-01
-1.006e-01
-1.006e-01
-1.006e-01
-1.006e-01
-1.006e-01
-1.006e-01
-1.006e-01
-1.006e-01
-1.007e-01
-1.005e-01
-1.009e-01
-1.006e-01
-1.007e-01
-1.007e-01
-1.007e-01
-1.007e-01
-1.007e-01
-1.007e-01
-1.007e-01
-1.007e-01
-1.007e-01
-1.007e-01
-1.007e-01
-1.007e-01
-1.007e-01
-1.007e-01
-1.007e-01
-1.007e-01
-1.007e-01
-1.007e-01
-1.005e-01
-1.006e-01
-1.003e-01
-1.005e-01
-1.005e-01
-1.005e-01
-1.005e-01
-1.005e-01
-1.005e-01
-1.005e-01
-1.005e-01
-1.005e-01
-1.005e-01
-1.005e-01
-1.005e-01
-1.005e-01
-1.005e-01
-1.005e-01
-1.005e-01
-1.005e-01
-1.005e-01
-1.003e-01
-9.818e-02
-9.798e-02
-9.801e-02
-9.800e-02
-9.800e-02
-9.800e-02
-9.800e-02
-9.800e-02
-9.800e-02
-9.800e-02
-9.800e-02
-9.800e-02
-9.800e-02
-9.800e-02
-9.800e-02
-9.800e-02
-9.800e-02
-9.800e-02
-9.800e-02
-9.813e-02
-9.772e-02
-9.795e-02
-9.758e-02
-9.764e-02
-9.764e-02
-9.764e-02
-9.764e-02
-9.764e-02
-9.764e-02
-9.764e-02
-9.764e-02
-9.764e-02
-9.764e-02
-9.764e-02
-9.764e-02
-9.764e-02
-9.764e-02
-9.764e-02
-9.764e-02
-9.764e-02
-9.770e-02
-9.735e-02
-9.796e-02
-9.763e-02
-9.772e-02
-9.772e-02
-9.772e-02
-9.772e-02
-9.772e-02
-9.772e-02
-9.772e-02
-9.772e-02
-9.772e-02
-9.772e-02
-9.772e-02
-9.772e-02
-9.772e-02
-9.772e-02
-9.772e-02
-9.772e-02
-9.771e-02
-9.778e-02
-9.747e-02
-9.796e-02
-9.763e-02
-9.772e-02
-9.772e-02
-9.772e-02
-9.772e-02
-9.772e-02
-9.772e-02
-9.772e-02
-9.772e-02
-9.772e-02
-9.772e-02
-9.772e-02
-9.772e-02
-9.772e-02
-9.772e-02
-9.772e-02
-9.772e-02
-9.771e-02
-9.778e-02
-9.747e-02
-9.796e-02
-9.763e-02
-9.772e-02
-9.772e-02
-9.772e-02
-9.772e-02
-9.772e-02
-9.772e-02
-9.772e-02
-9.772e-02
-9.772e-02
-9.772e-02
-9.772e-02
-9.772e-02
-9.772e-02
-9.772e-02
-9.772e-02
-9.772e-02
-9.771e-02
-9.778e-02
-9.747e-02
-9.796e-02
-9.763e-02
-9.772e-02
-9.772e-02
-9.772e-02
-9.772e-02
-9.772e-02
-9.772e-02
-9.772e-02
-9.772e-02
-9.772e-02
-9.772e-02
-9.772e-02
-9.772e-02
-9.772e-02
-9.772e-02
-9.772e-02
-9.772e-02
-9.771e-02
-9.778e-02
-9.747e-02
-9.796e-02
-9.763e-02
-9.772e-02
-9.772e-02
-9.772e-02
-9.772e-02
-9.772e-02
-9.772e-02
-9.772e-02
-9.772e-02
-9.772e-02
-9.772e-02
-9.772e-02
-9.772e-02
-9.772e-02
-9.772e-02
-9.772e-02
-9.772e-02
-9.771e-02
-9.778e-02
-9.747e-02
-9.796e-02
-9.763e-02
-9.772e-02
-9.772e-02
-9.772e-02
-9.772e-02
-9.772e-02
-9.772e-02
-9.772e-02
-9.772e-02
-9.772e-02
-9.772e-02
-9.772e-02
-9.772e-02
-9.772e-02
-9.772e-02
-9.772e-02
-9.772e-02
-9.771e-02
-9.778e-02
-9.747e-02
-9.796e-02
-9.763e-02
-9.772e-02
-9.772e-02
-9.772e-02
-9.772e-02
-9.772e-02
-9.772e-02
-9.772e-02
-9.772e-02
-9.772e-02
-9.772e-02
-9.772e-02
-9.772e-02
-9.772e-02
-9.772e-02
-9.772e-02
-9.772e-02
-9.771e-02
-9.778e-02
-9.747e-02
-9.796e-02
-9.763e-02
-9.772e-02
-9.772e-02
-9.772e-02
-9.772e-02
-9.772e-02
-9.772e-02
-9.772e-02
-9.772e-02
-9.772e-02
-9.772e-02
-9.772e-02
-9.772e-02
-9.772e-02
-9.772e-02
-9.772e-02
-9.772e-02
-9.771e-02
-9.778e-02
-9.747e-02
-9.796e-02
-9.763e-02
-9.772e-02
-9.772e-02
-9.772e-02
-9.772e-02
-9.772e-02
-9.772e-02
-9.772e-02
-9.772e-02
-9.772e-02
-9.772e-02
-9.772e-02
-9.772e-02
-9.772e-02
-9.772e-02
-9.772e-02
-9.772e-02
-9.771e-02
-9.778e-02
-9.747e-02
-9.796e-02
-9.763e-02
-9.772e-02
-9.772e-02
-9.772e-02
-9.772e-02
-9.772e-02
-9.772e-02
-9.772e-02
-9.772e-02
-9.772e-02
-9.772e-02
-9.772e-02
-9.772e-02
-9.772e-02
-9.772e-02
-9.772e-02
-9.772e-02
-9.771e-02
-9.778e-02
-9.747e-02
-9.796e-02
-9.763e-02
-9.772e-02
-9.772e-02
-9.772e-02
-9.772e-02
-9.772e-02
-9.772e-02
-9.772e-02
-9.772e-02
-9.772e-02
-9.772e-02
-9.772e-02
-9.772e-02
-9.772e-02
-9.772e-02
-9.772e-02
-9.772e-02
-9.771e-02
-9.778e-02
-9.747e-02
-9.796e-02
-9.763e-02
-9.772e-02
-9.772e-02
-9.772e-02
-9.772e-02
-9.772e-02
-9.772e-02
-9.772e-02
-9.772e-02
-9.772e-02
-9.772e-02
-9.772e-02
-9.772e-02
-9.772e-02
-9.772e-02
-9.772e-02
-9.772e-02
-9.771e-02
-9.778e-02
-9.747e-02
-9.796e-02
-9.763e-02
-9.772e-02
-9.772e-02
-9.772e-02
-9.772e-02
-9.772e-02
-9.772e-02
-9.772e-02
-9.772e-02
-9.772e-02
-9.772e-02
-9.772e-02
-9.772e-02
-9.772e-02
-9.772e-02
-9.772e-02
-9.772e-02
-9.771e-02
-9.778e-02
-9.747e-02
-9.796e-02
-9.763e-02
-9.772e-02
-9.772e-02
-9.772e-02
-9.772e-02
-9.772e-02
-9.772e-02
-9.772e-02
-9.772e-02
-9.772e-02
-9.772e-02
-9.772e-02
-9.772e-02
-9.772e-02
-9.772e-02
-9.772e-02
-9.772e-02
-9.771e-02
-9.778e-02
-9.747e-02
-9.796e-02
-9.763e-02
-9.772e-02
-9.772e-02
-9.772e-02
-9.772e-02
-9.772e-02
-9.772e-02
-9.772e-02
-9.772e-02
-9.772e-02
-9.772e-02
-9.772e-02
-9.772e-02
-9.772e-02
-9.772e-02
-9.772e-02
-9.772e-02
-9.771e-02
-9.778e-02
-9.747e-02
-9.796e-02
-9.763e-02
-9.772e-02
-9.772e-02
-9.772e-02
-9.772e-02
-9.772e-02
-9.772e-02
-9.772e-02
-9.772e-02
-9.772e-02
-9.772e-02
-9.772e-02
-9.772e-02
-9.772e-02
-9.772e-02
-9.772e-02
-9.772e-02
-9.771e-02
-9.778e-02
-9.747e-02
-9.795e-02
-9.763e-02
-9.771e-02
-9.771e-02
-9.771e-02
-9.771e-02
-9.771e-02
-9.771e-02
-9.771e-02
-9.771e-02
-9.771e-02
-9.771e-02
-9.771e-02
-9.771e-02
-9.771e-02
-9.771e-02
-9.771e-02
-9.771e-02
-9.771e-02
-9.778e-02
-9.747e-02
-9.807e-02
-9.769e-02
-9.778e-02
-9.778e-02
-9.778e-02
-9.778e-02
-9.778e-02
-9.778e-02
-9.778e-02
-9.778e-02
-9.778e-02
-9.778e-02
-9.778e-02
-9.778e-02
-9.778e-02
-9.778e-02
-9.778e-02
-9.777e-02
-9.777e-02
-9.782e-02
-9.748e-02
-9.767e-02
-9.730e-02
-9.745e-02
-9.745e-02
-9.744e-02
-9.744e-02
-9.744e-02
-9.744e-02
-9.744e-02
-9.744e-02
-9.744e-02
-9.744e-02
-9.744e-02
-9.744e-02
-9.744e-02
-9.744e-02
-9.744e-02
-9.744e-02
-9.744e-02
-9.746e-02
-9.730e-02
-9.460e-02
-9.434e-02
-9.436e-02
-9.436e-02
-9.436e-02
-9.436e-02
-9.436e-02
-9.436e-02
-9.436e-02
-9.436e-02
-9.436e-02
-9.436e-02
-9.436e-02
-9.436e-02
-9.436e-02
-9.436e-02
-9.436e-02
-9.436e-02
-9.435e-02
-9.448e-02
-9.394e-02
-9.430e-02
-9.380e-02
-9.386e-02
-9.386e-02
-9.386e-02
-9.386e-02
-9.386e-02
-9.386e-02
-9.386e-02
-9.386e-02
-9.386e-02
-9.386e-02
-9.386e-02
-9.386e-02
-9.386e-02
-9.386e-02
-9.386e-02
-9.386e-02
-9.386e-02
-9.392e-02
-9.345e-02
-9.431e-02
-9.384e-02
-9.392e-02
-9.392e-02
-9.392e-02
-9.392e-02
-9.392e-02
-9.392e-02
-9.392e-02
-9.392e-02
-9.392e-02
-9.392e-02
-9.392e-02
-9.392e-02
-9.392e-02
-9.392e-02
-9.392e-02
-9.392e-02
-9.392e-02
-9.399e-02
-9.355e-02
-9.431e-02
-9.385e-02
-9.393e-02
-9.393e-02
-9.393e-02
-9.393e-02
-9.393e-02
-9.393e-02
-9.393e-02
-9.393e-02
-9.393e-02
-9.393e-02
-9.393e-02
-9.393e-02
-9.393e-02
-9.393e-02
-9.393e-02
-9.393e-02
-9.393e-02
-9.399e-02
-9.356e-02
-9.431e-02
-9.385e-02
-9.392e-02
-9.393e-02
-9.393e-02
-9.393e-02
-9.393e-02
-9.393e-02
-9.393e-02
-9.393e-02
-9.393e-02
-9.393e-02
-9.393e-02
-9.393e-02
-9.393e-02
-9.393e-02
-9.393e-02
-9.393e-02
-9.392e-02
-9.399e-02
-9.356e-02
-9.431e-02
-9.385e-02
-9.392e-02
-9.393e-02
-9.393e-02
-9.393e-02
-9.393e-02
-9.393e-02
-9.393e-02
-9.393e-02
-9.393e-02
-9.393e-02
-9.393e-02
-9.393e-02
-9.393e-02
-9.393e-02
-9.393e-02
-9.393e-02
-9.392e-02
-9.399e-02
-9.356e-02
-9.431e-02
-9.385e-02
-9.392e-02
-9.393e-02
-9.393e-02
-9.393e-02
-9.393e-02
-9.393e-02
-9.393e-02
-9.393e-02
-9.393e-02
-9.393e-02
-9.393e-02
-9.393e-02
-9.393e-02
-9.393e-02
-9.393e-02
-9.393e-02
-9.392e-02
-9.399e-02
-9.356e-02
-9.431e-02
-9.385e-02
-9.392e-02
-9.393e-02
-9.393e-02
-9.393e-02
-9.393e-02
-9.393e-02
-9.393e-02
-9.393e-02
-9.393e-02
-9.393e-02
-9.393e-02
-9.393e-02
-9.393e-02
-9.393e-02
-9.393e-02
-9.393e-02
-9.392e-02
-9.399e-02
-9.356e-02
-9.431e-02
-9.385e-02
-9.392e-02
-9.393e-02
-9.393e-02
-9.393e-02
-9.393e-02
-9.393e-02
-9.393e-02
-9.393e-02
-9.393e-02
-9.393e-02
-9.393e-02
-9.393e-02
-9.393e-02
-9.393e-02
-9.393e-02
-9.393e-02
-9.392e-02
-9.399e-02
-9.356e-02
-9.431e-02
-9.385e-02
-9.392e-02
-9.393e-02
-9.393e-02
-9.393e-02
-9.393e-02
-9.393e-02
-9.393e-02
-9.393e-02
-9.393e-02
-9.393e-02
-9.393e-02
-9.393e-02
-9.393e-02
-9.393e-02
-9.393e-02
-9.393e-02
-9.392e-02
-9.399e-02
-9.356e-02
-9.431e-02
-9.385e-02
-9.392e-02
-9.393e-02
-9.393e-02
-9.393e-02
-9.393e-02
-9.393e-02
-9.393e-02
-9.393e-02
-9.393e-02
-9.393e-02
-9.393e-02
-9.393e-02
-9.393e-02
-9.393e-02
-9.393e-02
-9.393e-02
-9.392e-02
-9.399e-02
-9.356e-02
-9.431e-02
-9.385e-02
-9.392e-02
-9.393e-02
-9.393e-02
-9.393e-02
-9.393e-02
-9.393e-02
-9.393e-02
-9.393e-02
-9.393e-02
-9.393e-02
-9.393e-02
-9.393e-02
-9.393e-02
-9.393e-02
-9.393e-02
-9.393e-02
-9.392e-02
-9.399e-02
-9.356e-02
-9.431e-02
-9.385e-02
-9.392e-02
-9.393e-02
-9.393e-02
-9.393e-02
-9.393e-02
-9.393e-02
-9.393e-02
-9.393e-02
-9.393e-02
-9.393e-02
-9.393e-02
-9.393e-02
-9.393e-02
-9.393e-02
-9.393e-02
-9.393e-02
-9.392e-02
-9.399e-02
-9.356e-02
-9.431e-02
-9.385e-02
-9.392e-02
-9.393e-02
-9.393e-02
-9.393e-02
-9.393e-02
-9.393e-02
-9.393e-02
-9.393e-02
-9.393e-02
-9.393e-02
-9.393e-02
-9.393e-02
-9.393e-02
-9.393e-02
-9.393e-02
-9.393e-02
-9.392e-02
-9.399e-02
-9.356e-02
-9.431e-02
-9.385e-02
-9.392e-02
-9.393e-02
-9.393e-02
-9.393e-02
-9.393e-02
-9.393e-02
-9.393e-02
-9.393e-02
-9.393e-02
-9.393e-02
-9.393e-02
-9.393e-02
-9.393e-02
-9.393e-02
-9.393e-02
-9.393e-02
-9.392e-02
-9.399e-02
-9.356e-02
-9.431e-02
-9.385e-02
-9.392e-02
-9.393e-02
-9.393e-02
-9.393e-02
-9.393e-02
-9.393e-02
-9.393e-02
-9.393e-02
-9.393e-02
-9.393e-02
-9.393e-02
-9.393e-02
-9.393e-02
-9.393e-02
-9.393e-02
-9.393e-02
-9.392e-02
-9.399e-02
-9.356e-02
-9.431e-02
-9.385e-02
-9.392e-02
-9.393e-02
-9.393e-02
-9.393e-02
-9.393e-02
-9.393e-02
-9.393e-02
-9.393e-02
-9.393e-02
-9.393e-02
-9.393e-02
-9.393e-02
-9.393e-02
-9.393e-02
-9.393e-02
-9.393e-02
-9.392e-02
-9.399e-02
-9.356e-02
-9.431e-02
-9.385e-02
-9.392e-02
-9.393e-02
-9.393e-02
-9.393e-02
-9.393e-02
-9.393e-02
-9.393e-02
-9.393e-02
-9.393e-02
-9.393e-02
-9.393e-02
-9.393e-02
-9.393e-02
-9.393e-02
-9.393e-02
-9.393e-02
-9.392e-02
-9.399e-02
-9.356e-02
-9.431e-02
-9.385e-02
-9.392e-02
-9.393e-02
-9.393e-02
-9.393e-02
-9.393e-02
-9.393e-02
-9.393e-02
-9.393e-02
-9.393e-02
-9.393e-02
-9.393e-02
-9.393e-02
-9.393e-02
-9.393e-02
-9.393e-02
-9.393e-02
-9.392e-02
-9.399e-02
-9.356e-02
-9.442e-02
-9.391e-02
-9.398e-02
-9.399e-02
-9.399e-02
-9.399e-02
-9.399e-02
-9.399e-02
-9.399e-02
-9.399e-02
-9.399e-02
-9.399e-02
-9.399e-02
-9.399e-02
-9.399e-02
-9.399e-02
-9.399e-02
-9.399e-02
-9.399e-02
-9.403e-02
-9.357e-02
-9.389e-02
-9.340e-02
-9.352e-02
-9.353e-02
-9.353e-02
-9.353e-02
-9.353e-02
-9.353e-02
-9.353e-02
-9.353e-02
-9.353e-02
-9.353e-02
-9.353e-02
-9.353e-02
-9.353e-02
-9.353e-02
-9.353e-02
-9.353e-02
-9.353e-02
-9.354e-02
-9.331e-02
-9.120e-02
-9.087e-02
-9.089e-02
-9.089e-02
-9.089e-02
-9.089e-02
-9.089e-02
-9.089e-02
-9.089e-02
-9.089e-02
-9.089e-02
-9.089e-02
-9.089e-02
-9.089e-02
-9.089e-02
-9.089e-02
-9.089e-02
-9.089e-02
-9.089e-02
-9.100e-02
-9.035e-02
-9.083e-02
-9.022e-02
-9.026e-02
-9.026e-02
-9.026e-02
-9.026e-02
-9.026e-02
-9.026e-02
-9.026e-02
-9.026e-02
-9.026e-02
-9.026e-02
-9.026e-02
-9.026e-02
-9.026e-02
-9.026e-02
-9.026e-02
-9.026e-02
-9.026e-02
-9.032e-02
-8.972e-02
-9.084e-02
-9.024e-02
-9.030e-02
-9.031e-02
-9.031e-02
-9.031e-02
-9.031e-02
-9.031e-02
-9.031e-02
-9.031e-02
-9.031e-02
-9.031e-02
-9.031e-02
-9.031e-02
-9.031e-02
-9.031e-02
-9.031e-02
-9.031e-02
-9.031e-02
-9.037e-02
-8.979e-02
-9.084e-02
-9.025e-02
-9.031e-02
-9.031e-02
-9.031e-02
-9.031e-02
-9.031e-02
-9.031e-02
-9.031e-02
-9.031e-02
-9.031e-02
-9.031e-02
-9.031e-02
-9.031e-02
-9.031e-02
-9.031e-02
-9.031e-02
-9.031e-02
-9.031e-02
-9.037e-02
-8.980e-02
-9.084e-02
-9.025e-02
-9.031e-02
-9.031e-02
-9.031e-02
-9.031e-02
-9.031e-02
-9.031e-02
-9.031e-02
-9.031e-02
-9.031e-02
-9.031e-02
-9.031e-02
-9.031e-02
-9.031e-02
-9.031e-02
-9.031e-02
-9.031e-02
-9.031e-02
-9.037e-02
-8.980e-02
-9.084e-02
-9.025e-02
-9.031e-02
-9.031e-02
-9.031e-02
-9.031e-02
-9.031e-02
-9.031e-02
-9.031e-02
-9.031e-02
-9.031e-02
-9.031e-02
-9.031e-02
-9.031e-02
-9.031e-02
-9.031e-02
-9.031e-02
-9.031e-02
-9.031e-02
-9.037e-02
-8.980e-02
-9.084e-02
-9.025e-02
-9.031e-02
-9.031e-02
-9.031e-02
-9.031e-02
-9.031e-02
-9.031e-02
-9.031e-02
-9.031e-02
-9.031e-02
-9.031e-02
-9.031e-02
-9.031e-02
-9.031e-02
-9.031e-02
-9.031e-02
-9.031e-02
-9.031e-02
-9.037e-02
-8.980e-02
-9.084e-02
-9.025e-02
-9.031e-02
-9.031e-02
-9.031e-02
-9.031e-02
-9.031e-02
-9.031e-02
-9.031e-02
-9.031e-02
-9.031e-02
-9.031e-02
-9.031e-02
-9.031e-02
-9.031e-02
-9.031e-02
-9.031e-02
-9.031e-02
-9.031e-02
-9.037e-02
-8.980e-02
-9.084e-02
-9.025e-02
-9.031e-02
-9.031e-02
-9.031e-02
-9.031e-02
-9.031e-02
-9.031e-02
-9.031e-02
-9.031e-02
-9.031e-02
-9.031e-02
-9.031e-02
-9.031e-02
-9.031e-02
-9.031e-02
-9.031e-02
-9.031e-02
-9.031e-02
-9.037e-02
-8.980e-02
-9.084e-02
-9.025e-02
-9.031e-02
-9.031e-02
-9.031e-02
-9.031e-02
-9.031e-02
-9.031e-02
-9.031e-02
-9.031e-02
-9.031e-02
-9.031e-02
-9.031e-02
-9.031e-02
-9.031e-02
-9.031e-02
-9.031e-02
-9.031e-02
-9.031e-02
-9.037e-02
-8.980e-02
-9.084e-02
-9.025e-02
-9.031e-02
-9.031e-02
-9.031e-02
-9.031e-02
-9.031e-02
-9.031e-02
-9.031e-02
-9.031e-02
-9.031e-02
-9.031e-02
-9.031e-02
-9.031e-02
-9.031e-02
-9.031e-02
-9.031e-02
-9.031e-02
-9.031e-02
-9.037e-02
-8.980e-02
-9.084e-02
-9.025e-02
-9.031e-02
-9.031e-02
-9.031e-02
-9.031e-02
-9.031e-02
-9.031e-02
-9.031e-02
-9.031e-02
-9.031e-02
-9.031e-02
-9.031e-02
-9.031e-02
-9.031e-02
-9.031e-02
-9.031e-02
-9.031e-02
-9.031e-02
-9.037e-02
-8.980e-02
-9.084e-02
-9.025e-02
-9.031e-02
-9.031e-02
-9.031e-02
-9.031e-02
-9.031e-02
-9.031e-02
-9.031e-02
-9.031e-02
-9.031e-02
-9.031e-02
-9.031e-02
-9.031e-02
-9.031e-02
-9.031e-02
-9.031e-02
-9.031e-02
-9.031e-02
-9.037e-02
-8.980e-02
-9.084e-02
-9.025e-02
-9.031e-02
-9.031e-02
-9.031e-02
-9.031e-02
-9.031e-02
-9.031e-02
-9.031e-02
-9.031e-02
-9.031e-02
-9.031e-02
-9.031e-02
-9.031e-02
-9.031e-02
-9.031e-02
-9.031e-02
-9.031e-02
-9.031e-02
-9.037e-02
-8.980e-02
-9.084e-02
-9.025e-02
-9.031e-02
-9.031e-02
-9.031e-02
-9.031e-02
-9.031e-02
-9.031e-02
-9.031e-02
-9.031e-02
-9.031e-02
-9.031e-02
-9.031e-02
-9.031e-02
-9.031e-02
-9.031e-02
-9.031e-02
-9.031e-02
-9.031e-02
-9.037e-02
-8.980e-02
-9.084e-02
-9.025e-02
-9.031e-02
-9.031e-02
-9.031e-02
-9.031e-02
-9.031e-02
-9.031e-02
-9.031e-02
-9.031e-02
-9.031e-02
-9.031e-02
-9.031e-02
-9.031e-02
-9.031e-02
-9.031e-02
-9.031e-02
-9.031e-02
-9.031e-02
-9.037e-02
-8.980e-02
-9.084e-02
-9.025e-02
-9.031e-02
-9.031e-02
-9.031e-02
-9.031e-02
-9.031e-02
-9.031e-02
-9.031e-02
-9.031e-02
-9.031e-02
-9.031e-02
-9.031e-02
-9.031e-02
-9.031e-02
-9.031e-02
-9.031e-02
-9.031e-02
-9.031e-02
-9.037e-02
-8.980e-02
-9.084e-02
-9.025e-02
-9.031e-02
-9.031e-02
-9.031e-02
-9.031e-02
-9.031e-02
-9.031e-02
-9.031e-02
-9.031e-02
-9.031e-02
-9.031e-02
-9.031e-02
-9.031e-02
-9.031e-02
-9.031e-02
-9.031e-02
-9.031e-02
-9.031e-02
-9.037e-02
-8.980e-02
-9.084e-02
-9.025e-02
-9.031e-02
-9.031e-02
-9.031e-02
-9.031e-02
-9.031e-02
-9.031e-02
-9.031e-02
-9.031e-02
-9.031e-02
-9.031e-02
-9.031e-02
-9.031e-02
-9.031e-02
-9.031e-02
-9.031e-02
-9.031e-02
-9.031e-02
-9.037e-02
-8.980e-02
-9.094e-02
-9.030e-02
-9.036e-02
-9.037e-02
-9.037e-02
-9.037e-02
-9.037e-02
-9.037e-02
-9.037e-02
-9.037e-02
-9.037e-02
-9.037e-02
-9.037e-02
-9.037e-02
-9.037e-02
-9.037e-02
-9.037e-02
-9.037e-02
-9.037e-02
-9.041e-02
-8.981e-02
-9.029e-02
-8.967e-02
-8.976e-02
-8.977e-02
-8.976e-02
-8.976e-02
-8.976e-02
-8.976e-02
-8.976e-02
-8.976e-02
-8.976e-02
-8.976e-02
-8.976e-02
-8.976e-02
-8.976e-02
-8.976e-02
-8.976e-02
-8.976e-02
-8.976e-02
-8.978e-02
-8.947e-02
-8.511e-02
-8.470e-02
-8.472e-02
-8.472e-02
-8.472e-02
-8.472e-02
-8.472e-02
-8.472e-02
-8.472e-02
-8.472e-02
-8.472e-02
-8.472e-02
-8.472e-02
-8.472e-02
-8.472e-02
-8.472e-02
-8.472e-02
-8.472e-02
-8.473e-02
-8.478e-02
-8.406e-02
-8.468e-02
-8.399e-02
-8.403e-02
-8.403e-02
-8.403e-02
-8.403e-02
-8.403e-02
-8.403e-02
-8.403e-02
-8.403e-02
-8.403e-02
-8.403e-02
-8.403e-02
-8.403e-02
-8.403e-02
-8.403e-02
-8.403e-02
-8.403e-02
-8.404e-02
-8.406e-02
-8.347e-02
-8.468e-02
-8.402e-02
-8.407e-02
-8.408e-02
-8.408e-02
-8.408e-02
-8.408e-02
-8.408e-02
-8.408e-02
-8.408e-02
-8.408e-02
-8.408e-02
-8.408e-02
-8.408e-02
-8.408e-02
-8.408e-02
-8.408e-02
-8.408e-02
-8.408e-02
-8.411e-02
-8.354e-02
-8.468e-02
-8.402e-02
-8.408e-02
-8.409e-02
-8.409e-02
-8.409e-02
-8.409e-02
-8.409e-02
-8.409e-02
-8.409e-02
-8.409e-02
-8.409e-02
-8.409e-02
-8.409e-02
-8.409e-02
-8.409e-02
-8.409e-02
-8.409e-02
-8.410e-02
-8.412e-02
-8.356e-02
-8.468e-02
-8.402e-02
-8.408e-02
-8.409e-02
-8.409e-02
-8.409e-02
-8.409e-02
-8.409e-02
-8.409e-02
-8.409e-02
-8.409e-02
-8.409e-02
-8.409e-02
-8.409e-02
-8.409e-02
-8.409e-02
-8.409e-02
-8.409e-02
-8.410e-02
-8.412e-02
-8.356e-02
-8.468e-02
-8.402e-02
-8.408e-02
-8.409e-02
-8.409e-02
-8.409e-02
-8.409e-02
-8.409e-02
-8.409e-02
-8.409e-02
-8.409e-02
-8.409e-02
-8.409e-02
-8.409e-02
-8.409e-02
-8.409e-02
-8.409e-02
-8.409e-02
-8.410e-02
-8.412e-02
-8.356e-02
-8.468e-02
-8.402e-02
-8.408e-02
-8.409e-02
-8.409e-02
-8.409e-02
-8.409e-02
-8.409e-02
-8.409e-02
-8.409e-02
-8.409e-02
-8.409e-02
-8.409e-02
-8.409e-02
-8.409e-02
-8.409e-02
-8.409e-02
-8.409e-02
-8.410e-02
-8.412e-02
-8.356e-02
-8.468e-02
-8.402e-02
-8.408e-02
-8.409e-02
-8.409e-02
-8.409e-02
-8.409e-02
-8.409e-02
-8.409e-02
-8.409e-02
-8.409e-02
-8.409e-02
-8.409e-02
-8.409e-02
-8.409e-02
-8.409e-02
-8.409e-02
-8.409e-02
-8.410e-02
-8.412e-02
-8.356e-02
-8.468e-02
-8.402e-02
-8.408e-02
-8.409e-02
-8.409e-02
-8.409e-02
-8.409e-02
-8.409e-02
-8.409e-02
-8.409e-02
-8.409e-02
-8.409e-02
-8.409e-02
-8.409e-02
-8.409e-02
-8.409e-02
-8.409e-02
-8.409e-02
-8.410e-02
-8.412e-02
-8.356e-02
-8.468e-02
-8.402e-02
-8.408e-02
-8.409e-02
-8.409e-02
-8.409e-02
-8.409e-02
-8.409e-02
-8.409e-02
-8.409e-02
-8.409e-02
-8.409e-02
-8.409e-02
-8.409e-02
-8.409e-02
-8.409e-02
-8.409e-02
-8.409e-02
-8.410e-02
-8.412e-02
-8.356e-02
-8.468e-02
-8.402e-02
-8.408e-02
-8.409e-02
-8.409e-02
-8.409e-02
-8.409e-02
-8.409e-02
-8.409e-02
-8.409e-02
-8.409e-02
-8.409e-02
-8.409e-02
-8.409e-02
-8.409e-02
-8.409e-02
-8.409e-02
-8.409e-02
-8.410e-02
-8.412e-02
-8.356e-02
-8.468e-02
-8.402e-02
-8.408e-02
-8.409e-02
-8.409e-02
-8.409e-02
-8.409e-02
-8.409e-02
-8.409e-02
-8.409e-02
-8.409e-02
-8.409e-02
-8.409e-02
-8.409e-02
-8.409e-02
-8.409e-02
-8.409e-02
-8.409e-02
-8.410e-02
-8.412e-02
-8.356e-02
-8.468e-02
-8.402e-02
-8.408e-02
-8.409e-02
-8.409e-02
-8.409e-02
-8.409e-02
-8.409e-02
-8.409e-02
-8.409e-02
-8.409e-02
-8.409e-02
-8.409e-02
-8.409e-02
-8.409e-02
-8.409e-02
-8.409e-02
-8.409e-02
-8.410e-02
-8.412e-02
-8.356e-02
-8.468e-02
-8.402e-02
-8.408e-02
-8.409e-02
-8.409e-02
-8.409e-02
-8.409e-02
-8.409e-02
-8.409e-02
-8.409e-02
-8.409e-02
-8.409e-02
-8.409e-02
-8.409e-02
-8.409e-02
-8.409e-02
-8.409e-02
-8.409e-02
-8.410e-02
-8.412e-02
-8.356e-02
-8.468e-02
-8.402e-02
-8.408e-02
-8.409e-02
-8.409e-02
-8.409e-02
-8.409e-02
-8.409e-02
-8.409e-02
-8.409e-02
-8.409e-02
-8.409e-02
-8.409e-02
-8.409e-02
-8.409e-02
-8.409e-02
-8.409e-02
-8.409e-02
-8.410e-02
-8.412e-02
-8.356e-02
-8.468e-02
-8.402e-02
-8.408e-02
-8.409e-02
-8.409e-02
-8.409e-02
-8.409e-02
-8.409e-02
-8.409e-02
-8.409e-02
-8.409e-02
-8.409e-02
-8.409e-02
-8.409e-02
-8.409e-02
-8.409e-02
-8.409e-02
-8.409e-02
-8.410e-02
-8.412e-02
-8.356e-02
-8.468e-02
-8.402e-02
-8.408e-02
-8.409e-02
-8.409e-02
-8.409e-02
-8.409e-02
-8.409e-02
-8.409e-02
-8.409e-02
-8.409e-02
-8.409e-02
-8.409e-02
-8.409e-02
-8.409e-02
-8.409e-02
-8.409e-02
-8.409e-02
-8.410e-02
-8.412e-02
-8.356e-02
-8.468e-02
-8.402e-02
-8.408e-02
-8.409e-02
-8.409e-02
-8.409e-02
-8.409e-02
-8.409e-02
-8.409e-02
-8.409e-02
-8.409e-02
-8.409e-02
-8.409e-02
-8.409e-02
-8.409e-02
-8.409e-02
-8.409e-02
-8.409e-02
-8.410e-02
-8.412e-02
-8.356e-02
-8.469e-02
-8.403e-02
-8.408e-02
-8.410e-02
-8.410e-02
-8.410e-02
-8.410e-02
-8.410e-02
-8.410e-02
-8.410e-02
-8.410e-02
-8.410e-02
-8.410e-02
-8.410e-02
-8.410e-02
-8.410e-02
-8.410e-02
-8.410e-02
-8.411e-02
-8.412e-02
-8.356e-02
-8.473e-02
-8.404e-02
-8.410e-02
-8.411e-02
-8.411e-02
-8.411e-02
-8.411e-02
-8.411e-02
-8.411e-02
-8.411e-02
-8.411e-02
-8.411e-02
-8.411e-02
-8.411e-02
-8.411e-02
-8.411e-02
-8.411e-02
-8.411e-02
-8.412e-02
-8.412e-02
-8.356e-02
-8.401e-02
-8.342e-02
-8.350e-02
-8.353e-02
-8.353e-02
-8.353e-02
-8.353e-02
-8.353e-02
-8.353e-02
-8.353e-02
-8.353e-02
-8.353e-02
-8.353e-02
-8.353e-02
-8.353e-02
-8.353e-02
-8.353e-02
-8.353e-02
-8.353e-02
-8.353e-02
-8.327e-02
-8.032e-02
-7.967e-02
-7.965e-02
-7.965e-02
-7.965e-02
-7.965e-02
-7.965e-02
-7.965e-02
-7.965e-02
-7.965e-02
-7.965e-02
-7.965e-02
-7.965e-02
-7.965e-02
-7.965e-02
-7.965e-02
-7.965e-02
-7.965e-02
-7.966e-02
-7.971e-02
-7.854e-02
-7.965e-02
-7.852e-02
-7.846e-02
-7.846e-02
-7.846e-02
-7.846e-02
-7.846e-02
-7.846e-02
-7.846e-02
-7.846e-02
-7.846e-02
-7.846e-02
-7.846e-02
-7.846e-02
-7.846e-02
-7.846e-02
-7.846e-02
-7.846e-02
-7.847e-02
-7.849e-02
-7.748e-02
-7.963e-02
-7.846e-02
-7.838e-02
-7.838e-02
-7.838e-02
-7.838e-02
-7.838e-02
-7.838e-02
-7.838e-02
-7.838e-02
-7.838e-02
-7.838e-02
-7.838e-02
-7.838e-02
-7.838e-02
-7.838e-02
-7.838e-02
-7.838e-02
-7.839e-02
-7.841e-02
-7.737e-02
-7.963e-02
-7.846e-02
-7.838e-02
-7.838e-02
-7.838e-02
-7.838e-02
-7.838e-02
-7.838e-02
-7.838e-02
-7.838e-02
-7.838e-02
-7.838e-02
-7.838e-02
-7.838e-02
-7.838e-02
-7.838e-02
-7.838e-02
-7.838e-02
-7.839e-02
-7.841e-02
-7.737e-02
-7.963e-02
-7.846e-02
-7.838e-02
-7.838e-02
-7.838e-02
-7.838e-02
-7.838e-02
-7.838e-02
-7.838e-02
-7.838e-02
-7.838e-02
-7.838e-02
-7.838e-02
-7.838e-02
-7.838e-02
-7.838e-02
-7.838e-02
-7.838e-02
-7.839e-02
-7.841e-02
-7.737e-02
-7.963e-02
-7.846e-02
-7.838e-02
-7.838e-02
-7.838e-02
-7.838e-02
-7.838e-02
-7.838e-02
-7.838e-02
-7.838e-02
-7.838e-02
-7.838e-02
-7.838e-02
-7.838e-02
-7.838e-02
-7.838e-02
-7.838e-02
-7.838e-02
-7.839e-02
-7.841e-02
-7.737e-02
-7.963e-02
-7.846e-02
-7.838e-02
-7.838e-02
-7.838e-02
-7.838e-02
-7.838e-02
-7.838e-02
-7.838e-02
-7.838e-02
-7.838e-02
-7.838e-02
-7.838e-02
-7.838e-02
-7.838e-02
-7.838e-02
-7.838e-02
-7.838e-02
-7.839e-02
-7.841e-02
-7.737e-02
-7.963e-02
-7.846e-02
-7.838e-02
-7.838e-02
-7.838e-02
-7.838e-02
-7.838e-02
-7.838e-02
-7.838e-02
-7.838e-02
-7.838e-02
-7.838e-02
-7.838e-02
-7.838e-02
-7.838e-02
-7.838e-02
-7.838e-02
-7.838e-02
-7.839e-02
-7.841e-02
-7.737e-02
-7.963e-02
-7.846e-02
-7.838e-02
-7.838e-02
-7.838e-02
-7.838e-02
-7.838e-02
-7.838e-02
-7.838e-02
-7.838e-02
-7.838e-02
-7.838e-02
-7.838e-02
-7.838e-02
-7.838e-02
-7.838e-02
-7.838e-02
-7.838e-02
-7.839e-02
-7.841e-02
-7.737e-02
-7.963e-02
-7.846e-02
-7.838e-02
-7.838e-02
-7.838e-02
-7.838e-02
-7.838e-02
-7.838e-02
-7.838e-02
-7.838e-02
-7.838e-02
-7.838e-02
-7.838e-02
-7.838e-02
-7.838e-02
-7.838e-02
-7.838e-02
-7.838e-02
-7.839e-02
-7.841e-02
-7.737e-02
-7.963e-02
-7.846e-02
-7.838e-02
-7.838e-02
-7.838e-02
-7.838e-02
-7.838e-02
-7.838e-02
-7.838e-02
-7.838e-02
-7.838e-02
-7.838e-02
-7.838e-02
-7.838e-02
-7.838e-02
-7.838e-02
-7.838e-02
-7.838e-02
-7.839e-02
-7.841e-02
-7.737e-02
-7.963e-02
-7.846e-02
-7.838e-02
-7.838e-02
-7.838e-02
-7.838e-02
-7.838e-02
-7.838e-02
-7.838e-02
-7.838e-02
-7.838e-02
-7.838e-02
-7.838e-02
-7.838e-02
-7.838e-02
-7.838e-02
-7.838e-02
-7.838e-02
-7.839e-02
-7.841e-02
-7.737e-02
-7.963e-02
-7.846e-02
-7.838e-02
-7.838e-02
-7.838e-02
-7.838e-02
-7.838e-02
-7.838e-02
-7.838e-02
-7.838e-02
-7.838e-02
-7.838e-02
-7.838e-02
-7.838e-02
-7.838e-02
-7.838e-02
-7.838e-02
-7.838e-02
-7.839e-02
-7.841e-02
-7.737e-02
-7.963e-02
-7.846e-02
-7.838e-02
-7.838e-02
-7.838e-02
-7.838e-02
-7.838e-02
-7.838e-02
-7.838e-02
-7.838e-02
-7.838e-02
-7.838e-02
-7.838e-02
-7.838e-02
-7.838e-02
-7.838e-02
-7.838e-02
-7.838e-02
-7.839e-02
-7.841e-02
-7.737e-02
-7.963e-02
-7.846e-02
-7.838e-02
-7.838e-02
-7.838e-02
-7.838e-02
-7.838e-02
-7.838e-02
-7.838e-02
-7.838e-02
-7.838e-02
-7.838e-02
-7.838e-02
-7.838e-02
-7.838e-02
-7.838e-02
-7.838e-02
-7.838e-02
-7.839e-02
-7.841e-02
-7.737e-02
-7.963e-02
-7.846e-02
-7.838e-02
-7.838e-02
-7.838e-02
-7.838e-02
-7.838e-02
-7.838e-02
-7.838e-02
-7.838e-02
-7.838e-02
-7.838e-02
-7.838e-02
-7.838e-02
-7.838e-02
-7.838e-02
-7.838e-02
-7.838e-02
-7.839e-02
-7.841e-02
-7.737e-02
-7.963e-02
-7.846e-02
-7.838e-02
-7.838e-02
-7.838e-02
-7.838e-02
-7.838e-02
-7.838e-02
-7.838e-02
-7.838e-02
-7.838e-02
-7.838e-02
-7.838e-02
-7.838e-02
-7.838e-02
-7.838e-02
-7.838e-02
-7.838e-02
-7.839e-02
-7.841e-02
-7.737e-02
-7.963e-02
-7.846e-02
-7.838e-02
-7.838e-02
-7.838e-02
-7.838e-02
-7.838e-02
-7.838e-02
-7.838e-02
-7.838e-02
-7.838e-02
-7.838e-02
-7.838e-02
-7.838e-02
-7.838e-02
-7.838e-02
-7.838e-02
-7.838e-02
-7.839e-02
-7.841e-02
-7.737e-02
-7.963e-02
-7.846e-02
-7.839e-02
-7.839e-02
-7.839e-02
-7.839e-02
-7.839e-02
-7.839e-02
-7.839e-02
-7.839e-02
-7.839e-02
-7.839e-02
-7.839e-02
-7.839e-02
-7.839e-02
-7.839e-02
-7.839e-02
-7.839e-02
-7.839e-02
-7.841e-02
-7.737e-02
-7.967e-02
-7.848e-02
-7.840e-02
-7.840e-02
-7.840e-02
-7.840e-02
-7.840e-02
-7.840e-02
-7.840e-02
-7.840e-02
-7.840e-02
-7.840e-02
-7.840e-02
-7.840e-02
-7.840e-02
-7.840e-02
-7.840e-02
-7.840e-02
-7.841e-02
-7.842e-02
-7.737e-02
-7.850e-02
-7.744e-02
-7.735e-02
-7.735e-02
-7.735e-02
-7.735e-02
-7.735e-02
-7.735e-02
-7.735e-02
-7.735e-02
-7.735e-02
-7.735e-02
-7.735e-02
-7.735e-02
-7.735e-02
-7.735e-02
-7.735e-02
-7.735e-02
-7.735e-02
-7.735e-02
-7.683e-02
-7.471e-02
-7.439e-02
-7.437e-02
-7.437e-02
-7.437e-02
-7.437e-02
-7.437e-02
-7.437e-02
-7.437e-02
-7.437e-02
-7.437e-02
-7.437e-02
-7.437e-02
-7.437e-02
-7.437e-02
-7.437e-02
-7.437e-02
-7.437e-02
-7.437e-02
-7.429e-02
-7.378e-02
-7.438e-02
-7.388e-02
-7.384e-02
-7.384e-02
-7.384e-02
-7.384e-02
-7.384e-02
-7.384e-02
-7.384e-02
-7.384e-02
-7.384e-02
-7.384e-02
-7.384e-02
-7.384e-02
-7.384e-02
-7.384e-02
-7.384e-02
-7.384e-02
-7.384e-02
-7.378e-02
-7.334e-02
-7.436e-02
-7.384e-02
-7.379e-02
-7.378e-02
-7.378e-02
-7.378e-02
-7.378e-02
-7.378e-02
-7.378e-02
-7.378e-02
-7.378e-02
-7.378e-02
-7.378e-02
-7.378e-02
-7.378e-02
-7.378e-02
-7.378e-02
-7.378e-02
-7.379e-02
-7.373e-02
-7.327e-02
-7.436e-02
-7.384e-02
-7.378e-02
-7.378e-02
-7.378e-02
-7.378e-02
-7.378e-02
-7.378e-02
-7.378e-02
-7.378e-02
-7.378e-02
-7.378e-02
-7.378e-02
-7.378e-02
-7.378e-02
-7.378e-02
-7.378e-02
-7.378e-02
-7.378e-02
-7.372e-02
-7.326e-02
-7.436e-02
-7.384e-02
-7.378e-02
-7.378e-02
-7.378e-02
-7.378e-02
-7.378e-02
-7.378e-02
-7.378e-02
-7.378e-02
-7.378e-02
-7.378e-02
-7.378e-02
-7.378e-02
-7.378e-02
-7.378e-02
-7.378e-02
-7.378e-02
-7.378e-02
-7.372e-02
-7.326e-02
-7.436e-02
-7.384e-02
-7.378e-02
-7.378e-02
-7.378e-02
-7.378e-02
-7.378e-02
-7.378e-02
-7.378e-02
-7.378e-02
-7.378e-02
-7.378e-02
-7.378e-02
-7.378e-02
-7.378e-02
-7.378e-02
-7.378e-02
-7.378e-02
-7.378e-02
-7.372e-02
-7.326e-02
-7.436e-02
-7.384e-02
-7.378e-02
-7.378e-02
-7.378e-02
-7.378e-02
-7.378e-02
-7.378e-02
-7.378e-02
-7.378e-02
-7.378e-02
-7.378e-02
-7.378e-02
-7.378e-02
-7.378e-02
-7.378e-02
-7.378e-02
-7.378e-02
-7.378e-02
-7.372e-02
-7.326e-02
-7.436e-02
-7.384e-02
-7.378e-02
-7.378e-02
-7.378e-02
-7.378e-02
-7.378e-02
-7.378e-02
-7.378e-02
-7.378e-02
-7.378e-02
-7.378e-02
-7.378e-02
-7.378e-02
-7.378e-02
-7.378e-02
-7.378e-02
-7.378e-02
-7.378e-02
-7.372e-02
-7.326e-02
-7.436e-02
-7.384e-02
-7.378e-02
-7.378e-02
-7.378e-02
-7.378e-02
-7.378e-02
-7.378e-02
-7.378e-02
-7.378e-02
-7.378e-02
-7.378e-02
-7.378e-02
-7.378e-02
-7.378e-02
-7.378e-02
-7.378e-02
-7.378e-02
-7.378e-02
-7.372e-02
-7.326e-02
-7.436e-02
-7.384e-02
-7.378e-02
-7.378e-02
-7.378e-02
-7.378e-02
-7.378e-02
-7.378e-02
-7.378e-02
-7.378e-02
-7.378e-02
-7.378e-02
-7.378e-02
-7.378e-02
-7.378e-02
-7.378e-02
-7.378e-02
-7.378e-02
-7.378e-02
-7.372e-02
-7.326e-02
-7.436e-02
-7.384e-02
-7.378e-02
-7.378e-02
-7.378e-02
-7.378e-02
-7.378e-02
-7.378e-02
-7.378e-02
-7.378e-02
-7.378e-02
-7.378e-02
-7.378e-02
-7.378e-02
-7.378e-02
-7.378e-02
-7.378e-02
-7.378e-02
-7.378e-02
-7.372e-02
-7.326e-02
-7.436e-02
-7.384e-02
-7.378e-02
-7.378e-02
-7.378e-02
-7.378e-02
-7.378e-02
-7.378e-02
-7.378e-02
-7.378e-02
-7.378e-02
-7.378e-02
-7.378e-02
-7.378e-02
-7.378e-02
-7.378e-02
-7.378e-02
-7.378e-02
-7.378e-02
-7.372e-02
-7.326e-02
-7.436e-02
-7.384e-02
-7.378e-02
-7.378e-02
-7.378e-02
-7.378e-02
-7.378e-02
-7.378e-02
-7.378e-02
-7.378e-02
-7.378e-02
-7.378e-02
-7.378e-02
-7.378e-02
-7.378e-02
-7.378e-02
-7.378e-02
-7.378e-02
-7.378e-02
-7.372e-02
-7.326e-02
-7.436e-02
-7.384e-02
-7.378e-02
-7.378e-02
-7.378e-02
-7.378e-02
-7.378e-02
-7.378e-02
-7.378e-02
-7.378e-02
-7.378e-02
-7.378e-02
-7.378e-02
-7.378e-02
-7.378e-02
-7.378e-02
-7.378e-02
-7.378e-02
-7.378e-02
-7.372e-02
-7.326e-02
-7.436e-02
-7.384e-02
-7.378e-02
-7.378e-02
-7.378e-02
-7.378e-02
-7.378e-02
-7.378e-02
-7.378e-02
-7.378e-02
-7.378e-02
-7.378e-02
-7.378e-02
-7.378e-02
-7.378e-02
-7.378e-02
-7.378e-02
-7.378e-02
-7.378e-02
-7.372e-02
-7.326e-02
-7.436e-02
-7.384e-02
-7.378e-02
-7.378e-02
-7.378e-02
-7.378e-02
-7.378e-02
-7.378e-02
-7.378e-02
-7.378e-02
-7.378e-02
-7.378e-02
-7.378e-02
-7.378e-02
-7.378e-02
-7.378e-02
-7.378e-02
-7.378e-02
-7.378e-02
-7.372e-02
-7.326e-02
-7.436e-02
-7.384e-02
-7.378e-02
-7.378e-02
-7.378e-02
-7.378e-02
-7.378e-02
-7.378e-02
-7.378e-02
-7.378e-02
-7.378e-02
-7.378e-02
-7.378e-02
-7.378e-02
-7.378e-02
-7.378e-02
-7.378e-02
-7.378e-02
-7.378e-02
-7.372e-02
-7.326e-02
-7.436e-02
-7.384e-02
-7.378e-02
-7.378e-02
-7.378e-02
-7.378e-02
-7.378e-02
-7.378e-02
-7.378e-02
-7.378e-02
-7.378e-02
-7.378e-02
-7.378e-02
-7.378e-02
-7.378e-02
-7.378e-02
-7.378e-02
-7.378e-02
-7.378e-02
-7.372e-02
-7.326e-02
-7.437e-02
-7.384e-02
-7.379e-02
-7.378e-02
-7.378e-02
-7.378e-02
-7.378e-02
-7.378e-02
-7.378e-02
-7.378e-02
-7.378e-02
-7.378e-02
-7.378e-02
-7.378e-02
-7.378e-02
-7.378e-02
-7.378e-02
-7.378e-02
-7.379e-02
-7.372e-02
-7.326e-02
-7.427e-02
-7.377e-02
-7.372e-02
-7.372e-02
-7.372e-02
-7.372e-02
-7.372e-02
-7.372e-02
-7.372e-02
-7.372e-02
-7.372e-02
-7.372e-02
-7.372e-02
-7.372e-02
-7.372e-02
-7.372e-02
-7.372e-02
-7.372e-02
-7.372e-02
-7.367e-02
-7.324e-02
-7.376e-02
-7.333e-02
-7.326e-02
-7.325e-02
-7.325e-02
-7.325e-02
-7.325e-02
-7.325e-02
-7.325e-02
-7.325e-02
-7.325e-02
-7.325e-02
-7.325e-02
-7.325e-02
-7.325e-02
-7.325e-02
-7.325e-02
-7.325e-02
-7.325e-02
-7.323e-02
-7.301e-02
-7.259e-02
-7.245e-02
-7.244e-02
-7.244e-02
-7.244e-02
-7.244e-02
-7.244e-02
-7.244e-02
-7.244e-02
-7.244e-02
-7.244e-02
-7.244e-02
-7.244e-02
-7.244e-02
-7.244e-02
-7.244e-02
-7.244e-02
-7.244e-02
-7.244e-02
-7.239e-02
-7.221e-02
-7.245e-02
-7.226e-02
-7.225e-02
-7.225e-02
-7.225e-02
-7.225e-02
-7.225e-02
-7.225e-02
-7.225e-02
-7.225e-02
-7.225e-02
-7.225e-02
-7.225e-02
-7.225e-02
-7.225e-02
-7.225e-02
-7.225e-02
-7.225e-02
-7.224e-02
-7.221e-02
-7.208e-02
-7.244e-02
-7.225e-02
-7.223e-02
-7.223e-02
-7.223e-02
-7.223e-02
-7.223e-02
-7.223e-02
-7.223e-02
-7.223e-02
-7.223e-02
-7.223e-02
-7.223e-02
-7.223e-02
-7.223e-02
-7.223e-02
-7.223e-02
-7.223e-02
-7.223e-02
-7.220e-02
-7.207e-02
-7.244e-02
-7.225e-02
-7.223e-02
-7.223e-02
-7.223e-02
-7.223e-02
-7.223e-02
-7.223e-02
-7.223e-02
-7.223e-02
-7.223e-02
-7.223e-02
-7.223e-02
-7.223e-02
-7.223e-02
-7.223e-02
-7.223e-02
-7.223e-02
-7.223e-02
-7.220e-02
-7.207e-02
-7.244e-02
-7.225e-02
-7.223e-02
-7.223e-02
-7.223e-02
-7.223e-02
-7.223e-02
-7.223e-02
-7.223e-02
-7.223e-02
-7.223e-02
-7.223e-02
-7.223e-02
-7.223e-02
-7.223e-02
-7.223e-02
-7.223e-02
-7.223e-02
-7.223e-02
-7.220e-02
-7.207e-02
-7.244e-02
-7.225e-02
-7.223e-02
-7.223e-02
-7.223e-02
-7.223e-02
-7.223e-02
-7.223e-02
-7.223e-02
-7.223e-02
-7.223e-02
-7.223e-02
-7.223e-02
-7.223e-02
-7.223e-02
-7.223e-02
-7.223e-02
-7.223e-02
-7.223e-02
-7.220e-02
-7.207e-02
-7.244e-02
-7.225e-02
-7.223e-02
-7.223e-02
-7.223e-02
-7.223e-02
-7.223e-02
-7.223e-02
-7.223e-02
-7.223e-02
-7.223e-02
-7.223e-02
-7.223e-02
-7.223e-02
-7.223e-02
-7.223e-02
-7.223e-02
-7.223e-02
-7.223e-02
-7.220e-02
-7.207e-02
-7.244e-02
-7.225e-02
-7.223e-02
-7.223e-02
-7.223e-02
-7.223e-02
-7.223e-02
-7.223e-02
-7.223e-02
-7.223e-02
-7.223e-02
-7.223e-02
-7.223e-02
-7.223e-02
-7.223e-02
-7.223e-02
-7.223e-02
-7.223e-02
-7.223e-02
-7.220e-02
-7.207e-02
-7.244e-02
-7.225e-02
-7.223e-02
-7.223e-02
-7.223e-02
-7.223e-02
-7.223e-02
-7.223e-02
-7.223e-02
-7.223e-02
-7.223e-02
-7.223e-02
-7.223e-02
-7.223e-02
-7.223e-02
-7.223e-02
-7.223e-02
-7.223e-02
-7.223e-02
-7.220e-02
-7.207e-02
-7.244e-02
-7.225e-02
-7.223e-02
-7.223e-02
-7.223e-02
-7.223e-02
-7.223e-02
-7.223e-02
-7.223e-02
-7.223e-02
-7.223e-02
-7.223e-02
-7.223e-02
-7.223e-02
-7.223e-02
-7.223e-02
-7.223e-02
-7.223e-02
-7.223e-02
-7.220e-02
-7.207e-02
-7.244e-02
-7.225e-02
-7.223e-02
-7.223e-02
-7.223e-02
-7.223e-02
-7.223e-02
-7.223e-02
-7.223e-02
-7.223e-02
-7.223e-02
-7.223e-02
-7.223e-02
-7.223e-02
-7.223e-02
-7.223e-02
-7.223e-02
-7.223e-02
-7.223e-02
-7.220e-02
-7.207e-02
-7.244e-02
-7.225e-02
-7.223e-02
-7.223e-02
-7.223e-02
-7.223e-02
-7.223e-02
-7.223e-02
-7.223e-02
-7.223e-02
-7.223e-02
-7.223e-02
-7.223e-02
-7.223e-02
-7.223e-02
-7.223e-02
-7.223e-02
-7.223e-02
-7.223e-02
-7.220e-02
-7.207e-02
-7.244e-02
-7.225e-02
-7.223e-02
-7.223e-02
-7.223e-02
-7.223e-02
-7.223e-02
-7.223e-02
-7.223e-02
-7.223e-02
-7.223e-02
-7.223e-02
-7.223e-02
-7.223e-02
-7.223e-02
-7.223e-02
-7.223e-02
-7.223e-02
-7.223e-02
-7.220e-02
-7.207e-02
-7.244e-02
-7.225e-02
-7.223e-02
-7.223e-02
-7.223e-02
-7.223e-02
-7.223e-02
-7.223e-02
-7.223e-02
-7.223e-02
-7.223e-02
-7.223e-02
-7.223e-02
-7.223e-02
-7.223e-02
-7.223e-02
-7.223e-02
-7.223e-02
-7.223e-02
-7.220e-02
-7.207e-02
-7.244e-02
-7.225e-02
-7.223e-02
-7.223e-02
-7.223e-02
-7.223e-02
-7.223e-02
-7.223e-02
-7.223e-02
-7.223e-02
-7.223e-02
-7.223e-02
-7.223e-02
-7.223e-02
-7.223e-02
-7.223e-02
-7.223e-02
-7.223e-02
-7.223e-02
-7.220e-02
-7.207e-02
-7.244e-02
-7.225e-02
-7.223e-02
-7.223e-02
-7.223e-02
-7.223e-02
-7.223e-02
-7.223e-02
-7.223e-02
-7.223e-02
-7.223e-02
-7.223e-02
-7.223e-02
-7.223e-02
-7.223e-02
-7.223e-02
-7.223e-02
-7.223e-02
-7.223e-02
-7.220e-02
-7.207e-02
-7.244e-02
-7.225e-02
-7.223e-02
-7.223e-02
-7.223e-02
-7.223e-02
-7.223e-02
-7.223e-02
-7.223e-02
-7.223e-02
-7.223e-02
-7.223e-02
-7.223e-02
-7.223e-02
-7.223e-02
-7.223e-02
-7.223e-02
-7.223e-02
-7.223e-02
-7.220e-02
-7.207e-02
-7.244e-02
-7.225e-02
-7.223e-02
-7.223e-02
-7.223e-02
-7.223e-02
-7.223e-02
-7.223e-02
-7.223e-02
-7.223e-02
-7.223e-02
-7.223e-02
-7.223e-02
-7.223e-02
-7.223e-02
-7.223e-02
-7.223e-02
-7.223e-02
-7.223e-02
-7.220e-02
-7.207e-02
-7.244e-02
-7.224e-02
-7.223e-02
-7.223e-02
-7.223e-02
-7.223e-02
-7.223e-02
-7.223e-02
-7.223e-02
-7.223e-02
-7.223e-02
-7.223e-02
-7.223e-02
-7.223e-02
-7.223e-02
-7.223e-02
-7.223e-02
-7.223e-02
-7.222e-02
-7.219e-02
-7.207e-02
-7.239e-02
-7.221e-02
-7.220e-02
-7.219e-02
-7.219e-02
-7.219e-02
-7.219e-02
-7.219e-02
-7.219e-02
-7.219e-02
-7.219e-02
-7.219e-02
-7.219e-02
-7.219e-02
-7.219e-02
-7.219e-02
-7.219e-02
-7.219e-02
-7.219e-02
-7.217e-02
-7.206e-02
-7.221e-02
-7.208e-02
-7.207e-02
-7.206e-02
-7.206e-02
-7.206e-02
-7.206e-02
-7.206e-02
-7.206e-02
-7.206e-02
-7.206e-02
-7.206e-02
-7.206e-02
-7.206e-02
-7.206e-02
-7.206e-02
-7.206e-02
-7.206e-02
-7.206e-02
-7.206e-02
-7.201e-02
-7.197e-02
-7.195e-02
-7.194e-02
-7.194e-02
-7.194e-02
-7.194e-02
-7.194e-02
-7.194e-02
-7.194e-02
-7.194e-02
-7.194e-02
-7.194e-02
-7.194e-02
-7.194e-02
-7.194e-02
-7.194e-02
-7.194e-02
-7.194e-02
-7.194e-02
-7.193e-02
-7.191e-02
-7.195e-02
-7.192e-02
-7.192e-02
-7.192e-02
-7.192e-02
-7.192e-02
-7.192e-02
-7.192e-02
-7.192e-02
-7.192e-02
-7.192e-02
-7.192e-02
-7.192e-02
-7.192e-02
-7.192e-02
-7.192e-02
-7.192e-02
-7.192e-02
-7.192e-02
-7.191e-02
-7.190e-02
-7.194e-02
-7.192e-02
-7.192e-02
-7.192e-02
-7.192e-02
-7.192e-02
-7.192e-02
-7.192e-02
-7.192e-02
-7.192e-02
-7.192e-02
-7.192e-02
-7.192e-02
-7.192e-02
-7.192e-02
-7.192e-02
-7.192e-02
-7.192e-02
-7.192e-02
-7.191e-02
-7.189e-02
-7.194e-02
-7.192e-02
-7.192e-02
-7.192e-02
-7.192e-02
-7.192e-02
-7.192e-02
-7.192e-02
-7.192e-02
-7.192e-02
-7.192e-02
-7.192e-02
-7.192e-02
-7.192e-02
-7.192e-02
-7.192e-02
-7.192e-02
-7.192e-02
-7.191e-02
-7.191e-02
-7.189e-02
-7.194e-02
-7.192e-02
-7.192e-02
-7.192e-02
-7.192e-02
-7.192e-02
-7.192e-02
-7.192e-02
-7.192e-02
-7.192e-02
-7.192e-02
-7.192e-02
-7.192e-02
-7.192e-02
-7.192e-02
-7.192e-02
-7.192e-02
-7.192e-02
-7.191e-02
-7.191e-02
-7.189e-02
-7.194e-02
-7.192e-02
-7.192e-02
-7.192e-02
-7.192e-02
-7.192e-02
-7.192e-02
-7.192e-02
-7.192e-02
-7.192e-02
-7.192e-02
-7.192e-02
-7.192e-02
-7.192e-02
-7.192e-02
-7.192e-02
-7.192e-02
-7.192e-02
-7.191e-02
-7.191e-02
-7.189e-02
-7.194e-02
-7.192e-02
-7.192e-02
-7.192e-02
-7.192e-02
-7.192e-02
-7.192e-02
-7.192e-02
-7.192e-02
-7.192e-02
-7.192e-02
-7.192e-02
-7.192e-02
-7.192e-02
-7.192e-02
-7.192e-02
-7.192e-02
-7.192e-02
-7.191e-02
-7.191e-02
-7.189e-02
-7.194e-02
-7.192e-02
-7.192e-02
-7.192e-02
-7.192e-02
-7.192e-02
-7.192e-02
-7.192e-02
-7.192e-02
-7.192e-02
-7.192e-02
-7.192e-02
-7.192e-02
-7.192e-02
-7.192e-02
-7.192e-02
-7.192e-02
-7.192e-02
-7.191e-02
-7.191e-02
-7.189e-02
-7.194e-02
-7.192e-02
-7.192e-02
-7.192e-02
-7.192e-02
-7.192e-02
-7.192e-02
-7.192e-02
-7.192e-02
-7.192e-02
-7.192e-02
-7.192e-02
-7.192e-02
-7.192e-02
-7.192e-02
-7.192e-02
-7.192e-02
-7.192e-02
-7.191e-02
-7.191e-02
-7.189e-02
-7.194e-02
-7.192e-02
-7.192e-02
-7.192e-02
-7.192e-02
-7.192e-02
-7.192e-02
-7.192e-02
-7.192e-02
-7.192e-02
-7.192e-02
-7.192e-02
-7.192e-02
-7.192e-02
-7.192e-02
-7.192e-02
-7.192e-02
-7.192e-02
-7.191e-02
-7.191e-02
-7.189e-02
-7.194e-02
-7.192e-02
-7.192e-02
-7.192e-02
-7.192e-02
-7.192e-02
-7.192e-02
-7.192e-02
-7.192e-02
-7.192e-02
-7.192e-02
-7.192e-02
-7.192e-02
-7.192e-02
-7.192e-02
-7.192e-02
-7.192e-02
-7.192e-02
-7.191e-02
-7.191e-02
-7.189e-02
-7.194e-02
-7.192e-02
-7.192e-02
-7.192e-02
-7.192e-02
-7.192e-02
-7.192e-02
-7.192e-02
-7.192e-02
-7.192e-02
-7.192e-02
-7.192e-02
-7.192e-02
-7.192e-02
-7.192e-02
-7.192e-02
-7.192e-02
-7.192e-02
-7.191e-02
-7.191e-02
-7.189e-02
-7.194e-02
-7.192e-02
-7.192e-02
-7.192e-02
-7.192e-02
-7.192e-02
-7.192e-02
-7.192e-02
-7.192e-02
-7.192e-02
-7.192e-02
-7.192e-02
-7.192e-02
-7.192e-02
-7.192e-02
-7.192e-02
-7.192e-02
-7.192e-02
-7.191e-02
-7.191e-02
-7.189e-02
-7.194e-02
-7.192e-02
-7.192e-02
-7.192e-02
-7.192e-02
-7.192e-02
-7.192e-02
-7.192e-02
-7.192e-02
-7.192e-02
-7.192e-02
-7.192e-02
-7.192e-02
-7.192e-02
-7.192e-02
-7.192e-02
-7.192e-02
-7.192e-02
-7.191e-02
-7.191e-02
-7.189e-02
-7.194e-02
-7.192e-02
-7.192e-02
-7.192e-02
-7.192e-02
-7.192e-02
-7.192e-02
-7.192e-02
-7.192e-02
-7.192e-02
-7.192e-02
-7.192e-02
-7.192e-02
-7.192e-02
-7.192e-02
-7.192e-02
-7.192e-02
-7.192e-02
-7.191e-02
-7.191e-02
-7.189e-02
-7.194e-02
-7.192e-02
-7.192e-02
-7.192e-02
-7.192e-02
-7.192e-02
-7.192e-02
-7.192e-02
-7.192e-02
-7.192e-02
-7.192e-02
-7.192e-02
-7.192e-02
-7.192e-02
-7.192e-02
-7.192e-02
-7.192e-02
-7.192e-02
-7.191e-02
-7.191e-02
-7.189e-02
-7.194e-02
-7.192e-02
-7.192e-02
-7.192e-02
-7.192e-02
-7.192e-02
-7.192e-02
-7.192e-02
-7.192e-02
-7.192e-02
-7.192e-02
-7.192e-02
-7.192e-02
-7.192e-02
-7.192e-02
-7.192e-02
-7.192e-02
-7.192e-02
-7.191e-02
-7.191e-02
-7.189e-02
-7.194e-02
-7.192e-02
-7.192e-02
-7.192e-02
-7.192e-02
-7.192e-02
-7.192e-02
-7.192e-02
-7.192e-02
-7.192e-02
-7.192e-02
-7.192e-02
-7.192e-02
-7.192e-02
-7.192e-02
-7.192e-02
-7.192e-02
-7.192e-02
-7.191e-02
-7.191e-02
-7.189e-02
-7.194e-02
-7.192e-02
-7.192e-02
-7.191e-02
-7.191e-02
-7.191e-02
-7.191e-02
-7.191e-02
-7.191e-02
-7.191e-02
-7.191e-02
-7.191e-02
-7.191e-02
-7.191e-02
-7.191e-02
-7.191e-02
-7.191e-02
-7.191e-02
-7.191e-02
-7.191e-02
-7.189e-02
-7.193e-02
-7.191e-02
-7.191e-02
-7.191e-02
-7.191e-02
-7.191e-02
-7.191e-02
-7.191e-02
-7.191e-02
-7.191e-02
-7.191e-02
-7.191e-02
-7.191e-02
-7.191e-02
-7.191e-02
-7.191e-02
-7.191e-02
-7.191e-02
-7.191e-02
-7.190e-02
-7.189e-02
-7.191e-02
-7.190e-02
-7.189e-02
-7.189e-02
-7.189e-02
-7.189e-02
-7.189e-02
-7.189e-02
-7.189e-02
-7.189e-02
-7.189e-02
-7.189e-02
-7.189e-02
-7.189e-02
-7.189e-02
-7.189e-02
-7.189e-02
-7.189e-02
-7.189e-02
-7.189e-02
-7.189e-02
-7.189e-02
-7.189e-02
-7.189e-02
-7.189e-02
-7.189e-02
-7.189e-02
-7.189e-02
-7.189e-02
-7.189e-02
-7.189e-02
-7.189e-02
-7.189e-02
-7.189e-02
-7.189e-02
-7.189e-02
-7.189e-02
-7.189e-02
-7.189e-02
-7.189e-02
-7.189e-02
-7.189e-02
-7.189e-02
-7.189e-02
-7.189e-02
-7.189e-02
-7.189e-02
-7.189e-02
-7.189e-02
-7.189e-02
-7.189e-02
-7.189e-02
-7.189e-02
-7.189e-02
-7.189e-02
-7.189e-02
-7.189e-02
-7.189e-02
-7.189e-02
-7.189e-02
-7.189e-02
-7.189e-02
-7.189e-02
-7.189e-02
-7.189e-02
-7.189e-02
-7.189e-02
-7.189e-02
-7.189e-02
-7.189e-02
-7.189e-02
-7.189e-02
-7.189e-02
-7.189e-02
-7.189e-02
-7.189e-02
-7.189e-02
-7.189e-02
-7.189e-02
-7.189e-02
-7.189e-02
-7.189e-02
-7.189e-02
-7.190e-02
-7.189e-02
-7.189e-02
-7.189e-02
-7.190e-02
-7.190e-02
-7.190e-02
-7.190e-02
-7.190e-02
-7.190e-02
-7.190e-02
-7.190e-02
-7.190e-02
-7.190e-02
-7.190e-02
-7.190e-02
-7.190e-02
-7.190e-02
-7.190e-02
-7.190e-02
-7.190e-02
-7.191e-02
-7.189e-02
-7.189e-02
-7.189e-02
-7.190e-02
-7.190e-02
-7.190e-02
-7.190e-02
-7.190e-02
-7.190e-02
-7.190e-02
-7.190e-02
-7.190e-02
-7.190e-02
-7.190e-02
-7.190e-02
-7.190e-02
-7.190e-02
-7.190e-02
-7.190e-02
-7.190e-02
-7.191e-02
-7.189e-02
-7.189e-02
-7.189e-02
-7.190e-02
-7.190e-02
-7.190e-02
-7.190e-02
-7.190e-02
-7.190e-02
-7.190e-02
-7.190e-02
-7.190e-02
-7.190e-02
-7.190e-02
-7.190e-02
-7.190e-02
-7.190e-02
-7.190e-02
-7.190e-02
-7.190e-02
-7.191e-02
-7.189e-02
-7.189e-02
-7.189e-02
-7.190e-02
-7.190e-02
-7.190e-02
-7.190e-02
-7.190e-02
-7.190e-02
-7.190e-02
-7.190e-02
-7.190e-02
-7.190e-02
-7.190e-02
-7.190e-02
-7.190e-02
-7.190e-02
-7.190e-02
-7.190e-02
-7.190e-02
-7.191e-02
-7.189e-02
-7.189e-02
-7.189e-02
-7.190e-02
-7.190e-02
-7.190e-02
-7.190e-02
-7.190e-02
-7.190e-02
-7.190e-02
-7.190e-02
-7.190e-02
-7.190e-02
-7.190e-02
-7.190e-02
-7.190e-02
-7.190e-02
-7.190e-02
-7.190e-02
-7.190e-02
-7.191e-02
-7.189e-02
-7.189e-02
-7.189e-02
-7.190e-02
-7.190e-02
-7.190e-02
-7.190e-02
-7.190e-02
-7.190e-02
-7.190e-02
-7.190e-02
-7.190e-02
-7.190e-02
-7.190e-02
-7.190e-02
-7.190e-02
-7.190e-02
-7.190e-02
-7.190e-02
-7.190e-02
-7.191e-02
-7.189e-02
-7.189e-02
-7.189e-02
-7.190e-02
-7.190e-02
-7.190e-02
-7.190e-02
-7.190e-02
-7.190e-02
-7.190e-02
-7.190e-02
-7.190e-02
-7.190e-02
-7.190e-02
-7.190e-02
-7.190e-02
-7.190e-02
-7.190e-02
-7.190e-02
-7.190e-02
-7.191e-02
-7.189e-02
-7.189e-02
-7.189e-02
-7.190e-02
-7.190e-02
-7.190e-02
-7.190e-02
-7.190e-02
-7.190e-02
-7.190e-02
-7.190e-02
-7.190e-02
-7.190e-02
-7.190e-02
-7.190e-02
-7.190e-02
-7.190e-02
-7.190e-02
-7.190e-02
-7.190e-02
-7.191e-02
-7.189e-02
-7.189e-02
-7.189e-02
-7.190e-02
-7.190e-02
-7.190e-02
-7.190e-02
-7.190e-02
-7.190e-02
-7.190e-02
-7.190e-02
-7.190e-02
-7.190e-02
-7.190e-02
-7.190e-02
-7.190e-02
-7.190e-02
-7.190e-02
-7.190e-02
-7.190e-02
-7.191e-02
-7.189e-02
-7.189e-02
-7.189e-02
-7.190e-02
-7.190e-02
-7.190e-02
-7.190e-02
-7.190e-02
-7.190e-02
-7.190e-02
-7.190e-02
-7.190e-02
-7.190e-02
-7.190e-02
-7.190e-02
-7.190e-02
-7.190e-02
-7.190e-02
-7.190e-02
-7.190e-02
-7.191e-02
-7.189e-02
-7.189e-02
-7.189e-02
-7.190e-02
-7.190e-02
-7.190e-02
-7.190e-02
-7.190e-02
-7.190e-02
-7.190e-02
-7.190e-02
-7.190e-02
-7.190e-02
-7.190e-02
-7.190e-02
-7.190e-02
-7.190e-02
-7.190e-02
-7.190e-02
-7.190e-02
-7.191e-02
-7.189e-02
-7.189e-02
-7.189e-02
-7.190e-02
-7.190e-02
-7.190e-02
-7.190e-02
-7.190e-02
-7.190e-02
-7.190e-02
-7.190e-02
-7.190e-02
-7.190e-02
-7.190e-02
-7.190e-02
-7.190e-02
-7.190e-02
-7.190e-02
-7.190e-02
-7.190e-02
-7.191e-02
-7.189e-02
-7.189e-02
-7.189e-02
-7.190e-02
-7.190e-02
-7.190e-02
-7.190e-02
-7.190e-02
-7.190e-02
-7.190e-02
-7.190e-02
-7.190e-02
-7.190e-02
-7.190e-02
-7.190e-02
-7.190e-02
-7.190e-02
-7.190e-02
-7.190e-02
-7.190e-02
-7.191e-02
-7.189e-02
-7.189e-02
-7.189e-02
-7.190e-02
-7.190e-02
-7.190e-02
-7.190e-02
-7.190e-02
-7.190e-02
-7.190e-02
-7.190e-02
-7.190e-02
-7.190e-02
-7.190e-02
-7.190e-02
-7.190e-02
-7.190e-02
-7.190e-02
-7.190e-02
-7.190e-02
-7.191e-02
-7.189e-02
-7.189e-02
-7.189e-02
-7.190e-02
-7.190e-02
-7.190e-02
-7.190e-02
-7.190e-02
-7.190e-02
-7.190e-02
-7.190e-02
-7.190e-02
-7.190e-02
-7.190e-02
-7.190e-02
-7.190e-02
-7.190e-02
-7.190e-02
-7.190e-02
-7.190e-02
-7.191e-02
-7.189e-02
-7.189e-02
-7.189e-02
-7.190e-02
-7.190e-02
-7.190e-02
-7.190e-02
-7.190e-02
-7.190e-02
-7.190e-02
-7.190e-02
-7.190e-02
-7.190e-02
-7.190e-02
-7.190e-02
-7.190e-02
-7.190e-02
-7.190e-02
-7.190e-02
-7.190e-02
-7.191e-02
-7.189e-02
-7.189e-02
-7.189e-02
-7.190e-02
-7.190e-02
-7.190e-02
-7.190e-02
-7.190e-02
-7.190e-02
-7.190e-02
-7.190e-02
-7.190e-02
-7.190e-02
-7.190e-02
-7.190e-02
-7.190e-02
-7.190e-02
-7.190e-02
-7.190e-02
-7.190e-02
-7.191e-02
-7.189e-02
-7.189e-02
-7.190e-02
-7.191e-02
-7.191e-02
-7.191e-02
-7.191e-02
-7.191e-02
-7.191e-02
-7.191e-02
-7.191e-02
-7.191e-02
-7.191e-02
-7.191e-02
-7.191e-02
-7.191e-02
-7.191e-02
-7.191e-02
-7.191e-02
-7.191e-02
-7.192e-02
-7.186e-02
-7.184e-02
-7.183e-02
-7.183e-02
-7.183e-02
-7.183e-02
-7.183e-02
-7.183e-02
-7.183e-02
-7.183e-02
-7.183e-02
-7.183e-02
-7.183e-02
-7.183e-02
-7.183e-02
-7.183e-02
-7.183e-02
-7.183e-02
-7.183e-02
-7.183e-02
-7.176e-02
-7.184e-02
-7.177e-02
-7.174e-02
-7.174e-02
-7.174e-02
-7.174e-02
-7.174e-02
-7.174e-02
-7.174e-02
-7.174e-02
-7.174e-02
-7.174e-02
-7.174e-02
-7.174e-02
-7.174e-02
-7.174e-02
-7.174e-02
-7.174e-02
-7.174e-02
-7.174e-02
-7.161e-02
-7.183e-02
-7.174e-02
-7.170e-02
-7.169e-02
-7.168e-02
-7.168e-02
-7.168e-02
-7.168e-02
-7.168e-02
-7.168e-02
-7.168e-02
-7.168e-02
-7.168e-02
-7.168e-02
-7.168e-02
-7.168e-02
-7.168e-02
-7.168e-02
-7.168e-02
-7.169e-02
-7.150e-02
-7.183e-02
-7.174e-02
-7.169e-02
-7.167e-02
-7.167e-02
-7.167e-02
-7.167e-02
-7.167e-02
-7.167e-02
-7.167e-02
-7.167e-02
-7.167e-02
-7.167e-02
-7.167e-02
-7.167e-02
-7.167e-02
-7.167e-02
-7.167e-02
-7.167e-02
-7.168e-02
-7.147e-02
-7.183e-02
-7.174e-02
-7.169e-02
-7.167e-02
-7.167e-02
-7.167e-02
-7.167e-02
-7.167e-02
-7.167e-02
-7.167e-02
-7.167e-02
-7.167e-02
-7.167e-02
-7.167e-02
-7.167e-02
-7.167e-02
-7.167e-02
-7.167e-02
-7.167e-02
-7.167e-02
-7.147e-02
-7.183e-02
-7.174e-02
-7.169e-02
-7.167e-02
-7.167e-02
-7.167e-02
-7.167e-02
-7.167e-02
-7.167e-02
-7.167e-02
-7.167e-02
-7.167e-02
-7.167e-02
-7.167e-02
-7.167e-02
-7.167e-02
-7.167e-02
-7.167e-02
-7.167e-02
-7.167e-02
-7.146e-02
-7.183e-02
-7.174e-02
-7.169e-02
-7.167e-02
-7.167e-02
-7.167e-02
-7.167e-02
-7.167e-02
-7.167e-02
-7.167e-02
-7.167e-02
-7.167e-02
-7.167e-02
-7.167e-02
-7.167e-02
-7.167e-02
-7.167e-02
-7.167e-02
-7.167e-02
-7.167e-02
-7.146e-02
-7.183e-02
-7.174e-02
-7.169e-02
-7.167e-02
-7.167e-02
-7.167e-02
-7.167e-02
-7.167e-02
-7.167e-02
-7.167e-02
-7.167e-02
-7.167e-02
-7.167e-02
-7.167e-02
-7.167e-02
-7.167e-02
-7.167e-02
-7.167e-02
-7.167e-02
-7.167e-02
-7.146e-02
-7.183e-02
-7.174e-02
-7.169e-02
-7.167e-02
-7.167e-02
-7.167e-02
-7.167e-02
-7.167e-02
-7.167e-02
-7.167e-02
-7.167e-02
-7.167e-02
-7.167e-02
-7.167e-02
-7.167e-02
-7.167e-02
-7.167e-02
-7.167e-02
-7.167e-02
-7.167e-02
-7.146e-02
-7.183e-02
-7.174e-02
-7.169e-02
-7.167e-02
-7.167e-02
-7.167e-02
-7.167e-02
-7.167e-02
-7.167e-02
-7.167e-02
-7.167e-02
-7.167e-02
-7.167e-02
-7.167e-02
-7.167e-02
-7.167e-02
-7.167e-02
-7.167e-02
-7.167e-02
-7.167e-02
-7.146e-02
-7.183e-02
-7.174e-02
-7.169e-02
-7.167e-02
-7.167e-02
-7.167e-02
-7.167e-02
-7.167e-02
-7.167e-02
-7.167e-02
-7.167e-02
-7.167e-02
-7.167e-02
-7.167e-02
-7.167e-02
-7.167e-02
-7.167e-02
-7.167e-02
-7.167e-02
-7.167e-02
-7.146e-02
-7.183e-02
-7.174e-02
-7.169e-02
-7.167e-02
-7.167e-02
-7.167e-02
-7.167e-02
-7.167e-02
-7.167e-02
-7.167e-02
-7.167e-02
-7.167e-02
-7.167e-02
-7.167e-02
-7.167e-02
-7.167e-02
-7.167e-02
-7.167e-02
-7.167e-02
-7.167e-02
-7.146e-02
-7.183e-02
-7.174e-02
-7.169e-02
-7.167e-02
-7.167e-02
-7.167e-02
-7.167e-02
-7.167e-02
-7.167e-02
-7.167e-02
-7.167e-02
-7.167e-02
-7.167e-02
-7.167e-02
-7.167e-02
-7.167e-02
-7.167e-02
-7.167e-02
-7.167e-02
-7.167e-02
-7.146e-02
-7.183e-02
-7.174e-02
-7.169e-02
-7.167e-02
-7.167e-02
-7.167e-02
-7.167e-02
-7.167e-02
-7.167e-02
-7.167e-02
-7.167e-02
-7.167e-02
-7.167e-02
-7.167e-02
-7.167e-02
-7.167e-02
-7.167e-02
-7.167e-02
-7.167e-02
-7.167e-02
-7.146e-02
-7.183e-02
-7.174e-02
-7.169e-02
-7.167e-02
-7.167e-02
-7.167e-02
-7.167e-02
-7.167e-02
-7.167e-02
-7.167e-02
-7.167e-02
-7.167e-02
-7.167e-02
-7.167e-02
-7.167e-02
-7.167e-02
-7.167e-02
-7.167e-02
-7.167e-02
-7.167e-02
-7.146e-02
-7.183e-02
-7.174e-02
-7.169e-02
-7.167e-02
-7.167e-02
-7.167e-02
-7.167e-02
-7.167e-02
-7.167e-02
-7.167e-02
-7.167e-02
-7.167e-02
-7.167e-02
-7.167e-02
-7.167e-02
-7.167e-02
-7.167e-02
-7.167e-02
-7.167e-02
-7.167e-02
-7.146e-02
-7.183e-02
-7.174e-02
-7.169e-02
-7.167e-02
-7.167e-02
-7.167e-02
-7.167e-02
-7.167e-02
-7.167e-02
-7.167e-02
-7.167e-02
-7.167e-02
-7.167e-02
-7.167e-02
-7.167e-02
-7.167e-02
-7.167e-02
-7.167e-02
-7.167e-02
-7.167e-02
-7.146e-02
-7.183e-02
-7.174e-02
-7.169e-02
-7.167e-02
-7.167e-02
-7.167e-02
-7.167e-02
-7.167e-02
-7.167e-02
-7.167e-02
-7.167e-02
-7.167e-02
-7.167e-02
-7.167e-02
-7.167e-02
-7.167e-02
-7.167e-02
-7.167e-02
-7.167e-02
-7.167e-02
-7.146e-02
-7.183e-02
-7.174e-02
-7.168e-02
-7.167e-02
-7.167e-02
-7.167e-02
-7.167e-02
-7.167e-02
-7.167e-02
-7.167e-02
-7.167e-02
-7.167e-02
-7.167e-02
-7.167e-02
-7.167e-02
-7.167e-02
-7.167e-02
-7.167e-02
-7.167e-02
-7.167e-02
-7.146e-02
-7.183e-02
-7.174e-02
-7.169e-02
-7.168e-02
-7.167e-02
-7.167e-02
-7.167e-02
-7.167e-02
-7.167e-02
-7.167e-02
-7.167e-02
-7.167e-02
-7.167e-02
-7.167e-02
-7.167e-02
-7.167e-02
-7.167e-02
-7.167e-02
-7.167e-02
-7.168e-02
-7.146e-02
-7.176e-02
-7.161e-02
-7.150e-02
-7.147e-02
-7.146e-02
-7.146e-02
-7.146e-02
-7.146e-02
-7.146e-02
-7.146e-02
-7.146e-02
-7.146e-02
-7.146e-02
-7.146e-02
-7.146e-02
-7.146e-02
-7.146e-02
-7.146e-02
-7.146e-02
-7.146e-02
-7.119e-02
-7.261e-02
-7.311e-02
-7.318e-02
-7.319e-02
-7.319e-02
-7.319e-02
-7.319e-02
-7.319e-02
-7.319e-02
-7.319e-02
-7.319e-02
-7.319e-02
-7.319e-02
-7.319e-02
-7.319e-02
-7.319e-02
-7.319e-02
-7.319e-02
-7.319e-02
-7.313e-02
-7.455e-02
-7.311e-02
-7.445e-02
-7.478e-02
-7.481e-02
-7.481e-02
-7.481e-02
-7.481e-02
-7.481e-02
-7.481e-02
-7.481e-02
-7.481e-02
-7.481e-02
-7.481e-02
-7.481e-02
-7.481e-02
-7.481e-02
-7.481e-02
-7.481e-02
-7.481e-02
-7.478e-02
-7.798e-02
-7.318e-02
-7.478e-02
-7.532e-02
-7.537e-02
-7.537e-02
-7.537e-02
-7.537e-02
-7.537e-02
-7.537e-02
-7.537e-02
-7.537e-02
-7.537e-02
-7.537e-02
-7.537e-02
-7.537e-02
-7.537e-02
-7.537e-02
-7.537e-02
-7.537e-02
-7.536e-02
-7.967e-02
-7.318e-02
-7.480e-02
-7.537e-02
-7.543e-02
-7.543e-02
-7.543e-02
-7.543e-02
-7.543e-02
-7.543e-02
-7.543e-02
-7.543e-02
-7.543e-02
-7.543e-02
-7.543e-02
-7.543e-02
-7.543e-02
-7.543e-02
-7.543e-02
-7.543e-02
-7.542e-02
-7.995e-02
-7.318e-02
-7.480e-02
-7.537e-02
-7.543e-02
-7.544e-02
-7.544e-02
-7.544e-02
-7.544e-02
-7.544e-02
-7.544e-02
-7.544e-02
-7.544e-02
-7.544e-02
-7.544e-02
-7.544e-02
-7.544e-02
-7.544e-02
-7.544e-02
-7.544e-02
-7.543e-02
-7.998e-02
-7.318e-02
-7.480e-02
-7.537e-02
-7.543e-02
-7.544e-02
-7.544e-02
-7.544e-02
-7.544e-02
-7.544e-02
-7.544e-02
-7.544e-02
-7.544e-02
-7.544e-02
-7.544e-02
-7.544e-02
-7.544e-02
-7.544e-02
-7.544e-02
-7.544e-02
-7.543e-02
-7.999e-02
-7.318e-02
-7.480e-02
-7.537e-02
-7.543e-02
-7.544e-02
-7.544e-02
-7.544e-02
-7.544e-02
-7.544e-02
-7.544e-02
-7.544e-02
-7.544e-02
-7.544e-02
-7.544e-02
-7.544e-02
-7.544e-02
-7.544e-02
-7.544e-02
-7.544e-02
-7.543e-02
-7.999e-02
-7.318e-02
-7.480e-02
-7.537e-02
-7.543e-02
-7.544e-02
-7.544e-02
-7.544e-02
-7.544e-02
-7.544e-02
-7.544e-02
-7.544e-02
-7.544e-02
-7.544e-02
-7.544e-02
-7.544e-02
-7.544e-02
-7.544e-02
-7.544e-02
-7.544e-02
-7.543e-02
-7.999e-02
-7.318e-02
-7.480e-02
-7.537e-02
-7.543e-02
-7.544e-02
-7.544e-02
-7.544e-02
-7.544e-02
-7.544e-02
-7.544e-02
-7.544e-02
-7.544e-02
-7.544e-02
-7.544e-02
-7.544e-02
-7.544e-02
-7.544e-02
-7.544e-02
-7.544e-02
-7.543e-02
-7.999e-02
-7.318e-02
-7.480e-02
-7.537e-02
-7.543e-02
-7.544e-02
-7.544e-02
-7.544e-02
-7.544e-02
-7.544e-02
-7.544e-02
-7.544e-02
-7.544e-02
-7.544e-02
-7.544e-02
-7.544e-02
-7.544e-02
-7.544e-02
-7.544e-02
-7.544e-02
-7.543e-02
-7.999e-02
-7.318e-02
-7.480e-02
-7.537e-02
-7.543e-02
-7.544e-02
-7.544e-02
-7.544e-02
-7.544e-02
-7.544e-02
-7.544e-02
-7.544e-02
-7.544e-02
-7.544e-02
-7.544e-02
-7.544e-02
-7.544e-02
-7.544e-02
-7.544e-02
-7.544e-02
-7.543e-02
-7.999e-02
-7.318e-02
-7.480e-02
-7.537e-02
-7.543e-02
-7.544e-02
-7.544e-02
-7.544e-02
-7.544e-02
-7.544e-02
-7.544e-02
-7.544e-02
-7.544e-02
-7.544e-02
-7.544e-02
-7.544e-02
-7.544e-02
-7.544e-02
-7.544e-02
-7.544e-02
-7.543e-02
-7.999e-02
-7.318e-02
-7.480e-02
-7.537e-02
-7.543e-02
-7.544e-02
-7.544e-02
-7.544e-02
-7.544e-02
-7.544e-02
-7.544e-02
-7.544e-02
-7.544e-02
-7.544e-02
-7.544e-02
-7.544e-02
-7.544e-02
-7.544e-02
-7.544e-02
-7.544e-02
-7.543e-02
-7.999e-02
-7.318e-02
-7.480e-02
-7.537e-02
-7.543e-02
-7.544e-02
-7.544e-02
-7.544e-02
-7.544e-02
-7.544e-02
-7.544e-02
-7.544e-02
-7.544e-02
-7.544e-02
-7.544e-02
-7.544e-02
-7.544e-02
-7.544e-02
-7.544e-02
-7.544e-02
-7.543e-02
-7.999e-02
-7.318e-02
-7.480e-02
-7.537e-02
-7.543e-02
-7.544e-02
-7.544e-02
-7.544e-02
-7.544e-02
-7.544e-02
-7.544e-02
-7.544e-02
-7.544e-02
-7.544e-02
-7.544e-02
-7.544e-02
-7.544e-02
-7.544e-02
-7.544e-02
-7.544e-02
-7.543e-02
-7.999e-02
-7.318e-02
-7.480e-02
-7.537e-02
-7.543e-02
-7.544e-02
-7.544e-02
-7.544e-02
-7.544e-02
-7.544e-02
-7.544e-02
-7.544e-02
-7.544e-02
-7.544e-02
-7.544e-02
-7.544e-02
-7.544e-02
-7.544e-02
-7.544e-02
-7.544e-02
-7.543e-02
-7.999e-02
-7.318e-02
-7.480e-02
-7.537e-02
-7.543e-02
-7.544e-02
-7.544e-02
-7.544e-02
-7.544e-02
-7.544e-02
-7.544e-02
-7.544e-02
-7.544e-02
-7.544e-02
-7.544e-02
-7.544e-02
-7.544e-02
-7.544e-02
-7.544e-02
-7.544e-02
-7.543e-02
-7.999e-02
-7.318e-02
-7.480e-02
-7.537e-02
-7.543e-02
-7.544e-02
-7.544e-02
-7.544e-02
-7.544e-02
-7.544e-02
-7.544e-02
-7.544e-02
-7.544e-02
-7.544e-02
-7.544e-02
-7.544e-02
-7.544e-02
-7.544e-02
-7.544e-02
-7.544e-02
-7.543e-02
-7.999e-02
-7.318e-02
-7.480e-02
-7.537e-02
-7.543e-02
-7.544e-02
-7.544e-02
-7.544e-02
-7.544e-02
-7.544e-02
-7.544e-02
-7.544e-02
-7.544e-02
-7.544e-02
-7.544e-02
-7.544e-02
-7.544e-02
-7.544e-02
-7.544e-02
-7.544e-02
-7.543e-02
-7.999e-02
-7.313e-02
-7.478e-02
-7.535e-02
-7.542e-02
-7.542e-02
-7.542e-02
-7.542e-02
-7.542e-02
-7.542e-02
-7.542e-02
-7.542e-02
-7.542e-02
-7.542e-02
-7.542e-02
-7.542e-02
-7.542e-02
-7.542e-02
-7.542e-02
-7.542e-02
-7.539e-02
-8.037e-02
-7.455e-02
-7.798e-02
-7.968e-02
-7.997e-02
-8.000e-02
-8.000e-02
-8.000e-02
-8.000e-02
-8.000e-02
-8.000e-02
-8.000e-02
-8.000e-02
-8.000e-02
-8.000e-02
-8.000e-02
-8.000e-02
-8.000e-02
-8.000e-02
-8.000e-02
-8.041e-02
-1.159e-01
-5.807e-02
-5.598e-02
-5.588e-02
-5.587e-02
-5.587e-02
-5.587e-02
-5.587e-02
-5.587e-02
-5.587e-02
-5.587e-02
-5.587e-02
-5.587e-02
-5.587e-02
-5.587e-02
-5.587e-02
-5.587e-02
-5.587e-02
-5.587e-02
-5.587e-02
-5.582e-02
-4.968e-02
-5.597e-02
-4.996e-02
-4.949e-02
-4.946e-02
-4.946e-02
-4.946e-02
-4.946e-02
-4.946e-02
-4.946e-02
-4.946e-02
-4.946e-02
-4.946e-02
-4.946e-02
-4.946e-02
-4.946e-02
-4.946e-02
-4.946e-02
-4.946e-02
-4.946e-02
-4.928e-02
-3.630e-02
-5.587e-02
-4.948e-02
-4.877e-02
-4.872e-02
-4.871e-02
-4.871e-02
-4.871e-02
-4.871e-02
-4.871e-02
-4.871e-02
-4.871e-02
-4.871e-02
-4.871e-02
-4.871e-02
-4.871e-02
-4.871e-02
-4.871e-02
-4.871e-02
-4.871e-02
-4.849e-02
-3.385e-02
-5.586e-02
-4.946e-02
-4.872e-02
-4.865e-02
-4.864e-02
-4.864e-02
-4.864e-02
-4.864e-02
-4.864e-02
-4.864e-02
-4.864e-02
-4.864e-02
-4.864e-02
-4.864e-02
-4.864e-02
-4.864e-02
-4.864e-02
-4.864e-02
-4.864e-02
-4.841e-02
-3.349e-02
-5.586e-02
-4.946e-02
-4.871e-02
-4.864e-02
-4.864e-02
-4.864e-02
-4.864e-02
-4.864e-02
-4.864e-02
-4.864e-02
-4.864e-02
-4.864e-02
-4.864e-02
-4.864e-02
-4.864e-02
-4.864e-02
-4.864e-02
-4.864e-02
-4.864e-02
-4.841e-02
-3.345e-02
-5.586e-02
-4.946e-02
-4.871e-02
-4.864e-02
-4.864e-02
-4.864e-02
-4.864e-02
-4.864e-02
-4.864e-02
-4.864e-02
-4.864e-02
-4.864e-02
-4.864e-02
-4.864e-02
-4.864e-02
-4.864e-02
-4.864e-02
-4.864e-02
-4.864e-02
-4.841e-02
-3.344e-02
-5.586e-02
-4.946e-02
-4.871e-02
-4.864e-02
-4.864e-02
-4.864e-02
-4.864e-02
-4.864e-02
-4.864e-02
-4.864e-02
-4.864e-02
-4.864e-02
-4.864e-02
-4.864e-02
-4.864e-02
-4.864e-02
-4.864e-02
-4.864e-02
-4.864e-02
-4.841e-02
-3.344e-02
-5.586e-02
-4.946e-02
-4.871e-02
-4.864e-02
-4.864e-02
-4.864e-02
-4.864e-02
-4.864e-02
-4.864e-02
-4.864e-02
-4.864e-02
-4.864e-02
-4.864e-02
-4.864e-02
-4.864e-02
-4.864e-02
-4.864e-02
-4.864e-02
-4.864e-02
-4.841e-02
-3.344e-02
-5.586e-02
-4.946e-02
-4.871e-02
-4.864e-02
-4.864e-02
-4.864e-02
-4.864e-02
-4.864e-02
-4.864e-02
-4.864e-02
-4.864e-02
-4.864e-02
-4.864e-02
-4.864e-02
-4.864e-02
-4.864e-02
-4.864e-02
-4.864e-02
-4.864e-02
-4.841e-02
-3.344e-02
-5.586e-02
-4.946e-02
-4.871e-02
-4.864e-02
-4.864e-02
-4.864e-02
-4.864e-02
-4.864e-02
-4.864e-02
-4.864e-02
-4.864e-02
-4.864e-02
-4.864e-02
-4.864e-02
-4.864e-02
-4.864e-02
-4.864e-02
-4.864e-02
-4.864e-02
-4.841e-02
-3.344e-02
-5.586e-02
-4.946e-02
-4.871e-02
-4.864e-02
-4.864e-02
-4.864e-02
-4.864e-02
-4.864e-02
-4.864e-02
-4.864e-02
-4.864e-02
-4.864e-02
-4.864e-02
-4.864e-02
-4.864e-02
-4.864e-02
-4.864e-02
-4.864e-02
-4.864e-02
-4.841e-02
-3.344e-02
-5.586e-02
-4.946e-02
-4.871e-02
-4.864e-02
-4.864e-02
-4.864e-02
-4.864e-02
-4.864e-02
-4.864e-02
-4.864e-02
-4.864e-02
-4.864e-02
-4.864e-02
-4.864e-02
-4.864e-02
-4.864e-02
-4.864e-02
-4.864e-02
-4.864e-02
-4.841e-02
-3.344e-02
-5.586e-02
-4.946e-02
-4.871e-02
-4.864e-02
-4.864e-02
-4.864e-02
-4.864e-02
-4.864e-02
-4.864e-02
-4.864e-02
-4.864e-02
-4.864e-02
-4.864e-02
-4.864e-02
-4.864e-02
-4.864e-02
-4.864e-02
-4.864e-02
-4.864e-02
-4.841e-02
-3.344e-02
-5.586e-02
-4.946e-02
-4.871e-02
-4.864e-02
-4.864e-02
-4.864e-02
-4.864e-02
-4.864e-02
-4.864e-02
-4.864e-02
-4.864e-02
-4.864e-02
-4.864e-02
-4.864e-02
-4.864e-02
-4.864e-02
-4.864e-02
-4.864e-02
-4.864e-02
-4.841e-02
-3.344e-02
-5.586e-02
-4.946e-02
-4.871e-02
-4.864e-02
-4.864e-02
-4.864e-02
-4.864e-02
-4.864e-02
-4.864e-02
-4.864e-02
-4.864e-02
-4.864e-02
-4.864e-02
-4.864e-02
-4.864e-02
-4.864e-02
-4.864e-02
-4.864e-02
-4.864e-02
-4.841e-02
-3.344e-02
-5.586e-02
-4.946e-02
-4.871e-02
-4.864e-02
-4.864e-02
-4.864e-02
-4.864e-02
-4.864e-02
-4.864e-02
-4.864e-02
-4.864e-02
-4.864e-02
-4.864e-02
-4.864e-02
-4.864e-02
-4.864e-02
-4.864e-02
-4.864e-02
-4.864e-02
-4.841e-02
-3.344e-02
-5.586e-02
-4.946e-02
-4.871e-02
-4.864e-02
-4.864e-02
-4.864e-02
-4.864e-02
-4.864e-02
-4.864e-02
-4.864e-02
-4.864e-02
-4.864e-02
-4.864e-02
-4.864e-02
-4.864e-02
-4.864e-02
-4.864e-02
-4.864e-02
-4.864e-02
-4.841e-02
-3.344e-02
-5.586e-02
-4.946e-02
-4.871e-02
-4.864e-02
-4.864e-02
-4.864e-02
-4.864e-02
-4.864e-02
-4.864e-02
-4.864e-02
-4.864e-02
-4.864e-02
-4.864e-02
-4.864e-02
-4.864e-02
-4.864e-02
-4.864e-02
-4.864e-02
-4.864e-02
-4.841e-02
-3.344e-02
-5.586e-02
-4.945e-02
-4.871e-02
-4.864e-02
-4.864e-02
-4.864e-02
-4.864e-02
-4.864e-02
-4.864e-02
-4.864e-02
-4.864e-02
-4.864e-02
-4.864e-02
-4.864e-02
-4.864e-02
-4.864e-02
-4.864e-02
-4.864e-02
-4.863e-02
-4.840e-02
-3.343e-02
-5.581e-02
-4.927e-02
-4.849e-02
-4.842e-02
-4.841e-02
-4.841e-02
-4.841e-02
-4.841e-02
-4.841e-02
-4.841e-02
-4.841e-02
-4.841e-02
-4.841e-02
-4.841e-02
-4.841e-02
-4.841e-02
-4.841e-02
-4.841e-02
-4.840e-02
-4.755e-02
-2.707e-02
-4.964e-02
-3.623e-02
-3.379e-02
-3.343e-02
-3.339e-02
-3.338e-02
-3.338e-02
-3.338e-02
-3.338e-02
-3.338e-02
-3.338e-02
-3.338e-02
-3.338e-02
-3.338e-02
-3.338e-02
-3.338e-02
-3.338e-02
-3.338e-02
-3.337e-02
-2.671e-02
1.872e-01
