1	0	INDP	IPOND
-4.731e-01
-4.675e-01
-4.673e-01
-4.673e-01
-4.673e-01
-4.673e-01
-4.673e-01
-4.673e-01
-4.673e-01
-4.673e-01
-4.673e-01
-4.673e-01
-4.673e-01
-4.673e-01
-4.673e-01
-4.673e-01
-4.674e-01
-4.673e-01
-4.679e-01
-4.648e-01
-4.548e-01
-4.682e-01
-4.580e-01
-4.574e-01
-4.574e-01
-4.574e-01
-4.574e-01
-4.574e-01
-4.574e-01
-4.574e-01
-4.574e-01
-4.574e-01
-4.574e-01
-4.574e-01
-4.574e-01
-4.574e-01
-4.574e-01
-4.573e-01
-4.573e-01
-4.577e-01
-4.559e-01
-4.453e-01
-4.682e-01
-4.575e-01
-4.565e-01
-4.565e-01
-4.565e-01
-4.565e-01
-4.565e-01
-4.565e-01
-4.565e-01
-4.565e-01
-4.565e-01
-4.565e-01
-4.565e-01
-4.565e-01
-4.565e-01
-4.565e-01
-4.565e-01
-4.564e-01
-4.568e-01
-4.551e-01
-4.433e-01
-4.682e-01
-4.575e-01
-4.565e-01
-4.565e-01
-4.565e-01
-4.565e-01
-4.565e-01
-4.565e-01
-4.565e-01
-4.565e-01
-4.565e-01
-4.565e-01
-4.565e-01
-4.565e-01
-4.565e-01
-4.565e-01
-4.564e-01
-4.564e-01
-4.569e-01
-4.551e-01
-4.432e-01
-4.682e-01
-4.575e-01
-4.565e-01
-4.565e-01
-4.565e-01
-4.565e-01
-4.565e-01
-4.565e-01
-4.565e-01
-4.565e-01
-4.565e-01
-4.565e-01
-4.565e-01
-4.564e-01
-4.565e-01
-4.564e-01
-4.564e-01
-4.564e-01
-4.569e-01
-4.550e-01
-4.431e-01
-4.682e-01
-4.575e-01
-4.565e-01
-4.565e-01
-4.565e-01
-4.564e-01
-4.564e-01
-4.564e-01
-4.564e-01
-4.564e-01
-4.564e-01
-4.564e-01
-4.564e-01
-4.564e-01
-4.565e-01
-4.564e-01
-4.564e-01
-4.564e-01
-4.569e-01
-4.550e-01
-4.431e-01
-4.682e-01
-4.575e-01
-4.565e-01
-4.565e-01
-4.565e-01
-4.564e-01
-4.564e-01
-4.564e-01
-4.564e-01
-4.564e-01
-4.564e-01
-4.564e-01
-4.564e-01
-4.564e-01
-4.565e-01
-4.564e-01
-4.564e-01
-4.564e-01
-4.569e-01
-4.550e-01
-4.431e-01
-4.682e-01
-4.575e-01
-4.565e-01
-4.565e-01
-4.565e-01
-4.564e-01
-4.564e-01
-4.564e-01
-4.564e-01
-4.564e-01
-4.564e-01
-4.564e-01
-4.564e-01
-4.564e-01
-4.565e-01
-4.564e-01
-4.564e-01
-4.564e-01
-4.569e-01
-4.550e-01
-4.431e-01
-4.682e-01
-4.575e-01
-4.565e-01
-4.565e-01
-4.565e-01
-4.564e-01
-4.564e-01
-4.564e-01
-4.564e-01
-4.564e-01
-4.564e-01
-4.564e-01
-4.564e-01
-4.564e-01
-4.565e-01
-4.564e-01
-4.564e-01
-4.564e-01
-4.569e-01
-4.550e-01
-4.431e-01
-4.682e-01
-4.575e-01
-4.565e-01
-4.565e-01
-4.565e-01
-4.564e-01
-4.564e-01
-4.564e-01
-4.564e-01
-4.564e-01
-4.564e-01
-4.564e-01
-4.564e-01
-4.564e-01
-4.565e-01
-4.564e-01
-4.564e-01
-4.564e-01
-4.569e-01
-4.550e-01
-4.431e-01
-4.682e-01
-4.575e-01
-4.565e-01
-4.565e-01
-4.565e-01
-4.564e-01
-4.564e-01
-4.564e-01
-4.564e-01
-4.564e-01
-4.564e-01
-4.564e-01
-4.564e-01
-4.564e-01
-4.565e-01
-4.564e-01
-4.564e-01
-4.564e-01
-4.569e-01
-4.550e-01
-4.431e-01
-4.682e-01
-4.575e-01
-4.565e-01
-4.565e-01
-4.565e-01
-4.564e-01
-4.564e-01
-4.564e-01
-4.564e-01
-4.564e-01
-4.564e-01
-4.564e-01
-4.564e-01
-4.564e-01
-4.565e-01
-4.564e-01
-4.564e-01
-4.564e-01
-4.569e-01
-4.550e-01
-4.431e-01
-4.682e-01
-4.575e-01
-4.565e-01
-4.565e-01
-4.565e-01
-4.564e-01
-4.564e-01
-4.564e-01
-4.564e-01
-4.564e-01
-4.564e-01
-4.564e-01
-4.564e-01
-4.564e-01
-4.565e-01
-4.564e-01
-4.564e-01
-4.564e-01
-4.569e-01
-4.550e-01
-4.431e-01
-4.682e-01
-4.575e-01
-4.565e-01
-4.565e-01
-4.564e-01
-4.564e-01
-4.564e-01
-4.564e-01
-4.564e-01
-4.564e-01
-4.564e-01
-4.564e-01
-4.564e-01
-4.564e-01
-4.565e-01
-4.564e-01
-4.564e-01
-4.564e-01
-4.569e-01
-4.550e-01
-4.431e-01
-4.682e-01
-4.575e-01
-4.565e-01
-4.565e-01
-4.565e-01
-4.565e-01
-4.565e-01
-4.565e-01
-4.565e-01
-4.565e-01
-4.565e-01
-4.565e-01
-4.565e-01
-4.565e-01
-4.565e-01
-4.564e-01
-4.564e-01
-4.565e-01
-4.569e-01
-4.550e-01
-4.431e-01
-4.682e-01
-4.575e-01
-4.565e-01
-4.565e-01
-4.564e-01
-4.564e-01
-4.564e-01
-4.564e-01
-4.564e-01
-4.564e-01
-4.564e-01
-4.564e-01
-4.564e-01
-4.564e-01
-4.564e-01
-4.564e-01
-4.564e-01
-4.564e-01
-4.569e-01
-4.550e-01
-4.431e-01
-4.681e-01
-4.575e-01
-4.565e-01
-4.564e-01
-4.564e-01
-4.564e-01
-4.564e-01
-4.564e-01
-4.564e-01
-4.564e-01
-4.564e-01
-4.564e-01
-4.564e-01
-4.564e-01
-4.564e-01
-4.564e-01
-4.564e-01
-4.564e-01
-4.569e-01
-4.550e-01
-4.431e-01
-4.681e-01
-4.575e-01
-4.564e-01
-4.564e-01
-4.564e-01
-4.564e-01
-4.564e-01
-4.564e-01
-4.564e-01
-4.564e-01
-4.564e-01
-4.564e-01
-4.564e-01
-4.564e-01
-4.564e-01
-4.564e-01
-4.564e-01
-4.564e-01
-4.569e-01
-4.551e-01
-4.432e-01
-4.686e-01
-4.579e-01
-4.568e-01
-4.568e-01
-4.568e-01
-4.568e-01
-4.568e-01
-4.568e-01
-4.568e-01
-4.568e-01
-4.568e-01
-4.568e-01
-4.568e-01
-4.568e-01
-4.568e-01
-4.568e-01
-4.569e-01
-4.568e-01
-4.572e-01
-4.551e-01
-4.433e-01
-4.658e-01
-4.560e-01
-4.551e-01
-4.551e-01
-4.551e-01
-4.551e-01
-4.551e-01
-4.551e-01
-4.551e-01
-4.551e-01
-4.551e-01
-4.551e-01
-4.551e-01
-4.551e-01
-4.551e-01
-4.551e-01
-4.551e-01
-4.550e-01
-4.552e-01
-4.538e-01
-4.429e-01
-4.556e-01
-4.460e-01
-4.437e-01
-4.438e-01
-4.438e-01
-4.438e-01
-4.438e-01
-4.438e-01
-4.438e-01
-4.438e-01
-4.438e-01
-4.438e-01
-4.438e-01
-4.438e-01
-4.438e-01
-4.438e-01
-4.438e-01
-4.438e-01
-4.439e-01
-4.433e-01
-4.371e-01
-4.673e-01
-4.620e-01
-4.618e-01
-4.618e-01
-4.618e-01
-4.618e-01
-4.618e-01
-4.618e-01
-4.618e-01
-4.618e-01
-4.618e-01
-4.618e-01
-4.618e-01
-4.618e-01
-4.618e-01
-4.618e-01
-4.618e-01
-4.618e-01
-4.623e-01
-4.593e-01
-4.498e-01
-4.626e-01
-4.530e-01
-4.524e-01
-4.524e-01
-4.524e-01
-4.524e-01
-4.524e-01
-4.524e-01
-4.524e-01
-4.524e-01
-4.524e-01
-4.524e-01
-4.524e-01
-4.524e-01
-4.524e-01
-4.524e-01
-4.523e-01
-4.523e-01
-4.528e-01
-4.509e-01
-4.408e-01
-4.627e-01
-4.525e-01
-4.516e-01
-4.516e-01
-4.516e-01
-4.516e-01
-4.516e-01
-4.516e-01
-4.516e-01
-4.516e-01
-4.516e-01
-4.516e-01
-4.516e-01
-4.516e-01
-4.516e-01
-4.516e-01
-4.516e-01
-4.515e-01
-4.519e-01
-4.501e-01
-4.388e-01
-4.627e-01
-4.526e-01
-4.515e-01
-4.515e-01
-4.515e-01
-4.515e-01
-4.515e-01
-4.515e-01
-4.515e-01
-4.515e-01
-4.515e-01
-4.515e-01
-4.515e-01
-4.515e-01
-4.515e-01
-4.515e-01
-4.515e-01
-4.515e-01
-4.519e-01
-4.501e-01
-4.387e-01
-4.627e-01
-4.526e-01
-4.515e-01
-4.515e-01
-4.515e-01
-4.515e-01
-4.515e-01
-4.515e-01
-4.515e-01
-4.515e-01
-4.515e-01
-4.515e-01
-4.515e-01
-4.515e-01
-4.515e-01
-4.515e-01
-4.515e-01
-4.515e-01
-4.519e-01
-4.500e-01
-4.387e-01
-4.627e-01
-4.526e-01
-4.515e-01
-4.515e-01
-4.515e-01
-4.515e-01
-4.515e-01
-4.515e-01
-4.515e-01
-4.515e-01
-4.515e-01
-4.515e-01
-4.515e-01
-4.515e-01
-4.515e-01
-4.515e-01
-4.515e-01
-4.515e-01
-4.519e-01
-4.500e-01
-4.387e-01
-4.627e-01
-4.526e-01
-4.515e-01
-4.515e-01
-4.515e-01
-4.515e-01
-4.515e-01
-4.515e-01
-4.515e-01
-4.515e-01
-4.515e-01
-4.515e-01
-4.515e-01
-4.515e-01
-4.515e-01
-4.515e-01
-4.515e-01
-4.515e-01
-4.519e-01
-4.500e-01
-4.387e-01
-4.627e-01
-4.526e-01
-4.515e-01
-4.515e-01
-4.515e-01
-4.515e-01
-4.515e-01
-4.515e-01
-4.515e-01
-4.515e-01
-4.515e-01
-4.515e-01
-4.515e-01
-4.515e-01
-4.515e-01
-4.515e-01
-4.515e-01
-4.515e-01
-4.519e-01
-4.500e-01
-4.387e-01
-4.627e-01
-4.526e-01
-4.515e-01
-4.515e-01
-4.515e-01
-4.515e-01
-4.515e-01
-4.515e-01
-4.515e-01
-4.515e-01
-4.515e-01
-4.515e-01
-4.515e-01
-4.515e-01
-4.515e-01
-4.515e-01
-4.515e-01
-4.515e-01
-4.519e-01
-4.500e-01
-4.387e-01
-4.627e-01
-4.526e-01
-4.515e-01
-4.515e-01
-4.515e-01
-4.515e-01
-4.515e-01
-4.515e-01
-4.515e-01
-4.515e-01
-4.515e-01
-4.515e-01
-4.515e-01
-4.515e-01
-4.515e-01
-4.515e-01
-4.515e-01
-4.515e-01
-4.519e-01
-4.500e-01
-4.387e-01
-4.627e-01
-4.526e-01
-4.515e-01
-4.515e-01
-4.515e-01
-4.515e-01
-4.515e-01
-4.515e-01
-4.515e-01
-4.515e-01
-4.515e-01
-4.515e-01
-4.515e-01
-4.515e-01
-4.515e-01
-4.515e-01
-4.515e-01
-4.515e-01
-4.519e-01
-4.500e-01
-4.387e-01
-4.627e-01
-4.526e-01
-4.515e-01
-4.515e-01
-4.515e-01
-4.515e-01
-4.515e-01
-4.515e-01
-4.515e-01
-4.515e-01
-4.515e-01
-4.515e-01
-4.515e-01
-4.515e-01
-4.515e-01
-4.515e-01
-4.515e-01
-4.515e-01
-4.519e-01
-4.500e-01
-4.387e-01
-4.627e-01
-4.526e-01
-4.515e-01
-4.515e-01
-4.515e-01
-4.515e-01
-4.515e-01
-4.515e-01
-4.515e-01
-4.515e-01
-4.515e-01
-4.515e-01
-4.515e-01
-4.515e-01
-4.515e-01
-4.515e-01
-4.515e-01
-4.515e-01
-4.519e-01
-4.500e-01
-4.387e-01
-4.627e-01
-4.526e-01
-4.515e-01
-4.515e-01
-4.515e-01
-4.515e-01
-4.515e-01
-4.515e-01
-4.515e-01
-4.515e-01
-4.515e-01
-4.515e-01
-4.515e-01
-4.515e-01
-4.515e-01
-4.515e-01
-4.515e-01
-4.515e-01
-4.519e-01
-4.500e-01
-4.387e-01
-4.627e-01
-4.526e-01
-4.515e-01
-4.515e-01
-4.515e-01
-4.515e-01
-4.515e-01
-4.515e-01
-4.515e-01
-4.515e-01
-4.515e-01
-4.515e-01
-4.515e-01
-4.515e-01
-4.515e-01
-4.515e-01
-4.515e-01
-4.515e-01
-4.519e-01
-4.500e-01
-4.387e-01
-4.627e-01
-4.526e-01
-4.515e-01
-4.515e-01
-4.515e-01
-4.515e-01
-4.515e-01
-4.515e-01
-4.515e-01
-4.515e-01
-4.515e-01
-4.515e-01
-4.515e-01
-4.515e-01
-4.515e-01
-4.515e-01
-4.515e-01
-4.515e-01
-4.519e-01
-4.500e-01
-4.387e-01
-4.626e-01
-4.526e-01
-4.515e-01
-4.515e-01
-4.515e-01
-4.515e-01
-4.515e-01
-4.515e-01
-4.515e-01
-4.515e-01
-4.515e-01
-4.515e-01
-4.515e-01
-4.515e-01
-4.515e-01
-4.515e-01
-4.515e-01
-4.515e-01
-4.519e-01
-4.501e-01
-4.387e-01
-4.626e-01
-4.526e-01
-4.515e-01
-4.515e-01
-4.515e-01
-4.515e-01
-4.515e-01
-4.515e-01
-4.515e-01
-4.515e-01
-4.515e-01
-4.515e-01
-4.515e-01
-4.515e-01
-4.515e-01
-4.515e-01
-4.515e-01
-4.515e-01
-4.519e-01
-4.501e-01
-4.387e-01
-4.631e-01
-4.529e-01
-4.518e-01
-4.519e-01
-4.519e-01
-4.519e-01
-4.519e-01
-4.519e-01
-4.519e-01
-4.519e-01
-4.519e-01
-4.519e-01
-4.519e-01
-4.519e-01
-4.519e-01
-4.519e-01
-4.519e-01
-4.519e-01
-4.522e-01
-4.502e-01
-4.388e-01
-4.603e-01
-4.510e-01
-4.501e-01
-4.501e-01
-4.501e-01
-4.501e-01
-4.501e-01
-4.501e-01
-4.501e-01
-4.501e-01
-4.501e-01
-4.501e-01
-4.501e-01
-4.501e-01
-4.501e-01
-4.501e-01
-4.501e-01
-4.500e-01
-4.503e-01
-4.488e-01
-4.384e-01
-4.506e-01
-4.416e-01
-4.393e-01
-4.393e-01
-4.393e-01
-4.393e-01
-4.393e-01
-4.393e-01
-4.393e-01
-4.393e-01
-4.393e-01
-4.393e-01
-4.393e-01
-4.393e-01
-4.393e-01
-4.393e-01
-4.393e-01
-4.393e-01
-4.394e-01
-4.388e-01
-4.329e-01
-4.606e-01
-4.564e-01
-4.562e-01
-4.562e-01
-4.562e-01
-4.562e-01
-4.562e-01
-4.562e-01
-4.562e-01
-4.562e-01
-4.562e-01
-4.562e-01
-4.562e-01
-4.562e-01
-4.562e-01
-4.562e-01
-4.562e-01
-4.561e-01
-4.567e-01
-4.536e-01
-4.459e-01
-4.571e-01
-4.493e-01
-4.487e-01
-4.487e-01
-4.487e-01
-4.487e-01
-4.487e-01
-4.487e-01
-4.487e-01
-4.487e-01
-4.487e-01
-4.487e-01
-4.487e-01
-4.487e-01
-4.487e-01
-4.487e-01
-4.486e-01
-4.486e-01
-4.490e-01
-4.471e-01
-4.387e-01
-4.571e-01
-4.488e-01
-4.478e-01
-4.478e-01
-4.478e-01
-4.478e-01
-4.478e-01
-4.478e-01
-4.478e-01
-4.478e-01
-4.478e-01
-4.478e-01
-4.478e-01
-4.478e-01
-4.478e-01
-4.478e-01
-4.478e-01
-4.477e-01
-4.481e-01
-4.462e-01
-4.366e-01
-4.571e-01
-4.489e-01
-4.477e-01
-4.477e-01
-4.477e-01
-4.477e-01
-4.477e-01
-4.477e-01
-4.477e-01
-4.477e-01
-4.477e-01
-4.477e-01
-4.477e-01
-4.477e-01
-4.477e-01
-4.477e-01
-4.477e-01
-4.477e-01
-4.481e-01
-4.462e-01
-4.365e-01
-4.571e-01
-4.489e-01
-4.477e-01
-4.477e-01
-4.477e-01
-4.477e-01
-4.477e-01
-4.477e-01
-4.477e-01
-4.477e-01
-4.477e-01
-4.477e-01
-4.477e-01
-4.477e-01
-4.477e-01
-4.477e-01
-4.477e-01
-4.477e-01
-4.481e-01
-4.462e-01
-4.365e-01
-4.571e-01
-4.489e-01
-4.477e-01
-4.477e-01
-4.477e-01
-4.477e-01
-4.477e-01
-4.477e-01
-4.477e-01
-4.477e-01
-4.477e-01
-4.477e-01
-4.477e-01
-4.477e-01
-4.477e-01
-4.477e-01
-4.477e-01
-4.477e-01
-4.481e-01
-4.462e-01
-4.365e-01
-4.571e-01
-4.489e-01
-4.477e-01
-4.477e-01
-4.477e-01
-4.477e-01
-4.477e-01
-4.477e-01
-4.477e-01
-4.477e-01
-4.477e-01
-4.477e-01
-4.477e-01
-4.477e-01
-4.477e-01
-4.477e-01
-4.477e-01
-4.477e-01
-4.481e-01
-4.462e-01
-4.365e-01
-4.571e-01
-4.489e-01
-4.477e-01
-4.477e-01
-4.477e-01
-4.477e-01
-4.477e-01
-4.477e-01
-4.477e-01
-4.477e-01
-4.477e-01
-4.477e-01
-4.477e-01
-4.477e-01
-4.477e-01
-4.477e-01
-4.477e-01
-4.477e-01
-4.481e-01
-4.462e-01
-4.365e-01
-4.571e-01
-4.489e-01
-4.477e-01
-4.477e-01
-4.477e-01
-4.477e-01
-4.477e-01
-4.477e-01
-4.477e-01
-4.477e-01
-4.477e-01
-4.477e-01
-4.477e-01
-4.477e-01
-4.477e-01
-4.477e-01
-4.477e-01
-4.477e-01
-4.481e-01
-4.462e-01
-4.365e-01
-4.571e-01
-4.489e-01
-4.477e-01
-4.477e-01
-4.477e-01
-4.477e-01
-4.477e-01
-4.477e-01
-4.477e-01
-4.477e-01
-4.477e-01
-4.477e-01
-4.477e-01
-4.477e-01
-4.477e-01
-4.477e-01
-4.477e-01
-4.477e-01
-4.481e-01
-4.462e-01
-4.365e-01
-4.571e-01
-4.489e-01
-4.477e-01
-4.477e-01
-4.477e-01
-4.477e-01
-4.477e-01
-4.477e-01
-4.477e-01
-4.477e-01
-4.477e-01
-4.477e-01
-4.477e-01
-4.477e-01
-4.477e-01
-4.477e-01
-4.477e-01
-4.477e-01
-4.481e-01
-4.462e-01
-4.365e-01
-4.571e-01
-4.489e-01
-4.477e-01
-4.477e-01
-4.477e-01
-4.477e-01
-4.477e-01
-4.477e-01
-4.477e-01
-4.477e-01
-4.477e-01
-4.477e-01
-4.477e-01
-4.477e-01
-4.477e-01
-4.477e-01
-4.477e-01
-4.477e-01
-4.481e-01
-4.462e-01
-4.365e-01
-4.571e-01
-4.489e-01
-4.477e-01
-4.477e-01
-4.477e-01
-4.477e-01
-4.477e-01
-4.477e-01
-4.477e-01
-4.477e-01
-4.477e-01
-4.477e-01
-4.477e-01
-4.477e-01
-4.477e-01
-4.477e-01
-4.477e-01
-4.477e-01
-4.481e-01
-4.462e-01
-4.365e-01
-4.571e-01
-4.489e-01
-4.477e-01
-4.477e-01
-4.477e-01
-4.477e-01
-4.477e-01
-4.477e-01
-4.477e-01
-4.477e-01
-4.477e-01
-4.477e-01
-4.477e-01
-4.477e-01
-4.477e-01
-4.477e-01
-4.477e-01
-4.477e-01
-4.481e-01
-4.462e-01
-4.365e-01
-4.571e-01
-4.489e-01
-4.477e-01
-4.477e-01
-4.477e-01
-4.477e-01
-4.477e-01
-4.477e-01
-4.477e-01
-4.477e-01
-4.477e-01
-4.477e-01
-4.477e-01
-4.477e-01
-4.477e-01
-4.477e-01
-4.477e-01
-4.477e-01
-4.481e-01
-4.462e-01
-4.365e-01
-4.571e-01
-4.489e-01
-4.477e-01
-4.477e-01
-4.477e-01
-4.477e-01
-4.477e-01
-4.477e-01
-4.477e-01
-4.477e-01
-4.477e-01
-4.477e-01
-4.477e-01
-4.477e-01
-4.477e-01
-4.477e-01
-4.477e-01
-4.477e-01
-4.481e-01
-4.462e-01
-4.365e-01
-4.570e-01
-4.489e-01
-4.477e-01
-4.477e-01
-4.477e-01
-4.477e-01
-4.477e-01
-4.477e-01
-4.477e-01
-4.477e-01
-4.477e-01
-4.477e-01
-4.477e-01
-4.477e-01
-4.477e-01
-4.477e-01
-4.477e-01
-4.477e-01
-4.481e-01
-4.462e-01
-4.365e-01
-4.570e-01
-4.489e-01
-4.477e-01
-4.477e-01
-4.477e-01
-4.477e-01
-4.477e-01
-4.477e-01
-4.477e-01
-4.477e-01
-4.477e-01
-4.477e-01
-4.477e-01
-4.477e-01
-4.477e-01
-4.477e-01
-4.477e-01
-4.477e-01
-4.481e-01
-4.462e-01
-4.365e-01
-4.574e-01
-4.492e-01
-4.481e-01
-4.481e-01
-4.481e-01
-4.481e-01
-4.481e-01
-4.481e-01
-4.481e-01
-4.481e-01
-4.481e-01
-4.481e-01
-4.481e-01
-4.481e-01
-4.481e-01
-4.481e-01
-4.481e-01
-4.481e-01
-4.484e-01
-4.463e-01
-4.366e-01
-4.546e-01
-4.472e-01
-4.462e-01
-4.462e-01
-4.462e-01
-4.462e-01
-4.462e-01
-4.462e-01
-4.462e-01
-4.462e-01
-4.462e-01
-4.462e-01
-4.462e-01
-4.462e-01
-4.462e-01
-4.462e-01
-4.462e-01
-4.461e-01
-4.464e-01
-4.448e-01
-4.361e-01
-4.468e-01
-4.395e-01
-4.371e-01
-4.371e-01
-4.371e-01
-4.371e-01
-4.371e-01
-4.371e-01
-4.371e-01
-4.371e-01
-4.371e-01
-4.371e-01
-4.371e-01
-4.371e-01
-4.371e-01
-4.371e-01
-4.371e-01
-4.371e-01
-4.372e-01
-4.366e-01
-4.315e-01
-4.653e-01
-4.630e-01
-4.628e-01
-4.628e-01
-4.628e-01
-4.628e-01
-4.628e-01
-4.628e-01
-4.628e-01
-4.628e-01
-4.628e-01
-4.628e-01
-4.628e-01
-4.628e-01
-4.628e-01
-4.628e-01
-4.628e-01
-4.628e-01
-4.632e-01
-4.599e-01
-4.560e-01
-4.638e-01
-4.598e-01
-4.592e-01
-4.592e-01
-4.592e-01
-4.592e-01
-4.592e-01
-4.592e-01
-4.592e-01
-4.592e-01
-4.592e-01
-4.592e-01
-4.592e-01
-4.592e-01
-4.592e-01
-4.592e-01
-4.591e-01
-4.591e-01
-4.594e-01
-4.573e-01
-4.528e-01
-4.638e-01
-4.594e-01
-4.584e-01
-4.583e-01
-4.583e-01
-4.583e-01
-4.583e-01
-4.583e-01
-4.583e-01
-4.583e-01
-4.583e-01
-4.583e-01
-4.583e-01
-4.583e-01
-4.583e-01
-4.583e-01
-4.583e-01
-4.583e-01
-4.585e-01
-4.564e-01
-4.508e-01
-4.638e-01
-4.594e-01
-4.583e-01
-4.582e-01
-4.582e-01
-4.582e-01
-4.582e-01
-4.582e-01
-4.582e-01
-4.582e-01
-4.582e-01
-4.582e-01
-4.582e-01
-4.582e-01
-4.582e-01
-4.582e-01
-4.582e-01
-4.582e-01
-4.585e-01
-4.564e-01
-4.506e-01
-4.638e-01
-4.594e-01
-4.583e-01
-4.582e-01
-4.582e-01
-4.582e-01
-4.582e-01
-4.582e-01
-4.582e-01
-4.582e-01
-4.582e-01
-4.582e-01
-4.582e-01
-4.582e-01
-4.582e-01
-4.582e-01
-4.582e-01
-4.582e-01
-4.585e-01
-4.563e-01
-4.505e-01
-4.638e-01
-4.594e-01
-4.583e-01
-4.582e-01
-4.582e-01
-4.582e-01
-4.582e-01
-4.582e-01
-4.582e-01
-4.582e-01
-4.582e-01
-4.582e-01
-4.582e-01
-4.582e-01
-4.582e-01
-4.582e-01
-4.582e-01
-4.582e-01
-4.585e-01
-4.563e-01
-4.505e-01
-4.638e-01
-4.594e-01
-4.583e-01
-4.582e-01
-4.582e-01
-4.582e-01
-4.582e-01
-4.582e-01
-4.582e-01
-4.582e-01
-4.582e-01
-4.582e-01
-4.582e-01
-4.582e-01
-4.582e-01
-4.582e-01
-4.582e-01
-4.582e-01
-4.585e-01
-4.563e-01
-4.505e-01
-4.638e-01
-4.594e-01
-4.583e-01
-4.582e-01
-4.582e-01
-4.582e-01
-4.582e-01
-4.582e-01
-4.582e-01
-4.582e-01
-4.582e-01
-4.582e-01
-4.582e-01
-4.582e-01
-4.582e-01
-4.582e-01
-4.582e-01
-4.582e-01
-4.585e-01
-4.563e-01
-4.505e-01
-4.638e-01
-4.594e-01
-4.583e-01
-4.582e-01
-4.582e-01
-4.582e-01
-4.582e-01
-4.582e-01
-4.582e-01
-4.582e-01
-4.582e-01
-4.582e-01
-4.582e-01
-4.582e-01
-4.582e-01
-4.582e-01
-4.582e-01
-4.582e-01
-4.585e-01
-4.563e-01
-4.505e-01
-4.638e-01
-4.594e-01
-4.583e-01
-4.582e-01
-4.582e-01
-4.582e-01
-4.582e-01
-4.582e-01
-4.582e-01
-4.582e-01
-4.582e-01
-4.582e-01
-4.582e-01
-4.582e-01
-4.582e-01
-4.582e-01
-4.582e-01
-4.582e-01
-4.585e-01
-4.563e-01
-4.505e-01
-4.638e-01
-4.594e-01
-4.583e-01
-4.582e-01
-4.582e-01
-4.582e-01
-4.582e-01
-4.582e-01
-4.582e-01
-4.582e-01
-4.582e-01
-4.582e-01
-4.582e-01
-4.582e-01
-4.582e-01
-4.582e-01
-4.582e-01
-4.582e-01
-4.585e-01
-4.563e-01
-4.505e-01
-4.638e-01
-4.594e-01
-4.583e-01
-4.582e-01
-4.582e-01
-4.582e-01
-4.582e-01
-4.582e-01
-4.582e-01
-4.582e-01
-4.582e-01
-4.582e-01
-4.582e-01
-4.582e-01
-4.582e-01
-4.582e-01
-4.582e-01
-4.582e-01
-4.585e-01
-4.563e-01
-4.505e-01
-4.638e-01
-4.594e-01
-4.583e-01
-4.582e-01
-4.582e-01
-4.582e-01
-4.582e-01
-4.582e-01
-4.582e-01
-4.582e-01
-4.582e-01
-4.582e-01
-4.582e-01
-4.582e-01
-4.582e-01
-4.582e-01
-4.582e-01
-4.582e-01
-4.585e-01
-4.563e-01
-4.505e-01
-4.638e-01
-4.594e-01
-4.583e-01
-4.582e-01
-4.582e-01
-4.582e-01
-4.582e-01
-4.582e-01
-4.582e-01
-4.582e-01
-4.582e-01
-4.582e-01
-4.582e-01
-4.582e-01
-4.582e-01
-4.582e-01
-4.582e-01
-4.582e-01
-4.585e-01
-4.563e-01
-4.505e-01
-4.638e-01
-4.594e-01
-4.583e-01
-4.582e-01
-4.582e-01
-4.582e-01
-4.582e-01
-4.582e-01
-4.582e-01
-4.582e-01
-4.582e-01
-4.582e-01
-4.582e-01
-4.582e-01
-4.582e-01
-4.582e-01
-4.582e-01
-4.582e-01
-4.585e-01
-4.563e-01
-4.505e-01
-4.638e-01
-4.594e-01
-4.583e-01
-4.582e-01
-4.582e-01
-4.582e-01
-4.582e-01
-4.582e-01
-4.582e-01
-4.582e-01
-4.582e-01
-4.582e-01
-4.582e-01
-4.582e-01
-4.582e-01
-4.582e-01
-4.582e-01
-4.582e-01
-4.585e-01
-4.563e-01
-4.505e-01
-4.638e-01
-4.594e-01
-4.583e-01
-4.582e-01
-4.582e-01
-4.582e-01
-4.582e-01
-4.582e-01
-4.582e-01
-4.582e-01
-4.582e-01
-4.582e-01
-4.582e-01
-4.582e-01
-4.582e-01
-4.582e-01
-4.582e-01
-4.582e-01
-4.585e-01
-4.564e-01
-4.505e-01
-4.638e-01
-4.595e-01
-4.583e-01
-4.582e-01
-4.582e-01
-4.582e-01
-4.582e-01
-4.582e-01
-4.582e-01
-4.582e-01
-4.582e-01
-4.582e-01
-4.582e-01
-4.582e-01
-4.582e-01
-4.582e-01
-4.582e-01
-4.582e-01
-4.585e-01
-4.564e-01
-4.506e-01
-4.641e-01
-4.597e-01
-4.585e-01
-4.585e-01
-4.585e-01
-4.585e-01
-4.585e-01
-4.585e-01
-4.585e-01
-4.585e-01
-4.585e-01
-4.585e-01
-4.585e-01
-4.585e-01
-4.585e-01
-4.585e-01
-4.585e-01
-4.585e-01
-4.587e-01
-4.564e-01
-4.507e-01
-4.611e-01
-4.575e-01
-4.565e-01
-4.564e-01
-4.564e-01
-4.564e-01
-4.564e-01
-4.564e-01
-4.564e-01
-4.564e-01
-4.564e-01
-4.564e-01
-4.564e-01
-4.564e-01
-4.564e-01
-4.564e-01
-4.564e-01
-4.563e-01
-4.565e-01
-4.548e-01
-4.501e-01
-4.571e-01
-4.538e-01
-4.515e-01
-4.513e-01
-4.513e-01
-4.513e-01
-4.513e-01
-4.513e-01
-4.513e-01
-4.513e-01
-4.513e-01
-4.513e-01
-4.513e-01
-4.513e-01
-4.513e-01
-4.513e-01
-4.513e-01
-4.513e-01
-4.514e-01
-4.507e-01
-4.478e-01
-5.035e-01
-5.058e-01
-5.056e-01
-5.056e-01
-5.056e-01
-5.056e-01
-5.056e-01
-5.056e-01
-5.056e-01
-5.056e-01
-5.056e-01
-5.056e-01
-5.056e-01
-5.056e-01
-5.056e-01
-5.056e-01
-5.056e-01
-5.057e-01
-5.056e-01
-5.021e-01
-5.077e-01
-5.067e-01
-5.119e-01
-5.117e-01
-5.117e-01
-5.117e-01
-5.117e-01
-5.117e-01
-5.117e-01
-5.117e-01
-5.117e-01
-5.117e-01
-5.117e-01
-5.117e-01
-5.117e-01
-5.117e-01
-5.117e-01
-5.116e-01
-5.117e-01
-5.117e-01
-5.093e-01
-5.163e-01
-5.068e-01
-5.120e-01
-5.116e-01
-5.115e-01
-5.115e-01
-5.115e-01
-5.115e-01
-5.115e-01
-5.115e-01
-5.115e-01
-5.115e-01
-5.115e-01
-5.115e-01
-5.115e-01
-5.115e-01
-5.115e-01
-5.115e-01
-5.115e-01
-5.115e-01
-5.091e-01
-5.158e-01
-5.068e-01
-5.120e-01
-5.115e-01
-5.114e-01
-5.114e-01
-5.114e-01
-5.114e-01
-5.114e-01
-5.114e-01
-5.114e-01
-5.114e-01
-5.114e-01
-5.114e-01
-5.114e-01
-5.114e-01
-5.114e-01
-5.113e-01
-5.115e-01
-5.114e-01
-5.090e-01
-5.155e-01
-5.068e-01
-5.120e-01
-5.115e-01
-5.114e-01
-5.114e-01
-5.114e-01
-5.114e-01
-5.114e-01
-5.114e-01
-5.114e-01
-5.114e-01
-5.114e-01
-5.114e-01
-5.113e-01
-5.114e-01
-5.113e-01
-5.113e-01
-5.114e-01
-5.114e-01
-5.089e-01
-5.154e-01
-5.068e-01
-5.120e-01
-5.115e-01
-5.114e-01
-5.114e-01
-5.113e-01
-5.113e-01
-5.113e-01
-5.113e-01
-5.113e-01
-5.113e-01
-5.113e-01
-5.113e-01
-5.113e-01
-5.114e-01
-5.113e-01
-5.113e-01
-5.114e-01
-5.114e-01
-5.089e-01
-5.154e-01
-5.068e-01
-5.120e-01
-5.115e-01
-5.114e-01
-5.114e-01
-5.113e-01
-5.113e-01
-5.113e-01
-5.113e-01
-5.113e-01
-5.113e-01
-5.113e-01
-5.113e-01
-5.113e-01
-5.114e-01
-5.113e-01
-5.113e-01
-5.114e-01
-5.114e-01
-5.089e-01
-5.154e-01
-5.068e-01
-5.120e-01
-5.115e-01
-5.114e-01
-5.114e-01
-5.113e-01
-5.113e-01
-5.113e-01
-5.113e-01
-5.113e-01
-5.113e-01
-5.113e-01
-5.113e-01
-5.113e-01
-5.114e-01
-5.113e-01
-5.113e-01
-5.114e-01
-5.114e-01
-5.089e-01
-5.154e-01
-5.068e-01
-5.120e-01
-5.115e-01
-5.114e-01
-5.114e-01
-5.113e-01
-5.113e-01
-5.113e-01
-5.113e-01
-5.113e-01
-5.113e-01
-5.113e-01
-5.113e-01
-5.113e-01
-5.114e-01
-5.113e-01
-5.113e-01
-5.114e-01
-5.114e-01
-5.089e-01
-5.154e-01
-5.068e-01
-5.120e-01
-5.115e-01
-5.114e-01
-5.114e-01
-5.113e-01
-5.113e-01
-5.113e-01
-5.113e-01
-5.113e-01
-5.113e-01
-5.113e-01
-5.113e-01
-5.113e-01
-5.114e-01
-5.113e-01
-5.113e-01
-5.114e-01
-5.114e-01
-5.089e-01
-5.154e-01
-5.068e-01
-5.120e-01
-5.115e-01
-5.114e-01
-5.114e-01
-5.113e-01
-5.113e-01
-5.113e-01
-5.113e-01
-5.113e-01
-5.113e-01
-5.113e-01
-5.113e-01
-5.113e-01
-5.114e-01
-5.113e-01
-5.113e-01
-5.114e-01
-5.114e-01
-5.089e-01
-5.154e-01
-5.068e-01
-5.120e-01
-5.115e-01
-5.114e-01
-5.114e-01
-5.113e-01
-5.113e-01
-5.113e-01
-5.113e-01
-5.113e-01
-5.113e-01
-5.113e-01
-5.113e-01
-5.113e-01
-5.114e-01
-5.113e-01
-5.113e-01
-5.114e-01
-5.114e-01
-5.089e-01
-5.154e-01
-5.068e-01
-5.120e-01
-5.115e-01
-5.114e-01
-5.114e-01
-5.113e-01
-5.113e-01
-5.113e-01
-5.113e-01
-5.113e-01
-5.113e-01
-5.113e-01
-5.113e-01
-5.113e-01
-5.114e-01
-5.113e-01
-5.113e-01
-5.114e-01
-5.114e-01
-5.089e-01
-5.154e-01
-5.068e-01
-5.120e-01
-5.115e-01
-5.114e-01
-5.113e-01
-5.113e-01
-5.113e-01
-5.113e-01
-5.113e-01
-5.113e-01
-5.113e-01
-5.113e-01
-5.113e-01
-5.113e-01
-5.114e-01
-5.113e-01
-5.113e-01
-5.114e-01
-5.114e-01
-5.089e-01
-5.154e-01
-5.068e-01
-5.120e-01
-5.115e-01
-5.114e-01
-5.114e-01
-5.114e-01
-5.114e-01
-5.114e-01
-5.114e-01
-5.114e-01
-5.114e-01
-5.114e-01
-5.114e-01
-5.114e-01
-5.114e-01
-5.113e-01
-5.113e-01
-5.115e-01
-5.114e-01
-5.089e-01
-5.154e-01
-5.068e-01
-5.120e-01
-5.115e-01
-5.114e-01
-5.113e-01
-5.113e-01
-5.113e-01
-5.113e-01
-5.113e-01
-5.113e-01
-5.113e-01
-5.113e-01
-5.113e-01
-5.113e-01
-5.113e-01
-5.113e-01
-5.113e-01
-5.114e-01
-5.114e-01
-5.089e-01
-5.154e-01
-5.067e-01
-5.120e-01
-5.115e-01
-5.113e-01
-5.113e-01
-5.113e-01
-5.113e-01
-5.113e-01
-5.113e-01
-5.113e-01
-5.113e-01
-5.113e-01
-5.113e-01
-5.113e-01
-5.113e-01
-5.113e-01
-5.113e-01
-5.114e-01
-5.114e-01
-5.090e-01
-5.154e-01
-5.068e-01
-5.121e-01
-5.115e-01
-5.114e-01
-5.114e-01
-5.114e-01
-5.114e-01
-5.114e-01
-5.114e-01
-5.114e-01
-5.114e-01
-5.114e-01
-5.114e-01
-5.114e-01
-5.114e-01
-5.114e-01
-5.114e-01
-5.115e-01
-5.115e-01
-5.090e-01
-5.155e-01
-5.066e-01
-5.120e-01
-5.115e-01
-5.113e-01
-5.113e-01
-5.113e-01
-5.113e-01
-5.113e-01
-5.113e-01
-5.113e-01
-5.113e-01
-5.113e-01
-5.113e-01
-5.113e-01
-5.113e-01
-5.113e-01
-5.114e-01
-5.114e-01
-5.113e-01
-5.089e-01
-5.155e-01
-5.037e-01
-5.098e-01
-5.093e-01
-5.092e-01
-5.092e-01
-5.092e-01
-5.092e-01
-5.092e-01
-5.092e-01
-5.092e-01
-5.092e-01
-5.092e-01
-5.092e-01
-5.092e-01
-5.092e-01
-5.092e-01
-5.092e-01
-5.091e-01
-5.091e-01
-5.073e-01
-5.147e-01
-5.092e-01
-5.179e-01
-5.169e-01
-5.167e-01
-5.166e-01
-5.166e-01
-5.166e-01
-5.166e-01
-5.166e-01
-5.166e-01
-5.166e-01
-5.166e-01
-5.166e-01
-5.166e-01
-5.166e-01
-5.166e-01
-5.166e-01
-5.167e-01
-5.167e-01
-5.157e-01
-5.209e-01
-6.270e-01
-6.426e-01
-6.431e-01
-6.431e-01
-6.431e-01
-6.431e-01
-6.431e-01
-6.431e-01
-6.431e-01
-6.431e-01
-6.431e-01
-6.431e-01
-6.431e-01
-6.431e-01
-6.431e-01
-6.431e-01
-6.431e-01
-6.432e-01
-6.420e-01
-6.415e-01
-6.777e-01
-6.435e-01
-6.765e-01
-6.792e-01
-6.794e-01
-6.794e-01
-6.794e-01
-6.794e-01
-6.794e-01
-6.794e-01
-6.794e-01
-6.794e-01
-6.794e-01
-6.794e-01
-6.794e-01
-6.794e-01
-6.794e-01
-6.794e-01
-6.794e-01
-6.783e-01
-6.791e-01
-7.302e-01
-6.444e-01
-6.795e-01
-6.831e-01
-6.832e-01
-6.832e-01
-6.832e-01
-6.832e-01
-6.832e-01
-6.832e-01
-6.832e-01
-6.832e-01
-6.832e-01
-6.832e-01
-6.832e-01
-6.832e-01
-6.832e-01
-6.833e-01
-6.833e-01
-6.822e-01
-6.832e-01
-7.396e-01
-6.444e-01
-6.798e-01
-6.832e-01
-6.834e-01
-6.834e-01
-6.834e-01
-6.834e-01
-6.834e-01
-6.834e-01
-6.834e-01
-6.834e-01
-6.834e-01
-6.834e-01
-6.834e-01
-6.834e-01
-6.834e-01
-6.833e-01
-6.836e-01
-6.824e-01
-6.834e-01
-7.402e-01
-6.444e-01
-6.798e-01
-6.832e-01
-6.834e-01
-6.834e-01
-6.834e-01
-6.834e-01
-6.834e-01
-6.834e-01
-6.834e-01
-6.834e-01
-6.834e-01
-6.834e-01
-6.834e-01
-6.834e-01
-6.833e-01
-6.833e-01
-6.835e-01
-6.824e-01
-6.834e-01
-7.402e-01
-6.444e-01
-6.798e-01
-6.832e-01
-6.834e-01
-6.834e-01
-6.833e-01
-6.833e-01
-6.833e-01
-6.833e-01
-6.833e-01
-6.833e-01
-6.833e-01
-6.833e-01
-6.834e-01
-6.834e-01
-6.833e-01
-6.833e-01
-6.835e-01
-6.824e-01
-6.834e-01
-7.402e-01
-6.444e-01
-6.798e-01
-6.832e-01
-6.834e-01
-6.834e-01
-6.833e-01
-6.833e-01
-6.833e-01
-6.833e-01
-6.833e-01
-6.833e-01
-6.833e-01
-6.833e-01
-6.834e-01
-6.834e-01
-6.833e-01
-6.833e-01
-6.835e-01
-6.824e-01
-6.834e-01
-7.402e-01
-6.444e-01
-6.798e-01
-6.832e-01
-6.834e-01
-6.834e-01
-6.833e-01
-6.833e-01
-6.833e-01
-6.833e-01
-6.833e-01
-6.833e-01
-6.833e-01
-6.833e-01
-6.834e-01
-6.834e-01
-6.833e-01
-6.833e-01
-6.835e-01
-6.824e-01
-6.834e-01
-7.402e-01
-6.444e-01
-6.798e-01
-6.832e-01
-6.834e-01
-6.834e-01
-6.833e-01
-6.833e-01
-6.833e-01
-6.833e-01
-6.833e-01
-6.833e-01
-6.833e-01
-6.833e-01
-6.834e-01
-6.834e-01
-6.833e-01
-6.833e-01
-6.835e-01
-6.824e-01
-6.834e-01
-7.402e-01
-6.444e-01
-6.798e-01
-6.832e-01
-6.834e-01
-6.834e-01
-6.833e-01
-6.833e-01
-6.833e-01
-6.833e-01
-6.833e-01
-6.833e-01
-6.833e-01
-6.833e-01
-6.834e-01
-6.834e-01
-6.833e-01
-6.833e-01
-6.835e-01
-6.824e-01
-6.834e-01
-7.402e-01
-6.444e-01
-6.798e-01
-6.832e-01
-6.834e-01
-6.834e-01
-6.833e-01
-6.833e-01
-6.833e-01
-6.833e-01
-6.833e-01
-6.833e-01
-6.833e-01
-6.833e-01
-6.834e-01
-6.834e-01
-6.833e-01
-6.833e-01
-6.835e-01
-6.824e-01
-6.834e-01
-7.402e-01
-6.444e-01
-6.798e-01
-6.832e-01
-6.834e-01
-6.834e-01
-6.833e-01
-6.833e-01
-6.833e-01
-6.833e-01
-6.833e-01
-6.833e-01
-6.833e-01
-6.833e-01
-6.834e-01
-6.834e-01
-6.833e-01
-6.833e-01
-6.835e-01
-6.824e-01
-6.834e-01
-7.402e-01
-6.444e-01
-6.798e-01
-6.832e-01
-6.834e-01
-6.834e-01
-6.833e-01
-6.833e-01
-6.833e-01
-6.833e-01
-6.833e-01
-6.833e-01
-6.833e-01
-6.833e-01
-6.834e-01
-6.834e-01
-6.833e-01
-6.833e-01
-6.835e-01
-6.824e-01
-6.834e-01
-7.402e-01
-6.444e-01
-6.798e-01
-6.832e-01
-6.834e-01
-6.834e-01
-6.834e-01
-6.834e-01
-6.834e-01
-6.834e-01
-6.834e-01
-6.834e-01
-6.834e-01
-6.834e-01
-6.834e-01
-6.834e-01
-6.833e-01
-6.833e-01
-6.835e-01
-6.824e-01
-6.834e-01
-7.402e-01
-6.444e-01
-6.798e-01
-6.832e-01
-6.834e-01
-6.834e-01
-6.834e-01
-6.834e-01
-6.834e-01
-6.834e-01
-6.834e-01
-6.834e-01
-6.834e-01
-6.834e-01
-6.834e-01
-6.834e-01
-6.833e-01
-6.833e-01
-6.836e-01
-6.824e-01
-6.834e-01
-7.402e-01
-6.444e-01
-6.798e-01
-6.832e-01
-6.834e-01
-6.833e-01
-6.833e-01
-6.833e-01
-6.833e-01
-6.833e-01
-6.833e-01
-6.833e-01
-6.833e-01
-6.833e-01
-6.833e-01
-6.833e-01
-6.833e-01
-6.833e-01
-6.835e-01
-6.824e-01
-6.834e-01
-7.402e-01
-6.444e-01
-6.798e-01
-6.833e-01
-6.833e-01
-6.833e-01
-6.833e-01
-6.833e-01
-6.833e-01
-6.833e-01
-6.833e-01
-6.833e-01
-6.833e-01
-6.833e-01
-6.833e-01
-6.833e-01
-6.833e-01
-6.834e-01
-6.835e-01
-6.824e-01
-6.835e-01
-7.402e-01
-6.445e-01
-6.798e-01
-6.833e-01
-6.835e-01
-6.835e-01
-6.835e-01
-6.835e-01
-6.835e-01
-6.835e-01
-6.835e-01
-6.835e-01
-6.835e-01
-6.835e-01
-6.835e-01
-6.835e-01
-6.835e-01
-6.835e-01
-6.836e-01
-6.825e-01
-6.834e-01
-7.404e-01
-6.431e-01
-6.787e-01
-6.822e-01
-6.823e-01
-6.824e-01
-6.824e-01
-6.824e-01
-6.824e-01
-6.824e-01
-6.824e-01
-6.824e-01
-6.824e-01
-6.824e-01
-6.824e-01
-6.824e-01
-6.823e-01
-6.824e-01
-6.825e-01
-6.813e-01
-6.827e-01
-7.401e-01
-6.438e-01
-6.802e-01
-6.840e-01
-6.842e-01
-6.842e-01
-6.842e-01
-6.842e-01
-6.842e-01
-6.842e-01
-6.842e-01
-6.842e-01
-6.842e-01
-6.842e-01
-6.842e-01
-6.842e-01
-6.842e-01
-6.841e-01
-6.842e-01
-6.834e-01
-6.851e-01
-7.424e-01
-6.803e-01
-7.331e-01
-7.421e-01
-7.426e-01
-7.426e-01
-7.426e-01
-7.426e-01
-7.426e-01
-7.426e-01
-7.426e-01
-7.426e-01
-7.426e-01
-7.426e-01
-7.426e-01
-7.426e-01
-7.426e-01
-7.426e-01
-7.427e-01
-7.423e-01
-7.440e-01
-7.887e-01
-9.146e-01
-9.559e-01
-9.579e-01
-9.579e-01
-9.579e-01
-9.579e-01
-9.579e-01
-9.579e-01
-9.579e-01
-9.579e-01
-9.579e-01
-9.579e-01
-9.579e-01
-9.579e-01
-9.579e-01
-9.579e-01
-9.579e-01
-9.577e-01
-9.578e-01
-9.758e-01
-1.040e+00
-9.565e-01
-1.018e+00
-1.022e+00
-1.023e+00
-1.023e+00
-1.023e+00
-1.023e+00
-1.023e+00
-1.023e+00
-1.023e+00
-1.023e+00
-1.023e+00
-1.023e+00
-1.023e+00
-1.023e+00
-1.023e+00
-1.023e+00
-1.022e+00
-1.023e+00
-1.036e+00
-1.084e+00
-9.585e-01
-1.022e+00
-1.027e+00
-1.027e+00
-1.027e+00
-1.027e+00
-1.027e+00
-1.027e+00
-1.027e+00
-1.027e+00
-1.027e+00
-1.027e+00
-1.027e+00
-1.027e+00
-1.027e+00
-1.027e+00
-1.027e+00
-1.027e+00
-1.028e+00
-1.041e+00
-1.089e+00
-9.586e-01
-1.023e+00
-1.027e+00
-1.027e+00
-1.027e+00
-1.027e+00
-1.027e+00
-1.027e+00
-1.027e+00
-1.027e+00
-1.027e+00
-1.027e+00
-1.027e+00
-1.027e+00
-1.027e+00
-1.027e+00
-1.027e+00
-1.027e+00
-1.028e+00
-1.041e+00
-1.089e+00
-9.586e-01
-1.023e+00
-1.027e+00
-1.027e+00
-1.027e+00
-1.027e+00
-1.027e+00
-1.027e+00
-1.027e+00
-1.027e+00
-1.027e+00
-1.027e+00
-1.027e+00
-1.027e+00
-1.027e+00
-1.027e+00
-1.027e+00
-1.027e+00
-1.028e+00
-1.041e+00
-1.089e+00
-9.586e-01
-1.023e+00
-1.027e+00
-1.027e+00
-1.027e+00
-1.027e+00
-1.027e+00
-1.027e+00
-1.027e+00
-1.027e+00
-1.027e+00
-1.027e+00
-1.027e+00
-1.027e+00
-1.027e+00
-1.027e+00
-1.027e+00
-1.027e+00
-1.028e+00
-1.041e+00
-1.089e+00
-9.586e-01
-1.023e+00
-1.027e+00
-1.027e+00
-1.027e+00
-1.027e+00
-1.027e+00
-1.027e+00
-1.027e+00
-1.027e+00
-1.027e+00
-1.027e+00
-1.027e+00
-1.027e+00
-1.027e+00
-1.027e+00
-1.027e+00
-1.027e+00
-1.028e+00
-1.041e+00
-1.089e+00
-9.586e-01
-1.023e+00
-1.027e+00
-1.027e+00
-1.027e+00
-1.027e+00
-1.027e+00
-1.027e+00
-1.027e+00
-1.027e+00
-1.027e+00
-1.027e+00
-1.027e+00
-1.027e+00
-1.027e+00
-1.027e+00
-1.027e+00
-1.027e+00
-1.028e+00
-1.041e+00
-1.089e+00
-9.586e-01
-1.023e+00
-1.027e+00
-1.027e+00
-1.027e+00
-1.027e+00
-1.027e+00
-1.027e+00
-1.027e+00
-1.027e+00
-1.027e+00
-1.027e+00
-1.027e+00
-1.027e+00
-1.027e+00
-1.027e+00
-1.027e+00
-1.027e+00
-1.028e+00
-1.041e+00
-1.089e+00
-9.586e-01
-1.023e+00
-1.027e+00
-1.027e+00
-1.027e+00
-1.027e+00
-1.027e+00
-1.027e+00
-1.027e+00
-1.027e+00
-1.027e+00
-1.027e+00
-1.027e+00
-1.027e+00
-1.027e+00
-1.027e+00
-1.027e+00
-1.027e+00
-1.028e+00
-1.041e+00
-1.089e+00
-9.586e-01
-1.023e+00
-1.027e+00
-1.027e+00
-1.027e+00
-1.027e+00
-1.027e+00
-1.027e+00
-1.027e+00
-1.027e+00
-1.027e+00
-1.027e+00
-1.027e+00
-1.027e+00
-1.027e+00
-1.027e+00
-1.027e+00
-1.027e+00
-1.028e+00
-1.041e+00
-1.089e+00
-9.586e-01
-1.023e+00
-1.027e+00
-1.027e+00
-1.027e+00
-1.027e+00
-1.027e+00
-1.027e+00
-1.027e+00
-1.027e+00
-1.027e+00
-1.027e+00
-1.027e+00
-1.027e+00
-1.027e+00
-1.027e+00
-1.027e+00
-1.027e+00
-1.028e+00
-1.041e+00
-1.089e+00
-9.586e-01
-1.023e+00
-1.027e+00
-1.027e+00
-1.027e+00
-1.027e+00
-1.027e+00
-1.027e+00
-1.027e+00
-1.027e+00
-1.027e+00
-1.027e+00
-1.027e+00
-1.027e+00
-1.027e+00
-1.027e+00
-1.027e+00
-1.027e+00
-1.028e+00
-1.041e+00
-1.089e+00
-9.586e-01
-1.023e+00
-1.027e+00
-1.027e+00
-1.027e+00
-1.027e+00
-1.027e+00
-1.027e+00
-1.027e+00
-1.027e+00
-1.027e+00
-1.027e+00
-1.027e+00
-1.027e+00
-1.027e+00
-1.027e+00
-1.027e+00
-1.027e+00
-1.028e+00
-1.041e+00
-1.089e+00
-9.586e-01
-1.023e+00
-1.027e+00
-1.027e+00
-1.027e+00
-1.027e+00
-1.027e+00
-1.027e+00
-1.027e+00
-1.027e+00
-1.027e+00
-1.027e+00
-1.027e+00
-1.027e+00
-1.027e+00
-1.027e+00
-1.027e+00
-1.027e+00
-1.028e+00
-1.041e+00
-1.089e+00
-9.586e-01
-1.023e+00
-1.027e+00
-1.027e+00
-1.027e+00
-1.027e+00
-1.027e+00
-1.027e+00
-1.027e+00
-1.027e+00
-1.027e+00
-1.027e+00
-1.027e+00
-1.027e+00
-1.027e+00
-1.027e+00
-1.027e+00
-1.027e+00
-1.028e+00
-1.041e+00
-1.089e+00
-9.586e-01
-1.023e+00
-1.027e+00
-1.027e+00
-1.027e+00
-1.027e+00
-1.027e+00
-1.027e+00
-1.027e+00
-1.027e+00
-1.027e+00
-1.027e+00
-1.027e+00
-1.027e+00
-1.027e+00
-1.027e+00
-1.027e+00
-1.027e+00
-1.028e+00
-1.041e+00
-1.089e+00
-9.584e-01
-1.022e+00
-1.027e+00
-1.027e+00
-1.027e+00
-1.027e+00
-1.027e+00
-1.027e+00
-1.027e+00
-1.027e+00
-1.027e+00
-1.027e+00
-1.027e+00
-1.027e+00
-1.027e+00
-1.027e+00
-1.027e+00
-1.027e+00
-1.028e+00
-1.041e+00
-1.089e+00
-9.586e-01
-1.023e+00
-1.028e+00
-1.028e+00
-1.028e+00
-1.028e+00
-1.028e+00
-1.028e+00
-1.028e+00
-1.028e+00
-1.028e+00
-1.028e+00
-1.028e+00
-1.028e+00
-1.028e+00
-1.028e+00
-1.028e+00
-1.028e+00
-1.028e+00
-1.042e+00
-1.090e+00
-9.782e-01
-1.037e+00
-1.042e+00
-1.042e+00
-1.042e+00
-1.042e+00
-1.042e+00
-1.042e+00
-1.042e+00
-1.042e+00
-1.042e+00
-1.042e+00
-1.042e+00
-1.042e+00
-1.042e+00
-1.042e+00
-1.042e+00
-1.042e+00
-1.042e+00
-1.053e+00
-1.094e+00
-1.042e+00
-1.085e+00
-1.090e+00
-1.090e+00
-1.090e+00
-1.090e+00
-1.090e+00
-1.090e+00
-1.090e+00
-1.090e+00
-1.090e+00
-1.090e+00
-1.090e+00
-1.090e+00
-1.090e+00
-1.090e+00
-1.090e+00
-1.090e+00
-1.090e+00
-1.094e+00
-1.110e+00
-1.160e+00
-1.163e+00
-1.163e+00
-1.163e+00
-1.163e+00
-1.163e+00
-1.163e+00
-1.163e+00
-1.163e+00
-1.163e+00
-1.163e+00
-1.163e+00
-1.163e+00
-1.163e+00
-1.163e+00
-1.163e+00
-1.163e+00
-1.163e+00
-1.163e+00
-1.164e+00
-1.167e+00
-1.163e+00
-1.166e+00
-1.166e+00
-1.166e+00
-1.166e+00
-1.166e+00
-1.166e+00
-1.166e+00
-1.166e+00
-1.166e+00
-1.166e+00
-1.166e+00
-1.166e+00
-1.166e+00
-1.166e+00
-1.166e+00
-1.166e+00
-1.166e+00
-1.167e+00
-1.167e+00
-1.168e+00
-1.163e+00
-1.166e+00
-1.167e+00
-1.167e+00
-1.167e+00
-1.167e+00
-1.167e+00
-1.167e+00
-1.167e+00
-1.167e+00
-1.167e+00
-1.167e+00
-1.167e+00
-1.167e+00
-1.167e+00
-1.167e+00
-1.167e+00
-1.167e+00
-1.167e+00
-1.167e+00
-1.168e+00
-1.163e+00
-1.166e+00
-1.167e+00
-1.167e+00
-1.167e+00
-1.167e+00
-1.167e+00
-1.167e+00
-1.167e+00
-1.167e+00
-1.167e+00
-1.167e+00
-1.167e+00
-1.167e+00
-1.167e+00
-1.167e+00
-1.167e+00
-1.167e+00
-1.167e+00
-1.167e+00
-1.168e+00
-1.163e+00
-1.166e+00
-1.167e+00
-1.167e+00
-1.167e+00
-1.167e+00
-1.167e+00
-1.167e+00
-1.167e+00
-1.167e+00
-1.167e+00
-1.167e+00
-1.167e+00
-1.167e+00
-1.167e+00
-1.167e+00
-1.167e+00
-1.167e+00
-1.167e+00
-1.167e+00
-1.168e+00
-1.163e+00
-1.166e+00
-1.167e+00
-1.167e+00
-1.167e+00
-1.167e+00
-1.167e+00
-1.167e+00
-1.167e+00
-1.167e+00
-1.167e+00
-1.167e+00
-1.167e+00
-1.167e+00
-1.167e+00
-1.167e+00
-1.167e+00
-1.167e+00
-1.167e+00
-1.167e+00
-1.168e+00
-1.163e+00
-1.166e+00
-1.167e+00
-1.167e+00
-1.167e+00
-1.167e+00
-1.167e+00
-1.167e+00
-1.167e+00
-1.167e+00
-1.167e+00
-1.167e+00
-1.167e+00
-1.167e+00
-1.167e+00
-1.167e+00
-1.167e+00
-1.167e+00
-1.167e+00
-1.167e+00
-1.168e+00
-1.163e+00
-1.166e+00
-1.167e+00
-1.167e+00
-1.167e+00
-1.167e+00
-1.167e+00
-1.167e+00
-1.167e+00
-1.167e+00
-1.167e+00
-1.167e+00
-1.167e+00
-1.167e+00
-1.167e+00
-1.167e+00
-1.167e+00
-1.167e+00
-1.167e+00
-1.167e+00
-1.168e+00
-1.163e+00
-1.166e+00
-1.167e+00
-1.167e+00
-1.167e+00
-1.167e+00
-1.167e+00
-1.167e+00
-1.167e+00
-1.167e+00
-1.167e+00
-1.167e+00
-1.167e+00
-1.167e+00
-1.167e+00
-1.167e+00
-1.167e+00
-1.167e+00
-1.167e+00
-1.167e+00
-1.168e+00
-1.163e+00
-1.166e+00
-1.167e+00
-1.167e+00
-1.167e+00
-1.167e+00
-1.167e+00
-1.167e+00
-1.167e+00
-1.167e+00
-1.167e+00
-1.167e+00
-1.167e+00
-1.167e+00
-1.167e+00
-1.167e+00
-1.167e+00
-1.167e+00
-1.167e+00
-1.167e+00
-1.168e+00
-1.163e+00
-1.166e+00
-1.167e+00
-1.167e+00
-1.167e+00
-1.167e+00
-1.167e+00
-1.167e+00
-1.167e+00
-1.167e+00
-1.167e+00
-1.167e+00
-1.167e+00
-1.167e+00
-1.167e+00
-1.167e+00
-1.167e+00
-1.167e+00
-1.167e+00
-1.167e+00
-1.168e+00
-1.163e+00
-1.166e+00
-1.167e+00
-1.167e+00
-1.167e+00
-1.167e+00
-1.167e+00
-1.167e+00
-1.167e+00
-1.167e+00
-1.167e+00
-1.167e+00
-1.167e+00
-1.167e+00
-1.167e+00
-1.167e+00
-1.167e+00
-1.167e+00
-1.167e+00
-1.167e+00
-1.168e+00
-1.163e+00
-1.166e+00
-1.167e+00
-1.167e+00
-1.167e+00
-1.167e+00
-1.167e+00
-1.167e+00
-1.167e+00
-1.167e+00
-1.167e+00
-1.167e+00
-1.167e+00
-1.167e+00
-1.167e+00
-1.167e+00
-1.167e+00
-1.167e+00
-1.167e+00
-1.167e+00
-1.168e+00
-1.163e+00
-1.166e+00
-1.167e+00
-1.167e+00
-1.167e+00
-1.167e+00
-1.167e+00
-1.167e+00
-1.167e+00
-1.167e+00
-1.167e+00
-1.167e+00
-1.167e+00
-1.167e+00
-1.167e+00
-1.167e+00
-1.167e+00
-1.167e+00
-1.167e+00
-1.167e+00
-1.168e+00
-1.163e+00
-1.166e+00
-1.167e+00
-1.167e+00
-1.167e+00
-1.167e+00
-1.167e+00
-1.167e+00
-1.167e+00
-1.167e+00
-1.167e+00
-1.167e+00
-1.167e+00
-1.167e+00
-1.167e+00
-1.167e+00
-1.167e+00
-1.167e+00
-1.167e+00
-1.167e+00
-1.168e+00
-1.163e+00
-1.166e+00
-1.167e+00
-1.167e+00
-1.167e+00
-1.167e+00
-1.167e+00
-1.167e+00
-1.167e+00
-1.167e+00
-1.167e+00
-1.167e+00
-1.167e+00
-1.167e+00
-1.167e+00
-1.167e+00
-1.167e+00
-1.167e+00
-1.167e+00
-1.167e+00
-1.168e+00
-1.163e+00
-1.166e+00
-1.167e+00
-1.167e+00
-1.167e+00
-1.167e+00
-1.167e+00
-1.167e+00
-1.167e+00
-1.167e+00
-1.167e+00
-1.167e+00
-1.167e+00
-1.167e+00
-1.167e+00
-1.167e+00
-1.167e+00
-1.167e+00
-1.167e+00
-1.167e+00
-1.168e+00
-1.163e+00
-1.166e+00
-1.167e+00
-1.167e+00
-1.167e+00
-1.167e+00
-1.167e+00
-1.167e+00
-1.167e+00
-1.167e+00
-1.167e+00
-1.167e+00
-1.167e+00
-1.167e+00
-1.167e+00
-1.167e+00
-1.167e+00
-1.167e+00
-1.167e+00
-1.167e+00
-1.168e+00
-1.163e+00
-1.167e+00
-1.167e+00
-1.167e+00
-1.167e+00
-1.167e+00
-1.167e+00
-1.167e+00
-1.167e+00
-1.167e+00
-1.167e+00
-1.167e+00
-1.167e+00
-1.167e+00
-1.167e+00
-1.167e+00
-1.167e+00
-1.167e+00
-1.167e+00
-1.167e+00
-1.168e+00
-1.164e+00
-1.167e+00
-1.167e+00
-1.167e+00
-1.167e+00
-1.167e+00
-1.167e+00
-1.167e+00
-1.167e+00
-1.167e+00
-1.167e+00
-1.167e+00
-1.167e+00
-1.167e+00
-1.167e+00
-1.167e+00
-1.167e+00
-1.167e+00
-1.167e+00
-1.168e+00
-1.169e+00
-1.167e+00
-1.168e+00
-1.168e+00
-1.168e+00
-1.168e+00
-1.168e+00
-1.168e+00
-1.168e+00
-1.168e+00
-1.168e+00
-1.168e+00
-1.168e+00
-1.168e+00
-1.168e+00
-1.168e+00
-1.168e+00
-1.168e+00
-1.168e+00
-1.168e+00
-1.169e+00
-1.169e+00
-1.201e+00
-1.183e+00
-1.183e+00
-1.183e+00
-1.183e+00
-1.183e+00
-1.183e+00
-1.183e+00
-1.183e+00
-1.183e+00
-1.183e+00
-1.183e+00
-1.183e+00
-1.183e+00
-1.183e+00
-1.183e+00
-1.183e+00
-1.183e+00
-1.183e+00
-1.183e+00
-1.155e+00
-1.183e+00
-1.155e+00
-1.155e+00
-1.155e+00
-1.155e+00
-1.155e+00
-1.155e+00
-1.155e+00
-1.155e+00
-1.155e+00
-1.155e+00
-1.155e+00
-1.155e+00
-1.155e+00
-1.155e+00
-1.155e+00
-1.155e+00
-1.155e+00
-1.155e+00
-1.155e+00
-1.135e+00
-1.183e+00
-1.155e+00
-1.155e+00
-1.155e+00
-1.155e+00
-1.155e+00
-1.155e+00
-1.155e+00
-1.155e+00
-1.155e+00
-1.155e+00
-1.155e+00
-1.155e+00
-1.155e+00
-1.155e+00
-1.155e+00
-1.155e+00
-1.155e+00
-1.155e+00
-1.155e+00
-1.135e+00
-1.183e+00
-1.155e+00
-1.155e+00
-1.155e+00
-1.155e+00
-1.155e+00
-1.155e+00
-1.155e+00
-1.155e+00
-1.155e+00
-1.155e+00
-1.155e+00
-1.155e+00
-1.155e+00
-1.155e+00
-1.155e+00
-1.155e+00
-1.155e+00
-1.155e+00
-1.155e+00
-1.135e+00
-1.183e+00
-1.155e+00
-1.155e+00
-1.155e+00
-1.155e+00
-1.155e+00
-1.155e+00
-1.155e+00
-1.155e+00
-1.155e+00
-1.155e+00
-1.155e+00
-1.155e+00
-1.155e+00
-1.155e+00
-1.155e+00
-1.155e+00
-1.155e+00
-1.155e+00
-1.155e+00
-1.135e+00
-1.183e+00
-1.155e+00
-1.155e+00
-1.155e+00
-1.155e+00
-1.155e+00
-1.155e+00
-1.155e+00
-1.155e+00
-1.155e+00
-1.155e+00
-1.155e+00
-1.155e+00
-1.155e+00
-1.155e+00
-1.155e+00
-1.155e+00
-1.155e+00
-1.155e+00
-1.155e+00
-1.135e+00
-1.183e+00
-1.155e+00
-1.155e+00
-1.155e+00
-1.155e+00
-1.155e+00
-1.155e+00
-1.155e+00
-1.155e+00
-1.155e+00
-1.155e+00
-1.155e+00
-1.155e+00
-1.155e+00
-1.155e+00
-1.155e+00
-1.155e+00
-1.155e+00
-1.155e+00
-1.155e+00
-1.135e+00
-1.183e+00
-1.155e+00
-1.155e+00
-1.155e+00
-1.155e+00
-1.155e+00
-1.155e+00
-1.155e+00
-1.155e+00
-1.155e+00
-1.155e+00
-1.155e+00
-1.155e+00
-1.155e+00
-1.155e+00
-1.155e+00
-1.155e+00
-1.155e+00
-1.155e+00
-1.155e+00
-1.135e+00
-1.183e+00
-1.155e+00
-1.155e+00
-1.155e+00
-1.155e+00
-1.155e+00
-1.155e+00
-1.155e+00
-1.155e+00
-1.155e+00
-1.155e+00
-1.155e+00
-1.155e+00
-1.155e+00
-1.155e+00
-1.155e+00
-1.155e+00
-1.155e+00
-1.155e+00
-1.155e+00
-1.135e+00
-1.183e+00
-1.155e+00
-1.155e+00
-1.155e+00
-1.155e+00
-1.155e+00
-1.155e+00
-1.155e+00
-1.155e+00
-1.155e+00
-1.155e+00
-1.155e+00
-1.155e+00
-1.155e+00
-1.155e+00
-1.155e+00
-1.155e+00
-1.155e+00
-1.155e+00
-1.155e+00
-1.135e+00
-1.183e+00
-1.155e+00
-1.155e+00
-1.155e+00
-1.155e+00
-1.155e+00
-1.155e+00
-1.155e+00
-1.155e+00
-1.155e+00
-1.155e+00
-1.155e+00
-1.155e+00
-1.155e+00
-1.155e+00
-1.155e+00
-1.155e+00
-1.155e+00
-1.155e+00
-1.155e+00
-1.135e+00
-1.183e+00
-1.155e+00
-1.155e+00
-1.155e+00
-1.155e+00
-1.155e+00
-1.155e+00
-1.155e+00
-1.155e+00
-1.155e+00
-1.155e+00
-1.155e+00
-1.155e+00
-1.155e+00
-1.155e+00
-1.155e+00
-1.155e+00
-1.155e+00
-1.155e+00
-1.155e+00
-1.135e+00
-1.183e+00
-1.155e+00
-1.155e+00
-1.155e+00
-1.155e+00
-1.155e+00
-1.155e+00
-1.155e+00
-1.155e+00
-1.155e+00
-1.155e+00
-1.155e+00
-1.155e+00
-1.155e+00
-1.155e+00
-1.155e+00
-1.155e+00
-1.155e+00
-1.155e+00
-1.155e+00
-1.135e+00
-1.183e+00
-1.155e+00
-1.155e+00
-1.155e+00
-1.155e+00
-1.155e+00
-1.155e+00
-1.155e+00
-1.155e+00
-1.155e+00
-1.155e+00
-1.155e+00
-1.155e+00
-1.155e+00
-1.155e+00
-1.155e+00
-1.155e+00
-1.155e+00
-1.155e+00
-1.155e+00
-1.135e+00
-1.183e+00
-1.155e+00
-1.155e+00
-1.155e+00
-1.155e+00
-1.155e+00
-1.155e+00
-1.155e+00
-1.155e+00
-1.155e+00
-1.155e+00
-1.155e+00
-1.155e+00
-1.155e+00
-1.155e+00
-1.155e+00
-1.155e+00
-1.155e+00
-1.155e+00
-1.155e+00
-1.135e+00
-1.183e+00
-1.155e+00
-1.155e+00
-1.155e+00
-1.155e+00
-1.155e+00
-1.155e+00
-1.155e+00
-1.155e+00
-1.155e+00
-1.155e+00
-1.155e+00
-1.155e+00
-1.155e+00
-1.155e+00
-1.155e+00
-1.155e+00
-1.155e+00
-1.155e+00
-1.155e+00
-1.135e+00
-1.183e+00
-1.155e+00
-1.155e+00
-1.155e+00
-1.155e+00
-1.155e+00
-1.155e+00
-1.155e+00
-1.155e+00
-1.155e+00
-1.155e+00
-1.155e+00
-1.155e+00
-1.155e+00
-1.155e+00
-1.155e+00
-1.155e+00
-1.155e+00
-1.155e+00
-1.155e+00
-1.135e+00
-1.183e+00
-1.155e+00
-1.155e+00
-1.155e+00
-1.155e+00
-1.155e+00
-1.155e+00
-1.155e+00
-1.155e+00
-1.155e+00
-1.155e+00
-1.155e+00
-1.155e+00
-1.155e+00
-1.155e+00
-1.155e+00
-1.155e+00
-1.155e+00
-1.155e+00
-1.155e+00
-1.135e+00
-1.183e+00
-1.155e+00
-1.155e+00
-1.155e+00
-1.155e+00
-1.155e+00
-1.155e+00
-1.155e+00
-1.155e+00
-1.155e+00
-1.155e+00
-1.155e+00
-1.155e+00
-1.155e+00
-1.155e+00
-1.155e+00
-1.155e+00
-1.155e+00
-1.155e+00
-1.155e+00
-1.135e+00
-1.183e+00
-1.155e+00
-1.155e+00
-1.155e+00
-1.155e+00
-1.155e+00
-1.155e+00
-1.155e+00
-1.155e+00
-1.155e+00
-1.155e+00
-1.155e+00
-1.155e+00
-1.155e+00
-1.155e+00
-1.155e+00
-1.155e+00
-1.155e+00
-1.155e+00
-1.155e+00
-1.135e+00
-1.155e+00
-1.135e+00
-1.135e+00
-1.135e+00
-1.135e+00
-1.135e+00
-1.135e+00
-1.135e+00
-1.135e+00
-1.135e+00
-1.135e+00
-1.135e+00
-1.135e+00
-1.135e+00
-1.135e+00
-1.135e+00
-1.135e+00
-1.135e+00
-1.135e+00
-1.135e+00
-1.127e+00
-1.119e+00
-1.119e+00
-1.119e+00
-1.119e+00
-1.119e+00
-1.119e+00
-1.119e+00
-1.119e+00
-1.119e+00
-1.119e+00
-1.119e+00
-1.119e+00
-1.119e+00
-1.119e+00
-1.119e+00
-1.119e+00
-1.119e+00
-1.119e+00
-1.119e+00
-1.119e+00
-1.118e+00
-1.119e+00
-1.118e+00
-1.118e+00
-1.118e+00
-1.118e+00
-1.118e+00
-1.118e+00
-1.118e+00
-1.118e+00
-1.118e+00
-1.118e+00
-1.118e+00
-1.118e+00
-1.118e+00
-1.118e+00
-1.118e+00
-1.118e+00
-1.118e+00
-1.118e+00
-1.118e+00
-1.118e+00
-1.119e+00
-1.118e+00
-1.118e+00
-1.118e+00
-1.118e+00
-1.118e+00
-1.118e+00
-1.118e+00
-1.118e+00
-1.118e+00
-1.118e+00
-1.118e+00
-1.118e+00
-1.118e+00
-1.118e+00
-1.118e+00
-1.118e+00
-1.118e+00
-1.118e+00
-1.118e+00
-1.118e+00
-1.119e+00
-1.118e+00
-1.118e+00
-1.118e+00
-1.118e+00
-1.118e+00
-1.118e+00
-1.118e+00
-1.118e+00
-1.118e+00
-1.118e+00
-1.118e+00
-1.118e+00
-1.118e+00
-1.118e+00
-1.118e+00
-1.118e+00
-1.118e+00
-1.118e+00
-1.118e+00
-1.118e+00
-1.119e+00
-1.118e+00
-1.118e+00
-1.118e+00
-1.118e+00
-1.118e+00
-1.118e+00
-1.118e+00
-1.118e+00
-1.118e+00
-1.118e+00
-1.118e+00
-1.118e+00
-1.118e+00
-1.118e+00
-1.118e+00
-1.118e+00
-1.118e+00
-1.118e+00
-1.118e+00
-1.118e+00
-1.119e+00
-1.118e+00
-1.118e+00
-1.118e+00
-1.118e+00
-1.118e+00
-1.118e+00
-1.118e+00
-1.118e+00
-1.118e+00
-1.118e+00
-1.118e+00
-1.118e+00
-1.118e+00
-1.118e+00
-1.118e+00
-1.118e+00
-1.118e+00
-1.118e+00
-1.118e+00
-1.118e+00
-1.119e+00
-1.118e+00
-1.118e+00
-1.118e+00
-1.118e+00
-1.118e+00
-1.118e+00
-1.118e+00
-1.118e+00
-1.118e+00
-1.118e+00
-1.118e+00
-1.118e+00
-1.118e+00
-1.118e+00
-1.118e+00
-1.118e+00
-1.118e+00
-1.118e+00
-1.118e+00
-1.118e+00
-1.119e+00
-1.118e+00
-1.118e+00
-1.118e+00
-1.118e+00
-1.118e+00
-1.118e+00
-1.118e+00
-1.118e+00
-1.118e+00
-1.118e+00
-1.118e+00
-1.118e+00
-1.118e+00
-1.118e+00
-1.118e+00
-1.118e+00
-1.118e+00
-1.118e+00
-1.118e+00
-1.118e+00
-1.119e+00
-1.118e+00
-1.118e+00
-1.118e+00
-1.118e+00
-1.118e+00
-1.118e+00
-1.118e+00
-1.118e+00
-1.118e+00
-1.118e+00
-1.118e+00
-1.118e+00
-1.118e+00
-1.118e+00
-1.118e+00
-1.118e+00
-1.118e+00
-1.118e+00
-1.118e+00
-1.118e+00
-1.119e+00
-1.118e+00
-1.118e+00
-1.118e+00
-1.118e+00
-1.118e+00
-1.118e+00
-1.118e+00
-1.118e+00
-1.118e+00
-1.118e+00
-1.118e+00
-1.118e+00
-1.118e+00
-1.118e+00
-1.118e+00
-1.118e+00
-1.118e+00
-1.118e+00
-1.118e+00
-1.118e+00
-1.119e+00
-1.118e+00
-1.118e+00
-1.118e+00
-1.118e+00
-1.118e+00
-1.118e+00
-1.118e+00
-1.118e+00
-1.118e+00
-1.118e+00
-1.118e+00
-1.118e+00
-1.118e+00
-1.118e+00
-1.118e+00
-1.118e+00
-1.118e+00
-1.118e+00
-1.118e+00
-1.118e+00
-1.119e+00
-1.118e+00
-1.118e+00
-1.118e+00
-1.118e+00
-1.118e+00
-1.118e+00
-1.118e+00
-1.118e+00
-1.118e+00
-1.118e+00
-1.118e+00
-1.118e+00
-1.118e+00
-1.118e+00
-1.118e+00
-1.118e+00
-1.118e+00
-1.118e+00
-1.118e+00
-1.118e+00
-1.119e+00
-1.118e+00
-1.118e+00
-1.118e+00
-1.118e+00
-1.118e+00
-1.118e+00
-1.118e+00
-1.118e+00
-1.118e+00
-1.118e+00
-1.118e+00
-1.118e+00
-1.118e+00
-1.118e+00
-1.118e+00
-1.118e+00
-1.118e+00
-1.118e+00
-1.118e+00
-1.118e+00
-1.119e+00
-1.118e+00
-1.118e+00
-1.118e+00
-1.118e+00
-1.118e+00
-1.118e+00
-1.118e+00
-1.118e+00
-1.118e+00
-1.118e+00
-1.118e+00
-1.118e+00
-1.118e+00
-1.118e+00
-1.118e+00
-1.118e+00
-1.118e+00
-1.118e+00
-1.118e+00
-1.118e+00
-1.119e+00
-1.118e+00
-1.118e+00
-1.118e+00
-1.118e+00
-1.118e+00
-1.118e+00
-1.118e+00
-1.118e+00
-1.118e+00
-1.118e+00
-1.118e+00
-1.118e+00
-1.118e+00
-1.118e+00
-1.118e+00
-1.118e+00
-1.118e+00
-1.118e+00
-1.118e+00
-1.118e+00
-1.119e+00
-1.118e+00
-1.118e+00
-1.118e+00
-1.118e+00
-1.118e+00
-1.118e+00
-1.118e+00
-1.118e+00
-1.118e+00
-1.118e+00
-1.118e+00
-1.118e+00
-1.118e+00
-1.118e+00
-1.118e+00
-1.118e+00
-1.118e+00
-1.118e+00
-1.118e+00
-1.118e+00
-1.119e+00
-1.118e+00
-1.118e+00
-1.118e+00
-1.118e+00
-1.118e+00
-1.118e+00
-1.118e+00
-1.118e+00
-1.118e+00
-1.118e+00
-1.118e+00
-1.118e+00
-1.118e+00
-1.118e+00
-1.118e+00
-1.118e+00
-1.118e+00
-1.118e+00
-1.118e+00
-1.118e+00
-1.119e+00
-1.118e+00
-1.118e+00
-1.118e+00
-1.118e+00
-1.118e+00
-1.118e+00
-1.118e+00
-1.118e+00
-1.118e+00
-1.118e+00
-1.118e+00
-1.118e+00
-1.118e+00
-1.118e+00
-1.118e+00
-1.118e+00
-1.118e+00
-1.118e+00
-1.118e+00
-1.118e+00
-1.119e+00
-1.118e+00
-1.118e+00
-1.118e+00
-1.118e+00
-1.118e+00
-1.118e+00
-1.118e+00
-1.118e+00
-1.118e+00
-1.118e+00
-1.118e+00
-1.118e+00
-1.118e+00
-1.118e+00
-1.118e+00
-1.118e+00
-1.118e+00
-1.118e+00
-1.118e+00
-1.118e+00
-1.119e+00
-1.118e+00
-1.118e+00
-1.118e+00
-1.118e+00
-1.118e+00
-1.118e+00
-1.118e+00
-1.118e+00
-1.118e+00
-1.118e+00
-1.118e+00
-1.118e+00
-1.118e+00
-1.118e+00
-1.118e+00
-1.118e+00
-1.118e+00
-1.118e+00
-1.118e+00
-1.118e+00
-1.118e+00
-1.118e+00
-1.118e+00
-1.118e+00
-1.118e+00
-1.118e+00
-1.118e+00
-1.118e+00
-1.118e+00
-1.118e+00
-1.118e+00
-1.118e+00
-1.118e+00
-1.118e+00
-1.118e+00
-1.118e+00
-1.118e+00
-1.118e+00
-1.118e+00
-1.118e+00
-1.118e+00
-1.110e+00
-1.102e+00
-1.102e+00
-1.102e+00
-1.102e+00
-1.102e+00
-1.102e+00
-1.102e+00
-1.102e+00
-1.102e+00
-1.102e+00
-1.102e+00
-1.102e+00
-1.102e+00
-1.102e+00
-1.102e+00
-1.102e+00
-1.102e+00
-1.102e+00
-1.102e+00
-1.090e+00
-1.102e+00
-1.090e+00
-1.090e+00
-1.090e+00
-1.090e+00
-1.090e+00
-1.090e+00
-1.090e+00
-1.090e+00
-1.090e+00
-1.090e+00
-1.090e+00
-1.090e+00
-1.090e+00
-1.090e+00
-1.090e+00
-1.090e+00
-1.090e+00
-1.090e+00
-1.090e+00
-1.081e+00
-1.102e+00
-1.090e+00
-1.090e+00
-1.090e+00
-1.090e+00
-1.090e+00
-1.090e+00
-1.090e+00
-1.090e+00
-1.090e+00
-1.090e+00
-1.090e+00
-1.090e+00
-1.090e+00
-1.090e+00
-1.090e+00
-1.090e+00
-1.090e+00
-1.090e+00
-1.090e+00
-1.081e+00
-1.102e+00
-1.090e+00
-1.090e+00
-1.090e+00
-1.090e+00
-1.090e+00
-1.090e+00
-1.090e+00
-1.090e+00
-1.090e+00
-1.090e+00
-1.090e+00
-1.090e+00
-1.090e+00
-1.090e+00
-1.090e+00
-1.090e+00
-1.090e+00
-1.090e+00
-1.090e+00
-1.081e+00
-1.102e+00
-1.090e+00
-1.090e+00
-1.090e+00
-1.090e+00
-1.090e+00
-1.090e+00
-1.090e+00
-1.090e+00
-1.090e+00
-1.090e+00
-1.090e+00
-1.090e+00
-1.090e+00
-1.090e+00
-1.090e+00
-1.090e+00
-1.090e+00
-1.090e+00
-1.090e+00
-1.081e+00
-1.102e+00
-1.090e+00
-1.090e+00
-1.090e+00
-1.090e+00
-1.090e+00
-1.090e+00
-1.090e+00
-1.090e+00
-1.090e+00
-1.090e+00
-1.090e+00
-1.090e+00
-1.090e+00
-1.090e+00
-1.090e+00
-1.090e+00
-1.090e+00
-1.090e+00
-1.090e+00
-1.081e+00
-1.102e+00
-1.090e+00
-1.090e+00
-1.090e+00
-1.090e+00
-1.090e+00
-1.090e+00
-1.090e+00
-1.090e+00
-1.090e+00
-1.090e+00
-1.090e+00
-1.090e+00
-1.090e+00
-1.090e+00
-1.090e+00
-1.090e+00
-1.090e+00
-1.090e+00
-1.090e+00
-1.081e+00
-1.102e+00
-1.090e+00
-1.090e+00
-1.090e+00
-1.090e+00
-1.090e+00
-1.090e+00
-1.090e+00
-1.090e+00
-1.090e+00
-1.090e+00
-1.090e+00
-1.090e+00
-1.090e+00
-1.090e+00
-1.090e+00
-1.090e+00
-1.090e+00
-1.090e+00
-1.090e+00
-1.081e+00
-1.102e+00
-1.090e+00
-1.090e+00
-1.090e+00
-1.090e+00
-1.090e+00
-1.090e+00
-1.090e+00
-1.090e+00
-1.090e+00
-1.090e+00
-1.090e+00
-1.090e+00
-1.090e+00
-1.090e+00
-1.090e+00
-1.090e+00
-1.090e+00
-1.090e+00
-1.090e+00
-1.081e+00
-1.102e+00
-1.090e+00
-1.090e+00
-1.090e+00
-1.090e+00
-1.090e+00
-1.090e+00
-1.090e+00
-1.090e+00
-1.090e+00
-1.090e+00
-1.090e+00
-1.090e+00
-1.090e+00
-1.090e+00
-1.090e+00
-1.090e+00
-1.090e+00
-1.090e+00
-1.090e+00
-1.081e+00
-1.102e+00
-1.090e+00
-1.090e+00
-1.090e+00
-1.090e+00
-1.090e+00
-1.090e+00
-1.090e+00
-1.090e+00
-1.090e+00
-1.090e+00
-1.090e+00
-1.090e+00
-1.090e+00
-1.090e+00
-1.090e+00
-1.090e+00
-1.090e+00
-1.090e+00
-1.090e+00
-1.081e+00
-1.102e+00
-1.090e+00
-1.090e+00
-1.090e+00
-1.090e+00
-1.090e+00
-1.090e+00
-1.090e+00
-1.090e+00
-1.090e+00
-1.090e+00
-1.090e+00
-1.090e+00
-1.090e+00
-1.090e+00
-1.090e+00
-1.090e+00
-1.090e+00
-1.090e+00
-1.090e+00
-1.081e+00
-1.102e+00
-1.090e+00
-1.090e+00
-1.090e+00
-1.090e+00
-1.090e+00
-1.090e+00
-1.090e+00
-1.090e+00
-1.090e+00
-1.090e+00
-1.090e+00
-1.090e+00
-1.090e+00
-1.090e+00
-1.090e+00
-1.090e+00
-1.090e+00
-1.090e+00
-1.090e+00
-1.081e+00
-1.102e+00
-1.090e+00
-1.090e+00
-1.090e+00
-1.090e+00
-1.090e+00
-1.090e+00
-1.090e+00
-1.090e+00
-1.090e+00
-1.090e+00
-1.090e+00
-1.090e+00
-1.090e+00
-1.090e+00
-1.090e+00
-1.090e+00
-1.090e+00
-1.090e+00
-1.090e+00
-1.081e+00
-1.102e+00
-1.090e+00
-1.090e+00
-1.090e+00
-1.090e+00
-1.090e+00
-1.090e+00
-1.090e+00
-1.090e+00
-1.090e+00
-1.090e+00
-1.090e+00
-1.090e+00
-1.090e+00
-1.090e+00
-1.090e+00
-1.090e+00
-1.090e+00
-1.090e+00
-1.090e+00
-1.081e+00
-1.102e+00
-1.090e+00
-1.090e+00
-1.090e+00
-1.090e+00
-1.090e+00
-1.090e+00
-1.090e+00
-1.090e+00
-1.090e+00
-1.090e+00
-1.090e+00
-1.090e+00
-1.090e+00
-1.090e+00
-1.090e+00
-1.090e+00
-1.090e+00
-1.090e+00
-1.090e+00
-1.081e+00
-1.102e+00
-1.090e+00
-1.090e+00
-1.090e+00
-1.090e+00
-1.090e+00
-1.090e+00
-1.090e+00
-1.090e+00
-1.090e+00
-1.090e+00
-1.090e+00
-1.090e+00
-1.090e+00
-1.090e+00
-1.090e+00
-1.090e+00
-1.090e+00
-1.090e+00
-1.090e+00
-1.081e+00
-1.102e+00
-1.090e+00
-1.090e+00
-1.090e+00
-1.090e+00
-1.090e+00
-1.090e+00
-1.090e+00
-1.090e+00
-1.090e+00
-1.090e+00
-1.090e+00
-1.090e+00
-1.090e+00
-1.090e+00
-1.090e+00
-1.090e+00
-1.090e+00
-1.090e+00
-1.090e+00
-1.081e+00
-1.102e+00
-1.090e+00
-1.090e+00
-1.090e+00
-1.090e+00
-1.090e+00
-1.090e+00
-1.090e+00
-1.090e+00
-1.090e+00
-1.090e+00
-1.090e+00
-1.090e+00
-1.090e+00
-1.090e+00
-1.090e+00
-1.090e+00
-1.090e+00
-1.090e+00
-1.090e+00
-1.081e+00
-1.102e+00
-1.090e+00
-1.090e+00
-1.090e+00
-1.090e+00
-1.090e+00
-1.090e+00
-1.090e+00
-1.090e+00
-1.090e+00
-1.090e+00
-1.090e+00
-1.090e+00
-1.090e+00
-1.090e+00
-1.090e+00
-1.090e+00
-1.090e+00
-1.090e+00
-1.090e+00
-1.081e+00
-1.090e+00
-1.081e+00
-1.081e+00
-1.081e+00
-1.081e+00
-1.081e+00
-1.081e+00
-1.081e+00
-1.081e+00
-1.081e+00
-1.081e+00
-1.081e+00
-1.081e+00
-1.081e+00
-1.081e+00
-1.081e+00
-1.081e+00
-1.081e+00
-1.081e+00
-1.081e+00
-1.077e+00
-1.046e+00
-1.046e+00
-1.046e+00
-1.046e+00
-1.046e+00
-1.046e+00
-1.046e+00
-1.046e+00
-1.046e+00
-1.046e+00
-1.046e+00
-1.046e+00
-1.046e+00
-1.046e+00
-1.046e+00
-1.046e+00
-1.046e+00
-1.046e+00
-1.046e+00
-1.046e+00
-1.046e+00
-1.046e+00
-1.046e+00
-1.046e+00
-1.046e+00
-1.046e+00
-1.046e+00
-1.046e+00
-1.046e+00
-1.046e+00
-1.046e+00
-1.046e+00
-1.046e+00
-1.046e+00
-1.046e+00
-1.046e+00
-1.046e+00
-1.046e+00
-1.046e+00
-1.046e+00
-1.046e+00
-1.046e+00
-1.046e+00
-1.046e+00
-1.046e+00
-1.046e+00
-1.046e+00
-1.046e+00
-1.046e+00
-1.046e+00
-1.046e+00
-1.046e+00
-1.046e+00
-1.046e+00
-1.046e+00
-1.046e+00
-1.046e+00
-1.046e+00
-1.046e+00
-1.046e+00
-1.046e+00
-1.046e+00
-1.046e+00
-1.046e+00
-1.046e+00
-1.046e+00
-1.046e+00
-1.046e+00
-1.046e+00
-1.046e+00
-1.046e+00
-1.046e+00
-1.046e+00
-1.046e+00
-1.046e+00
-1.046e+00
-1.046e+00
-1.046e+00
-1.046e+00
-1.046e+00
-1.046e+00
-1.046e+00
-1.046e+00
-1.046e+00
-1.046e+00
-1.046e+00
-1.046e+00
-1.046e+00
-1.046e+00
-1.046e+00
-1.046e+00
-1.046e+00
-1.046e+00
-1.046e+00
-1.046e+00
-1.046e+00
-1.046e+00
-1.046e+00
-1.046e+00
-1.046e+00
-1.046e+00
-1.046e+00
-1.046e+00
-1.046e+00
-1.046e+00
-1.046e+00
-1.046e+00
-1.046e+00
-1.046e+00
-1.046e+00
-1.046e+00
-1.046e+00
-1.046e+00
-1.046e+00
-1.046e+00
-1.046e+00
-1.046e+00
-1.046e+00
-1.046e+00
-1.046e+00
-1.046e+00
-1.046e+00
-1.046e+00
-1.046e+00
-1.046e+00
-1.046e+00
-1.046e+00
-1.046e+00
-1.046e+00
-1.046e+00
-1.046e+00
-1.046e+00
-1.046e+00
-1.046e+00
-1.046e+00
-1.046e+00
-1.046e+00
-1.046e+00
-1.046e+00
-1.046e+00
-1.046e+00
-1.046e+00
-1.046e+00
-1.046e+00
-1.046e+00
-1.046e+00
-1.046e+00
-1.046e+00
-1.046e+00
-1.046e+00
-1.046e+00
-1.046e+00
-1.046e+00
-1.046e+00
-1.046e+00
-1.046e+00
-1.046e+00
-1.046e+00
-1.046e+00
-1.046e+00
-1.046e+00
-1.046e+00
-1.046e+00
-1.046e+00
-1.046e+00
-1.046e+00
-1.046e+00
-1.046e+00
-1.046e+00
-1.046e+00
-1.046e+00
-1.046e+00
-1.046e+00
-1.046e+00
-1.046e+00
-1.046e+00
-1.046e+00
-1.046e+00
-1.046e+00
-1.046e+00
-1.046e+00
-1.046e+00
-1.046e+00
-1.046e+00
-1.046e+00
-1.046e+00
-1.046e+00
-1.046e+00
-1.046e+00
-1.046e+00
-1.046e+00
-1.046e+00
-1.046e+00
-1.046e+00
-1.046e+00
-1.046e+00
-1.046e+00
-1.046e+00
-1.046e+00
-1.046e+00
-1.046e+00
-1.046e+00
-1.046e+00
-1.046e+00
-1.046e+00
-1.046e+00
-1.046e+00
-1.046e+00
-1.046e+00
-1.046e+00
-1.046e+00
-1.046e+00
-1.046e+00
-1.046e+00
-1.046e+00
-1.046e+00
-1.046e+00
-1.046e+00
-1.046e+00
-1.046e+00
-1.046e+00
-1.046e+00
-1.046e+00
-1.046e+00
-1.046e+00
-1.046e+00
-1.046e+00
-1.046e+00
-1.046e+00
-1.046e+00
-1.046e+00
-1.046e+00
-1.046e+00
-1.046e+00
-1.046e+00
-1.046e+00
-1.046e+00
-1.046e+00
-1.046e+00
-1.046e+00
-1.046e+00
-1.046e+00
-1.046e+00
-1.046e+00
-1.046e+00
-1.046e+00
-1.046e+00
-1.046e+00
-1.046e+00
-1.046e+00
-1.046e+00
-1.046e+00
-1.046e+00
-1.046e+00
-1.046e+00
-1.046e+00
-1.046e+00
-1.046e+00
-1.046e+00
-1.046e+00
-1.046e+00
-1.046e+00
-1.046e+00
-1.046e+00
-1.046e+00
-1.046e+00
-1.046e+00
-1.046e+00
-1.046e+00
-1.046e+00
-1.046e+00
-1.046e+00
-1.046e+00
-1.046e+00
-1.046e+00
-1.046e+00
-1.046e+00
-1.046e+00
-1.046e+00
-1.046e+00
-1.046e+00
-1.046e+00
-1.046e+00
-1.046e+00
-1.046e+00
-1.046e+00
-1.046e+00
-1.046e+00
-1.046e+00
-1.046e+00
-1.046e+00
-1.046e+00
-1.046e+00
-1.046e+00
-1.046e+00
-1.046e+00
-1.046e+00
-1.046e+00
-1.046e+00
-1.046e+00
-1.046e+00
-1.046e+00
-1.046e+00
-1.046e+00
-1.046e+00
-1.046e+00
-1.046e+00
-1.046e+00
-1.046e+00
-1.046e+00
-1.046e+00
-1.046e+00
-1.046e+00
-1.046e+00
-1.046e+00
-1.046e+00
-1.046e+00
-1.046e+00
-1.046e+00
-1.046e+00
-1.046e+00
-1.046e+00
-1.046e+00
-1.046e+00
-1.046e+00
-1.046e+00
-1.046e+00
-1.046e+00
-1.046e+00
-1.046e+00
-1.046e+00
-1.046e+00
-1.046e+00
-1.046e+00
-1.046e+00
-1.046e+00
-1.046e+00
-1.046e+00
-1.046e+00
-1.046e+00
-1.046e+00
-1.046e+00
-1.046e+00
-1.046e+00
-1.046e+00
-1.046e+00
-1.046e+00
-1.046e+00
-1.046e+00
-1.046e+00
-1.046e+00
-1.046e+00
-1.046e+00
-1.046e+00
-1.046e+00
-1.046e+00
-1.046e+00
-1.046e+00
-1.046e+00
-1.046e+00
-1.046e+00
-1.046e+00
-1.046e+00
-1.046e+00
-1.046e+00
-1.046e+00
-1.046e+00
-1.046e+00
-1.046e+00
-1.046e+00
-1.046e+00
-1.046e+00
-1.046e+00
-1.046e+00
-1.046e+00
-1.046e+00
-1.046e+00
-1.046e+00
-1.046e+00
-1.046e+00
-1.046e+00
-1.046e+00
-1.046e+00
-1.046e+00
-1.046e+00
-1.046e+00
-1.046e+00
-1.046e+00
-1.046e+00
-1.046e+00
-1.046e+00
-1.046e+00
-1.046e+00
-1.046e+00
-1.046e+00
-1.046e+00
-1.046e+00
-1.046e+00
-1.046e+00
-1.046e+00
-1.046e+00
-1.046e+00
-1.046e+00
-1.046e+00
-1.046e+00
-1.046e+00
-1.046e+00
-1.046e+00
-1.046e+00
-1.046e+00
-1.046e+00
-1.046e+00
-1.046e+00
-1.046e+00
-1.046e+00
-1.046e+00
-1.046e+00
-1.046e+00
-1.046e+00
-1.046e+00
-1.046e+00
-1.046e+00
-1.046e+00
-1.046e+00
-1.046e+00
-1.046e+00
-1.046e+00
-1.046e+00
-1.046e+00
-1.046e+00
-1.046e+00
-1.046e+00
-1.046e+00
-1.046e+00
-1.046e+00
-1.046e+00
-1.046e+00
-1.046e+00
-1.046e+00
-1.046e+00
-1.046e+00
-1.021e+00
-1.021e+00
-1.021e+00
-1.021e+00
-1.021e+00
-1.021e+00
-1.021e+00
-1.021e+00
-1.021e+00
-1.021e+00
-1.021e+00
-1.021e+00
-1.021e+00
-1.021e+00
-1.021e+00
-1.021e+00
-1.021e+00
-1.021e+00
-1.021e+00
-1.021e+00
-1.017e+00
-1.021e+00
-1.017e+00
-1.017e+00
-1.017e+00
-1.017e+00
-1.017e+00
-1.017e+00
-1.017e+00
-1.017e+00
-1.017e+00
-1.017e+00
-1.017e+00
-1.017e+00
-1.017e+00
-1.017e+00
-1.017e+00
-1.017e+00
-1.017e+00
-1.017e+00
-1.017e+00
-1.017e+00
-1.021e+00
-1.017e+00
-1.017e+00
-1.017e+00
-1.017e+00
-1.017e+00
-1.017e+00
-1.017e+00
-1.017e+00
-1.017e+00
-1.017e+00
-1.017e+00
-1.017e+00
-1.017e+00
-1.017e+00
-1.017e+00
-1.017e+00
-1.017e+00
-1.017e+00
-1.017e+00
-1.017e+00
-1.021e+00
-1.017e+00
-1.017e+00
-1.017e+00
-1.017e+00
-1.017e+00
-1.017e+00
-1.017e+00
-1.017e+00
-1.017e+00
-1.017e+00
-1.017e+00
-1.017e+00
-1.017e+00
-1.017e+00
-1.017e+00
-1.017e+00
-1.017e+00
-1.017e+00
-1.017e+00
-1.017e+00
-1.021e+00
-1.017e+00
-1.017e+00
-1.017e+00
-1.017e+00
-1.017e+00
-1.017e+00
-1.017e+00
-1.017e+00
-1.017e+00
-1.017e+00
-1.017e+00
-1.017e+00
-1.017e+00
-1.017e+00
-1.017e+00
-1.017e+00
-1.017e+00
-1.017e+00
-1.017e+00
-1.017e+00
-1.021e+00
-1.017e+00
-1.017e+00
-1.017e+00
-1.017e+00
-1.017e+00
-1.017e+00
-1.017e+00
-1.017e+00
-1.017e+00
-1.017e+00
-1.017e+00
-1.017e+00
-1.017e+00
-1.017e+00
-1.017e+00
-1.017e+00
-1.017e+00
-1.017e+00
-1.017e+00
-1.017e+00
-1.021e+00
-1.017e+00
-1.017e+00
-1.017e+00
-1.017e+00
-1.017e+00
-1.017e+00
-1.017e+00
-1.017e+00
-1.017e+00
-1.017e+00
-1.017e+00
-1.017e+00
-1.017e+00
-1.017e+00
-1.017e+00
-1.017e+00
-1.017e+00
-1.017e+00
-1.017e+00
-1.017e+00
-1.021e+00
-1.017e+00
-1.017e+00
-1.017e+00
-1.017e+00
-1.017e+00
-1.017e+00
-1.017e+00
-1.017e+00
-1.017e+00
-1.017e+00
-1.017e+00
-1.017e+00
-1.017e+00
-1.017e+00
-1.017e+00
-1.017e+00
-1.017e+00
-1.017e+00
-1.017e+00
-1.017e+00
-1.021e+00
-1.017e+00
-1.017e+00
-1.017e+00
-1.017e+00
-1.017e+00
-1.017e+00
-1.017e+00
-1.017e+00
-1.017e+00
-1.017e+00
-1.017e+00
-1.017e+00
-1.017e+00
-1.017e+00
-1.017e+00
-1.017e+00
-1.017e+00
-1.017e+00
-1.017e+00
-1.017e+00
-1.021e+00
-1.017e+00
-1.017e+00
-1.017e+00
-1.017e+00
-1.017e+00
-1.017e+00
-1.017e+00
-1.017e+00
-1.017e+00
-1.017e+00
-1.017e+00
-1.017e+00
-1.017e+00
-1.017e+00
-1.017e+00
-1.017e+00
-1.017e+00
-1.017e+00
-1.017e+00
-1.017e+00
-1.021e+00
-1.017e+00
-1.017e+00
-1.017e+00
-1.017e+00
-1.017e+00
-1.017e+00
-1.017e+00
-1.017e+00
-1.017e+00
-1.017e+00
-1.017e+00
-1.017e+00
-1.017e+00
-1.017e+00
-1.017e+00
-1.017e+00
-1.017e+00
-1.017e+00
-1.017e+00
-1.017e+00
-1.021e+00
-1.017e+00
-1.017e+00
-1.017e+00
-1.017e+00
-1.017e+00
-1.017e+00
-1.017e+00
-1.017e+00
-1.017e+00
-1.017e+00
-1.017e+00
-1.017e+00
-1.017e+00
-1.017e+00
-1.017e+00
-1.017e+00
-1.017e+00
-1.017e+00
-1.017e+00
-1.017e+00
-1.021e+00
-1.017e+00
-1.017e+00
-1.017e+00
-1.017e+00
-1.017e+00
-1.017e+00
-1.017e+00
-1.017e+00
-1.017e+00
-1.017e+00
-1.017e+00
-1.017e+00
-1.017e+00
-1.017e+00
-1.017e+00
-1.017e+00
-1.017e+00
-1.017e+00
-1.017e+00
-1.017e+00
-1.021e+00
-1.017e+00
-1.017e+00
-1.017e+00
-1.017e+00
-1.017e+00
-1.017e+00
-1.017e+00
-1.017e+00
-1.017e+00
-1.017e+00
-1.017e+00
-1.017e+00
-1.017e+00
-1.017e+00
-1.017e+00
-1.017e+00
-1.017e+00
-1.017e+00
-1.017e+00
-1.017e+00
-1.021e+00
-1.017e+00
-1.017e+00
-1.017e+00
-1.017e+00
-1.017e+00
-1.017e+00
-1.017e+00
-1.017e+00
-1.017e+00
-1.017e+00
-1.017e+00
-1.017e+00
-1.017e+00
-1.017e+00
-1.017e+00
-1.017e+00
-1.017e+00
-1.017e+00
-1.017e+00
-1.017e+00
-1.021e+00
-1.017e+00
-1.017e+00
-1.017e+00
-1.017e+00
-1.017e+00
-1.017e+00
-1.017e+00
-1.017e+00
-1.017e+00
-1.017e+00
-1.017e+00
-1.017e+00
-1.017e+00
-1.017e+00
-1.017e+00
-1.017e+00
-1.017e+00
-1.017e+00
-1.017e+00
-1.017e+00
-1.021e+00
-1.017e+00
-1.017e+00
-1.017e+00
-1.017e+00
-1.017e+00
-1.017e+00
-1.017e+00
-1.017e+00
-1.017e+00
-1.017e+00
-1.017e+00
-1.017e+00
-1.017e+00
-1.017e+00
-1.017e+00
-1.017e+00
-1.017e+00
-1.017e+00
-1.017e+00
-1.017e+00
-1.021e+00
-1.017e+00
-1.017e+00
-1.017e+00
-1.017e+00
-1.017e+00
-1.017e+00
-1.017e+00
-1.017e+00
-1.017e+00
-1.017e+00
-1.017e+00
-1.017e+00
-1.017e+00
-1.017e+00
-1.017e+00
-1.017e+00
-1.017e+00
-1.017e+00
-1.017e+00
-1.017e+00
-1.021e+00
-1.017e+00
-1.017e+00
-1.017e+00
-1.017e+00
-1.017e+00
-1.017e+00
-1.017e+00
-1.017e+00
-1.017e+00
-1.017e+00
-1.017e+00
-1.017e+00
-1.017e+00
-1.017e+00
-1.017e+00
-1.017e+00
-1.017e+00
-1.017e+00
-1.017e+00
-1.017e+00
-1.021e+00
-1.017e+00
-1.017e+00
-1.017e+00
-1.017e+00
-1.017e+00
-1.017e+00
-1.017e+00
-1.017e+00
-1.017e+00
-1.017e+00
-1.017e+00
-1.017e+00
-1.017e+00
-1.017e+00
-1.017e+00
-1.017e+00
-1.017e+00
-1.017e+00
-1.017e+00
-1.017e+00
-1.017e+00
-1.017e+00
-1.017e+00
-1.017e+00
-1.017e+00
-1.017e+00
-1.017e+00
-1.017e+00
-1.017e+00
-1.017e+00
-1.017e+00
-1.017e+00
-1.017e+00
-1.017e+00
-1.017e+00
-1.017e+00
-1.017e+00
-1.017e+00
-1.017e+00
-1.017e+00
-1.017e+00
-1.000e+00
-1.000e+00
-1.000e+00
-1.000e+00
-1.000e+00
-1.000e+00
-1.000e+00
-1.000e+00
-1.000e+00
-1.000e+00
-1.000e+00
-1.000e+00
-1.000e+00
-1.000e+00
-1.000e+00
-1.000e+00
-1.000e+00
-1.000e+00
-1.000e+00
-1.000e+00
-1.000e+00
-1.000e+00
-1.000e+00
-1.000e+00
-1.000e+00
-1.000e+00
-1.000e+00
-1.000e+00
-1.000e+00
-1.000e+00
-1.000e+00
-1.000e+00
-1.000e+00
-1.000e+00
-1.000e+00
-1.000e+00
-1.000e+00
-1.000e+00
-1.000e+00
-1.000e+00
-1.000e+00
-1.000e+00
-1.000e+00
-1.000e+00
-1.000e+00
-1.000e+00
-1.000e+00
-1.000e+00
-1.000e+00
-1.000e+00
-1.000e+00
-1.000e+00
-1.000e+00
-1.000e+00
-1.000e+00
-1.000e+00
-1.000e+00
-1.000e+00
-1.000e+00
-1.000e+00
-1.000e+00
-1.000e+00
-1.000e+00
-1.000e+00
-1.000e+00
-1.000e+00
-1.000e+00
-1.000e+00
-1.000e+00
-1.000e+00
-1.000e+00
-1.000e+00
-1.000e+00
-1.000e+00
-1.000e+00
-1.000e+00
-1.000e+00
-1.000e+00
-1.000e+00
-1.000e+00
-1.000e+00
-1.000e+00
-1.000e+00
-1.000e+00
-1.000e+00
-1.000e+00
-1.000e+00
-1.000e+00
-1.000e+00
-1.000e+00
-1.000e+00
-1.000e+00
-1.000e+00
-1.000e+00
-1.000e+00
-1.000e+00
-1.000e+00
-1.000e+00
-1.000e+00
-1.000e+00
-1.000e+00
-1.000e+00
-1.000e+00
-1.000e+00
-1.000e+00
-1.000e+00
-1.000e+00
-1.000e+00
-1.000e+00
-1.000e+00
-1.000e+00
-1.000e+00
-1.000e+00
-1.000e+00
-1.000e+00
-1.000e+00
-1.000e+00
-1.000e+00
-1.000e+00
-1.000e+00
-1.000e+00
-1.000e+00
-1.000e+00
-1.000e+00
-1.000e+00
-1.000e+00
-1.000e+00
-1.000e+00
-1.000e+00
-1.000e+00
-1.000e+00
-1.000e+00
-1.000e+00
-1.000e+00
-1.000e+00
-1.000e+00
-1.000e+00
-1.000e+00
-1.000e+00
-1.000e+00
-1.000e+00
-1.000e+00
-1.000e+00
-1.000e+00
-1.000e+00
-1.000e+00
-1.000e+00
-1.000e+00
-1.000e+00
-1.000e+00
-1.000e+00
-1.000e+00
-1.000e+00
-1.000e+00
-1.000e+00
-1.000e+00
-1.000e+00
-1.000e+00
-1.000e+00
-1.000e+00
-1.000e+00
-1.000e+00
-1.000e+00
-1.000e+00
-1.000e+00
-1.000e+00
-1.000e+00
-1.000e+00
-1.000e+00
-1.000e+00
-1.000e+00
-1.000e+00
-1.000e+00
-1.000e+00
-1.000e+00
-1.000e+00
-1.000e+00
-1.000e+00
-1.000e+00
-1.000e+00
-1.000e+00
-1.000e+00
-1.000e+00
-1.000e+00
-1.000e+00
-1.000e+00
-1.000e+00
-1.000e+00
-1.000e+00
-1.000e+00
-1.000e+00
-1.000e+00
-1.000e+00
-1.000e+00
-1.000e+00
-1.000e+00
-1.000e+00
-1.000e+00
-1.000e+00
-1.000e+00
-1.000e+00
-1.000e+00
-1.000e+00
-1.000e+00
-1.000e+00
-1.000e+00
-1.000e+00
-1.000e+00
-1.000e+00
-1.000e+00
-1.000e+00
-1.000e+00
-1.000e+00
-1.000e+00
-1.000e+00
-1.000e+00
-1.000e+00
-1.000e+00
-1.000e+00
-1.000e+00
-1.000e+00
-1.000e+00
-1.000e+00
-1.000e+00
-1.000e+00
-1.000e+00
-1.000e+00
-1.000e+00
-1.000e+00
-1.000e+00
-1.000e+00
-1.000e+00
-1.000e+00
-1.000e+00
-1.000e+00
-1.000e+00
-1.000e+00
-1.000e+00
-1.000e+00
-1.000e+00
-1.000e+00
-1.000e+00
-1.000e+00
-1.000e+00
-1.000e+00
-1.000e+00
-1.000e+00
-1.000e+00
-1.000e+00
-1.000e+00
-1.000e+00
-1.000e+00
-1.000e+00
-1.000e+00
-1.000e+00
-1.000e+00
-1.000e+00
-1.000e+00
-1.000e+00
-1.000e+00
-1.000e+00
-1.000e+00
-1.000e+00
-1.000e+00
-1.000e+00
-1.000e+00
-1.000e+00
-1.000e+00
-1.000e+00
-1.000e+00
-1.000e+00
-1.000e+00
-1.000e+00
-1.000e+00
-1.000e+00
-1.000e+00
-1.000e+00
-1.000e+00
-1.000e+00
-1.000e+00
-1.000e+00
-1.000e+00
-1.000e+00
-1.000e+00
-1.000e+00
-1.000e+00
-1.000e+00
-1.000e+00
-1.000e+00
-1.000e+00
-1.000e+00
-1.000e+00
-1.000e+00
-1.000e+00
-1.000e+00
-1.000e+00
-1.000e+00
-1.000e+00
-1.000e+00
-1.000e+00
-1.000e+00
-1.000e+00
-1.000e+00
-1.000e+00
-1.000e+00
-1.000e+00
-1.000e+00
-1.000e+00
-1.000e+00
-1.000e+00
-1.000e+00
-1.000e+00
-1.000e+00
-1.000e+00
-1.000e+00
-1.000e+00
-1.000e+00
-1.000e+00
-1.000e+00
-1.000e+00
-1.000e+00
-1.000e+00
-1.000e+00
-1.000e+00
-1.000e+00
-1.000e+00
-1.000e+00
-1.000e+00
-1.000e+00
-1.000e+00
-1.000e+00
-1.000e+00
-1.000e+00
-1.000e+00
-1.000e+00
-1.000e+00
-1.000e+00
-1.000e+00
-1.000e+00
-1.000e+00
-1.000e+00
-1.000e+00
-1.000e+00
-1.000e+00
-1.000e+00
-1.000e+00
-1.000e+00
-1.000e+00
-1.000e+00
-1.000e+00
-1.000e+00
-1.000e+00
-1.000e+00
-1.000e+00
-1.000e+00
-1.000e+00
-1.000e+00
-1.000e+00
-1.000e+00
-1.000e+00
-1.000e+00
-1.000e+00
-1.000e+00
-1.000e+00
-1.000e+00
-1.000e+00
-1.000e+00
-1.000e+00
-1.000e+00
-1.000e+00
-1.000e+00
-1.000e+00
-1.000e+00
-1.000e+00
-1.000e+00
-1.000e+00
-1.000e+00
-1.000e+00
-1.000e+00
-1.000e+00
-1.000e+00
-1.000e+00
-1.000e+00
-1.000e+00
-1.000e+00
-1.000e+00
-1.000e+00
-1.000e+00
-1.000e+00
-1.000e+00
-1.000e+00
-1.000e+00
-1.000e+00
-1.000e+00
-1.000e+00
-1.000e+00
-1.000e+00
-1.000e+00
-1.000e+00
-1.000e+00
-1.000e+00
-1.000e+00
-1.000e+00
-1.000e+00
-1.000e+00
-1.000e+00
-1.000e+00
-1.000e+00
-1.000e+00
-1.000e+00
-1.000e+00
-1.000e+00
-1.000e+00
-1.000e+00
-1.000e+00
-1.000e+00
-1.000e+00
-1.000e+00
-1.000e+00
-1.000e+00
-1.000e+00
-1.000e+00
-1.000e+00
-1.000e+00
-1.000e+00
-1.000e+00
-1.000e+00
-1.000e+00
-1.000e+00
-1.000e+00
-1.000e+00
-1.000e+00
-1.000e+00
-1.000e+00
-1.000e+00
-1.000e+00
-1.000e+00
-1.000e+00
-1.000e+00
-1.000e+00
-1.000e+00
-1.000e+00
-1.000e+00
-1.000e+00
-1.000e+00
-1.000e+00
-1.000e+00
-1.000e+00
-1.000e+00
-1.000e+00
-1.000e+00
-1.000e+00
-1.000e+00
-1.000e+00
-1.000e+00
-1.000e+00
-1.000e+00
-1.000e+00
-1.000e+00
-1.000e+00
-1.000e+00
-1.000e+00
-1.000e+00
-1.000e+00
-1.000e+00
-1.000e+00
-1.000e+00
-1.000e+00
-1.000e+00
-1.000e+00
-1.000e+00
-1.000e+00
-1.000e+00
-1.000e+00
-1.000e+00
-1.000e+00
-1.000e+00
-1.000e+00
-1.000e+00
-1.000e+00
-1.000e+00
-1.000e+00
-1.000e+00
-1.000e+00
-1.000e+00
-1.000e+00
-1.000e+00
-1.000e+00
-1.000e+00
-1.000e+00
-1.000e+00
-1.000e+00
-1.000e+00
-1.000e+00
-1.000e+00
-1.000e+00
-1.000e+00
-1.000e+00
-1.000e+00
-1.000e+00
-1.000e+00
-1.000e+00
-1.000e+00
-1.000e+00
-1.000e+00
-1.000e+00
-1.000e+00
-1.000e+00
-1.000e+00
-1.000e+00
-1.000e+00
-1.000e+00
-1.000e+00
-1.000e+00
-1.000e+00
-1.000e+00
-1.000e+00
-1.000e+00
-1.000e+00
-1.000e+00
-1.000e+00
-1.000e+00
-1.000e+00
-1.000e+00
-1.000e+00
-1.000e+00
-1.000e+00
-1.000e+00
-1.000e+00
-1.000e+00
-1.000e+00
-1.000e+00
-1.000e+00
-1.000e+00
-1.000e+00
-1.000e+00
-1.000e+00
-1.000e+00
-1.000e+00
-1.000e+00
-1.000e+00
-1.000e+00
-1.000e+00
-1.000e+00
-1.000e+00
-1.000e+00
-1.000e+00
-1.000e+00
-1.000e+00
-1.000e+00
-1.000e+00
-1.000e+00
-1.000e+00
-1.000e+00
-1.000e+00
-1.000e+00
-1.000e+00
-1.000e+00
-1.000e+00
-1.000e+00
-1.000e+00
-1.000e+00
-1.000e+00
-1.000e+00
-1.000e+00
-1.000e+00
-1.000e+00
-1.000e+00
-1.000e+00
-1.000e+00
-1.000e+00
-1.000e+00
-1.000e+00
-1.000e+00
-1.000e+00
-1.000e+00
-1.000e+00
-1.000e+00
-1.000e+00
-1.000e+00
-1.000e+00
-1.000e+00
-1.000e+00
-1.000e+00
-1.000e+00
-1.000e+00
-1.000e+00
-1.000e+00
-1.000e+00
-1.000e+00
-1.000e+00
-1.000e+00
-1.000e+00
-1.000e+00
-1.000e+00
-1.000e+00
-1.000e+00
-1.000e+00
-1.000e+00
-1.000e+00
-1.000e+00
-1.000e+00
-1.000e+00
-1.000e+00
-1.000e+00
-1.000e+00
-1.000e+00
-1.000e+00
-1.000e+00
-1.000e+00
-1.000e+00
-1.000e+00
-1.000e+00
-1.000e+00
-1.000e+00
-1.000e+00
-1.000e+00
-1.000e+00
-1.000e+00
-1.000e+00
-1.000e+00
-1.000e+00
-1.000e+00
-1.000e+00
-1.000e+00
-1.000e+00
-1.000e+00
-1.000e+00
-1.000e+00
-1.000e+00
-1.000e+00
-1.000e+00
-1.000e+00
-1.000e+00
-1.000e+00
-1.000e+00
-1.000e+00
-1.000e+00
-1.000e+00
-1.000e+00
-1.000e+00
-1.000e+00
-1.000e+00
-1.000e+00
-1.000e+00
-1.000e+00
-1.000e+00
-1.000e+00
-1.000e+00
-1.000e+00
-1.000e+00
-1.000e+00
-1.000e+00
-1.000e+00
-1.000e+00
-1.000e+00
-1.000e+00
-1.000e+00
-1.000e+00
-1.000e+00
-1.000e+00
-1.000e+00
-1.000e+00
-1.000e+00
-1.000e+00
-1.000e+00
-1.000e+00
-1.000e+00
-1.000e+00
-1.000e+00
-1.000e+00
-1.000e+00
-1.000e+00
-1.000e+00
-1.000e+00
-1.000e+00
-1.000e+00
-1.000e+00
-1.000e+00
-1.000e+00
-1.000e+00
-1.000e+00
-1.000e+00
-1.000e+00
-1.000e+00
-1.000e+00
-1.000e+00
-1.000e+00
-1.000e+00
-1.000e+00
-1.000e+00
-1.000e+00
-1.000e+00
-1.000e+00
-1.000e+00
-1.000e+00
-1.000e+00
-1.000e+00
-1.000e+00
-1.000e+00
-1.000e+00
-1.000e+00
-1.000e+00
-1.000e+00
-1.000e+00
-1.000e+00
-1.000e+00
-1.000e+00
-1.000e+00
-1.000e+00
-1.000e+00
-1.000e+00
-1.000e+00
-1.000e+00
-1.000e+00
-1.000e+00
-1.000e+00
-1.000e+00
-1.000e+00
-1.000e+00
-1.000e+00
-1.000e+00
-1.000e+00
-1.000e+00
-1.000e+00
-1.000e+00
-1.000e+00
-1.000e+00
-1.000e+00
-1.000e+00
-1.000e+00
-1.000e+00
-1.000e+00
-1.000e+00
-1.000e+00
-1.000e+00
-1.000e+00
-1.000e+00
-1.000e+00
-1.000e+00
-1.000e+00
-1.000e+00
-1.000e+00
-1.000e+00
-1.000e+00
-1.000e+00
-1.000e+00
-1.000e+00
-1.000e+00
-1.000e+00
-1.000e+00
-1.000e+00
-1.000e+00
-1.000e+00
-1.000e+00
-1.000e+00
-1.000e+00
-1.000e+00
-1.000e+00
-1.000e+00
-1.000e+00
-1.000e+00
-1.000e+00
-1.000e+00
-1.000e+00
-1.000e+00
-1.000e+00
-1.000e+00
-1.000e+00
-1.000e+00
-1.000e+00
-1.000e+00
-1.000e+00
-1.000e+00
-1.000e+00
-1.000e+00
-1.000e+00
-1.000e+00
-1.000e+00
-1.000e+00
-1.000e+00
-1.000e+00
-1.000e+00
-1.000e+00
-1.000e+00
-1.000e+00
-1.000e+00
-1.000e+00
-1.000e+00
-1.000e+00
-1.000e+00
-1.000e+00
-1.000e+00
-1.000e+00
-1.000e+00
-1.000e+00
-1.000e+00
-1.000e+00
-1.000e+00
-1.000e+00
-1.000e+00
-1.000e+00
-1.000e+00
-1.000e+00
-1.000e+00
-1.000e+00
-1.000e+00
-1.000e+00
-1.000e+00
-1.000e+00
-1.000e+00
-1.000e+00
-1.000e+00
-1.000e+00
-1.000e+00
-1.000e+00
-1.000e+00
-1.000e+00
-1.000e+00
-1.000e+00
-1.000e+00
-1.000e+00
-1.000e+00
-1.000e+00
-1.000e+00
-1.000e+00
-1.000e+00
-1.000e+00
-1.000e+00
-1.000e+00
-1.000e+00
-1.000e+00
-1.000e+00
-1.000e+00
-1.000e+00
-1.000e+00
-1.000e+00
-1.000e+00
-1.000e+00
-1.000e+00
-1.000e+00
-1.000e+00
-1.000e+00
-1.000e+00
-1.000e+00
-1.000e+00
-1.000e+00
-1.000e+00
-1.000e+00
-1.000e+00
-1.000e+00
-1.000e+00
-1.000e+00
-1.000e+00
-1.000e+00
-1.000e+00
-1.000e+00
-1.000e+00
-1.000e+00
-1.000e+00
-1.000e+00
-1.000e+00
-1.000e+00
-1.000e+00
-1.000e+00
-1.000e+00
-1.000e+00
-1.000e+00
-1.000e+00
-1.000e+00
-1.000e+00
-1.000e+00
-1.000e+00
-1.000e+00
-1.000e+00
-1.000e+00
-1.000e+00
-1.000e+00
-1.000e+00
-1.000e+00
-1.000e+00
-1.000e+00
-9.988e-01
-9.988e-01
-9.988e-01
-9.988e-01
-9.988e-01
-9.988e-01
-9.988e-01
-9.988e-01
-9.988e-01
-9.988e-01
-9.988e-01
-9.988e-01
-9.988e-01
-9.988e-01
-9.988e-01
-9.988e-01
-9.988e-01
-9.988e-01
-9.988e-01
-9.988e-01
-9.982e-01
-9.988e-01
-9.982e-01
-9.982e-01
-9.982e-01
-9.982e-01
-9.982e-01
-9.982e-01
-9.982e-01
-9.982e-01
-9.982e-01
-9.982e-01
-9.982e-01
-9.982e-01
-9.982e-01
-9.982e-01
-9.982e-01
-9.982e-01
-9.982e-01
-9.982e-01
-9.982e-01
-9.976e-01
-9.988e-01
-9.982e-01
-9.982e-01
-9.982e-01
-9.982e-01
-9.982e-01
-9.982e-01
-9.982e-01
-9.982e-01
-9.982e-01
-9.982e-01
-9.982e-01
-9.982e-01
-9.982e-01
-9.982e-01
-9.982e-01
-9.982e-01
-9.982e-01
-9.982e-01
-9.982e-01
-9.976e-01
-9.988e-01
-9.982e-01
-9.982e-01
-9.982e-01
-9.982e-01
-9.982e-01
-9.982e-01
-9.982e-01
-9.982e-01
-9.982e-01
-9.982e-01
-9.982e-01
-9.982e-01
-9.982e-01
-9.982e-01
-9.982e-01
-9.982e-01
-9.982e-01
-9.982e-01
-9.982e-01
-9.976e-01
-9.988e-01
-9.982e-01
-9.982e-01
-9.982e-01
-9.982e-01
-9.982e-01
-9.982e-01
-9.982e-01
-9.982e-01
-9.982e-01
-9.982e-01
-9.982e-01
-9.982e-01
-9.982e-01
-9.982e-01
-9.982e-01
-9.982e-01
-9.982e-01
-9.982e-01
-9.982e-01
-9.976e-01
-9.988e-01
-9.982e-01
-9.982e-01
-9.982e-01
-9.982e-01
-9.982e-01
-9.982e-01
-9.982e-01
-9.982e-01
-9.982e-01
-9.982e-01
-9.982e-01
-9.982e-01
-9.982e-01
-9.982e-01
-9.982e-01
-9.982e-01
-9.982e-01
-9.982e-01
-9.982e-01
-9.976e-01
-9.988e-01
-9.982e-01
-9.982e-01
-9.982e-01
-9.982e-01
-9.982e-01
-9.982e-01
-9.982e-01
-9.982e-01
-9.982e-01
-9.982e-01
-9.982e-01
-9.982e-01
-9.982e-01
-9.982e-01
-9.982e-01
-9.982e-01
-9.982e-01
-9.982e-01
-9.982e-01
-9.976e-01
-9.988e-01
-9.982e-01
-9.982e-01
-9.982e-01
-9.982e-01
-9.982e-01
-9.982e-01
-9.982e-01
-9.982e-01
-9.982e-01
-9.982e-01
-9.982e-01
-9.982e-01
-9.982e-01
-9.982e-01
-9.982e-01
-9.982e-01
-9.982e-01
-9.982e-01
-9.982e-01
-9.976e-01
-9.988e-01
-9.982e-01
-9.982e-01
-9.982e-01
-9.982e-01
-9.982e-01
-9.982e-01
-9.982e-01
-9.982e-01
-9.982e-01
-9.982e-01
-9.982e-01
-9.982e-01
-9.982e-01
-9.982e-01
-9.982e-01
-9.982e-01
-9.982e-01
-9.982e-01
-9.982e-01
-9.976e-01
-9.988e-01
-9.982e-01
-9.982e-01
-9.982e-01
-9.982e-01
-9.982e-01
-9.982e-01
-9.982e-01
-9.982e-01
-9.982e-01
-9.982e-01
-9.982e-01
-9.982e-01
-9.982e-01
-9.982e-01
-9.982e-01
-9.982e-01
-9.982e-01
-9.982e-01
-9.982e-01
-9.976e-01
-9.988e-01
-9.982e-01
-9.982e-01
-9.982e-01
-9.982e-01
-9.982e-01
-9.982e-01
-9.982e-01
-9.982e-01
-9.982e-01
-9.982e-01
-9.982e-01
-9.982e-01
-9.982e-01
-9.982e-01
-9.982e-01
-9.982e-01
-9.982e-01
-9.982e-01
-9.982e-01
-9.976e-01
-9.988e-01
-9.982e-01
-9.982e-01
-9.982e-01
-9.982e-01
-9.982e-01
-9.982e-01
-9.982e-01
-9.982e-01
-9.982e-01
-9.982e-01
-9.982e-01
-9.982e-01
-9.982e-01
-9.982e-01
-9.982e-01
-9.982e-01
-9.982e-01
-9.982e-01
-9.982e-01
-9.976e-01
-9.988e-01
-9.982e-01
-9.982e-01
-9.982e-01
-9.982e-01
-9.982e-01
-9.982e-01
-9.982e-01
-9.982e-01
-9.982e-01
-9.982e-01
-9.982e-01
-9.982e-01
-9.982e-01
-9.982e-01
-9.982e-01
-9.982e-01
-9.982e-01
-9.982e-01
-9.982e-01
-9.976e-01
-9.988e-01
-9.982e-01
-9.982e-01
-9.982e-01
-9.982e-01
-9.982e-01
-9.982e-01
-9.982e-01
-9.982e-01
-9.982e-01
-9.982e-01
-9.982e-01
-9.982e-01
-9.982e-01
-9.982e-01
-9.982e-01
-9.982e-01
-9.982e-01
-9.982e-01
-9.982e-01
-9.976e-01
-9.988e-01
-9.982e-01
-9.982e-01
-9.982e-01
-9.982e-01
-9.982e-01
-9.982e-01
-9.982e-01
-9.982e-01
-9.982e-01
-9.982e-01
-9.982e-01
-9.982e-01
-9.982e-01
-9.982e-01
-9.982e-01
-9.982e-01
-9.982e-01
-9.982e-01
-9.982e-01
-9.976e-01
-9.988e-01
-9.982e-01
-9.982e-01
-9.982e-01
-9.982e-01
-9.982e-01
-9.982e-01
-9.982e-01
-9.982e-01
-9.982e-01
-9.982e-01
-9.982e-01
-9.982e-01
-9.982e-01
-9.982e-01
-9.982e-01
-9.982e-01
-9.982e-01
-9.982e-01
-9.982e-01
-9.976e-01
-9.988e-01
-9.982e-01
-9.982e-01
-9.982e-01
-9.982e-01
-9.982e-01
-9.982e-01
-9.982e-01
-9.982e-01
-9.982e-01
-9.982e-01
-9.982e-01
-9.982e-01
-9.982e-01
-9.982e-01
-9.982e-01
-9.982e-01
-9.982e-01
-9.982e-01
-9.982e-01
-9.976e-01
-9.988e-01
-9.982e-01
-9.982e-01
-9.982e-01
-9.982e-01
-9.982e-01
-9.982e-01
-9.982e-01
-9.982e-01
-9.982e-01
-9.982e-01
-9.982e-01
-9.982e-01
-9.982e-01
-9.982e-01
-9.982e-01
-9.982e-01
-9.982e-01
-9.982e-01
-9.982e-01
-9.976e-01
-9.988e-01
-9.982e-01
-9.982e-01
-9.982e-01
-9.982e-01
-9.982e-01
-9.982e-01
-9.982e-01
-9.982e-01
-9.982e-01
-9.982e-01
-9.982e-01
-9.982e-01
-9.982e-01
-9.982e-01
-9.982e-01
-9.982e-01
-9.982e-01
-9.982e-01
-9.982e-01
-9.976e-01
-9.988e-01
-9.982e-01
-9.982e-01
-9.982e-01
-9.982e-01
-9.982e-01
-9.982e-01
-9.982e-01
-9.982e-01
-9.982e-01
-9.982e-01
-9.982e-01
-9.982e-01
-9.982e-01
-9.982e-01
-9.982e-01
-9.982e-01
-9.982e-01
-9.982e-01
-9.982e-01
-9.976e-01
-9.982e-01
-9.976e-01
-9.976e-01
-9.976e-01
-9.976e-01
-9.976e-01
-9.976e-01
-9.976e-01
-9.976e-01
-9.976e-01
-9.976e-01
-9.976e-01
-9.976e-01
-9.976e-01
-9.976e-01
-9.976e-01
-9.976e-01
-9.976e-01
-9.976e-01
-9.976e-01
-9.970e-01
