     IOPT   (1 PICARD, 2 NEWTON)             =      1
     NLRELX (0 NORELX,1 CONS RELX,2 VAR RELX)=      0
     KSLOPE (0 ANA, 1 KSL/ANA, 2 KSL/C-DIFF,
             3 LOC KSL/ANA, 4 LOC TAN-SLOPE) =      0
     TOLUNS (TOLERANCE FOR NONLINEAR ITER)   =     1.00000E-04
     TOLSWI (TOLERANCE FOR BC SWITCHING)     =     1.00000E+30
     L2NORM (0 INFINITY NORM, ELSE L2 NORM)  =      0

 nlinr  linr converg error norms  node   PNEW at   POLD at   resid error norms
  iter  iter       PL2      PINF IKMAX     IKMAX     IKMAX       FL2      FINF
 =============================================================================
                        (NSTEP:     1  DELTAT:   1.0000E+00  TIME:   1.0000E+00)
     1     1 2.787E-04 7.927E-06  3529 -1.38E+00 -1.38E+00 1.666E-07 4.378E-09
                        (NSTEP:     2  DELTAT:   1.1000E+00  TIME:   2.1000E+00)
     1     1 3.066E-04 8.720E-06  3529 -1.38E+00 -1.38E+00 1.666E-07 4.378E-09
                        (NSTEP:     3  DELTAT:   1.2100E+00  TIME:   3.3100E+00)
     1     1 3.372E-04 9.592E-06  3529 -1.38E+00 -1.38E+00 1.666E-07 4.378E-09
                        (NSTEP:     4  DELTAT:   1.3310E+00  TIME:   4.6410E+00)
     1     1 3.709E-04 1.055E-05  3529 -1.38E+00 -1.38E+00 1.666E-07 4.378E-09
                        (NSTEP:     5  DELTAT:   1.4641E+00  TIME:   6.1051E+00)
     1     1 4.080E-04 1.161E-05  3529 -1.38E+00 -1.38E+00 1.666E-07 4.378E-09
                        (NSTEP:     6  DELTAT:   1.6105E+00  TIME:   7.7156E+00)
     1     1 4.488E-04 1.277E-05  3529 -1.38E+00 -1.38E+00 1.666E-07 4.378E-09
                        (NSTEP:     7  DELTAT:   1.7716E+00  TIME:   9.4872E+00)
     1     1 4.937E-04 1.404E-05  3529 -1.38E+00 -1.38E+00 1.666E-07 4.378E-09
                        (NSTEP:     8  DELTAT:   1.9487E+00  TIME:   1.1436E+01)
     1     1 5.431E-04 1.545E-05  3529 -1.38E+00 -1.38E+00 1.666E-07 4.378E-09
                        (NSTEP:     9  DELTAT:   2.1436E+00  TIME:   1.3579E+01)
     1     1 5.974E-04 1.699E-05  3529 -1.38E+00 -1.38E+00 1.666E-07 4.378E-09
                        (NSTEP:    10  DELTAT:   2.3579E+00  TIME:   1.5937E+01)
     1     1 6.572E-04 1.869E-05  3529 -1.38E+00 -1.38E+00 1.666E-07 4.378E-09
                        (NSTEP:    11  DELTAT:   2.5937E+00  TIME:   1.8531E+01)
     1     1 7.229E-04 2.056E-05  3529 -1.38E+00 -1.38E+00 1.666E-07 4.378E-09
                        (NSTEP:    12  DELTAT:   2.8531E+00  TIME:   2.1384E+01)
     1     1 7.952E-04 2.262E-05  3529 -1.38E+00 -1.38E+00 1.666E-07 4.378E-09
                        (NSTEP:    13  DELTAT:   3.1384E+00  TIME:   2.4523E+01)
     1     1 8.748E-04 2.488E-05  3529 -1.38E+00 -1.38E+00 1.666E-07 4.378E-09
                        (NSTEP:    14  DELTAT:   3.4523E+00  TIME:   2.7975E+01)
     1     1 9.622E-04 2.737E-05  3529 -1.38E+00 -1.38E+00 1.666E-07 4.378E-09
                        (NSTEP:    15  DELTAT:   3.7975E+00  TIME:   3.1772E+01)
     1     1 1.058E-03 3.011E-05  3529 -1.38E+00 -1.38E+00 1.666E-07 4.378E-09
                        (NSTEP:    16  DELTAT:   4.1772E+00  TIME:   3.5950E+01)
     1     1 1.164E-03 3.312E-05  3529 -1.38E+00 -1.38E+00 1.666E-07 4.378E-09
                        (NSTEP:    17  DELTAT:   4.5950E+00  TIME:   4.0545E+01)
     1     1 1.281E-03 3.643E-05  3529 -1.38E+00 -1.38E+00 1.666E-07 4.378E-09
                        (NSTEP:    18  DELTAT:   5.0545E+00  TIME:   4.5599E+01)
     1     1 1.409E-03 4.008E-05  3529 -1.38E+00 -1.38E+00 1.666E-07 4.378E-09
                        (NSTEP:    19  DELTAT:   5.5599E+00  TIME:   5.1159E+01)
     1     1 1.550E-03 4.409E-05  3529 -1.38E+00 -1.38E+00 1.666E-07 4.378E-09
                        (NSTEP:    20  DELTAT:   6.1159E+00  TIME:   5.7275E+01)
     1     1 1.705E-03 4.850E-05  3529 -1.38E+00 -1.38E+00 1.666E-07 4.378E-09
                        (NSTEP:    21  DELTAT:   6.7275E+00  TIME:   6.4002E+01)
     1     1 1.876E-03 5.335E-05  3529 -1.38E+00 -1.38E+00 1.666E-07 4.378E-09
                        (NSTEP:    22  DELTAT:   7.4002E+00  TIME:   7.1403E+01)
     1     1 2.063E-03 5.869E-05  3529 -1.38E+00 -1.38E+00 1.666E-07 4.378E-09
                        (NSTEP:    23  DELTAT:   8.1403E+00  TIME:   7.9543E+01)
     1     1 2.270E-03 6.456E-05  3529 -1.38E+00 -1.38E+00 1.666E-07 4.378E-09
                        (NSTEP:    24  DELTAT:   8.9543E+00  TIME:   8.8497E+01)
     1     1 2.497E-03 7.102E-05  3529 -1.38E+00 -1.38E+00 1.666E-07 4.378E-09
                        (NSTEP:    25  DELTAT:   9.8497E+00  TIME:   9.8347E+01)
     1     1 2.747E-03 7.813E-05  3529 -1.38E+00 -1.38E+00 1.666E-07 4.378E-09
                        (NSTEP:    26  DELTAT:   1.0835E+01  TIME:   1.0918E+02)
     1     1 3.021E-03 8.595E-05  3529 -1.38E+00 -1.38E+00 1.666E-07 4.378E-09
                        (NSTEP:    27  DELTAT:   1.1918E+01  TIME:   1.2110E+02)
     1     1 3.324E-03 9.456E-05  3529 -1.38E+00 -1.38E+00 1.666E-07 4.378E-09
                        (NSTEP:    28  DELTAT:   1.3110E+01  TIME:   1.3421E+02)
     1     1 3.656E-03 1.040E-04  3529 -1.38E+00 -1.38E+00 1.666E-07 4.378E-09
     2     1 2.697E-07 1.076E-08  2647 -9.68E-01 -9.68E-01 8.393E-12 2.824E-13
                        (NSTEP:    29  DELTAT:   1.4421E+01  TIME:   1.4863E+02)
     1     1 4.022E-03 1.144E-04  3529 -1.38E+00 -1.38E+00 1.666E-07 4.378E-09
     2     1 3.263E-07 1.302E-08  2647 -9.68E-01 -9.68E-01 9.231E-12 3.105E-13
                        (NSTEP:    30  DELTAT:   1.5863E+01  TIME:   1.6449E+02)
     1     1 4.425E-03 1.259E-04  3529 -1.38E+00 -1.38E+00 1.666E-07 4.378E-09
     2     1 3.948E-07 1.576E-08  2647 -9.68E-01 -9.68E-01 1.015E-11 3.414E-13
                        (NSTEP:    31  DELTAT:   1.7449E+01  TIME:   1.8194E+02)
     1     1 4.868E-03 1.385E-04  3529 -1.38E+00 -1.38E+00 1.666E-07 4.378E-09
     2     1 4.776E-07 1.906E-08  2647 -9.68E-01 -9.68E-01 1.116E-11 3.753E-13
                        (NSTEP:    32  DELTAT:   1.9194E+01  TIME:   2.0114E+02)
     1     1 5.356E-03 1.524E-04  3529 -1.38E+00 -1.38E+00 1.666E-07 4.378E-09
     2     1 5.778E-07 2.306E-08  2647 -9.68E-01 -9.68E-01 1.228E-11 4.126E-13
                        (NSTEP:    33  DELTAT:   2.1114E+01  TIME:   2.2225E+02)
     1     1 5.892E-03 1.676E-04  3529 -1.38E+00 -1.38E+00 1.666E-07 4.378E-09
     2     1 6.990E-07 2.790E-08  2647 -9.68E-01 -9.68E-01 1.350E-11 4.536E-13
                        (NSTEP:    34  DELTAT:   2.3225E+01  TIME:   2.4548E+02)
     1     1 6.482E-03 1.844E-04  3529 -1.38E+00 -1.38E+00 1.666E-07 4.378E-09
     2     1 8.456E-07 3.375E-08  2647 -9.68E-01 -9.68E-01 1.485E-11 4.986E-13
                        (NSTEP:    35  DELTAT:   2.5548E+01  TIME:   2.7102E+02)
     1     1 7.131E-03 2.029E-04  3529 -1.38E+00 -1.38E+00 1.666E-07 4.378E-09
     2     1 1.023E-06 4.083E-08  2647 -9.68E-01 -9.68E-01 1.633E-11 5.480E-13
                        (NSTEP:    36  DELTAT:   2.8102E+01  TIME:   2.9913E+02)
     1     1 7.846E-03 2.232E-04  3529 -1.38E+00 -1.38E+00 1.666E-07 4.378E-09
     2     1 1.237E-06 4.940E-08  2647 -9.68E-01 -9.68E-01 1.796E-11 6.023E-13
                        (NSTEP:    37  DELTAT:   3.0913E+01  TIME:   3.3004E+02)
     1     1 8.632E-03 2.456E-04  3529 -1.38E+00 -1.38E+00 1.666E-07 4.378E-09
     2     1 1.497E-06 5.976E-08  2647 -9.68E-01 -9.68E-01 1.975E-11 6.618E-13
                        (NSTEP:    38  DELTAT:   3.4004E+01  TIME:   3.6404E+02)
     1     1 9.497E-03 2.703E-04  3529 -1.38E+00 -1.38E+00 1.666E-07 4.378E-09
     2     1 1.811E-06 7.229E-08  2647 -9.68E-01 -9.68E-01 2.171E-11 7.273E-13
                        (NSTEP:    39  DELTAT:   3.7404E+01  TIME:   4.0145E+02)
     1     1 1.045E-02 2.974E-04  3529 -1.38E+00 -1.38E+00 1.666E-07 4.378E-09
     2     1 2.190E-06 8.744E-08  2647 -9.68E-01 -9.68E-01 2.388E-11 7.990E-13
                        (NSTEP:    40  DELTAT:   4.1145E+01  TIME:   4.4259E+02)
     1     1 1.150E-02 3.272E-04  3529 -1.38E+00 -1.38E+00 1.666E-07 4.378E-09
     2     1 2.649E-06 1.058E-07  2647 -9.68E-01 -9.68E-01 2.625E-11 8.778E-13
                        (NSTEP:    41  DELTAT:   4.5259E+01  TIME:   4.8785E+02)
     1     1 1.265E-02 3.600E-04  3529 -1.38E+00 -1.38E+00 1.666E-07 4.378E-09
     2     1 3.204E-06 1.279E-07  2647 -9.68E-01 -9.68E-01 2.886E-11 9.642E-13
                        (NSTEP:    42  DELTAT:   4.9785E+01  TIME:   5.3764E+02)
     1     1 1.392E-02 3.962E-04  3529 -1.38E+00 -1.38E+00 1.666E-07 4.378E-09
     2     1 3.874E-06 1.547E-07  2647 -9.68E-01 -9.68E-01 3.173E-11 1.059E-12
                        (NSTEP:    43  DELTAT:   5.4764E+01  TIME:   5.9240E+02)
     1     1 1.531E-02 4.360E-04  3529 -1.38E+00 -1.38E+00 1.666E-07 4.378E-09
     2     1 4.686E-06 1.872E-07  2647 -9.68E-01 -9.68E-01 3.489E-11 1.163E-12
                        (NSTEP:    44  DELTAT:   6.0240E+01  TIME:   6.5264E+02)
     1     1 1.685E-02 4.798E-04  3529 -1.38E+00 -1.38E+00 1.666E-07 4.378E-09
     2     1 5.666E-06 2.264E-07  2647 -9.68E-01 -9.68E-01 3.835E-11 1.277E-12
                        (NSTEP:    45  DELTAT:   6.6264E+01  TIME:   7.1890E+02)
     1     1 1.854E-02 5.280E-04  3529 -1.38E+00 -1.38E+00 1.666E-07 4.378E-09
     2     1 6.852E-06 2.738E-07  2647 -9.69E-01 -9.69E-01 4.216E-11 1.402E-12
                        (NSTEP:    46  DELTAT:   7.2890E+01  TIME:   7.9180E+02)
     1     1 2.040E-02 5.811E-04  3529 -1.38E+00 -1.38E+00 1.666E-07 4.378E-09
     2     1 8.285E-06 3.311E-07  2647 -9.69E-01 -9.69E-01 4.634E-11 1.538E-12
                        (NSTEP:    47  DELTAT:   8.0180E+01  TIME:   8.7197E+02)
     1     1 2.245E-02 6.396E-04  3529 -1.38E+00 -1.38E+00 1.666E-07 4.378E-09
     2     1 1.002E-05 4.004E-07  2647 -9.69E-01 -9.69E-01 5.093E-11 1.688E-12
                        (NSTEP:    48  DELTAT:   8.8197E+01  TIME:   9.6017E+02)
     1     1 2.471E-02 7.040E-04  3529 -1.38E+00 -1.38E+00 1.666E-07 4.378E-09
     2     1 1.211E-05 4.841E-07  2647 -9.69E-01 -9.69E-01 5.597E-11 1.852E-12
                        (NSTEP:    49  DELTAT:   9.7017E+01  TIME:   1.0572E+03)
     1     1 2.719E-02 7.750E-04  3529 -1.39E+00 -1.38E+00 1.666E-07 4.378E-09
     2     1 1.464E-05 5.853E-07  2647 -9.69E-01 -9.69E-01 6.150E-11 2.031E-12
                        (NSTEP:    50  DELTAT:   1.0672E+02  TIME:   1.1639E+03)
     1     1 2.993E-02 8.532E-04  3529 -1.39E+00 -1.39E+00 1.666E-07 4.378E-09
     2     1 1.770E-05 7.077E-07  2647 -9.69E-01 -9.69E-01 6.758E-11 2.226E-12
                        (NSTEP:    51  DELTAT:   1.1739E+02  TIME:   1.2813E+03)
     1     1 3.294E-02 9.393E-04  3529 -1.39E+00 -1.39E+00 1.666E-07 4.378E-09
     2     1 2.139E-05 8.555E-07  2647 -9.70E-01 -9.70E-01 7.425E-11 2.440E-12
                        (NSTEP:    52  DELTAT:   1.2913E+02  TIME:   1.4104E+03)
     1     1 3.626E-02 1.034E-03  3529 -1.39E+00 -1.39E+00 1.666E-07 4.378E-09
     2     1 2.585E-05 1.034E-06  2647 -9.70E-01 -9.70E-01 8.157E-11 2.674E-12
                        (NSTEP:    53  DELTAT:   1.4204E+02  TIME:   1.5525E+03)
     1     1 3.992E-02 1.139E-03  3529 -1.39E+00 -1.39E+00 1.666E-07 4.378E-09
     2     1 3.125E-05 1.250E-06  2647 -9.70E-01 -9.70E-01 8.960E-11 2.928E-12
                        (NSTEP:    54  DELTAT:   1.5625E+02  TIME:   1.7087E+03)
     1     1 4.394E-02 1.254E-03  3529 -1.39E+00 -1.39E+00 1.666E-07 4.378E-09
     2     1 3.776E-05 1.511E-06  2647 -9.70E-01 -9.70E-01 9.840E-11 3.206E-12
                        (NSTEP:    55  DELTAT:   1.7187E+02  TIME:   1.8806E+03)
     1     1 4.838E-02 1.381E-03  3529 -1.39E+00 -1.39E+00 1.666E-07 4.378E-09
     2     1 4.562E-05 1.825E-06  2647 -9.71E-01 -9.71E-01 1.081E-10 3.508E-12
                        (NSTEP:    56  DELTAT:   1.8906E+02  TIME:   2.0697E+03)
     1     1 5.327E-02 1.521E-03  3529 -1.39E+00 -1.39E+00 1.665E-07 4.378E-09
     2     1 5.511E-05 2.206E-06  2647 -9.71E-01 -9.71E-01 1.186E-10 3.836E-12
                        (NSTEP:    57  DELTAT:   2.0797E+02  TIME:   2.2776E+03)
     1     1 5.866E-02 1.676E-03  3529 -1.40E+00 -1.39E+00 1.665E-07 4.378E-09
     2     1 6.656E-05 2.664E-06  2647 -9.71E-01 -9.71E-01 1.303E-10 4.193E-12
                        (NSTEP:    58  DELTAT:   2.2876E+02  TIME:   2.5064E+03)
     1     1 6.460E-02 1.847E-03  3529 -1.40E+00 -1.40E+00 1.665E-07 4.378E-09
     2     1 8.039E-05 3.218E-06  2647 -9.72E-01 -9.72E-01 1.430E-10 4.580E-12
                        (NSTEP:    59  DELTAT:   2.5164E+02  TIME:   2.7580E+03)
     1     1 7.115E-02 2.035E-03  3529 -1.40E+00 -1.40E+00 1.665E-07 4.378E-09
     2     1 9.708E-05 3.886E-06  2647 -9.72E-01 -9.72E-01 1.569E-10 5.000E-12
                        (NSTEP:    60  DELTAT:   2.7680E+02  TIME:   3.0348E+03)
     1     1 7.837E-02 2.243E-03  3529 -1.40E+00 -1.40E+00 1.665E-07 4.378E-09
     2     1 1.172E-04 4.692E-06  2647 -9.73E-01 -9.73E-01 1.721E-10 5.455E-12
                        (NSTEP:    61  DELTAT:   3.0448E+02  TIME:   3.3393E+03)
     1     1 8.634E-02 2.473E-03  3529 -1.40E+00 -1.40E+00 1.665E-07 4.378E-09
     2     1 1.415E-04 5.664E-06  2647 -9.74E-01 -9.74E-01 1.888E-10 5.946E-12
                        (NSTEP:    62  DELTAT:   3.3493E+02  TIME:   3.6742E+03)
     1     1 9.514E-02 2.727E-03  3529 -1.41E+00 -1.40E+00 1.665E-07 4.378E-09
     2     1 1.708E-04 6.836E-06  2647 -9.74E-01 -9.74E-01 2.071E-10 6.475E-12
                        (NSTEP:    63  DELTAT:   3.6842E+02  TIME:   4.0427E+03)
     1     1 1.049E-01 3.008E-03  3529 -1.41E+00 -1.41E+00 1.665E-07 4.378E-09
     2     1 2.061E-04 8.247E-06  2647 -9.75E-01 -9.75E-01 2.270E-10 7.045E-12
                        (NSTEP:    64  DELTAT:   4.0527E+02  TIME:   4.4479E+03)
     1     1 1.156E-01 3.319E-03  3529 -1.41E+00 -1.41E+00 1.664E-07 4.378E-09
     2     1 2.487E-04 9.947E-06  2647 -9.76E-01 -9.76E-01 2.489E-10 7.658E-12
                        (NSTEP:    65  DELTAT:   4.4579E+02  TIME:   4.8937E+03)
     1     1 1.274E-01 3.663E-03  3529 -1.42E+00 -1.41E+00 1.664E-07 4.378E-09
     2     1 3.001E-04 1.199E-05  2647 -9.77E-01 -9.77E-01 2.727E-10 8.314E-12
                        (NSTEP:    66  DELTAT:   4.9037E+02  TIME:   5.3841E+03)
     1     1 1.405E-01 4.044E-03  3529 -1.42E+00 -1.42E+00 1.664E-07 4.378E-09
     2     1 3.620E-04 1.446E-05  2647 -9.78E-01 -9.78E-01 2.988E-10 9.016E-12
                        (NSTEP:    67  DELTAT:   5.3941E+02  TIME:   5.9235E+03)
     1     1 1.550E-01 4.466E-03  3529 -1.43E+00 -1.42E+00 1.664E-07 4.379E-09
     2     1 4.365E-04 1.742E-05  2647 -9.79E-01 -9.79E-01 3.273E-10 9.764E-12
                        (NSTEP:    68  DELTAT:   5.9335E+02  TIME:   6.5168E+03)
     1     1 1.710E-01 4.934E-03  3529 -1.43E+00 -1.43E+00 1.664E-07 4.379E-09
     2     1 5.264E-04 2.098E-05  2647 -9.81E-01 -9.80E-01 3.583E-10 1.056E-11
                        (NSTEP:    69  DELTAT:   6.5268E+02  TIME:   7.1695E+03)
     1     1 1.888E-01 5.454E-03  3529 -1.44E+00 -1.43E+00 1.663E-07 4.379E-09
     2     1 6.347E-04 2.526E-05  2647 -9.82E-01 -9.82E-01 3.922E-10 1.140E-11
                        (NSTEP:    70  DELTAT:   7.1795E+02  TIME:   7.8875E+03)
     1     1 2.085E-01 6.032E-03  3529 -1.44E+00 -1.44E+00 1.663E-07 4.379E-09
     2     1 7.652E-04 3.039E-05  2647 -9.84E-01 -9.84E-01 4.292E-10 1.229E-11
                        (NSTEP:    71  DELTAT:   7.8975E+02  TIME:   8.6772E+03)
     1     1 2.303E-01 6.674E-03  3529 -1.45E+00 -1.44E+00 1.663E-07 4.379E-09
     2     1 9.225E-04 3.655E-05  2647 -9.86E-01 -9.86E-01 4.695E-10 1.323E-11
                        (NSTEP:    72  DELTAT:   4.6139E+02  TIME:   9.1386E+03)
     1     1 1.352E-01 3.926E-03  3529 -1.45E+00 -1.45E+00 1.663E-07 4.379E-09
     2     1 3.155E-04 1.250E-05  2647 -9.87E-01 -9.87E-01 2.737E-10 7.738E-12
                        (NSTEP:    73  DELTAT:   4.6139E+02  TIME:   9.6000E+03)
     1     1 1.356E-01 3.941E-03  3529 -1.46E+00 -1.45E+00 1.662E-07 4.379E-09
     2     1 3.150E-04 1.247E-05  2647 -9.88E-01 -9.88E-01 2.729E-10 7.737E-12
