1	0	INDP	IPOND
-2.000e+02
-2.001e+02
-2.001e+02
-2.001e+02
-2.001e+02
-2.001e+02
-2.001e+02
-2.001e+02
-2.001e+02
-2.001e+02
-2.001e+02
-2.001e+02
-2.001e+02
-2.001e+02
-2.001e+02
-2.001e+02
-2.001e+02
-2.001e+02
-2.001e+02
-2.003e+02
-1.997e+02
-2.001e+02
-1.997e+02
-1.997e+02
-1.997e+02
-1.997e+02
-1.997e+02
-1.997e+02
-1.997e+02
-1.997e+02
-1.997e+02
-1.997e+02
-1.997e+02
-1.997e+02
-1.997e+02
-1.997e+02
-1.997e+02
-1.997e+02
-1.997e+02
-1.997e+02
-1.997e+02
-1.410e+02
-2.001e+02
-1.997e+02
-1.997e+02
-1.997e+02
-1.997e+02
-1.997e+02
-1.997e+02
-1.997e+02
-1.997e+02
-1.997e+02
-1.997e+02
-1.997e+02
-1.997e+02
-1.997e+02
-1.997e+02
-1.997e+02
-1.997e+02
-1.997e+02
-1.997e+02
-1.997e+02
-1.428e+02
-2.001e+02
-1.997e+02
-1.997e+02
-1.997e+02
-1.997e+02
-1.997e+02
-1.997e+02
-1.997e+02
-1.997e+02
-1.997e+02
-1.997e+02
-1.997e+02
-1.997e+02
-1.997e+02
-1.997e+02
-1.997e+02
-1.997e+02
-1.997e+02
-1.997e+02
-1.997e+02
-1.428e+02
-2.001e+02
-1.997e+02
-1.997e+02
-1.997e+02
-1.997e+02
-1.997e+02
-1.997e+02
-1.997e+02
-1.997e+02
-1.997e+02
-1.997e+02
-1.997e+02
-1.997e+02
-1.997e+02
-1.997e+02
-1.997e+02
-1.997e+02
-1.997e+02
-1.997e+02
-1.997e+02
-1.428e+02
-2.001e+02
-1.997e+02
-1.997e+02
-1.997e+02
-1.997e+02
-1.997e+02
-1.997e+02
-1.997e+02
-1.997e+02
-1.997e+02
-1.997e+02
-1.997e+02
-1.997e+02
-1.997e+02
-1.997e+02
-1.997e+02
-1.997e+02
-1.997e+02
-1.997e+02
-1.997e+02
-1.428e+02
-2.001e+02
-1.997e+02
-1.997e+02
-1.997e+02
-1.997e+02
-1.997e+02
-1.997e+02
-1.997e+02
-1.997e+02
-1.997e+02
-1.997e+02
-1.997e+02
-1.997e+02
-1.997e+02
-1.997e+02
-1.997e+02
-1.997e+02
-1.997e+02
-1.997e+02
-1.997e+02
-1.428e+02
-2.001e+02
-1.997e+02
-1.997e+02
-1.997e+02
-1.997e+02
-1.997e+02
-1.997e+02
-1.997e+02
-1.997e+02
-1.997e+02
-1.997e+02
-1.997e+02
-1.997e+02
-1.997e+02
-1.997e+02
-1.997e+02
-1.997e+02
-1.997e+02
-1.997e+02
-1.997e+02
-1.428e+02
-2.001e+02
-1.997e+02
-1.997e+02
-1.997e+02
-1.997e+02
-1.997e+02
-1.997e+02
-1.997e+02
-1.997e+02
-1.997e+02
-1.997e+02
-1.997e+02
-1.997e+02
-1.997e+02
-1.997e+02
-1.997e+02
-1.997e+02
-1.997e+02
-1.997e+02
-1.997e+02
-1.428e+02
-2.001e+02
-1.996e+02
-1.996e+02
-1.996e+02
-1.996e+02
-1.996e+02
-1.996e+02
-1.996e+02
-1.996e+02
-1.996e+02
-1.996e+02
-1.996e+02
-1.996e+02
-1.996e+02
-1.996e+02
-1.996e+02
-1.996e+02
-1.996e+02
-1.996e+02
-1.996e+02
-1.423e+02
-2.001e+02
-2.000e+02
-2.000e+02
-2.000e+02
-2.000e+02
-2.000e+02
-2.000e+02
-2.000e+02
-2.000e+02
-2.000e+02
-2.000e+02
-2.000e+02
-2.000e+02
-2.000e+02
-2.000e+02
-2.000e+02
-2.000e+02
-2.000e+02
-2.000e+02
-2.000e+02
-2.000e+02
-2.013e+02
-2.010e+02
-2.010e+02
-2.010e+02
-2.010e+02
-2.010e+02
-2.010e+02
-2.010e+02
-2.010e+02
-2.010e+02
-2.010e+02
-2.010e+02
-2.010e+02
-2.010e+02
-2.010e+02
-2.010e+02
-2.010e+02
-2.010e+02
-2.010e+02
-2.010e+02
-2.001e+02
-2.013e+02
-2.010e+02
-2.010e+02
-2.010e+02
-2.010e+02
-2.010e+02
-2.010e+02
-2.010e+02
-2.010e+02
-2.010e+02
-2.010e+02
-2.010e+02
-2.010e+02
-2.010e+02
-2.010e+02
-2.010e+02
-2.010e+02
-2.010e+02
-2.010e+02
-2.010e+02
-2.001e+02
-2.013e+02
-2.010e+02
-2.010e+02
-2.010e+02
-2.010e+02
-2.010e+02
-2.010e+02
-2.010e+02
-2.010e+02
-2.010e+02
-2.010e+02
-2.010e+02
-2.010e+02
-2.010e+02
-2.010e+02
-2.010e+02
-2.010e+02
-2.010e+02
-2.010e+02
-2.010e+02
-2.001e+02
-2.013e+02
-2.010e+02
-2.010e+02
-2.010e+02
-2.010e+02
-2.010e+02
-2.010e+02
-2.010e+02
-2.010e+02
-2.010e+02
-2.010e+02
-2.010e+02
-2.010e+02
-2.010e+02
-2.010e+02
-2.010e+02
-2.010e+02
-2.010e+02
-2.010e+02
-2.010e+02
-2.001e+02
-2.013e+02
-2.010e+02
-2.010e+02
-2.010e+02
-2.010e+02
-2.010e+02
-2.010e+02
-2.010e+02
-2.010e+02
-2.010e+02
-2.010e+02
-2.010e+02
-2.010e+02
-2.010e+02
-2.010e+02
-2.010e+02
-2.010e+02
-2.010e+02
-2.010e+02
-2.010e+02
-2.001e+02
-2.013e+02
-2.010e+02
-2.010e+02
-2.010e+02
-2.010e+02
-2.010e+02
-2.010e+02
-2.010e+02
-2.010e+02
-2.010e+02
-2.010e+02
-2.010e+02
-2.010e+02
-2.010e+02
-2.010e+02
-2.010e+02
-2.010e+02
-2.010e+02
-2.010e+02
-2.010e+02
-2.001e+02
-2.013e+02
-2.010e+02
-2.010e+02
-2.010e+02
-2.010e+02
-2.010e+02
-2.010e+02
-2.010e+02
-2.010e+02
-2.010e+02
-2.010e+02
-2.010e+02
-2.010e+02
-2.010e+02
-2.010e+02
-2.010e+02
-2.010e+02
-2.010e+02
-2.010e+02
-2.010e+02
-2.001e+02
-2.013e+02
-2.010e+02
-2.010e+02
-2.010e+02
-2.010e+02
-2.010e+02
-2.010e+02
-2.010e+02
-2.010e+02
-2.010e+02
-2.010e+02
-2.010e+02
-2.010e+02
-2.010e+02
-2.010e+02
-2.010e+02
-2.010e+02
-2.010e+02
-2.010e+02
-2.010e+02
-2.001e+02
-2.014e+02
-2.010e+02
-2.010e+02
-2.010e+02
-2.010e+02
-2.010e+02
-2.010e+02
-2.010e+02
-2.010e+02
-2.010e+02
-2.010e+02
-2.010e+02
-2.010e+02
-2.010e+02
-2.010e+02
-2.010e+02
-2.010e+02
-2.010e+02
-2.010e+02
-2.010e+02
-2.001e+02
-2.010e+02
-2.001e+02
-2.001e+02
-2.001e+02
-2.001e+02
-2.001e+02
-2.001e+02
-2.001e+02
-2.001e+02
-2.001e+02
-2.001e+02
-2.001e+02
-2.001e+02
-2.001e+02
-2.001e+02
-2.001e+02
-2.001e+02
-2.001e+02
-2.001e+02
-2.001e+02
-2.001e+02
-2.001e+02
-2.004e+02
-2.004e+02
-2.004e+02
-2.004e+02
-2.004e+02
-2.004e+02
-2.004e+02
-2.004e+02
-2.004e+02
-2.004e+02
-2.004e+02
-2.004e+02
-2.004e+02
-2.004e+02
-2.004e+02
-2.004e+02
-2.004e+02
-2.004e+02
-2.003e+02
-1.996e+02
-2.004e+02
-1.996e+02
-1.996e+02
-1.996e+02
-1.996e+02
-1.996e+02
-1.996e+02
-1.996e+02
-1.996e+02
-1.996e+02
-1.996e+02
-1.996e+02
-1.996e+02
-1.996e+02
-1.996e+02
-1.996e+02
-1.996e+02
-1.996e+02
-1.996e+02
-1.996e+02
-1.893e+02
-2.004e+02
-1.996e+02
-1.996e+02
-1.996e+02
-1.996e+02
-1.996e+02
-1.996e+02
-1.996e+02
-1.996e+02
-1.996e+02
-1.996e+02
-1.996e+02
-1.996e+02
-1.996e+02
-1.996e+02
-1.996e+02
-1.996e+02
-1.996e+02
-1.996e+02
-1.996e+02
-1.894e+02
-2.004e+02
-1.996e+02
-1.996e+02
-1.996e+02
-1.996e+02
-1.996e+02
-1.996e+02
-1.996e+02
-1.996e+02
-1.996e+02
-1.996e+02
-1.996e+02
-1.996e+02
-1.996e+02
-1.996e+02
-1.996e+02
-1.996e+02
-1.996e+02
-1.996e+02
-1.996e+02
-1.894e+02
-2.004e+02
-1.996e+02
-1.996e+02
-1.996e+02
-1.996e+02
-1.996e+02
-1.996e+02
-1.996e+02
-1.996e+02
-1.996e+02
-1.996e+02
-1.996e+02
-1.996e+02
-1.996e+02
-1.996e+02
-1.996e+02
-1.996e+02
-1.996e+02
-1.996e+02
-1.996e+02
-1.894e+02
-2.004e+02
-1.996e+02
-1.996e+02
-1.996e+02
-1.996e+02
-1.996e+02
-1.996e+02
-1.996e+02
-1.996e+02
-1.996e+02
-1.996e+02
-1.996e+02
-1.996e+02
-1.996e+02
-1.996e+02
-1.996e+02
-1.996e+02
-1.996e+02
-1.996e+02
-1.996e+02
-1.894e+02
-2.004e+02
-1.996e+02
-1.996e+02
-1.996e+02
-1.996e+02
-1.996e+02
-1.996e+02
-1.996e+02
-1.996e+02
-1.996e+02
-1.996e+02
-1.996e+02
-1.996e+02
-1.996e+02
-1.996e+02
-1.996e+02
-1.996e+02
-1.996e+02
-1.996e+02
-1.996e+02
-1.894e+02
-2.004e+02
-1.996e+02
-1.996e+02
-1.996e+02
-1.996e+02
-1.996e+02
-1.996e+02
-1.996e+02
-1.996e+02
-1.996e+02
-1.996e+02
-1.996e+02
-1.996e+02
-1.996e+02
-1.996e+02
-1.996e+02
-1.996e+02
-1.996e+02
-1.996e+02
-1.996e+02
-1.894e+02
-2.004e+02
-1.996e+02
-1.996e+02
-1.996e+02
-1.996e+02
-1.996e+02
-1.996e+02
-1.996e+02
-1.996e+02
-1.996e+02
-1.996e+02
-1.996e+02
-1.996e+02
-1.996e+02
-1.996e+02
-1.996e+02
-1.996e+02
-1.996e+02
-1.996e+02
-1.996e+02
-1.894e+02
-2.004e+02
-1.995e+02
-1.996e+02
-1.996e+02
-1.996e+02
-1.996e+02
-1.996e+02
-1.996e+02
-1.996e+02
-1.996e+02
-1.996e+02
-1.996e+02
-1.996e+02
-1.996e+02
-1.996e+02
-1.996e+02
-1.996e+02
-1.996e+02
-1.996e+02
-1.996e+02
-1.898e+02
-2.000e+02
-2.000e+02
-2.000e+02
-2.000e+02
-2.000e+02
-2.000e+02
-2.000e+02
-2.000e+02
-2.000e+02
-2.000e+02
-2.000e+02
-2.000e+02
-2.000e+02
-2.000e+02
-2.000e+02
-2.000e+02
-2.000e+02
-2.000e+02
-2.000e+02
-2.000e+02
-2.000e+02
-2.010e+02
-2.009e+02
-2.009e+02
-2.009e+02
-2.009e+02
-2.009e+02
-2.009e+02
-2.009e+02
-2.009e+02
-2.009e+02
-2.009e+02
-2.009e+02
-2.009e+02
-2.009e+02
-2.009e+02
-2.009e+02
-2.009e+02
-2.009e+02
-2.009e+02
-2.009e+02
-2.007e+02
-2.010e+02
-2.009e+02
-2.009e+02
-2.009e+02
-2.009e+02
-2.009e+02
-2.009e+02
-2.009e+02
-2.009e+02
-2.009e+02
-2.009e+02
-2.009e+02
-2.009e+02
-2.009e+02
-2.009e+02
-2.009e+02
-2.009e+02
-2.009e+02
-2.009e+02
-2.009e+02
-2.007e+02
-2.010e+02
-2.009e+02
-2.009e+02
-2.009e+02
-2.009e+02
-2.009e+02
-2.009e+02
-2.009e+02
-2.009e+02
-2.009e+02
-2.009e+02
-2.009e+02
-2.009e+02
-2.009e+02
-2.009e+02
-2.009e+02
-2.009e+02
-2.009e+02
-2.009e+02
-2.009e+02
-2.007e+02
-2.010e+02
-2.009e+02
-2.009e+02
-2.009e+02
-2.009e+02
-2.009e+02
-2.009e+02
-2.009e+02
-2.009e+02
-2.009e+02
-2.009e+02
-2.009e+02
-2.009e+02
-2.009e+02
-2.009e+02
-2.009e+02
-2.009e+02
-2.009e+02
-2.009e+02
-2.009e+02
-2.007e+02
-2.010e+02
-2.009e+02
-2.009e+02
-2.009e+02
-2.009e+02
-2.009e+02
-2.009e+02
-2.009e+02
-2.009e+02
-2.009e+02
-2.009e+02
-2.009e+02
-2.009e+02
-2.009e+02
-2.009e+02
-2.009e+02
-2.009e+02
-2.009e+02
-2.009e+02
-2.009e+02
-2.007e+02
-2.010e+02
-2.009e+02
-2.009e+02
-2.009e+02
-2.009e+02
-2.009e+02
-2.009e+02
-2.009e+02
-2.009e+02
-2.009e+02
-2.009e+02
-2.009e+02
-2.009e+02
-2.009e+02
-2.009e+02
-2.009e+02
-2.009e+02
-2.009e+02
-2.009e+02
-2.009e+02
-2.007e+02
-2.010e+02
-2.009e+02
-2.009e+02
-2.009e+02
-2.009e+02
-2.009e+02
-2.009e+02
-2.009e+02
-2.009e+02
-2.009e+02
-2.009e+02
-2.009e+02
-2.009e+02
-2.009e+02
-2.009e+02
-2.009e+02
-2.009e+02
-2.009e+02
-2.009e+02
-2.009e+02
-2.007e+02
-2.010e+02
-2.009e+02
-2.009e+02
-2.009e+02
-2.009e+02
-2.009e+02
-2.009e+02
-2.009e+02
-2.009e+02
-2.009e+02
-2.009e+02
-2.009e+02
-2.009e+02
-2.009e+02
-2.009e+02
-2.009e+02
-2.009e+02
-2.009e+02
-2.009e+02
-2.009e+02
-2.007e+02
-2.010e+02
-2.009e+02
-2.009e+02
-2.009e+02
-2.009e+02
-2.009e+02
-2.009e+02
-2.009e+02
-2.009e+02
-2.009e+02
-2.009e+02
-2.009e+02
-2.009e+02
-2.009e+02
-2.009e+02
-2.009e+02
-2.009e+02
-2.009e+02
-2.009e+02
-2.009e+02
-2.007e+02
-2.009e+02
-2.007e+02
-2.007e+02
-2.007e+02
-2.007e+02
-2.007e+02
-2.007e+02
-2.007e+02
-2.007e+02
-2.007e+02
-2.007e+02
-2.007e+02
-2.007e+02
-2.007e+02
-2.007e+02
-2.007e+02
-2.007e+02
-2.007e+02
-2.007e+02
-2.007e+02
-2.006e+02
-2.006e+02
-2.008e+02
-2.008e+02
-2.008e+02
-2.008e+02
-2.008e+02
-2.008e+02
-2.008e+02
-2.008e+02
-2.008e+02
-2.008e+02
-2.008e+02
-2.008e+02
-2.008e+02
-2.008e+02
-2.008e+02
-2.008e+02
-2.008e+02
-2.008e+02
-2.008e+02
-2.005e+02
-2.008e+02
-2.005e+02
-2.005e+02
-2.005e+02
-2.005e+02
-2.005e+02
-2.005e+02
-2.005e+02
-2.005e+02
-2.005e+02
-2.005e+02
-2.005e+02
-2.005e+02
-2.005e+02
-2.005e+02
-2.005e+02
-2.005e+02
-2.005e+02
-2.005e+02
-2.005e+02
-1.991e+02
-2.008e+02
-2.005e+02
-2.005e+02
-2.005e+02
-2.005e+02
-2.005e+02
-2.005e+02
-2.005e+02
-2.005e+02
-2.005e+02
-2.005e+02
-2.005e+02
-2.005e+02
-2.005e+02
-2.005e+02
-2.005e+02
-2.005e+02
-2.005e+02
-2.005e+02
-2.005e+02
-1.991e+02
-2.008e+02
-2.005e+02
-2.005e+02
-2.005e+02
-2.005e+02
-2.005e+02
-2.005e+02
-2.005e+02
-2.005e+02
-2.005e+02
-2.005e+02
-2.005e+02
-2.005e+02
-2.005e+02
-2.005e+02
-2.005e+02
-2.005e+02
-2.005e+02
-2.005e+02
-2.005e+02
-1.991e+02
-2.008e+02
-2.005e+02
-2.005e+02
-2.005e+02
-2.005e+02
-2.005e+02
-2.005e+02
-2.005e+02
-2.005e+02
-2.005e+02
-2.005e+02
-2.005e+02
-2.005e+02
-2.005e+02
-2.005e+02
-2.005e+02
-2.005e+02
-2.005e+02
-2.005e+02
-2.005e+02
-1.991e+02
-2.008e+02
-2.005e+02
-2.005e+02
-2.005e+02
-2.005e+02
-2.005e+02
-2.005e+02
-2.005e+02
-2.005e+02
-2.005e+02
-2.005e+02
-2.005e+02
-2.005e+02
-2.005e+02
-2.005e+02
-2.005e+02
-2.005e+02
-2.005e+02
-2.005e+02
-2.005e+02
-1.991e+02
-2.008e+02
-2.005e+02
-2.005e+02
-2.005e+02
-2.005e+02
-2.005e+02
-2.005e+02
-2.005e+02
-2.005e+02
-2.005e+02
-2.005e+02
-2.005e+02
-2.005e+02
-2.005e+02
-2.005e+02
-2.005e+02
-2.005e+02
-2.005e+02
-2.005e+02
-2.005e+02
-1.991e+02
-2.008e+02
-2.005e+02
-2.005e+02
-2.005e+02
-2.005e+02
-2.005e+02
-2.005e+02
-2.005e+02
-2.005e+02
-2.005e+02
-2.005e+02
-2.005e+02
-2.005e+02
-2.005e+02
-2.005e+02
-2.005e+02
-2.005e+02
-2.005e+02
-2.005e+02
-2.005e+02
-1.991e+02
-2.008e+02
-2.005e+02
-2.005e+02
-2.005e+02
-2.005e+02
-2.005e+02
-2.005e+02
-2.005e+02
-2.005e+02
-2.005e+02
-2.005e+02
-2.005e+02
-2.005e+02
-2.005e+02
-2.005e+02
-2.005e+02
-2.005e+02
-2.005e+02
-2.005e+02
-2.005e+02
-1.991e+02
-2.008e+02
-2.007e+02
-2.007e+02
-2.007e+02
-2.007e+02
-2.007e+02
-2.007e+02
-2.007e+02
-2.007e+02
-2.007e+02
-2.007e+02
-2.007e+02
-2.007e+02
-2.007e+02
-2.007e+02
-2.007e+02
-2.007e+02
-2.007e+02
-2.007e+02
-2.007e+02
-1.994e+02
-2.000e+02
-2.000e+02
-2.000e+02
-2.000e+02
-2.000e+02
-2.000e+02
-2.000e+02
-2.000e+02
-2.000e+02
-2.000e+02
-2.000e+02
-2.000e+02
-2.000e+02
-2.000e+02
-2.000e+02
-2.000e+02
-2.000e+02
-2.000e+02
-2.000e+02
-2.000e+02
-2.001e+02
-2.010e+02
-2.007e+02
-2.007e+02
-2.007e+02
-2.007e+02
-2.007e+02
-2.007e+02
-2.007e+02
-2.007e+02
-2.007e+02
-2.007e+02
-2.007e+02
-2.007e+02
-2.007e+02
-2.007e+02
-2.007e+02
-2.007e+02
-2.007e+02
-2.007e+02
-2.007e+02
-2.006e+02
-2.010e+02
-2.007e+02
-2.007e+02
-2.007e+02
-2.007e+02
-2.007e+02
-2.007e+02
-2.007e+02
-2.007e+02
-2.007e+02
-2.007e+02
-2.007e+02
-2.007e+02
-2.007e+02
-2.007e+02
-2.007e+02
-2.007e+02
-2.007e+02
-2.007e+02
-2.007e+02
-2.006e+02
-2.010e+02
-2.007e+02
-2.007e+02
-2.007e+02
-2.007e+02
-2.007e+02
-2.007e+02
-2.007e+02
-2.007e+02
-2.007e+02
-2.007e+02
-2.007e+02
-2.007e+02
-2.007e+02
-2.007e+02
-2.007e+02
-2.007e+02
-2.007e+02
-2.007e+02
-2.007e+02
-2.006e+02
-2.010e+02
-2.007e+02
-2.007e+02
-2.007e+02
-2.007e+02
-2.007e+02
-2.007e+02
-2.007e+02
-2.007e+02
-2.007e+02
-2.007e+02
-2.007e+02
-2.007e+02
-2.007e+02
-2.007e+02
-2.007e+02
-2.007e+02
-2.007e+02
-2.007e+02
-2.007e+02
-2.006e+02
-2.010e+02
-2.007e+02
-2.007e+02
-2.007e+02
-2.007e+02
-2.007e+02
-2.007e+02
-2.007e+02
-2.007e+02
-2.007e+02
-2.007e+02
-2.007e+02
-2.007e+02
-2.007e+02
-2.007e+02
-2.007e+02
-2.007e+02
-2.007e+02
-2.007e+02
-2.007e+02
-2.006e+02
-2.010e+02
-2.007e+02
-2.007e+02
-2.007e+02
-2.007e+02
-2.007e+02
-2.007e+02
-2.007e+02
-2.007e+02
-2.007e+02
-2.007e+02
-2.007e+02
-2.007e+02
-2.007e+02
-2.007e+02
-2.007e+02
-2.007e+02
-2.007e+02
-2.007e+02
-2.007e+02
-2.006e+02
-2.010e+02
-2.007e+02
-2.007e+02
-2.007e+02
-2.007e+02
-2.007e+02
-2.007e+02
-2.007e+02
-2.007e+02
-2.007e+02
-2.007e+02
-2.007e+02
-2.007e+02
-2.007e+02
-2.007e+02
-2.007e+02
-2.007e+02
-2.007e+02
-2.007e+02
-2.007e+02
-2.006e+02
-2.010e+02
-2.007e+02
-2.007e+02
-2.007e+02
-2.007e+02
-2.007e+02
-2.007e+02
-2.007e+02
-2.007e+02
-2.007e+02
-2.007e+02
-2.007e+02
-2.007e+02
-2.007e+02
-2.007e+02
-2.007e+02
-2.007e+02
-2.007e+02
-2.007e+02
-2.007e+02
-2.006e+02
-2.010e+02
-2.007e+02
-2.007e+02
-2.007e+02
-2.007e+02
-2.007e+02
-2.007e+02
-2.007e+02
-2.007e+02
-2.007e+02
-2.007e+02
-2.007e+02
-2.007e+02
-2.007e+02
-2.007e+02
-2.007e+02
-2.007e+02
-2.007e+02
-2.007e+02
-2.007e+02
-2.006e+02
-2.007e+02
-2.006e+02
-2.006e+02
-2.006e+02
-2.006e+02
-2.006e+02
-2.006e+02
-2.006e+02
-2.006e+02
-2.006e+02
-2.006e+02
-2.006e+02
-2.006e+02
-2.006e+02
-2.006e+02
-2.006e+02
-2.006e+02
-2.006e+02
-2.006e+02
-2.006e+02
-2.005e+02
-2.010e+02
-2.010e+02
-2.010e+02
-2.010e+02
-2.010e+02
-2.010e+02
-2.010e+02
-2.010e+02
-2.010e+02
-2.010e+02
-2.010e+02
-2.010e+02
-2.010e+02
-2.010e+02
-2.010e+02
-2.010e+02
-2.010e+02
-2.010e+02
-2.010e+02
-2.010e+02
-2.008e+02
-2.010e+02
-2.008e+02
-2.008e+02
-2.008e+02
-2.008e+02
-2.008e+02
-2.008e+02
-2.008e+02
-2.008e+02
-2.008e+02
-2.008e+02
-2.008e+02
-2.008e+02
-2.008e+02
-2.008e+02
-2.008e+02
-2.008e+02
-2.008e+02
-2.008e+02
-2.008e+02
-1.996e+02
-2.010e+02
-2.008e+02
-2.008e+02
-2.008e+02
-2.008e+02
-2.008e+02
-2.008e+02
-2.008e+02
-2.008e+02
-2.008e+02
-2.008e+02
-2.008e+02
-2.008e+02
-2.008e+02
-2.008e+02
-2.008e+02
-2.008e+02
-2.008e+02
-2.008e+02
-2.008e+02
-1.996e+02
-2.010e+02
-2.008e+02
-2.008e+02
-2.008e+02
-2.008e+02
-2.008e+02
-2.008e+02
-2.008e+02
-2.008e+02
-2.008e+02
-2.008e+02
-2.008e+02
-2.008e+02
-2.008e+02
-2.008e+02
-2.008e+02
-2.008e+02
-2.008e+02
-2.008e+02
-2.008e+02
-1.996e+02
-2.010e+02
-2.008e+02
-2.008e+02
-2.008e+02
-2.008e+02
-2.008e+02
-2.008e+02
-2.008e+02
-2.008e+02
-2.008e+02
-2.008e+02
-2.008e+02
-2.008e+02
-2.008e+02
-2.008e+02
-2.008e+02
-2.008e+02
-2.008e+02
-2.008e+02
-2.008e+02
-1.996e+02
-2.010e+02
-2.008e+02
-2.008e+02
-2.008e+02
-2.008e+02
-2.008e+02
-2.008e+02
-2.008e+02
-2.008e+02
-2.008e+02
-2.008e+02
-2.008e+02
-2.008e+02
-2.008e+02
-2.008e+02
-2.008e+02
-2.008e+02
-2.008e+02
-2.008e+02
-2.008e+02
-1.996e+02
-2.010e+02
-2.008e+02
-2.008e+02
-2.008e+02
-2.008e+02
-2.008e+02
-2.008e+02
-2.008e+02
-2.008e+02
-2.008e+02
-2.008e+02
-2.008e+02
-2.008e+02
-2.008e+02
-2.008e+02
-2.008e+02
-2.008e+02
-2.008e+02
-2.008e+02
-2.008e+02
-1.996e+02
-2.010e+02
-2.008e+02
-2.008e+02
-2.008e+02
-2.008e+02
-2.008e+02
-2.008e+02
-2.008e+02
-2.008e+02
-2.008e+02
-2.008e+02
-2.008e+02
-2.008e+02
-2.008e+02
-2.008e+02
-2.008e+02
-2.008e+02
-2.008e+02
-2.008e+02
-2.008e+02
-1.996e+02
-2.010e+02
-2.008e+02
-2.008e+02
-2.008e+02
-2.008e+02
-2.008e+02
-2.008e+02
-2.008e+02
-2.008e+02
-2.008e+02
-2.008e+02
-2.008e+02
-2.008e+02
-2.008e+02
-2.008e+02
-2.008e+02
-2.008e+02
-2.008e+02
-2.008e+02
-2.008e+02
-1.996e+02
-2.011e+02
-2.008e+02
-2.008e+02
-2.008e+02
-2.008e+02
-2.008e+02
-2.008e+02
-2.008e+02
-2.008e+02
-2.008e+02
-2.008e+02
-2.008e+02
-2.008e+02
-2.008e+02
-2.008e+02
-2.008e+02
-2.008e+02
-2.008e+02
-2.008e+02
-2.008e+02
-1.997e+02
-2.000e+02
-2.001e+02
-2.001e+02
-2.001e+02
-2.001e+02
-2.001e+02
-2.001e+02
-2.001e+02
-2.001e+02
-2.001e+02
-2.001e+02
-2.001e+02
-2.001e+02
-2.001e+02
-2.001e+02
-2.001e+02
-2.001e+02
-2.001e+02
-2.001e+02
-2.001e+02
-2.001e+02
-2.000e+02
-2.000e+02
-2.000e+02
-2.000e+02
-2.000e+02
-2.000e+02
-2.000e+02
-2.000e+02
-2.000e+02
-2.000e+02
-2.000e+02
-2.000e+02
-2.000e+02
-2.000e+02
-2.000e+02
-2.000e+02
-2.000e+02
-2.000e+02
-2.000e+02
-2.000e+02
-2.000e+02
-2.000e+02
-2.000e+02
-2.000e+02
-2.000e+02
-2.000e+02
-2.000e+02
-2.000e+02
-2.000e+02
-2.000e+02
-2.000e+02
-2.000e+02
-2.000e+02
-2.000e+02
-2.000e+02
-2.000e+02
-2.000e+02
-2.000e+02
-2.000e+02
-2.000e+02
-2.000e+02
-2.000e+02
-2.000e+02
-2.000e+02
-2.000e+02
-2.000e+02
-2.000e+02
-2.000e+02
-2.000e+02
-2.000e+02
-2.000e+02
-2.000e+02
-2.000e+02
-2.000e+02
-2.000e+02
-2.000e+02
-2.000e+02
-2.000e+02
-2.000e+02
-2.000e+02
-2.000e+02
-2.000e+02
-2.000e+02
-2.000e+02
-2.000e+02
-2.000e+02
-2.000e+02
-2.000e+02
-2.000e+02
-2.000e+02
-2.000e+02
-2.000e+02
-2.000e+02
-2.000e+02
-2.000e+02
-2.000e+02
-2.000e+02
-2.000e+02
-2.000e+02
-2.000e+02
-2.000e+02
-2.000e+02
-2.000e+02
-2.000e+02
-2.000e+02
-2.000e+02
-2.000e+02
-2.000e+02
-2.000e+02
-2.000e+02
-2.000e+02
-2.000e+02
-2.000e+02
-2.000e+02
-2.000e+02
-2.000e+02
-2.000e+02
-2.000e+02
-2.000e+02
-2.000e+02
-2.000e+02
-2.000e+02
-2.000e+02
-2.000e+02
-2.000e+02
-2.000e+02
-2.000e+02
-2.000e+02
-2.000e+02
-2.000e+02
-2.000e+02
-2.000e+02
-2.000e+02
-2.000e+02
-2.000e+02
-2.000e+02
-2.000e+02
-2.000e+02
-2.000e+02
-2.000e+02
-2.000e+02
-2.000e+02
-2.000e+02
-2.000e+02
-2.000e+02
-2.000e+02
-2.000e+02
-2.000e+02
-2.000e+02
-2.000e+02
-2.000e+02
-2.000e+02
-2.000e+02
-2.000e+02
-2.000e+02
-2.000e+02
-2.000e+02
-2.000e+02
-2.000e+02
-2.000e+02
-2.000e+02
-2.000e+02
-2.000e+02
-2.000e+02
-2.000e+02
-2.000e+02
-2.000e+02
-2.000e+02
-2.000e+02
-2.000e+02
-2.000e+02
-2.000e+02
-2.000e+02
-2.000e+02
-2.000e+02
-2.000e+02
-2.000e+02
-2.000e+02
-2.000e+02
-2.000e+02
-2.000e+02
-2.000e+02
-2.000e+02
-2.000e+02
-2.000e+02
-2.000e+02
-2.000e+02
-2.000e+02
-2.000e+02
-2.000e+02
-2.000e+02
-2.000e+02
-2.000e+02
-2.000e+02
-2.000e+02
-2.000e+02
-2.000e+02
-2.000e+02
-2.000e+02
-2.000e+02
-2.000e+02
-2.000e+02
-2.000e+02
-2.000e+02
-2.000e+02
-2.000e+02
-2.000e+02
-2.000e+02
-2.000e+02
-2.000e+02
-2.000e+02
-2.000e+02
-2.000e+02
-2.000e+02
-2.000e+02
-2.000e+02
-2.000e+02
-2.000e+02
-2.000e+02
-2.000e+02
-2.000e+02
-2.000e+02
-2.000e+02
-2.000e+02
-2.000e+02
-2.000e+02
-2.000e+02
-2.000e+02
-2.000e+02
-2.000e+02
-2.007e+02
-2.003e+02
-2.003e+02
-2.003e+02
-2.003e+02
-2.003e+02
-2.003e+02
-2.003e+02
-2.003e+02
-2.003e+02
-2.003e+02
-2.003e+02
-2.003e+02
-2.003e+02
-2.003e+02
-2.003e+02
-2.003e+02
-2.003e+02
-2.003e+02
-2.003e+02
-1.990e+02
-2.003e+02
-1.990e+02
-1.990e+02
-1.990e+02
-1.990e+02
-1.990e+02
-1.990e+02
-1.990e+02
-1.990e+02
-1.990e+02
-1.990e+02
-1.990e+02
-1.990e+02
-1.990e+02
-1.990e+02
-1.990e+02
-1.990e+02
-1.990e+02
-1.990e+02
-1.990e+02
-1.963e+02
-2.003e+02
-1.990e+02
-1.990e+02
-1.990e+02
-1.990e+02
-1.990e+02
-1.990e+02
-1.990e+02
-1.990e+02
-1.990e+02
-1.990e+02
-1.990e+02
-1.990e+02
-1.990e+02
-1.990e+02
-1.990e+02
-1.990e+02
-1.990e+02
-1.990e+02
-1.990e+02
-1.963e+02
-2.003e+02
-1.990e+02
-1.990e+02
-1.990e+02
-1.990e+02
-1.990e+02
-1.990e+02
-1.990e+02
-1.990e+02
-1.990e+02
-1.990e+02
-1.990e+02
-1.990e+02
-1.990e+02
-1.990e+02
-1.990e+02
-1.990e+02
-1.990e+02
-1.990e+02
-1.990e+02
-1.963e+02
-2.003e+02
-1.990e+02
-1.990e+02
-1.990e+02
-1.990e+02
-1.990e+02
-1.990e+02
-1.990e+02
-1.990e+02
-1.990e+02
-1.990e+02
-1.990e+02
-1.990e+02
-1.990e+02
-1.990e+02
-1.990e+02
-1.990e+02
-1.990e+02
-1.990e+02
-1.990e+02
-1.963e+02
-2.003e+02
-1.990e+02
-1.990e+02
-1.990e+02
-1.990e+02
-1.990e+02
-1.990e+02
-1.990e+02
-1.990e+02
-1.990e+02
-1.990e+02
-1.990e+02
-1.990e+02
-1.990e+02
-1.990e+02
-1.990e+02
-1.990e+02
-1.990e+02
-1.990e+02
-1.990e+02
-1.963e+02
-2.003e+02
-1.990e+02
-1.990e+02
-1.990e+02
-1.990e+02
-1.990e+02
-1.990e+02
-1.990e+02
-1.990e+02
-1.990e+02
-1.990e+02
-1.990e+02
-1.990e+02
-1.990e+02
-1.990e+02
-1.990e+02
-1.990e+02
-1.990e+02
-1.990e+02
-1.990e+02
-1.963e+02
-2.003e+02
-1.990e+02
-1.990e+02
-1.990e+02
-1.990e+02
-1.990e+02
-1.990e+02
-1.990e+02
-1.990e+02
-1.990e+02
-1.990e+02
-1.990e+02
-1.990e+02
-1.990e+02
-1.990e+02
-1.990e+02
-1.990e+02
-1.990e+02
-1.990e+02
-1.990e+02
-1.963e+02
-2.003e+02
-1.990e+02
-1.990e+02
-1.990e+02
-1.990e+02
-1.990e+02
-1.990e+02
-1.990e+02
-1.990e+02
-1.990e+02
-1.990e+02
-1.990e+02
-1.990e+02
-1.990e+02
-1.990e+02
-1.990e+02
-1.990e+02
-1.990e+02
-1.990e+02
-1.990e+02
-1.963e+02
-2.003e+02
-1.990e+02
-1.989e+02
-1.989e+02
-1.989e+02
-1.989e+02
-1.989e+02
-1.989e+02
-1.989e+02
-1.989e+02
-1.989e+02
-1.989e+02
-1.989e+02
-1.989e+02
-1.989e+02
-1.989e+02
-1.989e+02
-1.989e+02
-1.989e+02
-1.989e+02
-1.963e+02
-2.000e+02
-2.000e+02
-2.000e+02
-2.000e+02
-2.000e+02
-2.000e+02
-2.000e+02
-2.000e+02
-2.000e+02
-2.000e+02
-2.000e+02
-2.000e+02
-2.000e+02
-2.000e+02
-2.000e+02
-2.000e+02
-2.000e+02
-2.000e+02
-2.000e+02
-2.000e+02
-2.000e+02
-2.000e+02
-2.000e+02
-2.000e+02
-2.000e+02
-2.000e+02
-2.000e+02
-2.000e+02
-2.000e+02
-2.000e+02
-2.000e+02
-2.000e+02
-2.000e+02
-2.000e+02
-2.000e+02
-2.000e+02
-2.000e+02
-2.000e+02
-2.000e+02
-2.000e+02
-2.000e+02
-2.000e+02
-2.000e+02
-2.000e+02
-2.000e+02
-2.000e+02
-2.000e+02
-2.000e+02
-2.000e+02
-2.000e+02
-2.000e+02
-2.000e+02
-2.000e+02
-2.000e+02
-2.000e+02
-2.000e+02
-2.000e+02
-2.000e+02
-2.000e+02
-2.000e+02
-2.000e+02
-2.000e+02
-2.000e+02
-2.000e+02
-2.000e+02
-2.000e+02
-2.000e+02
-2.000e+02
-2.000e+02
-2.000e+02
-2.000e+02
-2.000e+02
-2.000e+02
-2.000e+02
-2.000e+02
-2.000e+02
-2.000e+02
-2.000e+02
-2.000e+02
-2.000e+02
-2.000e+02
-2.000e+02
-2.000e+02
-2.000e+02
-2.000e+02
-2.000e+02
-2.000e+02
-2.000e+02
-2.000e+02
-2.000e+02
-2.000e+02
-2.000e+02
-2.000e+02
-2.000e+02
-2.000e+02
-2.000e+02
-2.000e+02
-2.000e+02
-2.000e+02
-2.000e+02
-2.000e+02
-2.000e+02
-2.000e+02
-2.000e+02
-2.000e+02
-2.000e+02
-2.000e+02
-2.000e+02
-2.000e+02
-2.000e+02
-2.000e+02
-2.000e+02
-2.000e+02
-2.000e+02
-2.000e+02
-2.000e+02
-2.000e+02
-2.000e+02
-2.000e+02
-2.000e+02
-2.000e+02
-2.000e+02
-2.000e+02
-2.000e+02
-2.000e+02
-2.000e+02
-2.000e+02
-2.000e+02
-2.000e+02
-2.000e+02
-2.000e+02
-2.000e+02
-2.000e+02
-2.000e+02
-2.000e+02
-2.000e+02
-2.000e+02
-2.000e+02
-2.000e+02
-2.000e+02
-2.000e+02
-2.000e+02
-2.000e+02
-2.000e+02
-2.000e+02
-2.000e+02
-2.000e+02
-2.000e+02
-2.000e+02
-2.000e+02
-2.000e+02
-2.000e+02
-2.000e+02
-2.000e+02
-2.000e+02
-2.000e+02
-2.000e+02
-2.000e+02
-2.000e+02
-2.000e+02
-2.000e+02
-2.000e+02
-2.000e+02
-2.000e+02
-2.000e+02
-2.000e+02
-2.000e+02
-2.000e+02
-2.000e+02
-2.000e+02
-2.000e+02
-2.000e+02
-2.000e+02
-2.000e+02
-2.000e+02
-2.000e+02
-2.000e+02
-2.000e+02
-2.000e+02
-2.000e+02
-2.000e+02
-2.000e+02
-2.000e+02
-2.000e+02
-2.000e+02
-2.000e+02
-2.000e+02
-2.000e+02
-2.000e+02
-2.000e+02
-2.000e+02
-2.000e+02
-2.000e+02
-2.000e+02
-2.000e+02
-2.000e+02
-2.000e+02
-2.000e+02
-2.000e+02
-2.000e+02
-2.000e+02
-2.000e+02
-2.000e+02
-2.000e+02
-2.000e+02
-2.000e+02
-2.000e+02
-2.000e+02
-2.000e+02
-2.000e+02
-2.000e+02
-2.000e+02
-2.000e+02
-2.000e+02
-2.000e+02
-2.000e+02
-2.000e+02
-2.000e+02
-2.000e+02
-2.000e+02
-2.000e+02
-2.000e+02
-2.000e+02
-2.000e+02
-2.000e+02
-2.000e+02
-2.000e+02
-2.000e+02
-2.000e+02
-2.000e+02
-2.000e+02
-1.900e+02
-1.897e+02
-1.897e+02
-1.897e+02
-1.897e+02
-1.897e+02
-1.897e+02
-1.897e+02
-1.897e+02
-1.897e+02
-1.897e+02
-1.897e+02
-1.897e+02
-1.897e+02
-1.897e+02
-1.897e+02
-1.897e+02
-1.897e+02
-1.897e+02
-1.897e+02
-1.891e+02
-1.897e+02
-1.891e+02
-1.891e+02
-1.891e+02
-1.891e+02
-1.891e+02
-1.891e+02
-1.891e+02
-1.891e+02
-1.891e+02
-1.891e+02
-1.891e+02
-1.891e+02
-1.891e+02
-1.891e+02
-1.891e+02
-1.891e+02
-1.891e+02
-1.891e+02
-1.891e+02
-1.883e+02
-1.897e+02
-1.891e+02
-1.890e+02
-1.890e+02
-1.890e+02
-1.890e+02
-1.890e+02
-1.890e+02
-1.890e+02
-1.890e+02
-1.890e+02
-1.890e+02
-1.890e+02
-1.890e+02
-1.890e+02
-1.890e+02
-1.890e+02
-1.890e+02
-1.890e+02
-1.890e+02
-1.882e+02
-1.897e+02
-1.891e+02
-1.890e+02
-1.890e+02
-1.890e+02
-1.890e+02
-1.890e+02
-1.890e+02
-1.890e+02
-1.890e+02
-1.890e+02
-1.890e+02
-1.890e+02
-1.890e+02
-1.890e+02
-1.890e+02
-1.890e+02
-1.890e+02
-1.890e+02
-1.890e+02
-1.882e+02
-1.897e+02
-1.891e+02
-1.890e+02
-1.890e+02
-1.890e+02
-1.890e+02
-1.890e+02
-1.890e+02
-1.890e+02
-1.890e+02
-1.890e+02
-1.890e+02
-1.890e+02
-1.890e+02
-1.890e+02
-1.890e+02
-1.890e+02
-1.890e+02
-1.890e+02
-1.890e+02
-1.882e+02
-1.897e+02
-1.891e+02
-1.890e+02
-1.890e+02
-1.890e+02
-1.890e+02
-1.890e+02
-1.890e+02
-1.890e+02
-1.890e+02
-1.890e+02
-1.890e+02
-1.890e+02
-1.890e+02
-1.890e+02
-1.890e+02
-1.890e+02
-1.890e+02
-1.890e+02
-1.890e+02
-1.882e+02
-1.897e+02
-1.891e+02
-1.890e+02
-1.890e+02
-1.890e+02
-1.890e+02
-1.890e+02
-1.890e+02
-1.890e+02
-1.890e+02
-1.890e+02
-1.890e+02
-1.890e+02
-1.890e+02
-1.890e+02
-1.890e+02
-1.890e+02
-1.890e+02
-1.890e+02
-1.890e+02
-1.882e+02
-1.897e+02
-1.891e+02
-1.890e+02
-1.890e+02
-1.890e+02
-1.890e+02
-1.890e+02
-1.890e+02
-1.890e+02
-1.890e+02
-1.890e+02
-1.890e+02
-1.890e+02
-1.890e+02
-1.890e+02
-1.890e+02
-1.890e+02
-1.890e+02
-1.890e+02
-1.890e+02
-1.882e+02
-1.897e+02
-1.891e+02
-1.890e+02
-1.890e+02
-1.890e+02
-1.890e+02
-1.890e+02
-1.890e+02
-1.890e+02
-1.890e+02
-1.890e+02
-1.890e+02
-1.890e+02
-1.890e+02
-1.890e+02
-1.890e+02
-1.890e+02
-1.890e+02
-1.890e+02
-1.890e+02
-1.882e+02
-1.896e+02
-1.887e+02
-1.887e+02
-1.887e+02
-1.887e+02
-1.887e+02
-1.887e+02
-1.887e+02
-1.887e+02
-1.887e+02
-1.887e+02
-1.887e+02
-1.887e+02
-1.887e+02
-1.887e+02
-1.887e+02
-1.887e+02
-1.887e+02
-1.887e+02
-1.887e+02
-1.880e+02
-1.675e+02
-1.616e+02
-1.610e+02
-1.609e+02
-1.609e+02
-1.609e+02
-1.609e+02
-1.609e+02
-1.609e+02
-1.609e+02
-1.609e+02
-1.609e+02
-1.609e+02
-1.609e+02
-1.609e+02
-1.609e+02
-1.609e+02
-1.609e+02
-1.609e+02
-1.610e+02
-1.533e+02
-1.655e+02
-1.550e+02
-1.536e+02
-1.537e+02
-1.537e+02
-1.537e+02
-1.537e+02
-1.537e+02
-1.537e+02
-1.537e+02
-1.537e+02
-1.537e+02
-1.537e+02
-1.537e+02
-1.537e+02
-1.537e+02
-1.537e+02
-1.537e+02
-1.537e+02
-1.537e+02
-1.394e+02
-1.656e+02
-1.555e+02
-1.546e+02
-1.546e+02
-1.546e+02
-1.546e+02
-1.546e+02
-1.546e+02
-1.546e+02
-1.546e+02
-1.546e+02
-1.546e+02
-1.546e+02
-1.546e+02
-1.546e+02
-1.546e+02
-1.546e+02
-1.546e+02
-1.546e+02
-1.546e+02
-1.408e+02
-1.656e+02
-1.555e+02
-1.544e+02
-1.544e+02
-1.544e+02
-1.544e+02
-1.544e+02
-1.544e+02
-1.544e+02
-1.544e+02
-1.544e+02
-1.544e+02
-1.544e+02
-1.544e+02
-1.544e+02
-1.544e+02
-1.544e+02
-1.544e+02
-1.544e+02
-1.544e+02
-1.406e+02
-1.656e+02
-1.555e+02
-1.544e+02
-1.544e+02
-1.544e+02
-1.544e+02
-1.544e+02
-1.544e+02
-1.544e+02
-1.544e+02
-1.544e+02
-1.544e+02
-1.544e+02
-1.544e+02
-1.544e+02
-1.544e+02
-1.544e+02
-1.544e+02
-1.544e+02
-1.544e+02
-1.405e+02
-1.656e+02
-1.555e+02
-1.544e+02
-1.544e+02
-1.544e+02
-1.544e+02
-1.544e+02
-1.544e+02
-1.544e+02
-1.544e+02
-1.544e+02
-1.544e+02
-1.544e+02
-1.544e+02
-1.544e+02
-1.544e+02
-1.544e+02
-1.544e+02
-1.544e+02
-1.544e+02
-1.405e+02
-1.656e+02
-1.555e+02
-1.544e+02
-1.544e+02
-1.544e+02
-1.544e+02
-1.544e+02
-1.544e+02
-1.544e+02
-1.544e+02
-1.544e+02
-1.544e+02
-1.544e+02
-1.544e+02
-1.544e+02
-1.544e+02
-1.544e+02
-1.544e+02
-1.544e+02
-1.544e+02
-1.405e+02
-1.656e+02
-1.555e+02
-1.544e+02
-1.544e+02
-1.544e+02
-1.544e+02
-1.544e+02
-1.544e+02
-1.544e+02
-1.544e+02
-1.544e+02
-1.544e+02
-1.544e+02
-1.544e+02
-1.544e+02
-1.544e+02
-1.544e+02
-1.544e+02
-1.544e+02
-1.544e+02
-1.405e+02
-1.656e+02
-1.555e+02
-1.544e+02
-1.544e+02
-1.544e+02
-1.544e+02
-1.544e+02
-1.544e+02
-1.544e+02
-1.544e+02
-1.544e+02
-1.544e+02
-1.544e+02
-1.544e+02
-1.544e+02
-1.544e+02
-1.544e+02
-1.544e+02
-1.544e+02
-1.544e+02
-1.405e+02
-1.656e+02
-1.555e+02
-1.544e+02
-1.544e+02
-1.544e+02
-1.544e+02
-1.544e+02
-1.544e+02
-1.544e+02
-1.544e+02
-1.544e+02
-1.544e+02
-1.544e+02
-1.544e+02
-1.544e+02
-1.544e+02
-1.544e+02
-1.544e+02
-1.544e+02
-1.545e+02
-1.405e+02
-1.562e+02
-1.426e+02
-1.406e+02
-1.405e+02
-1.405e+02
-1.405e+02
-1.405e+02
-1.405e+02
-1.405e+02
-1.405e+02
-1.405e+02
-1.405e+02
-1.405e+02
-1.405e+02
-1.405e+02
-1.405e+02
-1.405e+02
-1.405e+02
-1.405e+02
-1.405e+02
-1.317e+02
-1.990e+02
-1.937e+02
-1.937e+02
-1.937e+02
-1.937e+02
-1.937e+02
-1.937e+02
-1.937e+02
-1.937e+02
-1.937e+02
-1.937e+02
-1.937e+02
-1.937e+02
-1.937e+02
-1.937e+02
-1.937e+02
-1.937e+02
-1.937e+02
-1.937e+02
-1.936e+02
-1.571e+02
-1.937e+02
-1.573e+02
-1.573e+02
-1.573e+02
-1.573e+02
-1.573e+02
-1.573e+02
-1.573e+02
-1.573e+02
-1.573e+02
-1.573e+02
-1.573e+02
-1.573e+02
-1.573e+02
-1.573e+02
-1.573e+02
-1.573e+02
-1.573e+02
-1.573e+02
-1.572e+02
-9.538e+01
-1.937e+02
-1.573e+02
-1.573e+02
-1.573e+02
-1.573e+02
-1.573e+02
-1.573e+02
-1.573e+02
-1.573e+02
-1.573e+02
-1.573e+02
-1.573e+02
-1.573e+02
-1.573e+02
-1.573e+02
-1.573e+02
-1.573e+02
-1.573e+02
-1.573e+02
-1.572e+02
-9.566e+01
-1.937e+02
-1.573e+02
-1.573e+02
-1.573e+02
-1.573e+02
-1.573e+02
-1.573e+02
-1.573e+02
-1.573e+02
-1.573e+02
-1.573e+02
-1.573e+02
-1.573e+02
-1.573e+02
-1.573e+02
-1.573e+02
-1.573e+02
-1.573e+02
-1.573e+02
-1.572e+02
-9.566e+01
-1.937e+02
-1.573e+02
-1.573e+02
-1.573e+02
-1.573e+02
-1.573e+02
-1.573e+02
-1.573e+02
-1.573e+02
-1.573e+02
-1.573e+02
-1.573e+02
-1.573e+02
-1.573e+02
-1.573e+02
-1.573e+02
-1.573e+02
-1.573e+02
-1.573e+02
-1.572e+02
-9.566e+01
-1.937e+02
-1.573e+02
-1.573e+02
-1.573e+02
-1.573e+02
-1.573e+02
-1.573e+02
-1.573e+02
-1.573e+02
-1.573e+02
-1.573e+02
-1.573e+02
-1.573e+02
-1.573e+02
-1.573e+02
-1.573e+02
-1.573e+02
-1.573e+02
-1.573e+02
-1.572e+02
-9.566e+01
-1.937e+02
-1.573e+02
-1.573e+02
-1.573e+02
-1.573e+02
-1.573e+02
-1.573e+02
-1.573e+02
-1.573e+02
-1.573e+02
-1.573e+02
-1.573e+02
-1.573e+02
-1.573e+02
-1.573e+02
-1.573e+02
-1.573e+02
-1.573e+02
-1.573e+02
-1.572e+02
-9.566e+01
-1.937e+02
-1.573e+02
-1.573e+02
-1.573e+02
-1.573e+02
-1.573e+02
-1.573e+02
-1.573e+02
-1.573e+02
-1.573e+02
-1.573e+02
-1.573e+02
-1.573e+02
-1.573e+02
-1.573e+02
-1.573e+02
-1.573e+02
-1.573e+02
-1.573e+02
-1.572e+02
-9.566e+01
-1.937e+02
-1.573e+02
-1.573e+02
-1.573e+02
-1.573e+02
-1.573e+02
-1.573e+02
-1.573e+02
-1.573e+02
-1.573e+02
-1.573e+02
-1.573e+02
-1.573e+02
-1.573e+02
-1.573e+02
-1.573e+02
-1.573e+02
-1.573e+02
-1.573e+02
-1.572e+02
-9.566e+01
-1.825e+02
-1.499e+02
-1.499e+02
-1.499e+02
-1.499e+02
-1.499e+02
-1.499e+02
-1.499e+02
-1.499e+02
-1.499e+02
-1.499e+02
-1.499e+02
-1.499e+02
-1.499e+02
-1.499e+02
-1.499e+02
-1.499e+02
-1.499e+02
-1.499e+02
-1.495e+02
-9.450e+01
-7.940e+00
-7.270e+00
-7.286e+00
-7.284e+00
-7.284e+00
-7.284e+00
-7.284e+00
-7.284e+00
-7.284e+00
-7.284e+00
-7.284e+00
-7.284e+00
-7.284e+00
-7.284e+00
-7.284e+00
-7.284e+00
-7.284e+00
-7.284e+00
-7.284e+00
-7.283e+00
-6.508e+00
-8.043e+00
-7.456e+00
-7.466e+00
-7.466e+00
-7.466e+00
-7.466e+00
-7.466e+00
-7.466e+00
-7.466e+00
-7.466e+00
-7.466e+00
-7.466e+00
-7.466e+00
-7.466e+00
-7.466e+00
-7.466e+00
-7.466e+00
-7.466e+00
-7.466e+00
-7.466e+00
-6.582e+00
-8.024e+00
-7.432e+00
-7.440e+00
-7.439e+00
-7.439e+00
-7.439e+00
-7.439e+00
-7.439e+00
-7.439e+00
-7.439e+00
-7.439e+00
-7.439e+00
-7.439e+00
-7.439e+00
-7.439e+00
-7.439e+00
-7.439e+00
-7.439e+00
-7.439e+00
-7.439e+00
-6.570e+00
-8.024e+00
-7.432e+00
-7.439e+00
-7.439e+00
-7.439e+00
-7.439e+00
-7.439e+00
-7.439e+00
-7.439e+00
-7.439e+00
-7.439e+00
-7.439e+00
-7.439e+00
-7.439e+00
-7.439e+00
-7.439e+00
-7.439e+00
-7.439e+00
-7.439e+00
-7.436e+00
-6.563e+00
-8.024e+00
-7.432e+00
-7.439e+00
-7.439e+00
-7.439e+00
-7.439e+00
-7.439e+00
-7.439e+00
-7.439e+00
-7.439e+00
-7.439e+00
-7.439e+00
-7.439e+00
-7.439e+00
-7.439e+00
-7.439e+00
-7.439e+00
-7.439e+00
-7.439e+00
-7.436e+00
-6.562e+00
-8.024e+00
-7.432e+00
-7.439e+00
-7.439e+00
-7.439e+00
-7.439e+00
-7.439e+00
-7.439e+00
-7.439e+00
-7.439e+00
-7.439e+00
-7.439e+00
-7.439e+00
-7.439e+00
-7.439e+00
-7.439e+00
-7.439e+00
-7.439e+00
-7.439e+00
-7.436e+00
-6.562e+00
-8.024e+00
-7.432e+00
-7.439e+00
-7.439e+00
-7.439e+00
-7.439e+00
-7.439e+00
-7.439e+00
-7.439e+00
-7.439e+00
-7.439e+00
-7.439e+00
-7.439e+00
-7.439e+00
-7.439e+00
-7.439e+00
-7.439e+00
-7.439e+00
-7.439e+00
-7.436e+00
-6.562e+00
-8.024e+00
-7.432e+00
-7.439e+00
-7.439e+00
-7.439e+00
-7.439e+00
-7.439e+00
-7.439e+00
-7.439e+00
-7.439e+00
-7.439e+00
-7.439e+00
-7.439e+00
-7.439e+00
-7.439e+00
-7.439e+00
-7.439e+00
-7.439e+00
-7.439e+00
-7.436e+00
-6.562e+00
-8.024e+00
-7.432e+00
-7.439e+00
-7.439e+00
-7.439e+00
-7.439e+00
-7.439e+00
-7.439e+00
-7.439e+00
-7.439e+00
-7.439e+00
-7.439e+00
-7.439e+00
-7.439e+00
-7.439e+00
-7.439e+00
-7.439e+00
-7.439e+00
-7.440e+00
-7.436e+00
-6.562e+00
-8.023e+00
-7.433e+00
-7.438e+00
-7.436e+00
-7.436e+00
-7.436e+00
-7.436e+00
-7.436e+00
-7.436e+00
-7.436e+00
-7.436e+00
-7.436e+00
-7.436e+00
-7.436e+00
-7.436e+00
-7.436e+00
-7.436e+00
-7.436e+00
-7.436e+00
-7.437e+00
-6.562e+00
-7.427e+00
-6.542e+00
-6.566e+00
-6.562e+00
-6.562e+00
-6.562e+00
-6.562e+00
-6.562e+00
-6.562e+00
-6.562e+00
-6.562e+00
-6.562e+00
-6.562e+00
-6.562e+00
-6.562e+00
-6.562e+00
-6.562e+00
-6.562e+00
-6.562e+00
-6.562e+00
-6.118e+00
-5.891e+01
-5.828e+01
-5.828e+01
-5.828e+01
-5.828e+01
-5.828e+01
-5.828e+01
-5.828e+01
-5.828e+01
-5.828e+01
-5.828e+01
-5.828e+01
-5.828e+01
-5.828e+01
-5.828e+01
-5.828e+01
-5.828e+01
-5.828e+01
-5.828e+01
-5.847e+01
-5.739e+01
-5.828e+01
-5.732e+01
-5.724e+01
-5.724e+01
-5.724e+01
-5.724e+01
-5.724e+01
-5.724e+01
-5.724e+01
-5.724e+01
-5.724e+01
-5.724e+01
-5.724e+01
-5.724e+01
-5.724e+01
-5.724e+01
-5.724e+01
-5.724e+01
-5.724e+01
-5.724e+01
-5.611e+01
-5.828e+01
-5.724e+01
-5.722e+01
-5.722e+01
-5.722e+01
-5.722e+01
-5.722e+01
-5.722e+01
-5.722e+01
-5.722e+01
-5.722e+01
-5.722e+01
-5.722e+01
-5.722e+01
-5.722e+01
-5.722e+01
-5.722e+01
-5.722e+01
-5.722e+01
-5.722e+01
-5.587e+01
-5.828e+01
-5.724e+01
-5.722e+01
-5.722e+01
-5.722e+01
-5.722e+01
-5.722e+01
-5.722e+01
-5.722e+01
-5.722e+01
-5.722e+01
-5.722e+01
-5.722e+01
-5.722e+01
-5.722e+01
-5.722e+01
-5.722e+01
-5.722e+01
-5.722e+01
-5.722e+01
-5.587e+01
-5.828e+01
-5.724e+01
-5.722e+01
-5.722e+01
-5.722e+01
-5.722e+01
-5.722e+01
-5.722e+01
-5.722e+01
-5.722e+01
-5.722e+01
-5.722e+01
-5.722e+01
-5.722e+01
-5.722e+01
-5.722e+01
-5.722e+01
-5.722e+01
-5.722e+01
-5.722e+01
-5.587e+01
-5.828e+01
-5.724e+01
-5.722e+01
-5.722e+01
-5.722e+01
-5.722e+01
-5.722e+01
-5.722e+01
-5.722e+01
-5.722e+01
-5.722e+01
-5.722e+01
-5.722e+01
-5.722e+01
-5.722e+01
-5.722e+01
-5.722e+01
-5.722e+01
-5.722e+01
-5.722e+01
-5.587e+01
-5.828e+01
-5.724e+01
-5.722e+01
-5.722e+01
-5.722e+01
-5.722e+01
-5.722e+01
-5.722e+01
-5.722e+01
-5.722e+01
-5.722e+01
-5.722e+01
-5.722e+01
-5.722e+01
-5.722e+01
-5.722e+01
-5.722e+01
-5.722e+01
-5.722e+01
-5.722e+01
-5.587e+01
-5.828e+01
-5.724e+01
-5.722e+01
-5.722e+01
-5.722e+01
-5.722e+01
-5.722e+01
-5.722e+01
-5.722e+01
-5.722e+01
-5.722e+01
-5.722e+01
-5.722e+01
-5.722e+01
-5.722e+01
-5.722e+01
-5.722e+01
-5.722e+01
-5.722e+01
-5.722e+01
-5.587e+01
-5.828e+01
-5.724e+01
-5.722e+01
-5.722e+01
-5.722e+01
-5.722e+01
-5.722e+01
-5.722e+01
-5.722e+01
-5.722e+01
-5.722e+01
-5.722e+01
-5.722e+01
-5.722e+01
-5.722e+01
-5.722e+01
-5.722e+01
-5.722e+01
-5.722e+01
-5.722e+01
-5.587e+01
-5.854e+01
-5.075e+01
-5.063e+01
-5.063e+01
-5.063e+01
-5.063e+01
-5.063e+01
-5.063e+01
-5.063e+01
-5.063e+01
-5.063e+01
-5.063e+01
-5.063e+01
-5.063e+01
-5.063e+01
-5.063e+01
-5.063e+01
-5.063e+01
-5.063e+01
-5.069e+01
-5.027e+01
-1.618e+00
-1.630e+00
-1.635e+00
-1.635e+00
-1.635e+00
-1.635e+00
-1.635e+00
-1.635e+00
-1.635e+00
-1.635e+00
-1.635e+00
-1.635e+00
-1.635e+00
-1.635e+00
-1.635e+00
-1.635e+00
-1.635e+00
-1.635e+00
-1.635e+00
-1.637e+00
-1.667e+00
-1.631e+00
-1.657e+00
-1.664e+00
-1.664e+00
-1.664e+00
-1.664e+00
-1.664e+00
-1.664e+00
-1.664e+00
-1.664e+00
-1.664e+00
-1.664e+00
-1.664e+00
-1.664e+00
-1.664e+00
-1.664e+00
-1.664e+00
-1.664e+00
-1.664e+00
-1.663e+00
-1.704e+00
-1.630e+00
-1.657e+00
-1.664e+00
-1.664e+00
-1.664e+00
-1.664e+00
-1.664e+00
-1.664e+00
-1.664e+00
-1.664e+00
-1.664e+00
-1.664e+00
-1.664e+00
-1.664e+00
-1.664e+00
-1.664e+00
-1.664e+00
-1.664e+00
-1.664e+00
-1.664e+00
-1.704e+00
-1.630e+00
-1.657e+00
-1.664e+00
-1.664e+00
-1.664e+00
-1.664e+00
-1.664e+00
-1.664e+00
-1.664e+00
-1.664e+00
-1.664e+00
-1.664e+00
-1.664e+00
-1.664e+00
-1.664e+00
-1.664e+00
-1.664e+00
-1.664e+00
-1.664e+00
-1.664e+00
-1.704e+00
-1.630e+00
-1.657e+00
-1.664e+00
-1.664e+00
-1.664e+00
-1.664e+00
-1.664e+00
-1.664e+00
-1.664e+00
-1.664e+00
-1.664e+00
-1.664e+00
-1.664e+00
-1.664e+00
-1.664e+00
-1.664e+00
-1.664e+00
-1.664e+00
-1.664e+00
-1.664e+00
-1.704e+00
-1.630e+00
-1.657e+00
-1.664e+00
-1.664e+00
-1.664e+00
-1.664e+00
-1.664e+00
-1.664e+00
-1.664e+00
-1.664e+00
-1.664e+00
-1.664e+00
-1.664e+00
-1.664e+00
-1.664e+00
-1.664e+00
-1.664e+00
-1.664e+00
-1.664e+00
-1.664e+00
-1.704e+00
-1.630e+00
-1.657e+00
-1.664e+00
-1.664e+00
-1.664e+00
-1.664e+00
-1.664e+00
-1.664e+00
-1.664e+00
-1.664e+00
-1.664e+00
-1.664e+00
-1.664e+00
-1.664e+00
-1.664e+00
-1.664e+00
-1.664e+00
-1.664e+00
-1.664e+00
-1.664e+00
-1.704e+00
-1.630e+00
-1.657e+00
-1.664e+00
-1.664e+00
-1.664e+00
-1.664e+00
-1.664e+00
-1.664e+00
-1.664e+00
-1.664e+00
-1.664e+00
-1.664e+00
-1.664e+00
-1.664e+00
-1.664e+00
-1.664e+00
-1.664e+00
-1.664e+00
-1.664e+00
-1.664e+00
-1.704e+00
-1.630e+00
-1.657e+00
-1.664e+00
-1.664e+00
-1.664e+00
-1.664e+00
-1.664e+00
-1.664e+00
-1.664e+00
-1.664e+00
-1.664e+00
-1.664e+00
-1.664e+00
-1.664e+00
-1.664e+00
-1.664e+00
-1.664e+00
-1.664e+00
-1.664e+00
-1.664e+00
-1.704e+00
-1.631e+00
-1.658e+00
-1.664e+00
-1.664e+00
-1.664e+00
-1.664e+00
-1.664e+00
-1.664e+00
-1.664e+00
-1.664e+00
-1.664e+00
-1.664e+00
-1.664e+00
-1.664e+00
-1.664e+00
-1.664e+00
-1.664e+00
-1.664e+00
-1.664e+00
-1.664e+00
-1.704e+00
-1.655e+00
-1.693e+00
-1.703e+00
-1.704e+00
-1.704e+00
-1.704e+00
-1.704e+00
-1.704e+00
-1.704e+00
-1.704e+00
-1.704e+00
-1.704e+00
-1.704e+00
-1.704e+00
-1.704e+00
-1.704e+00
-1.704e+00
-1.704e+00
-1.704e+00
-1.704e+00
-1.727e+00
-7.416e+01
-4.332e+01
-4.331e+01
-4.331e+01
-4.331e+01
-4.331e+01
-4.331e+01
-4.331e+01
-4.331e+01
-4.331e+01
-4.331e+01
-4.331e+01
-4.331e+01
-4.331e+01
-4.331e+01
-4.331e+01
-4.331e+01
-4.331e+01
-4.331e+01
-4.317e+01
-2.024e+01
-4.332e+01
-2.029e+01
-2.029e+01
-2.029e+01
-2.029e+01
-2.029e+01
-2.029e+01
-2.029e+01
-2.029e+01
-2.029e+01
-2.029e+01
-2.029e+01
-2.029e+01
-2.029e+01
-2.029e+01
-2.029e+01
-2.029e+01
-2.029e+01
-2.029e+01
-2.024e+01
-1.268e+01
-4.331e+01
-2.029e+01
-2.029e+01
-2.029e+01
-2.029e+01
-2.029e+01
-2.029e+01
-2.029e+01
-2.029e+01
-2.029e+01
-2.029e+01
-2.029e+01
-2.029e+01
-2.029e+01
-2.029e+01
-2.029e+01
-2.029e+01
-2.029e+01
-2.029e+01
-2.024e+01
-1.268e+01
-4.331e+01
-2.029e+01
-2.029e+01
-2.029e+01
-2.029e+01
-2.029e+01
-2.029e+01
-2.029e+01
-2.029e+01
-2.029e+01
-2.029e+01
-2.029e+01
-2.029e+01
-2.029e+01
-2.029e+01
-2.029e+01
-2.029e+01
-2.029e+01
-2.029e+01
-2.024e+01
-1.268e+01
-4.331e+01
-2.029e+01
-2.029e+01
-2.029e+01
-2.029e+01
-2.029e+01
-2.029e+01
-2.029e+01
-2.029e+01
-2.029e+01
-2.029e+01
-2.029e+01
-2.029e+01
-2.029e+01
-2.029e+01
-2.029e+01
-2.029e+01
-2.029e+01
-2.029e+01
-2.024e+01
-1.268e+01
-4.331e+01
-2.029e+01
-2.029e+01
-2.029e+01
-2.029e+01
-2.029e+01
-2.029e+01
-2.029e+01
-2.029e+01
-2.029e+01
-2.029e+01
-2.029e+01
-2.029e+01
-2.029e+01
-2.029e+01
-2.029e+01
-2.029e+01
-2.029e+01
-2.029e+01
-2.024e+01
-1.268e+01
-4.331e+01
-2.029e+01
-2.029e+01
-2.029e+01
-2.029e+01
-2.029e+01
-2.029e+01
-2.029e+01
-2.029e+01
-2.029e+01
-2.029e+01
-2.029e+01
-2.029e+01
-2.029e+01
-2.029e+01
-2.029e+01
-2.029e+01
-2.029e+01
-2.029e+01
-2.024e+01
-1.268e+01
-4.331e+01
-2.029e+01
-2.029e+01
-2.029e+01
-2.029e+01
-2.029e+01
-2.029e+01
-2.029e+01
-2.029e+01
-2.029e+01
-2.029e+01
-2.029e+01
-2.029e+01
-2.029e+01
-2.029e+01
-2.029e+01
-2.029e+01
-2.029e+01
-2.029e+01
-2.024e+01
-1.268e+01
-4.331e+01
-2.029e+01
-2.029e+01
-2.029e+01
-2.029e+01
-2.029e+01
-2.029e+01
-2.029e+01
-2.029e+01
-2.029e+01
-2.029e+01
-2.029e+01
-2.029e+01
-2.029e+01
-2.029e+01
-2.029e+01
-2.029e+01
-2.029e+01
-2.029e+01
-2.024e+01
-1.268e+01
-3.928e+01
-2.080e+01
-2.079e+01
-2.079e+01
-2.079e+01
-2.079e+01
-2.079e+01
-2.079e+01
-2.079e+01
-2.079e+01
-2.079e+01
-2.079e+01
-2.079e+01
-2.079e+01
-2.079e+01
-2.079e+01
-2.079e+01
-2.079e+01
-2.079e+01
-2.072e+01
-1.294e+01
-1.838e+00
-1.861e+00
-1.861e+00
-1.861e+00
-1.861e+00
-1.861e+00
-1.861e+00
-1.861e+00
-1.861e+00
-1.861e+00
-1.861e+00
-1.861e+00
-1.861e+00
-1.861e+00
-1.861e+00
-1.861e+00
-1.861e+00
-1.861e+00
-1.861e+00
-1.861e+00
-1.857e+00
-1.830e+00
-1.861e+00
-1.861e+00
-1.861e+00
-1.861e+00
-1.861e+00
-1.861e+00
-1.861e+00
-1.861e+00
-1.861e+00
-1.861e+00
-1.861e+00
-1.861e+00
-1.861e+00
-1.861e+00
-1.861e+00
-1.861e+00
-1.861e+00
-1.861e+00
-1.861e+00
-1.863e+00
-1.830e+00
-1.861e+00
-1.861e+00
-1.861e+00
-1.861e+00
-1.861e+00
-1.861e+00
-1.861e+00
-1.861e+00
-1.861e+00
-1.861e+00
-1.861e+00
-1.861e+00
-1.861e+00
-1.861e+00
-1.861e+00
-1.861e+00
-1.861e+00
-1.861e+00
-1.861e+00
-1.863e+00
-1.830e+00
-1.861e+00
-1.861e+00
-1.861e+00
-1.861e+00
-1.861e+00
-1.861e+00
-1.861e+00
-1.861e+00
-1.861e+00
-1.861e+00
-1.861e+00
-1.861e+00
-1.861e+00
-1.861e+00
-1.861e+00
-1.861e+00
-1.861e+00
-1.861e+00
-1.861e+00
-1.863e+00
-1.830e+00
-1.861e+00
-1.861e+00
-1.861e+00
-1.861e+00
-1.861e+00
-1.861e+00
-1.861e+00
-1.861e+00
-1.861e+00
-1.861e+00
-1.861e+00
-1.861e+00
-1.861e+00
-1.861e+00
-1.861e+00
-1.861e+00
-1.861e+00
-1.861e+00
-1.861e+00
-1.863e+00
-1.830e+00
-1.861e+00
-1.861e+00
-1.861e+00
-1.861e+00
-1.861e+00
-1.861e+00
-1.861e+00
-1.861e+00
-1.861e+00
-1.861e+00
-1.861e+00
-1.861e+00
-1.861e+00
-1.861e+00
-1.861e+00
-1.861e+00
-1.861e+00
-1.861e+00
-1.861e+00
-1.863e+00
-1.830e+00
-1.861e+00
-1.861e+00
-1.861e+00
-1.861e+00
-1.861e+00
-1.861e+00
-1.861e+00
-1.861e+00
-1.861e+00
-1.861e+00
-1.861e+00
-1.861e+00
-1.861e+00
-1.861e+00
-1.861e+00
-1.861e+00
-1.861e+00
-1.861e+00
-1.861e+00
-1.863e+00
-1.830e+00
-1.861e+00
-1.861e+00
-1.861e+00
-1.861e+00
-1.861e+00
-1.861e+00
-1.861e+00
-1.861e+00
-1.861e+00
-1.861e+00
-1.861e+00
-1.861e+00
-1.861e+00
-1.861e+00
-1.861e+00
-1.861e+00
-1.861e+00
-1.861e+00
-1.861e+00
-1.863e+00
-1.830e+00
-1.861e+00
-1.861e+00
-1.861e+00
-1.861e+00
-1.861e+00
-1.861e+00
-1.861e+00
-1.861e+00
-1.861e+00
-1.861e+00
-1.861e+00
-1.861e+00
-1.861e+00
-1.861e+00
-1.861e+00
-1.861e+00
-1.861e+00
-1.861e+00
-1.861e+00
-1.863e+00
-1.831e+00
-1.861e+00
-1.861e+00
-1.861e+00
-1.861e+00
-1.861e+00
-1.861e+00
-1.861e+00
-1.861e+00
-1.861e+00
-1.861e+00
-1.861e+00
-1.861e+00
-1.861e+00
-1.861e+00
-1.861e+00
-1.861e+00
-1.861e+00
-1.861e+00
-1.861e+00
-1.863e+00
-1.861e+00
-1.863e+00
-1.863e+00
-1.863e+00
-1.863e+00
-1.863e+00
-1.863e+00
-1.863e+00
-1.863e+00
-1.863e+00
-1.863e+00
-1.863e+00
-1.863e+00
-1.863e+00
-1.863e+00
-1.863e+00
-1.863e+00
-1.863e+00
-1.863e+00
-1.863e+00
-1.859e+00
-4.972e+00
-4.959e+00
-4.959e+00
-4.959e+00
-4.959e+00
-4.959e+00
-4.959e+00
-4.959e+00
-4.959e+00
-4.959e+00
-4.959e+00
-4.959e+00
-4.959e+00
-4.959e+00
-4.959e+00
-4.959e+00
-4.959e+00
-4.959e+00
-4.959e+00
-4.962e+00
-4.934e+00
-4.959e+00
-4.934e+00
-4.934e+00
-4.934e+00
-4.934e+00
-4.934e+00
-4.934e+00
-4.934e+00
-4.934e+00
-4.934e+00
-4.934e+00
-4.934e+00
-4.934e+00
-4.934e+00
-4.934e+00
-4.934e+00
-4.934e+00
-4.934e+00
-4.934e+00
-4.934e+00
-4.914e+00
-4.959e+00
-4.934e+00
-4.934e+00
-4.934e+00
-4.934e+00
-4.934e+00
-4.934e+00
-4.934e+00
-4.934e+00
-4.934e+00
-4.934e+00
-4.934e+00
-4.934e+00
-4.934e+00
-4.934e+00
-4.934e+00
-4.934e+00
-4.934e+00
-4.934e+00
-4.934e+00
-4.907e+00
-4.959e+00
-4.934e+00
-4.934e+00
-4.934e+00
-4.934e+00
-4.934e+00
-4.934e+00
-4.934e+00
-4.934e+00
-4.934e+00
-4.934e+00
-4.934e+00
-4.934e+00
-4.934e+00
-4.934e+00
-4.934e+00
-4.934e+00
-4.934e+00
-4.934e+00
-4.934e+00
-4.907e+00
-4.959e+00
-4.934e+00
-4.934e+00
-4.934e+00
-4.934e+00
-4.934e+00
-4.934e+00
-4.934e+00
-4.934e+00
-4.934e+00
-4.934e+00
-4.934e+00
-4.934e+00
-4.934e+00
-4.934e+00
-4.934e+00
-4.934e+00
-4.934e+00
-4.934e+00
-4.934e+00
-4.907e+00
-4.959e+00
-4.934e+00
-4.934e+00
-4.934e+00
-4.934e+00
-4.934e+00
-4.934e+00
-4.934e+00
-4.934e+00
-4.934e+00
-4.934e+00
-4.934e+00
-4.934e+00
-4.934e+00
-4.934e+00
-4.934e+00
-4.934e+00
-4.934e+00
-4.934e+00
-4.934e+00
-4.907e+00
-4.959e+00
-4.934e+00
-4.934e+00
-4.934e+00
-4.934e+00
-4.934e+00
-4.934e+00
-4.934e+00
-4.934e+00
-4.934e+00
-4.934e+00
-4.934e+00
-4.934e+00
-4.934e+00
-4.934e+00
-4.934e+00
-4.934e+00
-4.934e+00
-4.934e+00
-4.934e+00
-4.907e+00
-4.959e+00
-4.934e+00
-4.934e+00
-4.934e+00
-4.934e+00
-4.934e+00
-4.934e+00
-4.934e+00
-4.934e+00
-4.934e+00
-4.934e+00
-4.934e+00
-4.934e+00
-4.934e+00
-4.934e+00
-4.934e+00
-4.934e+00
-4.934e+00
-4.934e+00
-4.934e+00
-4.907e+00
-4.959e+00
-4.934e+00
-4.934e+00
-4.934e+00
-4.934e+00
-4.934e+00
-4.934e+00
-4.934e+00
-4.934e+00
-4.934e+00
-4.934e+00
-4.934e+00
-4.934e+00
-4.934e+00
-4.934e+00
-4.934e+00
-4.934e+00
-4.934e+00
-4.934e+00
-4.934e+00
-4.907e+00
-5.110e+00
-4.967e+00
-4.967e+00
-4.967e+00
-4.967e+00
-4.967e+00
-4.967e+00
-4.967e+00
-4.967e+00
-4.967e+00
-4.967e+00
-4.967e+00
-4.967e+00
-4.967e+00
-4.967e+00
-4.967e+00
-4.967e+00
-4.967e+00
-4.967e+00
-4.967e+00
-4.906e+00
-1.644e+00
-1.644e+00
-1.644e+00
-1.644e+00
-1.644e+00
-1.644e+00
-1.644e+00
-1.644e+00
-1.644e+00
-1.644e+00
-1.644e+00
-1.644e+00
-1.644e+00
-1.644e+00
-1.644e+00
-1.644e+00
-1.644e+00
-1.644e+00
-1.644e+00
-1.644e+00
-1.644e+00
-1.644e+00
-1.644e+00
-1.644e+00
-1.644e+00
-1.644e+00
-1.644e+00
-1.644e+00
-1.644e+00
-1.644e+00
-1.644e+00
-1.644e+00
-1.644e+00
-1.644e+00
-1.644e+00
-1.644e+00
-1.644e+00
-1.644e+00
-1.644e+00
-1.644e+00
-1.644e+00
-1.644e+00
-1.644e+00
-1.644e+00
-1.644e+00
-1.644e+00
-1.644e+00
-1.644e+00
-1.644e+00
-1.644e+00
-1.644e+00
-1.644e+00
-1.644e+00
-1.644e+00
-1.644e+00
-1.644e+00
-1.644e+00
-1.644e+00
-1.644e+00
-1.644e+00
-1.644e+00
-1.644e+00
-1.644e+00
-1.644e+00
-1.644e+00
-1.644e+00
-1.644e+00
-1.644e+00
-1.644e+00
-1.644e+00
-1.644e+00
-1.644e+00
-1.644e+00
-1.644e+00
-1.644e+00
-1.644e+00
-1.644e+00
-1.644e+00
-1.644e+00
-1.644e+00
-1.644e+00
-1.644e+00
-1.644e+00
-1.644e+00
-1.644e+00
-1.644e+00
-1.644e+00
-1.644e+00
-1.644e+00
-1.644e+00
-1.644e+00
-1.644e+00
-1.644e+00
-1.644e+00
-1.644e+00
-1.644e+00
-1.644e+00
-1.644e+00
-1.644e+00
-1.644e+00
-1.644e+00
-1.644e+00
-1.644e+00
-1.644e+00
-1.644e+00
-1.644e+00
-1.644e+00
-1.644e+00
-1.644e+00
-1.644e+00
-1.644e+00
-1.644e+00
-1.644e+00
-1.644e+00
-1.644e+00
-1.644e+00
-1.644e+00
-1.644e+00
-1.644e+00
-1.644e+00
-1.644e+00
-1.644e+00
-1.644e+00
-1.644e+00
-1.644e+00
-1.644e+00
-1.644e+00
-1.644e+00
-1.644e+00
-1.644e+00
-1.644e+00
-1.644e+00
-1.644e+00
-1.644e+00
-1.644e+00
-1.644e+00
-1.644e+00
-1.644e+00
-1.644e+00
-1.644e+00
-1.644e+00
-1.644e+00
-1.644e+00
-1.644e+00
-1.644e+00
-1.644e+00
-1.644e+00
-1.644e+00
-1.644e+00
-1.644e+00
-1.644e+00
-1.644e+00
-1.644e+00
-1.644e+00
-1.644e+00
-1.644e+00
-1.644e+00
-1.644e+00
-1.644e+00
-1.644e+00
-1.644e+00
-1.644e+00
-1.644e+00
-1.644e+00
-1.644e+00
-1.644e+00
-1.644e+00
-1.644e+00
-1.644e+00
-1.644e+00
-1.644e+00
-1.644e+00
-1.644e+00
-1.644e+00
-1.644e+00
-1.644e+00
-1.644e+00
-1.644e+00
-1.644e+00
-1.644e+00
-1.644e+00
-1.644e+00
-1.644e+00
-1.644e+00
-1.644e+00
-1.644e+00
-1.644e+00
-1.644e+00
-1.644e+00
-1.644e+00
-1.644e+00
-1.644e+00
-1.644e+00
-1.644e+00
-1.644e+00
-1.644e+00
-1.644e+00
-1.644e+00
-1.644e+00
-1.644e+00
-1.644e+00
-1.644e+00
-1.644e+00
-1.644e+00
-1.644e+00
-1.644e+00
-1.644e+00
-1.644e+00
-1.644e+00
-1.644e+00
-1.644e+00
-1.644e+00
-1.644e+00
-1.644e+00
-1.644e+00
-1.644e+00
-1.644e+00
-1.644e+00
-1.644e+00
-1.644e+00
-1.644e+00
-1.644e+00
-1.644e+00
-1.644e+00
-1.644e+00
-1.644e+00
-1.644e+00
-1.644e+00
-1.644e+00
-1.644e+00
-1.644e+00
-2.699e+00
-2.584e+00
-2.584e+00
-2.584e+00
-2.584e+00
-2.584e+00
-2.584e+00
-2.584e+00
-2.584e+00
-2.584e+00
-2.584e+00
-2.584e+00
-2.584e+00
-2.584e+00
-2.584e+00
-2.584e+00
-2.584e+00
-2.584e+00
-2.584e+00
-2.584e+00
-2.406e+00
-2.584e+00
-2.409e+00
-2.409e+00
-2.409e+00
-2.409e+00
-2.409e+00
-2.409e+00
-2.409e+00
-2.409e+00
-2.409e+00
-2.409e+00
-2.409e+00
-2.409e+00
-2.409e+00
-2.409e+00
-2.409e+00
-2.409e+00
-2.409e+00
-2.409e+00
-2.406e+00
-2.284e+00
-2.584e+00
-2.409e+00
-2.409e+00
-2.409e+00
-2.409e+00
-2.409e+00
-2.409e+00
-2.409e+00
-2.409e+00
-2.409e+00
-2.409e+00
-2.409e+00
-2.409e+00
-2.409e+00
-2.409e+00
-2.409e+00
-2.409e+00
-2.409e+00
-2.409e+00
-2.408e+00
-2.284e+00
-2.584e+00
-2.409e+00
-2.409e+00
-2.409e+00
-2.409e+00
-2.409e+00
-2.409e+00
-2.409e+00
-2.409e+00
-2.409e+00
-2.409e+00
-2.409e+00
-2.409e+00
-2.409e+00
-2.409e+00
-2.409e+00
-2.409e+00
-2.409e+00
-2.409e+00
-2.408e+00
-2.284e+00
-2.584e+00
-2.409e+00
-2.409e+00
-2.409e+00
-2.409e+00
-2.409e+00
-2.409e+00
-2.409e+00
-2.409e+00
-2.409e+00
-2.409e+00
-2.409e+00
-2.409e+00
-2.409e+00
-2.409e+00
-2.409e+00
-2.409e+00
-2.409e+00
-2.409e+00
-2.408e+00
-2.284e+00
-2.584e+00
-2.409e+00
-2.409e+00
-2.409e+00
-2.409e+00
-2.409e+00
-2.409e+00
-2.409e+00
-2.409e+00
-2.409e+00
-2.409e+00
-2.409e+00
-2.409e+00
-2.409e+00
-2.409e+00
-2.409e+00
-2.409e+00
-2.409e+00
-2.409e+00
-2.408e+00
-2.284e+00
-2.584e+00
-2.409e+00
-2.409e+00
-2.409e+00
-2.409e+00
-2.409e+00
-2.409e+00
-2.409e+00
-2.409e+00
-2.409e+00
-2.409e+00
-2.409e+00
-2.409e+00
-2.409e+00
-2.409e+00
-2.409e+00
-2.409e+00
-2.409e+00
-2.409e+00
-2.408e+00
-2.284e+00
-2.584e+00
-2.409e+00
-2.409e+00
-2.409e+00
-2.409e+00
-2.409e+00
-2.409e+00
-2.409e+00
-2.409e+00
-2.409e+00
-2.409e+00
-2.409e+00
-2.409e+00
-2.409e+00
-2.409e+00
-2.409e+00
-2.409e+00
-2.409e+00
-2.409e+00
-2.408e+00
-2.284e+00
-2.584e+00
-2.409e+00
-2.409e+00
-2.409e+00
-2.409e+00
-2.409e+00
-2.409e+00
-2.409e+00
-2.409e+00
-2.409e+00
-2.409e+00
-2.409e+00
-2.409e+00
-2.409e+00
-2.409e+00
-2.409e+00
-2.409e+00
-2.409e+00
-2.409e+00
-2.408e+00
-2.284e+00
-2.589e+00
-2.410e+00
-2.410e+00
-2.410e+00
-2.410e+00
-2.410e+00
-2.410e+00
-2.410e+00
-2.410e+00
-2.410e+00
-2.410e+00
-2.410e+00
-2.410e+00
-2.410e+00
-2.410e+00
-2.410e+00
-2.410e+00
-2.410e+00
-2.410e+00
-2.410e+00
-2.284e+00
-1.471e+00
-1.470e+00
-1.470e+00
-1.470e+00
-1.470e+00
-1.470e+00
-1.470e+00
-1.470e+00
-1.470e+00
-1.470e+00
-1.470e+00
-1.470e+00
-1.470e+00
-1.470e+00
-1.470e+00
-1.470e+00
-1.470e+00
-1.470e+00
-1.470e+00
-1.470e+00
-1.469e+00
-1.468e+00
-1.470e+00
-1.470e+00
-1.470e+00
-1.470e+00
-1.470e+00
-1.470e+00
-1.470e+00
-1.470e+00
-1.470e+00
-1.470e+00
-1.470e+00
-1.470e+00
-1.470e+00
-1.470e+00
-1.470e+00
-1.470e+00
-1.470e+00
-1.470e+00
-1.470e+00
-1.468e+00
-1.468e+00
-1.470e+00
-1.470e+00
-1.470e+00
-1.470e+00
-1.470e+00
-1.470e+00
-1.470e+00
-1.470e+00
-1.470e+00
-1.470e+00
-1.470e+00
-1.470e+00
-1.470e+00
-1.470e+00
-1.470e+00
-1.470e+00
-1.470e+00
-1.470e+00
-1.470e+00
-1.468e+00
-1.468e+00
-1.470e+00
-1.470e+00
-1.470e+00
-1.470e+00
-1.470e+00
-1.470e+00
-1.470e+00
-1.470e+00
-1.470e+00
-1.470e+00
-1.470e+00
-1.470e+00
-1.470e+00
-1.470e+00
-1.470e+00
-1.470e+00
-1.470e+00
-1.470e+00
-1.470e+00
-1.468e+00
-1.468e+00
-1.470e+00
-1.470e+00
-1.470e+00
-1.470e+00
-1.470e+00
-1.470e+00
-1.470e+00
-1.470e+00
-1.470e+00
-1.470e+00
-1.470e+00
-1.470e+00
-1.470e+00
-1.470e+00
-1.470e+00
-1.470e+00
-1.470e+00
-1.470e+00
-1.470e+00
-1.468e+00
-1.468e+00
-1.470e+00
-1.470e+00
-1.470e+00
-1.470e+00
-1.470e+00
-1.470e+00
-1.470e+00
-1.470e+00
-1.470e+00
-1.470e+00
-1.470e+00
-1.470e+00
-1.470e+00
-1.470e+00
-1.470e+00
-1.470e+00
-1.470e+00
-1.470e+00
-1.470e+00
-1.468e+00
-1.468e+00
-1.470e+00
-1.470e+00
-1.470e+00
-1.470e+00
-1.470e+00
-1.470e+00
-1.470e+00
-1.470e+00
-1.470e+00
-1.470e+00
-1.470e+00
-1.470e+00
-1.470e+00
-1.470e+00
-1.470e+00
-1.470e+00
-1.470e+00
-1.470e+00
-1.470e+00
-1.468e+00
-1.468e+00
-1.470e+00
-1.470e+00
-1.470e+00
-1.470e+00
-1.470e+00
-1.470e+00
-1.470e+00
-1.470e+00
-1.470e+00
-1.470e+00
-1.470e+00
-1.470e+00
-1.470e+00
-1.470e+00
-1.470e+00
-1.470e+00
-1.470e+00
-1.470e+00
-1.470e+00
-1.468e+00
-1.468e+00
-1.470e+00
-1.470e+00
-1.470e+00
-1.470e+00
-1.470e+00
-1.470e+00
-1.470e+00
-1.470e+00
-1.470e+00
-1.470e+00
-1.470e+00
-1.470e+00
-1.470e+00
-1.470e+00
-1.470e+00
-1.470e+00
-1.470e+00
-1.470e+00
-1.470e+00
-1.468e+00
-1.468e+00
-1.470e+00
-1.470e+00
-1.470e+00
-1.470e+00
-1.470e+00
-1.470e+00
-1.470e+00
-1.470e+00
-1.470e+00
-1.470e+00
-1.470e+00
-1.470e+00
-1.470e+00
-1.470e+00
-1.470e+00
-1.470e+00
-1.470e+00
-1.470e+00
-1.470e+00
-1.468e+00
-1.470e+00
-1.468e+00
-1.468e+00
-1.468e+00
-1.468e+00
-1.468e+00
-1.468e+00
-1.468e+00
-1.468e+00
-1.468e+00
-1.468e+00
-1.468e+00
-1.468e+00
-1.468e+00
-1.468e+00
-1.468e+00
-1.468e+00
-1.468e+00
-1.468e+00
-1.468e+00
-1.466e+00
-1.173e+00
-1.173e+00
-1.173e+00
-1.173e+00
-1.173e+00
-1.173e+00
-1.173e+00
-1.173e+00
-1.173e+00
-1.173e+00
-1.173e+00
-1.173e+00
-1.173e+00
-1.173e+00
-1.173e+00
-1.173e+00
-1.173e+00
-1.173e+00
-1.173e+00
-1.173e+00
-1.173e+00
-1.173e+00
-1.173e+00
-1.173e+00
-1.173e+00
-1.173e+00
-1.173e+00
-1.173e+00
-1.173e+00
-1.173e+00
-1.173e+00
-1.173e+00
-1.173e+00
-1.173e+00
-1.173e+00
-1.173e+00
-1.173e+00
-1.173e+00
-1.173e+00
-1.173e+00
-1.173e+00
-1.173e+00
-1.173e+00
-1.173e+00
-1.173e+00
-1.173e+00
-1.173e+00
-1.173e+00
-1.173e+00
-1.173e+00
-1.173e+00
-1.173e+00
-1.173e+00
-1.173e+00
-1.173e+00
-1.173e+00
-1.173e+00
-1.173e+00
-1.173e+00
-1.173e+00
-1.173e+00
-1.173e+00
-1.173e+00
-1.173e+00
-1.173e+00
-1.173e+00
-1.173e+00
-1.173e+00
-1.173e+00
-1.173e+00
-1.173e+00
-1.173e+00
-1.173e+00
-1.173e+00
-1.173e+00
-1.173e+00
-1.173e+00
-1.173e+00
-1.173e+00
-1.173e+00
-1.173e+00
-1.173e+00
-1.173e+00
-1.173e+00
-1.173e+00
-1.173e+00
-1.173e+00
-1.173e+00
-1.173e+00
-1.173e+00
-1.173e+00
-1.173e+00
-1.173e+00
-1.173e+00
-1.173e+00
-1.173e+00
-1.173e+00
-1.173e+00
-1.173e+00
-1.173e+00
-1.173e+00
-1.173e+00
-1.173e+00
-1.173e+00
-1.173e+00
-1.173e+00
-1.173e+00
-1.173e+00
-1.173e+00
-1.173e+00
-1.173e+00
-1.173e+00
-1.173e+00
-1.173e+00
-1.173e+00
-1.173e+00
-1.173e+00
-1.173e+00
-1.173e+00
-1.173e+00
-1.173e+00
-1.173e+00
-1.173e+00
-1.173e+00
-1.173e+00
-1.173e+00
-1.173e+00
-1.173e+00
-1.173e+00
-1.173e+00
-1.173e+00
-1.173e+00
-1.173e+00
-1.173e+00
-1.173e+00
-1.173e+00
-1.173e+00
-1.173e+00
-1.173e+00
-1.173e+00
-1.173e+00
-1.173e+00
-1.173e+00
-1.173e+00
-1.173e+00
-1.173e+00
-1.173e+00
-1.173e+00
-1.173e+00
-1.173e+00
-1.173e+00
-1.173e+00
-1.173e+00
-1.173e+00
-1.173e+00
-1.173e+00
-1.173e+00
-1.173e+00
-1.173e+00
-1.173e+00
-1.173e+00
-1.173e+00
-1.173e+00
-1.173e+00
-1.173e+00
-1.173e+00
-1.173e+00
-1.173e+00
-1.173e+00
-1.173e+00
-1.173e+00
-1.173e+00
-1.173e+00
-1.173e+00
-1.173e+00
-1.173e+00
-1.173e+00
-1.173e+00
-1.173e+00
-1.173e+00
-1.173e+00
-1.173e+00
-1.173e+00
-1.173e+00
-1.173e+00
-1.173e+00
-1.173e+00
-1.173e+00
-1.173e+00
-1.173e+00
-1.173e+00
-1.173e+00
-1.173e+00
-1.173e+00
-1.173e+00
-1.173e+00
-1.173e+00
-1.173e+00
-1.173e+00
-1.173e+00
-1.173e+00
-1.173e+00
-1.173e+00
-1.173e+00
-1.173e+00
-1.173e+00
-1.173e+00
-1.173e+00
-1.173e+00
-1.173e+00
-1.160e+00
-1.160e+00
-1.160e+00
-1.160e+00
-1.160e+00
-1.160e+00
-1.160e+00
-1.160e+00
-1.160e+00
-1.160e+00
-1.160e+00
-1.160e+00
-1.160e+00
-1.160e+00
-1.160e+00
-1.160e+00
-1.160e+00
-1.160e+00
-1.160e+00
-1.160e+00
-1.160e+00
-1.160e+00
-1.160e+00
-1.160e+00
-1.160e+00
-1.160e+00
-1.160e+00
-1.160e+00
-1.160e+00
-1.160e+00
-1.160e+00
-1.160e+00
-1.160e+00
-1.160e+00
-1.160e+00
-1.160e+00
-1.160e+00
-1.160e+00
-1.160e+00
-1.160e+00
-1.160e+00
-1.160e+00
-1.160e+00
-1.160e+00
-1.160e+00
-1.160e+00
-1.160e+00
-1.160e+00
-1.160e+00
-1.160e+00
-1.160e+00
-1.160e+00
-1.160e+00
-1.160e+00
-1.160e+00
-1.160e+00
-1.160e+00
-1.160e+00
-1.160e+00
-1.160e+00
-1.160e+00
-1.160e+00
-1.160e+00
-1.160e+00
-1.160e+00
-1.160e+00
-1.160e+00
-1.160e+00
-1.160e+00
-1.160e+00
-1.160e+00
-1.160e+00
-1.160e+00
-1.160e+00
-1.160e+00
-1.160e+00
-1.160e+00
-1.160e+00
-1.160e+00
-1.160e+00
-1.160e+00
-1.160e+00
-1.160e+00
-1.160e+00
-1.160e+00
-1.160e+00
-1.160e+00
-1.160e+00
-1.160e+00
-1.160e+00
-1.160e+00
-1.160e+00
-1.160e+00
-1.160e+00
-1.160e+00
-1.160e+00
-1.160e+00
-1.160e+00
-1.160e+00
-1.160e+00
-1.160e+00
-1.160e+00
-1.160e+00
-1.160e+00
-1.160e+00
-1.160e+00
-1.160e+00
-1.160e+00
-1.160e+00
-1.160e+00
-1.160e+00
-1.160e+00
-1.160e+00
-1.160e+00
-1.160e+00
-1.160e+00
-1.160e+00
-1.160e+00
-1.160e+00
-1.160e+00
-1.160e+00
-1.160e+00
-1.160e+00
-1.160e+00
-1.160e+00
-1.160e+00
-1.160e+00
-1.160e+00
-1.160e+00
-1.160e+00
-1.160e+00
-1.160e+00
-1.160e+00
-1.160e+00
-1.160e+00
-1.160e+00
-1.160e+00
-1.160e+00
-1.160e+00
-1.160e+00
-1.160e+00
-1.160e+00
-1.160e+00
-1.160e+00
-1.160e+00
-1.160e+00
-1.160e+00
-1.160e+00
-1.160e+00
-1.160e+00
-1.160e+00
-1.160e+00
-1.160e+00
-1.160e+00
-1.160e+00
-1.160e+00
-1.160e+00
-1.160e+00
-1.160e+00
-1.160e+00
-1.160e+00
-1.160e+00
-1.160e+00
-1.160e+00
-1.160e+00
-1.160e+00
-1.160e+00
-1.160e+00
-1.160e+00
-1.160e+00
-1.160e+00
-1.160e+00
-1.160e+00
-1.160e+00
-1.160e+00
-1.160e+00
-1.160e+00
-1.160e+00
-1.160e+00
-1.160e+00
-1.160e+00
-1.160e+00
-1.160e+00
-1.160e+00
-1.160e+00
-1.160e+00
-1.160e+00
-1.160e+00
-1.160e+00
-1.160e+00
-1.160e+00
-1.160e+00
-1.160e+00
-1.160e+00
-1.160e+00
-1.160e+00
-1.160e+00
-1.160e+00
-1.160e+00
-1.160e+00
-1.160e+00
-1.160e+00
-1.160e+00
-1.160e+00
-1.160e+00
-1.160e+00
-1.160e+00
-1.160e+00
-1.160e+00
-1.160e+00
-1.160e+00
-1.160e+00
-1.160e+00
-1.160e+00
-1.160e+00
-1.160e+00
-1.160e+00
-1.160e+00
-1.160e+00
-1.160e+00
-1.160e+00
-1.160e+00
-1.160e+00
-1.160e+00
-1.160e+00
-1.160e+00
-1.160e+00
-1.160e+00
-1.160e+00
-1.160e+00
-1.160e+00
-8.642e-01
-8.637e-01
-8.637e-01
-8.637e-01
-8.637e-01
-8.637e-01
-8.637e-01
-8.637e-01
-8.637e-01
-8.637e-01
-8.637e-01
-8.637e-01
-8.637e-01
-8.637e-01
-8.637e-01
-8.637e-01
-8.637e-01
-8.637e-01
-8.637e-01
-8.637e-01
-8.635e-01
-8.637e-01
-8.635e-01
-8.635e-01
-8.635e-01
-8.635e-01
-8.635e-01
-8.635e-01
-8.635e-01
-8.635e-01
-8.635e-01
-8.635e-01
-8.635e-01
-8.635e-01
-8.635e-01
-8.635e-01
-8.635e-01
-8.635e-01
-8.635e-01
-8.635e-01
-8.635e-01
-8.630e-01
-8.637e-01
-8.635e-01
-8.635e-01
-8.635e-01
-8.635e-01
-8.635e-01
-8.635e-01
-8.635e-01
-8.635e-01
-8.635e-01
-8.635e-01
-8.635e-01
-8.635e-01
-8.635e-01
-8.635e-01
-8.635e-01
-8.635e-01
-8.635e-01
-8.635e-01
-8.635e-01
-8.629e-01
-8.637e-01
-8.635e-01
-8.635e-01
-8.635e-01
-8.635e-01
-8.635e-01
-8.635e-01
-8.635e-01
-8.635e-01
-8.635e-01
-8.635e-01
-8.635e-01
-8.635e-01
-8.635e-01
-8.635e-01
-8.635e-01
-8.635e-01
-8.635e-01
-8.635e-01
-8.635e-01
-8.629e-01
-8.637e-01
-8.635e-01
-8.635e-01
-8.635e-01
-8.635e-01
-8.635e-01
-8.635e-01
-8.635e-01
-8.635e-01
-8.635e-01
-8.635e-01
-8.635e-01
-8.635e-01
-8.635e-01
-8.635e-01
-8.635e-01
-8.635e-01
-8.635e-01
-8.635e-01
-8.635e-01
-8.629e-01
-8.637e-01
-8.635e-01
-8.635e-01
-8.635e-01
-8.635e-01
-8.635e-01
-8.635e-01
-8.635e-01
-8.635e-01
-8.635e-01
-8.635e-01
-8.635e-01
-8.635e-01
-8.635e-01
-8.635e-01
-8.635e-01
-8.635e-01
-8.635e-01
-8.635e-01
-8.635e-01
-8.629e-01
-8.637e-01
-8.635e-01
-8.635e-01
-8.635e-01
-8.635e-01
-8.635e-01
-8.635e-01
-8.635e-01
-8.635e-01
-8.635e-01
-8.635e-01
-8.635e-01
-8.635e-01
-8.635e-01
-8.635e-01
-8.635e-01
-8.635e-01
-8.635e-01
-8.635e-01
-8.635e-01
-8.629e-01
-8.637e-01
-8.635e-01
-8.635e-01
-8.635e-01
-8.635e-01
-8.635e-01
-8.635e-01
-8.635e-01
-8.635e-01
-8.635e-01
-8.635e-01
-8.635e-01
-8.635e-01
-8.635e-01
-8.635e-01
-8.635e-01
-8.635e-01
-8.635e-01
-8.635e-01
-8.635e-01
-8.629e-01
-8.637e-01
-8.635e-01
-8.635e-01
-8.635e-01
-8.635e-01
-8.635e-01
-8.635e-01
-8.635e-01
-8.635e-01
-8.635e-01
-8.635e-01
-8.635e-01
-8.635e-01
-8.635e-01
-8.635e-01
-8.635e-01
-8.635e-01
-8.635e-01
-8.635e-01
-8.635e-01
-8.629e-01
-8.638e-01
-8.634e-01
-8.634e-01
-8.633e-01
-8.633e-01
-8.633e-01
-8.633e-01
-8.633e-01
-8.633e-01
-8.633e-01
-8.633e-01
-8.633e-01
-8.633e-01
-8.633e-01
-8.633e-01
-8.633e-01
-8.633e-01
-8.633e-01
-8.633e-01
-8.632e-01
-8.628e-01
-8.600e-01
-8.600e-01
-8.600e-01
-8.600e-01
-8.600e-01
-8.600e-01
-8.600e-01
-8.600e-01
-8.600e-01
-8.600e-01
-8.600e-01
-8.600e-01
-8.600e-01
-8.600e-01
-8.600e-01
-8.600e-01
-8.600e-01
-8.600e-01
-8.600e-01
-8.599e-01
-8.599e-01
-8.600e-01
-8.600e-01
-8.600e-01
-8.600e-01
-8.600e-01
-8.600e-01
-8.600e-01
-8.600e-01
-8.600e-01
-8.600e-01
-8.600e-01
-8.600e-01
-8.600e-01
-8.600e-01
-8.600e-01
-8.600e-01
-8.600e-01
-8.600e-01
-8.600e-01
-8.600e-01
-8.600e-01
-8.600e-01
-8.600e-01
-8.600e-01
-8.600e-01
-8.600e-01
-8.600e-01
-8.600e-01
-8.600e-01
-8.600e-01
-8.600e-01
-8.600e-01
-8.600e-01
-8.600e-01
-8.600e-01
-8.600e-01
-8.600e-01
-8.600e-01
-8.600e-01
-8.600e-01
-8.600e-01
-8.600e-01
-8.600e-01
-8.600e-01
-8.600e-01
-8.600e-01
-8.600e-01
-8.600e-01
-8.600e-01
-8.600e-01
-8.600e-01
-8.600e-01
-8.600e-01
-8.600e-01
-8.600e-01
-8.600e-01
-8.600e-01
-8.600e-01
-8.600e-01
-8.600e-01
-8.600e-01
-8.600e-01
-8.600e-01
-8.600e-01
-8.600e-01
-8.600e-01
-8.600e-01
-8.600e-01
-8.600e-01
-8.600e-01
-8.600e-01
-8.600e-01
-8.600e-01
-8.600e-01
-8.600e-01
-8.600e-01
-8.600e-01
-8.600e-01
-8.600e-01
-8.600e-01
-8.600e-01
-8.600e-01
-8.600e-01
-8.600e-01
-8.600e-01
-8.600e-01
-8.600e-01
-8.600e-01
-8.600e-01
-8.600e-01
-8.600e-01
-8.600e-01
-8.600e-01
-8.600e-01
-8.600e-01
-8.600e-01
-8.600e-01
-8.600e-01
-8.600e-01
-8.600e-01
-8.600e-01
-8.600e-01
-8.600e-01
-8.600e-01
-8.600e-01
-8.600e-01
-8.600e-01
-8.600e-01
-8.600e-01
-8.600e-01
-8.600e-01
-8.600e-01
-8.600e-01
-8.600e-01
-8.600e-01
-8.600e-01
-8.600e-01
-8.600e-01
-8.600e-01
-8.600e-01
-8.600e-01
-8.600e-01
-8.600e-01
-8.600e-01
-8.600e-01
-8.600e-01
-8.600e-01
-8.600e-01
-8.600e-01
-8.600e-01
-8.600e-01
-8.600e-01
-8.600e-01
-8.600e-01
-8.600e-01
-8.600e-01
-8.600e-01
-8.600e-01
-8.600e-01
-8.600e-01
-8.600e-01
-8.600e-01
-8.600e-01
-8.600e-01
-8.600e-01
-8.600e-01
-8.600e-01
-8.600e-01
-8.600e-01
-8.600e-01
-8.600e-01
-8.600e-01
-8.600e-01
-8.600e-01
-8.600e-01
-8.600e-01
-8.600e-01
-8.600e-01
-8.600e-01
-8.600e-01
-8.600e-01
-8.600e-01
-8.600e-01
-8.600e-01
-8.600e-01
-8.600e-01
-8.600e-01
-8.600e-01
-8.600e-01
-8.600e-01
-8.600e-01
-8.600e-01
-8.600e-01
-8.600e-01
-8.600e-01
-8.600e-01
-8.600e-01
-8.600e-01
-8.600e-01
-8.600e-01
-8.600e-01
-8.600e-01
-8.600e-01
-8.600e-01
-8.600e-01
-8.600e-01
-8.600e-01
-8.600e-01
-8.600e-01
-8.600e-01
-8.600e-01
-8.600e-01
-8.600e-01
-8.600e-01
-8.600e-01
-8.600e-01
-8.600e-01
-8.600e-01
-8.600e-01
-8.600e-01
-8.600e-01
-8.600e-01
-8.600e-01
-8.600e-01
-8.600e-01
-8.600e-01
-8.600e-01
-8.600e-01
-8.600e-01
-8.600e-01
-2.600e-01
-2.600e-01
-2.600e-01
-2.600e-01
-2.600e-01
-2.600e-01
-2.600e-01
-2.600e-01
-2.600e-01
-2.600e-01
-2.600e-01
-2.600e-01
-2.600e-01
-2.600e-01
-2.600e-01
-2.600e-01
-2.600e-01
-2.600e-01
-2.600e-01
-2.600e-01
-2.600e-01
-2.600e-01
-2.600e-01
-2.600e-01
-2.600e-01
-2.600e-01
-2.600e-01
-2.600e-01
-2.600e-01
-2.600e-01
-2.600e-01
-2.600e-01
-2.600e-01
-2.600e-01
-2.600e-01
-2.600e-01
-2.600e-01
-2.600e-01
-2.600e-01
-2.600e-01
-2.600e-01
-2.600e-01
-2.600e-01
-2.600e-01
-2.600e-01
-2.600e-01
-2.600e-01
-2.600e-01
-2.600e-01
-2.600e-01
-2.600e-01
-2.600e-01
-2.600e-01
-2.600e-01
-2.600e-01
-2.600e-01
-2.600e-01
-2.600e-01
-2.600e-01
-2.600e-01
-2.600e-01
-2.600e-01
-2.600e-01
-2.600e-01
-2.600e-01
-2.600e-01
-2.600e-01
-2.600e-01
-2.600e-01
-2.600e-01
-2.600e-01
-2.600e-01
-2.600e-01
-2.600e-01
-2.600e-01
-2.600e-01
-2.600e-01
-2.600e-01
-2.600e-01
-2.600e-01
-2.600e-01
-2.600e-01
-2.600e-01
-2.600e-01
-2.600e-01
-2.600e-01
-2.600e-01
-2.600e-01
-2.600e-01
-2.600e-01
-2.600e-01
-2.600e-01
-2.600e-01
-2.600e-01
-2.600e-01
-2.600e-01
-2.600e-01
-2.600e-01
-2.600e-01
-2.600e-01
-2.600e-01
-2.600e-01
-2.600e-01
-2.600e-01
-2.600e-01
-2.600e-01
-2.600e-01
-2.600e-01
-2.600e-01
-2.600e-01
-2.600e-01
-2.600e-01
-2.600e-01
-2.600e-01
-2.600e-01
-2.600e-01
-2.600e-01
-2.600e-01
-2.600e-01
-2.600e-01
-2.600e-01
-2.600e-01
-2.600e-01
-2.600e-01
-2.600e-01
-2.600e-01
-2.600e-01
-2.600e-01
-2.600e-01
-2.600e-01
-2.600e-01
-2.600e-01
-2.600e-01
-2.600e-01
-2.600e-01
-2.600e-01
-2.600e-01
-2.600e-01
-2.600e-01
-2.600e-01
-2.600e-01
-2.600e-01
-2.600e-01
-2.600e-01
-2.600e-01
-2.600e-01
-2.600e-01
-2.600e-01
-2.600e-01
-2.600e-01
-2.600e-01
-2.600e-01
-2.600e-01
-2.600e-01
-2.600e-01
-2.600e-01
-2.600e-01
-2.600e-01
-2.600e-01
-2.600e-01
-2.600e-01
-2.600e-01
-2.600e-01
-2.600e-01
-2.600e-01
-2.600e-01
-2.600e-01
-2.600e-01
-2.600e-01
-2.600e-01
-2.600e-01
-2.600e-01
-2.600e-01
-2.600e-01
-2.600e-01
-2.600e-01
-2.600e-01
-2.600e-01
-2.600e-01
-2.600e-01
-2.600e-01
-2.600e-01
-2.600e-01
-2.600e-01
-2.600e-01
-2.600e-01
-2.600e-01
-2.600e-01
-2.600e-01
-2.600e-01
-2.600e-01
-2.600e-01
-2.600e-01
-2.600e-01
-2.600e-01
-2.600e-01
-2.600e-01
-2.600e-01
-2.600e-01
-2.600e-01
-2.600e-01
-2.600e-01
-2.600e-01
-2.600e-01
-2.600e-01
-2.600e-01
-2.600e-01
-2.600e-01
-2.600e-01
-2.600e-01
-2.600e-01
-2.600e-01
-2.600e-01
-2.600e-01
-2.600e-01
-2.600e-01
-2.600e-01
-2.600e-01
-2.600e-01
-2.600e-01
-2.600e-01
-2.600e-01
-2.600e-01
-2.600e-01
-2.600e-01
-2.600e-01
-2.600e-01
-2.600e-01
-2.600e-01
-2.600e-01
-2.600e-01
-2.600e-01
-2.600e-01
-2.600e-01
-2.600e-01
-2.600e-01
-2.600e-01
-2.600e-01
-2.600e-01
-2.600e-01
-2.600e-01
-2.600e-01
-2.600e-01
-2.600e-01
-2.600e-01
-2.600e-01
-2.600e-01
-2.600e-01
-2.600e-01
-2.600e-01
-2.600e-01
-2.600e-01
-2.600e-01
-2.600e-01
-2.600e-01
-2.600e-01
-2.600e-01
-2.600e-01
-2.600e-01
-2.600e-01
-2.600e-01
-2.600e-01
-2.600e-01
-2.600e-01
-2.600e-01
-2.600e-01
-2.600e-01
-2.600e-01
-2.600e-01
-2.600e-01
-2.600e-01
-2.600e-01
-2.600e-01
-2.600e-01
-2.600e-01
-2.600e-01
-2.600e-01
-2.600e-01
-2.600e-01
-2.600e-01
-2.600e-01
-2.600e-01
-2.600e-01
-2.600e-01
-2.600e-01
-2.600e-01
-2.600e-01
-2.600e-01
-2.600e-01
-2.600e-01
-2.600e-01
-2.600e-01
-2.600e-01
-2.600e-01
-2.600e-01
-2.600e-01
-2.600e-01
-2.600e-01
-2.600e-01
-2.600e-01
-2.600e-01
-2.600e-01
-2.600e-01
-2.600e-01
-2.600e-01
-2.600e-01
-2.600e-01
-2.600e-01
-2.600e-01
-2.600e-01
-2.600e-01
-2.600e-01
-2.600e-01
-2.600e-01
-2.600e-01
-2.600e-01
-2.600e-01
-2.600e-01
-2.600e-01
-2.600e-01
-2.600e-01
-2.600e-01
-2.600e-01
-2.600e-01
-2.600e-01
-2.600e-01
-2.600e-01
-2.600e-01
-2.600e-01
-2.600e-01
-2.600e-01
-2.600e-01
-2.600e-01
-2.600e-01
-2.600e-01
-2.600e-01
-2.600e-01
-2.600e-01
-2.600e-01
-2.600e-01
-2.600e-01
-2.600e-01
-2.600e-01
-2.600e-01
-2.600e-01
-2.600e-01
-2.600e-01
-2.600e-01
-2.600e-01
-2.600e-01
-2.600e-01
-2.600e-01
-2.600e-01
-2.600e-01
-2.600e-01
-2.600e-01
-2.600e-01
-2.600e-01
-2.600e-01
-2.600e-01
-2.600e-01
-2.600e-01
-2.600e-01
-2.600e-01
-2.600e-01
-2.600e-01
-2.600e-01
-2.600e-01
-2.600e-01
-2.600e-01
-2.600e-01
-2.600e-01
-2.600e-01
-2.600e-01
-2.600e-01
-2.600e-01
-2.600e-01
-2.600e-01
-2.600e-01
-2.600e-01
-2.600e-01
-2.600e-01
-2.600e-01
-2.600e-01
-2.600e-01
-2.600e-01
-2.600e-01
-2.600e-01
-2.600e-01
-2.600e-01
-2.600e-01
-2.600e-01
-2.600e-01
-2.600e-01
-2.600e-01
-2.600e-01
-2.600e-01
-2.600e-01
-2.600e-01
-2.600e-01
-2.600e-01
-2.600e-01
-2.600e-01
-2.600e-01
-2.600e-01
-2.600e-01
-2.600e-01
-2.600e-01
-2.600e-01
-2.600e-01
-2.600e-01
-2.600e-01
-2.600e-01
-2.600e-01
-2.600e-01
-2.600e-01
-2.600e-01
-2.600e-01
-2.597e-01
-2.597e-01
-2.600e-01
-2.600e-01
-2.600e-01
-2.600e-01
-2.600e-01
-2.600e-01
-2.600e-01
-2.600e-01
-2.600e-01
-2.600e-01
-2.600e-01
-2.600e-01
-2.600e-01
-2.600e-01
-2.600e-01
-2.600e-01
-2.600e-01
-2.600e-01
-2.600e-01
-2.597e-01
-2.590e-01
3.400e-01
3.400e-01
3.400e-01
3.400e-01
3.400e-01
3.400e-01
3.400e-01
3.400e-01
3.400e-01
3.400e-01
3.400e-01
3.400e-01
3.400e-01
3.400e-01
3.400e-01
3.400e-01
3.400e-01
3.400e-01
3.400e-01
3.400e-01
3.400e-01
3.400e-01
3.400e-01
3.400e-01
3.400e-01
3.400e-01
3.400e-01
3.400e-01
3.400e-01
3.400e-01
3.400e-01
3.400e-01
3.400e-01
3.400e-01
3.400e-01
3.400e-01
3.400e-01
3.400e-01
3.400e-01
3.400e-01
3.400e-01
3.400e-01
3.400e-01
3.400e-01
3.400e-01
3.400e-01
3.400e-01
3.400e-01
3.400e-01
3.400e-01
3.400e-01
3.400e-01
3.400e-01
3.400e-01
3.400e-01
3.400e-01
3.400e-01
3.400e-01
3.400e-01
3.400e-01
3.400e-01
3.400e-01
3.400e-01
3.400e-01
3.400e-01
3.400e-01
3.400e-01
3.400e-01
3.400e-01
3.400e-01
3.400e-01
3.400e-01
3.400e-01
3.400e-01
3.400e-01
3.400e-01
3.400e-01
3.400e-01
3.400e-01
3.400e-01
3.400e-01
3.400e-01
3.400e-01
3.400e-01
3.400e-01
3.400e-01
3.400e-01
3.400e-01
3.400e-01
3.400e-01
3.400e-01
3.400e-01
3.400e-01
3.400e-01
3.400e-01
3.400e-01
3.400e-01
3.400e-01
3.400e-01
3.400e-01
3.400e-01
3.400e-01
3.400e-01
3.400e-01
3.400e-01
3.400e-01
3.400e-01
3.400e-01
3.400e-01
3.400e-01
3.400e-01
3.400e-01
3.400e-01
3.400e-01
3.400e-01
3.400e-01
3.400e-01
3.400e-01
3.400e-01
3.400e-01
3.400e-01
3.400e-01
3.400e-01
3.400e-01
3.400e-01
3.400e-01
3.400e-01
3.400e-01
3.400e-01
3.400e-01
3.400e-01
3.400e-01
3.400e-01
3.400e-01
3.400e-01
3.400e-01
3.400e-01
3.400e-01
3.400e-01
3.400e-01
3.400e-01
3.400e-01
3.400e-01
3.400e-01
3.400e-01
3.400e-01
3.400e-01
3.400e-01
3.400e-01
3.400e-01
3.400e-01
3.400e-01
3.400e-01
3.400e-01
3.400e-01
3.400e-01
3.400e-01
3.400e-01
3.400e-01
3.400e-01
3.400e-01
3.400e-01
3.400e-01
3.400e-01
3.400e-01
3.400e-01
3.400e-01
3.400e-01
3.400e-01
3.400e-01
3.400e-01
3.400e-01
3.400e-01
3.400e-01
3.400e-01
3.400e-01
3.400e-01
3.400e-01
3.400e-01
3.400e-01
3.400e-01
3.400e-01
3.400e-01
3.400e-01
3.400e-01
3.400e-01
3.400e-01
3.400e-01
3.400e-01
3.400e-01
3.400e-01
3.400e-01
3.400e-01
3.400e-01
3.400e-01
3.400e-01
3.400e-01
3.400e-01
3.400e-01
3.400e-01
3.400e-01
3.400e-01
3.400e-01
3.400e-01
3.400e-01
3.400e-01
3.400e-01
3.400e-01
3.400e-01
3.400e-01
3.400e-01
3.400e-01
3.400e-01
3.400e-01
3.400e-01
3.400e-01
3.400e-01
3.400e-01
3.400e-01
3.400e-01
3.400e-01
3.400e-01
3.400e-01
3.400e-01
3.400e-01
3.400e-01
3.400e-01
3.400e-01
3.400e-01
3.400e-01
3.400e-01
3.400e-01
3.400e-01
3.400e-01
3.400e-01
3.400e-01
3.400e-01
3.400e-01
3.400e-01
3.400e-01
3.400e-01
3.400e-01
3.400e-01
3.400e-01
3.400e-01
3.400e-01
3.400e-01
3.400e-01
3.400e-01
3.400e-01
3.400e-01
3.400e-01
3.400e-01
3.400e-01
3.400e-01
3.400e-01
3.400e-01
3.400e-01
3.400e-01
3.400e-01
3.400e-01
3.400e-01
3.400e-01
3.400e-01
3.400e-01
3.400e-01
3.400e-01
3.400e-01
3.400e-01
3.400e-01
3.400e-01
3.400e-01
3.400e-01
3.400e-01
3.400e-01
3.400e-01
3.400e-01
3.400e-01
3.400e-01
3.400e-01
3.400e-01
3.400e-01
3.400e-01
3.400e-01
3.400e-01
3.400e-01
3.400e-01
3.400e-01
3.400e-01
3.400e-01
3.400e-01
3.400e-01
3.400e-01
3.400e-01
3.400e-01
3.400e-01
3.400e-01
3.400e-01
3.400e-01
3.400e-01
3.400e-01
3.400e-01
3.400e-01
3.400e-01
3.400e-01
3.400e-01
3.400e-01
3.400e-01
3.400e-01
3.400e-01
3.400e-01
3.400e-01
3.400e-01
3.400e-01
3.400e-01
3.400e-01
3.400e-01
3.400e-01
3.400e-01
3.400e-01
3.400e-01
3.400e-01
3.400e-01
3.400e-01
3.400e-01
3.400e-01
3.400e-01
3.400e-01
3.400e-01
3.400e-01
3.400e-01
3.400e-01
3.400e-01
3.400e-01
3.400e-01
3.400e-01
3.400e-01
3.400e-01
3.400e-01
3.400e-01
3.400e-01
3.400e-01
3.400e-01
3.400e-01
3.400e-01
3.400e-01
3.400e-01
3.400e-01
3.400e-01
3.400e-01
3.400e-01
3.400e-01
3.400e-01
3.400e-01
3.400e-01
3.400e-01
3.400e-01
3.400e-01
3.400e-01
3.400e-01
3.400e-01
3.400e-01
3.400e-01
3.400e-01
3.400e-01
3.400e-01
3.400e-01
3.400e-01
3.400e-01
3.400e-01
3.400e-01
3.400e-01
3.400e-01
3.400e-01
3.400e-01
3.400e-01
3.400e-01
3.400e-01
3.400e-01
3.400e-01
3.400e-01
3.400e-01
3.400e-01
3.400e-01
3.400e-01
3.400e-01
3.400e-01
3.400e-01
3.400e-01
3.400e-01
3.400e-01
3.400e-01
3.400e-01
3.400e-01
3.400e-01
3.400e-01
3.400e-01
3.400e-01
3.400e-01
3.400e-01
3.400e-01
3.400e-01
3.400e-01
3.400e-01
3.400e-01
3.400e-01
3.400e-01
3.400e-01
3.400e-01
3.400e-01
3.400e-01
3.400e-01
3.400e-01
3.400e-01
3.400e-01
3.400e-01
3.400e-01
3.400e-01
3.403e-01
3.403e-01
3.400e-01
3.400e-01
3.400e-01
3.400e-01
3.400e-01
3.400e-01
3.400e-01
3.400e-01
3.400e-01
3.400e-01
3.400e-01
3.400e-01
3.400e-01
3.400e-01
3.400e-01
3.400e-01
3.400e-01
3.400e-01
3.400e-01
3.403e-01
3.410e-01
1.000e+00
1.000e+00
1.000e+00
1.000e+00
1.000e+00
1.000e+00
1.000e+00
1.000e+00
1.000e+00
1.000e+00
1.000e+00
1.000e+00
1.000e+00
1.000e+00
1.000e+00
1.000e+00
1.000e+00
1.000e+00
1.000e+00
1.000e+00
1.000e+00
1.000e+00
1.000e+00
1.000e+00
1.000e+00
1.000e+00
1.000e+00
1.000e+00
1.000e+00
1.000e+00
1.000e+00
1.000e+00
1.000e+00
1.000e+00
1.000e+00
1.000e+00
1.000e+00
1.000e+00
1.000e+00
1.000e+00
1.000e+00
1.000e+00
1.000e+00
1.000e+00
1.000e+00
1.000e+00
1.000e+00
1.000e+00
1.000e+00
1.000e+00
1.000e+00
1.000e+00
1.000e+00
1.000e+00
1.000e+00
1.000e+00
1.000e+00
1.000e+00
1.000e+00
1.000e+00
1.000e+00
1.000e+00
1.000e+00
1.000e+00
1.000e+00
1.000e+00
1.000e+00
1.000e+00
1.000e+00
1.000e+00
1.000e+00
1.000e+00
1.000e+00
1.000e+00
1.000e+00
1.000e+00
1.000e+00
1.000e+00
1.000e+00
1.000e+00
1.000e+00
1.000e+00
1.000e+00
1.000e+00
1.000e+00
1.000e+00
1.000e+00
1.000e+00
1.000e+00
1.000e+00
1.000e+00
1.000e+00
1.000e+00
1.000e+00
1.000e+00
1.000e+00
1.000e+00
1.000e+00
1.000e+00
1.000e+00
1.000e+00
1.000e+00
1.000e+00
1.000e+00
1.000e+00
1.000e+00
1.000e+00
1.000e+00
1.000e+00
1.000e+00
1.000e+00
1.000e+00
1.000e+00
1.000e+00
1.000e+00
1.000e+00
1.000e+00
1.000e+00
1.000e+00
1.000e+00
1.000e+00
1.000e+00
1.000e+00
1.000e+00
1.000e+00
1.000e+00
1.000e+00
1.000e+00
1.000e+00
1.000e+00
1.000e+00
1.000e+00
1.000e+00
1.000e+00
1.000e+00
1.000e+00
1.000e+00
1.000e+00
1.000e+00
1.000e+00
1.000e+00
1.000e+00
1.000e+00
1.000e+00
1.000e+00
1.000e+00
1.000e+00
1.000e+00
1.000e+00
1.000e+00
1.000e+00
1.000e+00
1.000e+00
1.000e+00
1.000e+00
1.000e+00
1.000e+00
1.000e+00
1.000e+00
1.000e+00
1.000e+00
1.000e+00
1.000e+00
1.000e+00
1.000e+00
1.000e+00
1.000e+00
1.000e+00
1.000e+00
1.000e+00
1.000e+00
1.000e+00
1.000e+00
1.000e+00
1.000e+00
1.000e+00
1.000e+00
1.000e+00
1.000e+00
1.000e+00
1.000e+00
1.000e+00
1.000e+00
1.000e+00
1.000e+00
1.000e+00
1.000e+00
1.000e+00
1.000e+00
1.000e+00
1.000e+00
1.000e+00
1.000e+00
1.000e+00
1.000e+00
1.000e+00
1.000e+00
1.000e+00
1.000e+00
1.000e+00
1.000e+00
1.000e+00
1.000e+00
1.000e+00
1.000e+00
1.000e+00
1.000e+00
1.000e+00
1.000e+00
1.000e+00
1.000e+00
1.000e+00
1.000e+00
1.000e+00
1.000e+00
1.000e+00
1.000e+00
1.000e+00
1.000e+00
1.000e+00
1.000e+00
1.000e+00
1.000e+00
1.000e+00
1.000e+00
1.000e+00
1.000e+00
1.000e+00
1.000e+00
1.000e+00
1.000e+00
1.000e+00
1.000e+00
1.000e+00
1.000e+00
1.000e+00
1.000e+00
1.000e+00
1.000e+00
1.000e+00
1.000e+00
1.000e+00
1.000e+00
1.000e+00
1.000e+00
1.000e+00
1.000e+00
1.000e+00
1.000e+00
1.000e+00
1.000e+00
1.000e+00
1.000e+00
1.000e+00
1.000e+00
1.000e+00
1.000e+00
1.000e+00
1.000e+00
1.000e+00
1.000e+00
1.000e+00
1.000e+00
1.000e+00
1.000e+00
1.000e+00
1.000e+00
1.000e+00
1.000e+00
1.000e+00
1.000e+00
1.000e+00
1.000e+00
1.000e+00
1.000e+00
1.000e+00
1.000e+00
1.000e+00
1.000e+00
1.000e+00
1.000e+00
1.000e+00
1.000e+00
1.000e+00
1.000e+00
1.000e+00
1.000e+00
1.000e+00
1.000e+00
1.000e+00
1.000e+00
1.000e+00
1.000e+00
1.000e+00
1.000e+00
1.000e+00
1.000e+00
1.000e+00
1.000e+00
1.000e+00
1.000e+00
1.000e+00
1.000e+00
1.000e+00
1.000e+00
1.000e+00
1.000e+00
1.000e+00
1.000e+00
1.000e+00
1.000e+00
1.000e+00
1.000e+00
1.000e+00
1.000e+00
1.000e+00
1.000e+00
1.000e+00
1.000e+00
1.000e+00
1.000e+00
1.000e+00
1.000e+00
1.000e+00
1.000e+00
1.000e+00
1.000e+00
1.000e+00
1.000e+00
1.000e+00
1.000e+00
1.000e+00
1.000e+00
1.000e+00
1.000e+00
1.000e+00
1.000e+00
1.000e+00
1.000e+00
1.000e+00
1.000e+00
1.000e+00
1.000e+00
1.000e+00
1.000e+00
1.000e+00
1.000e+00
1.000e+00
1.000e+00
1.000e+00
1.000e+00
1.000e+00
1.000e+00
1.000e+00
1.000e+00
1.000e+00
1.000e+00
1.000e+00
1.000e+00
1.000e+00
1.000e+00
1.000e+00
1.000e+00
1.000e+00
1.000e+00
1.000e+00
1.000e+00
1.000e+00
1.000e+00
1.000e+00
1.000e+00
1.000e+00
1.000e+00
1.000e+00
1.000e+00
1.000e+00
1.000e+00
1.000e+00
1.000e+00
1.000e+00
1.000e+00
1.000e+00
1.000e+00
1.000e+00
1.000e+00
1.000e+00
1.000e+00
1.000e+00
1.000e+00
1.000e+00
1.000e+00
1.000e+00
1.000e+00
1.000e+00
1.000e+00
1.000e+00
1.000e+00
1.000e+00
1.000e+00
1.000e+00
1.000e+00
1.000e+00
1.000e+00
1.000e+00
1.000e+00
1.000e+00
1.000e+00
1.000e+00
1.000e+00
1.000e+00
1.000e+00
1.000e+00
1.000e+00
1.000e+00
1.000e+00
1.000e+00
1.000e+00
1.000e+00
1.000e+00
1.000e+00
1.000e+00
1.000e+00
1.000e+00
1.000e+00
1.000e+00
1.000e+00
1.000e+00
1.000e+00
1.000e+00
1.000e+00
1.000e+00
1.000e+00
1.000e+00
1.000e+00
1.000e+00
1.000e+00
1.000e+00
1.000e+00
1.000e+00
1.000e+00
1.001e+00
