     IOPT   (1 PICARD, 2 NEWTON)             =      1
     NLRELX (0 NORELX,1 CONS RELX,2 VAR RELX)=      0
     KSLOPE (0 ANA, 1 KSL/ANA, 2 KSL/C-DIFF,
             3 LOC KSL/ANA, 4 LOC TAN-SLOPE) =      0
     TOLUNS (TOLERANCE FOR NONLINEAR ITER)   =     1.00000E-04
     TOLSWI (TOLERANCE FOR BC SWITCHING)     =     1.00000E+30
     L2NORM (0 INFINITY NORM, ELSE L2 NORM)  =      0

 nlinr  linr converg error norms  node   PNEW at   POLD at   resid error norms
  iter  iter       PL2      PINF IKMAX     IKMAX     IKMAX       FL2      FINF
 =============================================================================
                        (NSTEP:     1  DELTAT:   1.0000E+01  TIME:   1.0000E+01)
     1    18 7.916E-01 4.299E-02  3529 -1.16E+02 -1.16E+02 2.135E-07 6.270E-08
     2     9 1.806E-04 1.100E-05  3529 -1.16E+02 -1.16E+02 3.034E-11 1.737E-12
                        (NSTEP:     2  DELTAT:   1.1000E+01  TIME:   2.1000E+01)
     1    13 8.706E-01 4.728E-02  3529 -1.16E+02 -1.16E+02 1.974E-07 8.251E-09
     2    10 2.185E-04 1.330E-05  3529 -1.16E+02 -1.16E+02 3.337E-11 1.910E-12
                        (NSTEP:     3  DELTAT:   1.2100E+01  TIME:   3.3100E+01)
     1    12 9.575E-01 5.201E-02  3529 -1.16E+02 -1.16E+02 1.974E-07 8.251E-09
     2    10 2.644E-04 1.609E-05  3529 -1.16E+02 -1.16E+02 3.670E-11 2.101E-12
                        (NSTEP:     4  DELTAT:   1.3310E+01  TIME:   4.6410E+01)
     1    12 1.053E+00 5.721E-02  3529 -1.16E+02 -1.16E+02 1.974E-07 8.251E-09
     2    10 3.199E-04 1.946E-05  3529 -1.16E+02 -1.16E+02 4.037E-11 2.311E-12
                        (NSTEP:     5  DELTAT:   1.4641E+01  TIME:   6.1051E+01)
     1    13 1.158E+00 6.293E-02  3529 -1.16E+02 -1.16E+02 1.974E-07 8.251E-09
     2    10 3.870E-04 2.353E-05  3529 -1.16E+02 -1.16E+02 4.440E-11 2.543E-12
                        (NSTEP:     6  DELTAT:   1.6105E+01  TIME:   7.7156E+01)
     1    13 1.273E+00 6.922E-02  3529 -1.16E+02 -1.16E+02 1.974E-07 8.251E-09
     2    10 4.682E-04 2.846E-05  3529 -1.16E+02 -1.16E+02 4.884E-11 2.797E-12
                        (NSTEP:     7  DELTAT:   1.7716E+01  TIME:   9.4872E+01)
     1    13 1.400E+00 7.615E-02  3529 -1.16E+02 -1.16E+02 1.974E-07 8.251E-09
     2     9 5.664E-04 3.441E-05  3529 -1.16E+02 -1.16E+02 5.371E-11 3.077E-12
                        (NSTEP:     8  DELTAT:   1.9487E+01  TIME:   1.1436E+02)
     1    13 1.540E+00 8.376E-02  3529 -1.16E+02 -1.16E+02 1.973E-07 8.251E-09
     2     9 6.852E-04 4.161E-05  3529 -1.16E+02 -1.16E+02 5.908E-11 3.384E-12
                        (NSTEP:     9  DELTAT:   2.1436E+01  TIME:   1.3579E+02)
     1    13 1.693E+00 9.213E-02  3529 -1.16E+02 -1.16E+02 1.973E-07 8.251E-09
     2     9 8.289E-04 5.030E-05  3529 -1.16E+02 -1.16E+02 6.497E-11 3.723E-12
                        (NSTEP:    10  DELTAT:   2.3579E+01  TIME:   1.5937E+02)
     1    13 1.861E+00 1.013E-01  3529 -1.16E+02 -1.16E+02 1.973E-07 8.251E-09
     2     9 1.003E-03 6.081E-05  3529 -1.16E+02 -1.16E+02 7.146E-11 4.095E-12
                        (NSTEP:    11  DELTAT:   2.5937E+01  TIME:   1.8531E+02)
     1    13 2.046E+00 1.115E-01  3529 -1.16E+02 -1.16E+02 1.973E-07 8.251E-09
     2     9 1.213E-03 7.351E-05  3529 -1.16E+02 -1.16E+02 7.859E-11 4.505E-12
                        (NSTEP:    12  DELTAT:   2.8531E+01  TIME:   2.1384E+02)
     1    13 2.250E+00 1.226E-01  3529 -1.17E+02 -1.16E+02 1.973E-07 8.251E-09
     2     9 1.467E-03 8.886E-05  3529 -1.17E+02 -1.17E+02 8.643E-11 4.955E-12
                        (NSTEP:    13  DELTAT:   3.1384E+01  TIME:   2.4523E+02)
     1    13 2.473E+00 1.349E-01  3529 -1.17E+02 -1.17E+02 1.972E-07 8.251E-09
     2     9 1.775E-03 1.074E-04  3529 -1.17E+02 -1.17E+02 9.505E-11 5.451E-12
     3    14 6.391E-08 5.125E-09  2879 -1.87E+02 -1.87E+02 6.712E-16 3.937E-17
                        (NSTEP:    14  DELTAT:   3.4523E+01  TIME:   2.7975E+02)
     1    13 2.719E+00 1.483E-01  3529 -1.17E+02 -1.17E+02 1.972E-07 8.251E-09
     2     9 2.147E-03 1.298E-04  3529 -1.17E+02 -1.17E+02 1.045E-10 5.996E-12
     3    15 8.508E-08 6.820E-09  2879 -1.87E+02 -1.87E+02 8.140E-16 4.763E-17
                        (NSTEP:    15  DELTAT:   3.7975E+01  TIME:   3.1772E+02)
     1    13 2.989E+00 1.632E-01  3529 -1.17E+02 -1.17E+02 1.972E-07 8.252E-09
     2     9 2.597E-03 1.568E-04  3529 -1.17E+02 -1.17E+02 1.149E-10 6.596E-12
     3    14 1.133E-07 9.077E-09  2879 -1.87E+02 -1.87E+02 9.876E-16 5.761E-17
                        (NSTEP:    16  DELTAT:   4.1772E+01  TIME:   3.5950E+02)
     1    13 3.285E+00 1.795E-01  3529 -1.17E+02 -1.17E+02 1.972E-07 8.252E-09
     2     9 3.141E-03 1.894E-04  3529 -1.17E+02 -1.17E+02 1.264E-10 7.255E-12
     3    14 1.508E-07 1.208E-08  2879 -1.87E+02 -1.87E+02 1.199E-15 6.968E-17
                        (NSTEP:    17  DELTAT:   4.5950E+01  TIME:   4.0545E+02)
     1    14 3.610E+00 1.974E-01  3529 -1.17E+02 -1.17E+02 1.971E-07 8.252E-09
     2     9 3.800E-03 2.288E-04  3529 -1.17E+02 -1.17E+02 1.390E-10 7.981E-12
     3    14 2.008E-07 1.607E-08  2879 -1.87E+02 -1.87E+02 1.455E-15 8.428E-17
                        (NSTEP:    18  DELTAT:   5.0545E+01  TIME:   4.5599E+02)
     1    14 3.968E+00 2.171E-01  3529 -1.18E+02 -1.17E+02 1.971E-07 8.252E-09
     2     9 4.596E-03 2.763E-04  3529 -1.18E+02 -1.18E+02 1.528E-10 8.779E-12
     3    13 2.674E-07 2.139E-08  2879 -1.87E+02 -1.87E+02 1.768E-15 1.019E-16
                        (NSTEP:    19  DELTAT:   5.5599E+01  TIME:   5.1159E+02)
     1    14 4.360E+00 2.388E-01  3529 -1.18E+02 -1.18E+02 1.971E-07 8.252E-09
     2     8 5.558E-03 3.336E-04  3529 -1.18E+02 -1.18E+02 1.680E-10 9.657E-12
     3    13 3.560E-07 2.847E-08  2879 -1.87E+02 -1.87E+02 2.148E-15 1.233E-16
                        (NSTEP:    20  DELTAT:   6.1159E+01  TIME:   5.7275E+02)
     1    14 4.790E+00 2.626E-01  3529 -1.18E+02 -1.18E+02 1.970E-07 8.252E-09
     2     8 6.722E-03 4.027E-04  3529 -1.18E+02 -1.18E+02 1.847E-10 1.062E-11
     3    14 4.741E-07 3.788E-08  2879 -1.87E+02 -1.87E+02 2.613E-15 1.491E-16
                        (NSTEP:    21  DELTAT:   6.7275E+01  TIME:   6.4002E+02)
     1    14 5.263E+00 2.888E-01  3529 -1.18E+02 -1.18E+02 1.970E-07 8.252E-09
     2     8 8.129E-03 4.859E-04  3529 -1.18E+02 -1.18E+02 2.031E-10 1.169E-11
     3    13 6.314E-07 5.041E-08  2879 -1.87E+02 -1.87E+02 3.179E-15 1.803E-16
                        (NSTEP:    22  DELTAT:   7.4002E+01  TIME:   7.1403E+02)
     1    14 5.781E+00 3.176E-01  3529 -1.19E+02 -1.18E+02 1.969E-07 8.253E-09
     2     8 9.830E-03 5.862E-04  3529 -1.19E+02 -1.19E+02 2.233E-10 1.286E-11
     3    13 8.409E-07 6.707E-08  2879 -1.88E+02 -1.88E+02 3.872E-15 2.180E-16
                        (NSTEP:    23  DELTAT:   8.1403E+01  TIME:   7.9543E+02)
     1    14 6.350E+00 3.492E-01  3529 -1.19E+02 -1.19E+02 1.969E-07 8.253E-09
     2     8 1.189E-02 7.069E-04  3529 -1.19E+02 -1.19E+02 2.455E-10 1.414E-11
     3    13 1.120E-06 8.925E-08  2879 -1.88E+02 -1.88E+02 4.720E-15 2.636E-16
                        (NSTEP:    24  DELTAT:   8.9543E+01  TIME:   8.8497E+02)
     1    14 6.974E+00 3.840E-01  3529 -1.20E+02 -1.19E+02 1.968E-07 8.253E-09
     2     7 1.437E-02 8.521E-04  3529 -1.20E+02 -1.20E+02 2.698E-10 1.556E-11
     3    12 1.492E-06 1.187E-07  2879 -1.88E+02 -1.88E+02 5.759E-15 3.186E-16
                        (NSTEP:    25  DELTAT:   9.8497E+01  TIME:   9.8347E+02)
     1    14 7.658E+00 4.222E-01  3529 -1.20E+02 -1.20E+02 1.968E-07 8.253E-09
     2     7 1.738E-02 1.027E-03  3529 -1.20E+02 -1.20E+02 2.966E-10 1.711E-11
     3    12 1.987E-06 1.580E-07  2879 -1.88E+02 -1.88E+02 7.035E-15 3.852E-16
                        (NSTEP:    26  DELTAT:   1.0000E+02  TIME:   1.0835E+03)
     1    14 7.759E+00 4.284E-01  3529 -1.20E+02 -1.20E+02 1.967E-07 8.254E-09
     2     7 1.790E-02 1.053E-03  3529 -1.20E+02 -1.20E+02 3.009E-10 1.738E-11
     3    13 2.080E-06 1.653E-07  2879 -1.88E+02 -1.88E+02 7.261E-15 3.967E-16
                        (NSTEP:    27  DELTAT:   1.0000E+02  TIME:   1.1835E+03)
     1    14 7.744E+00 4.281E-01  3529 -1.21E+02 -1.20E+02 1.966E-07 8.254E-09
     2     7 1.788E-02 1.048E-03  3529 -1.21E+02 -1.21E+02 3.007E-10 1.738E-11
     3    12 2.080E-06 1.652E-07  2879 -1.88E+02 -1.88E+02 7.259E-15 3.964E-16
                        (NSTEP:    28  DELTAT:   1.0000E+02  TIME:   1.2835E+03)
     1    14 7.729E+00 4.278E-01  3529 -1.21E+02 -1.21E+02 1.966E-07 8.254E-09
     2     7 1.787E-02 1.043E-03  3529 -1.21E+02 -1.21E+02 3.006E-10 1.739E-11
     3    12 2.080E-06 1.651E-07  2879 -1.88E+02 -1.88E+02 7.256E-15 3.961E-16
                        (NSTEP:    29  DELTAT:   1.0000E+02  TIME:   1.3835E+03)
     1    14 7.715E+00 4.275E-01  3529 -1.22E+02 -1.21E+02 1.965E-07 8.255E-09
     2     7 1.785E-02 1.037E-03  3529 -1.22E+02 -1.22E+02 3.004E-10 1.739E-11
     3    12 2.080E-06 1.650E-07  2879 -1.88E+02 -1.88E+02 7.254E-15 3.958E-16
                        (NSTEP:    30  DELTAT:   1.0000E+02  TIME:   1.4835E+03)
     1    14 7.700E+00 4.272E-01  3529 -1.22E+02 -1.22E+02 1.964E-07 8.255E-09
     2     7 1.784E-02 1.035E-03  2709 -9.07E+01 -9.07E+01 3.002E-10 1.740E-11
     3    12 2.080E-06 1.649E-07  2879 -1.88E+02 -1.88E+02 7.251E-15 3.955E-16
                        (NSTEP:    31  DELTAT:   1.0000E+02  TIME:   1.5835E+03)
     1    14 7.686E+00 4.269E-01  3529 -1.22E+02 -1.22E+02 1.963E-07 8.255E-09
     2     7 1.783E-02 1.035E-03  2709 -9.10E+01 -9.10E+01 3.000E-10 1.740E-11
     3    13 2.080E-06 1.648E-07  2879 -1.88E+02 -1.88E+02 7.248E-15 3.952E-16
                        (NSTEP:    32  DELTAT:   1.0000E+02  TIME:   1.6835E+03)
     1    14 7.672E+00 4.265E-01  3529 -1.23E+02 -1.23E+02 1.963E-07 8.256E-09
     2     6 1.781E-02 1.035E-03  2688 -9.12E+01 -9.12E+01 2.998E-10 1.741E-11
     3    12 2.080E-06 1.647E-07  2879 -1.88E+02 -1.88E+02 7.246E-15 3.949E-16
                        (NSTEP:    33  DELTAT:   1.0000E+02  TIME:   1.7835E+03)
     1    14 7.658E+00 4.261E-01  3529 -1.23E+02 -1.23E+02 1.962E-07 8.256E-09
     2     6 1.780E-02 1.035E-03  2688 -9.16E+01 -9.16E+01 2.996E-10 1.741E-11
     3    12 2.079E-06 1.646E-07  2879 -1.88E+02 -1.88E+02 7.243E-15 3.946E-16
                        (NSTEP:    34  DELTAT:   1.0000E+02  TIME:   1.8835E+03)
     1    14 7.644E+00 4.257E-01  3529 -1.24E+02 -1.23E+02 1.961E-07 8.256E-09
     2     6 1.779E-02 1.035E-03  2688 -9.19E+01 -9.19E+01 2.994E-10 1.742E-11
     3    13 2.079E-06 1.645E-07  2879 -1.88E+02 -1.88E+02 7.240E-15 3.942E-16
                        (NSTEP:    35  DELTAT:   1.0000E+02  TIME:   1.9835E+03)
     1    14 7.630E+00 4.253E-01  3529 -1.24E+02 -1.24E+02 1.961E-07 8.257E-09
     2     6 1.778E-02 1.035E-03  2688 -9.23E+01 -9.23E+01 2.992E-10 1.742E-11
     3    12 2.079E-06 1.644E-07  2879 -1.88E+02 -1.88E+02 7.237E-15 3.939E-16
                        (NSTEP:    36  DELTAT:   1.0000E+02  TIME:   2.0835E+03)
     1    14 7.617E+00 4.249E-01  3529 -1.25E+02 -1.24E+02 1.960E-07 8.257E-09
     2     6 1.777E-02 1.035E-03  2688 -9.27E+01 -9.27E+01 2.990E-10 1.742E-11
     3    13 2.079E-06 1.643E-07  2879 -1.88E+02 -1.88E+02 7.234E-15 3.936E-16
                        (NSTEP:    37  DELTAT:   1.0000E+02  TIME:   2.1835E+03)
     1    13 7.603E+00 4.244E-01  3529 -1.25E+02 -1.25E+02 1.959E-07 8.257E-09
     2     6 1.776E-02 1.035E-03  2688 -9.30E+01 -9.30E+01 2.988E-10 1.743E-11
     3    13 2.079E-06 1.642E-07  2879 -1.88E+02 -1.88E+02 7.230E-15 3.933E-16
                        (NSTEP:    38  DELTAT:   1.0000E+02  TIME:   2.2835E+03)
     1    13 7.590E+00 4.239E-01  3529 -1.25E+02 -1.25E+02 1.958E-07 8.258E-09
     2     6 1.775E-02 1.035E-03  2688 -9.34E+01 -9.34E+01 2.987E-10 1.743E-11
     3    12 2.078E-06 1.641E-07  2879 -1.88E+02 -1.88E+02 7.227E-15 3.929E-16
                        (NSTEP:    39  DELTAT:   1.0000E+02  TIME:   2.3835E+03)
     1    13 7.577E+00 4.234E-01  3529 -1.26E+02 -1.25E+02 1.958E-07 8.258E-09
     2     6 1.774E-02 1.034E-03  2688 -9.38E+01 -9.38E+01 2.985E-10 1.744E-11
     3    12 2.078E-06 1.640E-07  2879 -1.88E+02 -1.88E+02 7.224E-15 3.926E-16
                        (NSTEP:    40  DELTAT:   1.0000E+02  TIME:   2.4835E+03)
     1    13 7.564E+00 4.229E-01  3529 -1.26E+02 -1.26E+02 1.957E-07 8.258E-09
     2     6 1.773E-02 1.034E-03  2688 -9.42E+01 -9.42E+01 2.983E-10 1.744E-11
     3    13 2.078E-06 1.638E-07  2879 -1.88E+02 -1.88E+02 7.221E-15 3.922E-16
                        (NSTEP:    41  DELTAT:   1.0000E+02  TIME:   2.5835E+03)
     1    13 7.552E+00 4.224E-01  3529 -1.27E+02 -1.26E+02 1.956E-07 8.259E-09
     2     6 1.772E-02 1.034E-03  2688 -9.45E+01 -9.45E+01 2.981E-10 1.744E-11
     3    12 2.077E-06 1.637E-07  2879 -1.88E+02 -1.88E+02 7.217E-15 3.919E-16
                        (NSTEP:    42  DELTAT:   1.0000E+02  TIME:   2.6835E+03)
     1    13 7.539E+00 4.218E-01  3529 -1.27E+02 -1.27E+02 1.956E-07 8.259E-09
     2     6 1.771E-02 1.033E-03  2688 -9.49E+01 -9.49E+01 2.979E-10 1.745E-11
     3    13 2.077E-06 1.636E-07  2879 -1.89E+02 -1.89E+02 7.214E-15 3.916E-16
                        (NSTEP:    43  DELTAT:   1.0000E+02  TIME:   2.7835E+03)
     1    13 7.527E+00 4.212E-01  3529 -1.28E+02 -1.27E+02 1.955E-07 8.260E-09
     2     6 1.770E-02 1.033E-03  2688 -9.53E+01 -9.53E+01 2.977E-10 1.745E-11
     3    12 2.077E-06 1.635E-07  2879 -1.89E+02 -1.89E+02 7.210E-15 3.912E-16
                        (NSTEP:    44  DELTAT:   1.0000E+02  TIME:   2.8835E+03)
     1    13 7.515E+00 4.206E-01  3529 -1.28E+02 -1.28E+02 1.954E-07 8.260E-09
     2     6 1.769E-02 1.032E-03  2688 -9.57E+01 -9.57E+01 2.975E-10 1.746E-11
     3    12 2.076E-06 1.634E-07  2879 -1.89E+02 -1.89E+02 7.207E-15 3.909E-16
                        (NSTEP:    45  DELTAT:   1.0000E+02  TIME:   2.9835E+03)
     1    13 7.503E+00 4.200E-01  3529 -1.28E+02 -1.28E+02 1.953E-07 8.260E-09
     2     6 1.769E-02 1.032E-03  2688 -9.61E+01 -9.61E+01 2.973E-10 1.746E-11
     3    12 2.076E-06 1.633E-07  2879 -1.89E+02 -1.89E+02 7.203E-15 3.905E-16
                        (NSTEP:    46  DELTAT:   1.0000E+02  TIME:   3.0835E+03)
     1    13 7.492E+00 4.194E-01  3529 -1.29E+02 -1.28E+02 1.953E-07 8.261E-09
     2     6 1.768E-02 1.031E-03  2688 -9.64E+01 -9.64E+01 2.971E-10 1.746E-11
     3    12 2.075E-06 1.631E-07  2879 -1.89E+02 -1.89E+02 7.199E-15 3.902E-16
                        (NSTEP:    47  DELTAT:   1.0000E+02  TIME:   3.1835E+03)
     1    13 7.480E+00 4.187E-01  3529 -1.29E+02 -1.29E+02 1.952E-07 8.261E-09
     2     6 1.767E-02 1.030E-03  2688 -9.68E+01 -9.68E+01 2.969E-10 1.747E-11
     3    12 2.075E-06 1.630E-07  2879 -1.89E+02 -1.89E+02 7.195E-15 3.898E-16
                        (NSTEP:    48  DELTAT:   1.0000E+02  TIME:   3.2835E+03)
     1    13 7.469E+00 4.180E-01  3529 -1.30E+02 -1.29E+02 1.951E-07 8.261E-09
     2     6 1.767E-02 1.029E-03  2688 -9.72E+01 -9.72E+01 2.966E-10 1.747E-11
     3    12 2.074E-06 1.629E-07  2879 -1.89E+02 -1.89E+02 7.191E-15 3.895E-16
                        (NSTEP:    49  DELTAT:   1.0000E+02  TIME:   3.3835E+03)
     1    13 7.458E+00 4.173E-01  3529 -1.30E+02 -1.30E+02 1.951E-07 8.262E-09
     2     6 1.766E-02 1.029E-03  2688 -9.76E+01 -9.76E+01 2.964E-10 1.747E-11
     3    12 2.074E-06 1.628E-07  2879 -1.89E+02 -1.89E+02 7.188E-15 3.891E-16
                        (NSTEP:    50  DELTAT:   1.0000E+02  TIME:   3.4835E+03)
     1    13 7.447E+00 4.166E-01  3529 -1.31E+02 -1.30E+02 1.950E-07 8.262E-09
     2     6 1.765E-02 1.028E-03  2688 -9.80E+01 -9.80E+01 2.962E-10 1.748E-11
     3    12 2.073E-06 1.627E-07  2879 -1.89E+02 -1.89E+02 7.184E-15 3.888E-16
                        (NSTEP:    51  DELTAT:   1.0000E+02  TIME:   3.5835E+03)
     1    13 7.436E+00 4.159E-01  3529 -1.31E+02 -1.31E+02 1.949E-07 8.263E-09
     2     6 1.765E-02 1.027E-03  2688 -9.83E+01 -9.83E+01 2.960E-10 1.748E-11
     3    12 2.072E-06 1.625E-07  2879 -1.89E+02 -1.89E+02 7.179E-15 3.884E-16
                        (NSTEP:    52  DELTAT:   1.0000E+02  TIME:   3.6835E+03)
     1    13 7.425E+00 4.151E-01  3529 -1.31E+02 -1.31E+02 1.948E-07 8.263E-09
     2     6 1.764E-02 1.026E-03  2688 -9.87E+01 -9.87E+01 2.958E-10 1.748E-11
     3    12 2.072E-06 1.624E-07  2879 -1.89E+02 -1.89E+02 7.175E-15 3.880E-16
                        (NSTEP:    53  DELTAT:   1.0000E+02  TIME:   3.7835E+03)
     1    13 7.415E+00 4.143E-01  3529 -1.32E+02 -1.31E+02 1.948E-07 8.263E-09
     2     6 1.764E-02 1.024E-03  2688 -9.91E+01 -9.91E+01 2.956E-10 1.748E-11
     3    12 2.071E-06 1.623E-07  2879 -1.89E+02 -1.89E+02 7.171E-15 3.877E-16
                        (NSTEP:    54  DELTAT:   1.0000E+02  TIME:   3.8835E+03)
     1    13 7.405E+00 4.135E-01  3529 -1.32E+02 -1.32E+02 1.947E-07 8.264E-09
     2     5 1.763E-02 1.023E-03  2688 -9.95E+01 -9.95E+01 2.954E-10 1.749E-11
     3    12 2.071E-06 1.621E-07  2879 -1.89E+02 -1.89E+02 7.167E-15 3.873E-16
                        (NSTEP:    55  DELTAT:   1.0000E+02  TIME:   3.9835E+03)
     1    13 7.395E+00 4.127E-01  3529 -1.33E+02 -1.32E+02 1.946E-07 8.264E-09
     2     5 1.763E-02 1.022E-03  2688 -9.99E+01 -9.99E+01 2.952E-10 1.749E-11
     3    12 2.070E-06 1.620E-07  2879 -1.89E+02 -1.89E+02 7.163E-15 3.869E-16
                        (NSTEP:    56  DELTAT:   1.0000E+02  TIME:   4.0835E+03)
     1    13 7.385E+00 4.119E-01  3529 -1.33E+02 -1.33E+02 1.946E-07 8.264E-09
     2     5 1.762E-02 1.021E-03  2688 -1.00E+02 -1.00E+02 2.950E-10 1.749E-11
     3    12 2.069E-06 1.619E-07  2879 -1.89E+02 -1.89E+02 7.158E-15 3.866E-16
                        (NSTEP:    57  DELTAT:   1.0000E+02  TIME:   4.1835E+03)
     1    13 7.375E+00 4.111E-01  3529 -1.33E+02 -1.33E+02 1.945E-07 8.265E-09
     2     5 1.762E-02 1.020E-03  3550 -8.15E+01 -8.15E+01 2.948E-10 1.749E-11
     3    13 2.068E-06 1.617E-07  2879 -1.89E+02 -1.89E+02 7.154E-15 3.862E-16
                        (NSTEP:    58  DELTAT:   1.0000E+02  TIME:   4.2835E+03)
     1    13 7.365E+00 4.102E-01  3529 -1.34E+02 -1.33E+02 1.944E-07 8.265E-09
     2     5 1.761E-02 1.021E-03  3530 -8.18E+01 -8.18E+01 2.945E-10 1.750E-11
     3    12 2.068E-06 1.616E-07  2879 -1.89E+02 -1.89E+02 7.150E-15 3.858E-16
                        (NSTEP:    59  DELTAT:   1.0000E+02  TIME:   4.3835E+03)
     1    13 7.356E+00 4.093E-01  3529 -1.34E+02 -1.34E+02 1.943E-07 8.266E-09
     2     5 1.761E-02 1.023E-03  3530 -8.22E+01 -8.22E+01 2.943E-10 1.750E-11
     3    13 2.067E-06 1.615E-07  2879 -1.89E+02 -1.89E+02 7.145E-15 3.855E-16
                        (NSTEP:    60  DELTAT:   1.0000E+02  TIME:   4.4835E+03)
     1    13 7.347E+00 4.084E-01  3529 -1.35E+02 -1.34E+02 1.943E-07 8.266E-09
     2     5 1.760E-02 1.024E-03  3530 -8.25E+01 -8.25E+01 2.941E-10 1.750E-11
     3    13 2.066E-06 1.613E-07  2879 -1.89E+02 -1.89E+02 7.141E-15 3.851E-16
                        (NSTEP:    61  DELTAT:   1.0000E+02  TIME:   4.5835E+03)
     1    13 7.338E+00 4.075E-01  3529 -1.35E+02 -1.35E+02 1.942E-07 8.266E-09
     2     5 1.760E-02 1.025E-03  3530 -8.29E+01 -8.29E+01 2.939E-10 1.750E-11
     3    12 2.065E-06 1.612E-07  2879 -1.89E+02 -1.89E+02 7.136E-15 3.847E-16
                        (NSTEP:    62  DELTAT:   1.0000E+02  TIME:   4.6835E+03)
     1    13 7.329E+00 4.066E-01  3529 -1.35E+02 -1.35E+02 1.941E-07 8.267E-09
     2     5 1.760E-02 1.027E-03  3550 -8.32E+01 -8.32E+01 2.937E-10 1.750E-11
     3    13 2.064E-06 1.610E-07  2879 -1.89E+02 -1.89E+02 7.131E-15 3.843E-16
                        (NSTEP:    63  DELTAT:   1.0000E+02  TIME:   4.7835E+03)
     1    13 7.320E+00 4.056E-01  3529 -1.36E+02 -1.35E+02 1.941E-07 8.267E-09
     2     5 1.759E-02 1.028E-03  3530 -8.36E+01 -8.36E+01 2.935E-10 1.751E-11
     3    13 2.064E-06 1.609E-07  2879 -1.89E+02 -1.89E+02 7.127E-15 3.839E-16
                        (NSTEP:    64  DELTAT:   1.0000E+02  TIME:   4.8835E+03)
     1    13 7.311E+00 4.046E-01  3529 -1.36E+02 -1.36E+02 1.940E-07 8.268E-09
     2     5 1.759E-02 1.029E-03  3530 -8.39E+01 -8.39E+01 2.932E-10 1.751E-11
     3    12 2.063E-06 1.608E-07  2879 -1.89E+02 -1.89E+02 7.122E-15 3.836E-16
                        (NSTEP:    65  DELTAT:   1.0000E+02  TIME:   4.9835E+03)
     1    12 7.303E+00 4.036E-01  3529 -1.37E+02 -1.36E+02 1.939E-07 8.268E-09
     2     6 1.758E-02 1.030E-03  3530 -8.43E+01 -8.43E+01 2.930E-10 1.751E-11
     3    13 2.062E-06 1.606E-07  2879 -1.90E+02 -1.90E+02 7.117E-15 3.832E-16
                        (NSTEP:    66  DELTAT:   1.0000E+02  TIME:   5.0835E+03)
     1    12 7.295E+00 4.026E-01  3529 -1.37E+02 -1.37E+02 1.938E-07 8.269E-09
     2     6 1.758E-02 1.031E-03  3530 -8.46E+01 -8.46E+01 2.928E-10 1.751E-11
     3    12 2.061E-06 1.605E-07  2879 -1.90E+02 -1.90E+02 7.112E-15 3.828E-16
                        (NSTEP:    67  DELTAT:   1.0000E+02  TIME:   5.1835E+03)
     1    12 7.287E+00 4.016E-01  3529 -1.38E+02 -1.37E+02 1.938E-07 8.269E-09
     2     6 1.757E-02 1.033E-03  3530 -8.50E+01 -8.50E+01 2.926E-10 1.751E-11
     3    13 2.060E-06 1.603E-07  2879 -1.90E+02 -1.90E+02 7.107E-15 3.824E-16
                        (NSTEP:    68  DELTAT:   1.0000E+02  TIME:   5.2835E+03)
     1    12 7.279E+00 4.006E-01  3529 -1.38E+02 -1.38E+02 1.937E-07 8.269E-09
     2     6 1.757E-02 1.034E-03  3530 -8.53E+01 -8.53E+01 2.923E-10 1.751E-11
     3    13 2.059E-06 1.602E-07  2879 -1.90E+02 -1.90E+02 7.102E-15 3.820E-16
                        (NSTEP:    69  DELTAT:   1.0000E+02  TIME:   5.3835E+03)
     1    12 7.271E+00 3.995E-01  3529 -1.38E+02 -1.38E+02 1.936E-07 8.270E-09
     2     6 1.756E-02 1.035E-03  3550 -8.57E+01 -8.57E+01 2.921E-10 1.751E-11
     3    12 2.058E-06 1.600E-07  2879 -1.90E+02 -1.90E+02 7.097E-15 3.816E-16
                        (NSTEP:    70  DELTAT:   1.0000E+02  TIME:   5.4835E+03)
     1    12 7.263E+00 3.985E-01  3529 -1.39E+02 -1.38E+02 1.936E-07 8.270E-09
     2     6 1.756E-02 1.035E-03  3530 -8.61E+01 -8.61E+01 2.919E-10 1.751E-11
     3    12 2.057E-06 1.599E-07  2879 -1.90E+02 -1.90E+02 7.092E-15 3.812E-16
                        (NSTEP:    71  DELTAT:   1.0000E+02  TIME:   5.5835E+03)
     1    12 7.256E+00 3.974E-01  3529 -1.39E+02 -1.39E+02 1.935E-07 8.271E-09
     2     6 1.755E-02 1.036E-03  3530 -8.64E+01 -8.64E+01 2.917E-10 1.752E-11
     3    12 2.056E-06 1.597E-07  2879 -1.90E+02 -1.90E+02 7.087E-15 3.808E-16
                        (NSTEP:    72  DELTAT:   1.0000E+02  TIME:   5.6835E+03)
     1    12 7.249E+00 3.963E-01  3529 -1.40E+02 -1.39E+02 1.934E-07 8.271E-09
     2     6 1.755E-02 1.037E-03  3530 -8.68E+01 -8.68E+01 2.914E-10 1.752E-11
     3    12 2.055E-06 1.596E-07  2879 -1.90E+02 -1.90E+02 7.082E-15 3.804E-16
                        (NSTEP:    73  DELTAT:   1.0000E+02  TIME:   5.7835E+03)
     1    12 7.241E+00 3.951E-01  3529 -1.40E+02 -1.40E+02 1.933E-07 8.272E-09
     2     6 1.754E-02 1.038E-03  3530 -8.71E+01 -8.71E+01 2.912E-10 1.752E-11
     3    12 2.054E-06 1.594E-07  2879 -1.90E+02 -1.90E+02 7.077E-15 3.800E-16
                        (NSTEP:    74  DELTAT:   1.0000E+02  TIME:   5.8835E+03)
     1    12 7.234E+00 3.940E-01  3529 -1.40E+02 -1.40E+02 1.933E-07 8.272E-09
     2     6 1.754E-02 1.039E-03  3550 -8.75E+01 -8.75E+01 2.910E-10 1.752E-11
     3    13 2.053E-06 1.593E-07  2879 -1.90E+02 -1.90E+02 7.072E-15 3.796E-16
                        (NSTEP:    75  DELTAT:   1.0000E+02  TIME:   5.9835E+03)
     1    12 7.228E+00 3.931E-01  2709 -1.08E+02 -1.08E+02 1.932E-07 8.273E-09
     2     6 1.753E-02 1.039E-03  3530 -8.78E+01 -8.78E+01 2.907E-10 1.752E-11
     3    12 2.052E-06 1.591E-07  2879 -1.90E+02 -1.90E+02 7.066E-15 3.792E-16
                        (NSTEP:    76  DELTAT:   1.0000E+02  TIME:   6.0835E+03)
     1    12 7.221E+00 3.934E-01  2709 -1.08E+02 -1.08E+02 1.931E-07 8.273E-09
     2     6 1.753E-02 1.040E-03  3550 -8.82E+01 -8.82E+01 2.905E-10 1.752E-11
     3    12 2.051E-06 1.590E-07  2879 -1.90E+02 -1.90E+02 7.061E-15 3.788E-16
                        (NSTEP:    77  DELTAT:   1.0000E+02  TIME:   6.1835E+03)
     1    12 7.214E+00 3.936E-01  2709 -1.09E+02 -1.08E+02 1.930E-07 8.273E-09
     2     6 1.752E-02 1.040E-03  3530 -8.86E+01 -8.86E+01 2.903E-10 1.752E-11
     3    13 2.050E-06 1.588E-07  2879 -1.90E+02 -1.90E+02 7.056E-15 3.784E-16
                        (NSTEP:    78  DELTAT:   1.0000E+02  TIME:   6.2835E+03)
     1    12 7.208E+00 3.939E-01  2709 -1.09E+02 -1.09E+02 1.930E-07 8.274E-09
     2     6 1.751E-02 1.041E-03  3530 -8.89E+01 -8.89E+01 2.901E-10 1.752E-11
     3    13 2.048E-06 1.586E-07  2879 -1.90E+02 -1.90E+02 7.050E-15 3.780E-16
                        (NSTEP:    79  DELTAT:   1.0000E+02  TIME:   6.3835E+03)
     1    12 7.201E+00 3.941E-01  2709 -1.10E+02 -1.09E+02 1.929E-07 8.274E-09
     2     6 1.751E-02 1.041E-03  3530 -8.93E+01 -8.93E+01 2.898E-10 1.752E-11
     3    12 2.047E-06 1.585E-07  2879 -1.90E+02 -1.90E+02 7.045E-15 3.776E-16
                        (NSTEP:    80  DELTAT:   1.0000E+02  TIME:   6.4835E+03)
     1    12 7.195E+00 3.944E-01  2709 -1.10E+02 -1.10E+02 1.928E-07 8.275E-09
     2     6 1.750E-02 1.042E-03  3550 -8.97E+01 -8.97E+01 2.896E-10 1.752E-11
     3    12 2.046E-06 1.583E-07  2879 -1.90E+02 -1.90E+02 7.040E-15 3.772E-16
                        (NSTEP:    81  DELTAT:   1.0000E+02  TIME:   6.5835E+03)
     1    12 7.189E+00 3.946E-01  2709 -1.10E+02 -1.10E+02 1.928E-07 8.275E-09
     2     6 1.749E-02 1.042E-03  3530 -9.00E+01 -9.00E+01 2.893E-10 1.752E-11
     3    12 2.045E-06 1.582E-07  2879 -1.90E+02 -1.90E+02 7.034E-15 3.768E-16
                        (NSTEP:    82  DELTAT:   1.0000E+02  TIME:   6.6835E+03)
     1    12 7.183E+00 3.948E-01  2709 -1.11E+02 -1.10E+02 1.927E-07 8.276E-09
     2     6 1.749E-02 1.042E-03  3550 -9.04E+01 -9.04E+01 2.891E-10 1.752E-11
     3    12 2.044E-06 1.580E-07  2879 -1.90E+02 -1.90E+02 7.029E-15 3.764E-16
                        (NSTEP:    83  DELTAT:   1.0000E+02  TIME:   6.7835E+03)
     1    12 7.177E+00 3.949E-01  2709 -1.11E+02 -1.11E+02 1.926E-07 8.276E-09
     2     6 1.748E-02 1.043E-03  3530 -9.08E+01 -9.08E+01 2.889E-10 1.751E-11
     3    12 2.042E-06 1.578E-07  2879 -1.90E+02 -1.90E+02 7.023E-15 3.760E-16
                        (NSTEP:    84  DELTAT:   1.0000E+02  TIME:   6.8835E+03)
     1    12 7.172E+00 3.951E-01  2709 -1.11E+02 -1.11E+02 1.925E-07 8.277E-09
     2     6 1.747E-02 1.043E-03  3530 -9.11E+01 -9.11E+01 2.886E-10 1.751E-11
     3    12 2.041E-06 1.577E-07  2879 -1.90E+02 -1.90E+02 7.017E-15 3.755E-16
                        (NSTEP:    85  DELTAT:   1.0000E+02  TIME:   6.9835E+03)
     1    12 7.166E+00 3.952E-01  2709 -1.12E+02 -1.11E+02 1.925E-07 8.277E-09
     2     6 1.746E-02 1.043E-03  3530 -9.15E+01 -9.15E+01 2.884E-10 1.751E-11
     3    13 2.040E-06 1.575E-07  2879 -1.90E+02 -1.90E+02 7.012E-15 3.751E-16
                        (NSTEP:    86  DELTAT:   1.0000E+02  TIME:   7.0835E+03)
     1    12 7.160E+00 3.954E-01  2709 -1.12E+02 -1.12E+02 1.924E-07 8.278E-09
     2     6 1.745E-02 1.043E-03  3530 -9.19E+01 -9.19E+01 2.882E-10 1.751E-11
     3    13 2.038E-06 1.573E-07  2879 -1.90E+02 -1.90E+02 7.006E-15 3.747E-16
                        (NSTEP:    87  DELTAT:   1.0000E+02  TIME:   7.1835E+03)
     1    12 7.155E+00 3.955E-01  2709 -1.13E+02 -1.12E+02 1.923E-07 8.278E-09
     2     6 1.745E-02 1.043E-03  3530 -9.22E+01 -9.22E+01 2.879E-10 1.751E-11
     3    13 2.037E-06 1.572E-07  2879 -1.90E+02 -1.90E+02 7.000E-15 3.743E-16
                        (NSTEP:    88  DELTAT:   1.0000E+02  TIME:   7.2835E+03)
     1    12 7.150E+00 3.956E-01  2709 -1.13E+02 -1.13E+02 1.922E-07 8.279E-09
     2     6 1.744E-02 1.043E-03  3550 -9.26E+01 -9.26E+01 2.877E-10 1.751E-11
     3    12 2.036E-06 1.570E-07  2879 -1.90E+02 -1.90E+02 6.995E-15 3.739E-16
                        (NSTEP:    89  DELTAT:   6.4265E+01  TIME:   7.3477E+03)
     1    11 4.592E+00 2.543E-01  2709 -1.13E+02 -1.13E+02 1.922E-07 8.279E-09
     2     6 7.193E-03 4.302E-04  3550 -9.29E+01 -9.29E+01 1.849E-10 1.126E-11
     3    13 5.386E-07 4.163E-08  2879 -1.90E+02 -1.90E+02 2.789E-15 1.544E-16
                        (NSTEP:    90  DELTAT:   6.4265E+01  TIME:   7.4120E+03)
     1    11 4.589E+00 2.543E-01  2709 -1.14E+02 -1.13E+02 1.921E-07 8.279E-09
     2     6 7.190E-03 4.302E-04  3530 -9.31E+01 -9.31E+01 1.848E-10 1.126E-11
     3    13 5.384E-07 4.160E-08  2879 -1.90E+02 -1.90E+02 2.788E-15 1.543E-16
