1	0	INDP	IPOND
-3.530e-01
-3.497e-01
-3.494e-01
-3.494e-01
-3.494e-01
-3.494e-01
-3.494e-01
-3.494e-01
-3.494e-01
-3.494e-01
-3.494e-01
-3.494e-01
-3.494e-01
-3.494e-01
-3.494e-01
-3.494e-01
-3.495e-01
-3.494e-01
-3.501e-01
-3.471e-01
-3.413e-01
-3.502e-01
-3.443e-01
-3.435e-01
-3.435e-01
-3.435e-01
-3.435e-01
-3.435e-01
-3.435e-01
-3.435e-01
-3.435e-01
-3.435e-01
-3.435e-01
-3.435e-01
-3.435e-01
-3.435e-01
-3.435e-01
-3.435e-01
-3.434e-01
-3.439e-01
-3.422e-01
-3.343e-01
-3.500e-01
-3.436e-01
-3.424e-01
-3.424e-01
-3.424e-01
-3.424e-01
-3.424e-01
-3.424e-01
-3.424e-01
-3.424e-01
-3.424e-01
-3.424e-01
-3.424e-01
-3.424e-01
-3.424e-01
-3.424e-01
-3.424e-01
-3.424e-01
-3.428e-01
-3.411e-01
-3.320e-01
-3.500e-01
-3.436e-01
-3.424e-01
-3.424e-01
-3.424e-01
-3.424e-01
-3.424e-01
-3.424e-01
-3.424e-01
-3.424e-01
-3.424e-01
-3.424e-01
-3.424e-01
-3.424e-01
-3.424e-01
-3.424e-01
-3.424e-01
-3.423e-01
-3.428e-01
-3.411e-01
-3.320e-01
-3.500e-01
-3.436e-01
-3.424e-01
-3.424e-01
-3.424e-01
-3.424e-01
-3.424e-01
-3.424e-01
-3.424e-01
-3.424e-01
-3.424e-01
-3.424e-01
-3.424e-01
-3.424e-01
-3.424e-01
-3.424e-01
-3.424e-01
-3.424e-01
-3.428e-01
-3.411e-01
-3.320e-01
-3.500e-01
-3.436e-01
-3.424e-01
-3.424e-01
-3.424e-01
-3.424e-01
-3.424e-01
-3.424e-01
-3.424e-01
-3.424e-01
-3.424e-01
-3.424e-01
-3.424e-01
-3.424e-01
-3.424e-01
-3.424e-01
-3.424e-01
-3.424e-01
-3.428e-01
-3.411e-01
-3.320e-01
-3.500e-01
-3.436e-01
-3.424e-01
-3.424e-01
-3.424e-01
-3.424e-01
-3.424e-01
-3.424e-01
-3.424e-01
-3.424e-01
-3.424e-01
-3.424e-01
-3.424e-01
-3.424e-01
-3.424e-01
-3.424e-01
-3.424e-01
-3.424e-01
-3.428e-01
-3.411e-01
-3.320e-01
-3.500e-01
-3.436e-01
-3.424e-01
-3.424e-01
-3.424e-01
-3.424e-01
-3.424e-01
-3.424e-01
-3.424e-01
-3.424e-01
-3.424e-01
-3.424e-01
-3.424e-01
-3.424e-01
-3.424e-01
-3.424e-01
-3.424e-01
-3.424e-01
-3.428e-01
-3.411e-01
-3.320e-01
-3.500e-01
-3.436e-01
-3.424e-01
-3.424e-01
-3.424e-01
-3.424e-01
-3.424e-01
-3.424e-01
-3.424e-01
-3.424e-01
-3.424e-01
-3.424e-01
-3.424e-01
-3.424e-01
-3.424e-01
-3.424e-01
-3.424e-01
-3.424e-01
-3.428e-01
-3.411e-01
-3.320e-01
-3.500e-01
-3.436e-01
-3.424e-01
-3.424e-01
-3.424e-01
-3.424e-01
-3.424e-01
-3.424e-01
-3.424e-01
-3.424e-01
-3.424e-01
-3.424e-01
-3.424e-01
-3.424e-01
-3.424e-01
-3.424e-01
-3.424e-01
-3.424e-01
-3.428e-01
-3.411e-01
-3.320e-01
-3.500e-01
-3.436e-01
-3.424e-01
-3.424e-01
-3.424e-01
-3.424e-01
-3.424e-01
-3.424e-01
-3.424e-01
-3.424e-01
-3.424e-01
-3.424e-01
-3.424e-01
-3.424e-01
-3.424e-01
-3.424e-01
-3.424e-01
-3.424e-01
-3.428e-01
-3.411e-01
-3.320e-01
-3.500e-01
-3.436e-01
-3.424e-01
-3.424e-01
-3.424e-01
-3.424e-01
-3.424e-01
-3.424e-01
-3.424e-01
-3.424e-01
-3.424e-01
-3.424e-01
-3.424e-01
-3.424e-01
-3.424e-01
-3.424e-01
-3.424e-01
-3.424e-01
-3.428e-01
-3.411e-01
-3.320e-01
-3.500e-01
-3.436e-01
-3.424e-01
-3.424e-01
-3.424e-01
-3.424e-01
-3.424e-01
-3.424e-01
-3.424e-01
-3.424e-01
-3.424e-01
-3.424e-01
-3.424e-01
-3.424e-01
-3.424e-01
-3.424e-01
-3.424e-01
-3.424e-01
-3.428e-01
-3.411e-01
-3.320e-01
-3.500e-01
-3.436e-01
-3.424e-01
-3.424e-01
-3.424e-01
-3.424e-01
-3.424e-01
-3.424e-01
-3.424e-01
-3.424e-01
-3.424e-01
-3.424e-01
-3.424e-01
-3.424e-01
-3.424e-01
-3.424e-01
-3.424e-01
-3.424e-01
-3.428e-01
-3.411e-01
-3.320e-01
-3.500e-01
-3.436e-01
-3.424e-01
-3.424e-01
-3.424e-01
-3.424e-01
-3.424e-01
-3.424e-01
-3.424e-01
-3.424e-01
-3.424e-01
-3.424e-01
-3.424e-01
-3.424e-01
-3.424e-01
-3.424e-01
-3.424e-01
-3.424e-01
-3.428e-01
-3.411e-01
-3.320e-01
-3.500e-01
-3.436e-01
-3.424e-01
-3.424e-01
-3.424e-01
-3.424e-01
-3.424e-01
-3.424e-01
-3.424e-01
-3.424e-01
-3.424e-01
-3.424e-01
-3.424e-01
-3.424e-01
-3.424e-01
-3.424e-01
-3.424e-01
-3.424e-01
-3.428e-01
-3.411e-01
-3.320e-01
-3.500e-01
-3.436e-01
-3.424e-01
-3.424e-01
-3.424e-01
-3.424e-01
-3.424e-01
-3.424e-01
-3.424e-01
-3.424e-01
-3.424e-01
-3.424e-01
-3.424e-01
-3.424e-01
-3.424e-01
-3.424e-01
-3.424e-01
-3.424e-01
-3.428e-01
-3.411e-01
-3.320e-01
-3.500e-01
-3.436e-01
-3.424e-01
-3.423e-01
-3.424e-01
-3.424e-01
-3.424e-01
-3.424e-01
-3.424e-01
-3.424e-01
-3.424e-01
-3.424e-01
-3.424e-01
-3.424e-01
-3.424e-01
-3.424e-01
-3.424e-01
-3.423e-01
-3.428e-01
-3.411e-01
-3.321e-01
-3.506e-01
-3.440e-01
-3.428e-01
-3.428e-01
-3.428e-01
-3.428e-01
-3.428e-01
-3.428e-01
-3.428e-01
-3.428e-01
-3.428e-01
-3.428e-01
-3.428e-01
-3.428e-01
-3.428e-01
-3.428e-01
-3.428e-01
-3.428e-01
-3.432e-01
-3.413e-01
-3.321e-01
-3.478e-01
-3.422e-01
-3.411e-01
-3.411e-01
-3.411e-01
-3.411e-01
-3.411e-01
-3.411e-01
-3.411e-01
-3.411e-01
-3.411e-01
-3.411e-01
-3.411e-01
-3.411e-01
-3.411e-01
-3.411e-01
-3.411e-01
-3.410e-01
-3.414e-01
-3.400e-01
-3.318e-01
-3.418e-01
-3.349e-01
-3.324e-01
-3.324e-01
-3.324e-01
-3.324e-01
-3.324e-01
-3.324e-01
-3.324e-01
-3.324e-01
-3.324e-01
-3.324e-01
-3.324e-01
-3.324e-01
-3.324e-01
-3.324e-01
-3.324e-01
-3.324e-01
-3.325e-01
-3.321e-01
-3.265e-01
-3.474e-01
-3.445e-01
-3.442e-01
-3.442e-01
-3.442e-01
-3.442e-01
-3.442e-01
-3.442e-01
-3.442e-01
-3.442e-01
-3.442e-01
-3.442e-01
-3.442e-01
-3.442e-01
-3.442e-01
-3.442e-01
-3.443e-01
-3.442e-01
-3.449e-01
-3.418e-01
-3.368e-01
-3.450e-01
-3.398e-01
-3.390e-01
-3.390e-01
-3.390e-01
-3.390e-01
-3.390e-01
-3.390e-01
-3.390e-01
-3.390e-01
-3.390e-01
-3.390e-01
-3.390e-01
-3.390e-01
-3.390e-01
-3.390e-01
-3.390e-01
-3.389e-01
-3.394e-01
-3.376e-01
-3.305e-01
-3.448e-01
-3.391e-01
-3.379e-01
-3.379e-01
-3.379e-01
-3.379e-01
-3.379e-01
-3.379e-01
-3.379e-01
-3.379e-01
-3.379e-01
-3.379e-01
-3.379e-01
-3.379e-01
-3.379e-01
-3.379e-01
-3.379e-01
-3.379e-01
-3.383e-01
-3.366e-01
-3.281e-01
-3.448e-01
-3.391e-01
-3.379e-01
-3.379e-01
-3.379e-01
-3.379e-01
-3.379e-01
-3.379e-01
-3.379e-01
-3.379e-01
-3.379e-01
-3.379e-01
-3.379e-01
-3.379e-01
-3.379e-01
-3.379e-01
-3.379e-01
-3.378e-01
-3.383e-01
-3.366e-01
-3.281e-01
-3.448e-01
-3.391e-01
-3.379e-01
-3.379e-01
-3.379e-01
-3.379e-01
-3.379e-01
-3.379e-01
-3.379e-01
-3.379e-01
-3.379e-01
-3.379e-01
-3.379e-01
-3.379e-01
-3.379e-01
-3.379e-01
-3.379e-01
-3.378e-01
-3.383e-01
-3.366e-01
-3.281e-01
-3.448e-01
-3.391e-01
-3.379e-01
-3.379e-01
-3.379e-01
-3.379e-01
-3.379e-01
-3.379e-01
-3.379e-01
-3.379e-01
-3.379e-01
-3.379e-01
-3.379e-01
-3.379e-01
-3.379e-01
-3.379e-01
-3.379e-01
-3.378e-01
-3.383e-01
-3.366e-01
-3.281e-01
-3.448e-01
-3.391e-01
-3.379e-01
-3.379e-01
-3.379e-01
-3.379e-01
-3.379e-01
-3.379e-01
-3.379e-01
-3.379e-01
-3.379e-01
-3.379e-01
-3.379e-01
-3.379e-01
-3.379e-01
-3.379e-01
-3.379e-01
-3.378e-01
-3.383e-01
-3.366e-01
-3.281e-01
-3.448e-01
-3.391e-01
-3.379e-01
-3.379e-01
-3.379e-01
-3.379e-01
-3.379e-01
-3.379e-01
-3.379e-01
-3.379e-01
-3.379e-01
-3.379e-01
-3.379e-01
-3.379e-01
-3.379e-01
-3.379e-01
-3.379e-01
-3.378e-01
-3.383e-01
-3.366e-01
-3.281e-01
-3.448e-01
-3.391e-01
-3.379e-01
-3.379e-01
-3.379e-01
-3.379e-01
-3.379e-01
-3.379e-01
-3.379e-01
-3.379e-01
-3.379e-01
-3.379e-01
-3.379e-01
-3.379e-01
-3.379e-01
-3.379e-01
-3.379e-01
-3.378e-01
-3.383e-01
-3.366e-01
-3.281e-01
-3.448e-01
-3.391e-01
-3.379e-01
-3.379e-01
-3.379e-01
-3.379e-01
-3.379e-01
-3.379e-01
-3.379e-01
-3.379e-01
-3.379e-01
-3.379e-01
-3.379e-01
-3.379e-01
-3.379e-01
-3.379e-01
-3.379e-01
-3.378e-01
-3.383e-01
-3.366e-01
-3.281e-01
-3.448e-01
-3.391e-01
-3.379e-01
-3.379e-01
-3.379e-01
-3.379e-01
-3.379e-01
-3.379e-01
-3.379e-01
-3.379e-01
-3.379e-01
-3.379e-01
-3.379e-01
-3.379e-01
-3.379e-01
-3.379e-01
-3.379e-01
-3.378e-01
-3.383e-01
-3.366e-01
-3.281e-01
-3.448e-01
-3.391e-01
-3.379e-01
-3.379e-01
-3.379e-01
-3.379e-01
-3.379e-01
-3.379e-01
-3.379e-01
-3.379e-01
-3.379e-01
-3.379e-01
-3.379e-01
-3.379e-01
-3.379e-01
-3.379e-01
-3.379e-01
-3.378e-01
-3.383e-01
-3.366e-01
-3.281e-01
-3.448e-01
-3.391e-01
-3.379e-01
-3.379e-01
-3.379e-01
-3.379e-01
-3.379e-01
-3.379e-01
-3.379e-01
-3.379e-01
-3.379e-01
-3.379e-01
-3.379e-01
-3.379e-01
-3.379e-01
-3.379e-01
-3.379e-01
-3.378e-01
-3.383e-01
-3.366e-01
-3.281e-01
-3.448e-01
-3.391e-01
-3.379e-01
-3.379e-01
-3.379e-01
-3.379e-01
-3.379e-01
-3.379e-01
-3.379e-01
-3.379e-01
-3.379e-01
-3.379e-01
-3.379e-01
-3.379e-01
-3.379e-01
-3.379e-01
-3.379e-01
-3.378e-01
-3.383e-01
-3.366e-01
-3.281e-01
-3.448e-01
-3.391e-01
-3.379e-01
-3.379e-01
-3.379e-01
-3.379e-01
-3.379e-01
-3.379e-01
-3.379e-01
-3.379e-01
-3.379e-01
-3.379e-01
-3.379e-01
-3.379e-01
-3.379e-01
-3.379e-01
-3.379e-01
-3.378e-01
-3.383e-01
-3.366e-01
-3.281e-01
-3.448e-01
-3.391e-01
-3.379e-01
-3.379e-01
-3.379e-01
-3.379e-01
-3.379e-01
-3.379e-01
-3.379e-01
-3.379e-01
-3.379e-01
-3.379e-01
-3.379e-01
-3.379e-01
-3.379e-01
-3.379e-01
-3.379e-01
-3.378e-01
-3.383e-01
-3.366e-01
-3.281e-01
-3.449e-01
-3.391e-01
-3.379e-01
-3.379e-01
-3.379e-01
-3.379e-01
-3.379e-01
-3.379e-01
-3.379e-01
-3.379e-01
-3.379e-01
-3.379e-01
-3.379e-01
-3.379e-01
-3.379e-01
-3.379e-01
-3.379e-01
-3.378e-01
-3.383e-01
-3.366e-01
-3.281e-01
-3.448e-01
-3.391e-01
-3.379e-01
-3.378e-01
-3.378e-01
-3.378e-01
-3.378e-01
-3.378e-01
-3.378e-01
-3.378e-01
-3.378e-01
-3.378e-01
-3.378e-01
-3.378e-01
-3.378e-01
-3.378e-01
-3.378e-01
-3.378e-01
-3.383e-01
-3.366e-01
-3.281e-01
-3.454e-01
-3.395e-01
-3.383e-01
-3.383e-01
-3.383e-01
-3.383e-01
-3.383e-01
-3.383e-01
-3.383e-01
-3.383e-01
-3.383e-01
-3.383e-01
-3.383e-01
-3.383e-01
-3.383e-01
-3.383e-01
-3.383e-01
-3.383e-01
-3.387e-01
-3.368e-01
-3.282e-01
-3.426e-01
-3.377e-01
-3.365e-01
-3.366e-01
-3.366e-01
-3.366e-01
-3.366e-01
-3.366e-01
-3.366e-01
-3.366e-01
-3.366e-01
-3.366e-01
-3.366e-01
-3.366e-01
-3.366e-01
-3.366e-01
-3.366e-01
-3.365e-01
-3.368e-01
-3.354e-01
-3.279e-01
-3.373e-01
-3.310e-01
-3.285e-01
-3.284e-01
-3.284e-01
-3.284e-01
-3.284e-01
-3.284e-01
-3.284e-01
-3.284e-01
-3.284e-01
-3.284e-01
-3.284e-01
-3.284e-01
-3.284e-01
-3.284e-01
-3.284e-01
-3.284e-01
-3.286e-01
-3.282e-01
-3.228e-01
-3.437e-01
-3.420e-01
-3.417e-01
-3.417e-01
-3.417e-01
-3.417e-01
-3.417e-01
-3.417e-01
-3.417e-01
-3.417e-01
-3.417e-01
-3.417e-01
-3.417e-01
-3.417e-01
-3.417e-01
-3.417e-01
-3.417e-01
-3.417e-01
-3.423e-01
-3.391e-01
-3.364e-01
-3.425e-01
-3.398e-01
-3.389e-01
-3.389e-01
-3.389e-01
-3.389e-01
-3.389e-01
-3.389e-01
-3.389e-01
-3.389e-01
-3.389e-01
-3.389e-01
-3.389e-01
-3.389e-01
-3.389e-01
-3.389e-01
-3.389e-01
-3.388e-01
-3.393e-01
-3.373e-01
-3.325e-01
-3.424e-01
-3.390e-01
-3.378e-01
-3.378e-01
-3.378e-01
-3.378e-01
-3.378e-01
-3.378e-01
-3.378e-01
-3.378e-01
-3.378e-01
-3.378e-01
-3.378e-01
-3.378e-01
-3.378e-01
-3.378e-01
-3.377e-01
-3.377e-01
-3.381e-01
-3.362e-01
-3.301e-01
-3.424e-01
-3.390e-01
-3.378e-01
-3.377e-01
-3.377e-01
-3.377e-01
-3.377e-01
-3.377e-01
-3.377e-01
-3.377e-01
-3.377e-01
-3.377e-01
-3.377e-01
-3.377e-01
-3.377e-01
-3.377e-01
-3.377e-01
-3.377e-01
-3.381e-01
-3.362e-01
-3.300e-01
-3.424e-01
-3.390e-01
-3.377e-01
-3.377e-01
-3.377e-01
-3.377e-01
-3.377e-01
-3.377e-01
-3.377e-01
-3.377e-01
-3.377e-01
-3.377e-01
-3.377e-01
-3.377e-01
-3.377e-01
-3.377e-01
-3.377e-01
-3.377e-01
-3.381e-01
-3.362e-01
-3.300e-01
-3.424e-01
-3.390e-01
-3.377e-01
-3.377e-01
-3.377e-01
-3.377e-01
-3.377e-01
-3.377e-01
-3.377e-01
-3.377e-01
-3.377e-01
-3.377e-01
-3.377e-01
-3.377e-01
-3.377e-01
-3.377e-01
-3.377e-01
-3.377e-01
-3.381e-01
-3.362e-01
-3.300e-01
-3.424e-01
-3.390e-01
-3.377e-01
-3.377e-01
-3.377e-01
-3.377e-01
-3.377e-01
-3.377e-01
-3.377e-01
-3.377e-01
-3.377e-01
-3.377e-01
-3.377e-01
-3.377e-01
-3.377e-01
-3.377e-01
-3.377e-01
-3.377e-01
-3.381e-01
-3.362e-01
-3.300e-01
-3.424e-01
-3.390e-01
-3.377e-01
-3.377e-01
-3.377e-01
-3.377e-01
-3.377e-01
-3.377e-01
-3.377e-01
-3.377e-01
-3.377e-01
-3.377e-01
-3.377e-01
-3.377e-01
-3.377e-01
-3.377e-01
-3.377e-01
-3.377e-01
-3.381e-01
-3.362e-01
-3.300e-01
-3.424e-01
-3.390e-01
-3.377e-01
-3.377e-01
-3.377e-01
-3.377e-01
-3.377e-01
-3.377e-01
-3.377e-01
-3.377e-01
-3.377e-01
-3.377e-01
-3.377e-01
-3.377e-01
-3.377e-01
-3.377e-01
-3.377e-01
-3.377e-01
-3.381e-01
-3.362e-01
-3.300e-01
-3.424e-01
-3.390e-01
-3.377e-01
-3.377e-01
-3.377e-01
-3.377e-01
-3.377e-01
-3.377e-01
-3.377e-01
-3.377e-01
-3.377e-01
-3.377e-01
-3.377e-01
-3.377e-01
-3.377e-01
-3.377e-01
-3.377e-01
-3.377e-01
-3.381e-01
-3.362e-01
-3.300e-01
-3.424e-01
-3.390e-01
-3.377e-01
-3.377e-01
-3.377e-01
-3.377e-01
-3.377e-01
-3.377e-01
-3.377e-01
-3.377e-01
-3.377e-01
-3.377e-01
-3.377e-01
-3.377e-01
-3.377e-01
-3.377e-01
-3.377e-01
-3.377e-01
-3.381e-01
-3.362e-01
-3.300e-01
-3.424e-01
-3.390e-01
-3.377e-01
-3.377e-01
-3.377e-01
-3.377e-01
-3.377e-01
-3.377e-01
-3.377e-01
-3.377e-01
-3.377e-01
-3.377e-01
-3.377e-01
-3.377e-01
-3.377e-01
-3.377e-01
-3.377e-01
-3.377e-01
-3.381e-01
-3.362e-01
-3.300e-01
-3.424e-01
-3.390e-01
-3.377e-01
-3.377e-01
-3.377e-01
-3.377e-01
-3.377e-01
-3.377e-01
-3.377e-01
-3.377e-01
-3.377e-01
-3.377e-01
-3.377e-01
-3.377e-01
-3.377e-01
-3.377e-01
-3.377e-01
-3.377e-01
-3.381e-01
-3.362e-01
-3.300e-01
-3.424e-01
-3.390e-01
-3.377e-01
-3.377e-01
-3.377e-01
-3.377e-01
-3.377e-01
-3.377e-01
-3.377e-01
-3.377e-01
-3.377e-01
-3.377e-01
-3.377e-01
-3.377e-01
-3.377e-01
-3.377e-01
-3.377e-01
-3.377e-01
-3.381e-01
-3.362e-01
-3.300e-01
-3.424e-01
-3.390e-01
-3.377e-01
-3.377e-01
-3.377e-01
-3.377e-01
-3.377e-01
-3.377e-01
-3.377e-01
-3.377e-01
-3.377e-01
-3.377e-01
-3.377e-01
-3.377e-01
-3.377e-01
-3.377e-01
-3.377e-01
-3.377e-01
-3.381e-01
-3.362e-01
-3.300e-01
-3.424e-01
-3.390e-01
-3.377e-01
-3.377e-01
-3.377e-01
-3.377e-01
-3.377e-01
-3.377e-01
-3.377e-01
-3.377e-01
-3.377e-01
-3.377e-01
-3.377e-01
-3.377e-01
-3.377e-01
-3.377e-01
-3.377e-01
-3.377e-01
-3.381e-01
-3.362e-01
-3.300e-01
-3.424e-01
-3.390e-01
-3.378e-01
-3.377e-01
-3.377e-01
-3.377e-01
-3.377e-01
-3.377e-01
-3.377e-01
-3.377e-01
-3.377e-01
-3.377e-01
-3.377e-01
-3.377e-01
-3.377e-01
-3.377e-01
-3.377e-01
-3.377e-01
-3.381e-01
-3.362e-01
-3.300e-01
-3.424e-01
-3.390e-01
-3.377e-01
-3.377e-01
-3.377e-01
-3.377e-01
-3.377e-01
-3.377e-01
-3.377e-01
-3.377e-01
-3.377e-01
-3.377e-01
-3.377e-01
-3.377e-01
-3.377e-01
-3.377e-01
-3.377e-01
-3.377e-01
-3.381e-01
-3.362e-01
-3.301e-01
-3.429e-01
-3.394e-01
-3.381e-01
-3.381e-01
-3.381e-01
-3.381e-01
-3.381e-01
-3.381e-01
-3.381e-01
-3.381e-01
-3.381e-01
-3.381e-01
-3.381e-01
-3.381e-01
-3.381e-01
-3.381e-01
-3.381e-01
-3.381e-01
-3.385e-01
-3.364e-01
-3.301e-01
-3.399e-01
-3.374e-01
-3.362e-01
-3.362e-01
-3.362e-01
-3.362e-01
-3.362e-01
-3.362e-01
-3.362e-01
-3.362e-01
-3.362e-01
-3.362e-01
-3.362e-01
-3.362e-01
-3.362e-01
-3.362e-01
-3.362e-01
-3.361e-01
-3.364e-01
-3.349e-01
-3.297e-01
-3.370e-01
-3.332e-01
-3.305e-01
-3.304e-01
-3.304e-01
-3.304e-01
-3.304e-01
-3.304e-01
-3.304e-01
-3.304e-01
-3.304e-01
-3.304e-01
-3.304e-01
-3.304e-01
-3.304e-01
-3.304e-01
-3.304e-01
-3.304e-01
-3.305e-01
-3.300e-01
-3.257e-01
-3.595e-01
-3.607e-01
-3.604e-01
-3.604e-01
-3.604e-01
-3.604e-01
-3.604e-01
-3.604e-01
-3.604e-01
-3.604e-01
-3.604e-01
-3.604e-01
-3.604e-01
-3.604e-01
-3.604e-01
-3.604e-01
-3.604e-01
-3.605e-01
-3.608e-01
-3.570e-01
-3.606e-01
-3.613e-01
-3.649e-01
-3.642e-01
-3.642e-01
-3.642e-01
-3.642e-01
-3.642e-01
-3.642e-01
-3.642e-01
-3.642e-01
-3.642e-01
-3.642e-01
-3.642e-01
-3.642e-01
-3.642e-01
-3.642e-01
-3.642e-01
-3.642e-01
-3.644e-01
-3.619e-01
-3.649e-01
-3.612e-01
-3.644e-01
-3.634e-01
-3.633e-01
-3.633e-01
-3.633e-01
-3.633e-01
-3.633e-01
-3.633e-01
-3.633e-01
-3.633e-01
-3.633e-01
-3.633e-01
-3.633e-01
-3.633e-01
-3.633e-01
-3.633e-01
-3.633e-01
-3.635e-01
-3.610e-01
-3.629e-01
-3.612e-01
-3.644e-01
-3.633e-01
-3.632e-01
-3.632e-01
-3.632e-01
-3.632e-01
-3.632e-01
-3.632e-01
-3.632e-01
-3.632e-01
-3.632e-01
-3.632e-01
-3.632e-01
-3.632e-01
-3.632e-01
-3.632e-01
-3.632e-01
-3.634e-01
-3.610e-01
-3.626e-01
-3.612e-01
-3.644e-01
-3.633e-01
-3.632e-01
-3.632e-01
-3.632e-01
-3.632e-01
-3.632e-01
-3.632e-01
-3.632e-01
-3.632e-01
-3.632e-01
-3.632e-01
-3.632e-01
-3.632e-01
-3.632e-01
-3.632e-01
-3.632e-01
-3.634e-01
-3.609e-01
-3.626e-01
-3.612e-01
-3.644e-01
-3.633e-01
-3.632e-01
-3.632e-01
-3.632e-01
-3.632e-01
-3.632e-01
-3.632e-01
-3.632e-01
-3.632e-01
-3.632e-01
-3.632e-01
-3.632e-01
-3.632e-01
-3.632e-01
-3.632e-01
-3.632e-01
-3.634e-01
-3.609e-01
-3.626e-01
-3.612e-01
-3.644e-01
-3.633e-01
-3.632e-01
-3.632e-01
-3.632e-01
-3.632e-01
-3.632e-01
-3.632e-01
-3.632e-01
-3.632e-01
-3.632e-01
-3.632e-01
-3.632e-01
-3.632e-01
-3.632e-01
-3.632e-01
-3.632e-01
-3.634e-01
-3.609e-01
-3.626e-01
-3.612e-01
-3.644e-01
-3.633e-01
-3.632e-01
-3.632e-01
-3.632e-01
-3.632e-01
-3.632e-01
-3.632e-01
-3.632e-01
-3.632e-01
-3.632e-01
-3.632e-01
-3.632e-01
-3.632e-01
-3.632e-01
-3.632e-01
-3.632e-01
-3.634e-01
-3.609e-01
-3.626e-01
-3.612e-01
-3.644e-01
-3.633e-01
-3.632e-01
-3.632e-01
-3.632e-01
-3.632e-01
-3.632e-01
-3.632e-01
-3.632e-01
-3.632e-01
-3.632e-01
-3.632e-01
-3.632e-01
-3.632e-01
-3.632e-01
-3.632e-01
-3.632e-01
-3.634e-01
-3.609e-01
-3.626e-01
-3.612e-01
-3.644e-01
-3.633e-01
-3.632e-01
-3.632e-01
-3.632e-01
-3.632e-01
-3.632e-01
-3.632e-01
-3.632e-01
-3.632e-01
-3.632e-01
-3.632e-01
-3.632e-01
-3.632e-01
-3.632e-01
-3.632e-01
-3.632e-01
-3.634e-01
-3.609e-01
-3.626e-01
-3.612e-01
-3.644e-01
-3.633e-01
-3.632e-01
-3.632e-01
-3.632e-01
-3.632e-01
-3.632e-01
-3.632e-01
-3.632e-01
-3.632e-01
-3.632e-01
-3.632e-01
-3.632e-01
-3.632e-01
-3.632e-01
-3.632e-01
-3.632e-01
-3.634e-01
-3.609e-01
-3.626e-01
-3.612e-01
-3.644e-01
-3.633e-01
-3.632e-01
-3.632e-01
-3.632e-01
-3.632e-01
-3.632e-01
-3.632e-01
-3.632e-01
-3.632e-01
-3.632e-01
-3.632e-01
-3.632e-01
-3.632e-01
-3.632e-01
-3.632e-01
-3.632e-01
-3.634e-01
-3.609e-01
-3.626e-01
-3.612e-01
-3.644e-01
-3.633e-01
-3.632e-01
-3.632e-01
-3.632e-01
-3.632e-01
-3.632e-01
-3.632e-01
-3.632e-01
-3.632e-01
-3.632e-01
-3.632e-01
-3.632e-01
-3.632e-01
-3.632e-01
-3.632e-01
-3.632e-01
-3.634e-01
-3.609e-01
-3.626e-01
-3.612e-01
-3.644e-01
-3.633e-01
-3.632e-01
-3.632e-01
-3.632e-01
-3.632e-01
-3.632e-01
-3.632e-01
-3.632e-01
-3.632e-01
-3.632e-01
-3.632e-01
-3.632e-01
-3.632e-01
-3.632e-01
-3.632e-01
-3.632e-01
-3.634e-01
-3.609e-01
-3.626e-01
-3.612e-01
-3.644e-01
-3.633e-01
-3.632e-01
-3.632e-01
-3.632e-01
-3.632e-01
-3.632e-01
-3.632e-01
-3.632e-01
-3.632e-01
-3.632e-01
-3.632e-01
-3.632e-01
-3.632e-01
-3.632e-01
-3.632e-01
-3.632e-01
-3.634e-01
-3.609e-01
-3.626e-01
-3.612e-01
-3.644e-01
-3.633e-01
-3.632e-01
-3.632e-01
-3.632e-01
-3.632e-01
-3.632e-01
-3.632e-01
-3.632e-01
-3.632e-01
-3.632e-01
-3.632e-01
-3.632e-01
-3.632e-01
-3.632e-01
-3.632e-01
-3.632e-01
-3.634e-01
-3.609e-01
-3.626e-01
-3.612e-01
-3.644e-01
-3.633e-01
-3.632e-01
-3.632e-01
-3.632e-01
-3.632e-01
-3.632e-01
-3.632e-01
-3.632e-01
-3.632e-01
-3.632e-01
-3.632e-01
-3.632e-01
-3.632e-01
-3.632e-01
-3.632e-01
-3.632e-01
-3.634e-01
-3.609e-01
-3.626e-01
-3.612e-01
-3.644e-01
-3.633e-01
-3.632e-01
-3.632e-01
-3.632e-01
-3.632e-01
-3.632e-01
-3.632e-01
-3.632e-01
-3.632e-01
-3.632e-01
-3.632e-01
-3.632e-01
-3.632e-01
-3.632e-01
-3.632e-01
-3.632e-01
-3.635e-01
-3.610e-01
-3.627e-01
-3.615e-01
-3.646e-01
-3.635e-01
-3.634e-01
-3.634e-01
-3.634e-01
-3.634e-01
-3.634e-01
-3.634e-01
-3.634e-01
-3.634e-01
-3.634e-01
-3.634e-01
-3.634e-01
-3.634e-01
-3.634e-01
-3.634e-01
-3.635e-01
-3.636e-01
-3.610e-01
-3.627e-01
-3.580e-01
-3.621e-01
-3.611e-01
-3.610e-01
-3.610e-01
-3.610e-01
-3.610e-01
-3.610e-01
-3.610e-01
-3.610e-01
-3.610e-01
-3.610e-01
-3.610e-01
-3.610e-01
-3.610e-01
-3.610e-01
-3.610e-01
-3.609e-01
-3.611e-01
-3.592e-01
-3.621e-01
-3.615e-01
-3.659e-01
-3.635e-01
-3.632e-01
-3.632e-01
-3.632e-01
-3.632e-01
-3.632e-01
-3.632e-01
-3.632e-01
-3.632e-01
-3.632e-01
-3.632e-01
-3.632e-01
-3.632e-01
-3.632e-01
-3.632e-01
-3.632e-01
-3.633e-01
-3.626e-01
-3.628e-01
-4.351e-01
-4.456e-01
-4.457e-01
-4.457e-01
-4.457e-01
-4.457e-01
-4.457e-01
-4.457e-01
-4.457e-01
-4.457e-01
-4.457e-01
-4.457e-01
-4.457e-01
-4.457e-01
-4.457e-01
-4.457e-01
-4.457e-01
-4.459e-01
-4.453e-01
-4.420e-01
-4.682e-01
-4.463e-01
-4.719e-01
-4.734e-01
-4.734e-01
-4.734e-01
-4.734e-01
-4.734e-01
-4.734e-01
-4.734e-01
-4.734e-01
-4.734e-01
-4.734e-01
-4.734e-01
-4.734e-01
-4.734e-01
-4.734e-01
-4.734e-01
-4.735e-01
-4.729e-01
-4.704e-01
-5.100e-01
-4.466e-01
-4.736e-01
-4.756e-01
-4.757e-01
-4.757e-01
-4.757e-01
-4.757e-01
-4.757e-01
-4.757e-01
-4.757e-01
-4.757e-01
-4.757e-01
-4.757e-01
-4.757e-01
-4.757e-01
-4.757e-01
-4.756e-01
-4.758e-01
-4.751e-01
-4.726e-01
-5.162e-01
-4.466e-01
-4.737e-01
-4.757e-01
-4.757e-01
-4.757e-01
-4.757e-01
-4.757e-01
-4.757e-01
-4.757e-01
-4.757e-01
-4.757e-01
-4.757e-01
-4.757e-01
-4.757e-01
-4.757e-01
-4.757e-01
-4.757e-01
-4.758e-01
-4.752e-01
-4.726e-01
-5.165e-01
-4.466e-01
-4.737e-01
-4.757e-01
-4.757e-01
-4.757e-01
-4.757e-01
-4.757e-01
-4.757e-01
-4.757e-01
-4.757e-01
-4.757e-01
-4.757e-01
-4.757e-01
-4.757e-01
-4.757e-01
-4.757e-01
-4.757e-01
-4.759e-01
-4.752e-01
-4.726e-01
-5.165e-01
-4.466e-01
-4.737e-01
-4.757e-01
-4.757e-01
-4.757e-01
-4.757e-01
-4.757e-01
-4.757e-01
-4.757e-01
-4.757e-01
-4.757e-01
-4.757e-01
-4.757e-01
-4.757e-01
-4.757e-01
-4.757e-01
-4.757e-01
-4.759e-01
-4.752e-01
-4.726e-01
-5.165e-01
-4.466e-01
-4.737e-01
-4.757e-01
-4.757e-01
-4.757e-01
-4.757e-01
-4.757e-01
-4.757e-01
-4.757e-01
-4.757e-01
-4.757e-01
-4.757e-01
-4.757e-01
-4.757e-01
-4.757e-01
-4.757e-01
-4.757e-01
-4.759e-01
-4.752e-01
-4.726e-01
-5.165e-01
-4.466e-01
-4.737e-01
-4.757e-01
-4.757e-01
-4.757e-01
-4.757e-01
-4.757e-01
-4.757e-01
-4.757e-01
-4.757e-01
-4.757e-01
-4.757e-01
-4.757e-01
-4.757e-01
-4.757e-01
-4.757e-01
-4.757e-01
-4.759e-01
-4.752e-01
-4.726e-01
-5.165e-01
-4.466e-01
-4.737e-01
-4.757e-01
-4.757e-01
-4.757e-01
-4.757e-01
-4.757e-01
-4.757e-01
-4.757e-01
-4.757e-01
-4.757e-01
-4.757e-01
-4.757e-01
-4.757e-01
-4.757e-01
-4.757e-01
-4.757e-01
-4.759e-01
-4.752e-01
-4.726e-01
-5.165e-01
-4.466e-01
-4.737e-01
-4.757e-01
-4.757e-01
-4.757e-01
-4.757e-01
-4.757e-01
-4.757e-01
-4.757e-01
-4.757e-01
-4.757e-01
-4.757e-01
-4.757e-01
-4.757e-01
-4.757e-01
-4.757e-01
-4.757e-01
-4.759e-01
-4.752e-01
-4.726e-01
-5.165e-01
-4.466e-01
-4.737e-01
-4.757e-01
-4.757e-01
-4.757e-01
-4.757e-01
-4.757e-01
-4.757e-01
-4.757e-01
-4.757e-01
-4.757e-01
-4.757e-01
-4.757e-01
-4.757e-01
-4.757e-01
-4.757e-01
-4.757e-01
-4.759e-01
-4.752e-01
-4.726e-01
-5.165e-01
-4.466e-01
-4.737e-01
-4.757e-01
-4.757e-01
-4.757e-01
-4.757e-01
-4.757e-01
-4.757e-01
-4.757e-01
-4.757e-01
-4.757e-01
-4.757e-01
-4.757e-01
-4.757e-01
-4.757e-01
-4.757e-01
-4.757e-01
-4.759e-01
-4.752e-01
-4.726e-01
-5.165e-01
-4.466e-01
-4.737e-01
-4.757e-01
-4.757e-01
-4.757e-01
-4.757e-01
-4.757e-01
-4.757e-01
-4.757e-01
-4.757e-01
-4.757e-01
-4.757e-01
-4.757e-01
-4.757e-01
-4.757e-01
-4.757e-01
-4.757e-01
-4.759e-01
-4.752e-01
-4.726e-01
-5.165e-01
-4.466e-01
-4.737e-01
-4.757e-01
-4.757e-01
-4.757e-01
-4.757e-01
-4.757e-01
-4.757e-01
-4.757e-01
-4.757e-01
-4.757e-01
-4.757e-01
-4.757e-01
-4.757e-01
-4.757e-01
-4.757e-01
-4.757e-01
-4.759e-01
-4.752e-01
-4.726e-01
-5.165e-01
-4.466e-01
-4.737e-01
-4.757e-01
-4.757e-01
-4.757e-01
-4.757e-01
-4.757e-01
-4.757e-01
-4.757e-01
-4.757e-01
-4.757e-01
-4.757e-01
-4.757e-01
-4.757e-01
-4.757e-01
-4.757e-01
-4.757e-01
-4.759e-01
-4.752e-01
-4.726e-01
-5.165e-01
-4.466e-01
-4.737e-01
-4.757e-01
-4.757e-01
-4.757e-01
-4.757e-01
-4.757e-01
-4.757e-01
-4.757e-01
-4.757e-01
-4.757e-01
-4.757e-01
-4.757e-01
-4.757e-01
-4.757e-01
-4.757e-01
-4.757e-01
-4.758e-01
-4.752e-01
-4.726e-01
-5.165e-01
-4.466e-01
-4.737e-01
-4.757e-01
-4.757e-01
-4.757e-01
-4.757e-01
-4.757e-01
-4.757e-01
-4.757e-01
-4.757e-01
-4.757e-01
-4.757e-01
-4.757e-01
-4.757e-01
-4.757e-01
-4.757e-01
-4.757e-01
-4.759e-01
-4.752e-01
-4.726e-01
-5.165e-01
-4.468e-01
-4.738e-01
-4.758e-01
-4.758e-01
-4.758e-01
-4.758e-01
-4.758e-01
-4.758e-01
-4.758e-01
-4.758e-01
-4.758e-01
-4.758e-01
-4.758e-01
-4.758e-01
-4.758e-01
-4.758e-01
-4.759e-01
-4.760e-01
-4.753e-01
-4.727e-01
-5.166e-01
-4.461e-01
-4.731e-01
-4.750e-01
-4.752e-01
-4.752e-01
-4.752e-01
-4.752e-01
-4.752e-01
-4.752e-01
-4.752e-01
-4.752e-01
-4.752e-01
-4.752e-01
-4.752e-01
-4.752e-01
-4.752e-01
-4.751e-01
-4.753e-01
-4.745e-01
-4.722e-01
-5.163e-01
-4.433e-01
-4.710e-01
-4.729e-01
-4.730e-01
-4.730e-01
-4.730e-01
-4.730e-01
-4.730e-01
-4.730e-01
-4.730e-01
-4.730e-01
-4.730e-01
-4.730e-01
-4.730e-01
-4.730e-01
-4.730e-01
-4.729e-01
-4.729e-01
-4.725e-01
-4.708e-01
-5.160e-01
-4.698e-01
-5.120e-01
-5.178e-01
-5.180e-01
-5.180e-01
-5.180e-01
-5.180e-01
-5.180e-01
-5.180e-01
-5.180e-01
-5.180e-01
-5.180e-01
-5.180e-01
-5.180e-01
-5.180e-01
-5.180e-01
-5.180e-01
-5.180e-01
-5.178e-01
-5.172e-01
-5.541e-01
-6.939e-01
-7.356e-01
-7.372e-01
-7.373e-01
-7.373e-01
-7.373e-01
-7.373e-01
-7.373e-01
-7.373e-01
-7.373e-01
-7.373e-01
-7.373e-01
-7.373e-01
-7.373e-01
-7.373e-01
-7.373e-01
-7.374e-01
-7.371e-01
-7.357e-01
-7.542e-01
-8.429e-01
-7.362e-01
-8.157e-01
-8.206e-01
-8.207e-01
-8.207e-01
-8.207e-01
-8.207e-01
-8.207e-01
-8.207e-01
-8.207e-01
-8.207e-01
-8.207e-01
-8.207e-01
-8.207e-01
-8.207e-01
-8.207e-01
-8.207e-01
-8.205e-01
-8.195e-01
-8.372e-01
-9.274e-01
-7.381e-01
-8.207e-01
-8.265e-01
-8.267e-01
-8.267e-01
-8.267e-01
-8.267e-01
-8.267e-01
-8.267e-01
-8.267e-01
-8.267e-01
-8.267e-01
-8.267e-01
-8.267e-01
-8.267e-01
-8.267e-01
-8.267e-01
-8.266e-01
-8.255e-01
-8.436e-01
-9.371e-01
-7.382e-01
-8.209e-01
-8.267e-01
-8.269e-01
-8.269e-01
-8.269e-01
-8.269e-01
-8.269e-01
-8.269e-01
-8.269e-01
-8.269e-01
-8.269e-01
-8.269e-01
-8.269e-01
-8.269e-01
-8.269e-01
-8.270e-01
-8.268e-01
-8.258e-01
-8.438e-01
-9.375e-01
-7.382e-01
-8.209e-01
-8.267e-01
-8.269e-01
-8.270e-01
-8.270e-01
-8.270e-01
-8.270e-01
-8.270e-01
-8.270e-01
-8.270e-01
-8.270e-01
-8.270e-01
-8.270e-01
-8.270e-01
-8.269e-01
-8.270e-01
-8.268e-01
-8.258e-01
-8.439e-01
-9.375e-01
-7.382e-01
-8.209e-01
-8.267e-01
-8.269e-01
-8.270e-01
-8.270e-01
-8.270e-01
-8.270e-01
-8.270e-01
-8.270e-01
-8.270e-01
-8.270e-01
-8.270e-01
-8.270e-01
-8.270e-01
-8.269e-01
-8.270e-01
-8.268e-01
-8.258e-01
-8.439e-01
-9.375e-01
-7.382e-01
-8.209e-01
-8.267e-01
-8.269e-01
-8.270e-01
-8.270e-01
-8.270e-01
-8.270e-01
-8.270e-01
-8.270e-01
-8.270e-01
-8.270e-01
-8.270e-01
-8.270e-01
-8.270e-01
-8.269e-01
-8.270e-01
-8.268e-01
-8.258e-01
-8.439e-01
-9.375e-01
-7.382e-01
-8.209e-01
-8.267e-01
-8.269e-01
-8.270e-01
-8.270e-01
-8.270e-01
-8.270e-01
-8.270e-01
-8.270e-01
-8.270e-01
-8.270e-01
-8.270e-01
-8.270e-01
-8.270e-01
-8.269e-01
-8.270e-01
-8.268e-01
-8.258e-01
-8.439e-01
-9.375e-01
-7.382e-01
-8.209e-01
-8.267e-01
-8.269e-01
-8.270e-01
-8.270e-01
-8.270e-01
-8.270e-01
-8.270e-01
-8.270e-01
-8.270e-01
-8.270e-01
-8.270e-01
-8.270e-01
-8.270e-01
-8.269e-01
-8.270e-01
-8.268e-01
-8.258e-01
-8.439e-01
-9.375e-01
-7.382e-01
-8.209e-01
-8.267e-01
-8.269e-01
-8.270e-01
-8.270e-01
-8.270e-01
-8.270e-01
-8.270e-01
-8.270e-01
-8.270e-01
-8.270e-01
-8.270e-01
-8.270e-01
-8.270e-01
-8.269e-01
-8.270e-01
-8.268e-01
-8.258e-01
-8.439e-01
-9.375e-01
-7.382e-01
-8.209e-01
-8.267e-01
-8.269e-01
-8.270e-01
-8.270e-01
-8.270e-01
-8.270e-01
-8.270e-01
-8.270e-01
-8.270e-01
-8.270e-01
-8.270e-01
-8.270e-01
-8.270e-01
-8.269e-01
-8.270e-01
-8.268e-01
-8.258e-01
-8.439e-01
-9.375e-01
-7.382e-01
-8.209e-01
-8.267e-01
-8.269e-01
-8.270e-01
-8.270e-01
-8.270e-01
-8.270e-01
-8.270e-01
-8.270e-01
-8.270e-01
-8.270e-01
-8.270e-01
-8.270e-01
-8.270e-01
-8.269e-01
-8.270e-01
-8.268e-01
-8.258e-01
-8.439e-01
-9.375e-01
-7.382e-01
-8.209e-01
-8.267e-01
-8.269e-01
-8.270e-01
-8.270e-01
-8.270e-01
-8.270e-01
-8.270e-01
-8.270e-01
-8.270e-01
-8.270e-01
-8.270e-01
-8.270e-01
-8.270e-01
-8.269e-01
-8.270e-01
-8.268e-01
-8.258e-01
-8.439e-01
-9.375e-01
-7.382e-01
-8.209e-01
-8.267e-01
-8.269e-01
-8.270e-01
-8.270e-01
-8.270e-01
-8.270e-01
-8.270e-01
-8.270e-01
-8.270e-01
-8.270e-01
-8.270e-01
-8.270e-01
-8.270e-01
-8.269e-01
-8.270e-01
-8.268e-01
-8.258e-01
-8.439e-01
-9.375e-01
-7.382e-01
-8.209e-01
-8.267e-01
-8.269e-01
-8.270e-01
-8.270e-01
-8.270e-01
-8.270e-01
-8.270e-01
-8.270e-01
-8.270e-01
-8.270e-01
-8.270e-01
-8.270e-01
-8.270e-01
-8.269e-01
-8.270e-01
-8.268e-01
-8.258e-01
-8.439e-01
-9.375e-01
-7.382e-01
-8.209e-01
-8.267e-01
-8.269e-01
-8.269e-01
-8.269e-01
-8.269e-01
-8.269e-01
-8.269e-01
-8.269e-01
-8.269e-01
-8.269e-01
-8.269e-01
-8.269e-01
-8.269e-01
-8.269e-01
-8.270e-01
-8.267e-01
-8.258e-01
-8.439e-01
-9.375e-01
-7.383e-01
-8.210e-01
-8.268e-01
-8.270e-01
-8.270e-01
-8.270e-01
-8.270e-01
-8.270e-01
-8.270e-01
-8.270e-01
-8.270e-01
-8.270e-01
-8.270e-01
-8.270e-01
-8.270e-01
-8.270e-01
-8.270e-01
-8.269e-01
-8.258e-01
-8.439e-01
-9.376e-01
-7.379e-01
-8.207e-01
-8.266e-01
-8.267e-01
-8.267e-01
-8.267e-01
-8.267e-01
-8.267e-01
-8.267e-01
-8.267e-01
-8.267e-01
-8.267e-01
-8.267e-01
-8.267e-01
-8.267e-01
-8.267e-01
-8.268e-01
-8.266e-01
-8.256e-01
-8.438e-01
-9.376e-01
-7.366e-01
-8.198e-01
-8.256e-01
-8.259e-01
-8.259e-01
-8.259e-01
-8.259e-01
-8.259e-01
-8.259e-01
-8.259e-01
-8.259e-01
-8.259e-01
-8.259e-01
-8.259e-01
-8.259e-01
-8.259e-01
-8.259e-01
-8.257e-01
-8.249e-01
-8.436e-01
-9.375e-01
-7.565e-01
-8.383e-01
-8.447e-01
-8.449e-01
-8.449e-01
-8.449e-01
-8.449e-01
-8.449e-01
-8.449e-01
-8.449e-01
-8.449e-01
-8.449e-01
-8.449e-01
-8.449e-01
-8.449e-01
-8.449e-01
-8.449e-01
-8.448e-01
-8.445e-01
-8.595e-01
-9.446e-01
-8.455e-01
-9.294e-01
-9.388e-01
-9.393e-01
-9.393e-01
-9.393e-01
-9.393e-01
-9.393e-01
-9.393e-01
-9.393e-01
-9.393e-01
-9.393e-01
-9.393e-01
-9.393e-01
-9.393e-01
-9.393e-01
-9.393e-01
-9.393e-01
-9.391e-01
-9.457e-01
-9.893e-01
-1.050e+00
-1.060e+00
-1.060e+00
-1.060e+00
-1.060e+00
-1.060e+00
-1.060e+00
-1.060e+00
-1.060e+00
-1.060e+00
-1.060e+00
-1.060e+00
-1.060e+00
-1.060e+00
-1.060e+00
-1.060e+00
-1.060e+00
-1.060e+00
-1.061e+00
-1.067e+00
-1.072e+00
-1.060e+00
-1.067e+00
-1.067e+00
-1.067e+00
-1.067e+00
-1.067e+00
-1.067e+00
-1.067e+00
-1.067e+00
-1.067e+00
-1.067e+00
-1.067e+00
-1.067e+00
-1.067e+00
-1.067e+00
-1.067e+00
-1.067e+00
-1.067e+00
-1.068e+00
-1.071e+00
-1.070e+00
-1.060e+00
-1.067e+00
-1.068e+00
-1.068e+00
-1.068e+00
-1.068e+00
-1.068e+00
-1.068e+00
-1.068e+00
-1.068e+00
-1.068e+00
-1.068e+00
-1.068e+00
-1.068e+00
-1.068e+00
-1.068e+00
-1.068e+00
-1.068e+00
-1.068e+00
-1.072e+00
-1.070e+00
-1.060e+00
-1.067e+00
-1.068e+00
-1.068e+00
-1.068e+00
-1.068e+00
-1.068e+00
-1.068e+00
-1.068e+00
-1.068e+00
-1.068e+00
-1.068e+00
-1.068e+00
-1.068e+00
-1.068e+00
-1.068e+00
-1.068e+00
-1.068e+00
-1.068e+00
-1.072e+00
-1.070e+00
-1.060e+00
-1.067e+00
-1.068e+00
-1.068e+00
-1.068e+00
-1.068e+00
-1.068e+00
-1.068e+00
-1.068e+00
-1.068e+00
-1.068e+00
-1.068e+00
-1.068e+00
-1.068e+00
-1.068e+00
-1.068e+00
-1.068e+00
-1.068e+00
-1.068e+00
-1.072e+00
-1.070e+00
-1.060e+00
-1.067e+00
-1.068e+00
-1.068e+00
-1.068e+00
-1.068e+00
-1.068e+00
-1.068e+00
-1.068e+00
-1.068e+00
-1.068e+00
-1.068e+00
-1.068e+00
-1.068e+00
-1.068e+00
-1.068e+00
-1.068e+00
-1.068e+00
-1.068e+00
-1.072e+00
-1.070e+00
-1.060e+00
-1.067e+00
-1.068e+00
-1.068e+00
-1.068e+00
-1.068e+00
-1.068e+00
-1.068e+00
-1.068e+00
-1.068e+00
-1.068e+00
-1.068e+00
-1.068e+00
-1.068e+00
-1.068e+00
-1.068e+00
-1.068e+00
-1.068e+00
-1.068e+00
-1.072e+00
-1.070e+00
-1.060e+00
-1.067e+00
-1.068e+00
-1.068e+00
-1.068e+00
-1.068e+00
-1.068e+00
-1.068e+00
-1.068e+00
-1.068e+00
-1.068e+00
-1.068e+00
-1.068e+00
-1.068e+00
-1.068e+00
-1.068e+00
-1.068e+00
-1.068e+00
-1.068e+00
-1.072e+00
-1.070e+00
-1.060e+00
-1.067e+00
-1.068e+00
-1.068e+00
-1.068e+00
-1.068e+00
-1.068e+00
-1.068e+00
-1.068e+00
-1.068e+00
-1.068e+00
-1.068e+00
-1.068e+00
-1.068e+00
-1.068e+00
-1.068e+00
-1.068e+00
-1.068e+00
-1.068e+00
-1.072e+00
-1.070e+00
-1.060e+00
-1.067e+00
-1.068e+00
-1.068e+00
-1.068e+00
-1.068e+00
-1.068e+00
-1.068e+00
-1.068e+00
-1.068e+00
-1.068e+00
-1.068e+00
-1.068e+00
-1.068e+00
-1.068e+00
-1.068e+00
-1.068e+00
-1.068e+00
-1.068e+00
-1.072e+00
-1.070e+00
-1.060e+00
-1.067e+00
-1.068e+00
-1.068e+00
-1.068e+00
-1.068e+00
-1.068e+00
-1.068e+00
-1.068e+00
-1.068e+00
-1.068e+00
-1.068e+00
-1.068e+00
-1.068e+00
-1.068e+00
-1.068e+00
-1.068e+00
-1.068e+00
-1.068e+00
-1.072e+00
-1.070e+00
-1.060e+00
-1.067e+00
-1.068e+00
-1.068e+00
-1.068e+00
-1.068e+00
-1.068e+00
-1.068e+00
-1.068e+00
-1.068e+00
-1.068e+00
-1.068e+00
-1.068e+00
-1.068e+00
-1.068e+00
-1.068e+00
-1.068e+00
-1.068e+00
-1.068e+00
-1.072e+00
-1.070e+00
-1.060e+00
-1.067e+00
-1.068e+00
-1.068e+00
-1.068e+00
-1.068e+00
-1.068e+00
-1.068e+00
-1.068e+00
-1.068e+00
-1.068e+00
-1.068e+00
-1.068e+00
-1.068e+00
-1.068e+00
-1.068e+00
-1.068e+00
-1.068e+00
-1.068e+00
-1.072e+00
-1.070e+00
-1.060e+00
-1.067e+00
-1.068e+00
-1.068e+00
-1.068e+00
-1.068e+00
-1.068e+00
-1.068e+00
-1.068e+00
-1.068e+00
-1.068e+00
-1.068e+00
-1.068e+00
-1.068e+00
-1.068e+00
-1.068e+00
-1.068e+00
-1.068e+00
-1.068e+00
-1.072e+00
-1.070e+00
-1.060e+00
-1.067e+00
-1.068e+00
-1.068e+00
-1.068e+00
-1.068e+00
-1.068e+00
-1.068e+00
-1.068e+00
-1.068e+00
-1.068e+00
-1.068e+00
-1.068e+00
-1.068e+00
-1.068e+00
-1.068e+00
-1.068e+00
-1.068e+00
-1.068e+00
-1.072e+00
-1.070e+00
-1.060e+00
-1.067e+00
-1.068e+00
-1.068e+00
-1.068e+00
-1.068e+00
-1.068e+00
-1.068e+00
-1.068e+00
-1.068e+00
-1.068e+00
-1.068e+00
-1.068e+00
-1.068e+00
-1.068e+00
-1.068e+00
-1.068e+00
-1.068e+00
-1.068e+00
-1.072e+00
-1.070e+00
-1.060e+00
-1.067e+00
-1.068e+00
-1.068e+00
-1.068e+00
-1.068e+00
-1.068e+00
-1.068e+00
-1.068e+00
-1.068e+00
-1.068e+00
-1.068e+00
-1.068e+00
-1.068e+00
-1.068e+00
-1.068e+00
-1.068e+00
-1.068e+00
-1.068e+00
-1.072e+00
-1.070e+00
-1.060e+00
-1.067e+00
-1.068e+00
-1.068e+00
-1.068e+00
-1.068e+00
-1.068e+00
-1.068e+00
-1.068e+00
-1.068e+00
-1.068e+00
-1.068e+00
-1.068e+00
-1.068e+00
-1.068e+00
-1.068e+00
-1.068e+00
-1.068e+00
-1.068e+00
-1.072e+00
-1.070e+00
-1.061e+00
-1.068e+00
-1.068e+00
-1.068e+00
-1.068e+00
-1.068e+00
-1.068e+00
-1.068e+00
-1.068e+00
-1.068e+00
-1.068e+00
-1.068e+00
-1.068e+00
-1.068e+00
-1.068e+00
-1.068e+00
-1.068e+00
-1.068e+00
-1.068e+00
-1.072e+00
-1.071e+00
-1.067e+00
-1.071e+00
-1.072e+00
-1.072e+00
-1.072e+00
-1.072e+00
-1.072e+00
-1.072e+00
-1.072e+00
-1.072e+00
-1.072e+00
-1.072e+00
-1.072e+00
-1.072e+00
-1.072e+00
-1.072e+00
-1.072e+00
-1.072e+00
-1.072e+00
-1.073e+00
-1.071e+00
-1.072e+00
-1.070e+00
-1.071e+00
-1.071e+00
-1.071e+00
-1.071e+00
-1.071e+00
-1.071e+00
-1.071e+00
-1.071e+00
-1.071e+00
-1.071e+00
-1.071e+00
-1.071e+00
-1.071e+00
-1.071e+00
-1.071e+00
-1.071e+00
-1.071e+00
-1.071e+00
-1.070e+00
-1.069e+00
-1.069e+00
-1.069e+00
-1.069e+00
-1.069e+00
-1.069e+00
-1.069e+00
-1.069e+00
-1.069e+00
-1.069e+00
-1.069e+00
-1.069e+00
-1.069e+00
-1.069e+00
-1.069e+00
-1.069e+00
-1.069e+00
-1.069e+00
-1.069e+00
-1.069e+00
-1.069e+00
-1.069e+00
-1.069e+00
-1.069e+00
-1.069e+00
-1.069e+00
-1.069e+00
-1.069e+00
-1.069e+00
-1.069e+00
-1.069e+00
-1.069e+00
-1.069e+00
-1.069e+00
-1.069e+00
-1.069e+00
-1.069e+00
-1.069e+00
-1.069e+00
-1.069e+00
-1.069e+00
-1.069e+00
-1.069e+00
-1.069e+00
-1.069e+00
-1.069e+00
-1.069e+00
-1.069e+00
-1.069e+00
-1.069e+00
-1.069e+00
-1.069e+00
-1.069e+00
-1.069e+00
-1.069e+00
-1.069e+00
-1.069e+00
-1.069e+00
-1.069e+00
-1.069e+00
-1.069e+00
-1.069e+00
-1.069e+00
-1.069e+00
-1.069e+00
-1.069e+00
-1.069e+00
-1.069e+00
-1.069e+00
-1.069e+00
-1.069e+00
-1.069e+00
-1.069e+00
-1.069e+00
-1.069e+00
-1.069e+00
-1.069e+00
-1.069e+00
-1.069e+00
-1.069e+00
-1.069e+00
-1.069e+00
-1.069e+00
-1.069e+00
-1.069e+00
-1.069e+00
-1.069e+00
-1.069e+00
-1.069e+00
-1.069e+00
-1.069e+00
-1.069e+00
-1.069e+00
-1.069e+00
-1.069e+00
-1.069e+00
-1.069e+00
-1.069e+00
-1.069e+00
-1.069e+00
-1.069e+00
-1.069e+00
-1.069e+00
-1.069e+00
-1.069e+00
-1.069e+00
-1.069e+00
-1.069e+00
-1.069e+00
-1.069e+00
-1.069e+00
-1.069e+00
-1.069e+00
-1.069e+00
-1.069e+00
-1.069e+00
-1.069e+00
-1.069e+00
-1.069e+00
-1.069e+00
-1.069e+00
-1.069e+00
-1.069e+00
-1.069e+00
-1.069e+00
-1.069e+00
-1.069e+00
-1.069e+00
-1.069e+00
-1.069e+00
-1.069e+00
-1.069e+00
-1.069e+00
-1.069e+00
-1.069e+00
-1.069e+00
-1.069e+00
-1.069e+00
-1.069e+00
-1.069e+00
-1.069e+00
-1.069e+00
-1.069e+00
-1.069e+00
-1.069e+00
-1.069e+00
-1.069e+00
-1.069e+00
-1.069e+00
-1.069e+00
-1.069e+00
-1.069e+00
-1.069e+00
-1.069e+00
-1.069e+00
-1.069e+00
-1.069e+00
-1.069e+00
-1.069e+00
-1.069e+00
-1.069e+00
-1.069e+00
-1.069e+00
-1.069e+00
-1.069e+00
-1.069e+00
-1.069e+00
-1.069e+00
-1.069e+00
-1.069e+00
-1.069e+00
-1.069e+00
-1.069e+00
-1.069e+00
-1.069e+00
-1.069e+00
-1.069e+00
-1.069e+00
-1.069e+00
-1.069e+00
-1.069e+00
-1.069e+00
-1.069e+00
-1.069e+00
-1.069e+00
-1.069e+00
-1.069e+00
-1.069e+00
-1.069e+00
-1.069e+00
-1.069e+00
-1.069e+00
-1.069e+00
-1.069e+00
-1.069e+00
-1.069e+00
-1.069e+00
-1.069e+00
-1.069e+00
-1.069e+00
-1.069e+00
-1.069e+00
-1.069e+00
-1.069e+00
-1.069e+00
-1.069e+00
-1.069e+00
-1.069e+00
-1.069e+00
-1.069e+00
-1.069e+00
-1.069e+00
-1.069e+00
-1.069e+00
-1.069e+00
-1.069e+00
-1.069e+00
-1.069e+00
-1.069e+00
-1.069e+00
-1.069e+00
-1.069e+00
-1.069e+00
-1.069e+00
-1.069e+00
-1.069e+00
-1.069e+00
-1.069e+00
-1.069e+00
-1.069e+00
-1.069e+00
-1.069e+00
-1.069e+00
-1.069e+00
-1.069e+00
-1.069e+00
-1.069e+00
-1.069e+00
-1.069e+00
-1.069e+00
-1.069e+00
-1.069e+00
-1.069e+00
-1.069e+00
-1.069e+00
-1.069e+00
-1.069e+00
-1.069e+00
-1.069e+00
-1.069e+00
-1.069e+00
-1.069e+00
-1.069e+00
-1.069e+00
-1.069e+00
-1.069e+00
-1.069e+00
-1.069e+00
-1.069e+00
-1.069e+00
-1.069e+00
-1.069e+00
-1.069e+00
-1.069e+00
-1.069e+00
-1.069e+00
-1.069e+00
-1.069e+00
-1.069e+00
-1.069e+00
-1.069e+00
-1.069e+00
-1.069e+00
-1.069e+00
-1.069e+00
-1.069e+00
-1.069e+00
-1.069e+00
-1.069e+00
-1.069e+00
-1.069e+00
-1.069e+00
-1.069e+00
-1.069e+00
-1.069e+00
-1.069e+00
-1.069e+00
-1.069e+00
-1.069e+00
-1.069e+00
-1.069e+00
-1.069e+00
-1.069e+00
-1.069e+00
-1.069e+00
-1.069e+00
-1.069e+00
-1.069e+00
-1.069e+00
-1.069e+00
-1.069e+00
-1.069e+00
-1.069e+00
-1.069e+00
-1.069e+00
-1.069e+00
-1.069e+00
-1.069e+00
-1.069e+00
-1.069e+00
-1.069e+00
-1.069e+00
-1.069e+00
-1.069e+00
-1.069e+00
-1.069e+00
-1.069e+00
-1.069e+00
-1.069e+00
-1.069e+00
-1.069e+00
-1.069e+00
-1.069e+00
-1.069e+00
-1.069e+00
-1.069e+00
-1.069e+00
-1.069e+00
-1.069e+00
-1.069e+00
-1.069e+00
-1.069e+00
-1.069e+00
-1.069e+00
-1.069e+00
-1.069e+00
-1.069e+00
-1.069e+00
-1.069e+00
-1.069e+00
-1.069e+00
-1.069e+00
-1.069e+00
-1.069e+00
-1.069e+00
-1.069e+00
-1.069e+00
-1.069e+00
-1.069e+00
-1.069e+00
-1.069e+00
-1.069e+00
-1.069e+00
-1.069e+00
-1.069e+00
-1.069e+00
-1.069e+00
-1.069e+00
-1.069e+00
-1.069e+00
-1.069e+00
-1.069e+00
-1.069e+00
-1.069e+00
-1.069e+00
-1.069e+00
-1.069e+00
-1.069e+00
-1.069e+00
-1.069e+00
-1.069e+00
-1.069e+00
-1.069e+00
-1.069e+00
-1.069e+00
-1.069e+00
-1.069e+00
-1.069e+00
-1.069e+00
-1.069e+00
-1.069e+00
-1.069e+00
-1.069e+00
-1.069e+00
-1.069e+00
-1.069e+00
-1.069e+00
-1.069e+00
-1.069e+00
-1.069e+00
-1.069e+00
-1.069e+00
-1.069e+00
-1.069e+00
-1.069e+00
-1.069e+00
-1.069e+00
-1.069e+00
-1.069e+00
-1.069e+00
-1.069e+00
-1.069e+00
-1.069e+00
-1.069e+00
-1.069e+00
-1.069e+00
-1.069e+00
-1.069e+00
-1.069e+00
-1.069e+00
-1.069e+00
-1.069e+00
-1.069e+00
-1.069e+00
-1.069e+00
-1.069e+00
-1.069e+00
-1.069e+00
-1.069e+00
-1.069e+00
-1.069e+00
-1.069e+00
-1.069e+00
-1.069e+00
-1.069e+00
-1.069e+00
-1.069e+00
-1.069e+00
-1.069e+00
-1.069e+00
-1.069e+00
-1.069e+00
-1.069e+00
-1.069e+00
-1.069e+00
-1.069e+00
-1.069e+00
-1.069e+00
-1.069e+00
-1.069e+00
-1.069e+00
-1.070e+00
-1.064e+00
-1.064e+00
-1.064e+00
-1.064e+00
-1.064e+00
-1.064e+00
-1.064e+00
-1.064e+00
-1.064e+00
-1.064e+00
-1.064e+00
-1.064e+00
-1.064e+00
-1.064e+00
-1.064e+00
-1.064e+00
-1.064e+00
-1.064e+00
-1.064e+00
-1.054e+00
-1.064e+00
-1.054e+00
-1.054e+00
-1.054e+00
-1.054e+00
-1.054e+00
-1.054e+00
-1.054e+00
-1.054e+00
-1.054e+00
-1.054e+00
-1.054e+00
-1.054e+00
-1.054e+00
-1.054e+00
-1.054e+00
-1.054e+00
-1.054e+00
-1.054e+00
-1.054e+00
-1.047e+00
-1.064e+00
-1.054e+00
-1.054e+00
-1.054e+00
-1.054e+00
-1.054e+00
-1.054e+00
-1.054e+00
-1.054e+00
-1.054e+00
-1.054e+00
-1.054e+00
-1.054e+00
-1.054e+00
-1.054e+00
-1.054e+00
-1.054e+00
-1.054e+00
-1.054e+00
-1.054e+00
-1.047e+00
-1.064e+00
-1.054e+00
-1.054e+00
-1.054e+00
-1.054e+00
-1.054e+00
-1.054e+00
-1.054e+00
-1.054e+00
-1.054e+00
-1.054e+00
-1.054e+00
-1.054e+00
-1.054e+00
-1.054e+00
-1.054e+00
-1.054e+00
-1.054e+00
-1.054e+00
-1.054e+00
-1.047e+00
-1.064e+00
-1.054e+00
-1.054e+00
-1.054e+00
-1.054e+00
-1.054e+00
-1.054e+00
-1.054e+00
-1.054e+00
-1.054e+00
-1.054e+00
-1.054e+00
-1.054e+00
-1.054e+00
-1.054e+00
-1.054e+00
-1.054e+00
-1.054e+00
-1.054e+00
-1.054e+00
-1.047e+00
-1.064e+00
-1.054e+00
-1.054e+00
-1.054e+00
-1.054e+00
-1.054e+00
-1.054e+00
-1.054e+00
-1.054e+00
-1.054e+00
-1.054e+00
-1.054e+00
-1.054e+00
-1.054e+00
-1.054e+00
-1.054e+00
-1.054e+00
-1.054e+00
-1.054e+00
-1.054e+00
-1.047e+00
-1.064e+00
-1.054e+00
-1.054e+00
-1.054e+00
-1.054e+00
-1.054e+00
-1.054e+00
-1.054e+00
-1.054e+00
-1.054e+00
-1.054e+00
-1.054e+00
-1.054e+00
-1.054e+00
-1.054e+00
-1.054e+00
-1.054e+00
-1.054e+00
-1.054e+00
-1.054e+00
-1.047e+00
-1.064e+00
-1.054e+00
-1.054e+00
-1.054e+00
-1.054e+00
-1.054e+00
-1.054e+00
-1.054e+00
-1.054e+00
-1.054e+00
-1.054e+00
-1.054e+00
-1.054e+00
-1.054e+00
-1.054e+00
-1.054e+00
-1.054e+00
-1.054e+00
-1.054e+00
-1.054e+00
-1.047e+00
-1.064e+00
-1.054e+00
-1.054e+00
-1.054e+00
-1.054e+00
-1.054e+00
-1.054e+00
-1.054e+00
-1.054e+00
-1.054e+00
-1.054e+00
-1.054e+00
-1.054e+00
-1.054e+00
-1.054e+00
-1.054e+00
-1.054e+00
-1.054e+00
-1.054e+00
-1.054e+00
-1.047e+00
-1.064e+00
-1.054e+00
-1.054e+00
-1.054e+00
-1.054e+00
-1.054e+00
-1.054e+00
-1.054e+00
-1.054e+00
-1.054e+00
-1.054e+00
-1.054e+00
-1.054e+00
-1.054e+00
-1.054e+00
-1.054e+00
-1.054e+00
-1.054e+00
-1.054e+00
-1.054e+00
-1.047e+00
-1.064e+00
-1.054e+00
-1.054e+00
-1.054e+00
-1.054e+00
-1.054e+00
-1.054e+00
-1.054e+00
-1.054e+00
-1.054e+00
-1.054e+00
-1.054e+00
-1.054e+00
-1.054e+00
-1.054e+00
-1.054e+00
-1.054e+00
-1.054e+00
-1.054e+00
-1.054e+00
-1.047e+00
-1.064e+00
-1.054e+00
-1.054e+00
-1.054e+00
-1.054e+00
-1.054e+00
-1.054e+00
-1.054e+00
-1.054e+00
-1.054e+00
-1.054e+00
-1.054e+00
-1.054e+00
-1.054e+00
-1.054e+00
-1.054e+00
-1.054e+00
-1.054e+00
-1.054e+00
-1.054e+00
-1.047e+00
-1.064e+00
-1.054e+00
-1.054e+00
-1.054e+00
-1.054e+00
-1.054e+00
-1.054e+00
-1.054e+00
-1.054e+00
-1.054e+00
-1.054e+00
-1.054e+00
-1.054e+00
-1.054e+00
-1.054e+00
-1.054e+00
-1.054e+00
-1.054e+00
-1.054e+00
-1.054e+00
-1.047e+00
-1.064e+00
-1.054e+00
-1.054e+00
-1.054e+00
-1.054e+00
-1.054e+00
-1.054e+00
-1.054e+00
-1.054e+00
-1.054e+00
-1.054e+00
-1.054e+00
-1.054e+00
-1.054e+00
-1.054e+00
-1.054e+00
-1.054e+00
-1.054e+00
-1.054e+00
-1.054e+00
-1.047e+00
-1.064e+00
-1.054e+00
-1.054e+00
-1.054e+00
-1.054e+00
-1.054e+00
-1.054e+00
-1.054e+00
-1.054e+00
-1.054e+00
-1.054e+00
-1.054e+00
-1.054e+00
-1.054e+00
-1.054e+00
-1.054e+00
-1.054e+00
-1.054e+00
-1.054e+00
-1.054e+00
-1.047e+00
-1.064e+00
-1.054e+00
-1.054e+00
-1.054e+00
-1.054e+00
-1.054e+00
-1.054e+00
-1.054e+00
-1.054e+00
-1.054e+00
-1.054e+00
-1.054e+00
-1.054e+00
-1.054e+00
-1.054e+00
-1.054e+00
-1.054e+00
-1.054e+00
-1.054e+00
-1.054e+00
-1.047e+00
-1.064e+00
-1.054e+00
-1.054e+00
-1.054e+00
-1.054e+00
-1.054e+00
-1.054e+00
-1.054e+00
-1.054e+00
-1.054e+00
-1.054e+00
-1.054e+00
-1.054e+00
-1.054e+00
-1.054e+00
-1.054e+00
-1.054e+00
-1.054e+00
-1.054e+00
-1.054e+00
-1.047e+00
-1.064e+00
-1.054e+00
-1.054e+00
-1.054e+00
-1.054e+00
-1.054e+00
-1.054e+00
-1.054e+00
-1.054e+00
-1.054e+00
-1.054e+00
-1.054e+00
-1.054e+00
-1.054e+00
-1.054e+00
-1.054e+00
-1.054e+00
-1.054e+00
-1.054e+00
-1.054e+00
-1.047e+00
-1.064e+00
-1.054e+00
-1.054e+00
-1.054e+00
-1.054e+00
-1.054e+00
-1.054e+00
-1.054e+00
-1.054e+00
-1.054e+00
-1.054e+00
-1.054e+00
-1.054e+00
-1.054e+00
-1.054e+00
-1.054e+00
-1.054e+00
-1.054e+00
-1.054e+00
-1.054e+00
-1.047e+00
-1.064e+00
-1.054e+00
-1.054e+00
-1.054e+00
-1.054e+00
-1.054e+00
-1.054e+00
-1.054e+00
-1.054e+00
-1.054e+00
-1.054e+00
-1.054e+00
-1.054e+00
-1.054e+00
-1.054e+00
-1.054e+00
-1.054e+00
-1.054e+00
-1.054e+00
-1.054e+00
-1.047e+00
-1.054e+00
-1.047e+00
-1.047e+00
-1.047e+00
-1.047e+00
-1.047e+00
-1.047e+00
-1.047e+00
-1.047e+00
-1.047e+00
-1.047e+00
-1.047e+00
-1.047e+00
-1.047e+00
-1.047e+00
-1.047e+00
-1.047e+00
-1.047e+00
-1.047e+00
-1.047e+00
-1.045e+00
-1.028e+00
-1.028e+00
-1.028e+00
-1.028e+00
-1.028e+00
-1.028e+00
-1.028e+00
-1.028e+00
-1.028e+00
-1.028e+00
-1.028e+00
-1.028e+00
-1.028e+00
-1.028e+00
-1.028e+00
-1.028e+00
-1.028e+00
-1.028e+00
-1.028e+00
-1.028e+00
-1.028e+00
-1.028e+00
-1.028e+00
-1.028e+00
-1.028e+00
-1.028e+00
-1.028e+00
-1.028e+00
-1.028e+00
-1.028e+00
-1.028e+00
-1.028e+00
-1.028e+00
-1.028e+00
-1.028e+00
-1.028e+00
-1.028e+00
-1.028e+00
-1.028e+00
-1.028e+00
-1.028e+00
-1.028e+00
-1.028e+00
-1.028e+00
-1.028e+00
-1.028e+00
-1.028e+00
-1.028e+00
-1.028e+00
-1.028e+00
-1.028e+00
-1.028e+00
-1.028e+00
-1.028e+00
-1.028e+00
-1.028e+00
-1.028e+00
-1.028e+00
-1.028e+00
-1.028e+00
-1.028e+00
-1.028e+00
-1.028e+00
-1.028e+00
-1.028e+00
-1.028e+00
-1.028e+00
-1.028e+00
-1.028e+00
-1.028e+00
-1.028e+00
-1.028e+00
-1.028e+00
-1.028e+00
-1.028e+00
-1.028e+00
-1.028e+00
-1.028e+00
-1.028e+00
-1.028e+00
-1.028e+00
-1.028e+00
-1.028e+00
-1.028e+00
-1.028e+00
-1.028e+00
-1.028e+00
-1.028e+00
-1.028e+00
-1.028e+00
-1.028e+00
-1.028e+00
-1.028e+00
-1.028e+00
-1.028e+00
-1.028e+00
-1.028e+00
-1.028e+00
-1.028e+00
-1.028e+00
-1.028e+00
-1.028e+00
-1.028e+00
-1.028e+00
-1.028e+00
-1.028e+00
-1.028e+00
-1.028e+00
-1.028e+00
-1.028e+00
-1.028e+00
-1.028e+00
-1.028e+00
-1.028e+00
-1.028e+00
-1.028e+00
-1.028e+00
-1.028e+00
-1.028e+00
-1.028e+00
-1.028e+00
-1.028e+00
-1.028e+00
-1.028e+00
-1.028e+00
-1.028e+00
-1.028e+00
-1.028e+00
-1.028e+00
-1.028e+00
-1.028e+00
-1.028e+00
-1.028e+00
-1.028e+00
-1.028e+00
-1.028e+00
-1.028e+00
-1.028e+00
-1.028e+00
-1.028e+00
-1.028e+00
-1.028e+00
-1.028e+00
-1.028e+00
-1.028e+00
-1.028e+00
-1.028e+00
-1.028e+00
-1.028e+00
-1.028e+00
-1.028e+00
-1.028e+00
-1.028e+00
-1.028e+00
-1.028e+00
-1.028e+00
-1.028e+00
-1.028e+00
-1.028e+00
-1.028e+00
-1.028e+00
-1.028e+00
-1.028e+00
-1.028e+00
-1.028e+00
-1.028e+00
-1.028e+00
-1.028e+00
-1.028e+00
-1.028e+00
-1.028e+00
-1.028e+00
-1.028e+00
-1.028e+00
-1.028e+00
-1.028e+00
-1.028e+00
-1.028e+00
-1.028e+00
-1.028e+00
-1.028e+00
-1.028e+00
-1.028e+00
-1.028e+00
-1.028e+00
-1.028e+00
-1.028e+00
-1.028e+00
-1.028e+00
-1.028e+00
-1.028e+00
-1.028e+00
-1.028e+00
-1.028e+00
-1.028e+00
-1.028e+00
-1.028e+00
-1.028e+00
-1.028e+00
-1.028e+00
-1.028e+00
-1.028e+00
-1.028e+00
-1.028e+00
-1.028e+00
-1.028e+00
-1.028e+00
-1.028e+00
-1.028e+00
-1.028e+00
-1.028e+00
-1.028e+00
-1.028e+00
-1.028e+00
-1.028e+00
-1.028e+00
-1.028e+00
-1.028e+00
-1.028e+00
-1.028e+00
-1.028e+00
-1.028e+00
-1.028e+00
-1.028e+00
-1.028e+00
-1.028e+00
-1.028e+00
-1.028e+00
-1.028e+00
-1.028e+00
-1.028e+00
-1.028e+00
-1.028e+00
-1.028e+00
-1.028e+00
-1.028e+00
-1.028e+00
-1.028e+00
-1.028e+00
-1.028e+00
-1.028e+00
-1.028e+00
-1.028e+00
-1.028e+00
-1.028e+00
-1.028e+00
-1.028e+00
-1.028e+00
-1.028e+00
-1.028e+00
-1.028e+00
-1.028e+00
-1.028e+00
-1.028e+00
-1.028e+00
-1.028e+00
-1.028e+00
-1.028e+00
-1.028e+00
-1.028e+00
-1.028e+00
-1.028e+00
-1.028e+00
-1.028e+00
-1.028e+00
-1.028e+00
-1.028e+00
-1.028e+00
-1.028e+00
-1.028e+00
-1.028e+00
-1.028e+00
-1.028e+00
-1.028e+00
-1.028e+00
-1.028e+00
-1.028e+00
-1.028e+00
-1.028e+00
-1.028e+00
-1.028e+00
-1.028e+00
-1.028e+00
-1.028e+00
-1.028e+00
-1.028e+00
-1.028e+00
-1.028e+00
-1.028e+00
-1.028e+00
-1.028e+00
-1.028e+00
-1.028e+00
-1.028e+00
-1.028e+00
-1.028e+00
-1.028e+00
-1.028e+00
-1.028e+00
-1.028e+00
-1.028e+00
-1.028e+00
-1.028e+00
-1.028e+00
-1.028e+00
-1.028e+00
-1.028e+00
-1.028e+00
-1.028e+00
-1.028e+00
-1.028e+00
-1.028e+00
-1.028e+00
-1.028e+00
-1.028e+00
-1.028e+00
-1.028e+00
-1.028e+00
-1.028e+00
-1.028e+00
-1.028e+00
-1.028e+00
-1.028e+00
-1.028e+00
-1.028e+00
-1.028e+00
-1.028e+00
-1.028e+00
-1.028e+00
-1.028e+00
-1.028e+00
-1.028e+00
-1.028e+00
-1.028e+00
-1.028e+00
-1.028e+00
-1.028e+00
-1.028e+00
-1.028e+00
-1.028e+00
-1.028e+00
-1.028e+00
-1.028e+00
-1.028e+00
-1.028e+00
-1.028e+00
-1.028e+00
-1.028e+00
-1.028e+00
-1.028e+00
-1.028e+00
-1.028e+00
-1.028e+00
-1.028e+00
-1.028e+00
-1.028e+00
-1.028e+00
-1.028e+00
-1.028e+00
-1.028e+00
-1.028e+00
-1.028e+00
-1.028e+00
-1.028e+00
-1.028e+00
-1.028e+00
-1.028e+00
-1.028e+00
-1.028e+00
-1.028e+00
-1.028e+00
-1.028e+00
-1.028e+00
-1.028e+00
-1.028e+00
-1.028e+00
-1.028e+00
-1.028e+00
-1.028e+00
-1.028e+00
-1.028e+00
-1.028e+00
-1.028e+00
-1.028e+00
-1.028e+00
-1.028e+00
-1.028e+00
-1.028e+00
-1.028e+00
-1.028e+00
-1.028e+00
-1.028e+00
-1.028e+00
-1.028e+00
-1.028e+00
-1.028e+00
-1.028e+00
-1.028e+00
-1.028e+00
-1.028e+00
-1.028e+00
-1.028e+00
-1.028e+00
-1.028e+00
-1.028e+00
-1.028e+00
-1.028e+00
-1.028e+00
-1.028e+00
-1.028e+00
-1.028e+00
-1.028e+00
-1.028e+00
-1.028e+00
-1.028e+00
-1.028e+00
-1.028e+00
-1.028e+00
-1.028e+00
-1.028e+00
-1.028e+00
-1.028e+00
-1.028e+00
-1.028e+00
-1.028e+00
-1.028e+00
-1.028e+00
-1.028e+00
-1.028e+00
-1.028e+00
-1.028e+00
-1.028e+00
-1.028e+00
-1.028e+00
-1.028e+00
-1.028e+00
-1.028e+00
-1.028e+00
-1.028e+00
-1.028e+00
-1.028e+00
-1.012e+00
-1.012e+00
-1.012e+00
-1.012e+00
-1.012e+00
-1.012e+00
-1.012e+00
-1.012e+00
-1.012e+00
-1.012e+00
-1.012e+00
-1.012e+00
-1.012e+00
-1.012e+00
-1.012e+00
-1.012e+00
-1.012e+00
-1.012e+00
-1.012e+00
-1.012e+00
-1.010e+00
-1.012e+00
-1.010e+00
-1.010e+00
-1.010e+00
-1.010e+00
-1.010e+00
-1.010e+00
-1.010e+00
-1.010e+00
-1.010e+00
-1.010e+00
-1.010e+00
-1.010e+00
-1.010e+00
-1.010e+00
-1.010e+00
-1.010e+00
-1.010e+00
-1.010e+00
-1.010e+00
-1.009e+00
-1.012e+00
-1.010e+00
-1.010e+00
-1.010e+00
-1.010e+00
-1.010e+00
-1.010e+00
-1.010e+00
-1.010e+00
-1.010e+00
-1.010e+00
-1.010e+00
-1.010e+00
-1.010e+00
-1.010e+00
-1.010e+00
-1.010e+00
-1.010e+00
-1.010e+00
-1.010e+00
-1.009e+00
-1.012e+00
-1.010e+00
-1.010e+00
-1.010e+00
-1.010e+00
-1.010e+00
-1.010e+00
-1.010e+00
-1.010e+00
-1.010e+00
-1.010e+00
-1.010e+00
-1.010e+00
-1.010e+00
-1.010e+00
-1.010e+00
-1.010e+00
-1.010e+00
-1.010e+00
-1.010e+00
-1.009e+00
-1.012e+00
-1.010e+00
-1.010e+00
-1.010e+00
-1.010e+00
-1.010e+00
-1.010e+00
-1.010e+00
-1.010e+00
-1.010e+00
-1.010e+00
-1.010e+00
-1.010e+00
-1.010e+00
-1.010e+00
-1.010e+00
-1.010e+00
-1.010e+00
-1.010e+00
-1.010e+00
-1.009e+00
-1.012e+00
-1.010e+00
-1.010e+00
-1.010e+00
-1.010e+00
-1.010e+00
-1.010e+00
-1.010e+00
-1.010e+00
-1.010e+00
-1.010e+00
-1.010e+00
-1.010e+00
-1.010e+00
-1.010e+00
-1.010e+00
-1.010e+00
-1.010e+00
-1.010e+00
-1.010e+00
-1.009e+00
-1.012e+00
-1.010e+00
-1.010e+00
-1.010e+00
-1.010e+00
-1.010e+00
-1.010e+00
-1.010e+00
-1.010e+00
-1.010e+00
-1.010e+00
-1.010e+00
-1.010e+00
-1.010e+00
-1.010e+00
-1.010e+00
-1.010e+00
-1.010e+00
-1.010e+00
-1.010e+00
-1.009e+00
-1.012e+00
-1.010e+00
-1.010e+00
-1.010e+00
-1.010e+00
-1.010e+00
-1.010e+00
-1.010e+00
-1.010e+00
-1.010e+00
-1.010e+00
-1.010e+00
-1.010e+00
-1.010e+00
-1.010e+00
-1.010e+00
-1.010e+00
-1.010e+00
-1.010e+00
-1.010e+00
-1.009e+00
-1.012e+00
-1.010e+00
-1.010e+00
-1.010e+00
-1.010e+00
-1.010e+00
-1.010e+00
-1.010e+00
-1.010e+00
-1.010e+00
-1.010e+00
-1.010e+00
-1.010e+00
-1.010e+00
-1.010e+00
-1.010e+00
-1.010e+00
-1.010e+00
-1.010e+00
-1.010e+00
-1.009e+00
-1.012e+00
-1.010e+00
-1.010e+00
-1.010e+00
-1.010e+00
-1.010e+00
-1.010e+00
-1.010e+00
-1.010e+00
-1.010e+00
-1.010e+00
-1.010e+00
-1.010e+00
-1.010e+00
-1.010e+00
-1.010e+00
-1.010e+00
-1.010e+00
-1.010e+00
-1.010e+00
-1.009e+00
-1.012e+00
-1.010e+00
-1.010e+00
-1.010e+00
-1.010e+00
-1.010e+00
-1.010e+00
-1.010e+00
-1.010e+00
-1.010e+00
-1.010e+00
-1.010e+00
-1.010e+00
-1.010e+00
-1.010e+00
-1.010e+00
-1.010e+00
-1.010e+00
-1.010e+00
-1.010e+00
-1.009e+00
-1.012e+00
-1.010e+00
-1.010e+00
-1.010e+00
-1.010e+00
-1.010e+00
-1.010e+00
-1.010e+00
-1.010e+00
-1.010e+00
-1.010e+00
-1.010e+00
-1.010e+00
-1.010e+00
-1.010e+00
-1.010e+00
-1.010e+00
-1.010e+00
-1.010e+00
-1.010e+00
-1.009e+00
-1.012e+00
-1.010e+00
-1.010e+00
-1.010e+00
-1.010e+00
-1.010e+00
-1.010e+00
-1.010e+00
-1.010e+00
-1.010e+00
-1.010e+00
-1.010e+00
-1.010e+00
-1.010e+00
-1.010e+00
-1.010e+00
-1.010e+00
-1.010e+00
-1.010e+00
-1.010e+00
-1.009e+00
-1.012e+00
-1.010e+00
-1.010e+00
-1.010e+00
-1.010e+00
-1.010e+00
-1.010e+00
-1.010e+00
-1.010e+00
-1.010e+00
-1.010e+00
-1.010e+00
-1.010e+00
-1.010e+00
-1.010e+00
-1.010e+00
-1.010e+00
-1.010e+00
-1.010e+00
-1.010e+00
-1.009e+00
-1.012e+00
-1.010e+00
-1.010e+00
-1.010e+00
-1.010e+00
-1.010e+00
-1.010e+00
-1.010e+00
-1.010e+00
-1.010e+00
-1.010e+00
-1.010e+00
-1.010e+00
-1.010e+00
-1.010e+00
-1.010e+00
-1.010e+00
-1.010e+00
-1.010e+00
-1.010e+00
-1.009e+00
-1.012e+00
-1.010e+00
-1.010e+00
-1.010e+00
-1.010e+00
-1.010e+00
-1.010e+00
-1.010e+00
-1.010e+00
-1.010e+00
-1.010e+00
-1.010e+00
-1.010e+00
-1.010e+00
-1.010e+00
-1.010e+00
-1.010e+00
-1.010e+00
-1.010e+00
-1.010e+00
-1.009e+00
-1.012e+00
-1.010e+00
-1.010e+00
-1.010e+00
-1.010e+00
-1.010e+00
-1.010e+00
-1.010e+00
-1.010e+00
-1.010e+00
-1.010e+00
-1.010e+00
-1.010e+00
-1.010e+00
-1.010e+00
-1.010e+00
-1.010e+00
-1.010e+00
-1.010e+00
-1.010e+00
-1.009e+00
-1.012e+00
-1.010e+00
-1.010e+00
-1.010e+00
-1.010e+00
-1.010e+00
-1.010e+00
-1.010e+00
-1.010e+00
-1.010e+00
-1.010e+00
-1.010e+00
-1.010e+00
-1.010e+00
-1.010e+00
-1.010e+00
-1.010e+00
-1.010e+00
-1.010e+00
-1.010e+00
-1.009e+00
-1.012e+00
-1.010e+00
-1.010e+00
-1.010e+00
-1.010e+00
-1.010e+00
-1.010e+00
-1.010e+00
-1.010e+00
-1.010e+00
-1.010e+00
-1.010e+00
-1.010e+00
-1.010e+00
-1.010e+00
-1.010e+00
-1.010e+00
-1.010e+00
-1.010e+00
-1.010e+00
-1.009e+00
-1.012e+00
-1.010e+00
-1.010e+00
-1.010e+00
-1.010e+00
-1.010e+00
-1.010e+00
-1.010e+00
-1.010e+00
-1.010e+00
-1.010e+00
-1.010e+00
-1.010e+00
-1.010e+00
-1.010e+00
-1.010e+00
-1.010e+00
-1.010e+00
-1.010e+00
-1.010e+00
-1.009e+00
-1.010e+00
-1.009e+00
-1.009e+00
-1.009e+00
-1.009e+00
-1.009e+00
-1.009e+00
-1.009e+00
-1.009e+00
-1.009e+00
-1.009e+00
-1.009e+00
-1.009e+00
-1.009e+00
-1.009e+00
-1.009e+00
-1.009e+00
-1.009e+00
-1.009e+00
-1.009e+00
-1.008e+00
-1.000e+00
-1.000e+00
-1.000e+00
-1.000e+00
-1.000e+00
-1.000e+00
-1.000e+00
-1.000e+00
-1.000e+00
-1.000e+00
-1.000e+00
-1.000e+00
-1.000e+00
-1.000e+00
-1.000e+00
-1.000e+00
-1.000e+00
-1.000e+00
-1.000e+00
-1.000e+00
-1.000e+00
-1.000e+00
-1.000e+00
-1.000e+00
-1.000e+00
-1.000e+00
-1.000e+00
-1.000e+00
-1.000e+00
-1.000e+00
-1.000e+00
-1.000e+00
-1.000e+00
-1.000e+00
-1.000e+00
-1.000e+00
-1.000e+00
-1.000e+00
-1.000e+00
-1.000e+00
-1.000e+00
-1.000e+00
-1.000e+00
-1.000e+00
-1.000e+00
-1.000e+00
-1.000e+00
-1.000e+00
-1.000e+00
-1.000e+00
-1.000e+00
-1.000e+00
-1.000e+00
-1.000e+00
-1.000e+00
-1.000e+00
-1.000e+00
-1.000e+00
-1.000e+00
-1.000e+00
-1.000e+00
-1.000e+00
-1.000e+00
-1.000e+00
-1.000e+00
-1.000e+00
-1.000e+00
-1.000e+00
-1.000e+00
-1.000e+00
-1.000e+00
-1.000e+00
-1.000e+00
-1.000e+00
-1.000e+00
-1.000e+00
-1.000e+00
-1.000e+00
-1.000e+00
-1.000e+00
-1.000e+00
-1.000e+00
-1.000e+00
-1.000e+00
-1.000e+00
-1.000e+00
-1.000e+00
-1.000e+00
-1.000e+00
-1.000e+00
-1.000e+00
-1.000e+00
-1.000e+00
-1.000e+00
-1.000e+00
-1.000e+00
-1.000e+00
-1.000e+00
-1.000e+00
-1.000e+00
-1.000e+00
-1.000e+00
-1.000e+00
-1.000e+00
-1.000e+00
-1.000e+00
-1.000e+00
-1.000e+00
-1.000e+00
-1.000e+00
-1.000e+00
-1.000e+00
-1.000e+00
-1.000e+00
-1.000e+00
-1.000e+00
-1.000e+00
-1.000e+00
-1.000e+00
-1.000e+00
-1.000e+00
-1.000e+00
-1.000e+00
-1.000e+00
-1.000e+00
-1.000e+00
-1.000e+00
-1.000e+00
-1.000e+00
-1.000e+00
-1.000e+00
-1.000e+00
-1.000e+00
-1.000e+00
-1.000e+00
-1.000e+00
-1.000e+00
-1.000e+00
-1.000e+00
-1.000e+00
-1.000e+00
-1.000e+00
-1.000e+00
-1.000e+00
-1.000e+00
-1.000e+00
-1.000e+00
-1.000e+00
-1.000e+00
-1.000e+00
-1.000e+00
-1.000e+00
-1.000e+00
-1.000e+00
-1.000e+00
-1.000e+00
-1.000e+00
-1.000e+00
-1.000e+00
-1.000e+00
-1.000e+00
-1.000e+00
-1.000e+00
-1.000e+00
-1.000e+00
-1.000e+00
-1.000e+00
-1.000e+00
-1.000e+00
-1.000e+00
-1.000e+00
-1.000e+00
-1.000e+00
-1.000e+00
-1.000e+00
-1.000e+00
-1.000e+00
-1.000e+00
-1.000e+00
-1.000e+00
-1.000e+00
-1.000e+00
-1.000e+00
-1.000e+00
-1.000e+00
-1.000e+00
-1.000e+00
-1.000e+00
-1.000e+00
-1.000e+00
-1.000e+00
-1.000e+00
-1.000e+00
-1.000e+00
-1.000e+00
-1.000e+00
-1.000e+00
-1.000e+00
-1.000e+00
-1.000e+00
-1.000e+00
-1.000e+00
-1.000e+00
-1.000e+00
-1.000e+00
-1.000e+00
-1.000e+00
-1.000e+00
-1.000e+00
-1.000e+00
-1.000e+00
-1.000e+00
-1.000e+00
-1.000e+00
-1.000e+00
-1.000e+00
-1.000e+00
-1.000e+00
-1.000e+00
-1.000e+00
-1.000e+00
-1.000e+00
-1.000e+00
-1.000e+00
-1.000e+00
-1.000e+00
-1.000e+00
-1.000e+00
-1.000e+00
-1.000e+00
-1.000e+00
-1.000e+00
-1.000e+00
-1.000e+00
-1.000e+00
-1.000e+00
-1.000e+00
-1.000e+00
-1.000e+00
-1.000e+00
-1.000e+00
-1.000e+00
-1.000e+00
-1.000e+00
-1.000e+00
-1.000e+00
-1.000e+00
-1.000e+00
-1.000e+00
-1.000e+00
-1.000e+00
-1.000e+00
-1.000e+00
-1.000e+00
-1.000e+00
-1.000e+00
-1.000e+00
-1.000e+00
-1.000e+00
-1.000e+00
-1.000e+00
-1.000e+00
-1.000e+00
-1.000e+00
-1.000e+00
-1.000e+00
-1.000e+00
-1.000e+00
-1.000e+00
-1.000e+00
-1.000e+00
-1.000e+00
-1.000e+00
-1.000e+00
-1.000e+00
-1.000e+00
-1.000e+00
-1.000e+00
-1.000e+00
-1.000e+00
-1.000e+00
-1.000e+00
-1.000e+00
-1.000e+00
-1.000e+00
-1.000e+00
-1.000e+00
-1.000e+00
-1.000e+00
-1.000e+00
-1.000e+00
-1.000e+00
-1.000e+00
-1.000e+00
-1.000e+00
-1.000e+00
-1.000e+00
-1.000e+00
-1.000e+00
-1.000e+00
-1.000e+00
-1.000e+00
-1.000e+00
-1.000e+00
-1.000e+00
-1.000e+00
-1.000e+00
-1.000e+00
-1.000e+00
-1.000e+00
-1.000e+00
-1.000e+00
-1.000e+00
-1.000e+00
-1.000e+00
-1.000e+00
-1.000e+00
-1.000e+00
-1.000e+00
-1.000e+00
-1.000e+00
-1.000e+00
-1.000e+00
-1.000e+00
-1.000e+00
-1.000e+00
-1.000e+00
-1.000e+00
-1.000e+00
-1.000e+00
-1.000e+00
-1.000e+00
-1.000e+00
-1.000e+00
-1.000e+00
-1.000e+00
-1.000e+00
-1.000e+00
-1.000e+00
-1.000e+00
-1.000e+00
-1.000e+00
-1.000e+00
-1.000e+00
-1.000e+00
-1.000e+00
-1.000e+00
-1.000e+00
-1.000e+00
-1.000e+00
-1.000e+00
-1.000e+00
-1.000e+00
-1.000e+00
-1.000e+00
-1.000e+00
-1.000e+00
-1.000e+00
-1.000e+00
-1.000e+00
-1.000e+00
-1.000e+00
-1.000e+00
-1.000e+00
-1.000e+00
-1.000e+00
-1.000e+00
-1.000e+00
-1.000e+00
-1.000e+00
-1.000e+00
-1.000e+00
-1.000e+00
-1.000e+00
-1.000e+00
-1.000e+00
-1.000e+00
-1.000e+00
-1.000e+00
-1.000e+00
-1.000e+00
-1.000e+00
-1.000e+00
-1.000e+00
-1.000e+00
-1.000e+00
-1.000e+00
-1.000e+00
-1.000e+00
-1.000e+00
-1.000e+00
-1.000e+00
-1.000e+00
-1.000e+00
-1.000e+00
-1.000e+00
-1.000e+00
-1.000e+00
-1.000e+00
-1.000e+00
-1.000e+00
-1.000e+00
-1.000e+00
-1.000e+00
-1.000e+00
-1.000e+00
-1.000e+00
-1.000e+00
-1.000e+00
-1.000e+00
-1.000e+00
-1.000e+00
-1.000e+00
-1.000e+00
-1.000e+00
-1.000e+00
-1.000e+00
-1.000e+00
-1.000e+00
-1.000e+00
-1.000e+00
-1.000e+00
-1.000e+00
-1.000e+00
-1.000e+00
-1.000e+00
-1.000e+00
-1.000e+00
-1.000e+00
-1.000e+00
-1.000e+00
-1.000e+00
-1.000e+00
-1.000e+00
-1.000e+00
-1.000e+00
-1.000e+00
-1.000e+00
-1.000e+00
-1.000e+00
-1.000e+00
-1.000e+00
-1.000e+00
-1.000e+00
-1.000e+00
-1.000e+00
-1.000e+00
-1.000e+00
-1.000e+00
-1.000e+00
-1.000e+00
-1.000e+00
-1.000e+00
-1.000e+00
-1.000e+00
-1.000e+00
-1.000e+00
-1.000e+00
-1.000e+00
-1.000e+00
-1.000e+00
-1.000e+00
-1.000e+00
-1.000e+00
-1.000e+00
-1.000e+00
-1.000e+00
-1.000e+00
-1.000e+00
-1.000e+00
-1.000e+00
-1.000e+00
-1.000e+00
-1.000e+00
-1.000e+00
-1.000e+00
-1.000e+00
-1.000e+00
-1.000e+00
-1.000e+00
-1.000e+00
-1.000e+00
-1.000e+00
-1.000e+00
-1.000e+00
-1.000e+00
-1.000e+00
-1.000e+00
-1.000e+00
-1.000e+00
-1.000e+00
-1.000e+00
-1.000e+00
-1.000e+00
-1.000e+00
-1.000e+00
-1.000e+00
-1.000e+00
-1.000e+00
-1.000e+00
-1.000e+00
-1.000e+00
-1.000e+00
-1.000e+00
-1.000e+00
-1.000e+00
-1.000e+00
-1.000e+00
-1.000e+00
-1.000e+00
-1.000e+00
-1.000e+00
-1.000e+00
-1.000e+00
-1.000e+00
-1.000e+00
-1.000e+00
-1.000e+00
-1.000e+00
-1.000e+00
-1.000e+00
-1.000e+00
-1.000e+00
-1.000e+00
-1.000e+00
-1.000e+00
-1.000e+00
-1.000e+00
-1.000e+00
-1.000e+00
-1.000e+00
-1.000e+00
-1.000e+00
-1.000e+00
-1.000e+00
-1.000e+00
-1.000e+00
-1.000e+00
-1.000e+00
-1.000e+00
-1.000e+00
-1.000e+00
-1.000e+00
-1.000e+00
-1.000e+00
-1.000e+00
-1.000e+00
-1.000e+00
-1.000e+00
-1.000e+00
-1.000e+00
-1.000e+00
-1.000e+00
-1.000e+00
-1.000e+00
-1.000e+00
-1.000e+00
-1.000e+00
-1.000e+00
-1.000e+00
-1.000e+00
-1.000e+00
-1.000e+00
-1.000e+00
-1.000e+00
-1.000e+00
-1.000e+00
-1.000e+00
-1.000e+00
-1.000e+00
-1.000e+00
-1.000e+00
-1.000e+00
-1.000e+00
-1.000e+00
-1.000e+00
-1.000e+00
-1.000e+00
-1.000e+00
-1.000e+00
-1.000e+00
-1.000e+00
-1.000e+00
-1.000e+00
-1.000e+00
-1.000e+00
-1.000e+00
-1.000e+00
-1.000e+00
-1.000e+00
-1.000e+00
-1.000e+00
-1.000e+00
-1.000e+00
-1.000e+00
-1.000e+00
-1.000e+00
-1.000e+00
-1.000e+00
-1.000e+00
-1.000e+00
-1.000e+00
-1.000e+00
-1.000e+00
-1.000e+00
-1.000e+00
-1.000e+00
-1.000e+00
-1.000e+00
-1.000e+00
-1.000e+00
-1.000e+00
-1.000e+00
-1.000e+00
-1.000e+00
-1.000e+00
-1.000e+00
-1.000e+00
-1.000e+00
-1.000e+00
-1.000e+00
-1.000e+00
-1.000e+00
-1.000e+00
-1.000e+00
-1.000e+00
-1.000e+00
-1.000e+00
-1.000e+00
-1.000e+00
-1.000e+00
-1.000e+00
-1.000e+00
-1.000e+00
-1.000e+00
-1.000e+00
-1.000e+00
-1.000e+00
-1.000e+00
-1.000e+00
-1.000e+00
-1.000e+00
-1.000e+00
-1.000e+00
-1.000e+00
-1.000e+00
-1.000e+00
-1.000e+00
-1.000e+00
-1.000e+00
-1.000e+00
-1.000e+00
-1.000e+00
-1.000e+00
-1.000e+00
-1.000e+00
-1.000e+00
-1.000e+00
-1.000e+00
-1.000e+00
-1.000e+00
-1.000e+00
-1.000e+00
-1.000e+00
-1.000e+00
-1.000e+00
-1.000e+00
-1.000e+00
-1.000e+00
-1.000e+00
-1.000e+00
-1.000e+00
-1.000e+00
-1.000e+00
-1.000e+00
-1.000e+00
-1.000e+00
-1.000e+00
-1.000e+00
-1.000e+00
-1.000e+00
-1.000e+00
-1.000e+00
-1.000e+00
-1.000e+00
-1.000e+00
-1.000e+00
-1.000e+00
-1.000e+00
-1.000e+00
-1.000e+00
-1.000e+00
-1.000e+00
-1.000e+00
-1.000e+00
-1.000e+00
-1.000e+00
-1.000e+00
-1.000e+00
-1.000e+00
-1.000e+00
-1.000e+00
-1.000e+00
-1.000e+00
-1.000e+00
-1.000e+00
-1.000e+00
-1.000e+00
-1.000e+00
-1.000e+00
-1.000e+00
-1.000e+00
-1.000e+00
-1.000e+00
-1.000e+00
-1.000e+00
-1.000e+00
-1.000e+00
-1.000e+00
-1.000e+00
-1.000e+00
-1.000e+00
-1.000e+00
-1.000e+00
-1.000e+00
-1.000e+00
-1.000e+00
-1.000e+00
-1.000e+00
-1.000e+00
-1.000e+00
-1.000e+00
-1.000e+00
-1.000e+00
-1.000e+00
-1.000e+00
-1.000e+00
-1.000e+00
-1.000e+00
-1.000e+00
-1.000e+00
-1.000e+00
-1.000e+00
-1.000e+00
-1.000e+00
-1.000e+00
-1.000e+00
-1.000e+00
-1.000e+00
-1.000e+00
-1.000e+00
-1.000e+00
-1.000e+00
-1.000e+00
-1.000e+00
-1.000e+00
-1.000e+00
-1.000e+00
-1.000e+00
-1.000e+00
-1.000e+00
-1.000e+00
-1.000e+00
-1.000e+00
-1.000e+00
-1.000e+00
-1.000e+00
-1.000e+00
-1.000e+00
-1.000e+00
-1.000e+00
-1.000e+00
-1.000e+00
-1.000e+00
-1.000e+00
-1.000e+00
-1.000e+00
-1.000e+00
-1.000e+00
-1.000e+00
-1.000e+00
-1.000e+00
-1.000e+00
-1.000e+00
-1.000e+00
-1.000e+00
-1.000e+00
-1.000e+00
-1.000e+00
-1.000e+00
-1.000e+00
-1.000e+00
-1.000e+00
-1.000e+00
-1.000e+00
-1.000e+00
-1.000e+00
-1.000e+00
-1.000e+00
-1.000e+00
-1.000e+00
-1.000e+00
-1.000e+00
-1.000e+00
-1.000e+00
-1.000e+00
-1.000e+00
-1.000e+00
-1.000e+00
-1.000e+00
-1.000e+00
-1.000e+00
-1.000e+00
-1.000e+00
-1.000e+00
-1.000e+00
-1.000e+00
-1.000e+00
-1.000e+00
-1.000e+00
-1.000e+00
-1.000e+00
-1.000e+00
-1.000e+00
-1.000e+00
-1.000e+00
-1.000e+00
-1.000e+00
-1.000e+00
-1.000e+00
-1.000e+00
-1.000e+00
-1.000e+00
-1.000e+00
-1.000e+00
-1.000e+00
-1.000e+00
-1.000e+00
-1.000e+00
-1.000e+00
-1.000e+00
-1.000e+00
-1.000e+00
-1.000e+00
-1.000e+00
-1.000e+00
-1.000e+00
-1.000e+00
-1.000e+00
-1.000e+00
-1.000e+00
-1.000e+00
-1.000e+00
-1.000e+00
-1.000e+00
-1.000e+00
-1.000e+00
-1.000e+00
-1.000e+00
-1.000e+00
-1.000e+00
-1.000e+00
-1.000e+00
-1.000e+00
-1.000e+00
-1.000e+00
-1.000e+00
-1.000e+00
-1.000e+00
-1.000e+00
-1.000e+00
-1.000e+00
-1.000e+00
-1.000e+00
-1.000e+00
-1.000e+00
-1.000e+00
-1.000e+00
-1.000e+00
-1.000e+00
-1.000e+00
-1.000e+00
-1.000e+00
-1.000e+00
-1.000e+00
-1.000e+00
-1.000e+00
-1.000e+00
-1.000e+00
-1.000e+00
-1.000e+00
-1.000e+00
-1.000e+00
-1.000e+00
-1.000e+00
-1.000e+00
-1.000e+00
-1.000e+00
-1.000e+00
-1.000e+00
-1.000e+00
-1.000e+00
-1.000e+00
-1.000e+00
-1.000e+00
-1.000e+00
-1.000e+00
-1.000e+00
-1.000e+00
-1.000e+00
-1.000e+00
-1.000e+00
-1.000e+00
-1.000e+00
-1.000e+00
-1.000e+00
-1.000e+00
-1.000e+00
-1.000e+00
-1.000e+00
-1.000e+00
-1.000e+00
-1.000e+00
-1.000e+00
-1.000e+00
-1.000e+00
-1.000e+00
-1.000e+00
-1.000e+00
-1.000e+00
-1.000e+00
-1.000e+00
-1.000e+00
-1.000e+00
-1.000e+00
-1.000e+00
-1.000e+00
-1.000e+00
-1.000e+00
-1.000e+00
-1.000e+00
-1.000e+00
-1.000e+00
-1.000e+00
-1.000e+00
-1.000e+00
-1.000e+00
-1.000e+00
-1.000e+00
-1.000e+00
-1.000e+00
-1.000e+00
-1.000e+00
-1.000e+00
-1.000e+00
-1.000e+00
-1.000e+00
-1.000e+00
-1.000e+00
-1.000e+00
-1.000e+00
-1.000e+00
-1.000e+00
-1.000e+00
-1.000e+00
-1.000e+00
-1.000e+00
-1.000e+00
-1.000e+00
-1.000e+00
-1.000e+00
-1.000e+00
-1.000e+00
-1.000e+00
-1.000e+00
-1.000e+00
-1.000e+00
-1.000e+00
-1.000e+00
-1.000e+00
-1.000e+00
-1.000e+00
-1.000e+00
-1.000e+00
-1.000e+00
-1.000e+00
-1.000e+00
-1.000e+00
-1.000e+00
-1.000e+00
-1.000e+00
-1.000e+00
-1.000e+00
-1.000e+00
-1.000e+00
-1.000e+00
-1.000e+00
-1.000e+00
-1.000e+00
-1.000e+00
-1.000e+00
-1.000e+00
-1.000e+00
-1.000e+00
-1.000e+00
-1.000e+00
-1.000e+00
-1.000e+00
-1.000e+00
-1.000e+00
-1.000e+00
-1.000e+00
-1.000e+00
-1.000e+00
-1.000e+00
-1.000e+00
-1.000e+00
-1.000e+00
-1.000e+00
-1.000e+00
-1.000e+00
-1.000e+00
-1.000e+00
-1.000e+00
-1.000e+00
-1.000e+00
-1.000e+00
-1.000e+00
-1.000e+00
-1.000e+00
-1.000e+00
-1.000e+00
-1.000e+00
-1.000e+00
-1.000e+00
-1.000e+00
-1.000e+00
-1.000e+00
-1.000e+00
-1.000e+00
-1.000e+00
-1.000e+00
-1.000e+00
-1.000e+00
-1.000e+00
-1.000e+00
-1.000e+00
-1.000e+00
-1.000e+00
-1.000e+00
-1.000e+00
-1.000e+00
-1.000e+00
-1.000e+00
-1.000e+00
-1.000e+00
-1.000e+00
-1.000e+00
-1.000e+00
-1.000e+00
-1.000e+00
-1.000e+00
-1.000e+00
-1.000e+00
-1.000e+00
-1.000e+00
-1.000e+00
-1.000e+00
-1.000e+00
-1.000e+00
-1.000e+00
-1.000e+00
-1.000e+00
-1.000e+00
-1.000e+00
-1.000e+00
-1.000e+00
-1.000e+00
-1.000e+00
-1.000e+00
-1.000e+00
-1.000e+00
-1.000e+00
-1.000e+00
-1.000e+00
-1.000e+00
-1.000e+00
-1.000e+00
-1.000e+00
-1.000e+00
-1.000e+00
-1.000e+00
-1.000e+00
-1.000e+00
-1.000e+00
-1.000e+00
-1.000e+00
-1.000e+00
-1.000e+00
-1.000e+00
-1.000e+00
-1.000e+00
-1.000e+00
-1.000e+00
-1.000e+00
-1.000e+00
-1.000e+00
-1.000e+00
-1.000e+00
-1.000e+00
-1.000e+00
-1.000e+00
-1.000e+00
-1.000e+00
-1.000e+00
-1.000e+00
-1.000e+00
-1.000e+00
-1.000e+00
-1.000e+00
-1.000e+00
-1.000e+00
-1.000e+00
-1.000e+00
-1.000e+00
-1.000e+00
-1.000e+00
-1.000e+00
-1.000e+00
-1.000e+00
-1.000e+00
-1.000e+00
-1.000e+00
-1.000e+00
-1.000e+00
-1.000e+00
-1.000e+00
-1.000e+00
-1.000e+00
-1.000e+00
-1.000e+00
-1.000e+00
-1.000e+00
-1.000e+00
-1.000e+00
-1.000e+00
-1.000e+00
-1.000e+00
-1.000e+00
-1.000e+00
-1.000e+00
-1.000e+00
-1.000e+00
-1.000e+00
-1.000e+00
-1.000e+00
-1.000e+00
-1.000e+00
-1.000e+00
-1.000e+00
-1.000e+00
-1.000e+00
-1.000e+00
-1.000e+00
-1.000e+00
-1.000e+00
-1.000e+00
-1.000e+00
-1.000e+00
-1.000e+00
-1.000e+00
-1.000e+00
-1.000e+00
-1.000e+00
-1.000e+00
-1.000e+00
-1.000e+00
-1.000e+00
-1.000e+00
-1.000e+00
-1.000e+00
-1.000e+00
-1.000e+00
-1.000e+00
-1.000e+00
-1.000e+00
-1.000e+00
-1.000e+00
-1.000e+00
-1.000e+00
-1.000e+00
-1.000e+00
-1.000e+00
-1.000e+00
-1.000e+00
-1.000e+00
-1.000e+00
-1.000e+00
-1.000e+00
-1.000e+00
-1.000e+00
-1.000e+00
-1.000e+00
-1.000e+00
-1.000e+00
-1.000e+00
-1.000e+00
-1.000e+00
-1.000e+00
-1.000e+00
-1.000e+00
-1.000e+00
-1.000e+00
-1.000e+00
-1.000e+00
-1.000e+00
-1.000e+00
-1.000e+00
-1.000e+00
-1.000e+00
-1.000e+00
-1.000e+00
-1.000e+00
-1.000e+00
-1.000e+00
-1.000e+00
-1.000e+00
-1.000e+00
-1.000e+00
-1.000e+00
-1.000e+00
-1.000e+00
-1.000e+00
-1.000e+00
-1.000e+00
-1.000e+00
-1.000e+00
-1.000e+00
-1.000e+00
-1.000e+00
-1.000e+00
-1.000e+00
-1.000e+00
-1.000e+00
-1.000e+00
-1.000e+00
-1.000e+00
-1.000e+00
-1.000e+00
-1.000e+00
-1.000e+00
-1.000e+00
-1.000e+00
-1.000e+00
-1.000e+00
-1.000e+00
-1.000e+00
-1.000e+00
-1.000e+00
-1.000e+00
-1.000e+00
-1.000e+00
-1.000e+00
-1.000e+00
-1.000e+00
-1.000e+00
-1.000e+00
-1.000e+00
-1.000e+00
-1.000e+00
-1.000e+00
-1.000e+00
-1.000e+00
-1.000e+00
-1.000e+00
-1.000e+00
-1.000e+00
-1.000e+00
-1.000e+00
-1.000e+00
-1.000e+00
-1.000e+00
-1.000e+00
-1.000e+00
-1.000e+00
-1.000e+00
-1.000e+00
-1.000e+00
-1.000e+00
-1.000e+00
-1.000e+00
-1.000e+00
-1.000e+00
-1.000e+00
-1.000e+00
-1.000e+00
-1.000e+00
-1.000e+00
-1.000e+00
-1.000e+00
-1.000e+00
-1.000e+00
-1.000e+00
-1.000e+00
-1.000e+00
-1.000e+00
-1.000e+00
-1.000e+00
-1.000e+00
-1.000e+00
-1.000e+00
-1.000e+00
-1.000e+00
-1.000e+00
-1.000e+00
-1.000e+00
-1.000e+00
-1.000e+00
-1.000e+00
-1.000e+00
-1.000e+00
-1.000e+00
-1.000e+00
-1.000e+00
-1.000e+00
-1.000e+00
-1.000e+00
-1.000e+00
-1.000e+00
-1.000e+00
-1.000e+00
-1.000e+00
-1.000e+00
-1.000e+00
-1.000e+00
-1.000e+00
-1.000e+00
-1.000e+00
-1.000e+00
-1.000e+00
-1.000e+00
-1.000e+00
-1.000e+00
-1.000e+00
-1.000e+00
-1.000e+00
-1.000e+00
-1.000e+00
-1.000e+00
-1.000e+00
-1.000e+00
-1.000e+00
-1.000e+00
-1.000e+00
-1.000e+00
-1.000e+00
-1.000e+00
-1.000e+00
-1.000e+00
-1.000e+00
-1.000e+00
-1.000e+00
-1.000e+00
-1.000e+00
-1.000e+00
-1.000e+00
-1.000e+00
-1.000e+00
-1.000e+00
-1.000e+00
-1.000e+00
-1.000e+00
-1.000e+00
-1.000e+00
-1.000e+00
-1.000e+00
-1.000e+00
-1.000e+00
-1.000e+00
-1.000e+00
-1.000e+00
-1.000e+00
-1.000e+00
-1.000e+00
-1.000e+00
-1.000e+00
-1.000e+00
-1.000e+00
-1.000e+00
-1.000e+00
-1.000e+00
-1.000e+00
-1.000e+00
-1.000e+00
-1.000e+00
-1.000e+00
-1.000e+00
-1.000e+00
-1.000e+00
-1.000e+00
-1.000e+00
-1.000e+00
-1.000e+00
-1.000e+00
-1.000e+00
-1.000e+00
-1.000e+00
-1.000e+00
-1.000e+00
-1.000e+00
-1.000e+00
-1.000e+00
-1.000e+00
-1.000e+00
-1.000e+00
-1.000e+00
-1.000e+00
-1.000e+00
-1.000e+00
-1.000e+00
-1.000e+00
-1.000e+00
-1.000e+00
-1.000e+00
-1.000e+00
-1.000e+00
-1.000e+00
-1.000e+00
-1.000e+00
-1.000e+00
-1.000e+00
-1.000e+00
-1.000e+00
-1.000e+00
-1.000e+00
-1.000e+00
-1.000e+00
-1.000e+00
-1.000e+00
-1.000e+00
-1.000e+00
-1.000e+00
-1.000e+00
-1.000e+00
-1.000e+00
-1.000e+00
-1.000e+00
-1.000e+00
-1.000e+00
-1.000e+00
-1.000e+00
-1.000e+00
-1.000e+00
-1.000e+00
-1.000e+00
-1.000e+00
-1.000e+00
-1.000e+00
-1.000e+00
-1.000e+00
-1.000e+00
-1.000e+00
-1.000e+00
-1.000e+00
-1.000e+00
-1.000e+00
-1.000e+00
-1.000e+00
-1.000e+00
-1.000e+00
-1.000e+00
-1.000e+00
-1.000e+00
-1.000e+00
-1.000e+00
-1.000e+00
-1.000e+00
-1.000e+00
-1.000e+00
-1.000e+00
-1.000e+00
-1.000e+00
-1.000e+00
-1.000e+00
-1.000e+00
-1.000e+00
-1.000e+00
-1.000e+00
-1.000e+00
-1.000e+00
-1.000e+00
-1.000e+00
-1.000e+00
-1.000e+00
-1.000e+00
-1.000e+00
-1.000e+00
-1.000e+00
-1.000e+00
-1.000e+00
-1.000e+00
-1.000e+00
-1.000e+00
-1.000e+00
-1.000e+00
-1.000e+00
-1.000e+00
-1.000e+00
-1.000e+00
-1.000e+00
-1.000e+00
-1.000e+00
-1.000e+00
-1.000e+00
-1.000e+00
-1.000e+00
-1.000e+00
-1.000e+00
-1.000e+00
-1.000e+00
-1.000e+00
-1.000e+00
-1.000e+00
-1.000e+00
-1.000e+00
-1.000e+00
-1.000e+00
-1.000e+00
-1.000e+00
-1.000e+00
-1.000e+00
-1.000e+00
-1.000e+00
-1.000e+00
-1.000e+00
-1.000e+00
-1.000e+00
-1.000e+00
-1.000e+00
-1.000e+00
-1.000e+00
-1.000e+00
-1.000e+00
-1.000e+00
-1.000e+00
-1.000e+00
-1.000e+00
-1.000e+00
-1.000e+00
-1.000e+00
-1.000e+00
-1.000e+00
-1.000e+00
-1.000e+00
-1.000e+00
-1.000e+00
-1.000e+00
-1.000e+00
-1.000e+00
-1.000e+00
-1.000e+00
-1.000e+00
-1.000e+00
-1.000e+00
-1.000e+00
-1.000e+00
-1.000e+00
-1.000e+00
-1.000e+00
-1.000e+00
-1.000e+00
-1.000e+00
-1.000e+00
-1.000e+00
-1.000e+00
-1.000e+00
-1.000e+00
-1.000e+00
-1.000e+00
-1.000e+00
-1.000e+00
-1.000e+00
-1.000e+00
-1.000e+00
-1.000e+00
-1.000e+00
-1.000e+00
-1.000e+00
-1.000e+00
-1.000e+00
-1.000e+00
-1.000e+00
-1.000e+00
-1.000e+00
-1.000e+00
-1.000e+00
-1.000e+00
-1.000e+00
-1.000e+00
-1.000e+00
-1.000e+00
-1.000e+00
-1.000e+00
-1.000e+00
-1.000e+00
-1.000e+00
-1.000e+00
-1.000e+00
-1.000e+00
-1.000e+00
-1.000e+00
-1.000e+00
-1.000e+00
-1.000e+00
-1.000e+00
-1.000e+00
-1.000e+00
-1.000e+00
-1.000e+00
-1.000e+00
-1.000e+00
-1.000e+00
-1.000e+00
-1.000e+00
-1.000e+00
-1.000e+00
-1.000e+00
-1.000e+00
-1.000e+00
-1.000e+00
-1.000e+00
-1.000e+00
-1.000e+00
-1.000e+00
-1.000e+00
-1.000e+00
-1.000e+00
-1.000e+00
-1.000e+00
-1.000e+00
-1.000e+00
-1.000e+00
-1.000e+00
-1.000e+00
-1.000e+00
-1.000e+00
-1.000e+00
-1.000e+00
-1.000e+00
-1.000e+00
-1.000e+00
-1.000e+00
-1.000e+00
-1.000e+00
-1.000e+00
-1.000e+00
-1.000e+00
-1.000e+00
-1.000e+00
-1.000e+00
-1.000e+00
-1.000e+00
-1.000e+00
-1.000e+00
-1.000e+00
-1.000e+00
-1.000e+00
-1.000e+00
-1.000e+00
-1.000e+00
-1.000e+00
-1.000e+00
-1.000e+00
-1.000e+00
-1.000e+00
-1.000e+00
-1.000e+00
-1.000e+00
-1.000e+00
-1.000e+00
-1.000e+00
-1.000e+00
-1.000e+00
-1.000e+00
-1.000e+00
-1.000e+00
-1.000e+00
-1.000e+00
-1.000e+00
-1.000e+00
-1.000e+00
-1.000e+00
-1.000e+00
-1.000e+00
-1.000e+00
-1.000e+00
-1.000e+00
-1.000e+00
-1.000e+00
-1.000e+00
-1.000e+00
-1.000e+00
-1.000e+00
-1.000e+00
-1.000e+00
-1.000e+00
-1.000e+00
-1.000e+00
-1.000e+00
-1.000e+00
-1.000e+00
-1.000e+00
-1.000e+00
-1.000e+00
-1.000e+00
-1.000e+00
-1.000e+00
-1.000e+00
-1.000e+00
-1.000e+00
-1.000e+00
-1.000e+00
-1.000e+00
-1.000e+00
-1.000e+00
-1.000e+00
-1.000e+00
-1.000e+00
-1.000e+00
-1.000e+00
-1.000e+00
-1.000e+00
-1.000e+00
-1.000e+00
-1.000e+00
-1.000e+00
-1.000e+00
-1.000e+00
-1.000e+00
-1.000e+00
-1.000e+00
-1.000e+00
-1.000e+00
-1.000e+00
-1.000e+00
-1.000e+00
-1.000e+00
-1.000e+00
-1.000e+00
-1.000e+00
-1.000e+00
-1.000e+00
-1.000e+00
-1.000e+00
-1.000e+00
-1.000e+00
-1.000e+00
-1.000e+00
-1.000e+00
-1.000e+00
-1.000e+00
-1.000e+00
-1.000e+00
-1.000e+00
-9.994e-01
-9.994e-01
-9.994e-01
-9.994e-01
-9.994e-01
-9.994e-01
-9.994e-01
-9.994e-01
-9.994e-01
-9.994e-01
-9.994e-01
-9.994e-01
-9.994e-01
-9.994e-01
-9.994e-01
-9.994e-01
-9.994e-01
-9.994e-01
-9.994e-01
-9.994e-01
-9.991e-01
-9.994e-01
-9.991e-01
-9.991e-01
-9.991e-01
-9.991e-01
-9.991e-01
-9.991e-01
-9.991e-01
-9.991e-01
-9.991e-01
-9.991e-01
-9.991e-01
-9.991e-01
-9.991e-01
-9.991e-01
-9.991e-01
-9.991e-01
-9.991e-01
-9.991e-01
-9.991e-01
-9.988e-01
-9.994e-01
-9.991e-01
-9.991e-01
-9.991e-01
-9.991e-01
-9.991e-01
-9.991e-01
-9.991e-01
-9.991e-01
-9.991e-01
-9.991e-01
-9.991e-01
-9.991e-01
-9.991e-01
-9.991e-01
-9.991e-01
-9.991e-01
-9.991e-01
-9.991e-01
-9.991e-01
-9.988e-01
-9.994e-01
-9.991e-01
-9.991e-01
-9.991e-01
-9.991e-01
-9.991e-01
-9.991e-01
-9.991e-01
-9.991e-01
-9.991e-01
-9.991e-01
-9.991e-01
-9.991e-01
-9.991e-01
-9.991e-01
-9.991e-01
-9.991e-01
-9.991e-01
-9.991e-01
-9.991e-01
-9.988e-01
-9.994e-01
-9.991e-01
-9.991e-01
-9.991e-01
-9.991e-01
-9.991e-01
-9.991e-01
-9.991e-01
-9.991e-01
-9.991e-01
-9.991e-01
-9.991e-01
-9.991e-01
-9.991e-01
-9.991e-01
-9.991e-01
-9.991e-01
-9.991e-01
-9.991e-01
-9.991e-01
-9.988e-01
-9.994e-01
-9.991e-01
-9.991e-01
-9.991e-01
-9.991e-01
-9.991e-01
-9.991e-01
-9.991e-01
-9.991e-01
-9.991e-01
-9.991e-01
-9.991e-01
-9.991e-01
-9.991e-01
-9.991e-01
-9.991e-01
-9.991e-01
-9.991e-01
-9.991e-01
-9.991e-01
-9.988e-01
-9.994e-01
-9.991e-01
-9.991e-01
-9.991e-01
-9.991e-01
-9.991e-01
-9.991e-01
-9.991e-01
-9.991e-01
-9.991e-01
-9.991e-01
-9.991e-01
-9.991e-01
-9.991e-01
-9.991e-01
-9.991e-01
-9.991e-01
-9.991e-01
-9.991e-01
-9.991e-01
-9.988e-01
-9.994e-01
-9.991e-01
-9.991e-01
-9.991e-01
-9.991e-01
-9.991e-01
-9.991e-01
-9.991e-01
-9.991e-01
-9.991e-01
-9.991e-01
-9.991e-01
-9.991e-01
-9.991e-01
-9.991e-01
-9.991e-01
-9.991e-01
-9.991e-01
-9.991e-01
-9.991e-01
-9.988e-01
-9.994e-01
-9.991e-01
-9.991e-01
-9.991e-01
-9.991e-01
-9.991e-01
-9.991e-01
-9.991e-01
-9.991e-01
-9.991e-01
-9.991e-01
-9.991e-01
-9.991e-01
-9.991e-01
-9.991e-01
-9.991e-01
-9.991e-01
-9.991e-01
-9.991e-01
-9.991e-01
-9.988e-01
-9.994e-01
-9.991e-01
-9.991e-01
-9.991e-01
-9.991e-01
-9.991e-01
-9.991e-01
-9.991e-01
-9.991e-01
-9.991e-01
-9.991e-01
-9.991e-01
-9.991e-01
-9.991e-01
-9.991e-01
-9.991e-01
-9.991e-01
-9.991e-01
-9.991e-01
-9.991e-01
-9.988e-01
-9.994e-01
-9.991e-01
-9.991e-01
-9.991e-01
-9.991e-01
-9.991e-01
-9.991e-01
-9.991e-01
-9.991e-01
-9.991e-01
-9.991e-01
-9.991e-01
-9.991e-01
-9.991e-01
-9.991e-01
-9.991e-01
-9.991e-01
-9.991e-01
-9.991e-01
-9.991e-01
-9.988e-01
-9.994e-01
-9.991e-01
-9.991e-01
-9.991e-01
-9.991e-01
-9.991e-01
-9.991e-01
-9.991e-01
-9.991e-01
-9.991e-01
-9.991e-01
-9.991e-01
-9.991e-01
-9.991e-01
-9.991e-01
-9.991e-01
-9.991e-01
-9.991e-01
-9.991e-01
-9.991e-01
-9.988e-01
-9.994e-01
-9.991e-01
-9.991e-01
-9.991e-01
-9.991e-01
-9.991e-01
-9.991e-01
-9.991e-01
-9.991e-01
-9.991e-01
-9.991e-01
-9.991e-01
-9.991e-01
-9.991e-01
-9.991e-01
-9.991e-01
-9.991e-01
-9.991e-01
-9.991e-01
-9.991e-01
-9.988e-01
-9.994e-01
-9.991e-01
-9.991e-01
-9.991e-01
-9.991e-01
-9.991e-01
-9.991e-01
-9.991e-01
-9.991e-01
-9.991e-01
-9.991e-01
-9.991e-01
-9.991e-01
-9.991e-01
-9.991e-01
-9.991e-01
-9.991e-01
-9.991e-01
-9.991e-01
-9.991e-01
-9.988e-01
-9.994e-01
-9.991e-01
-9.991e-01
-9.991e-01
-9.991e-01
-9.991e-01
-9.991e-01
-9.991e-01
-9.991e-01
-9.991e-01
-9.991e-01
-9.991e-01
-9.991e-01
-9.991e-01
-9.991e-01
-9.991e-01
-9.991e-01
-9.991e-01
-9.991e-01
-9.991e-01
-9.988e-01
-9.994e-01
-9.991e-01
-9.991e-01
-9.991e-01
-9.991e-01
-9.991e-01
-9.991e-01
-9.991e-01
-9.991e-01
-9.991e-01
-9.991e-01
-9.991e-01
-9.991e-01
-9.991e-01
-9.991e-01
-9.991e-01
-9.991e-01
-9.991e-01
-9.991e-01
-9.991e-01
-9.988e-01
-9.994e-01
-9.991e-01
-9.991e-01
-9.991e-01
-9.991e-01
-9.991e-01
-9.991e-01
-9.991e-01
-9.991e-01
-9.991e-01
-9.991e-01
-9.991e-01
-9.991e-01
-9.991e-01
-9.991e-01
-9.991e-01
-9.991e-01
-9.991e-01
-9.991e-01
-9.991e-01
-9.988e-01
-9.994e-01
-9.991e-01
-9.991e-01
-9.991e-01
-9.991e-01
-9.991e-01
-9.991e-01
-9.991e-01
-9.991e-01
-9.991e-01
-9.991e-01
-9.991e-01
-9.991e-01
-9.991e-01
-9.991e-01
-9.991e-01
-9.991e-01
-9.991e-01
-9.991e-01
-9.991e-01
-9.988e-01
-9.994e-01
-9.991e-01
-9.991e-01
-9.991e-01
-9.991e-01
-9.991e-01
-9.991e-01
-9.991e-01
-9.991e-01
-9.991e-01
-9.991e-01
-9.991e-01
-9.991e-01
-9.991e-01
-9.991e-01
-9.991e-01
-9.991e-01
-9.991e-01
-9.991e-01
-9.991e-01
-9.988e-01
-9.994e-01
-9.991e-01
-9.991e-01
-9.991e-01
-9.991e-01
-9.991e-01
-9.991e-01
-9.991e-01
-9.991e-01
-9.991e-01
-9.991e-01
-9.991e-01
-9.991e-01
-9.991e-01
-9.991e-01
-9.991e-01
-9.991e-01
-9.991e-01
-9.991e-01
-9.991e-01
-9.988e-01
-9.991e-01
-9.988e-01
-9.988e-01
-9.988e-01
-9.988e-01
-9.988e-01
-9.988e-01
-9.988e-01
-9.988e-01
-9.988e-01
-9.988e-01
-9.988e-01
-9.988e-01
-9.988e-01
-9.988e-01
-9.988e-01
-9.988e-01
-9.988e-01
-9.988e-01
-9.988e-01
-9.985e-01
