1	0	INDP	IPOND
-3.472e-01
-3.445e-01
-3.443e-01
-3.443e-01
-3.443e-01
-3.443e-01
-3.443e-01
-3.443e-01
-3.443e-01
-3.443e-01
-3.443e-01
-3.443e-01
-3.443e-01
-3.443e-01
-3.443e-01
-3.443e-01
-3.443e-01
-3.442e-01
-3.448e-01
-3.419e-01
-3.369e-01
-3.449e-01
-3.400e-01
-3.391e-01
-3.392e-01
-3.392e-01
-3.392e-01
-3.392e-01
-3.392e-01
-3.392e-01
-3.392e-01
-3.392e-01
-3.392e-01
-3.392e-01
-3.392e-01
-3.392e-01
-3.392e-01
-3.392e-01
-3.391e-01
-3.396e-01
-3.378e-01
-3.307e-01
-3.448e-01
-3.393e-01
-3.381e-01
-3.381e-01
-3.381e-01
-3.381e-01
-3.381e-01
-3.381e-01
-3.381e-01
-3.381e-01
-3.381e-01
-3.381e-01
-3.381e-01
-3.381e-01
-3.381e-01
-3.381e-01
-3.381e-01
-3.381e-01
-3.385e-01
-3.368e-01
-3.285e-01
-3.448e-01
-3.393e-01
-3.380e-01
-3.381e-01
-3.381e-01
-3.381e-01
-3.381e-01
-3.381e-01
-3.381e-01
-3.381e-01
-3.381e-01
-3.381e-01
-3.381e-01
-3.381e-01
-3.381e-01
-3.381e-01
-3.381e-01
-3.380e-01
-3.385e-01
-3.368e-01
-3.284e-01
-3.448e-01
-3.393e-01
-3.381e-01
-3.381e-01
-3.381e-01
-3.381e-01
-3.381e-01
-3.381e-01
-3.381e-01
-3.381e-01
-3.381e-01
-3.381e-01
-3.381e-01
-3.381e-01
-3.381e-01
-3.381e-01
-3.381e-01
-3.380e-01
-3.385e-01
-3.368e-01
-3.285e-01
-3.448e-01
-3.393e-01
-3.381e-01
-3.381e-01
-3.381e-01
-3.381e-01
-3.381e-01
-3.381e-01
-3.381e-01
-3.381e-01
-3.381e-01
-3.381e-01
-3.381e-01
-3.381e-01
-3.381e-01
-3.381e-01
-3.381e-01
-3.380e-01
-3.385e-01
-3.368e-01
-3.284e-01
-3.448e-01
-3.393e-01
-3.381e-01
-3.381e-01
-3.381e-01
-3.381e-01
-3.381e-01
-3.381e-01
-3.381e-01
-3.381e-01
-3.381e-01
-3.381e-01
-3.381e-01
-3.381e-01
-3.381e-01
-3.381e-01
-3.381e-01
-3.380e-01
-3.385e-01
-3.368e-01
-3.284e-01
-3.448e-01
-3.393e-01
-3.381e-01
-3.381e-01
-3.381e-01
-3.381e-01
-3.381e-01
-3.381e-01
-3.381e-01
-3.381e-01
-3.381e-01
-3.381e-01
-3.381e-01
-3.381e-01
-3.381e-01
-3.381e-01
-3.381e-01
-3.380e-01
-3.385e-01
-3.367e-01
-3.284e-01
-3.448e-01
-3.393e-01
-3.380e-01
-3.381e-01
-3.381e-01
-3.381e-01
-3.381e-01
-3.381e-01
-3.381e-01
-3.381e-01
-3.381e-01
-3.381e-01
-3.381e-01
-3.381e-01
-3.381e-01
-3.380e-01
-3.381e-01
-3.380e-01
-3.385e-01
-3.367e-01
-3.284e-01
-3.448e-01
-3.393e-01
-3.380e-01
-3.381e-01
-3.381e-01
-3.381e-01
-3.381e-01
-3.381e-01
-3.381e-01
-3.381e-01
-3.381e-01
-3.381e-01
-3.381e-01
-3.381e-01
-3.381e-01
-3.381e-01
-3.380e-01
-3.380e-01
-3.385e-01
-3.367e-01
-3.284e-01
-3.448e-01
-3.392e-01
-3.381e-01
-3.381e-01
-3.381e-01
-3.381e-01
-3.381e-01
-3.381e-01
-3.381e-01
-3.381e-01
-3.381e-01
-3.381e-01
-3.381e-01
-3.381e-01
-3.381e-01
-3.380e-01
-3.381e-01
-3.380e-01
-3.385e-01
-3.367e-01
-3.284e-01
-3.448e-01
-3.393e-01
-3.381e-01
-3.381e-01
-3.381e-01
-3.381e-01
-3.381e-01
-3.381e-01
-3.381e-01
-3.381e-01
-3.381e-01
-3.381e-01
-3.381e-01
-3.380e-01
-3.381e-01
-3.380e-01
-3.380e-01
-3.380e-01
-3.384e-01
-3.367e-01
-3.284e-01
-3.448e-01
-3.392e-01
-3.381e-01
-3.380e-01
-3.381e-01
-3.381e-01
-3.381e-01
-3.381e-01
-3.381e-01
-3.381e-01
-3.380e-01
-3.380e-01
-3.381e-01
-3.380e-01
-3.380e-01
-3.380e-01
-3.380e-01
-3.380e-01
-3.384e-01
-3.367e-01
-3.284e-01
-3.448e-01
-3.392e-01
-3.380e-01
-3.380e-01
-3.381e-01
-3.381e-01
-3.381e-01
-3.381e-01
-3.380e-01
-3.381e-01
-3.380e-01
-3.380e-01
-3.380e-01
-3.380e-01
-3.380e-01
-3.380e-01
-3.380e-01
-3.380e-01
-3.384e-01
-3.367e-01
-3.284e-01
-3.448e-01
-3.392e-01
-3.380e-01
-3.381e-01
-3.381e-01
-3.380e-01
-3.380e-01
-3.381e-01
-3.380e-01
-3.380e-01
-3.380e-01
-3.380e-01
-3.380e-01
-3.380e-01
-3.380e-01
-3.380e-01
-3.380e-01
-3.380e-01
-3.384e-01
-3.367e-01
-3.284e-01
-3.448e-01
-3.392e-01
-3.380e-01
-3.380e-01
-3.380e-01
-3.380e-01
-3.380e-01
-3.380e-01
-3.380e-01
-3.380e-01
-3.380e-01
-3.380e-01
-3.380e-01
-3.380e-01
-3.380e-01
-3.380e-01
-3.380e-01
-3.380e-01
-3.384e-01
-3.367e-01
-3.284e-01
-3.448e-01
-3.392e-01
-3.380e-01
-3.380e-01
-3.380e-01
-3.380e-01
-3.380e-01
-3.380e-01
-3.380e-01
-3.380e-01
-3.380e-01
-3.380e-01
-3.380e-01
-3.380e-01
-3.380e-01
-3.380e-01
-3.380e-01
-3.379e-01
-3.384e-01
-3.367e-01
-3.284e-01
-3.447e-01
-3.392e-01
-3.380e-01
-3.380e-01
-3.380e-01
-3.380e-01
-3.380e-01
-3.380e-01
-3.380e-01
-3.380e-01
-3.380e-01
-3.380e-01
-3.380e-01
-3.380e-01
-3.380e-01
-3.380e-01
-3.379e-01
-3.379e-01
-3.384e-01
-3.367e-01
-3.283e-01
-3.453e-01
-3.396e-01
-3.384e-01
-3.384e-01
-3.384e-01
-3.384e-01
-3.384e-01
-3.384e-01
-3.384e-01
-3.384e-01
-3.384e-01
-3.384e-01
-3.384e-01
-3.384e-01
-3.384e-01
-3.384e-01
-3.384e-01
-3.384e-01
-3.388e-01
-3.369e-01
-3.285e-01
-3.424e-01
-3.378e-01
-3.367e-01
-3.366e-01
-3.367e-01
-3.367e-01
-3.367e-01
-3.367e-01
-3.367e-01
-3.367e-01
-3.367e-01
-3.366e-01
-3.366e-01
-3.366e-01
-3.366e-01
-3.366e-01
-3.366e-01
-3.366e-01
-3.369e-01
-3.356e-01
-3.281e-01
-3.374e-01
-3.312e-01
-3.287e-01
-3.287e-01
-3.287e-01
-3.286e-01
-3.286e-01
-3.286e-01
-3.286e-01
-3.286e-01
-3.286e-01
-3.286e-01
-3.286e-01
-3.286e-01
-3.286e-01
-3.286e-01
-3.286e-01
-3.286e-01
-3.287e-01
-3.284e-01
-3.231e-01
-3.418e-01
-3.394e-01
-3.392e-01
-3.391e-01
-3.391e-01
-3.391e-01
-3.391e-01
-3.391e-01
-3.391e-01
-3.391e-01
-3.391e-01
-3.391e-01
-3.391e-01
-3.391e-01
-3.391e-01
-3.391e-01
-3.391e-01
-3.391e-01
-3.397e-01
-3.368e-01
-3.324e-01
-3.398e-01
-3.355e-01
-3.346e-01
-3.347e-01
-3.347e-01
-3.347e-01
-3.347e-01
-3.347e-01
-3.347e-01
-3.347e-01
-3.347e-01
-3.347e-01
-3.347e-01
-3.347e-01
-3.347e-01
-3.347e-01
-3.347e-01
-3.346e-01
-3.351e-01
-3.333e-01
-3.268e-01
-3.397e-01
-3.348e-01
-3.336e-01
-3.336e-01
-3.336e-01
-3.336e-01
-3.336e-01
-3.336e-01
-3.336e-01
-3.336e-01
-3.336e-01
-3.336e-01
-3.336e-01
-3.336e-01
-3.336e-01
-3.336e-01
-3.336e-01
-3.336e-01
-3.340e-01
-3.323e-01
-3.245e-01
-3.397e-01
-3.348e-01
-3.336e-01
-3.336e-01
-3.336e-01
-3.336e-01
-3.336e-01
-3.336e-01
-3.336e-01
-3.336e-01
-3.336e-01
-3.336e-01
-3.336e-01
-3.336e-01
-3.336e-01
-3.336e-01
-3.336e-01
-3.335e-01
-3.340e-01
-3.323e-01
-3.245e-01
-3.397e-01
-3.348e-01
-3.336e-01
-3.336e-01
-3.336e-01
-3.336e-01
-3.336e-01
-3.336e-01
-3.336e-01
-3.336e-01
-3.336e-01
-3.336e-01
-3.336e-01
-3.336e-01
-3.336e-01
-3.336e-01
-3.336e-01
-3.335e-01
-3.340e-01
-3.322e-01
-3.245e-01
-3.397e-01
-3.348e-01
-3.336e-01
-3.336e-01
-3.336e-01
-3.336e-01
-3.336e-01
-3.336e-01
-3.336e-01
-3.336e-01
-3.336e-01
-3.336e-01
-3.336e-01
-3.336e-01
-3.336e-01
-3.336e-01
-3.336e-01
-3.335e-01
-3.340e-01
-3.322e-01
-3.245e-01
-3.397e-01
-3.348e-01
-3.336e-01
-3.336e-01
-3.336e-01
-3.336e-01
-3.336e-01
-3.336e-01
-3.336e-01
-3.336e-01
-3.336e-01
-3.336e-01
-3.336e-01
-3.336e-01
-3.336e-01
-3.336e-01
-3.336e-01
-3.335e-01
-3.340e-01
-3.323e-01
-3.245e-01
-3.397e-01
-3.348e-01
-3.336e-01
-3.336e-01
-3.336e-01
-3.336e-01
-3.336e-01
-3.336e-01
-3.336e-01
-3.336e-01
-3.336e-01
-3.336e-01
-3.336e-01
-3.336e-01
-3.336e-01
-3.336e-01
-3.336e-01
-3.335e-01
-3.340e-01
-3.322e-01
-3.245e-01
-3.397e-01
-3.348e-01
-3.336e-01
-3.336e-01
-3.336e-01
-3.336e-01
-3.336e-01
-3.336e-01
-3.336e-01
-3.336e-01
-3.336e-01
-3.336e-01
-3.336e-01
-3.336e-01
-3.336e-01
-3.336e-01
-3.336e-01
-3.335e-01
-3.340e-01
-3.322e-01
-3.245e-01
-3.397e-01
-3.348e-01
-3.336e-01
-3.336e-01
-3.336e-01
-3.336e-01
-3.336e-01
-3.336e-01
-3.336e-01
-3.336e-01
-3.336e-01
-3.336e-01
-3.336e-01
-3.336e-01
-3.336e-01
-3.336e-01
-3.336e-01
-3.335e-01
-3.340e-01
-3.322e-01
-3.244e-01
-3.397e-01
-3.348e-01
-3.336e-01
-3.336e-01
-3.336e-01
-3.336e-01
-3.336e-01
-3.336e-01
-3.336e-01
-3.336e-01
-3.336e-01
-3.336e-01
-3.336e-01
-3.336e-01
-3.336e-01
-3.336e-01
-3.336e-01
-3.335e-01
-3.340e-01
-3.322e-01
-3.244e-01
-3.397e-01
-3.348e-01
-3.336e-01
-3.336e-01
-3.336e-01
-3.336e-01
-3.336e-01
-3.336e-01
-3.336e-01
-3.336e-01
-3.336e-01
-3.336e-01
-3.336e-01
-3.336e-01
-3.336e-01
-3.335e-01
-3.335e-01
-3.335e-01
-3.339e-01
-3.322e-01
-3.244e-01
-3.397e-01
-3.348e-01
-3.336e-01
-3.336e-01
-3.336e-01
-3.336e-01
-3.336e-01
-3.336e-01
-3.336e-01
-3.336e-01
-3.336e-01
-3.336e-01
-3.336e-01
-3.335e-01
-3.335e-01
-3.335e-01
-3.335e-01
-3.335e-01
-3.339e-01
-3.322e-01
-3.244e-01
-3.397e-01
-3.347e-01
-3.335e-01
-3.336e-01
-3.336e-01
-3.336e-01
-3.336e-01
-3.336e-01
-3.336e-01
-3.336e-01
-3.335e-01
-3.335e-01
-3.335e-01
-3.335e-01
-3.335e-01
-3.335e-01
-3.335e-01
-3.335e-01
-3.339e-01
-3.322e-01
-3.244e-01
-3.397e-01
-3.348e-01
-3.336e-01
-3.336e-01
-3.336e-01
-3.336e-01
-3.336e-01
-3.336e-01
-3.335e-01
-3.335e-01
-3.335e-01
-3.335e-01
-3.335e-01
-3.335e-01
-3.335e-01
-3.335e-01
-3.335e-01
-3.335e-01
-3.339e-01
-3.322e-01
-3.244e-01
-3.397e-01
-3.347e-01
-3.336e-01
-3.336e-01
-3.335e-01
-3.335e-01
-3.335e-01
-3.335e-01
-3.335e-01
-3.335e-01
-3.335e-01
-3.335e-01
-3.335e-01
-3.335e-01
-3.335e-01
-3.335e-01
-3.335e-01
-3.335e-01
-3.339e-01
-3.322e-01
-3.244e-01
-3.397e-01
-3.347e-01
-3.335e-01
-3.335e-01
-3.335e-01
-3.335e-01
-3.335e-01
-3.335e-01
-3.335e-01
-3.335e-01
-3.335e-01
-3.335e-01
-3.335e-01
-3.335e-01
-3.335e-01
-3.335e-01
-3.335e-01
-3.334e-01
-3.339e-01
-3.322e-01
-3.244e-01
-3.396e-01
-3.347e-01
-3.335e-01
-3.335e-01
-3.335e-01
-3.335e-01
-3.335e-01
-3.335e-01
-3.335e-01
-3.335e-01
-3.335e-01
-3.335e-01
-3.335e-01
-3.335e-01
-3.335e-01
-3.335e-01
-3.334e-01
-3.334e-01
-3.339e-01
-3.321e-01
-3.244e-01
-3.402e-01
-3.351e-01
-3.339e-01
-3.339e-01
-3.339e-01
-3.339e-01
-3.339e-01
-3.339e-01
-3.339e-01
-3.339e-01
-3.339e-01
-3.339e-01
-3.339e-01
-3.339e-01
-3.339e-01
-3.339e-01
-3.339e-01
-3.339e-01
-3.343e-01
-3.324e-01
-3.245e-01
-3.373e-01
-3.333e-01
-3.322e-01
-3.321e-01
-3.322e-01
-3.322e-01
-3.322e-01
-3.322e-01
-3.322e-01
-3.322e-01
-3.322e-01
-3.321e-01
-3.321e-01
-3.321e-01
-3.321e-01
-3.321e-01
-3.321e-01
-3.321e-01
-3.324e-01
-3.310e-01
-3.241e-01
-3.328e-01
-3.273e-01
-3.248e-01
-3.247e-01
-3.248e-01
-3.247e-01
-3.247e-01
-3.247e-01
-3.247e-01
-3.247e-01
-3.247e-01
-3.247e-01
-3.247e-01
-3.247e-01
-3.247e-01
-3.247e-01
-3.247e-01
-3.247e-01
-3.248e-01
-3.244e-01
-3.194e-01
-3.384e-01
-3.371e-01
-3.369e-01
-3.369e-01
-3.369e-01
-3.369e-01
-3.369e-01
-3.369e-01
-3.369e-01
-3.369e-01
-3.369e-01
-3.369e-01
-3.369e-01
-3.369e-01
-3.369e-01
-3.369e-01
-3.369e-01
-3.368e-01
-3.374e-01
-3.343e-01
-3.321e-01
-3.376e-01
-3.355e-01
-3.346e-01
-3.346e-01
-3.346e-01
-3.346e-01
-3.346e-01
-3.346e-01
-3.346e-01
-3.346e-01
-3.346e-01
-3.346e-01
-3.346e-01
-3.346e-01
-3.346e-01
-3.346e-01
-3.346e-01
-3.346e-01
-3.350e-01
-3.331e-01
-3.289e-01
-3.375e-01
-3.348e-01
-3.336e-01
-3.335e-01
-3.335e-01
-3.335e-01
-3.335e-01
-3.335e-01
-3.335e-01
-3.335e-01
-3.335e-01
-3.335e-01
-3.335e-01
-3.335e-01
-3.335e-01
-3.335e-01
-3.335e-01
-3.335e-01
-3.339e-01
-3.320e-01
-3.265e-01
-3.375e-01
-3.348e-01
-3.335e-01
-3.335e-01
-3.335e-01
-3.335e-01
-3.335e-01
-3.335e-01
-3.335e-01
-3.335e-01
-3.335e-01
-3.335e-01
-3.335e-01
-3.335e-01
-3.335e-01
-3.335e-01
-3.335e-01
-3.334e-01
-3.339e-01
-3.320e-01
-3.264e-01
-3.375e-01
-3.348e-01
-3.335e-01
-3.335e-01
-3.335e-01
-3.335e-01
-3.335e-01
-3.335e-01
-3.335e-01
-3.335e-01
-3.335e-01
-3.335e-01
-3.335e-01
-3.335e-01
-3.335e-01
-3.335e-01
-3.335e-01
-3.334e-01
-3.339e-01
-3.319e-01
-3.264e-01
-3.375e-01
-3.348e-01
-3.335e-01
-3.335e-01
-3.335e-01
-3.335e-01
-3.335e-01
-3.335e-01
-3.335e-01
-3.335e-01
-3.335e-01
-3.335e-01
-3.335e-01
-3.335e-01
-3.335e-01
-3.335e-01
-3.335e-01
-3.334e-01
-3.339e-01
-3.320e-01
-3.264e-01
-3.375e-01
-3.348e-01
-3.335e-01
-3.335e-01
-3.335e-01
-3.335e-01
-3.335e-01
-3.335e-01
-3.335e-01
-3.335e-01
-3.335e-01
-3.335e-01
-3.335e-01
-3.335e-01
-3.335e-01
-3.335e-01
-3.335e-01
-3.334e-01
-3.339e-01
-3.320e-01
-3.264e-01
-3.375e-01
-3.348e-01
-3.335e-01
-3.335e-01
-3.335e-01
-3.335e-01
-3.335e-01
-3.335e-01
-3.335e-01
-3.335e-01
-3.335e-01
-3.335e-01
-3.335e-01
-3.335e-01
-3.335e-01
-3.335e-01
-3.335e-01
-3.334e-01
-3.339e-01
-3.319e-01
-3.263e-01
-3.375e-01
-3.348e-01
-3.335e-01
-3.335e-01
-3.335e-01
-3.335e-01
-3.335e-01
-3.335e-01
-3.335e-01
-3.335e-01
-3.335e-01
-3.335e-01
-3.335e-01
-3.335e-01
-3.335e-01
-3.335e-01
-3.335e-01
-3.334e-01
-3.339e-01
-3.319e-01
-3.264e-01
-3.375e-01
-3.348e-01
-3.335e-01
-3.335e-01
-3.335e-01
-3.335e-01
-3.335e-01
-3.335e-01
-3.335e-01
-3.335e-01
-3.335e-01
-3.335e-01
-3.335e-01
-3.335e-01
-3.335e-01
-3.335e-01
-3.335e-01
-3.334e-01
-3.339e-01
-3.319e-01
-3.263e-01
-3.375e-01
-3.348e-01
-3.335e-01
-3.335e-01
-3.335e-01
-3.335e-01
-3.335e-01
-3.335e-01
-3.335e-01
-3.335e-01
-3.335e-01
-3.335e-01
-3.335e-01
-3.335e-01
-3.335e-01
-3.335e-01
-3.335e-01
-3.334e-01
-3.339e-01
-3.319e-01
-3.263e-01
-3.375e-01
-3.348e-01
-3.335e-01
-3.335e-01
-3.335e-01
-3.335e-01
-3.335e-01
-3.335e-01
-3.335e-01
-3.335e-01
-3.335e-01
-3.335e-01
-3.335e-01
-3.335e-01
-3.335e-01
-3.334e-01
-3.334e-01
-3.334e-01
-3.338e-01
-3.319e-01
-3.263e-01
-3.375e-01
-3.348e-01
-3.335e-01
-3.335e-01
-3.335e-01
-3.335e-01
-3.335e-01
-3.335e-01
-3.335e-01
-3.335e-01
-3.335e-01
-3.335e-01
-3.335e-01
-3.334e-01
-3.334e-01
-3.334e-01
-3.334e-01
-3.334e-01
-3.338e-01
-3.319e-01
-3.263e-01
-3.375e-01
-3.347e-01
-3.335e-01
-3.335e-01
-3.335e-01
-3.335e-01
-3.335e-01
-3.335e-01
-3.335e-01
-3.335e-01
-3.334e-01
-3.334e-01
-3.334e-01
-3.334e-01
-3.334e-01
-3.334e-01
-3.334e-01
-3.334e-01
-3.338e-01
-3.319e-01
-3.263e-01
-3.375e-01
-3.348e-01
-3.335e-01
-3.335e-01
-3.335e-01
-3.335e-01
-3.335e-01
-3.335e-01
-3.334e-01
-3.334e-01
-3.334e-01
-3.334e-01
-3.334e-01
-3.334e-01
-3.334e-01
-3.334e-01
-3.334e-01
-3.334e-01
-3.338e-01
-3.319e-01
-3.263e-01
-3.375e-01
-3.347e-01
-3.335e-01
-3.335e-01
-3.334e-01
-3.334e-01
-3.334e-01
-3.334e-01
-3.334e-01
-3.334e-01
-3.334e-01
-3.334e-01
-3.334e-01
-3.334e-01
-3.334e-01
-3.334e-01
-3.334e-01
-3.334e-01
-3.338e-01
-3.319e-01
-3.263e-01
-3.375e-01
-3.347e-01
-3.335e-01
-3.334e-01
-3.334e-01
-3.334e-01
-3.334e-01
-3.334e-01
-3.334e-01
-3.334e-01
-3.334e-01
-3.334e-01
-3.334e-01
-3.334e-01
-3.334e-01
-3.334e-01
-3.334e-01
-3.334e-01
-3.338e-01
-3.319e-01
-3.263e-01
-3.374e-01
-3.347e-01
-3.335e-01
-3.334e-01
-3.334e-01
-3.334e-01
-3.334e-01
-3.334e-01
-3.334e-01
-3.334e-01
-3.334e-01
-3.334e-01
-3.334e-01
-3.334e-01
-3.334e-01
-3.334e-01
-3.334e-01
-3.333e-01
-3.338e-01
-3.319e-01
-3.263e-01
-3.379e-01
-3.351e-01
-3.338e-01
-3.338e-01
-3.338e-01
-3.338e-01
-3.338e-01
-3.338e-01
-3.338e-01
-3.338e-01
-3.338e-01
-3.338e-01
-3.338e-01
-3.338e-01
-3.338e-01
-3.338e-01
-3.338e-01
-3.338e-01
-3.341e-01
-3.321e-01
-3.264e-01
-3.349e-01
-3.331e-01
-3.319e-01
-3.318e-01
-3.319e-01
-3.319e-01
-3.319e-01
-3.319e-01
-3.319e-01
-3.319e-01
-3.319e-01
-3.318e-01
-3.318e-01
-3.318e-01
-3.318e-01
-3.318e-01
-3.318e-01
-3.318e-01
-3.321e-01
-3.306e-01
-3.259e-01
-3.326e-01
-3.294e-01
-3.267e-01
-3.267e-01
-3.267e-01
-3.266e-01
-3.266e-01
-3.266e-01
-3.266e-01
-3.266e-01
-3.266e-01
-3.266e-01
-3.266e-01
-3.266e-01
-3.266e-01
-3.266e-01
-3.266e-01
-3.266e-01
-3.267e-01
-3.263e-01
-3.222e-01
-3.547e-01
-3.561e-01
-3.559e-01
-3.559e-01
-3.559e-01
-3.559e-01
-3.559e-01
-3.559e-01
-3.559e-01
-3.559e-01
-3.559e-01
-3.559e-01
-3.559e-01
-3.559e-01
-3.559e-01
-3.559e-01
-3.559e-01
-3.559e-01
-3.562e-01
-3.525e-01
-3.565e-01
-3.567e-01
-3.608e-01
-3.601e-01
-3.601e-01
-3.601e-01
-3.601e-01
-3.601e-01
-3.601e-01
-3.601e-01
-3.601e-01
-3.601e-01
-3.601e-01
-3.601e-01
-3.601e-01
-3.601e-01
-3.601e-01
-3.601e-01
-3.601e-01
-3.603e-01
-3.578e-01
-3.612e-01
-3.566e-01
-3.603e-01
-3.593e-01
-3.592e-01
-3.592e-01
-3.592e-01
-3.592e-01
-3.592e-01
-3.592e-01
-3.592e-01
-3.592e-01
-3.592e-01
-3.592e-01
-3.592e-01
-3.592e-01
-3.592e-01
-3.592e-01
-3.592e-01
-3.594e-01
-3.570e-01
-3.592e-01
-3.566e-01
-3.603e-01
-3.592e-01
-3.591e-01
-3.591e-01
-3.591e-01
-3.591e-01
-3.591e-01
-3.591e-01
-3.591e-01
-3.591e-01
-3.591e-01
-3.591e-01
-3.591e-01
-3.591e-01
-3.591e-01
-3.591e-01
-3.591e-01
-3.593e-01
-3.568e-01
-3.589e-01
-3.566e-01
-3.603e-01
-3.592e-01
-3.591e-01
-3.591e-01
-3.591e-01
-3.591e-01
-3.591e-01
-3.591e-01
-3.591e-01
-3.591e-01
-3.591e-01
-3.591e-01
-3.591e-01
-3.591e-01
-3.591e-01
-3.591e-01
-3.591e-01
-3.593e-01
-3.568e-01
-3.589e-01
-3.566e-01
-3.603e-01
-3.592e-01
-3.591e-01
-3.591e-01
-3.591e-01
-3.591e-01
-3.591e-01
-3.591e-01
-3.591e-01
-3.591e-01
-3.591e-01
-3.591e-01
-3.591e-01
-3.591e-01
-3.591e-01
-3.591e-01
-3.591e-01
-3.593e-01
-3.568e-01
-3.589e-01
-3.566e-01
-3.603e-01
-3.592e-01
-3.591e-01
-3.591e-01
-3.591e-01
-3.591e-01
-3.591e-01
-3.591e-01
-3.591e-01
-3.591e-01
-3.591e-01
-3.591e-01
-3.591e-01
-3.590e-01
-3.590e-01
-3.590e-01
-3.591e-01
-3.593e-01
-3.568e-01
-3.589e-01
-3.566e-01
-3.603e-01
-3.592e-01
-3.591e-01
-3.591e-01
-3.591e-01
-3.591e-01
-3.591e-01
-3.591e-01
-3.591e-01
-3.591e-01
-3.590e-01
-3.590e-01
-3.590e-01
-3.590e-01
-3.590e-01
-3.590e-01
-3.590e-01
-3.593e-01
-3.568e-01
-3.589e-01
-3.566e-01
-3.603e-01
-3.592e-01
-3.591e-01
-3.591e-01
-3.591e-01
-3.591e-01
-3.591e-01
-3.591e-01
-3.590e-01
-3.590e-01
-3.590e-01
-3.590e-01
-3.590e-01
-3.590e-01
-3.590e-01
-3.590e-01
-3.590e-01
-3.593e-01
-3.568e-01
-3.589e-01
-3.566e-01
-3.603e-01
-3.592e-01
-3.591e-01
-3.591e-01
-3.591e-01
-3.590e-01
-3.590e-01
-3.590e-01
-3.590e-01
-3.590e-01
-3.590e-01
-3.590e-01
-3.590e-01
-3.590e-01
-3.590e-01
-3.590e-01
-3.590e-01
-3.593e-01
-3.568e-01
-3.588e-01
-3.566e-01
-3.602e-01
-3.592e-01
-3.591e-01
-3.590e-01
-3.590e-01
-3.590e-01
-3.590e-01
-3.590e-01
-3.590e-01
-3.590e-01
-3.590e-01
-3.590e-01
-3.590e-01
-3.590e-01
-3.590e-01
-3.590e-01
-3.590e-01
-3.593e-01
-3.568e-01
-3.588e-01
-3.566e-01
-3.603e-01
-3.592e-01
-3.591e-01
-3.590e-01
-3.590e-01
-3.590e-01
-3.590e-01
-3.590e-01
-3.590e-01
-3.590e-01
-3.590e-01
-3.590e-01
-3.590e-01
-3.590e-01
-3.590e-01
-3.589e-01
-3.590e-01
-3.592e-01
-3.568e-01
-3.588e-01
-3.566e-01
-3.602e-01
-3.592e-01
-3.590e-01
-3.590e-01
-3.590e-01
-3.590e-01
-3.590e-01
-3.590e-01
-3.590e-01
-3.590e-01
-3.590e-01
-3.590e-01
-3.590e-01
-3.590e-01
-3.589e-01
-3.589e-01
-3.590e-01
-3.592e-01
-3.568e-01
-3.588e-01
-3.566e-01
-3.602e-01
-3.591e-01
-3.590e-01
-3.590e-01
-3.590e-01
-3.590e-01
-3.590e-01
-3.590e-01
-3.590e-01
-3.590e-01
-3.590e-01
-3.589e-01
-3.589e-01
-3.589e-01
-3.589e-01
-3.589e-01
-3.590e-01
-3.592e-01
-3.567e-01
-3.588e-01
-3.566e-01
-3.602e-01
-3.591e-01
-3.590e-01
-3.590e-01
-3.590e-01
-3.590e-01
-3.590e-01
-3.590e-01
-3.590e-01
-3.589e-01
-3.589e-01
-3.589e-01
-3.589e-01
-3.589e-01
-3.589e-01
-3.589e-01
-3.590e-01
-3.592e-01
-3.567e-01
-3.588e-01
-3.566e-01
-3.602e-01
-3.591e-01
-3.590e-01
-3.590e-01
-3.590e-01
-3.590e-01
-3.589e-01
-3.589e-01
-3.589e-01
-3.589e-01
-3.589e-01
-3.589e-01
-3.589e-01
-3.589e-01
-3.589e-01
-3.589e-01
-3.590e-01
-3.592e-01
-3.567e-01
-3.588e-01
-3.566e-01
-3.602e-01
-3.591e-01
-3.590e-01
-3.589e-01
-3.589e-01
-3.589e-01
-3.589e-01
-3.589e-01
-3.589e-01
-3.589e-01
-3.589e-01
-3.589e-01
-3.589e-01
-3.589e-01
-3.589e-01
-3.589e-01
-3.589e-01
-3.592e-01
-3.567e-01
-3.588e-01
-3.566e-01
-3.602e-01
-3.592e-01
-3.590e-01
-3.590e-01
-3.590e-01
-3.590e-01
-3.590e-01
-3.590e-01
-3.590e-01
-3.590e-01
-3.590e-01
-3.590e-01
-3.590e-01
-3.590e-01
-3.590e-01
-3.589e-01
-3.590e-01
-3.592e-01
-3.567e-01
-3.588e-01
-3.568e-01
-3.604e-01
-3.593e-01
-3.592e-01
-3.591e-01
-3.591e-01
-3.591e-01
-3.591e-01
-3.591e-01
-3.591e-01
-3.591e-01
-3.592e-01
-3.591e-01
-3.591e-01
-3.591e-01
-3.591e-01
-3.591e-01
-3.592e-01
-3.593e-01
-3.568e-01
-3.588e-01
-3.533e-01
-3.579e-01
-3.568e-01
-3.567e-01
-3.567e-01
-3.567e-01
-3.567e-01
-3.567e-01
-3.567e-01
-3.567e-01
-3.567e-01
-3.567e-01
-3.567e-01
-3.567e-01
-3.567e-01
-3.567e-01
-3.567e-01
-3.567e-01
-3.568e-01
-3.550e-01
-3.582e-01
-3.572e-01
-3.620e-01
-3.597e-01
-3.594e-01
-3.594e-01
-3.593e-01
-3.593e-01
-3.593e-01
-3.593e-01
-3.593e-01
-3.593e-01
-3.593e-01
-3.593e-01
-3.593e-01
-3.593e-01
-3.593e-01
-3.593e-01
-3.593e-01
-3.594e-01
-3.587e-01
-3.591e-01
-4.305e-01
-4.412e-01
-4.414e-01
-4.413e-01
-4.413e-01
-4.413e-01
-4.413e-01
-4.413e-01
-4.413e-01
-4.413e-01
-4.413e-01
-4.413e-01
-4.413e-01
-4.413e-01
-4.413e-01
-4.413e-01
-4.413e-01
-4.415e-01
-4.409e-01
-4.376e-01
-4.640e-01
-4.419e-01
-4.678e-01
-4.692e-01
-4.692e-01
-4.692e-01
-4.692e-01
-4.692e-01
-4.692e-01
-4.692e-01
-4.692e-01
-4.692e-01
-4.692e-01
-4.692e-01
-4.692e-01
-4.692e-01
-4.692e-01
-4.692e-01
-4.694e-01
-4.687e-01
-4.662e-01
-5.061e-01
-4.423e-01
-4.695e-01
-4.715e-01
-4.715e-01
-4.715e-01
-4.715e-01
-4.715e-01
-4.715e-01
-4.715e-01
-4.715e-01
-4.715e-01
-4.715e-01
-4.715e-01
-4.715e-01
-4.715e-01
-4.715e-01
-4.715e-01
-4.716e-01
-4.710e-01
-4.684e-01
-5.123e-01
-4.423e-01
-4.695e-01
-4.715e-01
-4.716e-01
-4.716e-01
-4.716e-01
-4.716e-01
-4.716e-01
-4.716e-01
-4.716e-01
-4.716e-01
-4.716e-01
-4.716e-01
-4.716e-01
-4.716e-01
-4.716e-01
-4.715e-01
-4.717e-01
-4.710e-01
-4.685e-01
-5.126e-01
-4.423e-01
-4.695e-01
-4.715e-01
-4.716e-01
-4.716e-01
-4.716e-01
-4.716e-01
-4.716e-01
-4.716e-01
-4.716e-01
-4.716e-01
-4.716e-01
-4.716e-01
-4.716e-01
-4.716e-01
-4.716e-01
-4.715e-01
-4.717e-01
-4.710e-01
-4.684e-01
-5.126e-01
-4.423e-01
-4.695e-01
-4.715e-01
-4.716e-01
-4.716e-01
-4.716e-01
-4.716e-01
-4.716e-01
-4.716e-01
-4.716e-01
-4.716e-01
-4.716e-01
-4.716e-01
-4.716e-01
-4.716e-01
-4.716e-01
-4.715e-01
-4.717e-01
-4.710e-01
-4.684e-01
-5.125e-01
-4.423e-01
-4.695e-01
-4.715e-01
-4.716e-01
-4.716e-01
-4.716e-01
-4.716e-01
-4.716e-01
-4.716e-01
-4.716e-01
-4.716e-01
-4.716e-01
-4.716e-01
-4.716e-01
-4.715e-01
-4.715e-01
-4.715e-01
-4.716e-01
-4.709e-01
-4.684e-01
-5.125e-01
-4.423e-01
-4.695e-01
-4.715e-01
-4.716e-01
-4.716e-01
-4.716e-01
-4.716e-01
-4.716e-01
-4.716e-01
-4.716e-01
-4.716e-01
-4.715e-01
-4.715e-01
-4.715e-01
-4.715e-01
-4.714e-01
-4.714e-01
-4.716e-01
-4.709e-01
-4.684e-01
-5.125e-01
-4.423e-01
-4.695e-01
-4.715e-01
-4.716e-01
-4.716e-01
-4.716e-01
-4.716e-01
-4.716e-01
-4.716e-01
-4.715e-01
-4.715e-01
-4.715e-01
-4.715e-01
-4.714e-01
-4.714e-01
-4.714e-01
-4.714e-01
-4.715e-01
-4.708e-01
-4.683e-01
-5.125e-01
-4.423e-01
-4.695e-01
-4.715e-01
-4.716e-01
-4.716e-01
-4.716e-01
-4.715e-01
-4.715e-01
-4.715e-01
-4.715e-01
-4.714e-01
-4.714e-01
-4.714e-01
-4.714e-01
-4.714e-01
-4.714e-01
-4.714e-01
-4.715e-01
-4.708e-01
-4.683e-01
-5.124e-01
-4.422e-01
-4.695e-01
-4.715e-01
-4.716e-01
-4.715e-01
-4.715e-01
-4.715e-01
-4.715e-01
-4.714e-01
-4.714e-01
-4.714e-01
-4.714e-01
-4.714e-01
-4.714e-01
-4.714e-01
-4.714e-01
-4.714e-01
-4.715e-01
-4.708e-01
-4.683e-01
-5.124e-01
-4.422e-01
-4.695e-01
-4.715e-01
-4.715e-01
-4.715e-01
-4.715e-01
-4.714e-01
-4.714e-01
-4.714e-01
-4.714e-01
-4.714e-01
-4.714e-01
-4.714e-01
-4.714e-01
-4.714e-01
-4.713e-01
-4.713e-01
-4.715e-01
-4.707e-01
-4.683e-01
-5.124e-01
-4.422e-01
-4.695e-01
-4.714e-01
-4.714e-01
-4.714e-01
-4.714e-01
-4.714e-01
-4.714e-01
-4.714e-01
-4.714e-01
-4.714e-01
-4.714e-01
-4.714e-01
-4.713e-01
-4.713e-01
-4.713e-01
-4.713e-01
-4.715e-01
-4.708e-01
-4.683e-01
-5.123e-01
-4.421e-01
-4.693e-01
-4.714e-01
-4.714e-01
-4.714e-01
-4.714e-01
-4.714e-01
-4.714e-01
-4.714e-01
-4.714e-01
-4.713e-01
-4.713e-01
-4.713e-01
-4.713e-01
-4.713e-01
-4.713e-01
-4.713e-01
-4.715e-01
-4.707e-01
-4.682e-01
-5.123e-01
-4.421e-01
-4.694e-01
-4.714e-01
-4.714e-01
-4.714e-01
-4.714e-01
-4.714e-01
-4.714e-01
-4.713e-01
-4.713e-01
-4.713e-01
-4.713e-01
-4.713e-01
-4.713e-01
-4.713e-01
-4.713e-01
-4.712e-01
-4.715e-01
-4.707e-01
-4.682e-01
-5.123e-01
-4.421e-01
-4.693e-01
-4.714e-01
-4.714e-01
-4.713e-01
-4.713e-01
-4.713e-01
-4.713e-01
-4.713e-01
-4.713e-01
-4.713e-01
-4.713e-01
-4.713e-01
-4.713e-01
-4.713e-01
-4.713e-01
-4.712e-01
-4.714e-01
-4.707e-01
-4.682e-01
-5.123e-01
-4.421e-01
-4.693e-01
-4.713e-01
-4.714e-01
-4.713e-01
-4.713e-01
-4.713e-01
-4.713e-01
-4.713e-01
-4.713e-01
-4.712e-01
-4.712e-01
-4.712e-01
-4.712e-01
-4.712e-01
-4.712e-01
-4.712e-01
-4.714e-01
-4.707e-01
-4.682e-01
-5.123e-01
-4.422e-01
-4.695e-01
-4.715e-01
-4.715e-01
-4.715e-01
-4.715e-01
-4.715e-01
-4.715e-01
-4.715e-01
-4.715e-01
-4.715e-01
-4.715e-01
-4.715e-01
-4.715e-01
-4.715e-01
-4.714e-01
-4.714e-01
-4.716e-01
-4.708e-01
-4.682e-01
-5.123e-01
-4.415e-01
-4.687e-01
-4.707e-01
-4.707e-01
-4.707e-01
-4.707e-01
-4.707e-01
-4.707e-01
-4.707e-01
-4.707e-01
-4.707e-01
-4.707e-01
-4.707e-01
-4.707e-01
-4.707e-01
-4.707e-01
-4.707e-01
-4.708e-01
-4.701e-01
-4.677e-01
-5.121e-01
-4.387e-01
-4.666e-01
-4.685e-01
-4.685e-01
-4.685e-01
-4.685e-01
-4.685e-01
-4.685e-01
-4.685e-01
-4.685e-01
-4.685e-01
-4.684e-01
-4.684e-01
-4.684e-01
-4.684e-01
-4.684e-01
-4.684e-01
-4.685e-01
-4.680e-01
-4.665e-01
-5.118e-01
-4.654e-01
-5.078e-01
-5.136e-01
-5.138e-01
-5.138e-01
-5.137e-01
-5.137e-01
-5.137e-01
-5.137e-01
-5.137e-01
-5.137e-01
-5.137e-01
-5.137e-01
-5.137e-01
-5.137e-01
-5.137e-01
-5.137e-01
-5.137e-01
-5.135e-01
-5.129e-01
-5.500e-01
-6.899e-01
-7.318e-01
-7.336e-01
-7.336e-01
-7.336e-01
-7.336e-01
-7.336e-01
-7.336e-01
-7.336e-01
-7.336e-01
-7.336e-01
-7.336e-01
-7.336e-01
-7.336e-01
-7.336e-01
-7.336e-01
-7.336e-01
-7.333e-01
-7.319e-01
-7.503e-01
-8.391e-01
-7.324e-01
-8.120e-01
-8.168e-01
-8.169e-01
-8.169e-01
-8.169e-01
-8.169e-01
-8.169e-01
-8.169e-01
-8.169e-01
-8.169e-01
-8.169e-01
-8.169e-01
-8.169e-01
-8.169e-01
-8.169e-01
-8.170e-01
-8.168e-01
-8.158e-01
-8.333e-01
-9.230e-01
-7.344e-01
-8.170e-01
-8.227e-01
-8.228e-01
-8.228e-01
-8.228e-01
-8.228e-01
-8.228e-01
-8.228e-01
-8.228e-01
-8.228e-01
-8.228e-01
-8.228e-01
-8.228e-01
-8.228e-01
-8.228e-01
-8.229e-01
-8.226e-01
-8.217e-01
-8.397e-01
-9.325e-01
-7.345e-01
-8.171e-01
-8.228e-01
-8.231e-01
-8.230e-01
-8.230e-01
-8.230e-01
-8.230e-01
-8.230e-01
-8.230e-01
-8.230e-01
-8.230e-01
-8.230e-01
-8.230e-01
-8.230e-01
-8.230e-01
-8.231e-01
-8.229e-01
-8.218e-01
-8.398e-01
-9.329e-01
-7.345e-01
-8.171e-01
-8.228e-01
-8.230e-01
-8.230e-01
-8.230e-01
-8.230e-01
-8.230e-01
-8.230e-01
-8.230e-01
-8.230e-01
-8.230e-01
-8.230e-01
-8.230e-01
-8.230e-01
-8.230e-01
-8.230e-01
-8.227e-01
-8.218e-01
-8.398e-01
-9.328e-01
-7.345e-01
-8.171e-01
-8.228e-01
-8.230e-01
-8.230e-01
-8.230e-01
-8.230e-01
-8.230e-01
-8.230e-01
-8.230e-01
-8.230e-01
-8.230e-01
-8.230e-01
-8.230e-01
-8.230e-01
-8.230e-01
-8.230e-01
-8.227e-01
-8.218e-01
-8.397e-01
-9.328e-01
-7.345e-01
-8.171e-01
-8.228e-01
-8.230e-01
-8.230e-01
-8.230e-01
-8.230e-01
-8.230e-01
-8.230e-01
-8.230e-01
-8.230e-01
-8.230e-01
-8.230e-01
-8.230e-01
-8.229e-01
-8.228e-01
-8.230e-01
-8.223e-01
-8.213e-01
-8.397e-01
-9.328e-01
-7.344e-01
-8.171e-01
-8.228e-01
-8.230e-01
-8.230e-01
-8.230e-01
-8.230e-01
-8.230e-01
-8.230e-01
-8.230e-01
-8.230e-01
-8.229e-01
-8.229e-01
-8.228e-01
-8.228e-01
-8.225e-01
-8.225e-01
-8.223e-01
-8.212e-01
-8.397e-01
-9.327e-01
-7.344e-01
-8.171e-01
-8.228e-01
-8.230e-01
-8.230e-01
-8.230e-01
-8.230e-01
-8.230e-01
-8.230e-01
-8.229e-01
-8.229e-01
-8.228e-01
-8.228e-01
-8.225e-01
-8.224e-01
-8.224e-01
-8.225e-01
-8.222e-01
-8.212e-01
-8.396e-01
-9.327e-01
-7.344e-01
-8.171e-01
-8.228e-01
-8.230e-01
-8.230e-01
-8.230e-01
-8.229e-01
-8.229e-01
-8.229e-01
-8.228e-01
-8.225e-01
-8.225e-01
-8.225e-01
-8.224e-01
-8.224e-01
-8.224e-01
-8.224e-01
-8.222e-01
-8.212e-01
-8.396e-01
-9.327e-01
-7.343e-01
-8.170e-01
-8.227e-01
-8.230e-01
-8.229e-01
-8.229e-01
-8.228e-01
-8.228e-01
-8.225e-01
-8.225e-01
-8.225e-01
-8.224e-01
-8.224e-01
-8.224e-01
-8.224e-01
-8.224e-01
-8.224e-01
-8.221e-01
-8.211e-01
-8.395e-01
-9.326e-01
-7.343e-01
-8.170e-01
-8.227e-01
-8.229e-01
-8.228e-01
-8.228e-01
-8.225e-01
-8.225e-01
-8.224e-01
-8.224e-01
-8.224e-01
-8.224e-01
-8.224e-01
-8.224e-01
-8.224e-01
-8.223e-01
-8.223e-01
-8.221e-01
-8.211e-01
-8.395e-01
-9.326e-01
-7.343e-01
-8.169e-01
-8.227e-01
-8.225e-01
-8.225e-01
-8.225e-01
-8.224e-01
-8.224e-01
-8.224e-01
-8.224e-01
-8.224e-01
-8.224e-01
-8.224e-01
-8.223e-01
-8.223e-01
-8.222e-01
-8.223e-01
-8.221e-01
-8.210e-01
-8.395e-01
-9.326e-01
-7.339e-01
-8.165e-01
-8.222e-01
-8.224e-01
-8.224e-01
-8.224e-01
-8.224e-01
-8.224e-01
-8.224e-01
-8.224e-01
-8.223e-01
-8.223e-01
-8.222e-01
-8.222e-01
-8.222e-01
-8.222e-01
-8.223e-01
-8.220e-01
-8.210e-01
-8.390e-01
-9.326e-01
-7.338e-01
-8.165e-01
-8.222e-01
-8.224e-01
-8.224e-01
-8.224e-01
-8.224e-01
-8.224e-01
-8.223e-01
-8.223e-01
-8.222e-01
-8.222e-01
-8.222e-01
-8.222e-01
-8.222e-01
-8.222e-01
-8.222e-01
-8.220e-01
-8.210e-01
-8.390e-01
-9.326e-01
-7.338e-01
-8.165e-01
-8.222e-01
-8.224e-01
-8.223e-01
-8.223e-01
-8.223e-01
-8.222e-01
-8.222e-01
-8.222e-01
-8.222e-01
-8.222e-01
-8.222e-01
-8.222e-01
-8.222e-01
-8.222e-01
-8.222e-01
-8.220e-01
-8.210e-01
-8.390e-01
-9.326e-01
-7.339e-01
-8.165e-01
-8.222e-01
-8.224e-01
-8.223e-01
-8.223e-01
-8.223e-01
-8.223e-01
-8.223e-01
-8.223e-01
-8.222e-01
-8.222e-01
-8.222e-01
-8.222e-01
-8.222e-01
-8.222e-01
-8.223e-01
-8.220e-01
-8.210e-01
-8.390e-01
-9.325e-01
-7.335e-01
-8.162e-01
-8.219e-01
-8.221e-01
-8.220e-01
-8.220e-01
-8.220e-01
-8.220e-01
-8.220e-01
-8.220e-01
-8.220e-01
-8.220e-01
-8.220e-01
-8.220e-01
-8.220e-01
-8.220e-01
-8.220e-01
-8.218e-01
-8.208e-01
-8.389e-01
-9.325e-01
-7.322e-01
-8.152e-01
-8.209e-01
-8.211e-01
-8.211e-01
-8.211e-01
-8.211e-01
-8.211e-01
-8.211e-01
-8.211e-01
-8.211e-01
-8.210e-01
-8.210e-01
-8.210e-01
-8.210e-01
-8.210e-01
-8.211e-01
-8.209e-01
-8.201e-01
-8.386e-01
-9.324e-01
-7.521e-01
-8.336e-01
-8.398e-01
-8.400e-01
-8.400e-01
-8.400e-01
-8.400e-01
-8.400e-01
-8.400e-01
-8.400e-01
-8.400e-01
-8.400e-01
-8.400e-01
-8.400e-01
-8.400e-01
-8.400e-01
-8.400e-01
-8.399e-01
-8.395e-01
-8.550e-01
-9.394e-01
-8.412e-01
-9.245e-01
-9.338e-01
-9.341e-01
-9.341e-01
-9.341e-01
-9.341e-01
-9.341e-01
-9.341e-01
-9.341e-01
-9.341e-01
-9.341e-01
-9.341e-01
-9.341e-01
-9.341e-01
-9.341e-01
-9.341e-01
-9.341e-01
-9.340e-01
-9.405e-01
-9.836e-01
-1.045e+00
-1.055e+00
-1.057e+00
-1.057e+00
-1.057e+00
-1.057e+00
-1.057e+00
-1.057e+00
-1.057e+00
-1.057e+00
-1.057e+00
-1.057e+00
-1.057e+00
-1.057e+00
-1.057e+00
-1.057e+00
-1.057e+00
-1.056e+00
-1.057e+00
-1.062e+00
-1.069e+00
-1.055e+00
-1.065e+00
-1.066e+00
-1.066e+00
-1.066e+00
-1.066e+00
-1.066e+00
-1.066e+00
-1.066e+00
-1.066e+00
-1.066e+00
-1.066e+00
-1.066e+00
-1.066e+00
-1.066e+00
-1.066e+00
-1.066e+00
-1.066e+00
-1.066e+00
-1.068e+00
-1.070e+00
-1.057e+00
-1.066e+00
-1.066e+00
-1.066e+00
-1.066e+00
-1.066e+00
-1.066e+00
-1.066e+00
-1.066e+00
-1.066e+00
-1.066e+00
-1.066e+00
-1.066e+00
-1.066e+00
-1.066e+00
-1.066e+00
-1.066e+00
-1.066e+00
-1.066e+00
-1.069e+00
-1.070e+00
-1.057e+00
-1.066e+00
-1.066e+00
-1.066e+00
-1.066e+00
-1.066e+00
-1.066e+00
-1.066e+00
-1.066e+00
-1.066e+00
-1.066e+00
-1.066e+00
-1.066e+00
-1.066e+00
-1.066e+00
-1.066e+00
-1.066e+00
-1.066e+00
-1.065e+00
-1.068e+00
-1.069e+00
-1.057e+00
-1.066e+00
-1.066e+00
-1.066e+00
-1.066e+00
-1.066e+00
-1.066e+00
-1.066e+00
-1.066e+00
-1.066e+00
-1.066e+00
-1.066e+00
-1.066e+00
-1.066e+00
-1.066e+00
-1.066e+00
-1.065e+00
-1.065e+00
-1.065e+00
-1.068e+00
-1.069e+00
-1.057e+00
-1.066e+00
-1.066e+00
-1.066e+00
-1.066e+00
-1.066e+00
-1.066e+00
-1.066e+00
-1.066e+00
-1.066e+00
-1.066e+00
-1.066e+00
-1.066e+00
-1.065e+00
-1.065e+00
-1.065e+00
-1.065e+00
-1.065e+00
-1.065e+00
-1.068e+00
-1.069e+00
-1.057e+00
-1.066e+00
-1.066e+00
-1.066e+00
-1.066e+00
-1.066e+00
-1.066e+00
-1.066e+00
-1.066e+00
-1.066e+00
-1.066e+00
-1.065e+00
-1.065e+00
-1.065e+00
-1.065e+00
-1.065e+00
-1.065e+00
-1.065e+00
-1.065e+00
-1.068e+00
-1.069e+00
-1.056e+00
-1.066e+00
-1.066e+00
-1.066e+00
-1.066e+00
-1.066e+00
-1.066e+00
-1.066e+00
-1.065e+00
-1.065e+00
-1.065e+00
-1.065e+00
-1.065e+00
-1.065e+00
-1.065e+00
-1.065e+00
-1.065e+00
-1.065e+00
-1.065e+00
-1.068e+00
-1.069e+00
-1.056e+00
-1.066e+00
-1.066e+00
-1.066e+00
-1.066e+00
-1.066e+00
-1.065e+00
-1.065e+00
-1.065e+00
-1.065e+00
-1.065e+00
-1.065e+00
-1.065e+00
-1.065e+00
-1.065e+00
-1.065e+00
-1.065e+00
-1.065e+00
-1.065e+00
-1.068e+00
-1.069e+00
-1.056e+00
-1.066e+00
-1.066e+00
-1.065e+00
-1.065e+00
-1.065e+00
-1.065e+00
-1.065e+00
-1.065e+00
-1.065e+00
-1.065e+00
-1.065e+00
-1.065e+00
-1.065e+00
-1.065e+00
-1.065e+00
-1.065e+00
-1.065e+00
-1.065e+00
-1.068e+00
-1.069e+00
-1.056e+00
-1.065e+00
-1.065e+00
-1.065e+00
-1.065e+00
-1.065e+00
-1.065e+00
-1.065e+00
-1.065e+00
-1.065e+00
-1.065e+00
-1.065e+00
-1.065e+00
-1.065e+00
-1.065e+00
-1.065e+00
-1.065e+00
-1.065e+00
-1.065e+00
-1.068e+00
-1.069e+00
-1.056e+00
-1.065e+00
-1.065e+00
-1.065e+00
-1.065e+00
-1.065e+00
-1.065e+00
-1.065e+00
-1.065e+00
-1.065e+00
-1.065e+00
-1.065e+00
-1.065e+00
-1.065e+00
-1.065e+00
-1.065e+00
-1.065e+00
-1.065e+00
-1.065e+00
-1.068e+00
-1.069e+00
-1.056e+00
-1.065e+00
-1.065e+00
-1.065e+00
-1.065e+00
-1.065e+00
-1.065e+00
-1.065e+00
-1.065e+00
-1.065e+00
-1.065e+00
-1.065e+00
-1.065e+00
-1.065e+00
-1.065e+00
-1.065e+00
-1.065e+00
-1.065e+00
-1.065e+00
-1.068e+00
-1.069e+00
-1.055e+00
-1.065e+00
-1.065e+00
-1.065e+00
-1.065e+00
-1.065e+00
-1.065e+00
-1.065e+00
-1.065e+00
-1.065e+00
-1.065e+00
-1.065e+00
-1.065e+00
-1.065e+00
-1.065e+00
-1.065e+00
-1.065e+00
-1.065e+00
-1.065e+00
-1.068e+00
-1.069e+00
-1.055e+00
-1.065e+00
-1.065e+00
-1.065e+00
-1.065e+00
-1.065e+00
-1.065e+00
-1.065e+00
-1.065e+00
-1.065e+00
-1.065e+00
-1.065e+00
-1.065e+00
-1.065e+00
-1.065e+00
-1.065e+00
-1.065e+00
-1.065e+00
-1.065e+00
-1.068e+00
-1.069e+00
-1.055e+00
-1.065e+00
-1.065e+00
-1.065e+00
-1.065e+00
-1.065e+00
-1.065e+00
-1.065e+00
-1.065e+00
-1.065e+00
-1.065e+00
-1.065e+00
-1.065e+00
-1.065e+00
-1.065e+00
-1.065e+00
-1.065e+00
-1.065e+00
-1.065e+00
-1.068e+00
-1.069e+00
-1.055e+00
-1.065e+00
-1.065e+00
-1.065e+00
-1.065e+00
-1.065e+00
-1.065e+00
-1.065e+00
-1.065e+00
-1.065e+00
-1.065e+00
-1.065e+00
-1.065e+00
-1.065e+00
-1.065e+00
-1.065e+00
-1.065e+00
-1.065e+00
-1.065e+00
-1.068e+00
-1.069e+00
-1.055e+00
-1.065e+00
-1.065e+00
-1.065e+00
-1.065e+00
-1.065e+00
-1.065e+00
-1.065e+00
-1.065e+00
-1.065e+00
-1.065e+00
-1.065e+00
-1.065e+00
-1.065e+00
-1.065e+00
-1.065e+00
-1.065e+00
-1.065e+00
-1.065e+00
-1.068e+00
-1.069e+00
-1.056e+00
-1.065e+00
-1.065e+00
-1.065e+00
-1.065e+00
-1.065e+00
-1.065e+00
-1.065e+00
-1.065e+00
-1.065e+00
-1.065e+00
-1.065e+00
-1.065e+00
-1.065e+00
-1.065e+00
-1.065e+00
-1.065e+00
-1.065e+00
-1.066e+00
-1.068e+00
-1.069e+00
-1.062e+00
-1.067e+00
-1.068e+00
-1.068e+00
-1.068e+00
-1.068e+00
-1.068e+00
-1.068e+00
-1.068e+00
-1.068e+00
-1.068e+00
-1.068e+00
-1.068e+00
-1.068e+00
-1.068e+00
-1.068e+00
-1.068e+00
-1.068e+00
-1.068e+00
-1.070e+00
-1.070e+00
-1.068e+00
-1.069e+00
-1.069e+00
-1.069e+00
-1.069e+00
-1.069e+00
-1.069e+00
-1.069e+00
-1.069e+00
-1.069e+00
-1.069e+00
-1.069e+00
-1.069e+00
-1.069e+00
-1.069e+00
-1.069e+00
-1.069e+00
-1.069e+00
-1.069e+00
-1.070e+00
-1.069e+00
-1.074e+00
-1.074e+00
-1.074e+00
-1.074e+00
-1.074e+00
-1.074e+00
-1.074e+00
-1.074e+00
-1.074e+00
-1.074e+00
-1.074e+00
-1.074e+00
-1.074e+00
-1.074e+00
-1.074e+00
-1.074e+00
-1.074e+00
-1.074e+00
-1.073e+00
-1.073e+00
-1.073e+00
-1.074e+00
-1.074e+00
-1.074e+00
-1.074e+00
-1.074e+00
-1.074e+00
-1.074e+00
-1.074e+00
-1.074e+00
-1.074e+00
-1.074e+00
-1.074e+00
-1.074e+00
-1.074e+00
-1.074e+00
-1.074e+00
-1.074e+00
-1.073e+00
-1.073e+00
-1.073e+00
-1.073e+00
-1.074e+00
-1.074e+00
-1.074e+00
-1.074e+00
-1.074e+00
-1.074e+00
-1.074e+00
-1.074e+00
-1.074e+00
-1.074e+00
-1.074e+00
-1.074e+00
-1.074e+00
-1.074e+00
-1.073e+00
-1.073e+00
-1.073e+00
-1.073e+00
-1.073e+00
-1.073e+00
-1.073e+00
-1.074e+00
-1.074e+00
-1.074e+00
-1.074e+00
-1.074e+00
-1.074e+00
-1.074e+00
-1.074e+00
-1.074e+00
-1.074e+00
-1.074e+00
-1.073e+00
-1.073e+00
-1.073e+00
-1.073e+00
-1.073e+00
-1.073e+00
-1.073e+00
-1.073e+00
-1.073e+00
-1.073e+00
-1.074e+00
-1.074e+00
-1.074e+00
-1.074e+00
-1.074e+00
-1.074e+00
-1.074e+00
-1.074e+00
-1.073e+00
-1.073e+00
-1.073e+00
-1.073e+00
-1.073e+00
-1.073e+00
-1.073e+00
-1.073e+00
-1.073e+00
-1.073e+00
-1.073e+00
-1.073e+00
-1.073e+00
-1.074e+00
-1.074e+00
-1.074e+00
-1.074e+00
-1.074e+00
-1.074e+00
-1.073e+00
-1.073e+00
-1.073e+00
-1.073e+00
-1.073e+00
-1.073e+00
-1.073e+00
-1.073e+00
-1.073e+00
-1.073e+00
-1.073e+00
-1.073e+00
-1.073e+00
-1.073e+00
-1.073e+00
-1.074e+00
-1.074e+00
-1.074e+00
-1.073e+00
-1.073e+00
-1.073e+00
-1.073e+00
-1.073e+00
-1.073e+00
-1.073e+00
-1.073e+00
-1.073e+00
-1.073e+00
-1.073e+00
-1.073e+00
-1.073e+00
-1.073e+00
-1.073e+00
-1.073e+00
-1.073e+00
-1.073e+00
-1.073e+00
-1.073e+00
-1.073e+00
-1.073e+00
-1.073e+00
-1.073e+00
-1.073e+00
-1.073e+00
-1.073e+00
-1.073e+00
-1.073e+00
-1.073e+00
-1.073e+00
-1.073e+00
-1.073e+00
-1.073e+00
-1.073e+00
-1.073e+00
-1.073e+00
-1.073e+00
-1.073e+00
-1.073e+00
-1.073e+00
-1.073e+00
-1.073e+00
-1.073e+00
-1.073e+00
-1.073e+00
-1.073e+00
-1.073e+00
-1.073e+00
-1.073e+00
-1.073e+00
-1.073e+00
-1.073e+00
-1.073e+00
-1.073e+00
-1.073e+00
-1.073e+00
-1.073e+00
-1.073e+00
-1.073e+00
-1.073e+00
-1.073e+00
-1.073e+00
-1.073e+00
-1.073e+00
-1.073e+00
-1.073e+00
-1.073e+00
-1.073e+00
-1.073e+00
-1.073e+00
-1.073e+00
-1.073e+00
-1.073e+00
-1.073e+00
-1.073e+00
-1.073e+00
-1.073e+00
-1.073e+00
-1.073e+00
-1.073e+00
-1.073e+00
-1.073e+00
-1.073e+00
-1.073e+00
-1.073e+00
-1.073e+00
-1.073e+00
-1.073e+00
-1.073e+00
-1.073e+00
-1.073e+00
-1.073e+00
-1.073e+00
-1.073e+00
-1.073e+00
-1.073e+00
-1.073e+00
-1.073e+00
-1.073e+00
-1.073e+00
-1.073e+00
-1.073e+00
-1.073e+00
-1.073e+00
-1.073e+00
-1.073e+00
-1.073e+00
-1.073e+00
-1.073e+00
-1.073e+00
-1.073e+00
-1.073e+00
-1.073e+00
-1.073e+00
-1.073e+00
-1.073e+00
-1.073e+00
-1.073e+00
-1.073e+00
-1.073e+00
-1.073e+00
-1.073e+00
-1.073e+00
-1.073e+00
-1.073e+00
-1.073e+00
-1.073e+00
-1.073e+00
-1.073e+00
-1.073e+00
-1.073e+00
-1.073e+00
-1.073e+00
-1.073e+00
-1.073e+00
-1.073e+00
-1.073e+00
-1.073e+00
-1.073e+00
-1.073e+00
-1.073e+00
-1.073e+00
-1.073e+00
-1.073e+00
-1.073e+00
-1.073e+00
-1.073e+00
-1.073e+00
-1.073e+00
-1.073e+00
-1.073e+00
-1.073e+00
-1.073e+00
-1.073e+00
-1.073e+00
-1.073e+00
-1.073e+00
-1.073e+00
-1.073e+00
-1.073e+00
-1.073e+00
-1.073e+00
-1.073e+00
-1.073e+00
-1.073e+00
-1.073e+00
-1.073e+00
-1.073e+00
-1.073e+00
-1.073e+00
-1.073e+00
-1.073e+00
-1.073e+00
-1.073e+00
-1.073e+00
-1.073e+00
-1.073e+00
-1.073e+00
-1.073e+00
-1.073e+00
-1.073e+00
-1.073e+00
-1.073e+00
-1.073e+00
-1.073e+00
-1.073e+00
-1.073e+00
-1.073e+00
-1.073e+00
-1.073e+00
-1.073e+00
-1.073e+00
-1.073e+00
-1.073e+00
-1.073e+00
-1.073e+00
-1.073e+00
-1.073e+00
-1.073e+00
-1.073e+00
-1.073e+00
-1.073e+00
-1.073e+00
-1.073e+00
-1.073e+00
-1.073e+00
-1.073e+00
-1.073e+00
-1.073e+00
-1.073e+00
-1.073e+00
-1.073e+00
-1.073e+00
-1.073e+00
-1.073e+00
-1.073e+00
-1.073e+00
-1.073e+00
-1.073e+00
-1.073e+00
-1.073e+00
-1.073e+00
-1.073e+00
-1.073e+00
-1.073e+00
-1.073e+00
-1.073e+00
-1.073e+00
-1.073e+00
-1.073e+00
-1.073e+00
-1.073e+00
-1.073e+00
-1.073e+00
-1.073e+00
-1.073e+00
-1.073e+00
-1.073e+00
-1.073e+00
-1.073e+00
-1.073e+00
-1.073e+00
-1.073e+00
-1.073e+00
-1.073e+00
-1.073e+00
-1.073e+00
-1.073e+00
-1.073e+00
-1.073e+00
-1.073e+00
-1.073e+00
-1.073e+00
-1.073e+00
-1.073e+00
-1.073e+00
-1.073e+00
-1.073e+00
-1.073e+00
-1.073e+00
-1.073e+00
-1.073e+00
-1.073e+00
-1.073e+00
-1.073e+00
-1.073e+00
-1.073e+00
-1.073e+00
-1.073e+00
-1.073e+00
-1.073e+00
-1.073e+00
-1.073e+00
-1.073e+00
-1.073e+00
-1.073e+00
-1.073e+00
-1.073e+00
-1.073e+00
-1.073e+00
-1.073e+00
-1.073e+00
-1.073e+00
-1.073e+00
-1.073e+00
-1.073e+00
-1.073e+00
-1.073e+00
-1.073e+00
-1.073e+00
-1.073e+00
-1.073e+00
-1.073e+00
-1.073e+00
-1.073e+00
-1.073e+00
-1.073e+00
-1.073e+00
-1.073e+00
-1.073e+00
-1.073e+00
-1.073e+00
-1.073e+00
-1.073e+00
-1.073e+00
-1.073e+00
-1.073e+00
-1.073e+00
-1.073e+00
-1.073e+00
-1.073e+00
-1.081e+00
-1.076e+00
-1.076e+00
-1.076e+00
-1.076e+00
-1.076e+00
-1.076e+00
-1.076e+00
-1.076e+00
-1.075e+00
-1.075e+00
-1.075e+00
-1.075e+00
-1.075e+00
-1.075e+00
-1.075e+00
-1.075e+00
-1.075e+00
-1.075e+00
-1.075e+00
-1.065e+00
-1.076e+00
-1.066e+00
-1.066e+00
-1.066e+00
-1.066e+00
-1.066e+00
-1.066e+00
-1.066e+00
-1.065e+00
-1.065e+00
-1.065e+00
-1.065e+00
-1.065e+00
-1.065e+00
-1.065e+00
-1.065e+00
-1.065e+00
-1.065e+00
-1.065e+00
-1.065e+00
-1.060e+00
-1.076e+00
-1.066e+00
-1.066e+00
-1.066e+00
-1.066e+00
-1.065e+00
-1.065e+00
-1.065e+00
-1.065e+00
-1.065e+00
-1.065e+00
-1.065e+00
-1.065e+00
-1.065e+00
-1.065e+00
-1.065e+00
-1.065e+00
-1.065e+00
-1.065e+00
-1.065e+00
-1.060e+00
-1.076e+00
-1.066e+00
-1.066e+00
-1.065e+00
-1.065e+00
-1.065e+00
-1.065e+00
-1.065e+00
-1.065e+00
-1.065e+00
-1.065e+00
-1.065e+00
-1.065e+00
-1.065e+00
-1.065e+00
-1.065e+00
-1.065e+00
-1.065e+00
-1.065e+00
-1.065e+00
-1.060e+00
-1.075e+00
-1.065e+00
-1.065e+00
-1.065e+00
-1.065e+00
-1.065e+00
-1.065e+00
-1.065e+00
-1.065e+00
-1.065e+00
-1.065e+00
-1.065e+00
-1.065e+00
-1.065e+00
-1.065e+00
-1.065e+00
-1.065e+00
-1.065e+00
-1.065e+00
-1.065e+00
-1.060e+00
-1.075e+00
-1.065e+00
-1.065e+00
-1.065e+00
-1.065e+00
-1.065e+00
-1.065e+00
-1.065e+00
-1.065e+00
-1.065e+00
-1.065e+00
-1.065e+00
-1.065e+00
-1.065e+00
-1.065e+00
-1.065e+00
-1.065e+00
-1.065e+00
-1.065e+00
-1.065e+00
-1.060e+00
-1.075e+00
-1.065e+00
-1.065e+00
-1.065e+00
-1.065e+00
-1.065e+00
-1.065e+00
-1.065e+00
-1.065e+00
-1.065e+00
-1.065e+00
-1.065e+00
-1.065e+00
-1.065e+00
-1.065e+00
-1.065e+00
-1.065e+00
-1.065e+00
-1.065e+00
-1.065e+00
-1.060e+00
-1.075e+00
-1.065e+00
-1.065e+00
-1.065e+00
-1.065e+00
-1.065e+00
-1.065e+00
-1.065e+00
-1.065e+00
-1.065e+00
-1.065e+00
-1.065e+00
-1.065e+00
-1.065e+00
-1.065e+00
-1.065e+00
-1.065e+00
-1.065e+00
-1.065e+00
-1.065e+00
-1.060e+00
-1.075e+00
-1.065e+00
-1.065e+00
-1.065e+00
-1.065e+00
-1.065e+00
-1.065e+00
-1.065e+00
-1.065e+00
-1.065e+00
-1.065e+00
-1.065e+00
-1.065e+00
-1.065e+00
-1.065e+00
-1.065e+00
-1.065e+00
-1.065e+00
-1.065e+00
-1.065e+00
-1.060e+00
-1.075e+00
-1.065e+00
-1.065e+00
-1.065e+00
-1.065e+00
-1.065e+00
-1.065e+00
-1.065e+00
-1.065e+00
-1.065e+00
-1.065e+00
-1.065e+00
-1.065e+00
-1.065e+00
-1.065e+00
-1.065e+00
-1.065e+00
-1.065e+00
-1.065e+00
-1.065e+00
-1.060e+00
-1.075e+00
-1.065e+00
-1.065e+00
-1.065e+00
-1.065e+00
-1.065e+00
-1.065e+00
-1.065e+00
-1.065e+00
-1.065e+00
-1.065e+00
-1.065e+00
-1.065e+00
-1.065e+00
-1.065e+00
-1.065e+00
-1.065e+00
-1.065e+00
-1.065e+00
-1.065e+00
-1.060e+00
-1.075e+00
-1.065e+00
-1.065e+00
-1.065e+00
-1.065e+00
-1.065e+00
-1.065e+00
-1.065e+00
-1.065e+00
-1.065e+00
-1.065e+00
-1.065e+00
-1.065e+00
-1.065e+00
-1.065e+00
-1.065e+00
-1.065e+00
-1.065e+00
-1.065e+00
-1.065e+00
-1.060e+00
-1.075e+00
-1.065e+00
-1.065e+00
-1.065e+00
-1.065e+00
-1.065e+00
-1.065e+00
-1.065e+00
-1.065e+00
-1.065e+00
-1.065e+00
-1.065e+00
-1.065e+00
-1.065e+00
-1.065e+00
-1.065e+00
-1.065e+00
-1.065e+00
-1.065e+00
-1.065e+00
-1.060e+00
-1.075e+00
-1.065e+00
-1.065e+00
-1.065e+00
-1.065e+00
-1.065e+00
-1.065e+00
-1.065e+00
-1.065e+00
-1.065e+00
-1.065e+00
-1.065e+00
-1.065e+00
-1.065e+00
-1.065e+00
-1.065e+00
-1.065e+00
-1.065e+00
-1.065e+00
-1.065e+00
-1.060e+00
-1.075e+00
-1.065e+00
-1.065e+00
-1.065e+00
-1.065e+00
-1.065e+00
-1.065e+00
-1.065e+00
-1.065e+00
-1.065e+00
-1.065e+00
-1.065e+00
-1.065e+00
-1.065e+00
-1.065e+00
-1.065e+00
-1.065e+00
-1.065e+00
-1.065e+00
-1.065e+00
-1.060e+00
-1.075e+00
-1.065e+00
-1.065e+00
-1.065e+00
-1.065e+00
-1.065e+00
-1.065e+00
-1.065e+00
-1.065e+00
-1.065e+00
-1.065e+00
-1.065e+00
-1.065e+00
-1.065e+00
-1.065e+00
-1.065e+00
-1.065e+00
-1.065e+00
-1.065e+00
-1.065e+00
-1.060e+00
-1.075e+00
-1.065e+00
-1.065e+00
-1.065e+00
-1.065e+00
-1.065e+00
-1.065e+00
-1.065e+00
-1.065e+00
-1.065e+00
-1.065e+00
-1.065e+00
-1.065e+00
-1.065e+00
-1.065e+00
-1.065e+00
-1.065e+00
-1.065e+00
-1.065e+00
-1.065e+00
-1.060e+00
-1.075e+00
-1.065e+00
-1.065e+00
-1.065e+00
-1.065e+00
-1.065e+00
-1.065e+00
-1.065e+00
-1.065e+00
-1.065e+00
-1.065e+00
-1.065e+00
-1.065e+00
-1.065e+00
-1.065e+00
-1.065e+00
-1.065e+00
-1.065e+00
-1.065e+00
-1.065e+00
-1.060e+00
-1.075e+00
-1.065e+00
-1.065e+00
-1.065e+00
-1.065e+00
-1.065e+00
-1.065e+00
-1.065e+00
-1.065e+00
-1.065e+00
-1.065e+00
-1.065e+00
-1.065e+00
-1.065e+00
-1.065e+00
-1.065e+00
-1.065e+00
-1.065e+00
-1.065e+00
-1.065e+00
-1.060e+00
-1.075e+00
-1.065e+00
-1.065e+00
-1.065e+00
-1.065e+00
-1.065e+00
-1.065e+00
-1.065e+00
-1.065e+00
-1.065e+00
-1.065e+00
-1.065e+00
-1.065e+00
-1.065e+00
-1.065e+00
-1.065e+00
-1.065e+00
-1.065e+00
-1.065e+00
-1.065e+00
-1.060e+00
-1.065e+00
-1.060e+00
-1.060e+00
-1.060e+00
-1.060e+00
-1.060e+00
-1.060e+00
-1.060e+00
-1.060e+00
-1.060e+00
-1.060e+00
-1.060e+00
-1.060e+00
-1.060e+00
-1.060e+00
-1.060e+00
-1.060e+00
-1.060e+00
-1.060e+00
-1.060e+00
-1.056e+00
-1.050e+00
-1.049e+00
-1.049e+00
-1.049e+00
-1.049e+00
-1.049e+00
-1.049e+00
-1.050e+00
-1.050e+00
-1.049e+00
-1.049e+00
-1.049e+00
-1.049e+00
-1.050e+00
-1.050e+00
-1.050e+00
-1.050e+00
-1.050e+00
-1.050e+00
-1.050e+00
-1.049e+00
-1.049e+00
-1.049e+00
-1.049e+00
-1.049e+00
-1.049e+00
-1.049e+00
-1.049e+00
-1.049e+00
-1.049e+00
-1.049e+00
-1.049e+00
-1.049e+00
-1.049e+00
-1.049e+00
-1.049e+00
-1.049e+00
-1.049e+00
-1.049e+00
-1.049e+00
-1.049e+00
-1.049e+00
-1.049e+00
-1.049e+00
-1.049e+00
-1.049e+00
-1.049e+00
-1.049e+00
-1.049e+00
-1.049e+00
-1.049e+00
-1.049e+00
-1.049e+00
-1.049e+00
-1.049e+00
-1.049e+00
-1.049e+00
-1.049e+00
-1.049e+00
-1.049e+00
-1.049e+00
-1.049e+00
-1.049e+00
-1.049e+00
-1.049e+00
-1.049e+00
-1.049e+00
-1.049e+00
-1.049e+00
-1.049e+00
-1.049e+00
-1.049e+00
-1.049e+00
-1.049e+00
-1.049e+00
-1.049e+00
-1.049e+00
-1.049e+00
-1.049e+00
-1.049e+00
-1.049e+00
-1.049e+00
-1.049e+00
-1.049e+00
-1.049e+00
-1.049e+00
-1.049e+00
-1.049e+00
-1.049e+00
-1.049e+00
-1.049e+00
-1.049e+00
-1.049e+00
-1.049e+00
-1.049e+00
-1.049e+00
-1.049e+00
-1.049e+00
-1.049e+00
-1.049e+00
-1.049e+00
-1.049e+00
-1.049e+00
-1.049e+00
-1.049e+00
-1.050e+00
-1.049e+00
-1.049e+00
-1.049e+00
-1.049e+00
-1.049e+00
-1.049e+00
-1.049e+00
-1.049e+00
-1.049e+00
-1.049e+00
-1.049e+00
-1.049e+00
-1.049e+00
-1.049e+00
-1.049e+00
-1.049e+00
-1.049e+00
-1.049e+00
-1.049e+00
-1.049e+00
-1.050e+00
-1.049e+00
-1.049e+00
-1.049e+00
-1.049e+00
-1.049e+00
-1.049e+00
-1.049e+00
-1.049e+00
-1.049e+00
-1.049e+00
-1.049e+00
-1.049e+00
-1.049e+00
-1.049e+00
-1.049e+00
-1.049e+00
-1.049e+00
-1.049e+00
-1.049e+00
-1.049e+00
-1.050e+00
-1.049e+00
-1.049e+00
-1.049e+00
-1.049e+00
-1.049e+00
-1.049e+00
-1.049e+00
-1.049e+00
-1.049e+00
-1.049e+00
-1.049e+00
-1.049e+00
-1.049e+00
-1.049e+00
-1.049e+00
-1.049e+00
-1.049e+00
-1.049e+00
-1.049e+00
-1.049e+00
-1.050e+00
-1.049e+00
-1.049e+00
-1.049e+00
-1.049e+00
-1.049e+00
-1.049e+00
-1.049e+00
-1.049e+00
-1.049e+00
-1.049e+00
-1.049e+00
-1.049e+00
-1.049e+00
-1.049e+00
-1.049e+00
-1.049e+00
-1.049e+00
-1.049e+00
-1.049e+00
-1.049e+00
-1.050e+00
-1.049e+00
-1.049e+00
-1.049e+00
-1.049e+00
-1.049e+00
-1.049e+00
-1.049e+00
-1.049e+00
-1.049e+00
-1.049e+00
-1.049e+00
-1.049e+00
-1.049e+00
-1.049e+00
-1.049e+00
-1.049e+00
-1.049e+00
-1.049e+00
-1.049e+00
-1.049e+00
-1.050e+00
-1.049e+00
-1.049e+00
-1.049e+00
-1.049e+00
-1.049e+00
-1.049e+00
-1.049e+00
-1.049e+00
-1.049e+00
-1.049e+00
-1.049e+00
-1.049e+00
-1.049e+00
-1.049e+00
-1.049e+00
-1.049e+00
-1.049e+00
-1.049e+00
-1.049e+00
-1.049e+00
-1.050e+00
-1.049e+00
-1.049e+00
-1.049e+00
-1.049e+00
-1.049e+00
-1.049e+00
-1.049e+00
-1.049e+00
-1.049e+00
-1.049e+00
-1.049e+00
-1.049e+00
-1.049e+00
-1.049e+00
-1.049e+00
-1.049e+00
-1.049e+00
-1.049e+00
-1.049e+00
-1.049e+00
-1.050e+00
-1.049e+00
-1.049e+00
-1.049e+00
-1.049e+00
-1.049e+00
-1.049e+00
-1.049e+00
-1.049e+00
-1.049e+00
-1.049e+00
-1.049e+00
-1.049e+00
-1.049e+00
-1.049e+00
-1.049e+00
-1.049e+00
-1.049e+00
-1.049e+00
-1.049e+00
-1.049e+00
-1.050e+00
-1.049e+00
-1.049e+00
-1.049e+00
-1.049e+00
-1.049e+00
-1.049e+00
-1.049e+00
-1.049e+00
-1.049e+00
-1.049e+00
-1.049e+00
-1.049e+00
-1.049e+00
-1.049e+00
-1.049e+00
-1.049e+00
-1.049e+00
-1.050e+00
-1.050e+00
-1.049e+00
-1.050e+00
-1.049e+00
-1.049e+00
-1.049e+00
-1.049e+00
-1.049e+00
-1.049e+00
-1.049e+00
-1.049e+00
-1.049e+00
-1.049e+00
-1.049e+00
-1.049e+00
-1.049e+00
-1.049e+00
-1.049e+00
-1.050e+00
-1.050e+00
-1.050e+00
-1.049e+00
-1.049e+00
-1.050e+00
-1.049e+00
-1.049e+00
-1.049e+00
-1.049e+00
-1.049e+00
-1.049e+00
-1.049e+00
-1.049e+00
-1.049e+00
-1.049e+00
-1.049e+00
-1.049e+00
-1.049e+00
-1.050e+00
-1.050e+00
-1.050e+00
-1.050e+00
-1.049e+00
-1.049e+00
-1.049e+00
-1.050e+00
-1.049e+00
-1.049e+00
-1.049e+00
-1.049e+00
-1.049e+00
-1.049e+00
-1.049e+00
-1.049e+00
-1.049e+00
-1.050e+00
-1.050e+00
-1.050e+00
-1.050e+00
-1.050e+00
-1.050e+00
-1.049e+00
-1.049e+00
-1.049e+00
-1.049e+00
-1.049e+00
-1.050e+00
-1.049e+00
-1.049e+00
-1.049e+00
-1.049e+00
-1.049e+00
-1.049e+00
-1.050e+00
-1.050e+00
-1.050e+00
-1.050e+00
-1.050e+00
-1.050e+00
-1.049e+00
-1.049e+00
-1.049e+00
-1.049e+00
-1.049e+00
-1.050e+00
-1.049e+00
-1.049e+00
-1.050e+00
-1.049e+00
-1.049e+00
-1.050e+00
-1.050e+00
-1.050e+00
-1.050e+00
-1.050e+00
-1.049e+00
-1.049e+00
-1.049e+00
-1.049e+00
-1.049e+00
-1.049e+00
-1.050e+00
-1.050e+00
-1.050e+00
-1.050e+00
-1.050e+00
-1.050e+00
-1.049e+00
-1.050e+00
-1.049e+00
-1.050e+00
-1.049e+00
-1.049e+00
-1.049e+00
-1.049e+00
-1.049e+00
-1.049e+00
-1.049e+00
-1.049e+00
-1.049e+00
-1.049e+00
-1.050e+00
-1.050e+00
-1.050e+00
-1.050e+00
-1.050e+00
-1.050e+00
-1.050e+00
-1.049e+00
-1.049e+00
-1.049e+00
-1.049e+00
-1.049e+00
-1.049e+00
-1.049e+00
-1.049e+00
-1.049e+00
-1.049e+00
-1.049e+00
-1.049e+00
-1.049e+00
-1.049e+00
-1.049e+00
-1.049e+00
-1.049e+00
-1.049e+00
-1.049e+00
-1.049e+00
-1.049e+00
-1.049e+00
-1.042e+00
-1.040e+00
-1.040e+00
-1.040e+00
-1.040e+00
-1.040e+00
-1.040e+00
-1.040e+00
-1.040e+00
-1.040e+00
-1.040e+00
-1.040e+00
-1.040e+00
-1.040e+00
-1.040e+00
-1.040e+00
-1.040e+00
-1.040e+00
-1.040e+00
-1.040e+00
-1.038e+00
-1.040e+00
-1.038e+00
-1.038e+00
-1.038e+00
-1.038e+00
-1.038e+00
-1.038e+00
-1.038e+00
-1.038e+00
-1.038e+00
-1.038e+00
-1.038e+00
-1.038e+00
-1.038e+00
-1.038e+00
-1.038e+00
-1.038e+00
-1.038e+00
-1.038e+00
-1.038e+00
-1.035e+00
-1.040e+00
-1.038e+00
-1.038e+00
-1.038e+00
-1.038e+00
-1.038e+00
-1.038e+00
-1.038e+00
-1.038e+00
-1.038e+00
-1.038e+00
-1.038e+00
-1.038e+00
-1.038e+00
-1.038e+00
-1.038e+00
-1.038e+00
-1.038e+00
-1.038e+00
-1.038e+00
-1.035e+00
-1.040e+00
-1.038e+00
-1.038e+00
-1.038e+00
-1.038e+00
-1.038e+00
-1.038e+00
-1.038e+00
-1.038e+00
-1.038e+00
-1.038e+00
-1.038e+00
-1.038e+00
-1.038e+00
-1.038e+00
-1.038e+00
-1.038e+00
-1.038e+00
-1.038e+00
-1.038e+00
-1.035e+00
-1.040e+00
-1.038e+00
-1.038e+00
-1.038e+00
-1.038e+00
-1.038e+00
-1.038e+00
-1.038e+00
-1.038e+00
-1.038e+00
-1.038e+00
-1.038e+00
-1.038e+00
-1.038e+00
-1.038e+00
-1.038e+00
-1.038e+00
-1.038e+00
-1.038e+00
-1.038e+00
-1.035e+00
-1.040e+00
-1.038e+00
-1.038e+00
-1.038e+00
-1.038e+00
-1.038e+00
-1.038e+00
-1.038e+00
-1.038e+00
-1.038e+00
-1.038e+00
-1.038e+00
-1.038e+00
-1.038e+00
-1.038e+00
-1.038e+00
-1.038e+00
-1.038e+00
-1.038e+00
-1.038e+00
-1.035e+00
-1.040e+00
-1.038e+00
-1.038e+00
-1.038e+00
-1.038e+00
-1.038e+00
-1.038e+00
-1.038e+00
-1.038e+00
-1.038e+00
-1.038e+00
-1.038e+00
-1.038e+00
-1.038e+00
-1.038e+00
-1.038e+00
-1.038e+00
-1.038e+00
-1.038e+00
-1.038e+00
-1.035e+00
-1.040e+00
-1.038e+00
-1.038e+00
-1.038e+00
-1.038e+00
-1.038e+00
-1.038e+00
-1.038e+00
-1.038e+00
-1.038e+00
-1.038e+00
-1.038e+00
-1.038e+00
-1.038e+00
-1.038e+00
-1.038e+00
-1.038e+00
-1.038e+00
-1.038e+00
-1.038e+00
-1.035e+00
-1.040e+00
-1.038e+00
-1.038e+00
-1.038e+00
-1.038e+00
-1.038e+00
-1.038e+00
-1.038e+00
-1.038e+00
-1.038e+00
-1.038e+00
-1.038e+00
-1.038e+00
-1.038e+00
-1.038e+00
-1.038e+00
-1.038e+00
-1.038e+00
-1.038e+00
-1.038e+00
-1.035e+00
-1.040e+00
-1.038e+00
-1.038e+00
-1.038e+00
-1.038e+00
-1.038e+00
-1.038e+00
-1.038e+00
-1.038e+00
-1.038e+00
-1.038e+00
-1.038e+00
-1.038e+00
-1.038e+00
-1.038e+00
-1.038e+00
-1.038e+00
-1.038e+00
-1.038e+00
-1.038e+00
-1.035e+00
-1.040e+00
-1.038e+00
-1.038e+00
-1.038e+00
-1.038e+00
-1.038e+00
-1.038e+00
-1.038e+00
-1.038e+00
-1.038e+00
-1.038e+00
-1.038e+00
-1.038e+00
-1.038e+00
-1.038e+00
-1.038e+00
-1.038e+00
-1.038e+00
-1.038e+00
-1.038e+00
-1.035e+00
-1.040e+00
-1.038e+00
-1.038e+00
-1.038e+00
-1.038e+00
-1.038e+00
-1.038e+00
-1.038e+00
-1.038e+00
-1.038e+00
-1.038e+00
-1.038e+00
-1.038e+00
-1.038e+00
-1.038e+00
-1.038e+00
-1.038e+00
-1.038e+00
-1.038e+00
-1.038e+00
-1.035e+00
-1.040e+00
-1.038e+00
-1.038e+00
-1.038e+00
-1.038e+00
-1.038e+00
-1.038e+00
-1.038e+00
-1.038e+00
-1.038e+00
-1.038e+00
-1.038e+00
-1.038e+00
-1.038e+00
-1.038e+00
-1.038e+00
-1.038e+00
-1.038e+00
-1.038e+00
-1.038e+00
-1.035e+00
-1.040e+00
-1.038e+00
-1.038e+00
-1.038e+00
-1.038e+00
-1.038e+00
-1.038e+00
-1.038e+00
-1.038e+00
-1.038e+00
-1.038e+00
-1.038e+00
-1.038e+00
-1.038e+00
-1.038e+00
-1.038e+00
-1.038e+00
-1.038e+00
-1.038e+00
-1.038e+00
-1.035e+00
-1.040e+00
-1.038e+00
-1.038e+00
-1.038e+00
-1.038e+00
-1.038e+00
-1.038e+00
-1.038e+00
-1.038e+00
-1.038e+00
-1.038e+00
-1.038e+00
-1.038e+00
-1.038e+00
-1.038e+00
-1.038e+00
-1.038e+00
-1.038e+00
-1.038e+00
-1.037e+00
-1.035e+00
-1.040e+00
-1.038e+00
-1.038e+00
-1.038e+00
-1.038e+00
-1.038e+00
-1.038e+00
-1.038e+00
-1.038e+00
-1.038e+00
-1.038e+00
-1.038e+00
-1.038e+00
-1.038e+00
-1.038e+00
-1.038e+00
-1.038e+00
-1.038e+00
-1.037e+00
-1.037e+00
-1.034e+00
-1.040e+00
-1.038e+00
-1.038e+00
-1.038e+00
-1.038e+00
-1.038e+00
-1.038e+00
-1.038e+00
-1.038e+00
-1.038e+00
-1.038e+00
-1.038e+00
-1.038e+00
-1.038e+00
-1.038e+00
-1.038e+00
-1.037e+00
-1.037e+00
-1.037e+00
-1.037e+00
-1.034e+00
-1.040e+00
-1.038e+00
-1.038e+00
-1.038e+00
-1.038e+00
-1.038e+00
-1.038e+00
-1.038e+00
-1.038e+00
-1.038e+00
-1.038e+00
-1.038e+00
-1.038e+00
-1.037e+00
-1.037e+00
-1.037e+00
-1.037e+00
-1.037e+00
-1.037e+00
-1.037e+00
-1.034e+00
-1.040e+00
-1.038e+00
-1.038e+00
-1.038e+00
-1.038e+00
-1.038e+00
-1.038e+00
-1.038e+00
-1.037e+00
-1.037e+00
-1.037e+00
-1.037e+00
-1.037e+00
-1.037e+00
-1.037e+00
-1.037e+00
-1.037e+00
-1.037e+00
-1.037e+00
-1.037e+00
-1.034e+00
-1.040e+00
-1.038e+00
-1.038e+00
-1.037e+00
-1.037e+00
-1.037e+00
-1.037e+00
-1.037e+00
-1.037e+00
-1.037e+00
-1.037e+00
-1.037e+00
-1.037e+00
-1.037e+00
-1.037e+00
-1.037e+00
-1.037e+00
-1.037e+00
-1.037e+00
-1.037e+00
-1.034e+00
-1.038e+00
-1.034e+00
-1.034e+00
-1.034e+00
-1.034e+00
-1.034e+00
-1.034e+00
-1.034e+00
-1.034e+00
-1.034e+00
-1.034e+00
-1.034e+00
-1.034e+00
-1.034e+00
-1.034e+00
-1.034e+00
-1.034e+00
-1.034e+00
-1.034e+00
-1.034e+00
-1.033e+00
-1.021e+00
-1.021e+00
-1.021e+00
-1.021e+00
-1.021e+00
-1.021e+00
-1.021e+00
-1.021e+00
-1.021e+00
-1.020e+00
-1.020e+00
-1.020e+00
-1.020e+00
-1.020e+00
-1.020e+00
-1.020e+00
-1.020e+00
-1.020e+00
-1.020e+00
-1.020e+00
-1.020e+00
-1.021e+00
-1.021e+00
-1.021e+00
-1.021e+00
-1.021e+00
-1.021e+00
-1.021e+00
-1.020e+00
-1.020e+00
-1.020e+00
-1.020e+00
-1.020e+00
-1.020e+00
-1.020e+00
-1.020e+00
-1.020e+00
-1.020e+00
-1.020e+00
-1.020e+00
-1.020e+00
-1.020e+00
-1.021e+00
-1.021e+00
-1.021e+00
-1.021e+00
-1.021e+00
-1.020e+00
-1.020e+00
-1.020e+00
-1.020e+00
-1.020e+00
-1.020e+00
-1.020e+00
-1.020e+00
-1.020e+00
-1.020e+00
-1.020e+00
-1.020e+00
-1.020e+00
-1.020e+00
-1.020e+00
-1.020e+00
-1.021e+00
-1.021e+00
-1.020e+00
-1.020e+00
-1.020e+00
-1.020e+00
-1.020e+00
-1.020e+00
-1.020e+00
-1.020e+00
-1.020e+00
-1.020e+00
-1.020e+00
-1.020e+00
-1.020e+00
-1.020e+00
-1.020e+00
-1.020e+00
-1.020e+00
-1.020e+00
-1.020e+00
-1.020e+00
-1.020e+00
-1.020e+00
-1.020e+00
-1.020e+00
-1.020e+00
-1.020e+00
-1.020e+00
-1.020e+00
-1.020e+00
-1.020e+00
-1.020e+00
-1.020e+00
-1.020e+00
-1.020e+00
-1.020e+00
-1.020e+00
-1.020e+00
-1.020e+00
-1.020e+00
-1.020e+00
-1.020e+00
-1.020e+00
-1.020e+00
-1.020e+00
-1.020e+00
-1.020e+00
-1.020e+00
-1.020e+00
-1.020e+00
-1.020e+00
-1.020e+00
-1.020e+00
-1.020e+00
-1.020e+00
-1.020e+00
-1.020e+00
-1.020e+00
-1.020e+00
-1.020e+00
-1.020e+00
-1.020e+00
-1.020e+00
-1.020e+00
-1.020e+00
-1.020e+00
-1.020e+00
-1.020e+00
-1.020e+00
-1.020e+00
-1.020e+00
-1.020e+00
-1.020e+00
-1.020e+00
-1.020e+00
-1.020e+00
-1.020e+00
-1.020e+00
-1.020e+00
-1.020e+00
-1.020e+00
-1.020e+00
-1.020e+00
-1.020e+00
-1.020e+00
-1.020e+00
-1.020e+00
-1.020e+00
-1.020e+00
-1.020e+00
-1.020e+00
-1.020e+00
-1.020e+00
-1.020e+00
-1.020e+00
-1.020e+00
-1.020e+00
-1.020e+00
-1.020e+00
-1.020e+00
-1.020e+00
-1.020e+00
-1.020e+00
-1.020e+00
-1.020e+00
-1.020e+00
-1.020e+00
-1.020e+00
-1.020e+00
-1.020e+00
-1.020e+00
-1.020e+00
-1.020e+00
-1.020e+00
-1.020e+00
-1.020e+00
-1.020e+00
-1.020e+00
-1.020e+00
-1.020e+00
-1.020e+00
-1.020e+00
-1.020e+00
-1.020e+00
-1.020e+00
-1.020e+00
-1.020e+00
-1.020e+00
-1.020e+00
-1.020e+00
-1.020e+00
-1.020e+00
-1.020e+00
-1.020e+00
-1.020e+00
-1.020e+00
-1.020e+00
-1.020e+00
-1.020e+00
-1.020e+00
-1.020e+00
-1.020e+00
-1.020e+00
-1.020e+00
-1.020e+00
-1.020e+00
-1.020e+00
-1.020e+00
-1.020e+00
-1.020e+00
-1.020e+00
-1.020e+00
-1.020e+00
-1.020e+00
-1.020e+00
-1.020e+00
-1.020e+00
-1.020e+00
-1.020e+00
-1.020e+00
-1.020e+00
-1.020e+00
-1.020e+00
-1.020e+00
-1.020e+00
-1.020e+00
-1.020e+00
-1.020e+00
-1.020e+00
-1.020e+00
-1.020e+00
-1.020e+00
-1.020e+00
-1.020e+00
-1.020e+00
-1.020e+00
-1.020e+00
-1.020e+00
-1.020e+00
-1.020e+00
-1.020e+00
-1.020e+00
-1.020e+00
-1.020e+00
-1.020e+00
-1.020e+00
-1.020e+00
-1.020e+00
-1.020e+00
-1.020e+00
-1.020e+00
-1.020e+00
-1.020e+00
-1.020e+00
-1.020e+00
-1.020e+00
-1.020e+00
-1.020e+00
-1.020e+00
-1.020e+00
-1.020e+00
-1.020e+00
-1.020e+00
-1.020e+00
-1.020e+00
-1.020e+00
-1.020e+00
-1.020e+00
-1.020e+00
-1.020e+00
-1.020e+00
-1.020e+00
-1.020e+00
-1.020e+00
-1.020e+00
-1.020e+00
-1.020e+00
-1.020e+00
-1.020e+00
-1.020e+00
-1.020e+00
-1.020e+00
-1.020e+00
-1.020e+00
-1.020e+00
-1.020e+00
-1.020e+00
-1.020e+00
-1.020e+00
-1.020e+00
-1.020e+00
-1.020e+00
-1.020e+00
-1.020e+00
-1.020e+00
-1.020e+00
-1.020e+00
-1.020e+00
-1.020e+00
-1.020e+00
-1.020e+00
-1.020e+00
-1.020e+00
-1.020e+00
-1.020e+00
-1.020e+00
-1.020e+00
-1.020e+00
-1.020e+00
-1.020e+00
-1.020e+00
-1.020e+00
-1.020e+00
-1.020e+00
-1.020e+00
-1.020e+00
-1.020e+00
-1.020e+00
-1.020e+00
-1.020e+00
-1.020e+00
-1.020e+00
-1.020e+00
-1.020e+00
-1.020e+00
-1.020e+00
-1.020e+00
-1.020e+00
-1.020e+00
-1.020e+00
-1.020e+00
-1.020e+00
-1.020e+00
-1.020e+00
-1.020e+00
-1.020e+00
-1.020e+00
-1.020e+00
-1.020e+00
-1.020e+00
-1.020e+00
-1.020e+00
-1.020e+00
-1.020e+00
-1.020e+00
-1.020e+00
-1.020e+00
-1.020e+00
-1.020e+00
-1.020e+00
-1.020e+00
-1.020e+00
-1.020e+00
-1.020e+00
-1.020e+00
-1.020e+00
-1.020e+00
-1.020e+00
-1.020e+00
-1.020e+00
-1.020e+00
-1.020e+00
-1.020e+00
-1.020e+00
-1.020e+00
-1.020e+00
-1.020e+00
-1.020e+00
-1.020e+00
-1.020e+00
-1.020e+00
-1.020e+00
-1.020e+00
-1.020e+00
-1.020e+00
-1.020e+00
-1.020e+00
-1.020e+00
-1.020e+00
-1.020e+00
-1.020e+00
-1.020e+00
-1.020e+00
-1.020e+00
-1.020e+00
-1.020e+00
-1.020e+00
-1.020e+00
-1.020e+00
-1.020e+00
-1.020e+00
-1.020e+00
-1.020e+00
-1.020e+00
-1.020e+00
-1.020e+00
-1.020e+00
-1.020e+00
-1.020e+00
-1.020e+00
-1.020e+00
-1.020e+00
-1.020e+00
-1.020e+00
-1.020e+00
-1.020e+00
-1.020e+00
-1.020e+00
-1.020e+00
-1.020e+00
-1.020e+00
-1.020e+00
-1.020e+00
-1.020e+00
-1.020e+00
-1.020e+00
-1.020e+00
-1.020e+00
-1.020e+00
-1.020e+00
-1.020e+00
-1.020e+00
-1.020e+00
-1.020e+00
-1.020e+00
-1.020e+00
-1.020e+00
-1.020e+00
-1.020e+00
-1.020e+00
-1.020e+00
-1.020e+00
-1.020e+00
-1.020e+00
-1.020e+00
-1.020e+00
-1.020e+00
-1.015e+00
-1.015e+00
-1.015e+00
-1.015e+00
-1.015e+00
-1.015e+00
-1.015e+00
-1.015e+00
-1.015e+00
-1.015e+00
-1.015e+00
-1.015e+00
-1.015e+00
-1.015e+00
-1.015e+00
-1.015e+00
-1.015e+00
-1.015e+00
-1.015e+00
-1.015e+00
-1.015e+00
-1.015e+00
-1.015e+00
-1.015e+00
-1.015e+00
-1.015e+00
-1.015e+00
-1.015e+00
-1.015e+00
-1.015e+00
-1.015e+00
-1.015e+00
-1.015e+00
-1.015e+00
-1.015e+00
-1.015e+00
-1.015e+00
-1.015e+00
-1.015e+00
-1.015e+00
-1.015e+00
-1.015e+00
-1.015e+00
-1.015e+00
-1.015e+00
-1.015e+00
-1.015e+00
-1.015e+00
-1.015e+00
-1.015e+00
-1.015e+00
-1.015e+00
-1.015e+00
-1.015e+00
-1.015e+00
-1.015e+00
-1.015e+00
-1.015e+00
-1.015e+00
-1.015e+00
-1.015e+00
-1.015e+00
-1.015e+00
-1.015e+00
-1.015e+00
-1.015e+00
-1.015e+00
-1.015e+00
-1.015e+00
-1.015e+00
-1.015e+00
-1.015e+00
-1.015e+00
-1.015e+00
-1.015e+00
-1.015e+00
-1.015e+00
-1.015e+00
-1.015e+00
-1.015e+00
-1.015e+00
-1.015e+00
-1.015e+00
-1.015e+00
-1.015e+00
-1.015e+00
-1.015e+00
-1.015e+00
-1.015e+00
-1.015e+00
-1.015e+00
-1.015e+00
-1.015e+00
-1.015e+00
-1.015e+00
-1.015e+00
-1.015e+00
-1.015e+00
-1.015e+00
-1.015e+00
-1.015e+00
-1.015e+00
-1.015e+00
-1.015e+00
-1.015e+00
-1.015e+00
-1.015e+00
-1.015e+00
-1.015e+00
-1.015e+00
-1.015e+00
-1.015e+00
-1.015e+00
-1.015e+00
-1.015e+00
-1.015e+00
-1.015e+00
-1.015e+00
-1.015e+00
-1.015e+00
-1.015e+00
-1.015e+00
-1.015e+00
-1.015e+00
-1.015e+00
-1.015e+00
-1.015e+00
-1.015e+00
-1.015e+00
-1.015e+00
-1.015e+00
-1.015e+00
-1.015e+00
-1.015e+00
-1.015e+00
-1.015e+00
-1.015e+00
-1.015e+00
-1.015e+00
-1.015e+00
-1.015e+00
-1.015e+00
-1.015e+00
-1.015e+00
-1.015e+00
-1.015e+00
-1.015e+00
-1.015e+00
-1.015e+00
-1.015e+00
-1.015e+00
-1.015e+00
-1.015e+00
-1.015e+00
-1.015e+00
-1.015e+00
-1.015e+00
-1.015e+00
-1.015e+00
-1.015e+00
-1.015e+00
-1.015e+00
-1.015e+00
-1.015e+00
-1.015e+00
-1.015e+00
-1.015e+00
-1.015e+00
-1.015e+00
-1.015e+00
-1.015e+00
-1.015e+00
-1.015e+00
-1.015e+00
-1.015e+00
-1.015e+00
-1.015e+00
-1.015e+00
-1.015e+00
-1.015e+00
-1.015e+00
-1.015e+00
-1.015e+00
-1.015e+00
-1.015e+00
-1.015e+00
-1.015e+00
-1.015e+00
-1.015e+00
-1.015e+00
-1.015e+00
-1.015e+00
-1.015e+00
-1.015e+00
-1.015e+00
-1.015e+00
-1.015e+00
-1.015e+00
-1.015e+00
-1.015e+00
-1.015e+00
-1.015e+00
-1.015e+00
-1.015e+00
-1.015e+00
-1.015e+00
-1.015e+00
-1.015e+00
-1.015e+00
-1.015e+00
-1.015e+00
-1.015e+00
-1.015e+00
-1.015e+00
-1.015e+00
-1.015e+00
-1.015e+00
-1.015e+00
-1.015e+00
-1.015e+00
-1.015e+00
-1.015e+00
-1.015e+00
-1.015e+00
-1.015e+00
-1.015e+00
-1.015e+00
-1.015e+00
-1.015e+00
-1.015e+00
-1.015e+00
-1.015e+00
-1.015e+00
-1.015e+00
-1.015e+00
-1.015e+00
-1.015e+00
-1.015e+00
-1.015e+00
-1.015e+00
-1.015e+00
-1.015e+00
-1.015e+00
-1.015e+00
-1.015e+00
-1.015e+00
-1.015e+00
-1.015e+00
-1.015e+00
-1.015e+00
-1.015e+00
-1.015e+00
-1.015e+00
-1.015e+00
-1.015e+00
-1.015e+00
-1.015e+00
-1.015e+00
-1.015e+00
-1.015e+00
-1.015e+00
-1.015e+00
-1.015e+00
-1.015e+00
-1.015e+00
-1.015e+00
-1.015e+00
-1.015e+00
-1.015e+00
-1.015e+00
-1.015e+00
-1.015e+00
-1.015e+00
-1.015e+00
-1.015e+00
-1.015e+00
-1.015e+00
-1.015e+00
-1.015e+00
-1.015e+00
-1.015e+00
-1.015e+00
-1.015e+00
-1.015e+00
-1.015e+00
-1.015e+00
-1.015e+00
-1.015e+00
-1.015e+00
-1.015e+00
-1.015e+00
-1.014e+00
-1.014e+00
-1.014e+00
-1.015e+00
-1.015e+00
-1.015e+00
-1.015e+00
-1.015e+00
-1.015e+00
-1.015e+00
-1.015e+00
-1.015e+00
-1.015e+00
-1.015e+00
-1.015e+00
-1.015e+00
-1.015e+00
-1.015e+00
-1.015e+00
-1.014e+00
-1.014e+00
-1.014e+00
-1.014e+00
-1.014e+00
-1.015e+00
-1.015e+00
-1.015e+00
-1.015e+00
-1.015e+00
-1.015e+00
-1.015e+00
-1.015e+00
-1.015e+00
-1.015e+00
-1.015e+00
-1.015e+00
-1.015e+00
-1.015e+00
-1.014e+00
-1.014e+00
-1.014e+00
-1.014e+00
-1.014e+00
-1.014e+00
-1.014e+00
-1.015e+00
-1.015e+00
-1.015e+00
-1.015e+00
-1.015e+00
-1.015e+00
-1.015e+00
-1.015e+00
-1.015e+00
-1.015e+00
-1.014e+00
-1.014e+00
-1.014e+00
-1.014e+00
-1.014e+00
-1.014e+00
-1.014e+00
-1.014e+00
-1.014e+00
-1.014e+00
-1.014e+00
-1.015e+00
-1.015e+00
-1.015e+00
-1.015e+00
-1.015e+00
-1.015e+00
-1.015e+00
-1.014e+00
-1.014e+00
-1.014e+00
-1.014e+00
-1.014e+00
-1.014e+00
-1.014e+00
-1.014e+00
-1.014e+00
-1.014e+00
-1.014e+00
-1.014e+00
-1.014e+00
-1.014e+00
-1.015e+00
-1.015e+00
-1.015e+00
-1.014e+00
-1.014e+00
-1.014e+00
-1.014e+00
-1.014e+00
-1.014e+00
-1.014e+00
-1.014e+00
-1.014e+00
-1.014e+00
-1.014e+00
-1.014e+00
-1.014e+00
-1.014e+00
-1.014e+00
-1.014e+00
-1.014e+00
-1.014e+00
-1.014e+00
-1.014e+00
-1.014e+00
-1.014e+00
-1.014e+00
-1.014e+00
-1.014e+00
-1.014e+00
-1.014e+00
-1.014e+00
-1.014e+00
-1.014e+00
-1.014e+00
-1.014e+00
-1.014e+00
-1.014e+00
-1.014e+00
-1.014e+00
-1.014e+00
-1.014e+00
-1.014e+00
-1.014e+00
-1.014e+00
-1.014e+00
-1.014e+00
-1.014e+00
-1.014e+00
-1.014e+00
-1.014e+00
-1.014e+00
-1.014e+00
-1.014e+00
-1.014e+00
-1.014e+00
-1.014e+00
-1.014e+00
-1.014e+00
-1.014e+00
-1.014e+00
-1.014e+00
-1.014e+00
-1.014e+00
-1.014e+00
-1.014e+00
-1.014e+00
-1.014e+00
-1.014e+00
-1.014e+00
-1.014e+00
-1.014e+00
-1.014e+00
-1.014e+00
-1.014e+00
-1.014e+00
-1.014e+00
-1.014e+00
-1.014e+00
-1.014e+00
-1.014e+00
-1.014e+00
-1.014e+00
-1.014e+00
-1.014e+00
-1.014e+00
-1.014e+00
-1.014e+00
-1.014e+00
-1.014e+00
-1.014e+00
-1.014e+00
-1.014e+00
-1.014e+00
-1.014e+00
-1.014e+00
-1.014e+00
-1.014e+00
-1.014e+00
-1.014e+00
-1.014e+00
-1.014e+00
-1.014e+00
-1.014e+00
-1.014e+00
-1.014e+00
-1.014e+00
-1.014e+00
-1.014e+00
-1.014e+00
-1.014e+00
-1.014e+00
-1.014e+00
-1.014e+00
-1.014e+00
-1.014e+00
-1.014e+00
-1.014e+00
-1.014e+00
-1.014e+00
-1.014e+00
-1.014e+00
-1.014e+00
-1.014e+00
-1.014e+00
-1.014e+00
-1.014e+00
-1.014e+00
-1.014e+00
-1.014e+00
-1.014e+00
-1.014e+00
-1.014e+00
-1.014e+00
-1.014e+00
-1.014e+00
-1.014e+00
-1.014e+00
-1.014e+00
-1.014e+00
-1.014e+00
-1.014e+00
-1.014e+00
-1.014e+00
-1.014e+00
-1.014e+00
-1.014e+00
-1.014e+00
-1.014e+00
-1.014e+00
-1.014e+00
-1.014e+00
-1.014e+00
-1.014e+00
-1.014e+00
-1.014e+00
-1.014e+00
-1.014e+00
-1.014e+00
-1.014e+00
-1.014e+00
-1.014e+00
-1.014e+00
-1.014e+00
-1.014e+00
-1.014e+00
-1.014e+00
-1.014e+00
-1.014e+00
-1.014e+00
-1.014e+00
-1.014e+00
-1.014e+00
-1.014e+00
-1.014e+00
-1.014e+00
-1.014e+00
-1.014e+00
-1.014e+00
-1.014e+00
-1.014e+00
-1.014e+00
-1.014e+00
-1.014e+00
-1.014e+00
-1.014e+00
-1.014e+00
-1.014e+00
-1.014e+00
-1.014e+00
-1.014e+00
-1.014e+00
-1.014e+00
-1.014e+00
-1.014e+00
-1.014e+00
-1.014e+00
-1.014e+00
-1.014e+00
-1.014e+00
-1.014e+00
-1.014e+00
-1.014e+00
-1.014e+00
-1.014e+00
-1.014e+00
-1.014e+00
-1.014e+00
-1.014e+00
-1.014e+00
-1.014e+00
-1.014e+00
-1.014e+00
-1.014e+00
-1.014e+00
-1.014e+00
-1.014e+00
-1.014e+00
-1.014e+00
-1.014e+00
-1.014e+00
-1.014e+00
-1.014e+00
-1.014e+00
-1.014e+00
-1.014e+00
-1.014e+00
-1.014e+00
-1.014e+00
-1.014e+00
-1.014e+00
-1.014e+00
-1.014e+00
-1.014e+00
-1.014e+00
-1.014e+00
-1.014e+00
-1.014e+00
-1.014e+00
-1.014e+00
-1.014e+00
-1.014e+00
-1.014e+00
-1.014e+00
-1.014e+00
-1.014e+00
-1.014e+00
-1.014e+00
-1.014e+00
-1.014e+00
-1.014e+00
-1.014e+00
-1.014e+00
-1.014e+00
-1.014e+00
-1.014e+00
-1.014e+00
-1.014e+00
-1.014e+00
-1.014e+00
-1.014e+00
-1.014e+00
-1.014e+00
-1.014e+00
-1.014e+00
-1.014e+00
-1.014e+00
-1.014e+00
-1.014e+00
-1.014e+00
-1.014e+00
-1.014e+00
-1.014e+00
-1.014e+00
-1.014e+00
-1.014e+00
-1.014e+00
-1.014e+00
-1.014e+00
-1.014e+00
-1.014e+00
-1.014e+00
-1.014e+00
-1.014e+00
-1.014e+00
-1.014e+00
-1.014e+00
-1.014e+00
-1.014e+00
-1.014e+00
-1.014e+00
-1.014e+00
-1.014e+00
-1.014e+00
-1.014e+00
-1.014e+00
-1.014e+00
-1.014e+00
-1.014e+00
-1.014e+00
-1.014e+00
-1.014e+00
-1.014e+00
-1.014e+00
-1.014e+00
-1.014e+00
-1.014e+00
-1.014e+00
-1.014e+00
-1.014e+00
-1.014e+00
-1.014e+00
-1.014e+00
-1.014e+00
-1.013e+00
-1.013e+00
-1.014e+00
-1.014e+00
-1.014e+00
-1.014e+00
-1.014e+00
-1.014e+00
-1.014e+00
-1.014e+00
-1.014e+00
-1.014e+00
-1.014e+00
-1.014e+00
-1.014e+00
-1.014e+00
-1.014e+00
-1.014e+00
-1.014e+00
-1.014e+00
-1.013e+00
-1.013e+00
-1.013e+00
-1.014e+00
-1.014e+00
-1.014e+00
-1.014e+00
-1.014e+00
-1.014e+00
-1.014e+00
-1.014e+00
-1.014e+00
-1.014e+00
-1.014e+00
-1.014e+00
-1.014e+00
-1.014e+00
-1.014e+00
-1.014e+00
-1.013e+00
-1.013e+00
-1.013e+00
-1.013e+00
-1.013e+00
-1.014e+00
-1.014e+00
-1.014e+00
-1.014e+00
-1.014e+00
-1.014e+00
-1.014e+00
-1.014e+00
-1.014e+00
-1.014e+00
-1.014e+00
-1.014e+00
-1.014e+00
-1.013e+00
-1.013e+00
-1.013e+00
-1.013e+00
-1.013e+00
-1.013e+00
-1.013e+00
-1.013e+00
-1.014e+00
-1.014e+00
-1.014e+00
-1.014e+00
-1.014e+00
-1.014e+00
-1.014e+00
-1.014e+00
-1.014e+00
-1.014e+00
-1.013e+00
-1.013e+00
-1.013e+00
-1.013e+00
-1.013e+00
-1.013e+00
-1.013e+00
-1.013e+00
-1.013e+00
-1.013e+00
-1.013e+00
-1.014e+00
-1.014e+00
-1.014e+00
-1.014e+00
-1.014e+00
-1.014e+00
-1.014e+00
-1.013e+00
-1.013e+00
-1.013e+00
-1.013e+00
-1.013e+00
-1.013e+00
-1.013e+00
-1.013e+00
-1.013e+00
-1.013e+00
-1.013e+00
-1.013e+00
-1.013e+00
-1.013e+00
-1.014e+00
-1.014e+00
-1.014e+00
-1.014e+00
-1.013e+00
-1.013e+00
-1.013e+00
-1.013e+00
-1.013e+00
-1.013e+00
-1.013e+00
-1.013e+00
-1.013e+00
-1.013e+00
-1.013e+00
-1.013e+00
-1.013e+00
-1.013e+00
-1.013e+00
-1.013e+00
-1.013e+00
-1.013e+00
-1.013e+00
-1.013e+00
-1.013e+00
-1.013e+00
-1.013e+00
-1.013e+00
-1.013e+00
-1.013e+00
-1.013e+00
-1.013e+00
-1.013e+00
-1.013e+00
-1.013e+00
-1.013e+00
-1.013e+00
-1.013e+00
-1.013e+00
-1.013e+00
-1.013e+00
-1.013e+00
-1.013e+00
-1.013e+00
-1.013e+00
-1.013e+00
-1.013e+00
-1.013e+00
-1.013e+00
-1.013e+00
-1.013e+00
-1.013e+00
-1.013e+00
-1.013e+00
-1.013e+00
-1.013e+00
-1.013e+00
-1.013e+00
-1.013e+00
-1.013e+00
-1.013e+00
-1.013e+00
-1.013e+00
-1.013e+00
-1.013e+00
-1.013e+00
-1.013e+00
-1.013e+00
-1.013e+00
-1.013e+00
-1.013e+00
-1.013e+00
-1.013e+00
-1.013e+00
-1.013e+00
-1.013e+00
-1.013e+00
-1.013e+00
-1.013e+00
-1.013e+00
-1.013e+00
-1.013e+00
-1.013e+00
-1.013e+00
-1.013e+00
-1.013e+00
-1.013e+00
-1.013e+00
-1.013e+00
-1.013e+00
-1.013e+00
-1.013e+00
-1.013e+00
-1.013e+00
-1.013e+00
-1.013e+00
-1.013e+00
-1.013e+00
-1.013e+00
-1.013e+00
-1.013e+00
-1.013e+00
-1.013e+00
-1.013e+00
-1.013e+00
-1.013e+00
-1.013e+00
-1.013e+00
-1.013e+00
-1.013e+00
-1.013e+00
-1.013e+00
-1.013e+00
-1.013e+00
-1.013e+00
-1.013e+00
-1.013e+00
-1.013e+00
-1.013e+00
-1.013e+00
-1.013e+00
-1.013e+00
-1.013e+00
-1.013e+00
-1.013e+00
-1.013e+00
-1.013e+00
-1.013e+00
-1.013e+00
-1.013e+00
-1.013e+00
-1.013e+00
-1.013e+00
-1.013e+00
-1.013e+00
-1.013e+00
-1.013e+00
-1.013e+00
-1.013e+00
-1.013e+00
-1.013e+00
-1.013e+00
-1.013e+00
-1.013e+00
-1.013e+00
-1.013e+00
-1.013e+00
-1.013e+00
-1.013e+00
-1.013e+00
-1.013e+00
-1.013e+00
-1.013e+00
-1.013e+00
-1.013e+00
-1.013e+00
-1.013e+00
-1.013e+00
-1.013e+00
-1.013e+00
-1.013e+00
-1.013e+00
-1.013e+00
-1.013e+00
-1.013e+00
-1.013e+00
-1.013e+00
-1.013e+00
-1.013e+00
-1.013e+00
-1.013e+00
-1.013e+00
-1.013e+00
-1.013e+00
-1.013e+00
-1.013e+00
-1.013e+00
-1.013e+00
-1.013e+00
-1.013e+00
-1.013e+00
-1.013e+00
-1.013e+00
-1.013e+00
-1.013e+00
-1.013e+00
-1.013e+00
-1.013e+00
-1.013e+00
-1.013e+00
-1.013e+00
-1.013e+00
-1.013e+00
-1.013e+00
-1.013e+00
-1.013e+00
-1.013e+00
-1.013e+00
-1.013e+00
-1.013e+00
-1.013e+00
-1.013e+00
-1.013e+00
-1.013e+00
-1.013e+00
-1.013e+00
-1.013e+00
-1.013e+00
-1.013e+00
-1.013e+00
-1.013e+00
-1.013e+00
-1.013e+00
-1.013e+00
-1.013e+00
-1.013e+00
-1.013e+00
-1.013e+00
-1.013e+00
-1.013e+00
-1.013e+00
-1.013e+00
-1.013e+00
-1.013e+00
-1.013e+00
-1.013e+00
-1.013e+00
-1.013e+00
-1.013e+00
-1.013e+00
-1.013e+00
-1.013e+00
-1.013e+00
-1.013e+00
-1.013e+00
-1.013e+00
-1.013e+00
-1.013e+00
-1.013e+00
-1.013e+00
-1.013e+00
-1.013e+00
-1.013e+00
-1.013e+00
-1.013e+00
-1.013e+00
-1.013e+00
-1.013e+00
-1.013e+00
-1.013e+00
-1.013e+00
-1.013e+00
-1.013e+00
-1.013e+00
-1.013e+00
-1.013e+00
-1.013e+00
-1.013e+00
-1.013e+00
-1.013e+00
-1.013e+00
-1.013e+00
-1.013e+00
-1.013e+00
-1.013e+00
-1.013e+00
-1.013e+00
-1.013e+00
-1.013e+00
-1.013e+00
-1.013e+00
-1.013e+00
-1.013e+00
-1.013e+00
-1.013e+00
-1.013e+00
-1.013e+00
-1.013e+00
-1.013e+00
-1.013e+00
-1.013e+00
-1.013e+00
-1.013e+00
-1.013e+00
-1.013e+00
-1.013e+00
-1.013e+00
-1.013e+00
-1.013e+00
-1.013e+00
-1.013e+00
-1.013e+00
-1.013e+00
-1.013e+00
-1.013e+00
-1.013e+00
-1.013e+00
-1.013e+00
-1.013e+00
-1.013e+00
-1.013e+00
-1.013e+00
-1.013e+00
-1.013e+00
-1.013e+00
-1.013e+00
-1.013e+00
-1.013e+00
-1.013e+00
-1.013e+00
-1.013e+00
-1.013e+00
-1.013e+00
-1.012e+00
-1.012e+00
-1.013e+00
-1.013e+00
-1.013e+00
-1.013e+00
-1.013e+00
-1.013e+00
-1.013e+00
-1.013e+00
-1.013e+00
-1.013e+00
-1.013e+00
-1.013e+00
-1.013e+00
-1.013e+00
-1.013e+00
-1.013e+00
-1.013e+00
-1.013e+00
-1.012e+00
-1.012e+00
-1.012e+00
-1.013e+00
-1.013e+00
-1.013e+00
-1.013e+00
-1.013e+00
-1.013e+00
-1.013e+00
-1.013e+00
-1.013e+00
-1.013e+00
-1.013e+00
-1.013e+00
-1.013e+00
-1.013e+00
-1.013e+00
-1.013e+00
-1.012e+00
-1.012e+00
-1.012e+00
-1.012e+00
-1.012e+00
-1.013e+00
-1.013e+00
-1.013e+00
-1.013e+00
-1.013e+00
-1.013e+00
-1.013e+00
-1.013e+00
-1.013e+00
-1.013e+00
-1.013e+00
-1.013e+00
-1.013e+00
-1.012e+00
-1.012e+00
-1.012e+00
-1.012e+00
-1.012e+00
-1.012e+00
-1.012e+00
-1.012e+00
-1.013e+00
-1.013e+00
-1.013e+00
-1.013e+00
-1.013e+00
-1.013e+00
-1.013e+00
-1.013e+00
-1.013e+00
-1.013e+00
-1.012e+00
-1.012e+00
-1.012e+00
-1.012e+00
-1.012e+00
-1.012e+00
-1.012e+00
-1.012e+00
-1.012e+00
-1.012e+00
-1.012e+00
-1.013e+00
-1.013e+00
-1.013e+00
-1.013e+00
-1.013e+00
-1.013e+00
-1.013e+00
-1.012e+00
-1.012e+00
-1.012e+00
-1.012e+00
-1.012e+00
-1.012e+00
-1.012e+00
-1.012e+00
-1.012e+00
-1.012e+00
-1.012e+00
-1.012e+00
-1.012e+00
-1.012e+00
-1.013e+00
-1.013e+00
-1.013e+00
-1.013e+00
-1.012e+00
-1.012e+00
-1.012e+00
-1.012e+00
-1.012e+00
-1.012e+00
-1.012e+00
-1.012e+00
-1.012e+00
-1.012e+00
-1.012e+00
-1.012e+00
-1.012e+00
-1.012e+00
-1.012e+00
-1.012e+00
-1.012e+00
-1.013e+00
-1.013e+00
-1.012e+00
-1.012e+00
-1.012e+00
-1.012e+00
-1.012e+00
-1.012e+00
-1.012e+00
-1.012e+00
-1.012e+00
-1.012e+00
-1.012e+00
-1.012e+00
-1.012e+00
-1.012e+00
-1.012e+00
-1.012e+00
-1.012e+00
-1.012e+00
-1.012e+00
-1.012e+00
-1.012e+00
-1.012e+00
-1.012e+00
-1.012e+00
-1.012e+00
-1.012e+00
-1.012e+00
-1.012e+00
-1.012e+00
-1.012e+00
-1.012e+00
-1.012e+00
-1.012e+00
-1.012e+00
-1.012e+00
-1.012e+00
-1.012e+00
-1.012e+00
-1.012e+00
-1.012e+00
-1.012e+00
-1.012e+00
-1.012e+00
-1.012e+00
-1.012e+00
-1.012e+00
-1.012e+00
-1.012e+00
-1.012e+00
-1.012e+00
-1.012e+00
-1.012e+00
-1.012e+00
-1.012e+00
-1.012e+00
-1.012e+00
-1.012e+00
-1.012e+00
-1.012e+00
-1.012e+00
-1.012e+00
-1.012e+00
-1.012e+00
-1.012e+00
-1.012e+00
-1.012e+00
-1.012e+00
-1.012e+00
-1.012e+00
-1.012e+00
-1.012e+00
-1.012e+00
-1.012e+00
-1.012e+00
-1.012e+00
-1.012e+00
-1.012e+00
-1.012e+00
-1.012e+00
-1.012e+00
-1.012e+00
-1.012e+00
-1.012e+00
-1.012e+00
-1.012e+00
-1.012e+00
-1.012e+00
-1.012e+00
-1.012e+00
-1.012e+00
-1.012e+00
-1.012e+00
-1.012e+00
-1.012e+00
-1.012e+00
-1.012e+00
-1.012e+00
-1.012e+00
-1.012e+00
-1.012e+00
-1.011e+00
-1.011e+00
-1.011e+00
-1.012e+00
-1.011e+00
-1.011e+00
-1.011e+00
-1.011e+00
-1.011e+00
-1.011e+00
-1.011e+00
-1.011e+00
-1.011e+00
-1.011e+00
-1.011e+00
-1.011e+00
-1.011e+00
-1.011e+00
-1.011e+00
-1.011e+00
-1.011e+00
-1.011e+00
-1.011e+00
-1.010e+00
-1.012e+00
-1.011e+00
-1.011e+00
-1.011e+00
-1.011e+00
-1.011e+00
-1.011e+00
-1.011e+00
-1.011e+00
-1.011e+00
-1.011e+00
-1.011e+00
-1.011e+00
-1.011e+00
-1.011e+00
-1.011e+00
-1.011e+00
-1.011e+00
-1.011e+00
-1.011e+00
-1.010e+00
-1.012e+00
-1.011e+00
-1.011e+00
-1.011e+00
-1.011e+00
-1.011e+00
-1.011e+00
-1.011e+00
-1.011e+00
-1.011e+00
-1.011e+00
-1.011e+00
-1.011e+00
-1.011e+00
-1.011e+00
-1.011e+00
-1.011e+00
-1.011e+00
-1.011e+00
-1.011e+00
-1.010e+00
-1.012e+00
-1.011e+00
-1.011e+00
-1.011e+00
-1.011e+00
-1.011e+00
-1.011e+00
-1.011e+00
-1.011e+00
-1.011e+00
-1.011e+00
-1.011e+00
-1.011e+00
-1.011e+00
-1.011e+00
-1.011e+00
-1.011e+00
-1.011e+00
-1.011e+00
-1.011e+00
-1.010e+00
-1.012e+00
-1.011e+00
-1.011e+00
-1.011e+00
-1.011e+00
-1.011e+00
-1.011e+00
-1.011e+00
-1.011e+00
-1.011e+00
-1.011e+00
-1.011e+00
-1.011e+00
-1.011e+00
-1.011e+00
-1.011e+00
-1.011e+00
-1.011e+00
-1.011e+00
-1.011e+00
-1.010e+00
-1.012e+00
-1.011e+00
-1.011e+00
-1.011e+00
-1.011e+00
-1.011e+00
-1.011e+00
-1.011e+00
-1.011e+00
-1.011e+00
-1.011e+00
-1.011e+00
-1.011e+00
-1.011e+00
-1.011e+00
-1.011e+00
-1.011e+00
-1.011e+00
-1.011e+00
-1.011e+00
-1.010e+00
-1.012e+00
-1.011e+00
-1.011e+00
-1.011e+00
-1.011e+00
-1.011e+00
-1.011e+00
-1.011e+00
-1.011e+00
-1.011e+00
-1.011e+00
-1.011e+00
-1.011e+00
-1.011e+00
-1.011e+00
-1.011e+00
-1.011e+00
-1.011e+00
-1.011e+00
-1.011e+00
-1.010e+00
-1.011e+00
-1.011e+00
-1.011e+00
-1.011e+00
-1.011e+00
-1.011e+00
-1.011e+00
-1.011e+00
-1.011e+00
-1.011e+00
-1.011e+00
-1.011e+00
-1.011e+00
-1.011e+00
-1.011e+00
-1.011e+00
-1.011e+00
-1.011e+00
-1.011e+00
-1.011e+00
-1.010e+00
-1.011e+00
-1.011e+00
-1.011e+00
-1.011e+00
-1.011e+00
-1.011e+00
-1.011e+00
-1.011e+00
-1.011e+00
-1.011e+00
-1.011e+00
-1.011e+00
-1.011e+00
-1.011e+00
-1.011e+00
-1.011e+00
-1.011e+00
-1.011e+00
-1.011e+00
-1.011e+00
-1.010e+00
-1.011e+00
-1.011e+00
-1.011e+00
-1.011e+00
-1.011e+00
-1.011e+00
-1.011e+00
-1.011e+00
-1.011e+00
-1.011e+00
-1.011e+00
-1.011e+00
-1.011e+00
-1.011e+00
-1.011e+00
-1.011e+00
-1.011e+00
-1.011e+00
-1.011e+00
-1.011e+00
-1.010e+00
-1.011e+00
-1.011e+00
-1.011e+00
-1.011e+00
-1.011e+00
-1.011e+00
-1.011e+00
-1.011e+00
-1.011e+00
-1.011e+00
-1.011e+00
-1.011e+00
-1.011e+00
-1.011e+00
-1.011e+00
-1.011e+00
-1.011e+00
-1.011e+00
-1.011e+00
-1.011e+00
-1.010e+00
-1.011e+00
-1.011e+00
-1.011e+00
-1.011e+00
-1.011e+00
-1.011e+00
-1.011e+00
-1.011e+00
-1.011e+00
-1.011e+00
-1.011e+00
-1.011e+00
-1.011e+00
-1.011e+00
-1.011e+00
-1.011e+00
-1.011e+00
-1.011e+00
-1.011e+00
-1.011e+00
-1.010e+00
-1.011e+00
-1.011e+00
-1.011e+00
-1.011e+00
-1.011e+00
-1.011e+00
-1.011e+00
-1.011e+00
-1.011e+00
-1.011e+00
-1.011e+00
-1.011e+00
-1.011e+00
-1.011e+00
-1.011e+00
-1.011e+00
-1.011e+00
-1.011e+00
-1.011e+00
-1.011e+00
-1.010e+00
-1.011e+00
-1.011e+00
-1.011e+00
-1.011e+00
-1.011e+00
-1.011e+00
-1.011e+00
-1.011e+00
-1.011e+00
-1.011e+00
-1.011e+00
-1.011e+00
-1.011e+00
-1.011e+00
-1.011e+00
-1.011e+00
-1.011e+00
-1.011e+00
-1.011e+00
-1.011e+00
-1.010e+00
-1.011e+00
-1.011e+00
-1.011e+00
-1.011e+00
-1.011e+00
-1.011e+00
-1.011e+00
-1.011e+00
-1.011e+00
-1.011e+00
-1.011e+00
-1.011e+00
-1.011e+00
-1.011e+00
-1.011e+00
-1.011e+00
-1.011e+00
-1.011e+00
-1.011e+00
-1.011e+00
-1.010e+00
-1.011e+00
-1.011e+00
-1.011e+00
-1.011e+00
-1.011e+00
-1.011e+00
-1.011e+00
-1.011e+00
-1.011e+00
-1.011e+00
-1.011e+00
-1.011e+00
-1.011e+00
-1.011e+00
-1.011e+00
-1.011e+00
-1.011e+00
-1.011e+00
-1.011e+00
-1.011e+00
-1.010e+00
-1.011e+00
-1.011e+00
-1.011e+00
-1.011e+00
-1.011e+00
-1.011e+00
-1.011e+00
-1.011e+00
-1.011e+00
-1.011e+00
-1.011e+00
-1.011e+00
-1.011e+00
-1.011e+00
-1.011e+00
-1.011e+00
-1.011e+00
-1.011e+00
-1.011e+00
-1.011e+00
-1.010e+00
-1.011e+00
-1.011e+00
-1.011e+00
-1.011e+00
-1.011e+00
-1.011e+00
-1.011e+00
-1.011e+00
-1.011e+00
-1.011e+00
-1.011e+00
-1.011e+00
-1.011e+00
-1.011e+00
-1.011e+00
-1.011e+00
-1.011e+00
-1.011e+00
-1.011e+00
-1.011e+00
-1.010e+00
-1.011e+00
-1.011e+00
-1.011e+00
-1.011e+00
-1.011e+00
-1.011e+00
-1.011e+00
-1.011e+00
-1.011e+00
-1.011e+00
-1.011e+00
-1.011e+00
-1.011e+00
-1.011e+00
-1.011e+00
-1.011e+00
-1.011e+00
-1.011e+00
-1.011e+00
-1.011e+00
-1.010e+00
-1.011e+00
-1.010e+00
-1.010e+00
-1.010e+00
-1.010e+00
-1.010e+00
-1.010e+00
-1.010e+00
-1.010e+00
-1.010e+00
-1.010e+00
-1.010e+00
-1.010e+00
-1.010e+00
-1.010e+00
-1.010e+00
-1.010e+00
-1.010e+00
-1.010e+00
-1.010e+00
-1.009e+00
