1	0	INDP	IPOND
-1.358e+00
-1.250e+00
-1.248e+00
-1.248e+00
-1.249e+00
-1.248e+00
-1.248e+00
-1.248e+00
-1.248e+00
-1.248e+00
-1.248e+00
-1.248e+00
-1.248e+00
-1.248e+00
-1.249e+00
-1.248e+00
-1.248e+00
-1.250e+00
-1.253e+00
-1.232e+00
-1.058e+00
-1.252e+00
-1.084e+00
-1.081e+00
-1.081e+00
-1.081e+00
-1.081e+00
-1.081e+00
-1.081e+00
-1.081e+00
-1.081e+00
-1.081e+00
-1.081e+00
-1.081e+00
-1.081e+00
-1.081e+00
-1.081e+00
-1.081e+00
-1.080e+00
-1.084e+00
-1.068e+00
-9.492e-01
-1.252e+00
-1.082e+00
-1.078e+00
-1.078e+00
-1.079e+00
-1.079e+00
-1.079e+00
-1.079e+00
-1.079e+00
-1.079e+00
-1.079e+00
-1.078e+00
-1.079e+00
-1.079e+00
-1.079e+00
-1.078e+00
-1.078e+00
-1.078e+00
-1.082e+00
-1.065e+00
-9.459e-01
-1.252e+00
-1.082e+00
-1.079e+00
-1.079e+00
-1.079e+00
-1.079e+00
-1.078e+00
-1.079e+00
-1.079e+00
-1.078e+00
-1.079e+00
-1.079e+00
-1.079e+00
-1.078e+00
-1.078e+00
-1.078e+00
-1.078e+00
-1.078e+00
-1.082e+00
-1.063e+00
-9.457e-01
-1.251e+00
-1.082e+00
-1.079e+00
-1.079e+00
-1.079e+00
-1.079e+00
-1.079e+00
-1.079e+00
-1.078e+00
-1.079e+00
-1.078e+00
-1.079e+00
-1.078e+00
-1.079e+00
-1.078e+00
-1.077e+00
-1.078e+00
-1.077e+00
-1.080e+00
-1.062e+00
-9.455e-01
-1.252e+00
-1.083e+00
-1.079e+00
-1.078e+00
-1.079e+00
-1.078e+00
-1.078e+00
-1.078e+00
-1.079e+00
-1.078e+00
-1.079e+00
-1.078e+00
-1.077e+00
-1.077e+00
-1.077e+00
-1.076e+00
-1.076e+00
-1.076e+00
-1.079e+00
-1.059e+00
-9.446e-01
-1.251e+00
-1.082e+00
-1.079e+00
-1.078e+00
-1.078e+00
-1.078e+00
-1.078e+00
-1.078e+00
-1.078e+00
-1.078e+00
-1.078e+00
-1.077e+00
-1.077e+00
-1.077e+00
-1.076e+00
-1.076e+00
-1.076e+00
-1.075e+00
-1.078e+00
-1.057e+00
-9.438e-01
-1.251e+00
-1.082e+00
-1.078e+00
-1.078e+00
-1.078e+00
-1.078e+00
-1.078e+00
-1.077e+00
-1.078e+00
-1.077e+00
-1.077e+00
-1.076e+00
-1.076e+00
-1.076e+00
-1.076e+00
-1.075e+00
-1.074e+00
-1.073e+00
-1.076e+00
-1.053e+00
-9.423e-01
-1.252e+00
-1.081e+00
-1.078e+00
-1.078e+00
-1.077e+00
-1.078e+00
-1.078e+00
-1.077e+00
-1.077e+00
-1.077e+00
-1.076e+00
-1.076e+00
-1.075e+00
-1.075e+00
-1.074e+00
-1.073e+00
-1.072e+00
-1.071e+00
-1.074e+00
-1.049e+00
-9.414e-01
-1.251e+00
-1.082e+00
-1.078e+00
-1.078e+00
-1.077e+00
-1.077e+00
-1.077e+00
-1.076e+00
-1.076e+00
-1.076e+00
-1.075e+00
-1.074e+00
-1.073e+00
-1.073e+00
-1.072e+00
-1.071e+00
-1.069e+00
-1.068e+00
-1.072e+00
-1.042e+00
-9.392e-01
-1.251e+00
-1.081e+00
-1.077e+00
-1.076e+00
-1.076e+00
-1.076e+00
-1.076e+00
-1.075e+00
-1.075e+00
-1.074e+00
-1.074e+00
-1.073e+00
-1.072e+00
-1.070e+00
-1.069e+00
-1.068e+00
-1.066e+00
-1.064e+00
-1.068e+00
-1.037e+00
-9.375e-01
-1.251e+00
-1.080e+00
-1.076e+00
-1.077e+00
-1.076e+00
-1.076e+00
-1.074e+00
-1.073e+00
-1.073e+00
-1.072e+00
-1.071e+00
-1.070e+00
-1.069e+00
-1.068e+00
-1.066e+00
-1.065e+00
-1.062e+00
-1.061e+00
-1.064e+00
-1.031e+00
-9.355e-01
-1.251e+00
-1.080e+00
-1.076e+00
-1.075e+00
-1.075e+00
-1.073e+00
-1.073e+00
-1.072e+00
-1.070e+00
-1.069e+00
-1.069e+00
-1.067e+00
-1.066e+00
-1.064e+00
-1.063e+00
-1.061e+00
-1.058e+00
-1.057e+00
-1.061e+00
-1.025e+00
-9.331e-01
-1.249e+00
-1.078e+00
-1.074e+00
-1.073e+00
-1.072e+00
-1.071e+00
-1.070e+00
-1.069e+00
-1.068e+00
-1.066e+00
-1.065e+00
-1.063e+00
-1.063e+00
-1.060e+00
-1.059e+00
-1.057e+00
-1.055e+00
-1.054e+00
-1.055e+00
-1.019e+00
-9.313e-01
-1.249e+00
-1.077e+00
-1.073e+00
-1.071e+00
-1.069e+00
-1.068e+00
-1.067e+00
-1.066e+00
-1.064e+00
-1.063e+00
-1.061e+00
-1.059e+00
-1.057e+00
-1.056e+00
-1.055e+00
-1.054e+00
-1.051e+00
-1.048e+00
-1.051e+00
-1.019e+00
-9.318e-01
-1.247e+00
-1.075e+00
-1.069e+00
-1.068e+00
-1.065e+00
-1.064e+00
-1.062e+00
-1.060e+00
-1.059e+00
-1.057e+00
-1.057e+00
-1.056e+00
-1.055e+00
-1.052e+00
-1.050e+00
-1.047e+00
-1.046e+00
-1.047e+00
-1.051e+00
-1.018e+00
-9.311e-01
-1.244e+00
-1.071e+00
-1.065e+00
-1.063e+00
-1.061e+00
-1.059e+00
-1.058e+00
-1.056e+00
-1.055e+00
-1.053e+00
-1.051e+00
-1.049e+00
-1.047e+00
-1.046e+00
-1.046e+00
-1.046e+00
-1.046e+00
-1.045e+00
-1.050e+00
-1.017e+00
-9.313e-01
-1.240e+00
-1.067e+00
-1.060e+00
-1.059e+00
-1.057e+00
-1.054e+00
-1.052e+00
-1.050e+00
-1.048e+00
-1.046e+00
-1.047e+00
-1.047e+00
-1.046e+00
-1.046e+00
-1.046e+00
-1.046e+00
-1.045e+00
-1.045e+00
-1.051e+00
-1.016e+00
-9.307e-01
-1.246e+00
-1.068e+00
-1.059e+00
-1.055e+00
-1.054e+00
-1.051e+00
-1.051e+00
-1.051e+00
-1.051e+00
-1.051e+00
-1.051e+00
-1.051e+00
-1.050e+00
-1.050e+00
-1.050e+00
-1.049e+00
-1.049e+00
-1.049e+00
-1.055e+00
-1.017e+00
-9.304e-01
-1.196e+00
-1.023e+00
-1.018e+00
-1.017e+00
-1.018e+00
-1.017e+00
-1.017e+00
-1.017e+00
-1.016e+00
-1.016e+00
-1.016e+00
-1.015e+00
-1.015e+00
-1.015e+00
-1.015e+00
-1.015e+00
-1.014e+00
-1.014e+00
-1.016e+00
-9.816e-01
-9.246e-01
-1.005e+00
-9.345e-01
-9.324e-01
-9.322e-01
-9.320e-01
-9.316e-01
-9.318e-01
-9.315e-01
-9.316e-01
-9.315e-01
-9.315e-01
-9.316e-01
-9.319e-01
-9.314e-01
-9.311e-01
-9.310e-01
-9.307e-01
-9.309e-01
-9.311e-01
-9.256e-01
-9.145e-01
-1.325e+00
-1.230e+00
-1.229e+00
-1.229e+00
-1.230e+00
-1.228e+00
-1.228e+00
-1.228e+00
-1.228e+00
-1.228e+00
-1.228e+00
-1.228e+00
-1.228e+00
-1.228e+00
-1.229e+00
-1.228e+00
-1.228e+00
-1.230e+00
-1.234e+00
-1.215e+00
-1.054e+00
-1.232e+00
-1.080e+00
-1.077e+00
-1.077e+00
-1.077e+00
-1.077e+00
-1.077e+00
-1.077e+00
-1.077e+00
-1.077e+00
-1.077e+00
-1.077e+00
-1.077e+00
-1.077e+00
-1.077e+00
-1.077e+00
-1.077e+00
-1.076e+00
-1.080e+00
-1.064e+00
-9.534e-01
-1.232e+00
-1.078e+00
-1.074e+00
-1.074e+00
-1.075e+00
-1.075e+00
-1.075e+00
-1.075e+00
-1.075e+00
-1.075e+00
-1.074e+00
-1.074e+00
-1.075e+00
-1.075e+00
-1.075e+00
-1.074e+00
-1.074e+00
-1.074e+00
-1.078e+00
-1.061e+00
-9.496e-01
-1.232e+00
-1.078e+00
-1.075e+00
-1.075e+00
-1.075e+00
-1.075e+00
-1.074e+00
-1.075e+00
-1.075e+00
-1.074e+00
-1.075e+00
-1.075e+00
-1.074e+00
-1.074e+00
-1.074e+00
-1.074e+00
-1.074e+00
-1.074e+00
-1.078e+00
-1.059e+00
-9.493e-01
-1.232e+00
-1.078e+00
-1.074e+00
-1.074e+00
-1.075e+00
-1.075e+00
-1.075e+00
-1.075e+00
-1.074e+00
-1.074e+00
-1.074e+00
-1.075e+00
-1.074e+00
-1.075e+00
-1.074e+00
-1.073e+00
-1.073e+00
-1.073e+00
-1.076e+00
-1.058e+00
-9.492e-01
-1.232e+00
-1.079e+00
-1.075e+00
-1.074e+00
-1.075e+00
-1.074e+00
-1.074e+00
-1.074e+00
-1.074e+00
-1.074e+00
-1.075e+00
-1.074e+00
-1.073e+00
-1.073e+00
-1.073e+00
-1.072e+00
-1.072e+00
-1.072e+00
-1.075e+00
-1.055e+00
-9.482e-01
-1.232e+00
-1.078e+00
-1.074e+00
-1.074e+00
-1.074e+00
-1.074e+00
-1.074e+00
-1.074e+00
-1.074e+00
-1.074e+00
-1.074e+00
-1.073e+00
-1.073e+00
-1.073e+00
-1.072e+00
-1.072e+00
-1.071e+00
-1.071e+00
-1.074e+00
-1.053e+00
-9.473e-01
-1.231e+00
-1.078e+00
-1.074e+00
-1.074e+00
-1.074e+00
-1.074e+00
-1.074e+00
-1.073e+00
-1.074e+00
-1.073e+00
-1.073e+00
-1.072e+00
-1.072e+00
-1.072e+00
-1.071e+00
-1.071e+00
-1.070e+00
-1.069e+00
-1.072e+00
-1.048e+00
-9.458e-01
-1.232e+00
-1.077e+00
-1.074e+00
-1.074e+00
-1.073e+00
-1.074e+00
-1.074e+00
-1.073e+00
-1.073e+00
-1.072e+00
-1.072e+00
-1.072e+00
-1.071e+00
-1.071e+00
-1.069e+00
-1.069e+00
-1.068e+00
-1.066e+00
-1.070e+00
-1.044e+00
-9.448e-01
-1.231e+00
-1.078e+00
-1.074e+00
-1.073e+00
-1.073e+00
-1.072e+00
-1.073e+00
-1.072e+00
-1.072e+00
-1.071e+00
-1.071e+00
-1.069e+00
-1.069e+00
-1.069e+00
-1.068e+00
-1.066e+00
-1.065e+00
-1.064e+00
-1.067e+00
-1.038e+00
-9.425e-01
-1.232e+00
-1.077e+00
-1.073e+00
-1.072e+00
-1.072e+00
-1.072e+00
-1.072e+00
-1.071e+00
-1.071e+00
-1.070e+00
-1.070e+00
-1.069e+00
-1.068e+00
-1.066e+00
-1.065e+00
-1.064e+00
-1.062e+00
-1.060e+00
-1.063e+00
-1.033e+00
-9.407e-01
-1.231e+00
-1.076e+00
-1.072e+00
-1.073e+00
-1.072e+00
-1.071e+00
-1.070e+00
-1.069e+00
-1.069e+00
-1.068e+00
-1.067e+00
-1.066e+00
-1.064e+00
-1.064e+00
-1.062e+00
-1.060e+00
-1.058e+00
-1.056e+00
-1.060e+00
-1.027e+00
-9.386e-01
-1.231e+00
-1.076e+00
-1.071e+00
-1.071e+00
-1.071e+00
-1.069e+00
-1.068e+00
-1.068e+00
-1.066e+00
-1.065e+00
-1.064e+00
-1.063e+00
-1.061e+00
-1.060e+00
-1.059e+00
-1.056e+00
-1.054e+00
-1.052e+00
-1.057e+00
-1.020e+00
-9.360e-01
-1.229e+00
-1.074e+00
-1.070e+00
-1.069e+00
-1.068e+00
-1.067e+00
-1.066e+00
-1.064e+00
-1.063e+00
-1.062e+00
-1.061e+00
-1.059e+00
-1.058e+00
-1.056e+00
-1.055e+00
-1.052e+00
-1.050e+00
-1.049e+00
-1.050e+00
-1.015e+00
-9.342e-01
-1.229e+00
-1.073e+00
-1.068e+00
-1.067e+00
-1.065e+00
-1.064e+00
-1.063e+00
-1.061e+00
-1.060e+00
-1.059e+00
-1.056e+00
-1.055e+00
-1.053e+00
-1.052e+00
-1.051e+00
-1.049e+00
-1.046e+00
-1.043e+00
-1.046e+00
-1.014e+00
-9.347e-01
-1.227e+00
-1.070e+00
-1.064e+00
-1.063e+00
-1.061e+00
-1.060e+00
-1.058e+00
-1.056e+00
-1.055e+00
-1.053e+00
-1.052e+00
-1.051e+00
-1.050e+00
-1.047e+00
-1.045e+00
-1.043e+00
-1.041e+00
-1.042e+00
-1.047e+00
-1.013e+00
-9.340e-01
-1.225e+00
-1.066e+00
-1.061e+00
-1.058e+00
-1.056e+00
-1.055e+00
-1.054e+00
-1.052e+00
-1.051e+00
-1.049e+00
-1.047e+00
-1.045e+00
-1.042e+00
-1.041e+00
-1.042e+00
-1.041e+00
-1.041e+00
-1.041e+00
-1.046e+00
-1.012e+00
-9.341e-01
-1.220e+00
-1.062e+00
-1.056e+00
-1.054e+00
-1.052e+00
-1.050e+00
-1.047e+00
-1.045e+00
-1.043e+00
-1.041e+00
-1.042e+00
-1.042e+00
-1.041e+00
-1.041e+00
-1.041e+00
-1.041e+00
-1.040e+00
-1.040e+00
-1.046e+00
-1.011e+00
-9.335e-01
-1.227e+00
-1.064e+00
-1.055e+00
-1.051e+00
-1.049e+00
-1.047e+00
-1.046e+00
-1.046e+00
-1.046e+00
-1.046e+00
-1.046e+00
-1.046e+00
-1.046e+00
-1.045e+00
-1.045e+00
-1.045e+00
-1.044e+00
-1.044e+00
-1.050e+00
-1.012e+00
-9.331e-01
-1.179e+00
-1.019e+00
-1.013e+00
-1.012e+00
-1.013e+00
-1.013e+00
-1.013e+00
-1.012e+00
-1.011e+00
-1.011e+00
-1.011e+00
-1.011e+00
-1.010e+00
-1.010e+00
-1.010e+00
-1.010e+00
-1.009e+00
-1.009e+00
-1.011e+00
-9.767e-01
-9.271e-01
-1.000e+00
-9.378e-01
-9.352e-01
-9.350e-01
-9.348e-01
-9.344e-01
-9.346e-01
-9.343e-01
-9.343e-01
-9.343e-01
-9.342e-01
-9.344e-01
-9.347e-01
-9.342e-01
-9.339e-01
-9.338e-01
-9.334e-01
-9.336e-01
-9.338e-01
-9.282e-01
-9.199e-01
-1.274e+00
-1.206e+00
-1.205e+00
-1.205e+00
-1.206e+00
-1.205e+00
-1.205e+00
-1.205e+00
-1.205e+00
-1.205e+00
-1.205e+00
-1.205e+00
-1.205e+00
-1.205e+00
-1.205e+00
-1.205e+00
-1.205e+00
-1.206e+00
-1.210e+00
-1.193e+00
-1.065e+00
-1.208e+00
-1.093e+00
-1.090e+00
-1.090e+00
-1.089e+00
-1.089e+00
-1.089e+00
-1.089e+00
-1.089e+00
-1.089e+00
-1.089e+00
-1.089e+00
-1.089e+00
-1.089e+00
-1.089e+00
-1.089e+00
-1.089e+00
-1.088e+00
-1.092e+00
-1.076e+00
-9.869e-01
-1.209e+00
-1.090e+00
-1.086e+00
-1.086e+00
-1.087e+00
-1.086e+00
-1.087e+00
-1.086e+00
-1.086e+00
-1.086e+00
-1.086e+00
-1.086e+00
-1.086e+00
-1.087e+00
-1.087e+00
-1.085e+00
-1.086e+00
-1.085e+00
-1.090e+00
-1.072e+00
-9.820e-01
-1.208e+00
-1.091e+00
-1.087e+00
-1.086e+00
-1.086e+00
-1.086e+00
-1.086e+00
-1.087e+00
-1.087e+00
-1.086e+00
-1.087e+00
-1.086e+00
-1.086e+00
-1.086e+00
-1.086e+00
-1.086e+00
-1.085e+00
-1.085e+00
-1.089e+00
-1.069e+00
-9.815e-01
-1.208e+00
-1.090e+00
-1.086e+00
-1.086e+00
-1.087e+00
-1.086e+00
-1.087e+00
-1.087e+00
-1.086e+00
-1.086e+00
-1.085e+00
-1.087e+00
-1.086e+00
-1.086e+00
-1.086e+00
-1.085e+00
-1.085e+00
-1.085e+00
-1.087e+00
-1.068e+00
-9.814e-01
-1.208e+00
-1.091e+00
-1.087e+00
-1.086e+00
-1.086e+00
-1.086e+00
-1.086e+00
-1.085e+00
-1.086e+00
-1.086e+00
-1.086e+00
-1.085e+00
-1.085e+00
-1.085e+00
-1.084e+00
-1.084e+00
-1.083e+00
-1.083e+00
-1.086e+00
-1.065e+00
-9.801e-01
-1.208e+00
-1.090e+00
-1.086e+00
-1.086e+00
-1.086e+00
-1.086e+00
-1.086e+00
-1.085e+00
-1.085e+00
-1.085e+00
-1.085e+00
-1.085e+00
-1.084e+00
-1.084e+00
-1.084e+00
-1.083e+00
-1.083e+00
-1.083e+00
-1.085e+00
-1.063e+00
-9.789e-01
-1.208e+00
-1.091e+00
-1.085e+00
-1.086e+00
-1.085e+00
-1.086e+00
-1.085e+00
-1.084e+00
-1.085e+00
-1.084e+00
-1.084e+00
-1.083e+00
-1.084e+00
-1.083e+00
-1.083e+00
-1.082e+00
-1.081e+00
-1.079e+00
-1.083e+00
-1.057e+00
-9.769e-01
-1.209e+00
-1.090e+00
-1.086e+00
-1.086e+00
-1.085e+00
-1.085e+00
-1.085e+00
-1.084e+00
-1.084e+00
-1.084e+00
-1.084e+00
-1.083e+00
-1.082e+00
-1.082e+00
-1.080e+00
-1.080e+00
-1.078e+00
-1.077e+00
-1.080e+00
-1.053e+00
-9.756e-01
-1.207e+00
-1.090e+00
-1.085e+00
-1.085e+00
-1.085e+00
-1.084e+00
-1.084e+00
-1.083e+00
-1.083e+00
-1.082e+00
-1.082e+00
-1.080e+00
-1.080e+00
-1.080e+00
-1.078e+00
-1.077e+00
-1.075e+00
-1.074e+00
-1.077e+00
-1.046e+00
-9.724e-01
-1.208e+00
-1.090e+00
-1.085e+00
-1.084e+00
-1.083e+00
-1.083e+00
-1.083e+00
-1.082e+00
-1.082e+00
-1.081e+00
-1.081e+00
-1.080e+00
-1.078e+00
-1.076e+00
-1.075e+00
-1.074e+00
-1.071e+00
-1.069e+00
-1.072e+00
-1.039e+00
-9.699e-01
-1.207e+00
-1.088e+00
-1.084e+00
-1.084e+00
-1.083e+00
-1.083e+00
-1.081e+00
-1.080e+00
-1.079e+00
-1.078e+00
-1.077e+00
-1.076e+00
-1.074e+00
-1.073e+00
-1.071e+00
-1.069e+00
-1.066e+00
-1.065e+00
-1.068e+00
-1.033e+00
-9.672e-01
-1.207e+00
-1.088e+00
-1.083e+00
-1.082e+00
-1.082e+00
-1.080e+00
-1.079e+00
-1.078e+00
-1.076e+00
-1.075e+00
-1.074e+00
-1.072e+00
-1.070e+00
-1.069e+00
-1.067e+00
-1.064e+00
-1.062e+00
-1.060e+00
-1.064e+00
-1.025e+00
-9.637e-01
-1.205e+00
-1.086e+00
-1.081e+00
-1.080e+00
-1.079e+00
-1.077e+00
-1.076e+00
-1.074e+00
-1.073e+00
-1.071e+00
-1.070e+00
-1.068e+00
-1.067e+00
-1.064e+00
-1.063e+00
-1.060e+00
-1.058e+00
-1.056e+00
-1.056e+00
-1.019e+00
-9.612e-01
-1.205e+00
-1.085e+00
-1.079e+00
-1.077e+00
-1.075e+00
-1.074e+00
-1.072e+00
-1.070e+00
-1.069e+00
-1.067e+00
-1.065e+00
-1.062e+00
-1.060e+00
-1.059e+00
-1.058e+00
-1.056e+00
-1.052e+00
-1.049e+00
-1.052e+00
-1.019e+00
-9.616e-01
-1.202e+00
-1.081e+00
-1.074e+00
-1.073e+00
-1.070e+00
-1.069e+00
-1.066e+00
-1.064e+00
-1.063e+00
-1.060e+00
-1.060e+00
-1.058e+00
-1.057e+00
-1.053e+00
-1.051e+00
-1.048e+00
-1.047e+00
-1.048e+00
-1.052e+00
-1.017e+00
-9.608e-01
-1.199e+00
-1.076e+00
-1.070e+00
-1.067e+00
-1.064e+00
-1.063e+00
-1.061e+00
-1.059e+00
-1.058e+00
-1.055e+00
-1.053e+00
-1.051e+00
-1.048e+00
-1.047e+00
-1.048e+00
-1.046e+00
-1.046e+00
-1.046e+00
-1.051e+00
-1.016e+00
-9.610e-01
-1.194e+00
-1.072e+00
-1.064e+00
-1.062e+00
-1.060e+00
-1.056e+00
-1.053e+00
-1.051e+00
-1.049e+00
-1.047e+00
-1.048e+00
-1.048e+00
-1.046e+00
-1.047e+00
-1.046e+00
-1.047e+00
-1.046e+00
-1.046e+00
-1.052e+00
-1.015e+00
-9.603e-01
-1.200e+00
-1.072e+00
-1.061e+00
-1.057e+00
-1.055e+00
-1.053e+00
-1.051e+00
-1.052e+00
-1.051e+00
-1.051e+00
-1.052e+00
-1.052e+00
-1.051e+00
-1.051e+00
-1.050e+00
-1.050e+00
-1.049e+00
-1.049e+00
-1.055e+00
-1.016e+00
-9.597e-01
-1.152e+00
-1.023e+00
-1.017e+00
-1.016e+00
-1.017e+00
-1.017e+00
-1.017e+00
-1.016e+00
-1.015e+00
-1.015e+00
-1.015e+00
-1.014e+00
-1.014e+00
-1.014e+00
-1.014e+00
-1.014e+00
-1.013e+00
-1.013e+00
-1.014e+00
-9.791e-01
-9.529e-01
-1.004e+00
-9.658e-01
-9.620e-01
-9.617e-01
-9.616e-01
-9.609e-01
-9.614e-01
-9.609e-01
-9.610e-01
-9.609e-01
-9.608e-01
-9.610e-01
-9.615e-01
-9.607e-01
-9.603e-01
-9.602e-01
-9.597e-01
-9.600e-01
-9.601e-01
-9.539e-01
-9.554e-01
-1.301e+00
-1.261e+00
-1.260e+00
-1.260e+00
-1.261e+00
-1.260e+00
-1.260e+00
-1.260e+00
-1.260e+00
-1.260e+00
-1.260e+00
-1.260e+00
-1.260e+00
-1.260e+00
-1.261e+00
-1.260e+00
-1.260e+00
-1.262e+00
-1.263e+00
-1.241e+00
-1.161e+00
-1.263e+00
-1.196e+00
-1.192e+00
-1.192e+00
-1.192e+00
-1.192e+00
-1.192e+00
-1.192e+00
-1.192e+00
-1.192e+00
-1.192e+00
-1.192e+00
-1.192e+00
-1.191e+00
-1.192e+00
-1.192e+00
-1.192e+00
-1.190e+00
-1.194e+00
-1.173e+00
-1.133e+00
-1.264e+00
-1.194e+00
-1.187e+00
-1.187e+00
-1.189e+00
-1.188e+00
-1.188e+00
-1.188e+00
-1.188e+00
-1.188e+00
-1.188e+00
-1.188e+00
-1.189e+00
-1.190e+00
-1.188e+00
-1.186e+00
-1.188e+00
-1.186e+00
-1.190e+00
-1.167e+00
-1.127e+00
-1.263e+00
-1.194e+00
-1.188e+00
-1.188e+00
-1.188e+00
-1.188e+00
-1.188e+00
-1.189e+00
-1.189e+00
-1.187e+00
-1.188e+00
-1.188e+00
-1.188e+00
-1.187e+00
-1.186e+00
-1.187e+00
-1.185e+00
-1.186e+00
-1.189e+00
-1.163e+00
-1.125e+00
-1.263e+00
-1.193e+00
-1.188e+00
-1.188e+00
-1.189e+00
-1.188e+00
-1.188e+00
-1.188e+00
-1.187e+00
-1.187e+00
-1.186e+00
-1.188e+00
-1.187e+00
-1.187e+00
-1.186e+00
-1.184e+00
-1.185e+00
-1.184e+00
-1.185e+00
-1.160e+00
-1.124e+00
-1.264e+00
-1.194e+00
-1.189e+00
-1.187e+00
-1.188e+00
-1.187e+00
-1.187e+00
-1.186e+00
-1.187e+00
-1.187e+00
-1.187e+00
-1.185e+00
-1.184e+00
-1.185e+00
-1.183e+00
-1.182e+00
-1.181e+00
-1.181e+00
-1.182e+00
-1.155e+00
-1.120e+00
-1.263e+00
-1.193e+00
-1.188e+00
-1.187e+00
-1.187e+00
-1.187e+00
-1.187e+00
-1.185e+00
-1.186e+00
-1.186e+00
-1.185e+00
-1.184e+00
-1.184e+00
-1.183e+00
-1.182e+00
-1.181e+00
-1.179e+00
-1.180e+00
-1.178e+00
-1.151e+00
-1.116e+00
-1.262e+00
-1.194e+00
-1.187e+00
-1.187e+00
-1.186e+00
-1.186e+00
-1.186e+00
-1.184e+00
-1.185e+00
-1.183e+00
-1.183e+00
-1.181e+00
-1.182e+00
-1.181e+00
-1.179e+00
-1.176e+00
-1.176e+00
-1.172e+00
-1.173e+00
-1.140e+00
-1.109e+00
-1.263e+00
-1.192e+00
-1.187e+00
-1.187e+00
-1.184e+00
-1.185e+00
-1.184e+00
-1.184e+00
-1.183e+00
-1.182e+00
-1.181e+00
-1.180e+00
-1.179e+00
-1.177e+00
-1.175e+00
-1.172e+00
-1.170e+00
-1.166e+00
-1.166e+00
-1.131e+00
-1.104e+00
-1.260e+00
-1.193e+00
-1.186e+00
-1.185e+00
-1.184e+00
-1.182e+00
-1.183e+00
-1.182e+00
-1.180e+00
-1.179e+00
-1.178e+00
-1.174e+00
-1.173e+00
-1.173e+00
-1.169e+00
-1.166e+00
-1.162e+00
-1.160e+00
-1.160e+00
-1.118e+00
-1.094e+00
-1.261e+00
-1.192e+00
-1.184e+00
-1.182e+00
-1.181e+00
-1.181e+00
-1.180e+00
-1.177e+00
-1.177e+00
-1.175e+00
-1.175e+00
-1.172e+00
-1.170e+00
-1.165e+00
-1.163e+00
-1.159e+00
-1.152e+00
-1.149e+00
-1.148e+00
-1.106e+00
-1.085e+00
-1.260e+00
-1.188e+00
-1.183e+00
-1.182e+00
-1.180e+00
-1.179e+00
-1.176e+00
-1.173e+00
-1.172e+00
-1.170e+00
-1.166e+00
-1.163e+00
-1.160e+00
-1.157e+00
-1.153e+00
-1.149e+00
-1.143e+00
-1.139e+00
-1.138e+00
-1.092e+00
-1.076e+00
-1.258e+00
-1.187e+00
-1.180e+00
-1.178e+00
-1.176e+00
-1.174e+00
-1.171e+00
-1.170e+00
-1.165e+00
-1.162e+00
-1.160e+00
-1.155e+00
-1.151e+00
-1.147e+00
-1.144e+00
-1.138e+00
-1.133e+00
-1.129e+00
-1.127e+00
-1.078e+00
-1.065e+00
-1.255e+00
-1.183e+00
-1.176e+00
-1.172e+00
-1.171e+00
-1.167e+00
-1.164e+00
-1.160e+00
-1.157e+00
-1.153e+00
-1.150e+00
-1.145e+00
-1.144e+00
-1.138e+00
-1.134e+00
-1.128e+00
-1.123e+00
-1.117e+00
-1.114e+00
-1.067e+00
-1.058e+00
-1.252e+00
-1.180e+00
-1.172e+00
-1.167e+00
-1.163e+00
-1.160e+00
-1.155e+00
-1.151e+00
-1.148e+00
-1.144e+00
-1.138e+00
-1.134e+00
-1.129e+00
-1.126e+00
-1.122e+00
-1.119e+00
-1.112e+00
-1.106e+00
-1.106e+00
-1.067e+00
-1.058e+00
-1.246e+00
-1.172e+00
-1.161e+00
-1.157e+00
-1.151e+00
-1.148e+00
-1.143e+00
-1.138e+00
-1.135e+00
-1.129e+00
-1.127e+00
-1.124e+00
-1.120e+00
-1.113e+00
-1.110e+00
-1.104e+00
-1.102e+00
-1.103e+00
-1.106e+00
-1.064e+00
-1.056e+00
-1.239e+00
-1.161e+00
-1.152e+00
-1.145e+00
-1.138e+00
-1.134e+00
-1.131e+00
-1.125e+00
-1.122e+00
-1.117e+00
-1.113e+00
-1.108e+00
-1.104e+00
-1.101e+00
-1.103e+00
-1.099e+00
-1.100e+00
-1.099e+00
-1.104e+00
-1.061e+00
-1.056e+00
-1.228e+00
-1.150e+00
-1.138e+00
-1.132e+00
-1.126e+00
-1.119e+00
-1.114e+00
-1.110e+00
-1.106e+00
-1.102e+00
-1.103e+00
-1.103e+00
-1.100e+00
-1.101e+00
-1.099e+00
-1.100e+00
-1.099e+00
-1.098e+00
-1.104e+00
-1.059e+00
-1.054e+00
-1.224e+00
-1.139e+00
-1.124e+00
-1.116e+00
-1.112e+00
-1.108e+00
-1.105e+00
-1.106e+00
-1.104e+00
-1.104e+00
-1.104e+00
-1.105e+00
-1.103e+00
-1.102e+00
-1.102e+00
-1.101e+00
-1.100e+00
-1.100e+00
-1.106e+00
-1.059e+00
-1.052e+00
-1.161e+00
-1.072e+00
-1.065e+00
-1.062e+00
-1.062e+00
-1.063e+00
-1.062e+00
-1.061e+00
-1.059e+00
-1.059e+00
-1.059e+00
-1.058e+00
-1.056e+00
-1.057e+00
-1.057e+00
-1.057e+00
-1.055e+00
-1.055e+00
-1.055e+00
-1.016e+00
-1.042e+00
-1.050e+00
-1.063e+00
-1.057e+00
-1.055e+00
-1.055e+00
-1.053e+00
-1.054e+00
-1.053e+00
-1.053e+00
-1.053e+00
-1.053e+00
-1.053e+00
-1.054e+00
-1.052e+00
-1.051e+00
-1.050e+00
-1.049e+00
-1.050e+00
-1.049e+00
-1.042e+00
-1.072e+00
-1.599e+00
-1.589e+00
-1.588e+00
-1.588e+00
-1.589e+00
-1.588e+00
-1.588e+00
-1.588e+00
-1.589e+00
-1.587e+00
-1.587e+00
-1.585e+00
-1.586e+00
-1.586e+00
-1.588e+00
-1.587e+00
-1.586e+00
-1.588e+00
-1.582e+00
-1.537e+00
-1.498e+00
-1.590e+00
-1.582e+00
-1.586e+00
-1.587e+00
-1.587e+00
-1.586e+00
-1.585e+00
-1.587e+00
-1.588e+00
-1.584e+00
-1.584e+00
-1.584e+00
-1.583e+00
-1.583e+00
-1.583e+00
-1.582e+00
-1.580e+00
-1.576e+00
-1.576e+00
-1.521e+00
-1.596e+00
-1.591e+00
-1.588e+00
-1.591e+00
-1.593e+00
-1.595e+00
-1.594e+00
-1.592e+00
-1.593e+00
-1.592e+00
-1.592e+00
-1.591e+00
-1.590e+00
-1.592e+00
-1.591e+00
-1.589e+00
-1.581e+00
-1.584e+00
-1.581e+00
-1.577e+00
-1.515e+00
-1.617e+00
-1.588e+00
-1.587e+00
-1.592e+00
-1.596e+00
-1.594e+00
-1.593e+00
-1.592e+00
-1.593e+00
-1.591e+00
-1.587e+00
-1.589e+00
-1.588e+00
-1.588e+00
-1.584e+00
-1.580e+00
-1.576e+00
-1.574e+00
-1.570e+00
-1.563e+00
-1.497e+00
-1.592e+00
-1.589e+00
-1.588e+00
-1.591e+00
-1.592e+00
-1.594e+00
-1.590e+00
-1.591e+00
-1.589e+00
-1.586e+00
-1.584e+00
-1.582e+00
-1.582e+00
-1.578e+00
-1.575e+00
-1.571e+00
-1.565e+00
-1.564e+00
-1.556e+00
-1.543e+00
-1.473e+00
-1.562e+00
-1.589e+00
-1.588e+00
-1.591e+00
-1.588e+00
-1.588e+00
-1.587e+00
-1.584e+00
-1.581e+00
-1.582e+00
-1.578e+00
-1.578e+00
-1.569e+00
-1.565e+00
-1.562e+00
-1.555e+00
-1.548e+00
-1.543e+00
-1.536e+00
-1.520e+00
-1.440e+00
-1.512e+00
-1.587e+00
-1.583e+00
-1.587e+00
-1.585e+00
-1.584e+00
-1.582e+00
-1.578e+00
-1.575e+00
-1.572e+00
-1.569e+00
-1.565e+00
-1.560e+00
-1.553e+00
-1.548e+00
-1.540e+00
-1.532e+00
-1.520e+00
-1.510e+00
-1.486e+00
-1.399e+00
-1.449e+00
-1.586e+00
-1.581e+00
-1.582e+00
-1.582e+00
-1.575e+00
-1.575e+00
-1.571e+00
-1.564e+00
-1.564e+00
-1.556e+00
-1.553e+00
-1.544e+00
-1.538e+00
-1.529e+00
-1.516e+00
-1.504e+00
-1.486e+00
-1.468e+00
-1.443e+00
-1.339e+00
-1.365e+00
-1.584e+00
-1.574e+00
-1.578e+00
-1.576e+00
-1.567e+00
-1.565e+00
-1.561e+00
-1.553e+00
-1.549e+00
-1.541e+00
-1.534e+00
-1.524e+00
-1.513e+00
-1.500e+00
-1.484e+00
-1.466e+00
-1.444e+00
-1.420e+00
-1.393e+00
-1.274e+00
-1.274e+00
-1.579e+00
-1.573e+00
-1.570e+00
-1.564e+00
-1.559e+00
-1.551e+00
-1.546e+00
-1.538e+00
-1.527e+00
-1.518e+00
-1.506e+00
-1.492e+00
-1.478e+00
-1.463e+00
-1.444e+00
-1.418e+00
-1.393e+00
-1.366e+00
-1.332e+00
-1.195e+00
-1.159e+00
-1.573e+00
-1.561e+00
-1.559e+00
-1.549e+00
-1.543e+00
-1.534e+00
-1.524e+00
-1.511e+00
-1.501e+00
-1.487e+00
-1.476e+00
-1.458e+00
-1.438e+00
-1.416e+00
-1.392e+00
-1.363e+00
-1.330e+00
-1.302e+00
-1.266e+00
-1.120e+00
-1.050e+00
-1.565e+00
-1.546e+00
-1.545e+00
-1.538e+00
-1.523e+00
-1.511e+00
-1.495e+00
-1.478e+00
-1.460e+00
-1.445e+00
-1.423e+00
-1.403e+00
-1.381e+00
-1.361e+00
-1.330e+00
-1.299e+00
-1.267e+00
-1.235e+00
-1.198e+00
-1.038e+00
-9.401e-01
-1.553e+00
-1.529e+00
-1.521e+00
-1.507e+00
-1.492e+00
-1.472e+00
-1.455e+00
-1.436e+00
-1.413e+00
-1.393e+00
-1.371e+00
-1.347e+00
-1.319e+00
-1.295e+00
-1.269e+00
-1.235e+00
-1.201e+00
-1.167e+00
-1.129e+00
-9.593e-01
-8.342e-01
-1.536e+00
-1.502e+00
-1.489e+00
-1.467e+00
-1.448e+00
-1.424e+00
-1.400e+00
-1.378e+00
-1.357e+00
-1.332e+00
-1.305e+00
-1.280e+00
-1.259e+00
-1.230e+00
-1.203e+00
-1.169e+00
-1.134e+00
-1.101e+00
-1.067e+00
-9.109e-01
-7.688e-01
-1.512e+00
-1.465e+00
-1.445e+00
-1.417e+00
-1.390e+00
-1.366e+00
-1.338e+00
-1.311e+00
-1.288e+00
-1.264e+00
-1.235e+00
-1.208e+00
-1.183e+00
-1.157e+00
-1.130e+00
-1.102e+00
-1.073e+00
-1.047e+00
-1.038e+00
-8.990e-01
-7.523e-01
-1.474e+00
-1.407e+00
-1.380e+00
-1.349e+00
-1.314e+00
-1.291e+00
-1.261e+00
-1.232e+00
-1.208e+00
-1.181e+00
-1.158e+00
-1.134e+00
-1.110e+00
-1.084e+00
-1.063e+00
-1.042e+00
-1.032e+00
-1.027e+00
-1.029e+00
-8.891e-01
-7.374e-01
-1.428e+00
-1.336e+00
-1.306e+00
-1.269e+00
-1.232e+00
-1.201e+00
-1.174e+00
-1.145e+00
-1.123e+00
-1.100e+00
-1.080e+00
-1.060e+00
-1.041e+00
-1.030e+00
-1.031e+00
-1.020e+00
-1.017e+00
-1.014e+00
-1.016e+00
-8.729e-01
-7.275e-01
-1.371e+00
-1.250e+00
-1.211e+00
-1.174e+00
-1.141e+00
-1.109e+00
-1.085e+00
-1.064e+00
-1.047e+00
-1.035e+00
-1.035e+00
-1.029e+00
-1.022e+00
-1.019e+00
-1.014e+00
-1.014e+00
-1.007e+00
-1.005e+00
-1.013e+00
-8.640e-01
-7.076e-01
-1.300e+00
-1.143e+00
-1.106e+00
-1.073e+00
-1.055e+00
-1.040e+00
-1.030e+00
-1.028e+00
-1.024e+00
-1.020e+00
-1.019e+00
-1.016e+00
-1.012e+00
-1.009e+00
-1.006e+00
-1.002e+00
-9.966e-01
-9.962e-01
-1.003e+00
-8.495e-01
-6.821e-01
-1.106e+00
-9.004e-01
-8.894e-01
-8.760e-01
-8.728e-01
-8.722e-01
-8.672e-01
-8.645e-01
-8.575e-01
-8.556e-01
-8.525e-01
-8.488e-01
-8.445e-01
-8.449e-01
-8.439e-01
-8.399e-01
-8.333e-01
-8.308e-01
-8.263e-01
-6.996e-01
-5.828e-01
-8.241e-01
-7.038e-01
-7.119e-01
-6.962e-01
-6.917e-01
-6.788e-01
-6.823e-01
-6.745e-01
-6.760e-01
-6.687e-01
-6.683e-01
-6.708e-01
-6.711e-01
-6.570e-01
-6.518e-01
-6.482e-01
-6.409e-01
-6.404e-01
-6.321e-01
-5.546e-01
-5.783e-01
-3.021e+00
-3.551e+00
-3.570e+00
-3.572e+00
-3.571e+00
-3.566e+00
-3.566e+00
-3.574e+00
-3.575e+00
-3.571e+00
-3.571e+00
-3.561e+00
-3.567e+00
-3.568e+00
-3.560e+00
-3.560e+00
-3.568e+00
-3.562e+00
-3.521e+00
-3.901e+00
-5.180e+00
-3.554e+00
-4.644e+00
-4.703e+00
-4.706e+00
-4.712e+00
-4.704e+00
-4.707e+00
-4.710e+00
-4.711e+00
-4.696e+00
-4.699e+00
-4.702e+00
-4.681e+00
-4.681e+00
-4.680e+00
-4.679e+00
-4.693e+00
-4.657e+00
-4.665e+00
-5.009e+00
-6.348e+00
-3.578e+00
-4.709e+00
-4.737e+00
-4.740e+00
-4.743e+00
-4.726e+00
-4.725e+00
-4.736e+00
-4.735e+00
-4.743e+00
-4.737e+00
-4.739e+00
-4.746e+00
-4.736e+00
-4.742e+00
-4.726e+00
-4.748e+00
-4.712e+00
-4.710e+00
-5.060e+00
-6.434e+00
-3.573e+00
-4.714e+00
-4.726e+00
-4.732e+00
-4.739e+00
-4.738e+00
-4.738e+00
-4.744e+00
-4.735e+00
-4.729e+00
-4.735e+00
-4.745e+00
-4.736e+00
-4.740e+00
-4.721e+00
-4.727e+00
-4.721e+00
-4.714e+00
-4.677e+00
-5.044e+00
-6.426e+00
-3.569e+00
-4.708e+00
-4.735e+00
-4.744e+00
-4.745e+00
-4.736e+00
-4.736e+00
-4.735e+00
-4.731e+00
-4.737e+00
-4.740e+00
-4.720e+00
-4.723e+00
-4.720e+00
-4.708e+00
-4.702e+00
-4.709e+00
-4.680e+00
-4.636e+00
-4.996e+00
-6.409e+00
-3.576e+00
-4.680e+00
-4.739e+00
-4.740e+00
-4.730e+00
-4.742e+00
-4.728e+00
-4.735e+00
-4.723e+00
-4.726e+00
-4.724e+00
-4.695e+00
-4.694e+00
-4.698e+00
-4.688e+00
-4.672e+00
-4.654e+00
-4.647e+00
-4.623e+00
-4.955e+00
-6.366e+00
-3.562e+00
-4.686e+00
-4.732e+00
-4.731e+00
-4.736e+00
-4.723e+00
-4.718e+00
-4.712e+00
-4.721e+00
-4.723e+00
-4.706e+00
-4.704e+00
-4.669e+00
-4.677e+00
-4.678e+00
-4.661e+00
-4.639e+00
-4.611e+00
-4.563e+00
-4.892e+00
-6.329e+00
-3.569e+00
-4.678e+00
-4.735e+00
-4.721e+00
-4.723e+00
-4.722e+00
-4.709e+00
-4.696e+00
-4.703e+00
-4.684e+00
-4.677e+00
-4.657e+00
-4.661e+00
-4.646e+00
-4.621e+00
-4.614e+00
-4.580e+00
-4.549e+00
-4.473e+00
-4.787e+00
-6.256e+00
-3.562e+00
-4.684e+00
-4.725e+00
-4.727e+00
-4.714e+00
-4.704e+00
-4.696e+00
-4.684e+00
-4.681e+00
-4.679e+00
-4.663e+00
-4.646e+00
-4.621e+00
-4.594e+00
-4.573e+00
-4.550e+00
-4.523e+00
-4.453e+00
-4.379e+00
-4.685e+00
-6.149e+00
-3.561e+00
-4.673e+00
-4.724e+00
-4.702e+00
-4.692e+00
-4.681e+00
-4.665e+00
-4.657e+00
-4.644e+00
-4.623e+00
-4.606e+00
-4.591e+00
-4.578e+00
-4.535e+00
-4.504e+00
-4.460e+00
-4.432e+00
-4.354e+00
-4.250e+00
-4.542e+00
-6.030e+00
-3.527e+00
-4.656e+00
-4.694e+00
-4.677e+00
-4.666e+00
-4.648e+00
-4.644e+00
-4.616e+00
-4.595e+00
-4.570e+00
-4.552e+00
-4.533e+00
-4.497e+00
-4.461e+00
-4.410e+00
-4.355e+00
-4.299e+00
-4.248e+00
-4.124e+00
-4.383e+00
-5.905e+00
-3.509e+00
-4.636e+00
-4.683e+00
-4.665e+00
-4.636e+00
-4.623e+00
-4.591e+00
-4.574e+00
-4.532e+00
-4.503e+00
-4.470e+00
-4.431e+00
-4.394e+00
-4.355e+00
-4.297e+00
-4.242e+00
-4.179e+00
-4.105e+00
-3.976e+00
-4.204e+00
-5.722e+00
-3.482e+00
-4.608e+00
-4.630e+00
-4.611e+00
-4.592e+00
-4.550e+00
-4.534e+00
-4.494e+00
-4.461e+00
-4.429e+00
-4.368e+00
-4.342e+00
-4.285e+00
-4.247e+00
-4.181e+00
-4.115e+00
-4.038e+00
-3.976e+00
-3.835e+00
-4.035e+00
-5.590e+00
-3.449e+00
-4.564e+00
-4.571e+00
-4.555e+00
-4.525e+00
-4.461e+00
-4.428e+00
-4.393e+00
-4.353e+00
-4.289e+00
-4.247e+00
-4.205e+00
-4.160e+00
-4.112e+00
-4.040e+00
-3.981e+00
-3.901e+00
-3.853e+00
-3.714e+00
-3.945e+00
-5.476e+00
-3.384e+00
-4.510e+00
-4.505e+00
-4.455e+00
-4.419e+00
-4.361e+00
-4.312e+00
-4.252e+00
-4.214e+00
-4.168e+00
-4.115e+00
-4.043e+00
-4.013e+00
-3.953e+00
-3.898e+00
-3.850e+00
-3.785e+00
-3.729e+00
-3.672e+00
-3.929e+00
-5.443e+00
-3.305e+00
-4.404e+00
-4.395e+00
-4.338e+00
-4.269e+00
-4.228e+00
-4.157e+00
-4.110e+00
-4.033e+00
-4.011e+00
-3.956e+00
-3.906e+00
-3.860e+00
-3.803e+00
-3.759e+00
-3.725e+00
-3.718e+00
-3.689e+00
-3.630e+00
-3.892e+00
-5.439e+00
-3.207e+00
-4.263e+00
-4.236e+00
-4.174e+00
-4.103e+00
-4.032e+00
-3.984e+00
-3.927e+00
-3.886e+00
-3.850e+00
-3.802e+00
-3.769e+00
-3.725e+00
-3.722e+00
-3.718e+00
-3.693e+00
-3.685e+00
-3.664e+00
-3.612e+00
-3.861e+00
-5.385e+00
-3.041e+00
-4.066e+00
-4.036e+00
-3.967e+00
-3.895e+00
-3.848e+00
-3.801e+00
-3.771e+00
-3.727e+00
-3.716e+00
-3.714e+00
-3.692e+00
-3.684e+00
-3.683e+00
-3.662e+00
-3.662e+00
-3.653e+00
-3.646e+00
-3.595e+00
-3.847e+00
-5.354e+00
-2.804e+00
-3.797e+00
-3.779e+00
-3.720e+00
-3.683e+00
-3.671e+00
-3.645e+00
-3.636e+00
-3.630e+00
-3.629e+00
-3.605e+00
-3.607e+00
-3.602e+00
-3.598e+00
-3.588e+00
-3.590e+00
-3.563e+00
-3.564e+00
-3.526e+00
-3.775e+00
-5.303e+00
-2.913e+00
-3.878e+00
-3.922e+00
-3.890e+00
-3.891e+00
-3.873e+00
-3.880e+00
-3.857e+00
-3.855e+00
-3.829e+00
-3.826e+00
-3.822e+00
-3.822e+00
-3.816e+00
-3.820e+00
-3.822e+00
-3.791e+00
-3.793e+00
-3.741e+00
-3.956e+00
-5.420e+00
-3.988e+00
-5.298e+00
-5.401e+00
-5.383e+00
-5.378e+00
-5.353e+00
-5.346e+00
-5.358e+00
-5.354e+00
-5.346e+00
-5.345e+00
-5.351e+00
-5.346e+00
-5.333e+00
-5.321e+00
-5.310e+00
-5.298e+00
-5.281e+00
-5.274e+00
-5.379e+00
-6.270e+00
-8.417e+00
-7.755e+00
-7.758e+00
-7.743e+00
-7.742e+00
-7.743e+00
-7.731e+00
-7.731e+00
-7.731e+00
-7.728e+00
-7.728e+00
-7.732e+00
-7.738e+00
-7.734e+00
-7.760e+00
-7.741e+00
-7.728e+00
-7.760e+00
-7.734e+00
-7.730e+00
-6.670e+00
-7.731e+00
-6.700e+00
-6.718e+00
-6.710e+00
-6.710e+00
-6.700e+00
-6.710e+00
-6.718e+00
-6.710e+00
-6.710e+00
-6.704e+00
-6.710e+00
-6.704e+00
-6.703e+00
-6.707e+00
-6.710e+00
-6.694e+00
-6.701e+00
-6.690e+00
-6.680e+00
-5.973e+00
-7.728e+00
-6.700e+00
-6.710e+00
-6.707e+00
-6.710e+00
-6.710e+00
-6.706e+00
-6.708e+00
-6.714e+00
-6.718e+00
-6.707e+00
-6.707e+00
-6.703e+00
-6.717e+00
-6.705e+00
-6.720e+00
-6.699e+00
-6.699e+00
-6.694e+00
-6.673e+00
-5.991e+00
-7.737e+00
-6.710e+00
-6.710e+00
-6.707e+00
-6.707e+00
-6.714e+00
-6.718e+00
-6.717e+00
-6.707e+00
-6.710e+00
-6.718e+00
-6.705e+00
-6.718e+00
-6.714e+00
-6.708e+00
-6.719e+00
-6.707e+00
-6.708e+00
-6.685e+00
-6.673e+00
-6.001e+00
-7.759e+00
-6.710e+00
-6.710e+00
-6.718e+00
-6.717e+00
-6.707e+00
-6.710e+00
-6.718e+00
-6.705e+00
-6.718e+00
-6.709e+00
-6.720e+00
-6.706e+00
-6.707e+00
-6.710e+00
-6.699e+00
-6.712e+00
-6.704e+00
-6.687e+00
-6.676e+00
-5.995e+00
-7.724e+00
-6.704e+00
-6.717e+00
-6.717e+00
-6.717e+00
-6.713e+00
-6.722e+00
-6.712e+00
-6.703e+00
-6.714e+00
-6.707e+00
-6.707e+00
-6.712e+00
-6.713e+00
-6.717e+00
-6.716e+00
-6.697e+00
-6.705e+00
-6.680e+00
-6.652e+00
-5.992e+00
-7.752e+00
-6.700e+00
-6.717e+00
-6.708e+00
-6.726e+00
-6.699e+00
-6.710e+00
-6.704e+00
-6.707e+00
-6.706e+00
-6.709e+00
-6.719e+00
-6.719e+00
-6.702e+00
-6.711e+00
-6.706e+00
-6.698e+00
-6.708e+00
-6.673e+00
-6.640e+00
-5.987e+00
-7.755e+00
-6.708e+00
-6.708e+00
-6.706e+00
-6.714e+00
-6.715e+00
-6.714e+00
-6.711e+00
-6.707e+00
-6.705e+00
-6.703e+00
-6.708e+00
-6.712e+00
-6.698e+00
-6.686e+00
-6.688e+00
-6.698e+00
-6.685e+00
-6.663e+00
-6.635e+00
-5.984e+00
-7.734e+00
-6.695e+00
-6.712e+00
-6.702e+00
-6.711e+00
-6.709e+00
-6.702e+00
-6.707e+00
-6.707e+00
-6.717e+00
-6.715e+00
-6.690e+00
-6.681e+00
-6.705e+00
-6.692e+00
-6.693e+00
-6.681e+00
-6.661e+00
-6.626e+00
-6.605e+00
-5.972e+00
-7.744e+00
-6.704e+00
-6.706e+00
-6.701e+00
-6.718e+00
-6.718e+00
-6.708e+00
-6.723e+00
-6.698e+00
-6.689e+00
-6.705e+00
-6.695e+00
-6.681e+00
-6.678e+00
-6.672e+00
-6.660e+00
-6.657e+00
-6.644e+00
-6.615e+00
-6.582e+00
-5.979e+00
-7.738e+00
-6.707e+00
-6.721e+00
-6.699e+00
-6.714e+00
-6.708e+00
-6.675e+00
-6.698e+00
-6.692e+00
-6.698e+00
-6.695e+00
-6.679e+00
-6.669e+00
-6.665e+00
-6.655e+00
-6.647e+00
-6.637e+00
-6.623e+00
-6.579e+00
-6.563e+00
-5.977e+00
-7.757e+00
-6.697e+00
-6.703e+00
-6.706e+00
-6.704e+00
-6.692e+00
-6.697e+00
-6.681e+00
-6.679e+00
-6.686e+00
-6.672e+00
-6.658e+00
-6.653e+00
-6.640e+00
-6.637e+00
-6.621e+00
-6.612e+00
-6.591e+00
-6.527e+00
-6.532e+00
-5.954e+00
-7.718e+00
-6.709e+00
-6.709e+00
-6.687e+00
-6.681e+00
-6.683e+00
-6.681e+00
-6.668e+00
-6.665e+00
-6.657e+00
-6.647e+00
-6.644e+00
-6.640e+00
-6.642e+00
-6.612e+00
-6.590e+00
-6.584e+00
-6.566e+00
-6.503e+00
-6.511e+00
-5.956e+00
-7.720e+00
-6.683e+00
-6.694e+00
-6.682e+00
-6.677e+00
-6.671e+00
-6.655e+00
-6.663e+00
-6.631e+00
-6.640e+00
-6.643e+00
-6.626e+00
-6.605e+00
-6.604e+00
-6.599e+00
-6.550e+00
-6.552e+00
-6.533e+00
-6.498e+00
-6.484e+00
-5.952e+00
-7.682e+00
-6.681e+00
-6.672e+00
-6.669e+00
-6.651e+00
-6.646e+00
-6.631e+00
-6.635e+00
-6.604e+00
-6.605e+00
-6.597e+00
-6.589e+00
-6.573e+00
-6.559e+00
-6.569e+00
-6.544e+00
-6.530e+00
-6.517e+00
-6.464e+00
-6.480e+00
-5.950e+00
-7.652e+00
-6.648e+00
-6.654e+00
-6.637e+00
-6.631e+00
-6.603e+00
-6.604e+00
-6.588e+00
-6.587e+00
-6.573e+00
-6.559e+00
-6.545e+00
-6.541e+00
-6.534e+00
-6.529e+00
-6.512e+00
-6.505e+00
-6.503e+00
-6.479e+00
-6.476e+00
-5.947e+00
-7.602e+00
-6.630e+00
-6.617e+00
-6.614e+00
-6.588e+00
-6.584e+00
-6.587e+00
-6.572e+00
-6.561e+00
-6.544e+00
-6.540e+00
-6.529e+00
-6.515e+00
-6.509e+00
-6.499e+00
-6.519e+00
-6.510e+00
-6.502e+00
-6.457e+00
-6.466e+00
-5.963e+00
-7.508e+00
-6.588e+00
-6.569e+00
-6.580e+00
-6.546e+00
-6.531e+00
-6.527e+00
-6.524e+00
-6.506e+00
-6.505e+00
-6.501e+00
-6.503e+00
-6.513e+00
-6.504e+00
-6.501e+00
-6.501e+00
-6.482e+00
-6.487e+00
-6.454e+00
-6.455e+00
-5.951e+00
-7.374e+00
-6.497e+00
-6.510e+00
-6.490e+00
-6.471e+00
-6.465e+00
-6.463e+00
-6.471e+00
-6.472e+00
-6.457e+00
-6.446e+00
-6.458e+00
-6.462e+00
-6.460e+00
-6.463e+00
-6.455e+00
-6.434e+00
-6.441e+00
-6.394e+00
-6.403e+00
-5.945e+00
-7.320e+00
-6.463e+00
-6.481e+00
-6.463e+00
-6.477e+00
-6.465e+00
-6.462e+00
-6.458e+00
-6.448e+00
-6.473e+00
-6.457e+00
-6.441e+00
-6.439e+00
-6.443e+00
-6.443e+00
-6.449e+00
-6.449e+00
-6.431e+00
-6.400e+00
-6.415e+00
-5.955e+00
-6.419e+00
-5.938e+00
-5.961e+00
-5.950e+00
-5.954e+00
-5.933e+00
-5.941e+00
-5.954e+00
-5.955e+00
-5.941e+00
-5.948e+00
-5.946e+00
-5.946e+00
-5.942e+00
-5.938e+00
-5.936e+00
-5.940e+00
-5.949e+00
-5.940e+00
-5.960e+00
-5.767e+00
-4.855e+00
-4.863e+00
-4.859e+00
-4.859e+00
-4.865e+00
-4.863e+00
-4.865e+00
-4.865e+00
-4.866e+00
-4.862e+00
-4.863e+00
-4.861e+00
-4.861e+00
-4.862e+00
-4.865e+00
-4.871e+00
-4.873e+00
-4.873e+00
-4.881e+00
-4.875e+00
-4.875e+00
-4.859e+00
-4.857e+00
-4.866e+00
-4.865e+00
-4.863e+00
-4.863e+00
-4.863e+00
-4.864e+00
-4.865e+00
-4.856e+00
-4.858e+00
-4.863e+00
-4.865e+00
-4.867e+00
-4.863e+00
-4.871e+00
-4.875e+00
-4.874e+00
-4.876e+00
-4.882e+00
-4.876e+00
-4.860e+00
-4.865e+00
-4.856e+00
-4.856e+00
-4.858e+00
-4.856e+00
-4.858e+00
-4.860e+00
-4.860e+00
-4.863e+00
-4.860e+00
-4.867e+00
-4.869e+00
-4.869e+00
-4.873e+00
-4.881e+00
-4.882e+00
-4.883e+00
-4.883e+00
-4.890e+00
-4.887e+00
-4.862e+00
-4.864e+00
-4.856e+00
-4.861e+00
-4.860e+00
-4.860e+00
-4.857e+00
-4.860e+00
-4.863e+00
-4.871e+00
-4.875e+00
-4.873e+00
-4.878e+00
-4.880e+00
-4.878e+00
-4.882e+00
-4.887e+00
-4.886e+00
-4.889e+00
-4.891e+00
-4.888e+00
-4.863e+00
-4.863e+00
-4.868e+00
-4.865e+00
-4.868e+00
-4.863e+00
-4.871e+00
-4.872e+00
-4.870e+00
-4.876e+00
-4.878e+00
-4.883e+00
-4.888e+00
-4.888e+00
-4.891e+00
-4.890e+00
-4.890e+00
-4.896e+00
-4.898e+00
-4.900e+00
-4.897e+00
-4.864e+00
-4.865e+00
-4.860e+00
-4.867e+00
-4.872e+00
-4.877e+00
-4.879e+00
-4.875e+00
-4.882e+00
-4.883e+00
-4.884e+00
-4.884e+00
-4.894e+00
-4.896e+00
-4.889e+00
-4.892e+00
-4.895e+00
-4.905e+00
-4.905e+00
-4.905e+00
-4.899e+00
-4.871e+00
-4.869e+00
-4.869e+00
-4.870e+00
-4.879e+00
-4.885e+00
-4.886e+00
-4.882e+00
-4.887e+00
-4.891e+00
-4.888e+00
-4.895e+00
-4.894e+00
-4.896e+00
-4.902e+00
-4.906e+00
-4.904e+00
-4.902e+00
-4.905e+00
-4.911e+00
-4.909e+00
-4.873e+00
-4.873e+00
-4.881e+00
-4.881e+00
-4.883e+00
-4.886e+00
-4.886e+00
-4.882e+00
-4.896e+00
-4.895e+00
-4.892e+00
-4.899e+00
-4.904e+00
-4.902e+00
-4.905e+00
-4.906e+00
-4.906e+00
-4.910e+00
-4.914e+00
-4.908e+00
-4.912e+00
-4.881e+00
-4.878e+00
-4.881e+00
-4.891e+00
-4.890e+00
-4.888e+00
-4.893e+00
-4.891e+00
-4.896e+00
-4.902e+00
-4.900e+00
-4.899e+00
-4.904e+00
-4.904e+00
-4.908e+00
-4.913e+00
-4.917e+00
-4.916e+00
-4.912e+00
-4.915e+00
-4.921e+00
-4.889e+00
-4.892e+00
-4.891e+00
-4.886e+00
-4.885e+00
-4.895e+00
-4.898e+00
-4.904e+00
-4.902e+00
-4.902e+00
-4.899e+00
-4.905e+00
-4.910e+00
-4.909e+00
-4.918e+00
-4.916e+00
-4.916e+00
-4.921e+00
-4.915e+00
-4.917e+00
-4.924e+00
-4.899e+00
-4.887e+00
-4.889e+00
-4.893e+00
-4.897e+00
-4.905e+00
-4.899e+00
-4.903e+00
-4.903e+00
-4.910e+00
-4.906e+00
-4.916e+00
-4.912e+00
-4.909e+00
-4.921e+00
-4.920e+00
-4.920e+00
-4.918e+00
-4.924e+00
-4.931e+00
-4.921e+00
-4.894e+00
-4.893e+00
-4.897e+00
-4.906e+00
-4.904e+00
-4.901e+00
-4.905e+00
-4.910e+00
-4.914e+00
-4.917e+00
-4.912e+00
-4.919e+00
-4.918e+00
-4.912e+00
-4.924e+00
-4.921e+00
-4.916e+00
-4.919e+00
-4.925e+00
-4.925e+00
-4.927e+00
-4.906e+00
-4.904e+00
-4.901e+00
-4.899e+00
-4.906e+00
-4.908e+00
-4.913e+00
-4.918e+00
-4.909e+00
-4.922e+00
-4.917e+00
-4.922e+00
-4.922e+00
-4.919e+00
-4.925e+00
-4.931e+00
-4.929e+00
-4.928e+00
-4.928e+00
-4.928e+00
-4.933e+00
-4.908e+00
-4.900e+00
-4.910e+00
-4.912e+00
-4.916e+00
-4.915e+00
-4.908e+00
-4.923e+00
-4.916e+00
-4.924e+00
-4.921e+00
-4.921e+00
-4.927e+00
-4.920e+00
-4.927e+00
-4.924e+00
-4.919e+00
-4.927e+00
-4.932e+00
-4.929e+00
-4.934e+00
-4.917e+00
-4.912e+00
-4.909e+00
-4.909e+00
-4.913e+00
-4.923e+00
-4.915e+00
-4.924e+00
-4.919e+00
-4.927e+00
-4.919e+00
-4.919e+00
-4.924e+00
-4.923e+00
-4.929e+00
-4.931e+00
-4.928e+00
-4.934e+00
-4.934e+00
-4.936e+00
-4.938e+00
-4.909e+00
-4.914e+00
-4.921e+00
-4.920e+00
-4.916e+00
-4.920e+00
-4.927e+00
-4.919e+00
-4.919e+00
-4.925e+00
-4.923e+00
-4.926e+00
-4.926e+00
-4.926e+00
-4.931e+00
-4.935e+00
-4.928e+00
-4.934e+00
-4.931e+00
-4.933e+00
-4.936e+00
-4.917e+00
-4.917e+00
-4.919e+00
-4.925e+00
-4.919e+00
-4.922e+00
-4.927e+00
-4.933e+00
-4.931e+00
-4.926e+00
-4.932e+00
-4.935e+00
-4.935e+00
-4.934e+00
-4.936e+00
-4.932e+00
-4.933e+00
-4.934e+00
-4.930e+00
-4.924e+00
-4.932e+00
-4.923e+00
-4.916e+00
-4.917e+00
-4.927e+00
-4.927e+00
-4.925e+00
-4.925e+00
-4.933e+00
-4.935e+00
-4.933e+00
-4.937e+00
-4.934e+00
-4.931e+00
-4.932e+00
-4.934e+00
-4.931e+00
-4.933e+00
-4.934e+00
-4.932e+00
-4.934e+00
-4.945e+00
-4.923e+00
-4.928e+00
-4.930e+00
-4.929e+00
-4.930e+00
-4.925e+00
-4.932e+00
-4.929e+00
-4.934e+00
-4.929e+00
-4.928e+00
-4.930e+00
-4.936e+00
-4.934e+00
-4.931e+00
-4.933e+00
-4.935e+00
-4.928e+00
-4.934e+00
-4.932e+00
-4.940e+00
-4.921e+00
-4.926e+00
-4.929e+00
-4.927e+00
-4.936e+00
-4.931e+00
-4.937e+00
-4.935e+00
-4.935e+00
-4.935e+00
-4.932e+00
-4.940e+00
-4.937e+00
-4.929e+00
-4.933e+00
-4.937e+00
-4.939e+00
-4.930e+00
-4.941e+00
-4.937e+00
-4.939e+00
-4.930e+00
-4.937e+00
-4.942e+00
-4.943e+00
-4.941e+00
-4.942e+00
-4.945e+00
-4.940e+00
-4.940e+00
-4.938e+00
-4.948e+00
-4.942e+00
-4.945e+00
-4.939e+00
-4.937e+00
-4.942e+00
-4.947e+00
-4.940e+00
-4.949e+00
-4.938e+00
-4.949e+00
-4.267e+00
-4.051e+00
-4.051e+00
-4.054e+00
-4.059e+00
-4.059e+00
-4.067e+00
-4.066e+00
-4.069e+00
-4.068e+00
-4.071e+00
-4.082e+00
-4.075e+00
-4.083e+00
-4.079e+00
-4.086e+00
-4.083e+00
-4.091e+00
-4.091e+00
-4.088e+00
-3.778e+00
-4.051e+00
-3.738e+00
-3.744e+00
-3.745e+00
-3.749e+00
-3.756e+00
-3.757e+00
-3.757e+00
-3.761e+00
-3.762e+00
-3.765e+00
-3.765e+00
-3.766e+00
-3.769e+00
-3.768e+00
-3.774e+00
-3.776e+00
-3.772e+00
-3.778e+00
-3.784e+00
-3.567e+00
-4.058e+00
-3.749e+00
-3.752e+00
-3.752e+00
-3.757e+00
-3.757e+00
-3.761e+00
-3.763e+00
-3.763e+00
-3.768e+00
-3.765e+00
-3.772e+00
-3.771e+00
-3.774e+00
-3.779e+00
-3.778e+00
-3.781e+00
-3.785e+00
-3.781e+00
-3.790e+00
-3.574e+00
-4.069e+00
-3.756e+00
-3.758e+00
-3.760e+00
-3.760e+00
-3.761e+00
-3.767e+00
-3.765e+00
-3.764e+00
-3.772e+00
-3.776e+00
-3.779e+00
-3.777e+00
-3.775e+00
-3.781e+00
-3.782e+00
-3.785e+00
-3.789e+00
-3.791e+00
-3.791e+00
-3.575e+00
-4.072e+00
-3.761e+00
-3.763e+00
-3.764e+00
-3.766e+00
-3.770e+00
-3.770e+00
-3.771e+00
-3.773e+00
-3.773e+00
-3.780e+00
-3.780e+00
-3.781e+00
-3.785e+00
-3.787e+00
-3.787e+00
-3.792e+00
-3.793e+00
-3.795e+00
-3.796e+00
-3.583e+00
-4.077e+00
-3.766e+00
-3.765e+00
-3.767e+00
-3.771e+00
-3.777e+00
-3.778e+00
-3.779e+00
-3.781e+00
-3.782e+00
-3.783e+00
-3.786e+00
-3.791e+00
-3.791e+00
-3.793e+00
-3.797e+00
-3.796e+00
-3.797e+00
-3.802e+00
-3.804e+00
-3.587e+00
-4.085e+00
-3.770e+00
-3.769e+00
-3.773e+00
-3.778e+00
-3.782e+00
-3.781e+00
-3.780e+00
-3.787e+00
-3.786e+00
-3.788e+00
-3.792e+00
-3.794e+00
-3.793e+00
-3.796e+00
-3.799e+00
-3.802e+00
-3.804e+00
-3.804e+00
-3.809e+00
-3.592e+00
-4.090e+00
-3.779e+00
-3.776e+00
-3.782e+00
-3.782e+00
-3.784e+00
-3.784e+00
-3.787e+00
-3.789e+00
-3.792e+00
-3.797e+00
-3.796e+00
-3.799e+00
-3.799e+00
-3.800e+00
-3.800e+00
-3.804e+00
-3.809e+00
-3.808e+00
-3.812e+00
-3.595e+00
-4.097e+00
-3.778e+00
-3.780e+00
-3.785e+00
-3.786e+00
-3.788e+00
-3.794e+00
-3.793e+00
-3.793e+00
-3.796e+00
-3.801e+00
-3.800e+00
-3.803e+00
-3.803e+00
-3.807e+00
-3.809e+00
-3.809e+00
-3.813e+00
-3.816e+00
-3.818e+00
-3.602e+00
-4.101e+00
-3.784e+00
-3.787e+00
-3.787e+00
-3.790e+00
-3.797e+00
-3.794e+00
-3.799e+00
-3.799e+00
-3.796e+00
-3.803e+00
-3.805e+00
-3.805e+00
-3.810e+00
-3.809e+00
-3.813e+00
-3.814e+00
-3.814e+00
-3.820e+00
-3.818e+00
-3.603e+00
-4.109e+00
-3.787e+00
-3.793e+00
-3.794e+00
-3.798e+00
-3.797e+00
-3.797e+00
-3.803e+00
-3.803e+00
-3.805e+00
-3.810e+00
-3.810e+00
-3.812e+00
-3.812e+00
-3.818e+00
-3.814e+00
-3.818e+00
-3.818e+00
-3.823e+00
-3.822e+00
-3.604e+00
-4.109e+00
-3.791e+00
-3.797e+00
-3.800e+00
-3.802e+00
-3.801e+00
-3.805e+00
-3.805e+00
-3.807e+00
-3.809e+00
-3.810e+00
-3.818e+00
-3.813e+00
-3.818e+00
-3.817e+00
-3.820e+00
-3.820e+00
-3.822e+00
-3.826e+00
-3.828e+00
-3.609e+00
-4.120e+00
-3.800e+00
-3.802e+00
-3.800e+00
-3.804e+00
-3.810e+00
-3.808e+00
-3.813e+00
-3.814e+00
-3.814e+00
-3.819e+00
-3.815e+00
-3.821e+00
-3.819e+00
-3.820e+00
-3.820e+00
-3.824e+00
-3.827e+00
-3.827e+00
-3.831e+00
-3.610e+00
-4.119e+00
-3.803e+00
-3.805e+00
-3.809e+00
-3.809e+00
-3.810e+00
-3.813e+00
-3.817e+00
-3.817e+00
-3.817e+00
-3.819e+00
-3.821e+00
-3.820e+00
-3.822e+00
-3.825e+00
-3.827e+00
-3.824e+00
-3.830e+00
-3.830e+00
-3.837e+00
-3.614e+00
-4.128e+00
-3.807e+00
-3.809e+00
-3.812e+00
-3.816e+00
-3.814e+00
-3.818e+00
-3.814e+00
-3.820e+00
-3.823e+00
-3.823e+00
-3.824e+00
-3.825e+00
-3.823e+00
-3.825e+00
-3.832e+00
-3.831e+00
-3.835e+00
-3.837e+00
-3.833e+00
-3.615e+00
-4.132e+00
-3.811e+00
-3.814e+00
-3.814e+00
-3.818e+00
-3.820e+00
-3.823e+00
-3.822e+00
-3.823e+00
-3.825e+00
-3.824e+00
-3.824e+00
-3.825e+00
-3.824e+00
-3.828e+00
-3.833e+00
-3.835e+00
-3.831e+00
-3.833e+00
-3.835e+00
-3.614e+00
-4.135e+00
-3.819e+00
-3.820e+00
-3.820e+00
-3.823e+00
-3.824e+00
-3.824e+00
-3.826e+00
-3.829e+00
-3.830e+00
-3.831e+00
-3.826e+00
-3.833e+00
-3.835e+00
-3.836e+00
-3.832e+00
-3.837e+00
-3.832e+00
-3.835e+00
-3.835e+00
-3.617e+00
-4.146e+00
-3.820e+00
-3.823e+00
-3.826e+00
-3.828e+00
-3.825e+00
-3.822e+00
-3.829e+00
-3.836e+00
-3.835e+00
-3.836e+00
-3.831e+00
-3.834e+00
-3.833e+00
-3.832e+00
-3.835e+00
-3.835e+00
-3.833e+00
-3.837e+00
-3.836e+00
-3.619e+00
-4.148e+00
-3.825e+00
-3.825e+00
-3.832e+00
-3.833e+00
-3.836e+00
-3.831e+00
-3.834e+00
-3.835e+00
-3.837e+00
-3.836e+00
-3.835e+00
-3.832e+00
-3.838e+00
-3.835e+00
-3.839e+00
-3.834e+00
-3.836e+00
-3.837e+00
-3.839e+00
-3.618e+00
-4.152e+00
-3.831e+00
-3.834e+00
-3.834e+00
-3.835e+00
-3.838e+00
-3.837e+00
-3.837e+00
-3.836e+00
-3.836e+00
-3.841e+00
-3.837e+00
-3.839e+00
-3.837e+00
-3.842e+00
-3.839e+00
-3.835e+00
-3.839e+00
-3.839e+00
-3.842e+00
-3.620e+00
-3.837e+00
-3.618e+00
-3.619e+00
-3.617e+00
-3.617e+00
-3.617e+00
-3.619e+00
-3.621e+00
-3.617e+00
-3.618e+00
-3.618e+00
-3.620e+00
-3.619e+00
-3.618e+00
-3.618e+00
-3.621e+00
-3.622e+00
-3.619e+00
-3.627e+00
-3.624e+00
-3.538e+00
-2.580e+00
-2.578e+00
-2.581e+00
-2.582e+00
-2.583e+00
-2.587e+00
-2.586e+00
-2.590e+00
-2.590e+00
-2.590e+00
-2.593e+00
-2.595e+00
-2.594e+00
-2.595e+00
-2.599e+00
-2.598e+00
-2.600e+00
-2.601e+00
-2.604e+00
-2.605e+00
-2.606e+00
-2.581e+00
-2.581e+00
-2.583e+00
-2.584e+00
-2.584e+00
-2.587e+00
-2.590e+00
-2.589e+00
-2.592e+00
-2.592e+00
-2.596e+00
-2.594e+00
-2.597e+00
-2.596e+00
-2.599e+00
-2.600e+00
-2.602e+00
-2.604e+00
-2.606e+00
-2.606e+00
-2.606e+00
-2.585e+00
-2.585e+00
-2.586e+00
-2.590e+00
-2.588e+00
-2.592e+00
-2.592e+00
-2.593e+00
-2.595e+00
-2.597e+00
-2.599e+00
-2.600e+00
-2.602e+00
-2.602e+00
-2.602e+00
-2.603e+00
-2.604e+00
-2.606e+00
-2.608e+00
-2.610e+00
-2.610e+00
-2.590e+00
-2.591e+00
-2.590e+00
-2.593e+00
-2.594e+00
-2.595e+00
-2.595e+00
-2.599e+00
-2.600e+00
-2.603e+00
-2.602e+00
-2.602e+00
-2.606e+00
-2.605e+00
-2.607e+00
-2.608e+00
-2.610e+00
-2.612e+00
-2.612e+00
-2.613e+00
-2.613e+00
-2.596e+00
-2.592e+00
-2.594e+00
-2.594e+00
-2.597e+00
-2.599e+00
-2.599e+00
-2.601e+00
-2.601e+00
-2.605e+00
-2.606e+00
-2.607e+00
-2.608e+00
-2.607e+00
-2.611e+00
-2.611e+00
-2.613e+00
-2.615e+00
-2.616e+00
-2.616e+00
-2.617e+00
-2.596e+00
-2.596e+00
-2.599e+00
-2.599e+00
-2.600e+00
-2.602e+00
-2.604e+00
-2.606e+00
-2.607e+00
-2.606e+00
-2.610e+00
-2.610e+00
-2.611e+00
-2.610e+00
-2.613e+00
-2.616e+00
-2.615e+00
-2.618e+00
-2.620e+00
-2.622e+00
-2.620e+00
-2.600e+00
-2.599e+00
-2.602e+00
-2.601e+00
-2.603e+00
-2.605e+00
-2.608e+00
-2.608e+00
-2.610e+00
-2.610e+00
-2.615e+00
-2.612e+00
-2.615e+00
-2.615e+00
-2.617e+00
-2.617e+00
-2.618e+00
-2.620e+00
-2.620e+00
-2.624e+00
-2.625e+00
-2.601e+00
-2.602e+00
-2.604e+00
-2.606e+00
-2.606e+00
-2.607e+00
-2.609e+00
-2.613e+00
-2.614e+00
-2.613e+00
-2.615e+00
-2.616e+00
-2.619e+00
-2.619e+00
-2.618e+00
-2.620e+00
-2.620e+00
-2.624e+00
-2.627e+00
-2.628e+00
-2.625e+00
-2.606e+00
-2.607e+00
-2.606e+00
-2.607e+00
-2.610e+00
-2.615e+00
-2.612e+00
-2.614e+00
-2.616e+00
-2.616e+00
-2.619e+00
-2.620e+00
-2.619e+00
-2.621e+00
-2.624e+00
-2.624e+00
-2.626e+00
-2.626e+00
-2.628e+00
-2.630e+00
-2.630e+00
-2.608e+00
-2.607e+00
-2.611e+00
-2.612e+00
-2.613e+00
-2.614e+00
-2.616e+00
-2.619e+00
-2.619e+00
-2.619e+00
-2.623e+00
-2.623e+00
-2.624e+00
-2.624e+00
-2.626e+00
-2.626e+00
-2.627e+00
-2.631e+00
-2.632e+00
-2.634e+00
-2.634e+00
-2.614e+00
-2.612e+00
-2.613e+00
-2.615e+00
-2.616e+00
-2.618e+00
-2.620e+00
-2.619e+00
-2.623e+00
-2.621e+00
-2.623e+00
-2.623e+00
-2.626e+00
-2.628e+00
-2.627e+00
-2.630e+00
-2.630e+00
-2.631e+00
-2.632e+00
-2.636e+00
-2.634e+00
-2.615e+00
-2.615e+00
-2.615e+00
-2.617e+00
-2.618e+00
-2.622e+00
-2.623e+00
-2.624e+00
-2.624e+00
-2.626e+00
-2.625e+00
-2.628e+00
-2.628e+00
-2.628e+00
-2.631e+00
-2.633e+00
-2.632e+00
-2.634e+00
-2.636e+00
-2.639e+00
-2.639e+00
-2.619e+00
-2.619e+00
-2.618e+00
-2.620e+00
-2.622e+00
-2.623e+00
-2.624e+00
-2.625e+00
-2.626e+00
-2.627e+00
-2.630e+00
-2.631e+00
-2.632e+00
-2.632e+00
-2.632e+00
-2.634e+00
-2.635e+00
-2.636e+00
-2.637e+00
-2.638e+00
-2.638e+00
-2.621e+00
-2.620e+00
-2.622e+00
-2.624e+00
-2.626e+00
-2.626e+00
-2.626e+00
-2.627e+00
-2.631e+00
-2.632e+00
-2.633e+00
-2.633e+00
-2.634e+00
-2.635e+00
-2.635e+00
-2.635e+00
-2.638e+00
-2.637e+00
-2.640e+00
-2.640e+00
-2.640e+00
-2.625e+00
-2.624e+00
-2.626e+00
-2.628e+00
-2.629e+00
-2.629e+00
-2.629e+00
-2.631e+00
-2.634e+00
-2.632e+00
-2.634e+00
-2.635e+00
-2.633e+00
-2.636e+00
-2.636e+00
-2.637e+00
-2.638e+00
-2.640e+00
-2.641e+00
-2.641e+00
-2.642e+00
-2.625e+00
-2.627e+00
-2.627e+00
-2.630e+00
-2.630e+00
-2.632e+00
-2.632e+00
-2.634e+00
-2.636e+00
-2.633e+00
-2.636e+00
-2.636e+00
-2.639e+00
-2.639e+00
-2.641e+00
-2.640e+00
-2.640e+00
-2.640e+00
-2.641e+00
-2.644e+00
-2.642e+00
-2.631e+00
-2.630e+00
-2.633e+00
-2.632e+00
-2.634e+00
-2.635e+00
-2.635e+00
-2.637e+00
-2.636e+00
-2.637e+00
-2.638e+00
-2.640e+00
-2.640e+00
-2.640e+00
-2.640e+00
-2.641e+00
-2.641e+00
-2.642e+00
-2.644e+00
-2.643e+00
-2.641e+00
-2.634e+00
-2.634e+00
-2.635e+00
-2.636e+00
-2.639e+00
-2.638e+00
-2.640e+00
-2.640e+00
-2.640e+00
-2.640e+00
-2.640e+00
-2.642e+00
-2.642e+00
-2.641e+00
-2.642e+00
-2.642e+00
-2.644e+00
-2.643e+00
-2.642e+00
-2.644e+00
-2.644e+00
-2.638e+00
-2.638e+00
-2.637e+00
-2.641e+00
-2.640e+00
-2.641e+00
-2.641e+00
-2.641e+00
-2.642e+00
-2.642e+00
-2.642e+00
-2.644e+00
-2.641e+00
-2.643e+00
-2.643e+00
-2.643e+00
-2.645e+00
-2.644e+00
-2.644e+00
-2.646e+00
-2.644e+00
-2.640e+00
-2.641e+00
-2.642e+00
-2.641e+00
-2.644e+00
-2.643e+00
-2.644e+00
-2.645e+00
-2.644e+00
-2.644e+00
-2.643e+00
-2.645e+00
-2.644e+00
-2.645e+00
-2.645e+00
-2.646e+00
-2.646e+00
-2.645e+00
-2.646e+00
-2.646e+00
-2.648e+00
-2.642e+00
-2.641e+00
-2.644e+00
-2.644e+00
-2.643e+00
-2.644e+00
-2.644e+00
-2.642e+00
-2.644e+00
-2.645e+00
-2.644e+00
-2.646e+00
-2.646e+00
-2.645e+00
-2.645e+00
-2.646e+00
-2.647e+00
-2.648e+00
-2.647e+00
-2.646e+00
-2.648e+00
-2.477e+00
-2.478e+00
-2.480e+00
-2.482e+00
-2.484e+00
-2.484e+00
-2.484e+00
-2.485e+00
-2.488e+00
-2.489e+00
-2.489e+00
-2.490e+00
-2.492e+00
-2.494e+00
-2.494e+00
-2.496e+00
-2.499e+00
-2.499e+00
-2.498e+00
-2.501e+00
-2.501e+00
-2.480e+00
-2.480e+00
-2.481e+00
-2.482e+00
-2.484e+00
-2.487e+00
-2.487e+00
-2.487e+00
-2.490e+00
-2.490e+00
-2.491e+00
-2.492e+00
-2.494e+00
-2.494e+00
-2.495e+00
-2.495e+00
-2.497e+00
-2.500e+00
-2.501e+00
-2.502e+00
-2.502e+00
-2.484e+00
-2.482e+00
-2.485e+00
-2.487e+00
-2.487e+00
-2.490e+00
-2.492e+00
-2.493e+00
-2.492e+00
-2.493e+00
-2.493e+00
-2.494e+00
-2.495e+00
-2.497e+00
-2.496e+00
-2.499e+00
-2.502e+00
-2.503e+00
-2.505e+00
-2.503e+00
-2.505e+00
-2.488e+00
-2.487e+00
-2.490e+00
-2.491e+00
-2.491e+00
-2.492e+00
-2.495e+00
-2.493e+00
-2.495e+00
-2.496e+00
-2.497e+00
-2.496e+00
-2.500e+00
-2.502e+00
-2.501e+00
-2.505e+00
-2.507e+00
-2.506e+00
-2.507e+00
-2.508e+00
-2.509e+00
-2.490e+00
-2.491e+00
-2.491e+00
-2.493e+00
-2.495e+00
-2.497e+00
-2.496e+00
-2.499e+00
-2.499e+00
-2.500e+00
-2.501e+00
-2.502e+00
-2.504e+00
-2.503e+00
-2.505e+00
-2.506e+00
-2.508e+00
-2.508e+00
-2.509e+00
-2.511e+00
-2.512e+00
-2.494e+00
-2.494e+00
-2.493e+00
-2.496e+00
-2.496e+00
-2.498e+00
-2.499e+00
-2.502e+00
-2.503e+00
-2.502e+00
-2.503e+00
-2.503e+00
-2.507e+00
-2.507e+00
-2.508e+00
-2.508e+00
-2.509e+00
-2.512e+00
-2.515e+00
-2.515e+00
-2.516e+00
-2.495e+00
-2.496e+00
-2.498e+00
-2.499e+00
-2.500e+00
-2.501e+00
-2.503e+00
-2.502e+00
-2.508e+00
-2.506e+00
-2.505e+00
-2.507e+00
-2.507e+00
-2.511e+00
-2.509e+00
-2.512e+00
-2.514e+00
-2.516e+00
-2.518e+00
-2.520e+00
-2.514e+00
-2.499e+00
-2.500e+00
-2.501e+00
-2.503e+00
-2.502e+00
-2.504e+00
-2.505e+00
-2.508e+00
-2.508e+00
-2.508e+00
-2.509e+00
-2.511e+00
-2.510e+00
-2.513e+00
-2.512e+00
-2.513e+00
-2.517e+00
-2.519e+00
-2.519e+00
-2.521e+00
-2.521e+00
-2.502e+00
-2.503e+00
-2.503e+00
-2.504e+00
-2.504e+00
-2.505e+00
-2.507e+00
-2.507e+00
-2.512e+00
-2.510e+00
-2.513e+00
-2.514e+00
-2.515e+00
-2.515e+00
-2.515e+00
-2.520e+00
-2.519e+00
-2.521e+00
-2.521e+00
-2.523e+00
-2.521e+00
-2.503e+00
-2.504e+00
-2.506e+00
-2.507e+00
-2.509e+00
-2.510e+00
-2.511e+00
-2.512e+00
-2.512e+00
-2.512e+00
-2.515e+00
-2.514e+00
-2.517e+00
-2.517e+00
-2.520e+00
-2.520e+00
-2.521e+00
-2.520e+00
-2.524e+00
-2.524e+00
-2.525e+00
-2.506e+00
-2.506e+00
-2.508e+00
-2.509e+00
-2.511e+00
-2.511e+00
-2.513e+00
-2.515e+00
-2.515e+00
-2.514e+00
-2.517e+00
-2.518e+00
-2.518e+00
-2.521e+00
-2.520e+00
-2.521e+00
-2.524e+00
-2.522e+00
-2.524e+00
-2.526e+00
-2.528e+00
-2.507e+00
-2.509e+00
-2.510e+00
-2.512e+00
-2.514e+00
-2.513e+00
-2.514e+00
-2.517e+00
-2.516e+00
-2.519e+00
-2.518e+00
-2.522e+00
-2.521e+00
-2.521e+00
-2.522e+00
-2.523e+00
-2.527e+00
-2.527e+00
-2.526e+00
-2.528e+00
-2.529e+00
-2.513e+00
-2.512e+00
-2.513e+00
-2.516e+00
-2.518e+00
-2.517e+00
-2.519e+00
-2.518e+00
-2.521e+00
-2.520e+00
-2.521e+00
-2.523e+00
-2.523e+00
-2.524e+00
-2.527e+00
-2.525e+00
-2.528e+00
-2.529e+00
-2.529e+00
-2.530e+00
-2.530e+00
-2.515e+00
-2.516e+00
-2.515e+00
-2.520e+00
-2.519e+00
-2.519e+00
-2.520e+00
-2.522e+00
-2.523e+00
-2.524e+00
-2.524e+00
-2.524e+00
-2.526e+00
-2.527e+00
-2.527e+00
-2.529e+00
-2.529e+00
-2.530e+00
-2.529e+00
-2.532e+00
-2.533e+00
-2.519e+00
-2.515e+00
-2.517e+00
-2.521e+00
-2.522e+00
-2.523e+00
-2.524e+00
-2.525e+00
-2.524e+00
-2.524e+00
-2.527e+00
-2.526e+00
-2.527e+00
-2.526e+00
-2.528e+00
-2.528e+00
-2.529e+00
-2.532e+00
-2.531e+00
-2.533e+00
-2.534e+00
-2.521e+00
-2.518e+00
-2.521e+00
-2.523e+00
-2.523e+00
-2.523e+00
-2.524e+00
-2.527e+00
-2.526e+00
-2.527e+00
-2.526e+00
-2.527e+00
-2.528e+00
-2.532e+00
-2.532e+00
-2.533e+00
-2.533e+00
-2.534e+00
-2.536e+00
-2.533e+00
-2.533e+00
-2.522e+00
-2.523e+00
-2.526e+00
-2.525e+00
-2.527e+00
-2.528e+00
-2.527e+00
-2.528e+00
-2.529e+00
-2.530e+00
-2.529e+00
-2.529e+00
-2.533e+00
-2.532e+00
-2.531e+00
-2.532e+00
-2.533e+00
-2.533e+00
-2.535e+00
-2.534e+00
-2.534e+00
-2.525e+00
-2.525e+00
-2.526e+00
-2.529e+00
-2.529e+00
-2.528e+00
-2.528e+00
-2.529e+00
-2.533e+00
-2.532e+00
-2.531e+00
-2.532e+00
-2.531e+00
-2.532e+00
-2.533e+00
-2.533e+00
-2.535e+00
-2.535e+00
-2.534e+00
-2.536e+00
-2.534e+00
-2.528e+00
-2.528e+00
-2.530e+00
-2.532e+00
-2.528e+00
-2.530e+00
-2.532e+00
-2.533e+00
-2.531e+00
-2.533e+00
-2.533e+00
-2.536e+00
-2.533e+00
-2.535e+00
-2.534e+00
-2.535e+00
-2.534e+00
-2.536e+00
-2.536e+00
-2.536e+00
-2.536e+00
-2.532e+00
-2.532e+00
-2.532e+00
-2.531e+00
-2.534e+00
-2.533e+00
-2.538e+00
-2.534e+00
-2.536e+00
-2.533e+00
-2.537e+00
-2.534e+00
-2.535e+00
-2.537e+00
-2.538e+00
-2.537e+00
-2.536e+00
-2.537e+00
-2.538e+00
-2.536e+00
-2.535e+00
-2.532e+00
-2.536e+00
-2.533e+00
-2.535e+00
-2.535e+00
-2.536e+00
-2.536e+00
-2.534e+00
-2.537e+00
-2.536e+00
-2.538e+00
-2.537e+00
-2.535e+00
-2.538e+00
-2.538e+00
-2.537e+00
-2.537e+00
-2.537e+00
-2.534e+00
-2.537e+00
-2.537e+00
-2.522e+00
-2.524e+00
-2.523e+00
-2.527e+00
-2.528e+00
-2.529e+00
-2.529e+00
-2.530e+00
-2.532e+00
-2.534e+00
-2.535e+00
-2.535e+00
-2.534e+00
-2.537e+00
-2.539e+00
-2.540e+00
-2.542e+00
-2.544e+00
-2.544e+00
-2.544e+00
-2.546e+00
-2.523e+00
-2.526e+00
-2.526e+00
-2.527e+00
-2.529e+00
-2.530e+00
-2.532e+00
-2.534e+00
-2.535e+00
-2.535e+00
-2.536e+00
-2.535e+00
-2.540e+00
-2.539e+00
-2.537e+00
-2.540e+00
-2.541e+00
-2.545e+00
-2.544e+00
-2.545e+00
-2.546e+00
-2.527e+00
-2.526e+00
-2.532e+00
-2.531e+00
-2.530e+00
-2.534e+00
-2.534e+00
-2.536e+00
-2.536e+00
-2.539e+00
-2.541e+00
-2.539e+00
-2.540e+00
-2.544e+00
-2.546e+00
-2.545e+00
-2.546e+00
-2.548e+00
-2.548e+00
-2.550e+00
-2.552e+00
-2.532e+00
-2.531e+00
-2.532e+00
-2.535e+00
-2.536e+00
-2.535e+00
-2.538e+00
-2.541e+00
-2.539e+00
-2.540e+00
-2.544e+00
-2.545e+00
-2.545e+00
-2.545e+00
-2.545e+00
-2.547e+00
-2.548e+00
-2.550e+00
-2.551e+00
-2.552e+00
-2.549e+00
-2.534e+00
-2.534e+00
-2.536e+00
-2.537e+00
-2.539e+00
-2.538e+00
-2.542e+00
-2.544e+00
-2.544e+00
-2.544e+00
-2.546e+00
-2.545e+00
-2.549e+00
-2.549e+00
-2.550e+00
-2.551e+00
-2.555e+00
-2.558e+00
-2.553e+00
-2.555e+00
-2.553e+00
-2.537e+00
-2.537e+00
-2.541e+00
-2.542e+00
-2.544e+00
-2.544e+00
-2.544e+00
-2.545e+00
-2.547e+00
-2.547e+00
-2.548e+00
-2.550e+00
-2.551e+00
-2.550e+00
-2.558e+00
-2.553e+00
-2.561e+00
-2.554e+00
-2.558e+00
-2.559e+00
-2.556e+00
-2.543e+00
-2.536e+00
-2.542e+00
-2.544e+00
-2.545e+00
-2.545e+00
-2.547e+00
-2.548e+00
-2.548e+00
-2.550e+00
-2.553e+00
-2.554e+00
-2.552e+00
-2.558e+00
-2.553e+00
-2.560e+00
-2.554e+00
-2.559e+00
-2.562e+00
-2.562e+00
-2.559e+00
-2.544e+00
-2.545e+00
-2.546e+00
-2.548e+00
-2.547e+00
-2.548e+00
-2.549e+00
-2.550e+00
-2.551e+00
-2.556e+00
-2.553e+00
-2.551e+00
-2.559e+00
-2.554e+00
-2.561e+00
-2.557e+00
-2.560e+00
-2.563e+00
-2.566e+00
-2.568e+00
-2.573e+00
-2.547e+00
-2.548e+00
-2.548e+00
-2.550e+00
-2.551e+00
-2.553e+00
-2.554e+00
-2.557e+00
-2.557e+00
-2.553e+00
-2.552e+00
-2.559e+00
-2.556e+00
-2.562e+00
-2.560e+00
-2.562e+00
-2.567e+00
-2.562e+00
-2.572e+00
-2.580e+00
-2.580e+00
-2.549e+00
-2.550e+00
-2.550e+00
-2.553e+00
-2.549e+00
-2.553e+00
-2.551e+00
-2.559e+00
-2.554e+00
-2.561e+00
-2.559e+00
-2.556e+00
-2.563e+00
-2.559e+00
-2.564e+00
-2.571e+00
-2.572e+00
-2.581e+00
-2.594e+00
-2.597e+00
-2.592e+00
-2.551e+00
-2.552e+00
-2.556e+00
-2.552e+00
-2.558e+00
-2.554e+00
-2.559e+00
-2.556e+00
-2.563e+00
-2.560e+00
-2.566e+00
-2.565e+00
-2.561e+00
-2.566e+00
-2.572e+00
-2.581e+00
-2.585e+00
-2.591e+00
-2.587e+00
-2.591e+00
-2.586e+00
-2.557e+00
-2.552e+00
-2.554e+00
-2.560e+00
-2.554e+00
-2.559e+00
-2.556e+00
-2.560e+00
-2.559e+00
-2.564e+00
-2.564e+00
-2.571e+00
-2.576e+00
-2.587e+00
-2.595e+00
-2.595e+00
-2.591e+00
-2.588e+00
-2.583e+00
-2.576e+00
-2.576e+00
-2.560e+00
-2.560e+00
-2.562e+00
-2.557e+00
-2.562e+00
-2.566e+00
-2.566e+00
-2.569e+00
-2.563e+00
-2.575e+00
-2.581e+00
-2.591e+00
-2.594e+00
-2.591e+00
-2.593e+00
-2.580e+00
-2.580e+00
-2.576e+00
-2.574e+00
-2.569e+00
-2.567e+00
-2.559e+00
-2.557e+00
-2.560e+00
-2.562e+00
-2.567e+00
-2.562e+00
-2.569e+00
-2.576e+00
-2.584e+00
-2.595e+00
-2.595e+00
-2.587e+00
-2.587e+00
-2.578e+00
-2.577e+00
-2.567e+00
-2.568e+00
-2.561e+00
-2.556e+00
-2.554e+00
-2.549e+00
-2.563e+00
-2.559e+00
-2.563e+00
-2.566e+00
-2.573e+00
-2.577e+00
-2.586e+00
-2.597e+00
-2.597e+00
-2.587e+00
-2.581e+00
-2.581e+00
-2.572e+00
-2.564e+00
-2.570e+00
-2.561e+00
-2.563e+00
-2.556e+00
-2.553e+00
-2.550e+00
-2.546e+00
-2.566e+00
-2.564e+00
-2.576e+00
-2.581e+00
-2.598e+00
-2.600e+00
-2.586e+00
-2.587e+00
-2.580e+00
-2.572e+00
-2.574e+00
-2.568e+00
-2.562e+00
-2.566e+00
-2.559e+00
-2.557e+00
-2.548e+00
-2.551e+00
-2.540e+00
-2.537e+00
-2.535e+00
-2.581e+00
-2.587e+00
-2.591e+00
-2.599e+00
-2.587e+00
-2.587e+00
-2.578e+00
-2.579e+00
-2.570e+00
-2.566e+00
-2.563e+00
-2.556e+00
-2.553e+00
-2.557e+00
-2.555e+00
-2.549e+00
-2.539e+00
-2.535e+00
-2.526e+00
-2.524e+00
-2.528e+00
-2.595e+00
-2.594e+00
-2.588e+00
-2.584e+00
-2.572e+00
-2.576e+00
-2.569e+00
-2.561e+00
-2.558e+00
-2.562e+00
-2.561e+00
-2.556e+00
-2.552e+00
-2.539e+00
-2.532e+00
-2.526e+00
-2.526e+00
-2.534e+00
-2.528e+00
-2.530e+00
-2.530e+00
-2.586e+00
-2.576e+00
-2.573e+00
-2.570e+00
-2.570e+00
-2.567e+00
-2.562e+00
-2.555e+00
-2.551e+00
-2.549e+00
-2.544e+00
-2.540e+00
-2.538e+00
-2.534e+00
-2.533e+00
-2.533e+00
-2.533e+00
-2.530e+00
-2.534e+00
-2.527e+00
-2.527e+00
-2.579e+00
-2.567e+00
-2.565e+00
-2.564e+00
-2.558e+00
-2.549e+00
-2.544e+00
-2.541e+00
-2.538e+00
-2.536e+00
-2.536e+00
-2.536e+00
-2.534e+00
-2.537e+00
-2.533e+00
-2.533e+00
-2.531e+00
-2.527e+00
-2.533e+00
-2.525e+00
-2.526e+00
-2.573e+00
-2.568e+00
-2.555e+00
-2.556e+00
-2.547e+00
-2.544e+00
-2.550e+00
-2.537e+00
-2.534e+00
-2.534e+00
-2.534e+00
-2.535e+00
-2.535e+00
-2.534e+00
-2.532e+00
-2.532e+00
-2.532e+00
-2.525e+00
-2.532e+00
-2.535e+00
-2.528e+00
-2.538e+00
-2.539e+00
-2.545e+00
-2.541e+00
-2.546e+00
-2.544e+00
-2.553e+00
-2.551e+00
-2.552e+00
-2.554e+00
-2.553e+00
-2.553e+00
-2.564e+00
-2.563e+00
-2.564e+00
-2.562e+00
-2.570e+00
-2.570e+00
-2.567e+00
-2.574e+00
-2.572e+00
-2.545e+00
-2.545e+00
-2.542e+00
-2.545e+00
-2.551e+00
-2.548e+00
-2.550e+00
-2.549e+00
-2.556e+00
-2.559e+00
-2.556e+00
-2.560e+00
-2.558e+00
-2.561e+00
-2.559e+00
-2.568e+00
-2.566e+00
-2.566e+00
-2.573e+00
-2.570e+00
-2.570e+00
-2.550e+00
-2.548e+00
-2.553e+00
-2.550e+00
-2.558e+00
-2.556e+00
-2.556e+00
-2.554e+00
-2.561e+00
-2.565e+00
-2.565e+00
-2.566e+00
-2.567e+00
-2.565e+00
-2.566e+00
-2.569e+00
-2.567e+00
-2.573e+00
-2.570e+00
-2.580e+00
-2.575e+00
-2.554e+00
-2.555e+00
-2.552e+00
-2.559e+00
-2.555e+00
-2.565e+00
-2.563e+00
-2.563e+00
-2.565e+00
-2.565e+00
-2.566e+00
-2.566e+00
-2.569e+00
-2.568e+00
-2.569e+00
-2.576e+00
-2.574e+00
-2.582e+00
-2.581e+00
-2.585e+00
-2.585e+00
-2.559e+00
-2.556e+00
-2.563e+00
-2.559e+00
-2.568e+00
-2.564e+00
-2.566e+00
-2.565e+00
-2.566e+00
-2.569e+00
-2.570e+00
-2.568e+00
-2.570e+00
-2.577e+00
-2.576e+00
-2.575e+00
-2.577e+00
-2.583e+00
-2.588e+00
-2.585e+00
-2.583e+00
-2.556e+00
-2.556e+00
-2.563e+00
-2.561e+00
-2.570e+00
-2.570e+00
-2.572e+00
-2.571e+00
-2.568e+00
-2.574e+00
-2.570e+00
-2.573e+00
-2.581e+00
-2.582e+00
-2.580e+00
-2.581e+00
-2.585e+00
-2.584e+00
-2.591e+00
-2.587e+00
-2.597e+00
-2.560e+00
-2.560e+00
-2.568e+00
-2.567e+00
-2.566e+00
-2.565e+00
-2.574e+00
-2.576e+00
-2.575e+00
-2.574e+00
-2.573e+00
-2.583e+00
-2.583e+00
-2.583e+00
-2.585e+00
-2.587e+00
-2.589e+00
-2.586e+00
-2.591e+00
-2.601e+00
-2.601e+00
-2.567e+00
-2.569e+00
-2.566e+00
-2.573e+00
-2.570e+00
-2.577e+00
-2.579e+00
-2.580e+00
-2.577e+00
-2.579e+00
-2.578e+00
-2.587e+00
-2.588e+00
-2.587e+00
-2.585e+00
-2.596e+00
-2.591e+00
-2.591e+00
-2.596e+00
-2.602e+00
-2.602e+00
-2.573e+00
-2.573e+00
-2.571e+00
-2.576e+00
-2.575e+00
-2.574e+00
-2.579e+00
-2.582e+00
-2.582e+00
-2.581e+00
-2.591e+00
-2.590e+00
-2.593e+00
-2.592e+00
-2.590e+00
-2.601e+00
-2.598e+00
-2.598e+00
-2.604e+00
-2.611e+00
-2.611e+00
-2.577e+00
-2.577e+00
-2.573e+00
-2.578e+00
-2.575e+00
-2.579e+00
-2.587e+00
-2.587e+00
-2.585e+00
-2.589e+00
-2.586e+00
-2.596e+00
-2.598e+00
-2.598e+00
-2.598e+00
-2.597e+00
-2.604e+00
-2.604e+00
-2.611e+00
-2.606e+00
-2.605e+00
-2.583e+00
-2.580e+00
-2.579e+00
-2.586e+00
-2.583e+00
-2.582e+00
-2.589e+00
-2.591e+00
-2.591e+00
-2.593e+00
-2.592e+00
-2.594e+00
-2.593e+00
-2.602e+00
-2.606e+00
-2.605e+00
-2.604e+00
-2.601e+00
-2.602e+00
-2.609e+00
-2.610e+00
-2.587e+00
-2.586e+00
-2.583e+00
-2.589e+00
-2.589e+00
-2.585e+00
-2.596e+00
-2.595e+00
-2.598e+00
-2.598e+00
-2.600e+00
-2.599e+00
-2.602e+00
-2.604e+00
-2.603e+00
-2.606e+00
-2.604e+00
-2.604e+00
-2.603e+00
-2.599e+00
-2.598e+00
-2.580e+00
-2.589e+00
-2.588e+00
-2.593e+00
-2.592e+00
-2.592e+00
-2.592e+00
-2.593e+00
-2.600e+00
-2.606e+00
-2.606e+00
-2.598e+00
-2.601e+00
-2.601e+00
-2.600e+00
-2.592e+00
-2.594e+00
-2.597e+00
-2.605e+00
-2.602e+00
-2.603e+00
-2.594e+00
-2.594e+00
-2.590e+00
-2.597e+00
-2.593e+00
-2.596e+00
-2.597e+00
-2.597e+00
-2.599e+00
-2.602e+00
-2.605e+00
-2.598e+00
-2.601e+00
-2.604e+00
-2.597e+00
-2.597e+00
-2.600e+00
-2.603e+00
-2.600e+00
-2.600e+00
-2.600e+00
-2.598e+00
-2.598e+00
-2.593e+00
-2.600e+00
-2.602e+00
-2.603e+00
-2.604e+00
-2.607e+00
-2.607e+00
-2.600e+00
-2.604e+00
-2.599e+00
-2.600e+00
-2.597e+00
-2.601e+00
-2.593e+00
-2.597e+00
-2.600e+00
-2.599e+00
-2.597e+00
-2.600e+00
-2.603e+00
-2.599e+00
-2.607e+00
-2.608e+00
-2.607e+00
-2.607e+00
-2.599e+00
-2.605e+00
-2.604e+00
-2.599e+00
-2.602e+00
-2.600e+00
-2.594e+00
-2.597e+00
-2.596e+00
-2.598e+00
-2.592e+00
-2.594e+00
-2.596e+00
-2.598e+00
-2.598e+00
-2.604e+00
-2.604e+00
-2.609e+00
-2.603e+00
-2.599e+00
-2.600e+00
-2.606e+00
-2.598e+00
-2.605e+00
-2.598e+00
-2.603e+00
-2.601e+00
-2.596e+00
-2.590e+00
-2.600e+00
-2.594e+00
-2.589e+00
-2.593e+00
-2.595e+00
-2.599e+00
-2.600e+00
-2.605e+00
-2.606e+00
-2.602e+00
-2.600e+00
-2.604e+00
-2.608e+00
-2.602e+00
-2.605e+00
-2.603e+00
-2.596e+00
-2.606e+00
-2.600e+00
-2.596e+00
-2.595e+00
-2.589e+00
-2.600e+00
-2.595e+00
-2.595e+00
-2.599e+00
-2.597e+00
-2.597e+00
-2.604e+00
-2.604e+00
-2.613e+00
-2.605e+00
-2.610e+00
-2.611e+00
-2.604e+00
-2.601e+00
-2.607e+00
-2.604e+00
-2.603e+00
-2.599e+00
-2.597e+00
-2.598e+00
-2.596e+00
-2.605e+00
-2.602e+00
-2.596e+00
-2.600e+00
-2.602e+00
-2.602e+00
-2.612e+00
-2.612e+00
-2.610e+00
-2.612e+00
-2.607e+00
-2.611e+00
-2.607e+00
-2.613e+00
-2.612e+00
-2.607e+00
-2.604e+00
-2.606e+00
-2.605e+00
-2.604e+00
-2.600e+00
-2.601e+00
-2.607e+00
-2.602e+00
-2.605e+00
-2.607e+00
-2.609e+00
-2.610e+00
-2.610e+00
-2.618e+00
-2.608e+00
-2.613e+00
-2.615e+00
-2.613e+00
-2.609e+00
-2.608e+00
-2.608e+00
-2.606e+00
-2.603e+00
-2.603e+00
-2.612e+00
-2.609e+00
-2.609e+00
-2.604e+00
-2.610e+00
-2.605e+00
-2.607e+00
-2.608e+00
-2.683e+00
-2.683e+00
-2.688e+00
-2.685e+00
-2.691e+00
-2.687e+00
-2.697e+00
-2.699e+00
-2.695e+00
-2.707e+00
-2.706e+00
-2.707e+00
-2.702e+00
-2.705e+00
-2.713e+00
-2.710e+00
-2.709e+00
-2.717e+00
-2.713e+00
-2.721e+00
-2.717e+00
-2.688e+00
-2.688e+00
-2.686e+00
-2.691e+00
-2.698e+00
-2.695e+00
-2.691e+00
-2.704e+00
-2.702e+00
-2.703e+00
-2.701e+00
-2.710e+00
-2.712e+00
-2.710e+00
-2.708e+00
-2.719e+00
-2.716e+00
-2.713e+00
-2.720e+00
-2.727e+00
-2.725e+00
-2.693e+00
-2.693e+00
-2.697e+00
-2.698e+00
-2.703e+00
-2.702e+00
-2.700e+00
-2.707e+00
-2.706e+00
-2.709e+00
-2.707e+00
-2.714e+00
-2.717e+00
-2.714e+00
-2.715e+00
-2.723e+00
-2.721e+00
-2.727e+00
-2.727e+00
-2.730e+00
-2.732e+00
-2.701e+00
-2.700e+00
-2.707e+00
-2.704e+00
-2.707e+00
-2.709e+00
-2.709e+00
-2.707e+00
-2.713e+00
-2.714e+00
-2.713e+00
-2.718e+00
-2.724e+00
-2.724e+00
-2.722e+00
-2.721e+00
-2.730e+00
-2.727e+00
-2.732e+00
-2.740e+00
-2.741e+00
-2.709e+00
-2.700e+00
-2.701e+00
-2.712e+00
-2.711e+00
-2.715e+00
-2.716e+00
-2.716e+00
-2.714e+00
-2.724e+00
-2.724e+00
-2.724e+00
-2.724e+00
-2.730e+00
-2.734e+00
-2.732e+00
-2.738e+00
-2.735e+00
-2.735e+00
-2.740e+00
-2.741e+00
-2.709e+00
-2.709e+00
-2.717e+00
-2.713e+00
-2.718e+00
-2.719e+00
-2.717e+00
-2.718e+00
-2.726e+00
-2.724e+00
-2.723e+00
-2.726e+00
-2.735e+00
-2.735e+00
-2.732e+00
-2.732e+00
-2.741e+00
-2.738e+00
-2.745e+00
-2.745e+00
-2.747e+00
-2.713e+00
-2.712e+00
-2.717e+00
-2.712e+00
-2.724e+00
-2.723e+00
-2.731e+00
-2.726e+00
-2.730e+00
-2.728e+00
-2.727e+00
-2.737e+00
-2.739e+00
-2.739e+00
-2.737e+00
-2.736e+00
-2.744e+00
-2.746e+00
-2.758e+00
-2.768e+00
-2.769e+00
-2.714e+00
-2.713e+00
-2.721e+00
-2.726e+00
-2.724e+00
-2.721e+00
-2.733e+00
-2.734e+00
-2.730e+00
-2.732e+00
-2.732e+00
-2.744e+00
-2.743e+00
-2.741e+00
-2.746e+00
-2.747e+00
-2.757e+00
-2.769e+00
-2.768e+00
-2.774e+00
-2.769e+00
-2.717e+00
-2.727e+00
-2.725e+00
-2.730e+00
-2.729e+00
-2.729e+00
-2.736e+00
-2.734e+00
-2.736e+00
-2.733e+00
-2.736e+00
-2.745e+00
-2.749e+00
-2.757e+00
-2.769e+00
-2.769e+00
-2.768e+00
-2.765e+00
-2.770e+00
-2.778e+00
-2.778e+00
-2.731e+00
-2.731e+00
-2.728e+00
-2.735e+00
-2.732e+00
-2.741e+00
-2.742e+00
-2.743e+00
-2.742e+00
-2.744e+00
-2.750e+00
-2.764e+00
-2.764e+00
-2.766e+00
-2.766e+00
-2.764e+00
-2.770e+00
-2.769e+00
-2.778e+00
-2.772e+00
-2.773e+00
-2.734e+00
-2.735e+00
-2.731e+00
-2.740e+00
-2.738e+00
-2.738e+00
-2.748e+00
-2.749e+00
-2.752e+00
-2.759e+00
-2.761e+00
-2.763e+00
-2.762e+00
-2.770e+00
-2.771e+00
-2.768e+00
-2.768e+00
-2.771e+00
-2.774e+00
-2.770e+00
-2.772e+00
-2.740e+00
-2.740e+00
-2.735e+00
-2.743e+00
-2.745e+00
-2.750e+00
-2.766e+00
-2.761e+00
-2.765e+00
-2.766e+00
-2.767e+00
-2.767e+00
-2.765e+00
-2.769e+00
-2.769e+00
-2.770e+00
-2.769e+00
-2.773e+00
-2.775e+00
-2.769e+00
-2.770e+00
-2.737e+00
-2.744e+00
-2.745e+00
-2.755e+00
-2.758e+00
-2.768e+00
-2.769e+00
-2.769e+00
-2.770e+00
-2.770e+00
-2.771e+00
-2.774e+00
-2.766e+00
-2.765e+00
-2.768e+00
-2.766e+00
-2.770e+00
-2.769e+00
-2.764e+00
-2.773e+00
-2.774e+00
-2.761e+00
-2.763e+00
-2.770e+00
-2.765e+00
-2.764e+00
-2.767e+00
-2.762e+00
-2.771e+00
-2.774e+00
-2.767e+00
-2.771e+00
-2.767e+00
-2.769e+00
-2.765e+00
-2.765e+00
-2.766e+00
-2.766e+00
-2.766e+00
-2.767e+00
-2.765e+00
-2.768e+00
-2.764e+00
-2.765e+00
-2.772e+00
-2.770e+00
-2.765e+00
-2.766e+00
-2.767e+00
-2.771e+00
-2.770e+00
-2.770e+00
-2.765e+00
-2.770e+00
-2.771e+00
-2.765e+00
-2.766e+00
-2.768e+00
-2.761e+00
-2.771e+00
-2.763e+00
-2.771e+00
-2.778e+00
-2.768e+00
-2.767e+00
-2.771e+00
-2.773e+00
-2.771e+00
-2.770e+00
-2.771e+00
-2.774e+00
-2.777e+00
-2.766e+00
-2.772e+00
-2.764e+00
-2.768e+00
-2.761e+00
-2.768e+00
-2.757e+00
-2.763e+00
-2.771e+00
-2.775e+00
-2.770e+00
-2.770e+00
-2.765e+00
-2.767e+00
-2.773e+00
-2.772e+00
-2.772e+00
-2.773e+00
-2.775e+00
-2.767e+00
-2.767e+00
-2.773e+00
-2.768e+00
-2.773e+00
-2.768e+00
-2.763e+00
-2.764e+00
-2.772e+00
-2.774e+00
-2.764e+00
-2.768e+00
-2.772e+00
-2.772e+00
-2.776e+00
-2.777e+00
-2.774e+00
-2.772e+00
-2.770e+00
-2.773e+00
-2.778e+00
-2.769e+00
-2.774e+00
-2.769e+00
-2.768e+00
-2.772e+00
-2.772e+00
-2.772e+00
-2.773e+00
-2.768e+00
-2.772e+00
-2.773e+00
-2.775e+00
-2.771e+00
-2.774e+00
-2.772e+00
-2.773e+00
-2.781e+00
-2.782e+00
-2.783e+00
-2.772e+00
-2.778e+00
-2.774e+00
-2.781e+00
-2.783e+00
-2.777e+00
-2.773e+00
-2.779e+00
-2.775e+00
-2.769e+00
-2.774e+00
-2.766e+00
-2.767e+00
-2.771e+00
-2.769e+00
-2.767e+00
-2.781e+00
-2.783e+00
-2.778e+00
-2.781e+00
-2.785e+00
-2.781e+00
-2.785e+00
-2.789e+00
-2.782e+00
-2.780e+00
-2.782e+00
-2.779e+00
-2.778e+00
-2.773e+00
-2.779e+00
-2.775e+00
-2.778e+00
-2.778e+00
-2.769e+00
-2.780e+00
-2.780e+00
-2.778e+00
-2.790e+00
-2.789e+00
-2.791e+00
-2.784e+00
-2.787e+00
-2.787e+00
-2.783e+00
-2.791e+00
-2.786e+00
-2.781e+00
-2.776e+00
-2.785e+00
-2.778e+00
-2.773e+00
-2.779e+00
-2.772e+00
-2.774e+00
-2.776e+00
-2.775e+00
-2.778e+00
-2.846e+00
-2.844e+00
-2.840e+00
-2.845e+00
-2.841e+00
-2.849e+00
-2.847e+00
-2.855e+00
-2.851e+00
-2.858e+00
-2.850e+00
-2.865e+00
-2.865e+00
-2.856e+00
-2.860e+00
-2.869e+00
-2.868e+00
-2.870e+00
-2.868e+00
-2.876e+00
-2.875e+00
-2.838e+00
-2.836e+00
-2.844e+00
-2.849e+00
-2.845e+00
-2.853e+00
-2.851e+00
-2.849e+00
-2.855e+00
-2.859e+00
-2.857e+00
-2.859e+00
-2.863e+00
-2.866e+00
-2.865e+00
-2.875e+00
-2.866e+00
-2.866e+00
-2.874e+00
-2.878e+00
-2.879e+00
-2.850e+00
-2.843e+00
-2.847e+00
-2.853e+00
-2.849e+00
-2.853e+00
-2.856e+00
-2.855e+00
-2.866e+00
-2.861e+00
-2.863e+00
-2.862e+00
-2.865e+00
-2.871e+00
-2.869e+00
-2.878e+00
-2.869e+00
-2.870e+00
-2.878e+00
-2.878e+00
-2.881e+00
-2.854e+00
-2.845e+00
-2.847e+00
-2.860e+00
-2.857e+00
-2.867e+00
-2.859e+00
-2.862e+00
-2.873e+00
-2.863e+00
-2.869e+00
-2.868e+00
-2.868e+00
-2.871e+00
-2.874e+00
-2.871e+00
-2.883e+00
-2.878e+00
-2.885e+00
-2.892e+00
-2.892e+00
-2.854e+00
-2.855e+00
-2.863e+00
-2.853e+00
-2.863e+00
-2.862e+00
-2.864e+00
-2.869e+00
-2.867e+00
-2.868e+00
-2.871e+00
-2.873e+00
-2.877e+00
-2.876e+00
-2.879e+00
-2.879e+00
-2.888e+00
-2.890e+00
-2.890e+00
-2.888e+00
-2.888e+00
-2.860e+00
-2.862e+00
-2.862e+00
-2.867e+00
-2.860e+00
-2.868e+00
-2.871e+00
-2.861e+00
-2.877e+00
-2.875e+00
-2.878e+00
-2.880e+00
-2.876e+00
-2.884e+00
-2.884e+00
-2.886e+00
-2.887e+00
-2.887e+00
-2.896e+00
-2.893e+00
-2.888e+00
-2.867e+00
-2.868e+00
-2.869e+00
-2.867e+00
-2.875e+00
-2.868e+00
-2.871e+00
-2.879e+00
-2.883e+00
-2.876e+00
-2.879e+00
-2.888e+00
-2.890e+00
-2.886e+00
-2.886e+00
-2.895e+00
-2.886e+00
-2.895e+00
-2.893e+00
-2.903e+00
-2.903e+00
-2.867e+00
-2.866e+00
-2.876e+00
-2.867e+00
-2.875e+00
-2.878e+00
-2.879e+00
-2.880e+00
-2.880e+00
-2.883e+00
-2.887e+00
-2.889e+00
-2.888e+00
-2.888e+00
-2.895e+00
-2.895e+00
-2.893e+00
-2.902e+00
-2.892e+00
-2.902e+00
-2.900e+00
-2.867e+00
-2.866e+00
-2.874e+00
-2.883e+00
-2.877e+00
-2.877e+00
-2.887e+00
-2.890e+00
-2.882e+00
-2.884e+00
-2.885e+00
-2.899e+00
-2.889e+00
-2.890e+00
-2.891e+00
-2.902e+00
-2.892e+00
-2.891e+00
-2.902e+00
-2.896e+00
-2.895e+00
-2.873e+00
-2.883e+00
-2.877e+00
-2.885e+00
-2.884e+00
-2.875e+00
-2.887e+00
-2.889e+00
-2.888e+00
-2.894e+00
-2.884e+00
-2.895e+00
-2.897e+00
-2.899e+00
-2.892e+00
-2.891e+00
-2.901e+00
-2.895e+00
-2.896e+00
-2.902e+00
-2.903e+00
-2.885e+00
-2.886e+00
-2.884e+00
-2.886e+00
-2.883e+00
-2.884e+00
-2.898e+00
-2.889e+00
-2.890e+00
-2.891e+00
-2.892e+00
-2.890e+00
-2.889e+00
-2.897e+00
-2.901e+00
-2.906e+00
-2.896e+00
-2.895e+00
-2.904e+00
-2.895e+00
-2.897e+00
-2.886e+00
-2.884e+00
-2.884e+00
-2.893e+00
-2.894e+00
-2.894e+00
-2.895e+00
-2.896e+00
-2.899e+00
-2.893e+00
-2.893e+00
-2.896e+00
-2.898e+00
-2.895e+00
-2.895e+00
-2.894e+00
-2.897e+00
-2.900e+00
-2.898e+00
-2.898e+00
-2.898e+00
-2.893e+00
-2.893e+00
-2.892e+00
-2.893e+00
-2.890e+00
-2.892e+00
-2.888e+00
-2.896e+00
-2.897e+00
-2.900e+00
-2.894e+00
-2.890e+00
-2.891e+00
-2.893e+00
-2.895e+00
-2.899e+00
-2.891e+00
-2.889e+00
-2.900e+00
-2.894e+00
-2.906e+00
-2.888e+00
-2.888e+00
-2.889e+00
-2.900e+00
-2.892e+00
-2.890e+00
-2.890e+00
-2.896e+00
-2.890e+00
-2.891e+00
-2.895e+00
-2.897e+00
-2.901e+00
-2.897e+00
-2.891e+00
-2.890e+00
-2.894e+00
-2.894e+00
-2.898e+00
-2.895e+00
-2.897e+00
-2.897e+00
-2.897e+00
-2.898e+00
-2.895e+00
-2.900e+00
-2.891e+00
-2.893e+00
-2.896e+00
-2.897e+00
-2.902e+00
-2.898e+00
-2.891e+00
-2.895e+00
-2.897e+00
-2.893e+00
-2.896e+00
-2.889e+00
-2.892e+00
-2.891e+00
-2.901e+00
-2.903e+00
-2.894e+00
-2.894e+00
-2.906e+00
-2.895e+00
-2.898e+00
-2.897e+00
-2.898e+00
-2.895e+00
-2.898e+00
-2.893e+00
-2.894e+00
-2.901e+00
-2.896e+00
-2.903e+00
-2.897e+00
-2.889e+00
-2.891e+00
-2.895e+00
-2.895e+00
-2.896e+00
-2.903e+00
-2.902e+00
-2.893e+00
-2.900e+00
-2.902e+00
-2.896e+00
-2.895e+00
-2.898e+00
-2.903e+00
-2.909e+00
-2.893e+00
-2.898e+00
-2.892e+00
-2.894e+00
-2.892e+00
-2.895e+00
-2.901e+00
-2.896e+00
-2.890e+00
-2.901e+00
-2.918e+00
-2.911e+00
-2.898e+00
-2.899e+00
-2.906e+00
-2.906e+00
-2.910e+00
-2.904e+00
-2.896e+00
-2.900e+00
-2.903e+00
-2.899e+00
-2.904e+00
-2.901e+00
-2.897e+00
-2.893e+00
-2.889e+00
-2.892e+00
-2.909e+00
-2.908e+00
-2.917e+00
-2.917e+00
-2.918e+00
-2.911e+00
-2.912e+00
-2.903e+00
-2.901e+00
-2.904e+00
-2.908e+00
-2.913e+00
-2.906e+00
-2.903e+00
-2.897e+00
-2.901e+00
-2.898e+00
-2.903e+00
-2.902e+00
-2.907e+00
-2.918e+00
-2.919e+00
-2.916e+00
-2.927e+00
-2.916e+00
-2.916e+00
-2.915e+00
-2.913e+00
-2.917e+00
-2.907e+00
-2.908e+00
-2.910e+00
-2.915e+00
-2.912e+00
-2.920e+00
-2.916e+00
-2.903e+00
-2.925e+00
-2.926e+00
-2.933e+00
-2.917e+00
-2.913e+00
-2.915e+00
-2.917e+00
-2.919e+00
-2.924e+00
-2.924e+00
-2.918e+00
-2.916e+00
-2.908e+00
-2.916e+00
-2.921e+00
-2.916e+00
-2.924e+00
-2.934e+00
-2.933e+00
-2.928e+00
-2.936e+00
-2.921e+00
-2.926e+00
-2.923e+00
-2.916e+00
-2.921e+00
-2.925e+00
-2.931e+00
-2.918e+00
-2.921e+00
-2.921e+00
-2.973e+00
-2.972e+00
-2.969e+00
-2.972e+00
-2.980e+00
-2.969e+00
-2.980e+00
-2.984e+00
-2.980e+00
-2.987e+00
-2.990e+00
-2.987e+00
-2.992e+00
-2.994e+00
-2.997e+00
-2.994e+00
-2.995e+00
-2.995e+00
-3.004e+00
-3.003e+00
-2.998e+00
-2.969e+00
-2.967e+00
-2.979e+00
-2.975e+00
-2.975e+00
-2.978e+00
-2.987e+00
-2.976e+00
-2.983e+00
-2.982e+00
-2.991e+00
-2.984e+00
-2.988e+00
-3.000e+00
-2.999e+00
-2.990e+00
-3.002e+00
-3.000e+00
-3.001e+00
-3.007e+00
-3.005e+00
-2.972e+00
-2.968e+00
-2.978e+00
-2.977e+00
-2.976e+00
-2.989e+00
-2.991e+00
-2.988e+00
-2.991e+00
-2.995e+00
-2.995e+00
-2.985e+00
-2.990e+00
-3.001e+00
-3.003e+00
-3.003e+00
-3.004e+00
-3.003e+00
-3.002e+00
-3.012e+00
-3.007e+00
-2.986e+00
-2.983e+00
-2.981e+00
-2.984e+00
-2.993e+00
-2.982e+00
-2.995e+00
-2.993e+00
-2.986e+00
-2.999e+00
-2.999e+00
-3.003e+00
-2.993e+00
-3.005e+00
-3.006e+00
-3.006e+00
-3.008e+00
-3.010e+00
-3.012e+00
-3.017e+00
-3.011e+00
-2.992e+00
-2.991e+00
-2.988e+00
-2.989e+00
-2.997e+00
-2.996e+00
-2.991e+00
-3.001e+00
-3.001e+00
-2.994e+00
-2.998e+00
-3.007e+00
-3.006e+00
-3.002e+00
-3.012e+00
-3.013e+00
-3.012e+00
-3.013e+00
-3.020e+00
-3.019e+00
-3.017e+00
-2.990e+00
-2.987e+00
-2.991e+00
-2.993e+00
-2.994e+00
-3.004e+00
-2.995e+00
-2.997e+00
-3.008e+00
-3.009e+00
-3.000e+00
-3.007e+00
-3.006e+00
-3.014e+00
-3.008e+00
-3.012e+00
-3.019e+00
-3.018e+00
-3.020e+00
-3.026e+00
-3.021e+00
-2.994e+00
-2.993e+00
-3.002e+00
-3.001e+00
-2.992e+00
-3.003e+00
-3.003e+00
-3.014e+00
-3.007e+00
-3.008e+00
-3.010e+00
-3.010e+00
-3.016e+00
-3.015e+00
-3.015e+00
-3.018e+00
-3.019e+00
-3.026e+00
-3.028e+00
-3.025e+00
-3.020e+00
-3.006e+00
-3.000e+00
-2.999e+00
-3.000e+00
-3.007e+00
-2.999e+00
-3.003e+00
-3.012e+00
-3.013e+00
-3.007e+00
-3.011e+00
-3.018e+00
-3.022e+00
-3.014e+00
-3.018e+00
-3.026e+00
-3.026e+00
-3.018e+00
-3.025e+00
-3.034e+00
-3.018e+00
-3.003e+00
-3.002e+00
-3.008e+00
-3.001e+00
-3.009e+00
-3.010e+00
-3.020e+00
-3.012e+00
-3.016e+00
-3.013e+00
-3.019e+00
-3.020e+00
-3.021e+00
-3.023e+00
-3.026e+00
-3.025e+00
-3.025e+00
-3.024e+00
-3.024e+00
-3.024e+00
-3.025e+00
-3.001e+00
-2.999e+00
-3.007e+00
-3.006e+00
-3.008e+00
-3.011e+00
-3.018e+00
-3.019e+00
-3.013e+00
-3.018e+00
-3.016e+00
-3.017e+00
-3.020e+00
-3.022e+00
-3.024e+00
-3.024e+00
-3.014e+00
-3.026e+00
-3.025e+00
-3.025e+00
-3.027e+00
-3.012e+00
-3.006e+00
-3.007e+00
-3.018e+00
-3.017e+00
-3.016e+00
-3.020e+00
-3.021e+00
-3.022e+00
-3.025e+00
-3.017e+00
-3.019e+00
-3.019e+00
-3.021e+00
-3.016e+00
-3.027e+00
-3.026e+00
-3.027e+00
-3.027e+00
-3.026e+00
-3.027e+00
-3.010e+00
-3.008e+00
-3.014e+00
-3.016e+00
-3.017e+00
-3.017e+00
-3.016e+00
-3.020e+00
-3.020e+00
-3.023e+00
-3.026e+00
-3.029e+00
-3.023e+00
-3.024e+00
-3.026e+00
-3.027e+00
-3.019e+00
-3.021e+00
-3.027e+00
-3.031e+00
-3.024e+00
-3.016e+00
-3.016e+00
-3.015e+00
-3.023e+00
-3.025e+00
-3.017e+00
-3.018e+00
-3.027e+00
-3.031e+00
-3.023e+00
-3.018e+00
-3.019e+00
-3.022e+00
-3.026e+00
-3.018e+00
-3.019e+00
-3.021e+00
-3.022e+00
-3.023e+00
-3.024e+00
-3.024e+00
-3.016e+00
-3.021e+00
-3.013e+00
-3.021e+00
-3.023e+00
-3.024e+00
-3.016e+00
-3.017e+00
-3.023e+00
-3.024e+00
-3.026e+00
-3.021e+00
-3.022e+00
-3.028e+00
-3.021e+00
-3.021e+00
-3.026e+00
-3.017e+00
-3.026e+00
-3.026e+00
-3.021e+00
-3.024e+00
-3.021e+00
-3.020e+00
-3.031e+00
-3.019e+00
-3.023e+00
-3.024e+00
-3.027e+00
-3.021e+00
-3.023e+00
-3.028e+00
-3.022e+00
-3.022e+00
-3.030e+00
-3.024e+00
-3.015e+00
-3.018e+00
-3.020e+00
-3.031e+00
-3.022e+00
-3.024e+00
-3.030e+00
-3.017e+00
-3.027e+00
-3.024e+00
-3.027e+00
-3.021e+00
-3.022e+00
-3.026e+00
-3.026e+00
-3.032e+00
-3.026e+00
-3.020e+00
-3.017e+00
-3.020e+00
-3.021e+00
-3.027e+00
-3.029e+00
-3.022e+00
-3.022e+00
-3.021e+00
-3.026e+00
-3.026e+00
-3.024e+00
-3.023e+00
-3.022e+00
-3.024e+00
-3.035e+00
-3.032e+00
-3.022e+00
-3.026e+00
-3.024e+00
-3.025e+00
-3.020e+00
-3.027e+00
-3.031e+00
-3.016e+00
-3.020e+00
-3.022e+00
-3.021e+00
-3.007e+00
-3.018e+00
-3.011e+00
-3.031e+00
-3.028e+00
-3.026e+00
-3.030e+00
-3.032e+00
-3.031e+00
-3.034e+00
-3.028e+00
-3.036e+00
-3.021e+00
-3.023e+00
-3.020e+00
-3.025e+00
-3.019e+00
-3.022e+00
-3.027e+00
-3.016e+00
-3.014e+00
-3.017e+00
-3.006e+00
-3.011e+00
-3.026e+00
-3.033e+00
-3.031e+00
-3.031e+00
-3.026e+00
-3.028e+00
-3.029e+00
-3.033e+00
-3.027e+00
-3.034e+00
-3.031e+00
-3.023e+00
-3.019e+00
-3.023e+00
-3.013e+00
-3.017e+00
-3.018e+00
-3.012e+00
-3.012e+00
-3.011e+00
-3.018e+00
-3.028e+00
-3.037e+00
-3.035e+00
-3.042e+00
-3.048e+00
-3.030e+00
-3.031e+00
-3.036e+00
-3.029e+00
-3.036e+00
-3.033e+00
-3.023e+00
-3.017e+00
-3.022e+00
-3.014e+00
-3.019e+00
-3.023e+00
-3.014e+00
-3.007e+00
-3.015e+00
-3.020e+00
-3.035e+00
-3.034e+00
-3.037e+00
-3.037e+00
-3.035e+00
-3.041e+00
-3.035e+00
-3.025e+00
-3.030e+00
-3.025e+00
-3.030e+00
-3.020e+00
-3.019e+00
-3.023e+00
-3.019e+00
-3.010e+00
-3.015e+00
-3.015e+00
-3.020e+00
-3.009e+00
-3.025e+00
