1	0	INDP	IPOND
-1.991e+02
-1.907e+02
-1.906e+02
-1.906e+02
-1.906e+02
-1.906e+02
-1.906e+02
-1.906e+02
-1.906e+02
-1.906e+02
-1.906e+02
-1.906e+02
-1.906e+02
-1.906e+02
-1.906e+02
-1.906e+02
-1.906e+02
-1.906e+02
-1.905e+02
-1.805e+02
-7.076e+01
-1.907e+02
-7.151e+01
-7.147e+01
-7.147e+01
-7.147e+01
-7.147e+01
-7.147e+01
-7.147e+01
-7.147e+01
-7.147e+01
-7.147e+01
-7.147e+01
-7.147e+01
-7.147e+01
-7.147e+01
-7.147e+01
-7.147e+01
-7.147e+01
-7.147e+01
-7.107e+01
-2.344e+01
-1.906e+02
-7.147e+01
-7.141e+01
-7.141e+01
-7.141e+01
-7.141e+01
-7.141e+01
-7.141e+01
-7.141e+01
-7.141e+01
-7.141e+01
-7.141e+01
-7.141e+01
-7.141e+01
-7.141e+01
-7.141e+01
-7.141e+01
-7.141e+01
-7.143e+01
-7.096e+01
-2.370e+01
-1.906e+02
-7.147e+01
-7.141e+01
-7.141e+01
-7.141e+01
-7.141e+01
-7.141e+01
-7.141e+01
-7.141e+01
-7.141e+01
-7.141e+01
-7.141e+01
-7.141e+01
-7.141e+01
-7.141e+01
-7.141e+01
-7.141e+01
-7.141e+01
-7.143e+01
-7.096e+01
-2.370e+01
-1.906e+02
-7.147e+01
-7.141e+01
-7.141e+01
-7.141e+01
-7.141e+01
-7.141e+01
-7.141e+01
-7.141e+01
-7.141e+01
-7.141e+01
-7.141e+01
-7.141e+01
-7.141e+01
-7.141e+01
-7.141e+01
-7.141e+01
-7.141e+01
-7.143e+01
-7.096e+01
-2.370e+01
-1.906e+02
-7.147e+01
-7.141e+01
-7.141e+01
-7.141e+01
-7.141e+01
-7.141e+01
-7.141e+01
-7.141e+01
-7.141e+01
-7.141e+01
-7.141e+01
-7.141e+01
-7.141e+01
-7.141e+01
-7.141e+01
-7.141e+01
-7.141e+01
-7.143e+01
-7.096e+01
-2.370e+01
-1.906e+02
-7.147e+01
-7.141e+01
-7.141e+01
-7.141e+01
-7.141e+01
-7.141e+01
-7.141e+01
-7.141e+01
-7.141e+01
-7.141e+01
-7.141e+01
-7.141e+01
-7.141e+01
-7.141e+01
-7.141e+01
-7.141e+01
-7.141e+01
-7.143e+01
-7.096e+01
-2.370e+01
-1.906e+02
-7.147e+01
-7.141e+01
-7.141e+01
-7.141e+01
-7.141e+01
-7.141e+01
-7.141e+01
-7.141e+01
-7.141e+01
-7.141e+01
-7.141e+01
-7.141e+01
-7.141e+01
-7.141e+01
-7.141e+01
-7.141e+01
-7.141e+01
-7.143e+01
-7.096e+01
-2.370e+01
-1.906e+02
-7.147e+01
-7.141e+01
-7.141e+01
-7.141e+01
-7.141e+01
-7.141e+01
-7.141e+01
-7.141e+01
-7.141e+01
-7.141e+01
-7.141e+01
-7.141e+01
-7.141e+01
-7.141e+01
-7.141e+01
-7.141e+01
-7.141e+01
-7.141e+01
-7.096e+01
-2.370e+01
-1.932e+02
-7.219e+01
-7.226e+01
-7.226e+01
-7.226e+01
-7.226e+01
-7.226e+01
-7.226e+01
-7.226e+01
-7.226e+01
-7.226e+01
-7.226e+01
-7.226e+01
-7.226e+01
-7.226e+01
-7.226e+01
-7.226e+01
-7.226e+01
-7.226e+01
-7.196e+01
-2.357e+01
-2.001e+02
-2.000e+02
-2.000e+02
-2.000e+02
-2.000e+02
-2.000e+02
-2.000e+02
-2.000e+02
-2.000e+02
-2.000e+02
-2.000e+02
-2.000e+02
-2.000e+02
-2.000e+02
-2.000e+02
-2.000e+02
-2.000e+02
-2.000e+02
-2.000e+02
-2.000e+02
-2.000e+02
-2.012e+02
-2.004e+02
-2.004e+02
-2.004e+02
-2.004e+02
-2.004e+02
-2.004e+02
-2.004e+02
-2.004e+02
-2.004e+02
-2.004e+02
-2.004e+02
-2.004e+02
-2.004e+02
-2.004e+02
-2.004e+02
-2.004e+02
-2.004e+02
-2.004e+02
-2.004e+02
-2.001e+02
-2.012e+02
-2.004e+02
-2.004e+02
-2.004e+02
-2.004e+02
-2.004e+02
-2.004e+02
-2.004e+02
-2.004e+02
-2.004e+02
-2.004e+02
-2.004e+02
-2.004e+02
-2.004e+02
-2.004e+02
-2.004e+02
-2.004e+02
-2.004e+02
-2.004e+02
-2.004e+02
-2.001e+02
-2.012e+02
-2.004e+02
-2.004e+02
-2.004e+02
-2.004e+02
-2.004e+02
-2.004e+02
-2.004e+02
-2.004e+02
-2.004e+02
-2.004e+02
-2.004e+02
-2.004e+02
-2.004e+02
-2.004e+02
-2.004e+02
-2.004e+02
-2.004e+02
-2.004e+02
-2.004e+02
-2.001e+02
-2.012e+02
-2.004e+02
-2.004e+02
-2.004e+02
-2.004e+02
-2.004e+02
-2.004e+02
-2.004e+02
-2.004e+02
-2.004e+02
-2.004e+02
-2.004e+02
-2.004e+02
-2.004e+02
-2.004e+02
-2.004e+02
-2.004e+02
-2.004e+02
-2.004e+02
-2.004e+02
-2.001e+02
-2.012e+02
-2.004e+02
-2.004e+02
-2.004e+02
-2.004e+02
-2.004e+02
-2.004e+02
-2.004e+02
-2.004e+02
-2.004e+02
-2.004e+02
-2.004e+02
-2.004e+02
-2.004e+02
-2.004e+02
-2.004e+02
-2.004e+02
-2.004e+02
-2.004e+02
-2.004e+02
-2.001e+02
-2.012e+02
-2.004e+02
-2.004e+02
-2.004e+02
-2.004e+02
-2.004e+02
-2.004e+02
-2.004e+02
-2.004e+02
-2.004e+02
-2.004e+02
-2.004e+02
-2.004e+02
-2.004e+02
-2.004e+02
-2.004e+02
-2.004e+02
-2.004e+02
-2.004e+02
-2.004e+02
-2.001e+02
-2.012e+02
-2.004e+02
-2.004e+02
-2.004e+02
-2.004e+02
-2.004e+02
-2.004e+02
-2.004e+02
-2.004e+02
-2.004e+02
-2.004e+02
-2.004e+02
-2.004e+02
-2.004e+02
-2.004e+02
-2.004e+02
-2.004e+02
-2.004e+02
-2.004e+02
-2.004e+02
-2.001e+02
-2.012e+02
-2.004e+02
-2.004e+02
-2.004e+02
-2.004e+02
-2.004e+02
-2.004e+02
-2.004e+02
-2.004e+02
-2.004e+02
-2.004e+02
-2.004e+02
-2.004e+02
-2.004e+02
-2.004e+02
-2.004e+02
-2.004e+02
-2.004e+02
-2.004e+02
-2.004e+02
-2.001e+02
-2.011e+02
-2.004e+02
-2.004e+02
-2.004e+02
-2.004e+02
-2.004e+02
-2.004e+02
-2.004e+02
-2.004e+02
-2.004e+02
-2.004e+02
-2.004e+02
-2.004e+02
-2.004e+02
-2.004e+02
-2.004e+02
-2.004e+02
-2.004e+02
-2.004e+02
-2.004e+02
-2.001e+02
-2.004e+02
-2.001e+02
-2.001e+02
-2.001e+02
-2.001e+02
-2.001e+02
-2.001e+02
-2.001e+02
-2.001e+02
-2.001e+02
-2.001e+02
-2.001e+02
-2.001e+02
-2.001e+02
-2.001e+02
-2.001e+02
-2.001e+02
-2.001e+02
-2.001e+02
-2.001e+02
-2.001e+02
-1.813e+02
-1.477e+02
-1.476e+02
-1.476e+02
-1.476e+02
-1.476e+02
-1.476e+02
-1.476e+02
-1.476e+02
-1.476e+02
-1.476e+02
-1.476e+02
-1.476e+02
-1.476e+02
-1.476e+02
-1.476e+02
-1.476e+02
-1.476e+02
-1.477e+02
-1.510e+02
-6.878e+01
-1.477e+02
-6.896e+01
-6.892e+01
-6.892e+01
-6.892e+01
-6.892e+01
-6.892e+01
-6.892e+01
-6.892e+01
-6.892e+01
-6.892e+01
-6.892e+01
-6.892e+01
-6.892e+01
-6.892e+01
-6.892e+01
-6.892e+01
-6.892e+01
-6.900e+01
-6.887e+01
-3.485e+01
-1.476e+02
-6.892e+01
-6.896e+01
-6.896e+01
-6.896e+01
-6.896e+01
-6.896e+01
-6.896e+01
-6.896e+01
-6.896e+01
-6.896e+01
-6.896e+01
-6.896e+01
-6.896e+01
-6.896e+01
-6.896e+01
-6.896e+01
-6.896e+01
-6.901e+01
-6.888e+01
-3.481e+01
-1.476e+02
-6.892e+01
-6.896e+01
-6.896e+01
-6.896e+01
-6.896e+01
-6.896e+01
-6.896e+01
-6.896e+01
-6.896e+01
-6.896e+01
-6.896e+01
-6.896e+01
-6.896e+01
-6.896e+01
-6.896e+01
-6.896e+01
-6.896e+01
-6.901e+01
-6.888e+01
-3.481e+01
-1.476e+02
-6.892e+01
-6.896e+01
-6.896e+01
-6.896e+01
-6.896e+01
-6.896e+01
-6.896e+01
-6.896e+01
-6.896e+01
-6.896e+01
-6.896e+01
-6.896e+01
-6.896e+01
-6.896e+01
-6.896e+01
-6.896e+01
-6.896e+01
-6.901e+01
-6.888e+01
-3.481e+01
-1.476e+02
-6.892e+01
-6.896e+01
-6.896e+01
-6.896e+01
-6.896e+01
-6.896e+01
-6.896e+01
-6.896e+01
-6.896e+01
-6.896e+01
-6.896e+01
-6.896e+01
-6.896e+01
-6.896e+01
-6.896e+01
-6.896e+01
-6.896e+01
-6.901e+01
-6.888e+01
-3.481e+01
-1.476e+02
-6.892e+01
-6.896e+01
-6.896e+01
-6.896e+01
-6.896e+01
-6.896e+01
-6.896e+01
-6.896e+01
-6.896e+01
-6.896e+01
-6.896e+01
-6.896e+01
-6.896e+01
-6.896e+01
-6.896e+01
-6.896e+01
-6.896e+01
-6.901e+01
-6.888e+01
-3.481e+01
-1.476e+02
-6.892e+01
-6.896e+01
-6.896e+01
-6.896e+01
-6.896e+01
-6.896e+01
-6.896e+01
-6.896e+01
-6.896e+01
-6.896e+01
-6.896e+01
-6.896e+01
-6.896e+01
-6.896e+01
-6.896e+01
-6.896e+01
-6.896e+01
-6.901e+01
-6.888e+01
-3.481e+01
-1.476e+02
-6.891e+01
-6.896e+01
-6.896e+01
-6.896e+01
-6.896e+01
-6.896e+01
-6.896e+01
-6.896e+01
-6.896e+01
-6.896e+01
-6.896e+01
-6.896e+01
-6.896e+01
-6.896e+01
-6.896e+01
-6.896e+01
-6.896e+01
-6.896e+01
-6.888e+01
-3.481e+01
-1.479e+02
-6.954e+01
-6.970e+01
-6.970e+01
-6.970e+01
-6.970e+01
-6.970e+01
-6.970e+01
-6.970e+01
-6.970e+01
-6.970e+01
-6.970e+01
-6.970e+01
-6.970e+01
-6.970e+01
-6.970e+01
-6.970e+01
-6.970e+01
-6.970e+01
-6.970e+01
-3.526e+01
-2.001e+02
-2.000e+02
-2.000e+02
-2.000e+02
-2.000e+02
-2.000e+02
-2.000e+02
-2.000e+02
-2.000e+02
-2.000e+02
-2.000e+02
-2.000e+02
-2.000e+02
-2.000e+02
-2.000e+02
-2.000e+02
-2.000e+02
-2.000e+02
-2.000e+02
-2.000e+02
-2.000e+02
-2.007e+02
-2.003e+02
-2.003e+02
-2.003e+02
-2.003e+02
-2.003e+02
-2.003e+02
-2.003e+02
-2.003e+02
-2.003e+02
-2.003e+02
-2.003e+02
-2.003e+02
-2.003e+02
-2.003e+02
-2.003e+02
-2.003e+02
-2.003e+02
-2.003e+02
-2.003e+02
-2.002e+02
-2.006e+02
-2.003e+02
-2.003e+02
-2.003e+02
-2.003e+02
-2.003e+02
-2.003e+02
-2.003e+02
-2.003e+02
-2.003e+02
-2.003e+02
-2.003e+02
-2.003e+02
-2.003e+02
-2.003e+02
-2.003e+02
-2.003e+02
-2.003e+02
-2.003e+02
-2.003e+02
-2.002e+02
-2.006e+02
-2.003e+02
-2.003e+02
-2.003e+02
-2.003e+02
-2.003e+02
-2.003e+02
-2.003e+02
-2.003e+02
-2.003e+02
-2.003e+02
-2.003e+02
-2.003e+02
-2.003e+02
-2.003e+02
-2.003e+02
-2.003e+02
-2.003e+02
-2.003e+02
-2.003e+02
-2.002e+02
-2.006e+02
-2.003e+02
-2.003e+02
-2.003e+02
-2.003e+02
-2.003e+02
-2.003e+02
-2.003e+02
-2.003e+02
-2.003e+02
-2.003e+02
-2.003e+02
-2.003e+02
-2.003e+02
-2.003e+02
-2.003e+02
-2.003e+02
-2.003e+02
-2.003e+02
-2.003e+02
-2.002e+02
-2.006e+02
-2.003e+02
-2.003e+02
-2.003e+02
-2.003e+02
-2.003e+02
-2.003e+02
-2.003e+02
-2.003e+02
-2.003e+02
-2.003e+02
-2.003e+02
-2.003e+02
-2.003e+02
-2.003e+02
-2.003e+02
-2.003e+02
-2.003e+02
-2.003e+02
-2.003e+02
-2.002e+02
-2.006e+02
-2.003e+02
-2.003e+02
-2.003e+02
-2.003e+02
-2.003e+02
-2.003e+02
-2.003e+02
-2.003e+02
-2.003e+02
-2.003e+02
-2.003e+02
-2.003e+02
-2.003e+02
-2.003e+02
-2.003e+02
-2.003e+02
-2.003e+02
-2.003e+02
-2.003e+02
-2.002e+02
-2.006e+02
-2.003e+02
-2.003e+02
-2.003e+02
-2.003e+02
-2.003e+02
-2.003e+02
-2.003e+02
-2.003e+02
-2.003e+02
-2.003e+02
-2.003e+02
-2.003e+02
-2.003e+02
-2.003e+02
-2.003e+02
-2.003e+02
-2.003e+02
-2.003e+02
-2.003e+02
-2.002e+02
-2.006e+02
-2.003e+02
-2.003e+02
-2.003e+02
-2.003e+02
-2.003e+02
-2.003e+02
-2.003e+02
-2.003e+02
-2.003e+02
-2.003e+02
-2.003e+02
-2.003e+02
-2.003e+02
-2.003e+02
-2.003e+02
-2.003e+02
-2.003e+02
-2.003e+02
-2.003e+02
-2.002e+02
-2.008e+02
-2.003e+02
-2.003e+02
-2.003e+02
-2.003e+02
-2.003e+02
-2.003e+02
-2.003e+02
-2.003e+02
-2.003e+02
-2.003e+02
-2.003e+02
-2.003e+02
-2.003e+02
-2.003e+02
-2.003e+02
-2.003e+02
-2.003e+02
-2.003e+02
-2.003e+02
-2.002e+02
-2.003e+02
-2.002e+02
-2.002e+02
-2.002e+02
-2.002e+02
-2.002e+02
-2.002e+02
-2.002e+02
-2.002e+02
-2.002e+02
-2.002e+02
-2.002e+02
-2.002e+02
-2.002e+02
-2.002e+02
-2.002e+02
-2.002e+02
-2.002e+02
-2.002e+02
-2.002e+02
-2.002e+02
-1.278e+02
-1.015e+02
-1.015e+02
-1.015e+02
-1.015e+02
-1.015e+02
-1.015e+02
-1.015e+02
-1.015e+02
-1.015e+02
-1.015e+02
-1.015e+02
-1.015e+02
-1.015e+02
-1.015e+02
-1.015e+02
-1.015e+02
-1.015e+02
-1.015e+02
-1.026e+02
-6.318e+01
-1.015e+02
-6.327e+01
-6.327e+01
-6.327e+01
-6.327e+01
-6.327e+01
-6.327e+01
-6.327e+01
-6.327e+01
-6.327e+01
-6.327e+01
-6.327e+01
-6.327e+01
-6.327e+01
-6.327e+01
-6.327e+01
-6.327e+01
-6.327e+01
-6.318e+01
-6.318e+01
-4.271e+01
-1.015e+02
-6.327e+01
-6.327e+01
-6.327e+01
-6.327e+01
-6.327e+01
-6.327e+01
-6.327e+01
-6.327e+01
-6.327e+01
-6.327e+01
-6.327e+01
-6.327e+01
-6.327e+01
-6.327e+01
-6.327e+01
-6.327e+01
-6.327e+01
-6.318e+01
-6.318e+01
-4.263e+01
-1.015e+02
-6.327e+01
-6.327e+01
-6.327e+01
-6.327e+01
-6.327e+01
-6.327e+01
-6.327e+01
-6.327e+01
-6.327e+01
-6.327e+01
-6.327e+01
-6.327e+01
-6.327e+01
-6.327e+01
-6.327e+01
-6.327e+01
-6.327e+01
-6.318e+01
-6.318e+01
-4.263e+01
-1.015e+02
-6.327e+01
-6.327e+01
-6.327e+01
-6.327e+01
-6.327e+01
-6.327e+01
-6.327e+01
-6.327e+01
-6.327e+01
-6.327e+01
-6.327e+01
-6.327e+01
-6.327e+01
-6.327e+01
-6.327e+01
-6.327e+01
-6.327e+01
-6.318e+01
-6.318e+01
-4.263e+01
-1.015e+02
-6.327e+01
-6.327e+01
-6.327e+01
-6.327e+01
-6.327e+01
-6.327e+01
-6.327e+01
-6.327e+01
-6.327e+01
-6.327e+01
-6.327e+01
-6.327e+01
-6.327e+01
-6.327e+01
-6.327e+01
-6.327e+01
-6.327e+01
-6.318e+01
-6.318e+01
-4.263e+01
-1.015e+02
-6.327e+01
-6.327e+01
-6.327e+01
-6.327e+01
-6.327e+01
-6.327e+01
-6.327e+01
-6.327e+01
-6.327e+01
-6.327e+01
-6.327e+01
-6.327e+01
-6.327e+01
-6.327e+01
-6.327e+01
-6.327e+01
-6.327e+01
-6.318e+01
-6.318e+01
-4.263e+01
-1.015e+02
-6.327e+01
-6.327e+01
-6.327e+01
-6.327e+01
-6.327e+01
-6.327e+01
-6.327e+01
-6.327e+01
-6.327e+01
-6.327e+01
-6.327e+01
-6.327e+01
-6.327e+01
-6.327e+01
-6.327e+01
-6.327e+01
-6.327e+01
-6.318e+01
-6.318e+01
-4.263e+01
-1.013e+02
-6.318e+01
-6.318e+01
-6.318e+01
-6.318e+01
-6.318e+01
-6.318e+01
-6.318e+01
-6.318e+01
-6.318e+01
-6.318e+01
-6.318e+01
-6.318e+01
-6.318e+01
-6.318e+01
-6.318e+01
-6.318e+01
-6.318e+01
-6.318e+01
-6.318e+01
-4.263e+01
-1.022e+02
-6.449e+01
-6.449e+01
-6.449e+01
-6.449e+01
-6.449e+01
-6.449e+01
-6.449e+01
-6.449e+01
-6.449e+01
-6.449e+01
-6.449e+01
-6.449e+01
-6.449e+01
-6.449e+01
-6.449e+01
-6.449e+01
-6.449e+01
-6.449e+01
-6.458e+01
-4.349e+01
-2.000e+02
-2.000e+02
-2.000e+02
-2.000e+02
-2.000e+02
-2.000e+02
-2.000e+02
-2.000e+02
-2.000e+02
-2.000e+02
-2.000e+02
-2.000e+02
-2.000e+02
-2.000e+02
-2.000e+02
-2.000e+02
-2.000e+02
-2.000e+02
-2.000e+02
-2.000e+02
-2.000e+02
-2.003e+02
-2.002e+02
-2.002e+02
-2.002e+02
-2.002e+02
-2.002e+02
-2.002e+02
-2.002e+02
-2.002e+02
-2.002e+02
-2.002e+02
-2.002e+02
-2.002e+02
-2.002e+02
-2.002e+02
-2.002e+02
-2.002e+02
-2.002e+02
-2.002e+02
-2.002e+02
-2.002e+02
-2.003e+02
-2.002e+02
-2.002e+02
-2.002e+02
-2.002e+02
-2.002e+02
-2.002e+02
-2.002e+02
-2.002e+02
-2.002e+02
-2.002e+02
-2.002e+02
-2.002e+02
-2.002e+02
-2.002e+02
-2.002e+02
-2.002e+02
-2.002e+02
-2.002e+02
-2.002e+02
-2.002e+02
-2.003e+02
-2.002e+02
-2.002e+02
-2.002e+02
-2.002e+02
-2.002e+02
-2.002e+02
-2.002e+02
-2.002e+02
-2.002e+02
-2.002e+02
-2.002e+02
-2.002e+02
-2.002e+02
-2.002e+02
-2.002e+02
-2.002e+02
-2.002e+02
-2.002e+02
-2.002e+02
-2.002e+02
-2.003e+02
-2.002e+02
-2.002e+02
-2.002e+02
-2.002e+02
-2.002e+02
-2.002e+02
-2.002e+02
-2.002e+02
-2.002e+02
-2.002e+02
-2.002e+02
-2.002e+02
-2.002e+02
-2.002e+02
-2.002e+02
-2.002e+02
-2.002e+02
-2.002e+02
-2.002e+02
-2.002e+02
-2.003e+02
-2.002e+02
-2.002e+02
-2.002e+02
-2.002e+02
-2.002e+02
-2.002e+02
-2.002e+02
-2.002e+02
-2.002e+02
-2.002e+02
-2.002e+02
-2.002e+02
-2.002e+02
-2.002e+02
-2.002e+02
-2.002e+02
-2.002e+02
-2.002e+02
-2.002e+02
-2.002e+02
-2.003e+02
-2.002e+02
-2.002e+02
-2.002e+02
-2.002e+02
-2.002e+02
-2.002e+02
-2.002e+02
-2.002e+02
-2.002e+02
-2.002e+02
-2.002e+02
-2.002e+02
-2.002e+02
-2.002e+02
-2.002e+02
-2.002e+02
-2.002e+02
-2.002e+02
-2.002e+02
-2.002e+02
-2.003e+02
-2.002e+02
-2.002e+02
-2.002e+02
-2.002e+02
-2.002e+02
-2.002e+02
-2.002e+02
-2.002e+02
-2.002e+02
-2.002e+02
-2.002e+02
-2.002e+02
-2.002e+02
-2.002e+02
-2.002e+02
-2.002e+02
-2.002e+02
-2.002e+02
-2.002e+02
-2.002e+02
-2.003e+02
-2.002e+02
-2.002e+02
-2.002e+02
-2.002e+02
-2.002e+02
-2.002e+02
-2.002e+02
-2.002e+02
-2.002e+02
-2.002e+02
-2.002e+02
-2.002e+02
-2.002e+02
-2.002e+02
-2.002e+02
-2.002e+02
-2.002e+02
-2.002e+02
-2.002e+02
-2.002e+02
-2.003e+02
-2.002e+02
-2.002e+02
-2.002e+02
-2.002e+02
-2.002e+02
-2.002e+02
-2.002e+02
-2.002e+02
-2.002e+02
-2.002e+02
-2.002e+02
-2.002e+02
-2.002e+02
-2.002e+02
-2.002e+02
-2.002e+02
-2.002e+02
-2.002e+02
-2.002e+02
-2.002e+02
-2.002e+02
-2.002e+02
-2.002e+02
-2.002e+02
-2.002e+02
-2.002e+02
-2.002e+02
-2.002e+02
-2.002e+02
-2.002e+02
-2.002e+02
-2.002e+02
-2.002e+02
-2.002e+02
-2.002e+02
-2.002e+02
-2.002e+02
-2.002e+02
-2.002e+02
-2.002e+02
-2.002e+02
-8.791e+01
-7.483e+01
-7.483e+01
-7.483e+01
-7.483e+01
-7.483e+01
-7.483e+01
-7.483e+01
-7.483e+01
-7.483e+01
-7.483e+01
-7.483e+01
-7.483e+01
-7.483e+01
-7.483e+01
-7.483e+01
-7.483e+01
-7.483e+01
-7.483e+01
-7.500e+01
-5.503e+01
-7.483e+01
-5.502e+01
-5.501e+01
-5.501e+01
-5.501e+01
-5.501e+01
-5.501e+01
-5.501e+01
-5.501e+01
-5.501e+01
-5.501e+01
-5.501e+01
-5.501e+01
-5.501e+01
-5.501e+01
-5.501e+01
-5.501e+01
-5.501e+01
-5.501e+01
-5.503e+01
-4.189e+01
-7.483e+01
-5.501e+01
-5.501e+01
-5.501e+01
-5.501e+01
-5.501e+01
-5.501e+01
-5.501e+01
-5.501e+01
-5.501e+01
-5.501e+01
-5.501e+01
-5.501e+01
-5.501e+01
-5.501e+01
-5.501e+01
-5.501e+01
-5.501e+01
-5.501e+01
-5.503e+01
-4.189e+01
-7.483e+01
-5.501e+01
-5.501e+01
-5.501e+01
-5.501e+01
-5.501e+01
-5.501e+01
-5.501e+01
-5.501e+01
-5.501e+01
-5.501e+01
-5.501e+01
-5.501e+01
-5.501e+01
-5.501e+01
-5.501e+01
-5.501e+01
-5.501e+01
-5.501e+01
-5.503e+01
-4.189e+01
-7.483e+01
-5.501e+01
-5.501e+01
-5.501e+01
-5.501e+01
-5.501e+01
-5.501e+01
-5.501e+01
-5.501e+01
-5.501e+01
-5.501e+01
-5.501e+01
-5.501e+01
-5.501e+01
-5.501e+01
-5.501e+01
-5.501e+01
-5.501e+01
-5.501e+01
-5.503e+01
-4.189e+01
-7.483e+01
-5.501e+01
-5.501e+01
-5.501e+01
-5.501e+01
-5.501e+01
-5.501e+01
-5.501e+01
-5.501e+01
-5.501e+01
-5.501e+01
-5.501e+01
-5.501e+01
-5.501e+01
-5.501e+01
-5.501e+01
-5.501e+01
-5.501e+01
-5.501e+01
-5.503e+01
-4.189e+01
-7.483e+01
-5.501e+01
-5.501e+01
-5.501e+01
-5.501e+01
-5.501e+01
-5.501e+01
-5.501e+01
-5.501e+01
-5.501e+01
-5.501e+01
-5.501e+01
-5.501e+01
-5.501e+01
-5.501e+01
-5.501e+01
-5.501e+01
-5.501e+01
-5.501e+01
-5.503e+01
-4.189e+01
-7.483e+01
-5.501e+01
-5.501e+01
-5.501e+01
-5.501e+01
-5.501e+01
-5.501e+01
-5.501e+01
-5.501e+01
-5.501e+01
-5.501e+01
-5.501e+01
-5.501e+01
-5.501e+01
-5.501e+01
-5.501e+01
-5.501e+01
-5.501e+01
-5.501e+01
-5.503e+01
-4.189e+01
-7.488e+01
-5.501e+01
-5.501e+01
-5.501e+01
-5.501e+01
-5.501e+01
-5.501e+01
-5.501e+01
-5.501e+01
-5.501e+01
-5.501e+01
-5.501e+01
-5.501e+01
-5.501e+01
-5.501e+01
-5.501e+01
-5.501e+01
-5.501e+01
-5.501e+01
-5.503e+01
-4.189e+01
-7.572e+01
-5.576e+01
-5.576e+01
-5.576e+01
-5.576e+01
-5.576e+01
-5.576e+01
-5.576e+01
-5.576e+01
-5.576e+01
-5.576e+01
-5.576e+01
-5.576e+01
-5.576e+01
-5.576e+01
-5.576e+01
-5.576e+01
-5.576e+01
-5.576e+01
-5.575e+01
-4.227e+01
-2.000e+02
-2.000e+02
-2.000e+02
-2.000e+02
-2.000e+02
-2.000e+02
-2.000e+02
-2.000e+02
-2.000e+02
-2.000e+02
-2.000e+02
-2.000e+02
-2.000e+02
-2.000e+02
-2.000e+02
-2.000e+02
-2.000e+02
-2.000e+02
-2.000e+02
-2.000e+02
-2.000e+02
-2.000e+02
-2.001e+02
-2.001e+02
-2.001e+02
-2.001e+02
-2.001e+02
-2.001e+02
-2.001e+02
-2.001e+02
-2.001e+02
-2.001e+02
-2.001e+02
-2.001e+02
-2.001e+02
-2.001e+02
-2.001e+02
-2.001e+02
-2.001e+02
-2.001e+02
-2.001e+02
-2.001e+02
-2.000e+02
-2.001e+02
-2.001e+02
-2.001e+02
-2.001e+02
-2.001e+02
-2.001e+02
-2.001e+02
-2.001e+02
-2.001e+02
-2.001e+02
-2.001e+02
-2.001e+02
-2.001e+02
-2.001e+02
-2.001e+02
-2.001e+02
-2.001e+02
-2.001e+02
-2.001e+02
-2.001e+02
-2.000e+02
-2.001e+02
-2.001e+02
-2.001e+02
-2.001e+02
-2.001e+02
-2.001e+02
-2.001e+02
-2.001e+02
-2.001e+02
-2.001e+02
-2.001e+02
-2.001e+02
-2.001e+02
-2.001e+02
-2.001e+02
-2.001e+02
-2.001e+02
-2.001e+02
-2.001e+02
-2.001e+02
-2.000e+02
-2.001e+02
-2.001e+02
-2.001e+02
-2.001e+02
-2.001e+02
-2.001e+02
-2.001e+02
-2.001e+02
-2.001e+02
-2.001e+02
-2.001e+02
-2.001e+02
-2.001e+02
-2.001e+02
-2.001e+02
-2.001e+02
-2.001e+02
-2.001e+02
-2.001e+02
-2.001e+02
-2.000e+02
-2.001e+02
-2.001e+02
-2.001e+02
-2.001e+02
-2.001e+02
-2.001e+02
-2.001e+02
-2.001e+02
-2.001e+02
-2.001e+02
-2.001e+02
-2.001e+02
-2.001e+02
-2.001e+02
-2.001e+02
-2.001e+02
-2.001e+02
-2.001e+02
-2.001e+02
-2.001e+02
-2.000e+02
-2.001e+02
-2.001e+02
-2.001e+02
-2.001e+02
-2.001e+02
-2.001e+02
-2.001e+02
-2.001e+02
-2.001e+02
-2.001e+02
-2.001e+02
-2.001e+02
-2.001e+02
-2.001e+02
-2.001e+02
-2.001e+02
-2.001e+02
-2.001e+02
-2.001e+02
-2.001e+02
-2.000e+02
-2.001e+02
-2.001e+02
-2.001e+02
-2.001e+02
-2.001e+02
-2.001e+02
-2.001e+02
-2.001e+02
-2.001e+02
-2.001e+02
-2.001e+02
-2.001e+02
-2.001e+02
-2.001e+02
-2.001e+02
-2.001e+02
-2.001e+02
-2.001e+02
-2.001e+02
-2.001e+02
-2.000e+02
-2.001e+02
-2.001e+02
-2.001e+02
-2.001e+02
-2.001e+02
-2.001e+02
-2.001e+02
-2.001e+02
-2.001e+02
-2.001e+02
-2.001e+02
-2.001e+02
-2.001e+02
-2.001e+02
-2.001e+02
-2.001e+02
-2.001e+02
-2.001e+02
-2.001e+02
-2.001e+02
-2.000e+02
-2.001e+02
-2.001e+02
-2.001e+02
-2.001e+02
-2.001e+02
-2.001e+02
-2.001e+02
-2.001e+02
-2.001e+02
-2.001e+02
-2.001e+02
-2.001e+02
-2.001e+02
-2.001e+02
-2.001e+02
-2.001e+02
-2.001e+02
-2.001e+02
-2.001e+02
-2.001e+02
-2.001e+02
-2.001e+02
-2.001e+02
-2.001e+02
-2.001e+02
-2.001e+02
-2.001e+02
-2.001e+02
-2.001e+02
-2.001e+02
-2.001e+02
-2.001e+02
-2.001e+02
-2.001e+02
-2.001e+02
-2.001e+02
-2.001e+02
-2.001e+02
-2.001e+02
-2.001e+02
-2.001e+02
-5.772e+01
-5.130e+01
-5.130e+01
-5.130e+01
-5.130e+01
-5.130e+01
-5.130e+01
-5.130e+01
-5.130e+01
-5.130e+01
-5.130e+01
-5.130e+01
-5.130e+01
-5.130e+01
-5.130e+01
-5.130e+01
-5.130e+01
-5.130e+01
-5.130e+01
-5.130e+01
-4.123e+01
-5.130e+01
-4.123e+01
-4.123e+01
-4.123e+01
-4.123e+01
-4.123e+01
-4.123e+01
-4.123e+01
-4.123e+01
-4.123e+01
-4.123e+01
-4.123e+01
-4.123e+01
-4.123e+01
-4.123e+01
-4.123e+01
-4.123e+01
-4.123e+01
-4.123e+01
-4.123e+01
-3.388e+01
-5.130e+01
-4.123e+01
-4.123e+01
-4.123e+01
-4.123e+01
-4.123e+01
-4.123e+01
-4.123e+01
-4.123e+01
-4.123e+01
-4.123e+01
-4.123e+01
-4.123e+01
-4.123e+01
-4.123e+01
-4.123e+01
-4.123e+01
-4.123e+01
-4.123e+01
-4.123e+01
-3.388e+01
-5.130e+01
-4.123e+01
-4.123e+01
-4.123e+01
-4.123e+01
-4.123e+01
-4.123e+01
-4.123e+01
-4.123e+01
-4.123e+01
-4.123e+01
-4.123e+01
-4.123e+01
-4.123e+01
-4.123e+01
-4.123e+01
-4.123e+01
-4.123e+01
-4.123e+01
-4.123e+01
-3.388e+01
-5.130e+01
-4.123e+01
-4.123e+01
-4.123e+01
-4.123e+01
-4.123e+01
-4.123e+01
-4.123e+01
-4.123e+01
-4.123e+01
-4.123e+01
-4.123e+01
-4.123e+01
-4.123e+01
-4.123e+01
-4.123e+01
-4.123e+01
-4.123e+01
-4.123e+01
-4.123e+01
-3.388e+01
-5.130e+01
-4.123e+01
-4.123e+01
-4.123e+01
-4.123e+01
-4.123e+01
-4.123e+01
-4.123e+01
-4.123e+01
-4.123e+01
-4.123e+01
-4.123e+01
-4.123e+01
-4.123e+01
-4.123e+01
-4.123e+01
-4.123e+01
-4.123e+01
-4.123e+01
-4.123e+01
-3.388e+01
-5.130e+01
-4.123e+01
-4.123e+01
-4.123e+01
-4.123e+01
-4.123e+01
-4.123e+01
-4.123e+01
-4.123e+01
-4.123e+01
-4.123e+01
-4.123e+01
-4.123e+01
-4.123e+01
-4.123e+01
-4.123e+01
-4.123e+01
-4.123e+01
-4.123e+01
-4.123e+01
-3.388e+01
-5.130e+01
-4.123e+01
-4.123e+01
-4.123e+01
-4.123e+01
-4.123e+01
-4.123e+01
-4.123e+01
-4.123e+01
-4.123e+01
-4.123e+01
-4.123e+01
-4.123e+01
-4.123e+01
-4.123e+01
-4.123e+01
-4.123e+01
-4.123e+01
-4.123e+01
-4.123e+01
-3.388e+01
-5.130e+01
-4.123e+01
-4.123e+01
-4.123e+01
-4.123e+01
-4.123e+01
-4.123e+01
-4.123e+01
-4.123e+01
-4.123e+01
-4.123e+01
-4.123e+01
-4.123e+01
-4.123e+01
-4.123e+01
-4.123e+01
-4.123e+01
-4.123e+01
-4.123e+01
-4.123e+01
-3.388e+01
-5.138e+01
-4.135e+01
-4.138e+01
-4.138e+01
-4.138e+01
-4.138e+01
-4.138e+01
-4.138e+01
-4.138e+01
-4.138e+01
-4.138e+01
-4.138e+01
-4.138e+01
-4.138e+01
-4.138e+01
-4.138e+01
-4.138e+01
-4.138e+01
-4.138e+01
-4.138e+01
-3.402e+01
-2.000e+02
-2.000e+02
-2.000e+02
-2.000e+02
-2.000e+02
-2.000e+02
-2.000e+02
-2.000e+02
-2.000e+02
-2.000e+02
-2.000e+02
-2.000e+02
-2.000e+02
-2.000e+02
-2.000e+02
-2.000e+02
-2.000e+02
-2.000e+02
-2.000e+02
-2.000e+02
-2.000e+02
-2.000e+02
-2.000e+02
-2.000e+02
-2.000e+02
-2.000e+02
-2.000e+02
-2.000e+02
-2.000e+02
-2.000e+02
-2.000e+02
-2.000e+02
-2.000e+02
-2.000e+02
-2.000e+02
-2.000e+02
-2.000e+02
-2.000e+02
-2.000e+02
-2.000e+02
-2.000e+02
-2.000e+02
-2.000e+02
-2.000e+02
-2.000e+02
-2.000e+02
-2.000e+02
-2.000e+02
-2.000e+02
-2.000e+02
-2.000e+02
-2.000e+02
-2.000e+02
-2.000e+02
-2.000e+02
-2.000e+02
-2.000e+02
-2.000e+02
-2.000e+02
-2.000e+02
-2.000e+02
-2.000e+02
-2.000e+02
-2.000e+02
-2.000e+02
-2.000e+02
-2.000e+02
-2.000e+02
-2.000e+02
-2.000e+02
-2.000e+02
-2.000e+02
-2.000e+02
-2.000e+02
-2.000e+02
-2.000e+02
-2.000e+02
-2.000e+02
-2.000e+02
-2.000e+02
-2.000e+02
-2.000e+02
-2.000e+02
-2.000e+02
-2.000e+02
-2.000e+02
-2.000e+02
-2.000e+02
-2.000e+02
-2.000e+02
-2.000e+02
-2.000e+02
-2.000e+02
-2.000e+02
-2.000e+02
-2.000e+02
-2.000e+02
-2.000e+02
-2.000e+02
-2.000e+02
-2.000e+02
-2.000e+02
-2.000e+02
-2.000e+02
-2.000e+02
-2.000e+02
-2.000e+02
-2.000e+02
-2.000e+02
-2.000e+02
-2.000e+02
-2.000e+02
-2.000e+02
-2.000e+02
-2.000e+02
-2.000e+02
-2.000e+02
-2.000e+02
-2.000e+02
-2.000e+02
-2.000e+02
-2.000e+02
-2.000e+02
-2.000e+02
-2.000e+02
-2.000e+02
-2.000e+02
-2.000e+02
-2.000e+02
-2.000e+02
-2.000e+02
-2.000e+02
-2.000e+02
-2.000e+02
-2.000e+02
-2.000e+02
-2.000e+02
-2.000e+02
-2.000e+02
-2.000e+02
-2.000e+02
-2.000e+02
-2.000e+02
-2.000e+02
-2.000e+02
-2.000e+02
-2.000e+02
-2.000e+02
-2.000e+02
-2.000e+02
-2.000e+02
-2.000e+02
-2.000e+02
-2.000e+02
-2.000e+02
-2.000e+02
-2.000e+02
-2.000e+02
-2.000e+02
-2.000e+02
-2.000e+02
-2.000e+02
-2.000e+02
-2.000e+02
-2.000e+02
-2.000e+02
-2.000e+02
-2.000e+02
-2.000e+02
-2.000e+02
-2.000e+02
-2.000e+02
-2.000e+02
-2.000e+02
-2.000e+02
-2.000e+02
-2.000e+02
-2.000e+02
-2.000e+02
-2.000e+02
-2.000e+02
-2.000e+02
-2.000e+02
-2.000e+02
-2.000e+02
-2.000e+02
-2.000e+02
-2.000e+02
-2.000e+02
-2.000e+02
-2.000e+02
-2.000e+02
-2.000e+02
-2.000e+02
-2.000e+02
-2.000e+02
-2.000e+02
-2.000e+02
-2.000e+02
-2.000e+02
-2.000e+02
-2.000e+02
-2.000e+02
-2.000e+02
-2.000e+02
-2.000e+02
-2.000e+02
-2.000e+02
-2.000e+02
-2.000e+02
-2.000e+02
-2.000e+02
-2.000e+02
-2.000e+02
-2.000e+02
-2.000e+02
-2.000e+02
-2.000e+02
-2.000e+02
-2.000e+02
-2.000e+02
-2.000e+02
-2.000e+02
-2.000e+02
-2.000e+02
-2.000e+02
-2.000e+02
-2.000e+02
-2.000e+02
-2.000e+02
-2.000e+02
-3.045e+01
-2.994e+01
-2.994e+01
-2.994e+01
-2.994e+01
-2.994e+01
-2.994e+01
-2.994e+01
-2.994e+01
-2.994e+01
-2.994e+01
-2.994e+01
-2.994e+01
-2.994e+01
-2.994e+01
-2.994e+01
-2.994e+01
-2.994e+01
-2.994e+01
-3.000e+01
-2.914e+01
-2.994e+01
-2.914e+01
-2.914e+01
-2.914e+01
-2.914e+01
-2.914e+01
-2.914e+01
-2.914e+01
-2.914e+01
-2.914e+01
-2.914e+01
-2.914e+01
-2.914e+01
-2.914e+01
-2.914e+01
-2.914e+01
-2.914e+01
-2.914e+01
-2.914e+01
-2.914e+01
-2.831e+01
-2.994e+01
-2.914e+01
-2.909e+01
-2.909e+01
-2.909e+01
-2.909e+01
-2.909e+01
-2.909e+01
-2.909e+01
-2.909e+01
-2.909e+01
-2.909e+01
-2.909e+01
-2.909e+01
-2.909e+01
-2.909e+01
-2.909e+01
-2.909e+01
-2.909e+01
-2.913e+01
-2.822e+01
-2.994e+01
-2.914e+01
-2.909e+01
-2.909e+01
-2.909e+01
-2.909e+01
-2.909e+01
-2.909e+01
-2.909e+01
-2.909e+01
-2.909e+01
-2.909e+01
-2.909e+01
-2.909e+01
-2.909e+01
-2.909e+01
-2.909e+01
-2.909e+01
-2.909e+01
-2.913e+01
-2.822e+01
-2.994e+01
-2.914e+01
-2.909e+01
-2.909e+01
-2.909e+01
-2.909e+01
-2.909e+01
-2.909e+01
-2.909e+01
-2.909e+01
-2.909e+01
-2.909e+01
-2.909e+01
-2.909e+01
-2.909e+01
-2.909e+01
-2.909e+01
-2.909e+01
-2.909e+01
-2.913e+01
-2.822e+01
-2.994e+01
-2.914e+01
-2.909e+01
-2.909e+01
-2.909e+01
-2.909e+01
-2.909e+01
-2.909e+01
-2.909e+01
-2.909e+01
-2.909e+01
-2.909e+01
-2.909e+01
-2.909e+01
-2.909e+01
-2.909e+01
-2.909e+01
-2.909e+01
-2.909e+01
-2.913e+01
-2.822e+01
-2.994e+01
-2.914e+01
-2.909e+01
-2.909e+01
-2.909e+01
-2.909e+01
-2.909e+01
-2.909e+01
-2.909e+01
-2.909e+01
-2.909e+01
-2.909e+01
-2.909e+01
-2.909e+01
-2.909e+01
-2.909e+01
-2.909e+01
-2.909e+01
-2.909e+01
-2.913e+01
-2.822e+01
-2.994e+01
-2.914e+01
-2.909e+01
-2.909e+01
-2.909e+01
-2.909e+01
-2.909e+01
-2.909e+01
-2.909e+01
-2.909e+01
-2.909e+01
-2.909e+01
-2.909e+01
-2.909e+01
-2.909e+01
-2.909e+01
-2.909e+01
-2.909e+01
-2.909e+01
-2.913e+01
-2.822e+01
-2.994e+01
-2.914e+01
-2.909e+01
-2.909e+01
-2.909e+01
-2.909e+01
-2.909e+01
-2.909e+01
-2.909e+01
-2.909e+01
-2.909e+01
-2.909e+01
-2.909e+01
-2.909e+01
-2.909e+01
-2.909e+01
-2.909e+01
-2.909e+01
-2.909e+01
-2.913e+01
-2.822e+01
-2.979e+01
-2.908e+01
-2.902e+01
-2.902e+01
-2.902e+01
-2.902e+01
-2.902e+01
-2.902e+01
-2.902e+01
-2.902e+01
-2.902e+01
-2.902e+01
-2.902e+01
-2.902e+01
-2.902e+01
-2.902e+01
-2.902e+01
-2.902e+01
-2.902e+01
-2.904e+01
-2.830e+01
-1.999e+02
-1.999e+02
-1.999e+02
-1.999e+02
-1.999e+02
-1.999e+02
-1.999e+02
-1.999e+02
-1.999e+02
-1.999e+02
-1.999e+02
-1.999e+02
-1.999e+02
-1.999e+02
-1.999e+02
-1.999e+02
-1.999e+02
-1.999e+02
-1.999e+02
-1.999e+02
-1.998e+02
-1.999e+02
-1.999e+02
-1.999e+02
-1.999e+02
-1.999e+02
-1.999e+02
-1.999e+02
-1.999e+02
-1.999e+02
-1.999e+02
-1.999e+02
-1.999e+02
-1.999e+02
-1.999e+02
-1.999e+02
-1.999e+02
-1.999e+02
-1.999e+02
-1.999e+02
-1.999e+02
-1.999e+02
-1.999e+02
-1.999e+02
-1.999e+02
-1.999e+02
-1.999e+02
-1.999e+02
-1.999e+02
-1.999e+02
-1.999e+02
-1.999e+02
-1.999e+02
-1.999e+02
-1.999e+02
-1.999e+02
-1.999e+02
-1.999e+02
-1.999e+02
-1.999e+02
-1.999e+02
-1.999e+02
-1.999e+02
-1.999e+02
-1.999e+02
-1.999e+02
-1.999e+02
-1.999e+02
-1.999e+02
-1.999e+02
-1.999e+02
-1.999e+02
-1.999e+02
-1.999e+02
-1.999e+02
-1.999e+02
-1.999e+02
-1.999e+02
-1.999e+02
-1.999e+02
-1.999e+02
-1.999e+02
-1.999e+02
-1.999e+02
-1.999e+02
-1.999e+02
-1.999e+02
-1.999e+02
-1.999e+02
-1.999e+02
-1.999e+02
-1.999e+02
-1.999e+02
-1.999e+02
-1.999e+02
-1.999e+02
-1.999e+02
-1.999e+02
-1.999e+02
-1.999e+02
-1.999e+02
-1.999e+02
-1.999e+02
-1.999e+02
-1.999e+02
-1.999e+02
-1.999e+02
-1.999e+02
-1.999e+02
-1.999e+02
-1.999e+02
-1.999e+02
-1.999e+02
-1.999e+02
-1.999e+02
-1.999e+02
-1.999e+02
-1.999e+02
-1.999e+02
-1.999e+02
-1.999e+02
-1.999e+02
-1.999e+02
-1.999e+02
-1.999e+02
-1.999e+02
-1.999e+02
-1.999e+02
-1.999e+02
-1.999e+02
-1.999e+02
-1.999e+02
-1.999e+02
-1.999e+02
-1.999e+02
-1.999e+02
-1.999e+02
-1.999e+02
-1.999e+02
-1.999e+02
-1.999e+02
-1.999e+02
-1.999e+02
-1.999e+02
-1.999e+02
-1.999e+02
-1.999e+02
-1.999e+02
-1.999e+02
-1.999e+02
-1.999e+02
-1.999e+02
-1.999e+02
-1.999e+02
-1.999e+02
-1.999e+02
-1.999e+02
-1.999e+02
-1.999e+02
-1.999e+02
-1.999e+02
-1.999e+02
-1.999e+02
-1.999e+02
-1.999e+02
-1.999e+02
-1.999e+02
-1.999e+02
-1.999e+02
-1.999e+02
-1.999e+02
-1.999e+02
-1.999e+02
-1.999e+02
-1.999e+02
-1.999e+02
-1.999e+02
-1.999e+02
-1.999e+02
-1.999e+02
-1.999e+02
-1.999e+02
-1.999e+02
-1.999e+02
-1.999e+02
-1.999e+02
-1.999e+02
-1.999e+02
-1.999e+02
-1.999e+02
-1.999e+02
-1.999e+02
-1.999e+02
-1.999e+02
-1.999e+02
-1.999e+02
-1.999e+02
-1.999e+02
-1.999e+02
-1.999e+02
-1.999e+02
-1.999e+02
-1.999e+02
-1.999e+02
-1.999e+02
-1.999e+02
-1.999e+02
-1.999e+02
-1.999e+02
-1.999e+02
-1.999e+02
-1.999e+02
-1.999e+02
-1.999e+02
-1.999e+02
-1.999e+02
-1.999e+02
-1.999e+02
-1.999e+02
-1.999e+02
-1.999e+02
-1.999e+02
-1.999e+02
-1.999e+02
-1.999e+02
-1.999e+02
-1.999e+02
-1.999e+02
-1.999e+02
-1.999e+02
-1.999e+02
-5.318e+01
-3.703e+01
-3.703e+01
-3.703e+01
-3.703e+01
-3.703e+01
-3.703e+01
-3.703e+01
-3.703e+01
-3.703e+01
-3.703e+01
-3.703e+01
-3.703e+01
-3.703e+01
-3.703e+01
-3.703e+01
-3.703e+01
-3.703e+01
-3.703e+01
-3.701e+01
-2.139e+01
-3.703e+01
-2.140e+01
-2.140e+01
-2.140e+01
-2.140e+01
-2.140e+01
-2.140e+01
-2.140e+01
-2.140e+01
-2.140e+01
-2.140e+01
-2.140e+01
-2.140e+01
-2.140e+01
-2.140e+01
-2.140e+01
-2.140e+01
-2.140e+01
-2.140e+01
-2.140e+01
-1.462e+01
-3.703e+01
-2.140e+01
-2.140e+01
-2.140e+01
-2.140e+01
-2.140e+01
-2.140e+01
-2.140e+01
-2.140e+01
-2.140e+01
-2.140e+01
-2.140e+01
-2.140e+01
-2.140e+01
-2.140e+01
-2.140e+01
-2.140e+01
-2.140e+01
-2.140e+01
-2.140e+01
-1.464e+01
-3.703e+01
-2.140e+01
-2.140e+01
-2.140e+01
-2.140e+01
-2.140e+01
-2.140e+01
-2.140e+01
-2.140e+01
-2.140e+01
-2.140e+01
-2.140e+01
-2.140e+01
-2.140e+01
-2.140e+01
-2.140e+01
-2.140e+01
-2.140e+01
-2.140e+01
-2.140e+01
-1.464e+01
-3.703e+01
-2.140e+01
-2.140e+01
-2.140e+01
-2.140e+01
-2.140e+01
-2.140e+01
-2.140e+01
-2.140e+01
-2.140e+01
-2.140e+01
-2.140e+01
-2.140e+01
-2.140e+01
-2.140e+01
-2.140e+01
-2.140e+01
-2.140e+01
-2.140e+01
-2.140e+01
-1.464e+01
-3.703e+01
-2.140e+01
-2.140e+01
-2.140e+01
-2.140e+01
-2.140e+01
-2.140e+01
-2.140e+01
-2.140e+01
-2.140e+01
-2.140e+01
-2.140e+01
-2.140e+01
-2.140e+01
-2.140e+01
-2.140e+01
-2.140e+01
-2.140e+01
-2.140e+01
-2.140e+01
-1.464e+01
-3.703e+01
-2.140e+01
-2.140e+01
-2.140e+01
-2.140e+01
-2.140e+01
-2.140e+01
-2.140e+01
-2.140e+01
-2.140e+01
-2.140e+01
-2.140e+01
-2.140e+01
-2.140e+01
-2.140e+01
-2.140e+01
-2.140e+01
-2.140e+01
-2.140e+01
-2.140e+01
-1.464e+01
-3.703e+01
-2.140e+01
-2.140e+01
-2.140e+01
-2.140e+01
-2.140e+01
-2.140e+01
-2.140e+01
-2.140e+01
-2.140e+01
-2.140e+01
-2.140e+01
-2.140e+01
-2.140e+01
-2.140e+01
-2.140e+01
-2.140e+01
-2.140e+01
-2.140e+01
-2.140e+01
-1.464e+01
-3.703e+01
-2.140e+01
-2.140e+01
-2.140e+01
-2.140e+01
-2.140e+01
-2.140e+01
-2.140e+01
-2.140e+01
-2.140e+01
-2.140e+01
-2.140e+01
-2.140e+01
-2.140e+01
-2.140e+01
-2.140e+01
-2.140e+01
-2.140e+01
-2.140e+01
-2.140e+01
-1.464e+01
-3.651e+01
-2.133e+01
-2.134e+01
-2.134e+01
-2.134e+01
-2.134e+01
-2.134e+01
-2.134e+01
-2.134e+01
-2.134e+01
-2.134e+01
-2.134e+01
-2.134e+01
-2.134e+01
-2.134e+01
-2.134e+01
-2.134e+01
-2.134e+01
-2.134e+01
-2.133e+01
-1.463e+01
-1.993e+02
-1.984e+02
-1.984e+02
-1.984e+02
-1.984e+02
-1.984e+02
-1.984e+02
-1.984e+02
-1.984e+02
-1.984e+02
-1.984e+02
-1.984e+02
-1.984e+02
-1.984e+02
-1.984e+02
-1.984e+02
-1.984e+02
-1.984e+02
-1.984e+02
-1.984e+02
-1.942e+02
-1.995e+02
-1.987e+02
-1.987e+02
-1.987e+02
-1.987e+02
-1.987e+02
-1.987e+02
-1.987e+02
-1.987e+02
-1.987e+02
-1.987e+02
-1.987e+02
-1.987e+02
-1.987e+02
-1.987e+02
-1.987e+02
-1.987e+02
-1.987e+02
-1.987e+02
-1.987e+02
-1.928e+02
-1.995e+02
-1.987e+02
-1.987e+02
-1.987e+02
-1.987e+02
-1.987e+02
-1.987e+02
-1.987e+02
-1.987e+02
-1.987e+02
-1.987e+02
-1.987e+02
-1.987e+02
-1.987e+02
-1.987e+02
-1.987e+02
-1.987e+02
-1.987e+02
-1.987e+02
-1.987e+02
-1.928e+02
-1.995e+02
-1.987e+02
-1.987e+02
-1.987e+02
-1.987e+02
-1.987e+02
-1.987e+02
-1.987e+02
-1.987e+02
-1.987e+02
-1.987e+02
-1.987e+02
-1.987e+02
-1.987e+02
-1.987e+02
-1.987e+02
-1.987e+02
-1.987e+02
-1.987e+02
-1.987e+02
-1.928e+02
-1.995e+02
-1.987e+02
-1.987e+02
-1.987e+02
-1.987e+02
-1.987e+02
-1.987e+02
-1.987e+02
-1.987e+02
-1.987e+02
-1.987e+02
-1.987e+02
-1.987e+02
-1.987e+02
-1.987e+02
-1.987e+02
-1.987e+02
-1.987e+02
-1.987e+02
-1.987e+02
-1.928e+02
-1.995e+02
-1.987e+02
-1.987e+02
-1.987e+02
-1.987e+02
-1.987e+02
-1.987e+02
-1.987e+02
-1.987e+02
-1.987e+02
-1.987e+02
-1.987e+02
-1.987e+02
-1.987e+02
-1.987e+02
-1.987e+02
-1.987e+02
-1.987e+02
-1.987e+02
-1.987e+02
-1.928e+02
-1.995e+02
-1.987e+02
-1.987e+02
-1.987e+02
-1.987e+02
-1.987e+02
-1.987e+02
-1.987e+02
-1.987e+02
-1.987e+02
-1.987e+02
-1.987e+02
-1.987e+02
-1.987e+02
-1.987e+02
-1.987e+02
-1.987e+02
-1.987e+02
-1.987e+02
-1.987e+02
-1.928e+02
-1.995e+02
-1.987e+02
-1.987e+02
-1.987e+02
-1.987e+02
-1.987e+02
-1.987e+02
-1.987e+02
-1.987e+02
-1.987e+02
-1.987e+02
-1.987e+02
-1.987e+02
-1.987e+02
-1.987e+02
-1.987e+02
-1.987e+02
-1.987e+02
-1.987e+02
-1.987e+02
-1.928e+02
-1.995e+02
-1.987e+02
-1.987e+02
-1.987e+02
-1.987e+02
-1.987e+02
-1.987e+02
-1.987e+02
-1.987e+02
-1.987e+02
-1.987e+02
-1.987e+02
-1.987e+02
-1.987e+02
-1.987e+02
-1.987e+02
-1.987e+02
-1.987e+02
-1.987e+02
-1.987e+02
-1.928e+02
-1.995e+02
-1.987e+02
-1.987e+02
-1.987e+02
-1.987e+02
-1.987e+02
-1.987e+02
-1.987e+02
-1.987e+02
-1.987e+02
-1.987e+02
-1.987e+02
-1.987e+02
-1.987e+02
-1.987e+02
-1.987e+02
-1.987e+02
-1.987e+02
-1.987e+02
-1.987e+02
-1.928e+02
-1.987e+02
-1.927e+02
-1.928e+02
-1.928e+02
-1.928e+02
-1.928e+02
-1.928e+02
-1.928e+02
-1.928e+02
-1.928e+02
-1.928e+02
-1.928e+02
-1.928e+02
-1.928e+02
-1.928e+02
-1.928e+02
-1.928e+02
-1.928e+02
-1.928e+02
-1.928e+02
-1.843e+02
-1.337e+01
-1.327e+01
-1.327e+01
-1.327e+01
-1.327e+01
-1.327e+01
-1.327e+01
-1.327e+01
-1.327e+01
-1.327e+01
-1.327e+01
-1.327e+01
-1.327e+01
-1.327e+01
-1.327e+01
-1.327e+01
-1.327e+01
-1.327e+01
-1.327e+01
-1.329e+01
-1.312e+01
-1.327e+01
-1.312e+01
-1.310e+01
-1.310e+01
-1.310e+01
-1.310e+01
-1.310e+01
-1.310e+01
-1.310e+01
-1.310e+01
-1.310e+01
-1.310e+01
-1.310e+01
-1.310e+01
-1.310e+01
-1.310e+01
-1.310e+01
-1.310e+01
-1.310e+01
-1.310e+01
-1.293e+01
-1.327e+01
-1.310e+01
-1.310e+01
-1.310e+01
-1.310e+01
-1.310e+01
-1.310e+01
-1.310e+01
-1.310e+01
-1.310e+01
-1.310e+01
-1.310e+01
-1.310e+01
-1.310e+01
-1.310e+01
-1.310e+01
-1.310e+01
-1.310e+01
-1.310e+01
-1.310e+01
-1.291e+01
-1.327e+01
-1.310e+01
-1.310e+01
-1.310e+01
-1.310e+01
-1.310e+01
-1.310e+01
-1.310e+01
-1.310e+01
-1.310e+01
-1.310e+01
-1.310e+01
-1.310e+01
-1.310e+01
-1.310e+01
-1.310e+01
-1.310e+01
-1.310e+01
-1.310e+01
-1.310e+01
-1.291e+01
-1.327e+01
-1.310e+01
-1.310e+01
-1.310e+01
-1.310e+01
-1.310e+01
-1.310e+01
-1.310e+01
-1.310e+01
-1.310e+01
-1.310e+01
-1.310e+01
-1.310e+01
-1.310e+01
-1.310e+01
-1.310e+01
-1.310e+01
-1.310e+01
-1.310e+01
-1.310e+01
-1.291e+01
-1.327e+01
-1.310e+01
-1.310e+01
-1.310e+01
-1.310e+01
-1.310e+01
-1.310e+01
-1.310e+01
-1.310e+01
-1.310e+01
-1.310e+01
-1.310e+01
-1.310e+01
-1.310e+01
-1.310e+01
-1.310e+01
-1.310e+01
-1.310e+01
-1.310e+01
-1.310e+01
-1.291e+01
-1.327e+01
-1.310e+01
-1.310e+01
-1.310e+01
-1.310e+01
-1.310e+01
-1.310e+01
-1.310e+01
-1.310e+01
-1.310e+01
-1.310e+01
-1.310e+01
-1.310e+01
-1.310e+01
-1.310e+01
-1.310e+01
-1.310e+01
-1.310e+01
-1.310e+01
-1.310e+01
-1.291e+01
-1.327e+01
-1.310e+01
-1.310e+01
-1.310e+01
-1.310e+01
-1.310e+01
-1.310e+01
-1.310e+01
-1.310e+01
-1.310e+01
-1.310e+01
-1.310e+01
-1.310e+01
-1.310e+01
-1.310e+01
-1.310e+01
-1.310e+01
-1.310e+01
-1.310e+01
-1.310e+01
-1.291e+01
-1.327e+01
-1.310e+01
-1.310e+01
-1.310e+01
-1.310e+01
-1.310e+01
-1.310e+01
-1.310e+01
-1.310e+01
-1.310e+01
-1.310e+01
-1.310e+01
-1.310e+01
-1.310e+01
-1.310e+01
-1.310e+01
-1.310e+01
-1.310e+01
-1.310e+01
-1.310e+01
-1.291e+01
-1.330e+01
-1.309e+01
-1.309e+01
-1.309e+01
-1.309e+01
-1.309e+01
-1.309e+01
-1.309e+01
-1.309e+01
-1.309e+01
-1.309e+01
-1.309e+01
-1.309e+01
-1.309e+01
-1.309e+01
-1.309e+01
-1.309e+01
-1.309e+01
-1.309e+01
-1.309e+01
-1.290e+01
-7.333e+01
-7.137e+01
-7.124e+01
-7.124e+01
-7.124e+01
-7.124e+01
-7.124e+01
-7.124e+01
-7.124e+01
-7.124e+01
-7.124e+01
-7.124e+01
-7.124e+01
-7.124e+01
-7.124e+01
-7.124e+01
-7.124e+01
-7.124e+01
-7.124e+01
-7.124e+01
-6.797e+01
-7.171e+01
-6.986e+01
-6.924e+01
-6.924e+01
-6.924e+01
-6.924e+01
-6.924e+01
-6.924e+01
-6.924e+01
-6.924e+01
-6.924e+01
-6.924e+01
-6.924e+01
-6.924e+01
-6.924e+01
-6.924e+01
-6.924e+01
-6.924e+01
-6.924e+01
-6.924e+01
-6.665e+01
-7.171e+01
-6.986e+01
-6.924e+01
-6.924e+01
-6.924e+01
-6.924e+01
-6.924e+01
-6.924e+01
-6.924e+01
-6.924e+01
-6.924e+01
-6.924e+01
-6.924e+01
-6.924e+01
-6.924e+01
-6.924e+01
-6.924e+01
-6.924e+01
-6.924e+01
-6.927e+01
-6.664e+01
-7.171e+01
-6.986e+01
-6.924e+01
-6.924e+01
-6.924e+01
-6.924e+01
-6.924e+01
-6.924e+01
-6.924e+01
-6.924e+01
-6.924e+01
-6.924e+01
-6.924e+01
-6.924e+01
-6.924e+01
-6.924e+01
-6.924e+01
-6.924e+01
-6.924e+01
-6.927e+01
-6.664e+01
-7.171e+01
-6.986e+01
-6.924e+01
-6.924e+01
-6.924e+01
-6.924e+01
-6.924e+01
-6.924e+01
-6.924e+01
-6.924e+01
-6.924e+01
-6.924e+01
-6.924e+01
-6.924e+01
-6.924e+01
-6.924e+01
-6.924e+01
-6.924e+01
-6.924e+01
-6.927e+01
-6.664e+01
-7.171e+01
-6.986e+01
-6.924e+01
-6.924e+01
-6.924e+01
-6.924e+01
-6.924e+01
-6.924e+01
-6.924e+01
-6.924e+01
-6.924e+01
-6.924e+01
-6.924e+01
-6.924e+01
-6.924e+01
-6.924e+01
-6.924e+01
-6.924e+01
-6.924e+01
-6.927e+01
-6.664e+01
-7.171e+01
-6.986e+01
-6.924e+01
-6.924e+01
-6.924e+01
-6.924e+01
-6.924e+01
-6.924e+01
-6.924e+01
-6.924e+01
-6.924e+01
-6.924e+01
-6.924e+01
-6.924e+01
-6.924e+01
-6.924e+01
-6.924e+01
-6.924e+01
-6.924e+01
-6.927e+01
-6.664e+01
-7.171e+01
-6.986e+01
-6.924e+01
-6.924e+01
-6.924e+01
-6.924e+01
-6.924e+01
-6.924e+01
-6.924e+01
-6.924e+01
-6.924e+01
-6.924e+01
-6.924e+01
-6.924e+01
-6.924e+01
-6.924e+01
-6.924e+01
-6.924e+01
-6.924e+01
-6.927e+01
-6.664e+01
-7.171e+01
-6.986e+01
-6.924e+01
-6.924e+01
-6.924e+01
-6.924e+01
-6.924e+01
-6.924e+01
-6.924e+01
-6.924e+01
-6.924e+01
-6.924e+01
-6.924e+01
-6.924e+01
-6.924e+01
-6.924e+01
-6.924e+01
-6.924e+01
-6.924e+01
-6.927e+01
-6.664e+01
-7.171e+01
-6.986e+01
-6.924e+01
-6.927e+01
-6.927e+01
-6.927e+01
-6.927e+01
-6.927e+01
-6.927e+01
-6.927e+01
-6.927e+01
-6.927e+01
-6.927e+01
-6.927e+01
-6.927e+01
-6.927e+01
-6.927e+01
-6.927e+01
-6.927e+01
-6.947e+01
-6.664e+01
-6.997e+01
-6.737e+01
-6.664e+01
-6.664e+01
-6.664e+01
-6.664e+01
-6.664e+01
-6.664e+01
-6.664e+01
-6.664e+01
-6.664e+01
-6.664e+01
-6.664e+01
-6.664e+01
-6.664e+01
-6.664e+01
-6.664e+01
-6.664e+01
-6.664e+01
-6.664e+01
-6.525e+01
-1.866e+01
-1.367e+01
-1.367e+01
-1.367e+01
-1.367e+01
-1.367e+01
-1.367e+01
-1.367e+01
-1.367e+01
-1.367e+01
-1.367e+01
-1.367e+01
-1.367e+01
-1.367e+01
-1.367e+01
-1.367e+01
-1.367e+01
-1.367e+01
-1.367e+01
-1.367e+01
-8.958e+00
-1.367e+01
-8.966e+00
-8.966e+00
-8.966e+00
-8.966e+00
-8.966e+00
-8.966e+00
-8.966e+00
-8.966e+00
-8.966e+00
-8.966e+00
-8.966e+00
-8.966e+00
-8.966e+00
-8.966e+00
-8.966e+00
-8.966e+00
-8.966e+00
-8.966e+00
-8.960e+00
-6.791e+00
-1.367e+01
-8.966e+00
-8.967e+00
-8.967e+00
-8.967e+00
-8.967e+00
-8.967e+00
-8.967e+00
-8.967e+00
-8.967e+00
-8.967e+00
-8.967e+00
-8.967e+00
-8.967e+00
-8.967e+00
-8.967e+00
-8.967e+00
-8.967e+00
-8.967e+00
-8.961e+00
-6.791e+00
-1.367e+01
-8.966e+00
-8.967e+00
-8.967e+00
-8.967e+00
-8.967e+00
-8.967e+00
-8.967e+00
-8.967e+00
-8.967e+00
-8.967e+00
-8.967e+00
-8.967e+00
-8.967e+00
-8.967e+00
-8.967e+00
-8.967e+00
-8.967e+00
-8.967e+00
-8.961e+00
-6.791e+00
-1.367e+01
-8.966e+00
-8.967e+00
-8.967e+00
-8.967e+00
-8.967e+00
-8.967e+00
-8.967e+00
-8.967e+00
-8.967e+00
-8.967e+00
-8.967e+00
-8.967e+00
-8.967e+00
-8.967e+00
-8.967e+00
-8.967e+00
-8.967e+00
-8.967e+00
-8.961e+00
-6.791e+00
-1.367e+01
-8.966e+00
-8.967e+00
-8.967e+00
-8.967e+00
-8.967e+00
-8.967e+00
-8.967e+00
-8.967e+00
-8.967e+00
-8.967e+00
-8.967e+00
-8.967e+00
-8.967e+00
-8.967e+00
-8.967e+00
-8.967e+00
-8.967e+00
-8.967e+00
-8.961e+00
-6.791e+00
-1.367e+01
-8.966e+00
-8.967e+00
-8.967e+00
-8.967e+00
-8.967e+00
-8.967e+00
-8.967e+00
-8.967e+00
-8.967e+00
-8.967e+00
-8.967e+00
-8.967e+00
-8.967e+00
-8.967e+00
-8.967e+00
-8.967e+00
-8.967e+00
-8.967e+00
-8.961e+00
-6.791e+00
-1.367e+01
-8.966e+00
-8.967e+00
-8.967e+00
-8.967e+00
-8.967e+00
-8.967e+00
-8.967e+00
-8.967e+00
-8.967e+00
-8.967e+00
-8.967e+00
-8.967e+00
-8.967e+00
-8.967e+00
-8.967e+00
-8.967e+00
-8.967e+00
-8.967e+00
-8.961e+00
-6.791e+00
-1.367e+01
-8.966e+00
-8.967e+00
-8.967e+00
-8.967e+00
-8.967e+00
-8.967e+00
-8.967e+00
-8.967e+00
-8.967e+00
-8.967e+00
-8.967e+00
-8.967e+00
-8.967e+00
-8.967e+00
-8.967e+00
-8.967e+00
-8.967e+00
-8.967e+00
-8.961e+00
-6.791e+00
-1.361e+01
-8.961e+00
-8.965e+00
-8.965e+00
-8.965e+00
-8.965e+00
-8.965e+00
-8.965e+00
-8.965e+00
-8.965e+00
-8.965e+00
-8.965e+00
-8.965e+00
-8.965e+00
-8.965e+00
-8.965e+00
-8.965e+00
-8.965e+00
-8.965e+00
-8.961e+00
-6.793e+00
-1.681e+01
-1.020e+01
-1.021e+01
-1.021e+01
-1.021e+01
-1.021e+01
-1.021e+01
-1.021e+01
-1.021e+01
-1.021e+01
-1.021e+01
-1.021e+01
-1.021e+01
-1.021e+01
-1.021e+01
-1.021e+01
-1.021e+01
-1.021e+01
-1.021e+01
-1.021e+01
-7.453e+00
-1.663e+01
-1.010e+01
-1.012e+01
-1.012e+01
-1.012e+01
-1.012e+01
-1.012e+01
-1.012e+01
-1.012e+01
-1.012e+01
-1.012e+01
-1.012e+01
-1.012e+01
-1.012e+01
-1.012e+01
-1.012e+01
-1.012e+01
-1.012e+01
-1.012e+01
-1.011e+01
-7.394e+00
-1.663e+01
-1.010e+01
-1.012e+01
-1.012e+01
-1.012e+01
-1.012e+01
-1.012e+01
-1.012e+01
-1.012e+01
-1.012e+01
-1.012e+01
-1.012e+01
-1.012e+01
-1.012e+01
-1.012e+01
-1.012e+01
-1.012e+01
-1.012e+01
-1.012e+01
-1.011e+01
-7.395e+00
-1.663e+01
-1.010e+01
-1.012e+01
-1.012e+01
-1.012e+01
-1.012e+01
-1.012e+01
-1.012e+01
-1.012e+01
-1.012e+01
-1.012e+01
-1.012e+01
-1.012e+01
-1.012e+01
-1.012e+01
-1.012e+01
-1.012e+01
-1.012e+01
-1.012e+01
-1.011e+01
-7.395e+00
-1.663e+01
-1.010e+01
-1.012e+01
-1.012e+01
-1.012e+01
-1.012e+01
-1.012e+01
-1.012e+01
-1.012e+01
-1.012e+01
-1.012e+01
-1.012e+01
-1.012e+01
-1.012e+01
-1.012e+01
-1.012e+01
-1.012e+01
-1.012e+01
-1.012e+01
-1.011e+01
-7.395e+00
-1.663e+01
-1.010e+01
-1.012e+01
-1.012e+01
-1.012e+01
-1.012e+01
-1.012e+01
-1.012e+01
-1.012e+01
-1.012e+01
-1.012e+01
-1.012e+01
-1.012e+01
-1.012e+01
-1.012e+01
-1.012e+01
-1.012e+01
-1.012e+01
-1.012e+01
-1.011e+01
-7.395e+00
-1.663e+01
-1.010e+01
-1.012e+01
-1.012e+01
-1.012e+01
-1.012e+01
-1.012e+01
-1.012e+01
-1.012e+01
-1.012e+01
-1.012e+01
-1.012e+01
-1.012e+01
-1.012e+01
-1.012e+01
-1.012e+01
-1.012e+01
-1.012e+01
-1.012e+01
-1.011e+01
-7.395e+00
-1.663e+01
-1.010e+01
-1.012e+01
-1.012e+01
-1.012e+01
-1.012e+01
-1.012e+01
-1.012e+01
-1.012e+01
-1.012e+01
-1.012e+01
-1.012e+01
-1.012e+01
-1.012e+01
-1.012e+01
-1.012e+01
-1.012e+01
-1.012e+01
-1.012e+01
-1.011e+01
-7.395e+00
-1.663e+01
-1.010e+01
-1.012e+01
-1.012e+01
-1.012e+01
-1.012e+01
-1.012e+01
-1.012e+01
-1.012e+01
-1.012e+01
-1.012e+01
-1.012e+01
-1.012e+01
-1.012e+01
-1.012e+01
-1.012e+01
-1.012e+01
-1.012e+01
-1.012e+01
-1.011e+01
-7.395e+00
-1.662e+01
-1.010e+01
-1.011e+01
-1.011e+01
-1.011e+01
-1.011e+01
-1.011e+01
-1.011e+01
-1.011e+01
-1.011e+01
-1.011e+01
-1.011e+01
-1.011e+01
-1.011e+01
-1.011e+01
-1.011e+01
-1.011e+01
-1.011e+01
-1.011e+01
-1.010e+01
-7.394e+00
-1.009e+01
-7.387e+00
-7.395e+00
-7.395e+00
-7.395e+00
-7.395e+00
-7.395e+00
-7.395e+00
-7.395e+00
-7.395e+00
-7.395e+00
-7.395e+00
-7.395e+00
-7.395e+00
-7.395e+00
-7.395e+00
-7.395e+00
-7.395e+00
-7.395e+00
-7.394e+00
-6.575e+00
-4.574e+00
-4.574e+00
-4.571e+00
-4.571e+00
-4.571e+00
-4.571e+00
-4.571e+00
-4.571e+00
-4.571e+00
-4.571e+00
-4.571e+00
-4.571e+00
-4.571e+00
-4.571e+00
-4.571e+00
-4.571e+00
-4.571e+00
-4.571e+00
-4.571e+00
-4.574e+00
-4.566e+00
-4.574e+00
-4.566e+00
-4.566e+00
-4.566e+00
-4.566e+00
-4.566e+00
-4.566e+00
-4.566e+00
-4.566e+00
-4.566e+00
-4.566e+00
-4.566e+00
-4.566e+00
-4.566e+00
-4.566e+00
-4.566e+00
-4.566e+00
-4.566e+00
-4.566e+00
-4.566e+00
-4.559e+00
-4.571e+00
-4.566e+00
-4.566e+00
-4.566e+00
-4.566e+00
-4.566e+00
-4.566e+00
-4.566e+00
-4.566e+00
-4.566e+00
-4.566e+00
-4.566e+00
-4.566e+00
-4.566e+00
-4.566e+00
-4.566e+00
-4.566e+00
-4.566e+00
-4.566e+00
-4.566e+00
-4.558e+00
-4.571e+00
-4.566e+00
-4.566e+00
-4.566e+00
-4.566e+00
-4.566e+00
-4.566e+00
-4.566e+00
-4.566e+00
-4.566e+00
-4.566e+00
-4.566e+00
-4.566e+00
-4.566e+00
-4.566e+00
-4.566e+00
-4.566e+00
-4.566e+00
-4.566e+00
-4.566e+00
-4.558e+00
-4.571e+00
-4.566e+00
-4.566e+00
-4.566e+00
-4.566e+00
-4.566e+00
-4.566e+00
-4.566e+00
-4.566e+00
-4.566e+00
-4.566e+00
-4.566e+00
-4.566e+00
-4.566e+00
-4.566e+00
-4.566e+00
-4.566e+00
-4.566e+00
-4.566e+00
-4.566e+00
-4.558e+00
-4.571e+00
-4.566e+00
-4.566e+00
-4.566e+00
-4.566e+00
-4.566e+00
-4.566e+00
-4.566e+00
-4.566e+00
-4.566e+00
-4.566e+00
-4.566e+00
-4.566e+00
-4.566e+00
-4.566e+00
-4.566e+00
-4.566e+00
-4.566e+00
-4.566e+00
-4.566e+00
-4.558e+00
-4.571e+00
-4.566e+00
-4.566e+00
-4.566e+00
-4.566e+00
-4.566e+00
-4.566e+00
-4.566e+00
-4.566e+00
-4.566e+00
-4.566e+00
-4.566e+00
-4.566e+00
-4.566e+00
-4.566e+00
-4.566e+00
-4.566e+00
-4.566e+00
-4.566e+00
-4.566e+00
-4.558e+00
-4.571e+00
-4.566e+00
-4.566e+00
-4.566e+00
-4.566e+00
-4.566e+00
-4.566e+00
-4.566e+00
-4.566e+00
-4.566e+00
-4.566e+00
-4.566e+00
-4.566e+00
-4.566e+00
-4.566e+00
-4.566e+00
-4.566e+00
-4.566e+00
-4.566e+00
-4.566e+00
-4.558e+00
-4.571e+00
-4.566e+00
-4.566e+00
-4.566e+00
-4.566e+00
-4.566e+00
-4.566e+00
-4.566e+00
-4.566e+00
-4.566e+00
-4.566e+00
-4.566e+00
-4.566e+00
-4.566e+00
-4.566e+00
-4.566e+00
-4.566e+00
-4.566e+00
-4.566e+00
-4.566e+00
-4.558e+00
-4.570e+00
-4.564e+00
-4.562e+00
-4.562e+00
-4.562e+00
-4.562e+00
-4.562e+00
-4.562e+00
-4.562e+00
-4.562e+00
-4.562e+00
-4.562e+00
-4.562e+00
-4.562e+00
-4.562e+00
-4.562e+00
-4.562e+00
-4.562e+00
-4.562e+00
-4.562e+00
-4.550e+00
-2.028e+00
-2.022e+00
-2.022e+00
-2.022e+00
-2.022e+00
-2.022e+00
-2.022e+00
-2.022e+00
-2.022e+00
-2.022e+00
-2.022e+00
-2.022e+00
-2.022e+00
-2.022e+00
-2.022e+00
-2.022e+00
-2.022e+00
-2.022e+00
-2.022e+00
-2.022e+00
-2.017e+00
-2.029e+00
-2.028e+00
-2.028e+00
-2.028e+00
-2.028e+00
-2.028e+00
-2.028e+00
-2.028e+00
-2.028e+00
-2.028e+00
-2.028e+00
-2.028e+00
-2.028e+00
-2.028e+00
-2.028e+00
-2.028e+00
-2.028e+00
-2.028e+00
-2.028e+00
-2.028e+00
-2.017e+00
-2.029e+00
-2.028e+00
-2.028e+00
-2.028e+00
-2.028e+00
-2.028e+00
-2.028e+00
-2.028e+00
-2.028e+00
-2.028e+00
-2.028e+00
-2.028e+00
-2.028e+00
-2.028e+00
-2.028e+00
-2.028e+00
-2.028e+00
-2.028e+00
-2.028e+00
-2.028e+00
-2.017e+00
-2.029e+00
-2.028e+00
-2.028e+00
-2.028e+00
-2.028e+00
-2.028e+00
-2.028e+00
-2.028e+00
-2.028e+00
-2.028e+00
-2.028e+00
-2.028e+00
-2.028e+00
-2.028e+00
-2.028e+00
-2.028e+00
-2.028e+00
-2.028e+00
-2.028e+00
-2.028e+00
-2.017e+00
-2.029e+00
-2.028e+00
-2.028e+00
-2.028e+00
-2.028e+00
-2.028e+00
-2.028e+00
-2.028e+00
-2.028e+00
-2.028e+00
-2.028e+00
-2.028e+00
-2.028e+00
-2.028e+00
-2.028e+00
-2.028e+00
-2.028e+00
-2.028e+00
-2.028e+00
-2.028e+00
-2.017e+00
-2.029e+00
-2.028e+00
-2.028e+00
-2.028e+00
-2.028e+00
-2.028e+00
-2.028e+00
-2.028e+00
-2.028e+00
-2.028e+00
-2.028e+00
-2.028e+00
-2.028e+00
-2.028e+00
-2.028e+00
-2.028e+00
-2.028e+00
-2.028e+00
-2.028e+00
-2.028e+00
-2.017e+00
-2.029e+00
-2.028e+00
-2.028e+00
-2.028e+00
-2.028e+00
-2.028e+00
-2.028e+00
-2.028e+00
-2.028e+00
-2.028e+00
-2.028e+00
-2.028e+00
-2.028e+00
-2.028e+00
-2.028e+00
-2.028e+00
-2.028e+00
-2.028e+00
-2.028e+00
-2.028e+00
-2.017e+00
-2.029e+00
-2.028e+00
-2.028e+00
-2.028e+00
-2.028e+00
-2.028e+00
-2.028e+00
-2.028e+00
-2.028e+00
-2.028e+00
-2.028e+00
-2.028e+00
-2.028e+00
-2.028e+00
-2.028e+00
-2.028e+00
-2.028e+00
-2.028e+00
-2.028e+00
-2.028e+00
-2.017e+00
-2.029e+00
-2.028e+00
-2.028e+00
-2.028e+00
-2.028e+00
-2.028e+00
-2.028e+00
-2.028e+00
-2.028e+00
-2.028e+00
-2.028e+00
-2.028e+00
-2.028e+00
-2.028e+00
-2.028e+00
-2.028e+00
-2.028e+00
-2.028e+00
-2.028e+00
-2.028e+00
-2.017e+00
-2.029e+00
-2.028e+00
-2.028e+00
-2.028e+00
-2.028e+00
-2.028e+00
-2.028e+00
-2.028e+00
-2.028e+00
-2.028e+00
-2.028e+00
-2.028e+00
-2.028e+00
-2.028e+00
-2.028e+00
-2.028e+00
-2.028e+00
-2.028e+00
-2.028e+00
-2.028e+00
-2.017e+00
-2.028e+00
-2.017e+00
-2.017e+00
-2.017e+00
-2.017e+00
-2.017e+00
-2.017e+00
-2.017e+00
-2.017e+00
-2.017e+00
-2.017e+00
-2.017e+00
-2.017e+00
-2.017e+00
-2.017e+00
-2.017e+00
-2.017e+00
-2.017e+00
-2.017e+00
-2.017e+00
-2.017e+00
-3.365e+00
-3.161e+00
-3.161e+00
-3.161e+00
-3.161e+00
-3.161e+00
-3.161e+00
-3.161e+00
-3.161e+00
-3.161e+00
-3.161e+00
-3.161e+00
-3.161e+00
-3.161e+00
-3.161e+00
-3.161e+00
-3.161e+00
-3.161e+00
-3.161e+00
-3.160e+00
-2.860e+00
-3.161e+00
-2.860e+00
-2.860e+00
-2.860e+00
-2.860e+00
-2.860e+00
-2.860e+00
-2.860e+00
-2.860e+00
-2.860e+00
-2.860e+00
-2.860e+00
-2.860e+00
-2.860e+00
-2.860e+00
-2.860e+00
-2.860e+00
-2.860e+00
-2.860e+00
-2.860e+00
-2.649e+00
-3.161e+00
-2.860e+00
-2.860e+00
-2.860e+00
-2.860e+00
-2.860e+00
-2.860e+00
-2.860e+00
-2.860e+00
-2.860e+00
-2.860e+00
-2.860e+00
-2.860e+00
-2.860e+00
-2.860e+00
-2.860e+00
-2.860e+00
-2.860e+00
-2.860e+00
-2.860e+00
-2.649e+00
-3.161e+00
-2.860e+00
-2.860e+00
-2.860e+00
-2.860e+00
-2.860e+00
-2.860e+00
-2.860e+00
-2.860e+00
-2.860e+00
-2.860e+00
-2.860e+00
-2.860e+00
-2.860e+00
-2.860e+00
-2.860e+00
-2.860e+00
-2.860e+00
-2.860e+00
-2.860e+00
-2.649e+00
-3.161e+00
-2.860e+00
-2.860e+00
-2.860e+00
-2.860e+00
-2.860e+00
-2.860e+00
-2.860e+00
-2.860e+00
-2.860e+00
-2.860e+00
-2.860e+00
-2.860e+00
-2.860e+00
-2.860e+00
-2.860e+00
-2.860e+00
-2.860e+00
-2.860e+00
-2.860e+00
-2.649e+00
-3.161e+00
-2.860e+00
-2.860e+00
-2.860e+00
-2.860e+00
-2.860e+00
-2.860e+00
-2.860e+00
-2.860e+00
-2.860e+00
-2.860e+00
-2.860e+00
-2.860e+00
-2.860e+00
-2.860e+00
-2.860e+00
-2.860e+00
-2.860e+00
-2.860e+00
-2.860e+00
-2.649e+00
-3.161e+00
-2.860e+00
-2.860e+00
-2.860e+00
-2.860e+00
-2.860e+00
-2.860e+00
-2.860e+00
-2.860e+00
-2.860e+00
-2.860e+00
-2.860e+00
-2.860e+00
-2.860e+00
-2.860e+00
-2.860e+00
-2.860e+00
-2.860e+00
-2.860e+00
-2.860e+00
-2.649e+00
-3.161e+00
-2.860e+00
-2.860e+00
-2.860e+00
-2.860e+00
-2.860e+00
-2.860e+00
-2.860e+00
-2.860e+00
-2.860e+00
-2.860e+00
-2.860e+00
-2.860e+00
-2.860e+00
-2.860e+00
-2.860e+00
-2.860e+00
-2.860e+00
-2.860e+00
-2.860e+00
-2.649e+00
-3.161e+00
-2.860e+00
-2.860e+00
-2.860e+00
-2.860e+00
-2.860e+00
-2.860e+00
-2.860e+00
-2.860e+00
-2.860e+00
-2.860e+00
-2.860e+00
-2.860e+00
-2.860e+00
-2.860e+00
-2.860e+00
-2.860e+00
-2.860e+00
-2.860e+00
-2.860e+00
-2.649e+00
-3.151e+00
-2.860e+00
-2.860e+00
-2.860e+00
-2.860e+00
-2.860e+00
-2.860e+00
-2.860e+00
-2.860e+00
-2.860e+00
-2.860e+00
-2.860e+00
-2.860e+00
-2.860e+00
-2.860e+00
-2.860e+00
-2.860e+00
-2.860e+00
-2.860e+00
-2.858e+00
-2.649e+00
-1.411e+00
-1.417e+00
-1.417e+00
-1.417e+00
-1.417e+00
-1.417e+00
-1.417e+00
-1.417e+00
-1.417e+00
-1.417e+00
-1.417e+00
-1.417e+00
-1.417e+00
-1.417e+00
-1.417e+00
-1.417e+00
-1.417e+00
-1.417e+00
-1.417e+00
-1.417e+00
-1.423e+00
-1.408e+00
-1.416e+00
-1.416e+00
-1.416e+00
-1.416e+00
-1.416e+00
-1.416e+00
-1.416e+00
-1.416e+00
-1.416e+00
-1.416e+00
-1.416e+00
-1.416e+00
-1.416e+00
-1.416e+00
-1.416e+00
-1.416e+00
-1.416e+00
-1.416e+00
-1.416e+00
-1.423e+00
-1.408e+00
-1.416e+00
-1.416e+00
-1.416e+00
-1.416e+00
-1.416e+00
-1.416e+00
-1.416e+00
-1.416e+00
-1.416e+00
-1.416e+00
-1.416e+00
-1.416e+00
-1.416e+00
-1.416e+00
-1.416e+00
-1.416e+00
-1.416e+00
-1.416e+00
-1.416e+00
-1.423e+00
-1.408e+00
-1.416e+00
-1.416e+00
-1.416e+00
-1.416e+00
-1.416e+00
-1.416e+00
-1.416e+00
-1.416e+00
-1.416e+00
-1.416e+00
-1.416e+00
-1.416e+00
-1.416e+00
-1.416e+00
-1.416e+00
-1.416e+00
-1.416e+00
-1.416e+00
-1.416e+00
-1.423e+00
-1.408e+00
-1.416e+00
-1.416e+00
-1.416e+00
-1.416e+00
-1.416e+00
-1.416e+00
-1.416e+00
-1.416e+00
-1.416e+00
-1.416e+00
-1.416e+00
-1.416e+00
-1.416e+00
-1.416e+00
-1.416e+00
-1.416e+00
-1.416e+00
-1.416e+00
-1.416e+00
-1.423e+00
-1.408e+00
-1.416e+00
-1.416e+00
-1.416e+00
-1.416e+00
-1.416e+00
-1.416e+00
-1.416e+00
-1.416e+00
-1.416e+00
-1.416e+00
-1.416e+00
-1.416e+00
-1.416e+00
-1.416e+00
-1.416e+00
-1.416e+00
-1.416e+00
-1.416e+00
-1.416e+00
-1.423e+00
-1.408e+00
-1.416e+00
-1.416e+00
-1.416e+00
-1.416e+00
-1.416e+00
-1.416e+00
-1.416e+00
-1.416e+00
-1.416e+00
-1.416e+00
-1.416e+00
-1.416e+00
-1.416e+00
-1.416e+00
-1.416e+00
-1.416e+00
-1.416e+00
-1.416e+00
-1.416e+00
-1.423e+00
-1.408e+00
-1.416e+00
-1.416e+00
-1.416e+00
-1.416e+00
-1.416e+00
-1.416e+00
-1.416e+00
-1.416e+00
-1.416e+00
-1.416e+00
-1.416e+00
-1.416e+00
-1.416e+00
-1.416e+00
-1.416e+00
-1.416e+00
-1.416e+00
-1.416e+00
-1.416e+00
-1.423e+00
-1.408e+00
-1.416e+00
-1.416e+00
-1.416e+00
-1.416e+00
-1.416e+00
-1.416e+00
-1.416e+00
-1.416e+00
-1.416e+00
-1.416e+00
-1.416e+00
-1.416e+00
-1.416e+00
-1.416e+00
-1.416e+00
-1.416e+00
-1.416e+00
-1.416e+00
-1.416e+00
-1.423e+00
-1.408e+00
-1.416e+00
-1.416e+00
-1.416e+00
-1.416e+00
-1.416e+00
-1.416e+00
-1.416e+00
-1.416e+00
-1.416e+00
-1.416e+00
-1.416e+00
-1.416e+00
-1.416e+00
-1.416e+00
-1.416e+00
-1.416e+00
-1.416e+00
-1.416e+00
-1.416e+00
-1.423e+00
-1.416e+00
-1.423e+00
-1.423e+00
-1.423e+00
-1.423e+00
-1.423e+00
-1.423e+00
-1.423e+00
-1.423e+00
-1.423e+00
-1.423e+00
-1.423e+00
-1.423e+00
-1.423e+00
-1.423e+00
-1.423e+00
-1.423e+00
-1.423e+00
-1.423e+00
-1.423e+00
-1.427e+00
-1.499e+00
-1.499e+00
-1.499e+00
-1.499e+00
-1.499e+00
-1.499e+00
-1.499e+00
-1.499e+00
-1.499e+00
-1.499e+00
-1.499e+00
-1.499e+00
-1.499e+00
-1.499e+00
-1.499e+00
-1.499e+00
-1.499e+00
-1.499e+00
-1.499e+00
-1.499e+00
-1.499e+00
-1.499e+00
-1.499e+00
-1.499e+00
-1.499e+00
-1.499e+00
-1.499e+00
-1.499e+00
-1.499e+00
-1.499e+00
-1.499e+00
-1.499e+00
-1.499e+00
-1.499e+00
-1.499e+00
-1.499e+00
-1.499e+00
-1.499e+00
-1.499e+00
-1.499e+00
-1.499e+00
-1.499e+00
-1.499e+00
-1.499e+00
-1.499e+00
-1.499e+00
-1.499e+00
-1.499e+00
-1.499e+00
-1.499e+00
-1.499e+00
-1.499e+00
-1.499e+00
-1.499e+00
-1.499e+00
-1.499e+00
-1.499e+00
-1.499e+00
-1.499e+00
-1.499e+00
-1.499e+00
-1.499e+00
-1.499e+00
-1.499e+00
-1.499e+00
-1.499e+00
-1.499e+00
-1.499e+00
-1.499e+00
-1.499e+00
-1.499e+00
-1.499e+00
-1.499e+00
-1.499e+00
-1.499e+00
-1.499e+00
-1.499e+00
-1.499e+00
-1.499e+00
-1.499e+00
-1.499e+00
-1.499e+00
-1.499e+00
-1.499e+00
-1.499e+00
-1.499e+00
-1.499e+00
-1.499e+00
-1.499e+00
-1.499e+00
-1.499e+00
-1.499e+00
-1.499e+00
-1.499e+00
-1.499e+00
-1.499e+00
-1.499e+00
-1.499e+00
-1.499e+00
-1.499e+00
-1.499e+00
-1.499e+00
-1.499e+00
-1.499e+00
-1.499e+00
-1.499e+00
-1.499e+00
-1.499e+00
-1.499e+00
-1.499e+00
-1.499e+00
-1.499e+00
-1.499e+00
-1.499e+00
-1.499e+00
-1.499e+00
-1.499e+00
-1.499e+00
-1.499e+00
-1.499e+00
-1.499e+00
-1.499e+00
-1.499e+00
-1.499e+00
-1.499e+00
-1.499e+00
-1.499e+00
-1.499e+00
-1.499e+00
-1.499e+00
-1.499e+00
-1.499e+00
-1.499e+00
-1.499e+00
-1.499e+00
-1.499e+00
-1.499e+00
-1.499e+00
-1.499e+00
-1.499e+00
-1.499e+00
-1.499e+00
-1.499e+00
-1.499e+00
-1.499e+00
-1.499e+00
-1.499e+00
-1.499e+00
-1.499e+00
-1.499e+00
-1.499e+00
-1.499e+00
-1.499e+00
-1.499e+00
-1.499e+00
-1.499e+00
-1.499e+00
-1.499e+00
-1.499e+00
-1.499e+00
-1.499e+00
-1.499e+00
-1.499e+00
-1.499e+00
-1.499e+00
-1.499e+00
-1.499e+00
-1.499e+00
-1.499e+00
-1.499e+00
-1.499e+00
-1.499e+00
-1.499e+00
-1.499e+00
-1.499e+00
-1.499e+00
-1.499e+00
-1.499e+00
-1.499e+00
-1.499e+00
-1.499e+00
-1.499e+00
-1.499e+00
-1.499e+00
-1.499e+00
-1.499e+00
-1.499e+00
-1.499e+00
-1.499e+00
-1.499e+00
-1.499e+00
-1.499e+00
-1.499e+00
-1.499e+00
-1.499e+00
-1.499e+00
-1.499e+00
-1.499e+00
-1.499e+00
-1.499e+00
-1.499e+00
-1.499e+00
-1.499e+00
-1.499e+00
-1.499e+00
-1.499e+00
-1.499e+00
-1.499e+00
-1.499e+00
-1.499e+00
-1.159e+00
-1.159e+00
-1.159e+00
-1.159e+00
-1.159e+00
-1.159e+00
-1.159e+00
-1.159e+00
-1.159e+00
-1.159e+00
-1.159e+00
-1.159e+00
-1.159e+00
-1.159e+00
-1.159e+00
-1.159e+00
-1.159e+00
-1.159e+00
-1.159e+00
-1.159e+00
-1.159e+00
-1.159e+00
-1.159e+00
-1.159e+00
-1.159e+00
-1.159e+00
-1.159e+00
-1.159e+00
-1.159e+00
-1.159e+00
-1.159e+00
-1.159e+00
-1.159e+00
-1.159e+00
-1.159e+00
-1.159e+00
-1.159e+00
-1.159e+00
-1.159e+00
-1.159e+00
-1.159e+00
-1.159e+00
-1.159e+00
-1.159e+00
-1.159e+00
-1.159e+00
-1.159e+00
-1.159e+00
-1.159e+00
-1.159e+00
-1.159e+00
-1.159e+00
-1.159e+00
-1.159e+00
-1.159e+00
-1.159e+00
-1.159e+00
-1.159e+00
-1.159e+00
-1.159e+00
-1.159e+00
-1.159e+00
-1.159e+00
-1.159e+00
-1.159e+00
-1.159e+00
-1.159e+00
-1.159e+00
-1.159e+00
-1.159e+00
-1.159e+00
-1.159e+00
-1.159e+00
-1.159e+00
-1.159e+00
-1.159e+00
-1.159e+00
-1.159e+00
-1.159e+00
-1.159e+00
-1.159e+00
-1.159e+00
-1.159e+00
-1.159e+00
-1.159e+00
-1.159e+00
-1.159e+00
-1.159e+00
-1.159e+00
-1.159e+00
-1.159e+00
-1.159e+00
-1.159e+00
-1.159e+00
-1.159e+00
-1.159e+00
-1.159e+00
-1.159e+00
-1.159e+00
-1.159e+00
-1.159e+00
-1.159e+00
-1.159e+00
-1.159e+00
-1.159e+00
-1.159e+00
-1.159e+00
-1.159e+00
-1.159e+00
-1.159e+00
-1.159e+00
-1.159e+00
-1.159e+00
-1.159e+00
-1.159e+00
-1.159e+00
-1.159e+00
-1.159e+00
-1.159e+00
-1.159e+00
-1.159e+00
-1.159e+00
-1.159e+00
-1.159e+00
-1.159e+00
-1.159e+00
-1.159e+00
-1.159e+00
-1.159e+00
-1.159e+00
-1.159e+00
-1.159e+00
-1.159e+00
-1.159e+00
-1.159e+00
-1.159e+00
-1.159e+00
-1.159e+00
-1.159e+00
-1.159e+00
-1.159e+00
-1.159e+00
-1.159e+00
-1.159e+00
-1.159e+00
-1.159e+00
-1.159e+00
-1.159e+00
-1.159e+00
-1.159e+00
-1.159e+00
-1.159e+00
-1.159e+00
-1.159e+00
-1.159e+00
-1.159e+00
-1.159e+00
-1.159e+00
-1.159e+00
-1.159e+00
-1.159e+00
-1.159e+00
-1.159e+00
-1.159e+00
-1.159e+00
-1.159e+00
-1.159e+00
-1.159e+00
-1.159e+00
-1.159e+00
-1.159e+00
-1.159e+00
-1.159e+00
-1.159e+00
-1.159e+00
-1.159e+00
-1.159e+00
-1.159e+00
-1.159e+00
-1.159e+00
-1.159e+00
-1.159e+00
-1.159e+00
-1.159e+00
-1.159e+00
-1.159e+00
-1.159e+00
-1.159e+00
-1.159e+00
-1.159e+00
-1.159e+00
-1.159e+00
-1.159e+00
-1.159e+00
-1.159e+00
-1.159e+00
-1.159e+00
-1.159e+00
-1.159e+00
-1.159e+00
-1.159e+00
-1.159e+00
-1.159e+00
-1.159e+00
-1.159e+00
-1.159e+00
-1.159e+00
-1.159e+00
-1.159e+00
-1.159e+00
-1.159e+00
-1.159e+00
-1.159e+00
-1.159e+00
-1.159e+00
-1.159e+00
-1.159e+00
-1.159e+00
-1.159e+00
-1.159e+00
-1.159e+00
-1.159e+00
-1.159e+00
-1.159e+00
-1.159e+00
-1.159e+00
-1.159e+00
-1.159e+00
-1.159e+00
-1.159e+00
-1.159e+00
-9.244e-01
-9.192e-01
-9.191e-01
-9.191e-01
-9.191e-01
-9.191e-01
-9.191e-01
-9.191e-01
-9.191e-01
-9.191e-01
-9.191e-01
-9.191e-01
-9.191e-01
-9.191e-01
-9.191e-01
-9.191e-01
-9.191e-01
-9.191e-01
-9.191e-01
-9.187e-01
-9.114e-01
-9.192e-01
-9.128e-01
-9.124e-01
-9.124e-01
-9.124e-01
-9.124e-01
-9.124e-01
-9.124e-01
-9.124e-01
-9.124e-01
-9.124e-01
-9.124e-01
-9.124e-01
-9.124e-01
-9.124e-01
-9.124e-01
-9.124e-01
-9.124e-01
-9.124e-01
-9.122e-01
-9.069e-01
-9.191e-01
-9.124e-01
-9.122e-01
-9.121e-01
-9.121e-01
-9.121e-01
-9.121e-01
-9.121e-01
-9.121e-01
-9.121e-01
-9.121e-01
-9.121e-01
-9.121e-01
-9.121e-01
-9.121e-01
-9.121e-01
-9.121e-01
-9.121e-01
-9.121e-01
-9.118e-01
-9.067e-01
-9.191e-01
-9.124e-01
-9.121e-01
-9.121e-01
-9.121e-01
-9.121e-01
-9.121e-01
-9.121e-01
-9.121e-01
-9.121e-01
-9.121e-01
-9.121e-01
-9.121e-01
-9.121e-01
-9.121e-01
-9.121e-01
-9.121e-01
-9.121e-01
-9.121e-01
-9.118e-01
-9.067e-01
-9.191e-01
-9.124e-01
-9.121e-01
-9.121e-01
-9.121e-01
-9.121e-01
-9.121e-01
-9.121e-01
-9.121e-01
-9.121e-01
-9.121e-01
-9.121e-01
-9.121e-01
-9.121e-01
-9.121e-01
-9.121e-01
-9.121e-01
-9.121e-01
-9.121e-01
-9.118e-01
-9.067e-01
-9.191e-01
-9.124e-01
-9.121e-01
-9.121e-01
-9.121e-01
-9.121e-01
-9.121e-01
-9.121e-01
-9.121e-01
-9.121e-01
-9.121e-01
-9.121e-01
-9.121e-01
-9.121e-01
-9.121e-01
-9.121e-01
-9.121e-01
-9.121e-01
-9.121e-01
-9.118e-01
-9.067e-01
-9.191e-01
-9.124e-01
-9.121e-01
-9.121e-01
-9.121e-01
-9.121e-01
-9.121e-01
-9.121e-01
-9.121e-01
-9.121e-01
-9.121e-01
-9.121e-01
-9.121e-01
-9.121e-01
-9.121e-01
-9.121e-01
-9.121e-01
-9.121e-01
-9.121e-01
-9.118e-01
-9.067e-01
-9.191e-01
-9.124e-01
-9.121e-01
-9.121e-01
-9.121e-01
-9.121e-01
-9.121e-01
-9.121e-01
-9.121e-01
-9.121e-01
-9.121e-01
-9.121e-01
-9.121e-01
-9.121e-01
-9.121e-01
-9.121e-01
-9.121e-01
-9.121e-01
-9.121e-01
-9.118e-01
-9.067e-01
-9.190e-01
-9.124e-01
-9.120e-01
-9.120e-01
-9.120e-01
-9.120e-01
-9.120e-01
-9.120e-01
-9.120e-01
-9.120e-01
-9.120e-01
-9.120e-01
-9.120e-01
-9.120e-01
-9.120e-01
-9.120e-01
-9.120e-01
-9.120e-01
-9.120e-01
-9.117e-01
-9.067e-01
-9.177e-01
-9.104e-01
-9.099e-01
-9.099e-01
-9.099e-01
-9.099e-01
-9.099e-01
-9.099e-01
-9.099e-01
-9.099e-01
-9.099e-01
-9.099e-01
-9.099e-01
-9.099e-01
-9.099e-01
-9.099e-01
-9.099e-01
-9.099e-01
-9.099e-01
-9.097e-01
-9.042e-01
-8.616e-01
-8.620e-01
-8.620e-01
-8.620e-01
-8.620e-01
-8.620e-01
-8.620e-01
-8.620e-01
-8.620e-01
-8.620e-01
-8.620e-01
-8.620e-01
-8.620e-01
-8.620e-01
-8.620e-01
-8.620e-01
-8.620e-01
-8.620e-01
-8.620e-01
-8.620e-01
-8.620e-01
-8.600e-01
-8.600e-01
-8.600e-01
-8.600e-01
-8.600e-01
-8.600e-01
-8.600e-01
-8.600e-01
-8.600e-01
-8.600e-01
-8.600e-01
-8.600e-01
-8.600e-01
-8.600e-01
-8.600e-01
-8.600e-01
-8.600e-01
-8.600e-01
-8.600e-01
-8.600e-01
-8.600e-01
-8.600e-01
-8.600e-01
-8.600e-01
-8.600e-01
-8.600e-01
-8.600e-01
-8.600e-01
-8.600e-01
-8.600e-01
-8.600e-01
-8.600e-01
-8.600e-01
-8.600e-01
-8.600e-01
-8.600e-01
-8.600e-01
-8.600e-01
-8.600e-01
-8.600e-01
-8.600e-01
-8.600e-01
-8.600e-01
-8.600e-01
-8.600e-01
-8.600e-01
-8.600e-01
-8.600e-01
-8.600e-01
-8.600e-01
-8.600e-01
-8.600e-01
-8.600e-01
-8.600e-01
-8.600e-01
-8.600e-01
-8.600e-01
-8.600e-01
-8.600e-01
-8.600e-01
-8.600e-01
-8.600e-01
-8.600e-01
-8.600e-01
-8.600e-01
-8.600e-01
-8.600e-01
-8.600e-01
-8.600e-01
-8.600e-01
-8.600e-01
-8.600e-01
-8.600e-01
-8.600e-01
-8.600e-01
-8.600e-01
-8.600e-01
-8.600e-01
-8.600e-01
-8.600e-01
-8.600e-01
-8.600e-01
-8.600e-01
-8.600e-01
-8.600e-01
-8.600e-01
-8.600e-01
-8.600e-01
-8.600e-01
-8.600e-01
-8.600e-01
-8.600e-01
-8.600e-01
-8.600e-01
-8.600e-01
-8.600e-01
-8.600e-01
-8.600e-01
-8.600e-01
-8.600e-01
-8.600e-01
-8.600e-01
-8.600e-01
-8.600e-01
-8.600e-01
-8.600e-01
-8.600e-01
-8.600e-01
-8.600e-01
-8.600e-01
-8.600e-01
-8.600e-01
-8.600e-01
-8.600e-01
-8.600e-01
-8.600e-01
-8.600e-01
-8.600e-01
-8.600e-01
-8.600e-01
-8.600e-01
-8.600e-01
-8.600e-01
-8.600e-01
-8.600e-01
-8.600e-01
-8.600e-01
-8.600e-01
-8.600e-01
-8.600e-01
-8.600e-01
-8.600e-01
-8.600e-01
-8.600e-01
-8.600e-01
-8.600e-01
-8.600e-01
-8.600e-01
-8.600e-01
-8.600e-01
-8.600e-01
-8.600e-01
-8.600e-01
-8.600e-01
-8.600e-01
-8.600e-01
-8.600e-01
-8.600e-01
-8.600e-01
-8.600e-01
-8.600e-01
-8.600e-01
-8.600e-01
-8.600e-01
-8.600e-01
-8.600e-01
-8.600e-01
-8.600e-01
-8.600e-01
-8.600e-01
-8.600e-01
-8.600e-01
-8.600e-01
-8.600e-01
-8.600e-01
-8.600e-01
-8.600e-01
-8.600e-01
-8.600e-01
-8.600e-01
-8.600e-01
-8.600e-01
-8.600e-01
-8.600e-01
-8.600e-01
-8.600e-01
-8.600e-01
-8.600e-01
-8.600e-01
-8.600e-01
-8.600e-01
-8.600e-01
-8.600e-01
-8.600e-01
-8.600e-01
-8.600e-01
-8.600e-01
-8.600e-01
-8.600e-01
-8.600e-01
-8.600e-01
-8.600e-01
-8.600e-01
-8.600e-01
-8.600e-01
-8.600e-01
-8.600e-01
-8.600e-01
-8.600e-01
-8.600e-01
-8.600e-01
-8.600e-01
-8.600e-01
-8.600e-01
-8.600e-01
-8.600e-01
-8.600e-01
-8.600e-01
-8.600e-01
-8.600e-01
-2.600e-01
-2.600e-01
-2.600e-01
-2.600e-01
-2.600e-01
-2.600e-01
-2.600e-01
-2.600e-01
-2.600e-01
-2.600e-01
-2.600e-01
-2.600e-01
-2.600e-01
-2.600e-01
-2.600e-01
-2.600e-01
-2.600e-01
-2.600e-01
-2.600e-01
-2.600e-01
-2.600e-01
-2.600e-01
-2.600e-01
-2.600e-01
-2.600e-01
-2.600e-01
-2.600e-01
-2.600e-01
-2.600e-01
-2.600e-01
-2.600e-01
-2.600e-01
-2.600e-01
-2.600e-01
-2.600e-01
-2.600e-01
-2.600e-01
-2.600e-01
-2.600e-01
-2.600e-01
-2.600e-01
-2.600e-01
-2.600e-01
-2.600e-01
-2.600e-01
-2.600e-01
-2.600e-01
-2.600e-01
-2.600e-01
-2.600e-01
-2.600e-01
-2.600e-01
-2.600e-01
-2.600e-01
-2.600e-01
-2.600e-01
-2.600e-01
-2.600e-01
-2.600e-01
-2.600e-01
-2.600e-01
-2.600e-01
-2.600e-01
-2.600e-01
-2.600e-01
-2.600e-01
-2.600e-01
-2.600e-01
-2.600e-01
-2.600e-01
-2.600e-01
-2.600e-01
-2.600e-01
-2.600e-01
-2.600e-01
-2.600e-01
-2.600e-01
-2.600e-01
-2.600e-01
-2.600e-01
-2.600e-01
-2.600e-01
-2.600e-01
-2.600e-01
-2.600e-01
-2.600e-01
-2.600e-01
-2.600e-01
-2.600e-01
-2.600e-01
-2.600e-01
-2.600e-01
-2.600e-01
-2.600e-01
-2.600e-01
-2.600e-01
-2.600e-01
-2.600e-01
-2.600e-01
-2.600e-01
-2.600e-01
-2.600e-01
-2.600e-01
-2.600e-01
-2.600e-01
-2.600e-01
-2.600e-01
-2.600e-01
-2.600e-01
-2.600e-01
-2.600e-01
-2.600e-01
-2.600e-01
-2.600e-01
-2.600e-01
-2.600e-01
-2.600e-01
-2.600e-01
-2.600e-01
-2.600e-01
-2.600e-01
-2.600e-01
-2.600e-01
-2.600e-01
-2.600e-01
-2.600e-01
-2.600e-01
-2.600e-01
-2.600e-01
-2.600e-01
-2.600e-01
-2.600e-01
-2.600e-01
-2.600e-01
-2.600e-01
-2.600e-01
-2.600e-01
-2.600e-01
-2.600e-01
-2.600e-01
-2.600e-01
-2.600e-01
-2.600e-01
-2.600e-01
-2.600e-01
-2.600e-01
-2.600e-01
-2.600e-01
-2.600e-01
-2.600e-01
-2.600e-01
-2.600e-01
-2.600e-01
-2.600e-01
-2.600e-01
-2.600e-01
-2.600e-01
-2.600e-01
-2.600e-01
-2.600e-01
-2.600e-01
-2.600e-01
-2.600e-01
-2.600e-01
-2.600e-01
-2.600e-01
-2.600e-01
-2.600e-01
-2.600e-01
-2.600e-01
-2.600e-01
-2.600e-01
-2.600e-01
-2.600e-01
-2.600e-01
-2.600e-01
-2.600e-01
-2.600e-01
-2.600e-01
-2.600e-01
-2.600e-01
-2.600e-01
-2.600e-01
-2.600e-01
-2.600e-01
-2.600e-01
-2.600e-01
-2.600e-01
-2.600e-01
-2.600e-01
-2.600e-01
-2.600e-01
-2.600e-01
-2.600e-01
-2.600e-01
-2.600e-01
-2.600e-01
-2.600e-01
-2.600e-01
-2.600e-01
-2.600e-01
-2.600e-01
-2.600e-01
-2.600e-01
-2.600e-01
-2.600e-01
-2.600e-01
-2.600e-01
-2.600e-01
-2.600e-01
-2.600e-01
-2.600e-01
-2.600e-01
-2.600e-01
-2.600e-01
-2.600e-01
-2.600e-01
-2.600e-01
-2.600e-01
-2.600e-01
-2.600e-01
-2.600e-01
-2.600e-01
-2.600e-01
-2.600e-01
-2.600e-01
-2.600e-01
-2.600e-01
-2.600e-01
-2.600e-01
-2.600e-01
-2.600e-01
-2.600e-01
-2.600e-01
-2.600e-01
-2.600e-01
-2.600e-01
-2.600e-01
-2.600e-01
-2.600e-01
-2.600e-01
-2.600e-01
-2.600e-01
-2.600e-01
-2.600e-01
-2.600e-01
-2.600e-01
-2.600e-01
-2.600e-01
-2.600e-01
-2.600e-01
-2.600e-01
-2.600e-01
-2.600e-01
-2.600e-01
-2.600e-01
-2.600e-01
-2.600e-01
-2.600e-01
-2.600e-01
-2.600e-01
-2.600e-01
-2.600e-01
-2.600e-01
-2.600e-01
-2.600e-01
-2.600e-01
-2.600e-01
-2.600e-01
-2.600e-01
-2.600e-01
-2.600e-01
-2.600e-01
-2.600e-01
-2.600e-01
-2.600e-01
-2.600e-01
-2.600e-01
-2.600e-01
-2.600e-01
-2.600e-01
-2.600e-01
-2.600e-01
-2.600e-01
-2.600e-01
-2.600e-01
-2.600e-01
-2.600e-01
-2.600e-01
-2.600e-01
-2.600e-01
-2.600e-01
-2.600e-01
-2.600e-01
-2.600e-01
-2.600e-01
-2.600e-01
-2.600e-01
-2.600e-01
-2.600e-01
-2.600e-01
-2.600e-01
-2.600e-01
-2.600e-01
-2.600e-01
-2.600e-01
-2.600e-01
-2.600e-01
-2.600e-01
-2.600e-01
-2.600e-01
-2.600e-01
-2.600e-01
-2.600e-01
-2.600e-01
-2.600e-01
-2.600e-01
-2.600e-01
-2.600e-01
-2.600e-01
-2.600e-01
-2.600e-01
-2.600e-01
-2.600e-01
-2.600e-01
-2.600e-01
-2.600e-01
-2.600e-01
-2.600e-01
-2.600e-01
-2.600e-01
-2.600e-01
-2.600e-01
-2.600e-01
-2.600e-01
-2.600e-01
-2.600e-01
-2.600e-01
-2.600e-01
-2.600e-01
-2.600e-01
-2.600e-01
-2.600e-01
-2.600e-01
-2.600e-01
-2.600e-01
-2.600e-01
-2.600e-01
-2.600e-01
-2.600e-01
-2.600e-01
-2.600e-01
-2.600e-01
-2.600e-01
-2.600e-01
-2.600e-01
-2.600e-01
-2.600e-01
-2.600e-01
-2.600e-01
-2.600e-01
-2.600e-01
-2.600e-01
-2.600e-01
-2.600e-01
-2.600e-01
-2.600e-01
-2.600e-01
-2.600e-01
-2.600e-01
-2.600e-01
-2.600e-01
-2.600e-01
-2.600e-01
-2.600e-01
-2.600e-01
-2.600e-01
-2.600e-01
-2.600e-01
-2.600e-01
-2.600e-01
-2.600e-01
-2.600e-01
-2.600e-01
-2.600e-01
-2.600e-01
-2.600e-01
-2.600e-01
-2.600e-01
-2.600e-01
-2.600e-01
-2.600e-01
-2.600e-01
-2.600e-01
-2.600e-01
-2.600e-01
-2.600e-01
-2.600e-01
-2.600e-01
-2.600e-01
-2.600e-01
-2.600e-01
-2.600e-01
-2.600e-01
-2.600e-01
-2.600e-01
-2.600e-01
-2.600e-01
-2.600e-01
-2.600e-01
-2.600e-01
-2.600e-01
-2.600e-01
-2.600e-01
-2.600e-01
-2.600e-01
-2.600e-01
-2.600e-01
-2.597e-01
-2.597e-01
-2.600e-01
-2.600e-01
-2.600e-01
-2.600e-01
-2.600e-01
-2.600e-01
-2.600e-01
-2.600e-01
-2.600e-01
-2.600e-01
-2.600e-01
-2.600e-01
-2.600e-01
-2.600e-01
-2.600e-01
-2.600e-01
-2.600e-01
-2.600e-01
-2.600e-01
-2.597e-01
-2.590e-01
3.400e-01
3.400e-01
3.400e-01
3.400e-01
3.400e-01
3.400e-01
3.400e-01
3.400e-01
3.400e-01
3.400e-01
3.400e-01
3.400e-01
3.400e-01
3.400e-01
3.400e-01
3.400e-01
3.400e-01
3.400e-01
3.400e-01
3.400e-01
3.400e-01
3.400e-01
3.400e-01
3.400e-01
3.400e-01
3.400e-01
3.400e-01
3.400e-01
3.400e-01
3.400e-01
3.400e-01
3.400e-01
3.400e-01
3.400e-01
3.400e-01
3.400e-01
3.400e-01
3.400e-01
3.400e-01
3.400e-01
3.400e-01
3.400e-01
3.400e-01
3.400e-01
3.400e-01
3.400e-01
3.400e-01
3.400e-01
3.400e-01
3.400e-01
3.400e-01
3.400e-01
3.400e-01
3.400e-01
3.400e-01
3.400e-01
3.400e-01
3.400e-01
3.400e-01
3.400e-01
3.400e-01
3.400e-01
3.400e-01
3.400e-01
3.400e-01
3.400e-01
3.400e-01
3.400e-01
3.400e-01
3.400e-01
3.400e-01
3.400e-01
3.400e-01
3.400e-01
3.400e-01
3.400e-01
3.400e-01
3.400e-01
3.400e-01
3.400e-01
3.400e-01
3.400e-01
3.400e-01
3.400e-01
3.400e-01
3.400e-01
3.400e-01
3.400e-01
3.400e-01
3.400e-01
3.400e-01
3.400e-01
3.400e-01
3.400e-01
3.400e-01
3.400e-01
3.400e-01
3.400e-01
3.400e-01
3.400e-01
3.400e-01
3.400e-01
3.400e-01
3.400e-01
3.400e-01
3.400e-01
3.400e-01
3.400e-01
3.400e-01
3.400e-01
3.400e-01
3.400e-01
3.400e-01
3.400e-01
3.400e-01
3.400e-01
3.400e-01
3.400e-01
3.400e-01
3.400e-01
3.400e-01
3.400e-01
3.400e-01
3.400e-01
3.400e-01
3.400e-01
3.400e-01
3.400e-01
3.400e-01
3.400e-01
3.400e-01
3.400e-01
3.400e-01
3.400e-01
3.400e-01
3.400e-01
3.400e-01
3.400e-01
3.400e-01
3.400e-01
3.400e-01
3.400e-01
3.400e-01
3.400e-01
3.400e-01
3.400e-01
3.400e-01
3.400e-01
3.400e-01
3.400e-01
3.400e-01
3.400e-01
3.400e-01
3.400e-01
3.400e-01
3.400e-01
3.400e-01
3.400e-01
3.400e-01
3.400e-01
3.400e-01
3.400e-01
3.400e-01
3.400e-01
3.400e-01
3.400e-01
3.400e-01
3.400e-01
3.400e-01
3.400e-01
3.400e-01
3.400e-01
3.400e-01
3.400e-01
3.400e-01
3.400e-01
3.400e-01
3.400e-01
3.400e-01
3.400e-01
3.400e-01
3.400e-01
3.400e-01
3.400e-01
3.400e-01
3.400e-01
3.400e-01
3.400e-01
3.400e-01
3.400e-01
3.400e-01
3.400e-01
3.400e-01
3.400e-01
3.400e-01
3.400e-01
3.400e-01
3.400e-01
3.400e-01
3.400e-01
3.400e-01
3.400e-01
3.400e-01
3.400e-01
3.400e-01
3.400e-01
3.400e-01
3.400e-01
3.400e-01
3.400e-01
3.400e-01
3.400e-01
3.400e-01
3.400e-01
3.400e-01
3.400e-01
3.400e-01
3.400e-01
3.400e-01
3.400e-01
3.400e-01
3.400e-01
3.400e-01
3.400e-01
3.400e-01
3.400e-01
3.400e-01
3.400e-01
3.400e-01
3.400e-01
3.400e-01
3.400e-01
3.400e-01
3.400e-01
3.400e-01
3.400e-01
3.400e-01
3.400e-01
3.400e-01
3.400e-01
3.400e-01
3.400e-01
3.400e-01
3.400e-01
3.400e-01
3.400e-01
3.400e-01
3.400e-01
3.400e-01
3.400e-01
3.400e-01
3.400e-01
3.400e-01
3.400e-01
3.400e-01
3.400e-01
3.400e-01
3.400e-01
3.400e-01
3.400e-01
3.400e-01
3.400e-01
3.400e-01
3.400e-01
3.400e-01
3.400e-01
3.400e-01
3.400e-01
3.400e-01
3.400e-01
3.400e-01
3.400e-01
3.400e-01
3.400e-01
3.400e-01
3.400e-01
3.400e-01
3.400e-01
3.400e-01
3.400e-01
3.400e-01
3.400e-01
3.400e-01
3.400e-01
3.400e-01
3.400e-01
3.400e-01
3.400e-01
3.400e-01
3.400e-01
3.400e-01
3.400e-01
3.400e-01
3.400e-01
3.400e-01
3.400e-01
3.400e-01
3.400e-01
3.400e-01
3.400e-01
3.400e-01
3.400e-01
3.400e-01
3.400e-01
3.400e-01
3.400e-01
3.400e-01
3.400e-01
3.400e-01
3.400e-01
3.400e-01
3.400e-01
3.400e-01
3.400e-01
3.400e-01
3.400e-01
3.400e-01
3.400e-01
3.400e-01
3.400e-01
3.400e-01
3.400e-01
3.400e-01
3.400e-01
3.400e-01
3.400e-01
3.400e-01
3.400e-01
3.400e-01
3.400e-01
3.400e-01
3.400e-01
3.400e-01
3.400e-01
3.400e-01
3.400e-01
3.400e-01
3.400e-01
3.400e-01
3.400e-01
3.400e-01
3.400e-01
3.400e-01
3.400e-01
3.400e-01
3.400e-01
3.400e-01
3.400e-01
3.400e-01
3.400e-01
3.400e-01
3.400e-01
3.400e-01
3.400e-01
3.400e-01
3.400e-01
3.400e-01
3.400e-01
3.400e-01
3.400e-01
3.400e-01
3.400e-01
3.400e-01
3.400e-01
3.400e-01
3.400e-01
3.400e-01
3.400e-01
3.400e-01
3.400e-01
3.400e-01
3.400e-01
3.400e-01
3.400e-01
3.400e-01
3.400e-01
3.400e-01
3.400e-01
3.400e-01
3.400e-01
3.400e-01
3.400e-01
3.400e-01
3.400e-01
3.400e-01
3.400e-01
3.400e-01
3.400e-01
3.400e-01
3.400e-01
3.400e-01
3.400e-01
3.400e-01
3.400e-01
3.400e-01
3.400e-01
3.400e-01
3.400e-01
3.400e-01
3.400e-01
3.400e-01
3.400e-01
3.400e-01
3.400e-01
3.400e-01
3.400e-01
3.400e-01
3.400e-01
3.400e-01
3.400e-01
3.400e-01
3.400e-01
3.400e-01
3.400e-01
3.400e-01
3.400e-01
3.400e-01
3.400e-01
3.403e-01
3.403e-01
3.400e-01
3.400e-01
3.400e-01
3.400e-01
3.400e-01
3.400e-01
3.400e-01
3.400e-01
3.400e-01
3.400e-01
3.400e-01
3.400e-01
3.400e-01
3.400e-01
3.400e-01
3.400e-01
3.400e-01
3.400e-01
3.400e-01
3.403e-01
3.410e-01
1.000e+00
1.000e+00
1.000e+00
1.000e+00
1.000e+00
1.000e+00
1.000e+00
1.000e+00
1.000e+00
1.000e+00
1.000e+00
1.000e+00
1.000e+00
1.000e+00
1.000e+00
1.000e+00
1.000e+00
1.000e+00
1.000e+00
1.000e+00
1.000e+00
1.000e+00
1.000e+00
1.000e+00
1.000e+00
1.000e+00
1.000e+00
1.000e+00
1.000e+00
1.000e+00
1.000e+00
1.000e+00
1.000e+00
1.000e+00
1.000e+00
1.000e+00
1.000e+00
1.000e+00
1.000e+00
1.000e+00
1.000e+00
1.000e+00
1.000e+00
1.000e+00
1.000e+00
1.000e+00
1.000e+00
1.000e+00
1.000e+00
1.000e+00
1.000e+00
1.000e+00
1.000e+00
1.000e+00
1.000e+00
1.000e+00
1.000e+00
1.000e+00
1.000e+00
1.000e+00
1.000e+00
1.000e+00
1.000e+00
1.000e+00
1.000e+00
1.000e+00
1.000e+00
1.000e+00
1.000e+00
1.000e+00
1.000e+00
1.000e+00
1.000e+00
1.000e+00
1.000e+00
1.000e+00
1.000e+00
1.000e+00
1.000e+00
1.000e+00
1.000e+00
1.000e+00
1.000e+00
1.000e+00
1.000e+00
1.000e+00
1.000e+00
1.000e+00
1.000e+00
1.000e+00
1.000e+00
1.000e+00
1.000e+00
1.000e+00
1.000e+00
1.000e+00
1.000e+00
1.000e+00
1.000e+00
1.000e+00
1.000e+00
1.000e+00
1.000e+00
1.000e+00
1.000e+00
1.000e+00
1.000e+00
1.000e+00
1.000e+00
1.000e+00
1.000e+00
1.000e+00
1.000e+00
1.000e+00
1.000e+00
1.000e+00
1.000e+00
1.000e+00
1.000e+00
1.000e+00
1.000e+00
1.000e+00
1.000e+00
1.000e+00
1.000e+00
1.000e+00
1.000e+00
1.000e+00
1.000e+00
1.000e+00
1.000e+00
1.000e+00
1.000e+00
1.000e+00
1.000e+00
1.000e+00
1.000e+00
1.000e+00
1.000e+00
1.000e+00
1.000e+00
1.000e+00
1.000e+00
1.000e+00
1.000e+00
1.000e+00
1.000e+00
1.000e+00
1.000e+00
1.000e+00
1.000e+00
1.000e+00
1.000e+00
1.000e+00
1.000e+00
1.000e+00
1.000e+00
1.000e+00
1.000e+00
1.000e+00
1.000e+00
1.000e+00
1.000e+00
1.000e+00
1.000e+00
1.000e+00
1.000e+00
1.000e+00
1.000e+00
1.000e+00
1.000e+00
1.000e+00
1.000e+00
1.000e+00
1.000e+00
1.000e+00
1.000e+00
1.000e+00
1.000e+00
1.000e+00
1.000e+00
1.000e+00
1.000e+00
1.000e+00
1.000e+00
1.000e+00
1.000e+00
1.000e+00
1.000e+00
1.000e+00
1.000e+00
1.000e+00
1.000e+00
1.000e+00
1.000e+00
1.000e+00
1.000e+00
1.000e+00
1.000e+00
1.000e+00
1.000e+00
1.000e+00
1.000e+00
1.000e+00
1.000e+00
1.000e+00
1.000e+00
1.000e+00
1.000e+00
1.000e+00
1.000e+00
1.000e+00
1.000e+00
1.000e+00
1.000e+00
1.000e+00
1.000e+00
1.000e+00
1.000e+00
1.000e+00
1.000e+00
1.000e+00
1.000e+00
1.000e+00
1.000e+00
1.000e+00
1.000e+00
1.000e+00
1.000e+00
1.000e+00
1.000e+00
1.000e+00
1.000e+00
1.000e+00
1.000e+00
1.000e+00
1.000e+00
1.000e+00
1.000e+00
1.000e+00
1.000e+00
1.000e+00
1.000e+00
1.000e+00
1.000e+00
1.000e+00
1.000e+00
1.000e+00
1.000e+00
1.000e+00
1.000e+00
1.000e+00
1.000e+00
1.000e+00
1.000e+00
1.000e+00
1.000e+00
1.000e+00
1.000e+00
1.000e+00
1.000e+00
1.000e+00
1.000e+00
1.000e+00
1.000e+00
1.000e+00
1.000e+00
1.000e+00
1.000e+00
1.000e+00
1.000e+00
1.000e+00
1.000e+00
1.000e+00
1.000e+00
1.000e+00
1.000e+00
1.000e+00
1.000e+00
1.000e+00
1.000e+00
1.000e+00
1.000e+00
1.000e+00
1.000e+00
1.000e+00
1.000e+00
1.000e+00
1.000e+00
1.000e+00
1.000e+00
1.000e+00
1.000e+00
1.000e+00
1.000e+00
1.000e+00
1.000e+00
1.000e+00
1.000e+00
1.000e+00
1.000e+00
1.000e+00
1.000e+00
1.000e+00
1.000e+00
1.000e+00
1.000e+00
1.000e+00
1.000e+00
1.000e+00
1.000e+00
1.000e+00
1.000e+00
1.000e+00
1.000e+00
1.000e+00
1.000e+00
1.000e+00
1.000e+00
1.000e+00
1.000e+00
1.000e+00
1.000e+00
1.000e+00
1.000e+00
1.000e+00
1.000e+00
1.000e+00
1.000e+00
1.000e+00
1.000e+00
1.000e+00
1.000e+00
1.000e+00
1.000e+00
1.000e+00
1.000e+00
1.000e+00
1.000e+00
1.000e+00
1.000e+00
1.000e+00
1.000e+00
1.000e+00
1.000e+00
1.000e+00
1.000e+00
1.000e+00
1.000e+00
1.000e+00
1.000e+00
1.000e+00
1.000e+00
1.000e+00
1.000e+00
1.000e+00
1.000e+00
1.000e+00
1.000e+00
1.000e+00
1.000e+00
1.000e+00
1.000e+00
1.000e+00
1.000e+00
1.000e+00
1.000e+00
1.000e+00
1.000e+00
1.000e+00
1.000e+00
1.000e+00
1.000e+00
1.000e+00
1.000e+00
1.000e+00
1.000e+00
1.000e+00
1.000e+00
1.000e+00
1.000e+00
1.000e+00
1.000e+00
1.000e+00
1.000e+00
1.000e+00
1.000e+00
1.000e+00
1.000e+00
1.000e+00
1.000e+00
1.000e+00
1.000e+00
1.000e+00
1.000e+00
1.000e+00
1.000e+00
1.000e+00
1.000e+00
1.000e+00
1.000e+00
1.000e+00
1.000e+00
1.000e+00
1.000e+00
1.000e+00
1.000e+00
1.000e+00
1.000e+00
1.000e+00
1.000e+00
1.000e+00
1.000e+00
1.000e+00
1.000e+00
1.000e+00
1.000e+00
1.000e+00
1.000e+00
1.000e+00
1.000e+00
1.000e+00
1.000e+00
1.000e+00
1.000e+00
1.000e+00
1.000e+00
1.000e+00
1.000e+00
1.000e+00
1.000e+00
1.000e+00
1.000e+00
1.000e+00
1.000e+00
1.000e+00
1.000e+00
1.000e+00
1.000e+00
1.000e+00
1.001e+00
