1	0	INDP	IPOND
-7.551e+01
-4.408e+01
-4.369e+01
-4.369e+01
-4.369e+01
-4.369e+01
-4.369e+01
-4.369e+01
-4.369e+01
-4.369e+01
-4.369e+01
-4.369e+01
-4.369e+01
-4.369e+01
-4.369e+01
-4.369e+01
-4.369e+01
-4.369e+01
-4.366e+01
-3.536e+01
-1.596e+01
-4.408e+01
-1.605e+01
-1.605e+01
-1.605e+01
-1.605e+01
-1.605e+01
-1.605e+01
-1.605e+01
-1.605e+01
-1.605e+01
-1.605e+01
-1.605e+01
-1.605e+01
-1.605e+01
-1.605e+01
-1.605e+01
-1.605e+01
-1.605e+01
-1.605e+01
-1.599e+01
-9.574e+00
-4.369e+01
-1.605e+01
-1.604e+01
-1.604e+01
-1.604e+01
-1.604e+01
-1.604e+01
-1.604e+01
-1.604e+01
-1.604e+01
-1.604e+01
-1.604e+01
-1.604e+01
-1.604e+01
-1.604e+01
-1.604e+01
-1.604e+01
-1.604e+01
-1.604e+01
-1.598e+01
-9.629e+00
-4.369e+01
-1.605e+01
-1.604e+01
-1.604e+01
-1.604e+01
-1.604e+01
-1.604e+01
-1.604e+01
-1.604e+01
-1.604e+01
-1.604e+01
-1.604e+01
-1.604e+01
-1.604e+01
-1.604e+01
-1.604e+01
-1.604e+01
-1.604e+01
-1.604e+01
-1.598e+01
-9.629e+00
-4.369e+01
-1.605e+01
-1.604e+01
-1.604e+01
-1.604e+01
-1.604e+01
-1.604e+01
-1.604e+01
-1.604e+01
-1.604e+01
-1.604e+01
-1.604e+01
-1.604e+01
-1.604e+01
-1.604e+01
-1.604e+01
-1.604e+01
-1.604e+01
-1.604e+01
-1.598e+01
-9.629e+00
-4.369e+01
-1.605e+01
-1.604e+01
-1.604e+01
-1.604e+01
-1.604e+01
-1.604e+01
-1.604e+01
-1.604e+01
-1.604e+01
-1.604e+01
-1.604e+01
-1.604e+01
-1.604e+01
-1.604e+01
-1.604e+01
-1.604e+01
-1.604e+01
-1.604e+01
-1.598e+01
-9.629e+00
-4.369e+01
-1.605e+01
-1.604e+01
-1.604e+01
-1.604e+01
-1.604e+01
-1.604e+01
-1.604e+01
-1.604e+01
-1.604e+01
-1.604e+01
-1.604e+01
-1.604e+01
-1.604e+01
-1.604e+01
-1.604e+01
-1.604e+01
-1.604e+01
-1.604e+01
-1.598e+01
-9.629e+00
-4.371e+01
-1.605e+01
-1.604e+01
-1.604e+01
-1.604e+01
-1.604e+01
-1.604e+01
-1.604e+01
-1.604e+01
-1.604e+01
-1.604e+01
-1.604e+01
-1.604e+01
-1.604e+01
-1.604e+01
-1.604e+01
-1.604e+01
-1.604e+01
-1.604e+01
-1.598e+01
-9.629e+00
-4.387e+01
-1.605e+01
-1.604e+01
-1.604e+01
-1.604e+01
-1.604e+01
-1.604e+01
-1.604e+01
-1.604e+01
-1.604e+01
-1.604e+01
-1.604e+01
-1.604e+01
-1.604e+01
-1.604e+01
-1.604e+01
-1.604e+01
-1.604e+01
-1.604e+01
-1.598e+01
-9.628e+00
-5.063e+01
-1.620e+01
-1.619e+01
-1.619e+01
-1.619e+01
-1.619e+01
-1.619e+01
-1.619e+01
-1.619e+01
-1.619e+01
-1.619e+01
-1.619e+01
-1.619e+01
-1.619e+01
-1.619e+01
-1.619e+01
-1.619e+01
-1.619e+01
-1.619e+01
-1.616e+01
-9.603e+00
-2.002e+02
-2.000e+02
-2.000e+02
-2.000e+02
-2.000e+02
-2.000e+02
-2.000e+02
-2.000e+02
-2.000e+02
-2.000e+02
-2.000e+02
-2.000e+02
-2.000e+02
-2.000e+02
-2.000e+02
-2.000e+02
-2.000e+02
-2.000e+02
-2.000e+02
-2.000e+02
-2.000e+02
-2.084e+02
-2.034e+02
-2.033e+02
-2.033e+02
-2.033e+02
-2.033e+02
-2.033e+02
-2.033e+02
-2.033e+02
-2.033e+02
-2.033e+02
-2.033e+02
-2.033e+02
-2.033e+02
-2.033e+02
-2.033e+02
-2.033e+02
-2.033e+02
-2.033e+02
-2.030e+02
-2.001e+02
-2.084e+02
-2.034e+02
-2.033e+02
-2.033e+02
-2.033e+02
-2.033e+02
-2.033e+02
-2.033e+02
-2.033e+02
-2.033e+02
-2.033e+02
-2.033e+02
-2.033e+02
-2.033e+02
-2.033e+02
-2.033e+02
-2.033e+02
-2.033e+02
-2.033e+02
-2.030e+02
-2.001e+02
-2.084e+02
-2.034e+02
-2.033e+02
-2.033e+02
-2.033e+02
-2.033e+02
-2.033e+02
-2.033e+02
-2.033e+02
-2.033e+02
-2.033e+02
-2.033e+02
-2.033e+02
-2.033e+02
-2.033e+02
-2.033e+02
-2.033e+02
-2.033e+02
-2.033e+02
-2.030e+02
-2.001e+02
-2.084e+02
-2.034e+02
-2.033e+02
-2.033e+02
-2.033e+02
-2.033e+02
-2.033e+02
-2.033e+02
-2.033e+02
-2.033e+02
-2.033e+02
-2.033e+02
-2.033e+02
-2.033e+02
-2.033e+02
-2.033e+02
-2.033e+02
-2.033e+02
-2.033e+02
-2.030e+02
-2.001e+02
-2.084e+02
-2.034e+02
-2.033e+02
-2.033e+02
-2.033e+02
-2.033e+02
-2.033e+02
-2.033e+02
-2.033e+02
-2.033e+02
-2.033e+02
-2.033e+02
-2.033e+02
-2.033e+02
-2.033e+02
-2.033e+02
-2.033e+02
-2.033e+02
-2.033e+02
-2.030e+02
-2.001e+02
-2.084e+02
-2.034e+02
-2.033e+02
-2.033e+02
-2.033e+02
-2.033e+02
-2.033e+02
-2.033e+02
-2.033e+02
-2.033e+02
-2.033e+02
-2.033e+02
-2.033e+02
-2.033e+02
-2.033e+02
-2.033e+02
-2.033e+02
-2.033e+02
-2.033e+02
-2.030e+02
-2.001e+02
-2.084e+02
-2.034e+02
-2.033e+02
-2.033e+02
-2.033e+02
-2.033e+02
-2.033e+02
-2.033e+02
-2.033e+02
-2.033e+02
-2.033e+02
-2.033e+02
-2.033e+02
-2.033e+02
-2.033e+02
-2.033e+02
-2.033e+02
-2.033e+02
-2.033e+02
-2.030e+02
-2.001e+02
-2.084e+02
-2.034e+02
-2.033e+02
-2.033e+02
-2.033e+02
-2.033e+02
-2.033e+02
-2.033e+02
-2.033e+02
-2.033e+02
-2.033e+02
-2.033e+02
-2.033e+02
-2.033e+02
-2.033e+02
-2.033e+02
-2.033e+02
-2.033e+02
-2.033e+02
-2.030e+02
-2.001e+02
-2.085e+02
-2.030e+02
-2.030e+02
-2.030e+02
-2.030e+02
-2.030e+02
-2.030e+02
-2.030e+02
-2.030e+02
-2.030e+02
-2.030e+02
-2.030e+02
-2.030e+02
-2.030e+02
-2.030e+02
-2.030e+02
-2.030e+02
-2.030e+02
-2.030e+02
-2.025e+02
-2.001e+02
-2.029e+02
-2.001e+02
-2.001e+02
-2.001e+02
-2.001e+02
-2.001e+02
-2.001e+02
-2.001e+02
-2.001e+02
-2.001e+02
-2.001e+02
-2.001e+02
-2.001e+02
-2.001e+02
-2.001e+02
-2.001e+02
-2.001e+02
-2.001e+02
-2.001e+02
-2.001e+02
-2.000e+02
-4.359e+01
-2.773e+01
-2.773e+01
-2.773e+01
-2.773e+01
-2.773e+01
-2.773e+01
-2.773e+01
-2.773e+01
-2.773e+01
-2.773e+01
-2.773e+01
-2.773e+01
-2.773e+01
-2.773e+01
-2.773e+01
-2.773e+01
-2.773e+01
-2.774e+01
-2.847e+01
-1.572e+01
-2.773e+01
-1.573e+01
-1.573e+01
-1.573e+01
-1.573e+01
-1.573e+01
-1.573e+01
-1.573e+01
-1.573e+01
-1.573e+01
-1.573e+01
-1.573e+01
-1.573e+01
-1.573e+01
-1.573e+01
-1.573e+01
-1.573e+01
-1.573e+01
-1.573e+01
-1.572e+01
-1.106e+01
-2.773e+01
-1.573e+01
-1.573e+01
-1.573e+01
-1.573e+01
-1.573e+01
-1.573e+01
-1.573e+01
-1.573e+01
-1.573e+01
-1.573e+01
-1.573e+01
-1.573e+01
-1.573e+01
-1.573e+01
-1.573e+01
-1.573e+01
-1.573e+01
-1.573e+01
-1.571e+01
-1.104e+01
-2.773e+01
-1.573e+01
-1.573e+01
-1.573e+01
-1.573e+01
-1.573e+01
-1.573e+01
-1.573e+01
-1.573e+01
-1.573e+01
-1.573e+01
-1.573e+01
-1.573e+01
-1.573e+01
-1.573e+01
-1.573e+01
-1.573e+01
-1.573e+01
-1.573e+01
-1.571e+01
-1.104e+01
-2.773e+01
-1.573e+01
-1.573e+01
-1.573e+01
-1.573e+01
-1.573e+01
-1.573e+01
-1.573e+01
-1.573e+01
-1.573e+01
-1.573e+01
-1.573e+01
-1.573e+01
-1.573e+01
-1.573e+01
-1.573e+01
-1.573e+01
-1.573e+01
-1.573e+01
-1.571e+01
-1.104e+01
-2.773e+01
-1.573e+01
-1.573e+01
-1.573e+01
-1.573e+01
-1.573e+01
-1.573e+01
-1.573e+01
-1.573e+01
-1.573e+01
-1.573e+01
-1.573e+01
-1.573e+01
-1.573e+01
-1.573e+01
-1.573e+01
-1.573e+01
-1.573e+01
-1.573e+01
-1.571e+01
-1.104e+01
-2.773e+01
-1.573e+01
-1.573e+01
-1.573e+01
-1.573e+01
-1.573e+01
-1.573e+01
-1.573e+01
-1.573e+01
-1.573e+01
-1.573e+01
-1.573e+01
-1.573e+01
-1.573e+01
-1.573e+01
-1.573e+01
-1.573e+01
-1.573e+01
-1.573e+01
-1.571e+01
-1.104e+01
-2.773e+01
-1.573e+01
-1.573e+01
-1.573e+01
-1.573e+01
-1.573e+01
-1.573e+01
-1.573e+01
-1.573e+01
-1.573e+01
-1.573e+01
-1.573e+01
-1.573e+01
-1.573e+01
-1.573e+01
-1.573e+01
-1.573e+01
-1.573e+01
-1.573e+01
-1.571e+01
-1.104e+01
-2.773e+01
-1.573e+01
-1.573e+01
-1.573e+01
-1.573e+01
-1.573e+01
-1.573e+01
-1.573e+01
-1.573e+01
-1.573e+01
-1.573e+01
-1.573e+01
-1.573e+01
-1.573e+01
-1.573e+01
-1.573e+01
-1.573e+01
-1.573e+01
-1.573e+01
-1.571e+01
-1.104e+01
-2.787e+01
-1.585e+01
-1.588e+01
-1.588e+01
-1.588e+01
-1.588e+01
-1.588e+01
-1.588e+01
-1.588e+01
-1.588e+01
-1.588e+01
-1.588e+01
-1.588e+01
-1.588e+01
-1.588e+01
-1.588e+01
-1.588e+01
-1.588e+01
-1.588e+01
-1.585e+01
-1.112e+01
-2.001e+02
-2.000e+02
-2.000e+02
-2.000e+02
-2.000e+02
-2.000e+02
-2.000e+02
-2.000e+02
-2.000e+02
-2.000e+02
-2.000e+02
-2.000e+02
-2.000e+02
-2.000e+02
-2.000e+02
-2.000e+02
-2.000e+02
-2.000e+02
-2.000e+02
-2.000e+02
-2.000e+02
-2.093e+02
-2.010e+02
-2.010e+02
-2.010e+02
-2.010e+02
-2.010e+02
-2.010e+02
-2.010e+02
-2.010e+02
-2.010e+02
-2.010e+02
-2.010e+02
-2.010e+02
-2.010e+02
-2.010e+02
-2.010e+02
-2.010e+02
-2.010e+02
-2.010e+02
-2.010e+02
-2.003e+02
-2.093e+02
-2.010e+02
-2.010e+02
-2.010e+02
-2.010e+02
-2.010e+02
-2.010e+02
-2.010e+02
-2.010e+02
-2.010e+02
-2.010e+02
-2.010e+02
-2.010e+02
-2.010e+02
-2.010e+02
-2.010e+02
-2.010e+02
-2.010e+02
-2.010e+02
-2.010e+02
-2.003e+02
-2.093e+02
-2.010e+02
-2.010e+02
-2.010e+02
-2.010e+02
-2.010e+02
-2.010e+02
-2.010e+02
-2.010e+02
-2.010e+02
-2.010e+02
-2.010e+02
-2.010e+02
-2.010e+02
-2.010e+02
-2.010e+02
-2.010e+02
-2.010e+02
-2.010e+02
-2.010e+02
-2.003e+02
-2.093e+02
-2.010e+02
-2.010e+02
-2.010e+02
-2.010e+02
-2.010e+02
-2.010e+02
-2.010e+02
-2.010e+02
-2.010e+02
-2.010e+02
-2.010e+02
-2.010e+02
-2.010e+02
-2.010e+02
-2.010e+02
-2.010e+02
-2.010e+02
-2.010e+02
-2.010e+02
-2.003e+02
-2.093e+02
-2.010e+02
-2.010e+02
-2.010e+02
-2.010e+02
-2.010e+02
-2.010e+02
-2.010e+02
-2.010e+02
-2.010e+02
-2.010e+02
-2.010e+02
-2.010e+02
-2.010e+02
-2.010e+02
-2.010e+02
-2.010e+02
-2.010e+02
-2.010e+02
-2.010e+02
-2.003e+02
-2.093e+02
-2.010e+02
-2.010e+02
-2.010e+02
-2.010e+02
-2.010e+02
-2.010e+02
-2.010e+02
-2.010e+02
-2.010e+02
-2.010e+02
-2.010e+02
-2.010e+02
-2.010e+02
-2.010e+02
-2.010e+02
-2.010e+02
-2.010e+02
-2.010e+02
-2.010e+02
-2.003e+02
-2.093e+02
-2.010e+02
-2.010e+02
-2.010e+02
-2.010e+02
-2.010e+02
-2.010e+02
-2.010e+02
-2.010e+02
-2.010e+02
-2.010e+02
-2.010e+02
-2.010e+02
-2.010e+02
-2.010e+02
-2.010e+02
-2.010e+02
-2.010e+02
-2.010e+02
-2.010e+02
-2.003e+02
-2.094e+02
-2.010e+02
-2.010e+02
-2.010e+02
-2.010e+02
-2.010e+02
-2.010e+02
-2.010e+02
-2.010e+02
-2.010e+02
-2.010e+02
-2.010e+02
-2.010e+02
-2.010e+02
-2.010e+02
-2.010e+02
-2.010e+02
-2.010e+02
-2.010e+02
-2.010e+02
-2.003e+02
-2.095e+02
-2.010e+02
-2.010e+02
-2.010e+02
-2.010e+02
-2.010e+02
-2.010e+02
-2.010e+02
-2.010e+02
-2.010e+02
-2.010e+02
-2.010e+02
-2.010e+02
-2.010e+02
-2.010e+02
-2.010e+02
-2.010e+02
-2.010e+02
-2.010e+02
-2.010e+02
-2.003e+02
-2.010e+02
-2.003e+02
-2.003e+02
-2.003e+02
-2.003e+02
-2.003e+02
-2.003e+02
-2.003e+02
-2.003e+02
-2.003e+02
-2.003e+02
-2.003e+02
-2.003e+02
-2.003e+02
-2.003e+02
-2.003e+02
-2.003e+02
-2.003e+02
-2.003e+02
-2.003e+02
-2.002e+02
-2.302e+01
-1.933e+01
-1.933e+01
-1.933e+01
-1.933e+01
-1.933e+01
-1.933e+01
-1.933e+01
-1.933e+01
-1.933e+01
-1.933e+01
-1.933e+01
-1.933e+01
-1.933e+01
-1.933e+01
-1.933e+01
-1.933e+01
-1.933e+01
-1.935e+01
-1.950e+01
-1.471e+01
-1.933e+01
-1.471e+01
-1.471e+01
-1.471e+01
-1.471e+01
-1.471e+01
-1.471e+01
-1.471e+01
-1.471e+01
-1.471e+01
-1.471e+01
-1.471e+01
-1.471e+01
-1.471e+01
-1.471e+01
-1.471e+01
-1.471e+01
-1.471e+01
-1.471e+01
-1.471e+01
-1.197e+01
-1.933e+01
-1.471e+01
-1.471e+01
-1.471e+01
-1.471e+01
-1.471e+01
-1.471e+01
-1.471e+01
-1.471e+01
-1.471e+01
-1.471e+01
-1.471e+01
-1.471e+01
-1.471e+01
-1.471e+01
-1.471e+01
-1.471e+01
-1.471e+01
-1.471e+01
-1.471e+01
-1.197e+01
-1.933e+01
-1.471e+01
-1.471e+01
-1.471e+01
-1.471e+01
-1.471e+01
-1.471e+01
-1.471e+01
-1.471e+01
-1.471e+01
-1.471e+01
-1.471e+01
-1.471e+01
-1.471e+01
-1.471e+01
-1.471e+01
-1.471e+01
-1.471e+01
-1.471e+01
-1.471e+01
-1.197e+01
-1.933e+01
-1.471e+01
-1.471e+01
-1.471e+01
-1.471e+01
-1.471e+01
-1.471e+01
-1.471e+01
-1.471e+01
-1.471e+01
-1.471e+01
-1.471e+01
-1.471e+01
-1.471e+01
-1.471e+01
-1.471e+01
-1.471e+01
-1.471e+01
-1.471e+01
-1.471e+01
-1.197e+01
-1.933e+01
-1.471e+01
-1.471e+01
-1.471e+01
-1.471e+01
-1.471e+01
-1.471e+01
-1.471e+01
-1.471e+01
-1.471e+01
-1.471e+01
-1.471e+01
-1.471e+01
-1.471e+01
-1.471e+01
-1.471e+01
-1.471e+01
-1.471e+01
-1.471e+01
-1.471e+01
-1.197e+01
-1.933e+01
-1.471e+01
-1.471e+01
-1.471e+01
-1.471e+01
-1.471e+01
-1.471e+01
-1.471e+01
-1.471e+01
-1.471e+01
-1.471e+01
-1.471e+01
-1.471e+01
-1.471e+01
-1.471e+01
-1.471e+01
-1.471e+01
-1.471e+01
-1.471e+01
-1.471e+01
-1.197e+01
-1.933e+01
-1.471e+01
-1.471e+01
-1.471e+01
-1.471e+01
-1.471e+01
-1.471e+01
-1.471e+01
-1.471e+01
-1.471e+01
-1.471e+01
-1.471e+01
-1.471e+01
-1.471e+01
-1.471e+01
-1.471e+01
-1.471e+01
-1.471e+01
-1.471e+01
-1.471e+01
-1.197e+01
-1.933e+01
-1.471e+01
-1.471e+01
-1.471e+01
-1.471e+01
-1.471e+01
-1.471e+01
-1.471e+01
-1.471e+01
-1.471e+01
-1.471e+01
-1.471e+01
-1.471e+01
-1.471e+01
-1.471e+01
-1.471e+01
-1.471e+01
-1.471e+01
-1.471e+01
-1.471e+01
-1.197e+01
-1.933e+01
-1.484e+01
-1.484e+01
-1.484e+01
-1.484e+01
-1.484e+01
-1.484e+01
-1.484e+01
-1.484e+01
-1.484e+01
-1.484e+01
-1.484e+01
-1.484e+01
-1.484e+01
-1.484e+01
-1.484e+01
-1.484e+01
-1.484e+01
-1.484e+01
-1.484e+01
-1.207e+01
-2.001e+02
-2.000e+02
-2.000e+02
-2.000e+02
-2.000e+02
-2.000e+02
-2.000e+02
-2.000e+02
-2.000e+02
-2.000e+02
-2.000e+02
-2.000e+02
-2.000e+02
-2.000e+02
-2.000e+02
-2.000e+02
-2.000e+02
-2.000e+02
-2.000e+02
-2.000e+02
-2.000e+02
-2.009e+02
-2.003e+02
-2.003e+02
-2.003e+02
-2.003e+02
-2.003e+02
-2.003e+02
-2.003e+02
-2.003e+02
-2.003e+02
-2.003e+02
-2.003e+02
-2.003e+02
-2.003e+02
-2.003e+02
-2.003e+02
-2.003e+02
-2.003e+02
-2.003e+02
-2.003e+02
-2.002e+02
-2.009e+02
-2.003e+02
-2.003e+02
-2.003e+02
-2.003e+02
-2.003e+02
-2.003e+02
-2.003e+02
-2.003e+02
-2.003e+02
-2.003e+02
-2.003e+02
-2.003e+02
-2.003e+02
-2.003e+02
-2.003e+02
-2.003e+02
-2.003e+02
-2.003e+02
-2.003e+02
-2.002e+02
-2.009e+02
-2.003e+02
-2.003e+02
-2.003e+02
-2.003e+02
-2.003e+02
-2.003e+02
-2.003e+02
-2.003e+02
-2.003e+02
-2.003e+02
-2.003e+02
-2.003e+02
-2.003e+02
-2.003e+02
-2.003e+02
-2.003e+02
-2.003e+02
-2.003e+02
-2.003e+02
-2.002e+02
-2.009e+02
-2.003e+02
-2.003e+02
-2.003e+02
-2.003e+02
-2.003e+02
-2.003e+02
-2.003e+02
-2.003e+02
-2.003e+02
-2.003e+02
-2.003e+02
-2.003e+02
-2.003e+02
-2.003e+02
-2.003e+02
-2.003e+02
-2.003e+02
-2.003e+02
-2.003e+02
-2.002e+02
-2.009e+02
-2.003e+02
-2.003e+02
-2.003e+02
-2.003e+02
-2.003e+02
-2.003e+02
-2.003e+02
-2.003e+02
-2.003e+02
-2.003e+02
-2.003e+02
-2.003e+02
-2.003e+02
-2.003e+02
-2.003e+02
-2.003e+02
-2.003e+02
-2.003e+02
-2.003e+02
-2.002e+02
-2.009e+02
-2.003e+02
-2.003e+02
-2.003e+02
-2.003e+02
-2.003e+02
-2.003e+02
-2.003e+02
-2.003e+02
-2.003e+02
-2.003e+02
-2.003e+02
-2.003e+02
-2.003e+02
-2.003e+02
-2.003e+02
-2.003e+02
-2.003e+02
-2.003e+02
-2.003e+02
-2.002e+02
-2.009e+02
-2.003e+02
-2.003e+02
-2.003e+02
-2.003e+02
-2.003e+02
-2.003e+02
-2.003e+02
-2.003e+02
-2.003e+02
-2.003e+02
-2.003e+02
-2.003e+02
-2.003e+02
-2.003e+02
-2.003e+02
-2.003e+02
-2.003e+02
-2.003e+02
-2.003e+02
-2.002e+02
-2.009e+02
-2.003e+02
-2.003e+02
-2.003e+02
-2.003e+02
-2.003e+02
-2.003e+02
-2.003e+02
-2.003e+02
-2.003e+02
-2.003e+02
-2.003e+02
-2.003e+02
-2.003e+02
-2.003e+02
-2.003e+02
-2.003e+02
-2.003e+02
-2.003e+02
-2.003e+02
-2.002e+02
-2.009e+02
-2.003e+02
-2.003e+02
-2.003e+02
-2.003e+02
-2.003e+02
-2.003e+02
-2.003e+02
-2.003e+02
-2.003e+02
-2.003e+02
-2.003e+02
-2.003e+02
-2.003e+02
-2.003e+02
-2.003e+02
-2.003e+02
-2.003e+02
-2.003e+02
-2.003e+02
-2.002e+02
-2.003e+02
-2.002e+02
-2.002e+02
-2.002e+02
-2.002e+02
-2.002e+02
-2.002e+02
-2.002e+02
-2.002e+02
-2.002e+02
-2.002e+02
-2.002e+02
-2.002e+02
-2.002e+02
-2.002e+02
-2.002e+02
-2.002e+02
-2.002e+02
-2.002e+02
-2.002e+02
-2.001e+02
-1.690e+01
-1.545e+01
-1.545e+01
-1.545e+01
-1.545e+01
-1.545e+01
-1.545e+01
-1.545e+01
-1.545e+01
-1.545e+01
-1.545e+01
-1.545e+01
-1.545e+01
-1.545e+01
-1.545e+01
-1.545e+01
-1.545e+01
-1.545e+01
-1.545e+01
-1.545e+01
-1.321e+01
-1.545e+01
-1.321e+01
-1.321e+01
-1.321e+01
-1.321e+01
-1.321e+01
-1.321e+01
-1.321e+01
-1.321e+01
-1.321e+01
-1.321e+01
-1.321e+01
-1.321e+01
-1.321e+01
-1.321e+01
-1.321e+01
-1.321e+01
-1.321e+01
-1.321e+01
-1.321e+01
-1.156e+01
-1.545e+01
-1.321e+01
-1.321e+01
-1.321e+01
-1.321e+01
-1.321e+01
-1.321e+01
-1.321e+01
-1.321e+01
-1.321e+01
-1.321e+01
-1.321e+01
-1.321e+01
-1.321e+01
-1.321e+01
-1.321e+01
-1.321e+01
-1.321e+01
-1.321e+01
-1.321e+01
-1.156e+01
-1.545e+01
-1.321e+01
-1.321e+01
-1.321e+01
-1.321e+01
-1.321e+01
-1.321e+01
-1.321e+01
-1.321e+01
-1.321e+01
-1.321e+01
-1.321e+01
-1.321e+01
-1.321e+01
-1.321e+01
-1.321e+01
-1.321e+01
-1.321e+01
-1.321e+01
-1.321e+01
-1.156e+01
-1.545e+01
-1.321e+01
-1.321e+01
-1.321e+01
-1.321e+01
-1.321e+01
-1.321e+01
-1.321e+01
-1.321e+01
-1.321e+01
-1.321e+01
-1.321e+01
-1.321e+01
-1.321e+01
-1.321e+01
-1.321e+01
-1.321e+01
-1.321e+01
-1.321e+01
-1.321e+01
-1.156e+01
-1.545e+01
-1.321e+01
-1.321e+01
-1.321e+01
-1.321e+01
-1.321e+01
-1.321e+01
-1.321e+01
-1.321e+01
-1.321e+01
-1.321e+01
-1.321e+01
-1.321e+01
-1.321e+01
-1.321e+01
-1.321e+01
-1.321e+01
-1.321e+01
-1.321e+01
-1.321e+01
-1.156e+01
-1.545e+01
-1.321e+01
-1.321e+01
-1.321e+01
-1.321e+01
-1.321e+01
-1.321e+01
-1.321e+01
-1.321e+01
-1.321e+01
-1.321e+01
-1.321e+01
-1.321e+01
-1.321e+01
-1.321e+01
-1.321e+01
-1.321e+01
-1.321e+01
-1.321e+01
-1.321e+01
-1.156e+01
-1.545e+01
-1.321e+01
-1.321e+01
-1.321e+01
-1.321e+01
-1.321e+01
-1.321e+01
-1.321e+01
-1.321e+01
-1.321e+01
-1.321e+01
-1.321e+01
-1.321e+01
-1.321e+01
-1.321e+01
-1.321e+01
-1.321e+01
-1.321e+01
-1.321e+01
-1.321e+01
-1.156e+01
-1.545e+01
-1.321e+01
-1.321e+01
-1.321e+01
-1.321e+01
-1.321e+01
-1.321e+01
-1.321e+01
-1.321e+01
-1.321e+01
-1.321e+01
-1.321e+01
-1.321e+01
-1.321e+01
-1.321e+01
-1.321e+01
-1.321e+01
-1.321e+01
-1.321e+01
-1.321e+01
-1.156e+01
-1.549e+01
-1.328e+01
-1.328e+01
-1.328e+01
-1.328e+01
-1.328e+01
-1.328e+01
-1.328e+01
-1.328e+01
-1.328e+01
-1.328e+01
-1.328e+01
-1.328e+01
-1.328e+01
-1.328e+01
-1.328e+01
-1.328e+01
-1.328e+01
-1.328e+01
-1.328e+01
-1.162e+01
-2.000e+02
-2.000e+02
-2.000e+02
-2.000e+02
-2.000e+02
-2.000e+02
-2.000e+02
-2.000e+02
-2.000e+02
-2.000e+02
-2.000e+02
-2.000e+02
-2.000e+02
-2.000e+02
-2.000e+02
-2.000e+02
-2.000e+02
-2.000e+02
-2.000e+02
-2.000e+02
-1.997e+02
-2.001e+02
-2.001e+02
-2.001e+02
-2.001e+02
-2.001e+02
-2.001e+02
-2.001e+02
-2.001e+02
-2.001e+02
-2.001e+02
-2.001e+02
-2.001e+02
-2.001e+02
-2.001e+02
-2.001e+02
-2.001e+02
-2.001e+02
-2.001e+02
-2.001e+02
-2.001e+02
-2.000e+02
-2.001e+02
-2.001e+02
-2.001e+02
-2.001e+02
-2.001e+02
-2.001e+02
-2.001e+02
-2.001e+02
-2.001e+02
-2.001e+02
-2.001e+02
-2.001e+02
-2.001e+02
-2.001e+02
-2.001e+02
-2.001e+02
-2.001e+02
-2.001e+02
-2.001e+02
-2.001e+02
-2.001e+02
-2.001e+02
-2.001e+02
-2.001e+02
-2.001e+02
-2.001e+02
-2.001e+02
-2.001e+02
-2.001e+02
-2.001e+02
-2.001e+02
-2.001e+02
-2.001e+02
-2.001e+02
-2.001e+02
-2.001e+02
-2.001e+02
-2.001e+02
-2.001e+02
-2.001e+02
-2.001e+02
-2.001e+02
-2.001e+02
-2.001e+02
-2.001e+02
-2.001e+02
-2.001e+02
-2.001e+02
-2.001e+02
-2.001e+02
-2.001e+02
-2.001e+02
-2.001e+02
-2.001e+02
-2.001e+02
-2.001e+02
-2.001e+02
-2.001e+02
-2.001e+02
-2.001e+02
-2.001e+02
-2.001e+02
-2.001e+02
-2.001e+02
-2.001e+02
-2.001e+02
-2.001e+02
-2.001e+02
-2.001e+02
-2.001e+02
-2.001e+02
-2.001e+02
-2.001e+02
-2.001e+02
-2.001e+02
-2.001e+02
-2.001e+02
-2.001e+02
-2.001e+02
-2.001e+02
-2.001e+02
-2.001e+02
-2.001e+02
-2.001e+02
-2.001e+02
-2.001e+02
-2.001e+02
-2.001e+02
-2.001e+02
-2.001e+02
-2.001e+02
-2.001e+02
-2.001e+02
-2.001e+02
-2.001e+02
-2.001e+02
-2.001e+02
-2.001e+02
-2.001e+02
-2.001e+02
-2.001e+02
-2.001e+02
-2.001e+02
-2.001e+02
-2.001e+02
-2.001e+02
-2.001e+02
-2.001e+02
-2.001e+02
-2.001e+02
-2.001e+02
-2.001e+02
-2.001e+02
-2.001e+02
-2.001e+02
-2.001e+02
-2.001e+02
-2.001e+02
-2.001e+02
-2.001e+02
-2.001e+02
-2.001e+02
-2.001e+02
-2.001e+02
-2.001e+02
-2.001e+02
-2.001e+02
-2.001e+02
-2.001e+02
-2.001e+02
-2.001e+02
-2.001e+02
-2.001e+02
-2.001e+02
-2.001e+02
-2.001e+02
-2.001e+02
-2.001e+02
-2.001e+02
-2.001e+02
-2.001e+02
-2.001e+02
-2.001e+02
-2.001e+02
-2.001e+02
-2.001e+02
-2.001e+02
-2.001e+02
-2.001e+02
-2.001e+02
-2.001e+02
-2.001e+02
-2.001e+02
-2.001e+02
-2.001e+02
-2.001e+02
-2.001e+02
-2.001e+02
-2.001e+02
-2.001e+02
-2.001e+02
-2.001e+02
-2.001e+02
-2.001e+02
-2.001e+02
-2.001e+02
-2.001e+02
-2.001e+02
-2.001e+02
-2.000e+02
-2.001e+02
-2.001e+02
-2.001e+02
-2.001e+02
-2.001e+02
-2.001e+02
-2.001e+02
-2.001e+02
-2.001e+02
-2.001e+02
-2.001e+02
-2.001e+02
-2.001e+02
-2.001e+02
-2.001e+02
-2.001e+02
-2.001e+02
-2.001e+02
-2.000e+02
-1.332e+01
-1.260e+01
-1.260e+01
-1.260e+01
-1.260e+01
-1.260e+01
-1.260e+01
-1.260e+01
-1.260e+01
-1.260e+01
-1.260e+01
-1.260e+01
-1.260e+01
-1.260e+01
-1.260e+01
-1.260e+01
-1.260e+01
-1.260e+01
-1.260e+01
-1.260e+01
-1.138e+01
-1.260e+01
-1.138e+01
-1.138e+01
-1.138e+01
-1.138e+01
-1.138e+01
-1.138e+01
-1.138e+01
-1.138e+01
-1.138e+01
-1.138e+01
-1.138e+01
-1.138e+01
-1.138e+01
-1.138e+01
-1.138e+01
-1.138e+01
-1.138e+01
-1.138e+01
-1.138e+01
-1.038e+01
-1.260e+01
-1.138e+01
-1.138e+01
-1.138e+01
-1.138e+01
-1.138e+01
-1.138e+01
-1.138e+01
-1.138e+01
-1.138e+01
-1.138e+01
-1.138e+01
-1.138e+01
-1.138e+01
-1.138e+01
-1.138e+01
-1.138e+01
-1.138e+01
-1.138e+01
-1.138e+01
-1.038e+01
-1.260e+01
-1.138e+01
-1.138e+01
-1.138e+01
-1.138e+01
-1.138e+01
-1.138e+01
-1.138e+01
-1.138e+01
-1.138e+01
-1.138e+01
-1.138e+01
-1.138e+01
-1.138e+01
-1.138e+01
-1.138e+01
-1.138e+01
-1.138e+01
-1.138e+01
-1.138e+01
-1.038e+01
-1.260e+01
-1.138e+01
-1.138e+01
-1.138e+01
-1.138e+01
-1.138e+01
-1.138e+01
-1.138e+01
-1.138e+01
-1.138e+01
-1.138e+01
-1.138e+01
-1.138e+01
-1.138e+01
-1.138e+01
-1.138e+01
-1.138e+01
-1.138e+01
-1.138e+01
-1.138e+01
-1.038e+01
-1.260e+01
-1.138e+01
-1.138e+01
-1.138e+01
-1.138e+01
-1.138e+01
-1.138e+01
-1.138e+01
-1.138e+01
-1.138e+01
-1.138e+01
-1.138e+01
-1.138e+01
-1.138e+01
-1.138e+01
-1.138e+01
-1.138e+01
-1.138e+01
-1.138e+01
-1.138e+01
-1.038e+01
-1.260e+01
-1.138e+01
-1.138e+01
-1.138e+01
-1.138e+01
-1.138e+01
-1.138e+01
-1.138e+01
-1.138e+01
-1.138e+01
-1.138e+01
-1.138e+01
-1.138e+01
-1.138e+01
-1.138e+01
-1.138e+01
-1.138e+01
-1.138e+01
-1.138e+01
-1.138e+01
-1.038e+01
-1.260e+01
-1.138e+01
-1.138e+01
-1.138e+01
-1.138e+01
-1.138e+01
-1.138e+01
-1.138e+01
-1.138e+01
-1.138e+01
-1.138e+01
-1.138e+01
-1.138e+01
-1.138e+01
-1.138e+01
-1.138e+01
-1.138e+01
-1.138e+01
-1.138e+01
-1.138e+01
-1.038e+01
-1.260e+01
-1.138e+01
-1.138e+01
-1.138e+01
-1.138e+01
-1.138e+01
-1.138e+01
-1.138e+01
-1.138e+01
-1.138e+01
-1.138e+01
-1.138e+01
-1.138e+01
-1.138e+01
-1.138e+01
-1.138e+01
-1.138e+01
-1.138e+01
-1.138e+01
-1.138e+01
-1.038e+01
-1.262e+01
-1.140e+01
-1.140e+01
-1.140e+01
-1.140e+01
-1.140e+01
-1.140e+01
-1.140e+01
-1.140e+01
-1.140e+01
-1.140e+01
-1.140e+01
-1.140e+01
-1.140e+01
-1.140e+01
-1.140e+01
-1.140e+01
-1.140e+01
-1.140e+01
-1.140e+01
-1.042e+01
-1.998e+02
-1.992e+02
-1.990e+02
-1.990e+02
-1.990e+02
-1.990e+02
-1.990e+02
-1.990e+02
-1.990e+02
-1.990e+02
-1.990e+02
-1.990e+02
-1.990e+02
-1.990e+02
-1.990e+02
-1.990e+02
-1.990e+02
-1.990e+02
-1.990e+02
-1.990e+02
-1.975e+02
-2.000e+02
-2.000e+02
-2.000e+02
-2.000e+02
-2.000e+02
-2.000e+02
-2.000e+02
-2.000e+02
-2.000e+02
-2.000e+02
-2.000e+02
-2.000e+02
-2.000e+02
-2.000e+02
-2.000e+02
-2.000e+02
-2.000e+02
-2.000e+02
-2.000e+02
-2.000e+02
-2.000e+02
-2.000e+02
-2.000e+02
-2.000e+02
-2.000e+02
-2.000e+02
-2.000e+02
-2.000e+02
-2.000e+02
-2.000e+02
-2.000e+02
-2.000e+02
-2.000e+02
-2.000e+02
-2.000e+02
-2.000e+02
-2.000e+02
-2.000e+02
-2.000e+02
-2.000e+02
-2.000e+02
-2.000e+02
-2.000e+02
-2.000e+02
-2.000e+02
-2.000e+02
-2.000e+02
-2.000e+02
-2.000e+02
-2.000e+02
-2.000e+02
-2.000e+02
-2.000e+02
-2.000e+02
-2.000e+02
-2.000e+02
-2.000e+02
-2.000e+02
-2.000e+02
-2.000e+02
-2.000e+02
-2.000e+02
-2.000e+02
-2.000e+02
-2.000e+02
-2.000e+02
-2.000e+02
-2.000e+02
-2.000e+02
-2.000e+02
-2.000e+02
-2.000e+02
-2.000e+02
-2.000e+02
-2.000e+02
-2.000e+02
-2.000e+02
-2.000e+02
-2.000e+02
-2.000e+02
-2.000e+02
-2.000e+02
-2.000e+02
-2.000e+02
-2.000e+02
-2.000e+02
-2.000e+02
-2.000e+02
-2.000e+02
-2.000e+02
-2.000e+02
-2.000e+02
-2.000e+02
-2.000e+02
-2.000e+02
-2.000e+02
-2.000e+02
-2.000e+02
-2.000e+02
-2.000e+02
-2.000e+02
-2.000e+02
-2.000e+02
-2.000e+02
-2.000e+02
-2.000e+02
-2.000e+02
-2.000e+02
-2.000e+02
-2.000e+02
-2.000e+02
-2.000e+02
-2.000e+02
-2.000e+02
-2.000e+02
-2.000e+02
-2.000e+02
-2.000e+02
-2.000e+02
-2.000e+02
-2.000e+02
-2.000e+02
-2.000e+02
-2.000e+02
-2.000e+02
-2.000e+02
-2.000e+02
-2.000e+02
-2.000e+02
-2.000e+02
-2.000e+02
-2.000e+02
-2.000e+02
-2.000e+02
-2.000e+02
-2.000e+02
-2.000e+02
-2.000e+02
-2.000e+02
-2.000e+02
-2.000e+02
-2.000e+02
-2.000e+02
-2.000e+02
-2.000e+02
-2.000e+02
-2.000e+02
-2.000e+02
-2.000e+02
-2.000e+02
-2.000e+02
-2.000e+02
-2.000e+02
-2.000e+02
-2.000e+02
-2.000e+02
-2.000e+02
-2.000e+02
-2.000e+02
-2.000e+02
-2.000e+02
-2.000e+02
-2.000e+02
-2.000e+02
-2.000e+02
-2.000e+02
-2.000e+02
-2.000e+02
-2.000e+02
-2.000e+02
-2.000e+02
-2.000e+02
-2.000e+02
-2.000e+02
-2.000e+02
-2.000e+02
-2.000e+02
-2.000e+02
-2.000e+02
-2.000e+02
-2.000e+02
-2.000e+02
-2.000e+02
-2.000e+02
-2.000e+02
-2.000e+02
-2.000e+02
-2.000e+02
-2.000e+02
-2.000e+02
-2.000e+02
-2.000e+02
-2.000e+02
-2.000e+02
-2.000e+02
-2.000e+02
-2.000e+02
-2.000e+02
-2.000e+02
-2.000e+02
-2.000e+02
-2.000e+02
-2.000e+02
-2.000e+02
-2.000e+02
-2.000e+02
-2.000e+02
-2.000e+02
-2.000e+02
-2.000e+02
-9.830e+00
-9.749e+00
-9.749e+00
-9.749e+00
-9.749e+00
-9.749e+00
-9.749e+00
-9.749e+00
-9.749e+00
-9.749e+00
-9.749e+00
-9.749e+00
-9.749e+00
-9.749e+00
-9.749e+00
-9.749e+00
-9.749e+00
-9.749e+00
-9.749e+00
-9.753e+00
-9.584e+00
-9.749e+00
-9.583e+00
-9.579e+00
-9.579e+00
-9.579e+00
-9.579e+00
-9.579e+00
-9.579e+00
-9.579e+00
-9.579e+00
-9.579e+00
-9.579e+00
-9.579e+00
-9.579e+00
-9.579e+00
-9.579e+00
-9.579e+00
-9.579e+00
-9.579e+00
-9.579e+00
-9.428e+00
-9.749e+00
-9.579e+00
-9.573e+00
-9.573e+00
-9.573e+00
-9.573e+00
-9.573e+00
-9.573e+00
-9.573e+00
-9.573e+00
-9.573e+00
-9.573e+00
-9.573e+00
-9.573e+00
-9.573e+00
-9.573e+00
-9.573e+00
-9.573e+00
-9.573e+00
-9.574e+00
-9.413e+00
-9.749e+00
-9.579e+00
-9.573e+00
-9.573e+00
-9.573e+00
-9.573e+00
-9.573e+00
-9.573e+00
-9.573e+00
-9.573e+00
-9.573e+00
-9.573e+00
-9.573e+00
-9.573e+00
-9.573e+00
-9.573e+00
-9.573e+00
-9.573e+00
-9.573e+00
-9.574e+00
-9.413e+00
-9.749e+00
-9.579e+00
-9.573e+00
-9.573e+00
-9.573e+00
-9.573e+00
-9.573e+00
-9.573e+00
-9.573e+00
-9.573e+00
-9.573e+00
-9.573e+00
-9.573e+00
-9.573e+00
-9.573e+00
-9.573e+00
-9.573e+00
-9.573e+00
-9.573e+00
-9.574e+00
-9.413e+00
-9.749e+00
-9.579e+00
-9.573e+00
-9.573e+00
-9.573e+00
-9.573e+00
-9.573e+00
-9.573e+00
-9.573e+00
-9.573e+00
-9.573e+00
-9.573e+00
-9.573e+00
-9.573e+00
-9.573e+00
-9.573e+00
-9.573e+00
-9.573e+00
-9.573e+00
-9.574e+00
-9.413e+00
-9.749e+00
-9.579e+00
-9.573e+00
-9.573e+00
-9.573e+00
-9.573e+00
-9.573e+00
-9.573e+00
-9.573e+00
-9.573e+00
-9.573e+00
-9.573e+00
-9.573e+00
-9.573e+00
-9.573e+00
-9.573e+00
-9.573e+00
-9.573e+00
-9.573e+00
-9.574e+00
-9.413e+00
-9.749e+00
-9.579e+00
-9.573e+00
-9.573e+00
-9.573e+00
-9.573e+00
-9.573e+00
-9.573e+00
-9.573e+00
-9.573e+00
-9.573e+00
-9.573e+00
-9.573e+00
-9.573e+00
-9.573e+00
-9.573e+00
-9.573e+00
-9.573e+00
-9.573e+00
-9.574e+00
-9.413e+00
-9.749e+00
-9.579e+00
-9.573e+00
-9.573e+00
-9.573e+00
-9.573e+00
-9.573e+00
-9.573e+00
-9.573e+00
-9.573e+00
-9.573e+00
-9.573e+00
-9.573e+00
-9.573e+00
-9.573e+00
-9.573e+00
-9.573e+00
-9.573e+00
-9.573e+00
-9.574e+00
-9.413e+00
-9.707e+00
-9.586e+00
-9.585e+00
-9.585e+00
-9.585e+00
-9.585e+00
-9.585e+00
-9.585e+00
-9.585e+00
-9.585e+00
-9.585e+00
-9.585e+00
-9.585e+00
-9.585e+00
-9.585e+00
-9.585e+00
-9.585e+00
-9.585e+00
-9.585e+00
-9.585e+00
-9.440e+00
-1.962e+02
-1.879e+02
-1.843e+02
-1.843e+02
-1.843e+02
-1.843e+02
-1.843e+02
-1.843e+02
-1.843e+02
-1.843e+02
-1.843e+02
-1.843e+02
-1.843e+02
-1.843e+02
-1.843e+02
-1.843e+02
-1.843e+02
-1.843e+02
-1.843e+02
-1.843e+02
-1.688e+02
-1.976e+02
-1.975e+02
-1.975e+02
-1.975e+02
-1.975e+02
-1.975e+02
-1.975e+02
-1.975e+02
-1.975e+02
-1.975e+02
-1.975e+02
-1.975e+02
-1.975e+02
-1.975e+02
-1.975e+02
-1.975e+02
-1.975e+02
-1.975e+02
-1.975e+02
-1.975e+02
-1.969e+02
-1.976e+02
-1.975e+02
-1.975e+02
-1.975e+02
-1.975e+02
-1.975e+02
-1.975e+02
-1.975e+02
-1.975e+02
-1.975e+02
-1.975e+02
-1.975e+02
-1.975e+02
-1.975e+02
-1.975e+02
-1.975e+02
-1.975e+02
-1.975e+02
-1.975e+02
-1.975e+02
-1.968e+02
-1.976e+02
-1.975e+02
-1.975e+02
-1.975e+02
-1.975e+02
-1.975e+02
-1.975e+02
-1.975e+02
-1.975e+02
-1.975e+02
-1.975e+02
-1.975e+02
-1.975e+02
-1.975e+02
-1.975e+02
-1.975e+02
-1.975e+02
-1.975e+02
-1.975e+02
-1.975e+02
-1.968e+02
-1.976e+02
-1.975e+02
-1.975e+02
-1.975e+02
-1.975e+02
-1.975e+02
-1.975e+02
-1.975e+02
-1.975e+02
-1.975e+02
-1.975e+02
-1.975e+02
-1.975e+02
-1.975e+02
-1.975e+02
-1.975e+02
-1.975e+02
-1.975e+02
-1.975e+02
-1.975e+02
-1.968e+02
-1.976e+02
-1.975e+02
-1.975e+02
-1.975e+02
-1.975e+02
-1.975e+02
-1.975e+02
-1.975e+02
-1.975e+02
-1.975e+02
-1.975e+02
-1.975e+02
-1.975e+02
-1.975e+02
-1.975e+02
-1.975e+02
-1.975e+02
-1.975e+02
-1.975e+02
-1.975e+02
-1.968e+02
-1.976e+02
-1.975e+02
-1.975e+02
-1.975e+02
-1.975e+02
-1.975e+02
-1.975e+02
-1.975e+02
-1.975e+02
-1.975e+02
-1.975e+02
-1.975e+02
-1.975e+02
-1.975e+02
-1.975e+02
-1.975e+02
-1.975e+02
-1.975e+02
-1.975e+02
-1.975e+02
-1.968e+02
-1.976e+02
-1.975e+02
-1.975e+02
-1.975e+02
-1.975e+02
-1.975e+02
-1.975e+02
-1.975e+02
-1.975e+02
-1.975e+02
-1.975e+02
-1.975e+02
-1.975e+02
-1.975e+02
-1.975e+02
-1.975e+02
-1.975e+02
-1.975e+02
-1.975e+02
-1.975e+02
-1.968e+02
-1.976e+02
-1.975e+02
-1.975e+02
-1.975e+02
-1.975e+02
-1.975e+02
-1.975e+02
-1.975e+02
-1.975e+02
-1.975e+02
-1.975e+02
-1.975e+02
-1.975e+02
-1.975e+02
-1.975e+02
-1.975e+02
-1.975e+02
-1.975e+02
-1.975e+02
-1.975e+02
-1.968e+02
-1.977e+02
-1.975e+02
-1.975e+02
-1.975e+02
-1.975e+02
-1.975e+02
-1.975e+02
-1.975e+02
-1.975e+02
-1.975e+02
-1.975e+02
-1.975e+02
-1.975e+02
-1.975e+02
-1.975e+02
-1.975e+02
-1.975e+02
-1.975e+02
-1.975e+02
-1.975e+02
-1.968e+02
-1.975e+02
-1.969e+02
-1.968e+02
-1.968e+02
-1.968e+02
-1.968e+02
-1.968e+02
-1.968e+02
-1.968e+02
-1.968e+02
-1.968e+02
-1.968e+02
-1.968e+02
-1.968e+02
-1.968e+02
-1.968e+02
-1.968e+02
-1.968e+02
-1.968e+02
-1.968e+02
-1.962e+02
-1.250e+01
-1.055e+01
-1.055e+01
-1.055e+01
-1.055e+01
-1.055e+01
-1.055e+01
-1.055e+01
-1.055e+01
-1.055e+01
-1.055e+01
-1.055e+01
-1.055e+01
-1.055e+01
-1.055e+01
-1.055e+01
-1.055e+01
-1.055e+01
-1.055e+01
-1.055e+01
-8.181e+00
-1.055e+01
-8.183e+00
-8.183e+00
-8.183e+00
-8.183e+00
-8.183e+00
-8.183e+00
-8.183e+00
-8.183e+00
-8.183e+00
-8.183e+00
-8.183e+00
-8.183e+00
-8.183e+00
-8.183e+00
-8.183e+00
-8.183e+00
-8.183e+00
-8.183e+00
-8.182e+00
-6.782e+00
-1.055e+01
-8.183e+00
-8.187e+00
-8.187e+00
-8.187e+00
-8.187e+00
-8.187e+00
-8.187e+00
-8.187e+00
-8.187e+00
-8.187e+00
-8.187e+00
-8.187e+00
-8.187e+00
-8.187e+00
-8.187e+00
-8.187e+00
-8.187e+00
-8.187e+00
-8.183e+00
-6.784e+00
-1.055e+01
-8.183e+00
-8.187e+00
-8.187e+00
-8.187e+00
-8.187e+00
-8.187e+00
-8.187e+00
-8.187e+00
-8.187e+00
-8.187e+00
-8.187e+00
-8.187e+00
-8.187e+00
-8.187e+00
-8.187e+00
-8.187e+00
-8.187e+00
-8.187e+00
-8.183e+00
-6.784e+00
-1.055e+01
-8.183e+00
-8.187e+00
-8.187e+00
-8.187e+00
-8.187e+00
-8.187e+00
-8.187e+00
-8.187e+00
-8.187e+00
-8.187e+00
-8.187e+00
-8.187e+00
-8.187e+00
-8.187e+00
-8.187e+00
-8.187e+00
-8.187e+00
-8.187e+00
-8.183e+00
-6.784e+00
-1.055e+01
-8.183e+00
-8.187e+00
-8.187e+00
-8.187e+00
-8.187e+00
-8.187e+00
-8.187e+00
-8.187e+00
-8.187e+00
-8.187e+00
-8.187e+00
-8.187e+00
-8.187e+00
-8.187e+00
-8.187e+00
-8.187e+00
-8.187e+00
-8.187e+00
-8.183e+00
-6.784e+00
-1.055e+01
-8.183e+00
-8.187e+00
-8.187e+00
-8.187e+00
-8.187e+00
-8.187e+00
-8.187e+00
-8.187e+00
-8.187e+00
-8.187e+00
-8.187e+00
-8.187e+00
-8.187e+00
-8.187e+00
-8.187e+00
-8.187e+00
-8.187e+00
-8.187e+00
-8.183e+00
-6.784e+00
-1.055e+01
-8.183e+00
-8.187e+00
-8.187e+00
-8.187e+00
-8.187e+00
-8.187e+00
-8.187e+00
-8.187e+00
-8.187e+00
-8.187e+00
-8.187e+00
-8.187e+00
-8.187e+00
-8.187e+00
-8.187e+00
-8.187e+00
-8.187e+00
-8.187e+00
-8.183e+00
-6.784e+00
-1.055e+01
-8.183e+00
-8.187e+00
-8.187e+00
-8.187e+00
-8.187e+00
-8.187e+00
-8.187e+00
-8.187e+00
-8.187e+00
-8.187e+00
-8.187e+00
-8.187e+00
-8.187e+00
-8.187e+00
-8.187e+00
-8.187e+00
-8.187e+00
-8.187e+00
-8.183e+00
-6.784e+00
-1.058e+01
-8.196e+00
-8.197e+00
-8.197e+00
-8.197e+00
-8.197e+00
-8.197e+00
-8.197e+00
-8.197e+00
-8.197e+00
-8.197e+00
-8.197e+00
-8.197e+00
-8.197e+00
-8.197e+00
-8.197e+00
-8.197e+00
-8.197e+00
-8.197e+00
-8.196e+00
-6.787e+00
-1.261e+02
-7.735e+01
-7.884e+01
-7.884e+01
-7.884e+01
-7.884e+01
-7.884e+01
-7.884e+01
-7.884e+01
-7.884e+01
-7.884e+01
-7.884e+01
-7.884e+01
-7.884e+01
-7.884e+01
-7.884e+01
-7.884e+01
-7.884e+01
-7.884e+01
-7.875e+01
-4.807e+01
-1.230e+02
-7.077e+01
-7.069e+01
-7.069e+01
-7.069e+01
-7.069e+01
-7.069e+01
-7.069e+01
-7.069e+01
-7.069e+01
-7.069e+01
-7.069e+01
-7.069e+01
-7.069e+01
-7.069e+01
-7.069e+01
-7.069e+01
-7.069e+01
-7.069e+01
-7.059e+01
-4.017e+01
-1.230e+02
-7.072e+01
-7.062e+01
-7.062e+01
-7.062e+01
-7.062e+01
-7.062e+01
-7.062e+01
-7.062e+01
-7.062e+01
-7.062e+01
-7.062e+01
-7.062e+01
-7.062e+01
-7.062e+01
-7.062e+01
-7.062e+01
-7.062e+01
-7.062e+01
-7.053e+01
-4.014e+01
-1.230e+02
-7.073e+01
-7.064e+01
-7.063e+01
-7.063e+01
-7.063e+01
-7.063e+01
-7.063e+01
-7.063e+01
-7.063e+01
-7.063e+01
-7.063e+01
-7.063e+01
-7.063e+01
-7.063e+01
-7.063e+01
-7.063e+01
-7.063e+01
-7.063e+01
-7.053e+01
-4.014e+01
-1.230e+02
-7.073e+01
-7.064e+01
-7.063e+01
-7.063e+01
-7.063e+01
-7.063e+01
-7.063e+01
-7.063e+01
-7.063e+01
-7.063e+01
-7.063e+01
-7.063e+01
-7.063e+01
-7.063e+01
-7.063e+01
-7.063e+01
-7.063e+01
-7.063e+01
-7.053e+01
-4.014e+01
-1.230e+02
-7.073e+01
-7.064e+01
-7.063e+01
-7.063e+01
-7.063e+01
-7.063e+01
-7.063e+01
-7.063e+01
-7.063e+01
-7.063e+01
-7.063e+01
-7.063e+01
-7.063e+01
-7.063e+01
-7.063e+01
-7.063e+01
-7.063e+01
-7.063e+01
-7.053e+01
-4.014e+01
-1.230e+02
-7.073e+01
-7.064e+01
-7.063e+01
-7.063e+01
-7.063e+01
-7.063e+01
-7.063e+01
-7.063e+01
-7.063e+01
-7.063e+01
-7.063e+01
-7.063e+01
-7.063e+01
-7.063e+01
-7.063e+01
-7.063e+01
-7.063e+01
-7.063e+01
-7.053e+01
-4.014e+01
-1.230e+02
-7.073e+01
-7.064e+01
-7.063e+01
-7.063e+01
-7.063e+01
-7.063e+01
-7.063e+01
-7.063e+01
-7.063e+01
-7.063e+01
-7.063e+01
-7.063e+01
-7.063e+01
-7.063e+01
-7.063e+01
-7.063e+01
-7.063e+01
-7.063e+01
-7.053e+01
-4.014e+01
-1.230e+02
-7.073e+01
-7.064e+01
-7.063e+01
-7.063e+01
-7.063e+01
-7.063e+01
-7.063e+01
-7.063e+01
-7.063e+01
-7.063e+01
-7.063e+01
-7.063e+01
-7.063e+01
-7.063e+01
-7.063e+01
-7.063e+01
-7.063e+01
-7.063e+01
-7.053e+01
-4.014e+01
-1.228e+02
-7.054e+01
-7.053e+01
-7.053e+01
-7.053e+01
-7.053e+01
-7.053e+01
-7.053e+01
-7.053e+01
-7.053e+01
-7.053e+01
-7.053e+01
-7.053e+01
-7.053e+01
-7.053e+01
-7.053e+01
-7.053e+01
-7.053e+01
-7.053e+01
-7.050e+01
-4.013e+01
-7.049e+01
-4.004e+01
-4.014e+01
-4.014e+01
-4.014e+01
-4.014e+01
-4.014e+01
-4.014e+01
-4.014e+01
-4.014e+01
-4.014e+01
-4.014e+01
-4.014e+01
-4.014e+01
-4.014e+01
-4.014e+01
-4.014e+01
-4.014e+01
-4.014e+01
-4.013e+01
-3.172e+01
-6.309e+00
-6.280e+00
-6.280e+00
-6.280e+00
-6.280e+00
-6.280e+00
-6.280e+00
-6.280e+00
-6.280e+00
-6.280e+00
-6.280e+00
-6.280e+00
-6.280e+00
-6.280e+00
-6.280e+00
-6.280e+00
-6.280e+00
-6.280e+00
-6.280e+00
-6.284e+00
-6.232e+00
-6.280e+00
-6.232e+00
-6.231e+00
-6.231e+00
-6.231e+00
-6.231e+00
-6.231e+00
-6.231e+00
-6.231e+00
-6.231e+00
-6.231e+00
-6.231e+00
-6.231e+00
-6.231e+00
-6.231e+00
-6.231e+00
-6.231e+00
-6.231e+00
-6.231e+00
-6.232e+00
-6.178e+00
-6.280e+00
-6.231e+00
-6.230e+00
-6.230e+00
-6.230e+00
-6.230e+00
-6.230e+00
-6.230e+00
-6.230e+00
-6.230e+00
-6.230e+00
-6.230e+00
-6.230e+00
-6.230e+00
-6.230e+00
-6.230e+00
-6.230e+00
-6.230e+00
-6.230e+00
-6.230e+00
-6.177e+00
-6.280e+00
-6.231e+00
-6.230e+00
-6.230e+00
-6.230e+00
-6.230e+00
-6.230e+00
-6.230e+00
-6.230e+00
-6.230e+00
-6.230e+00
-6.230e+00
-6.230e+00
-6.230e+00
-6.230e+00
-6.230e+00
-6.230e+00
-6.230e+00
-6.230e+00
-6.230e+00
-6.177e+00
-6.280e+00
-6.231e+00
-6.230e+00
-6.230e+00
-6.230e+00
-6.230e+00
-6.230e+00
-6.230e+00
-6.230e+00
-6.230e+00
-6.230e+00
-6.230e+00
-6.230e+00
-6.230e+00
-6.230e+00
-6.230e+00
-6.230e+00
-6.230e+00
-6.230e+00
-6.230e+00
-6.177e+00
-6.280e+00
-6.231e+00
-6.230e+00
-6.230e+00
-6.230e+00
-6.230e+00
-6.230e+00
-6.230e+00
-6.230e+00
-6.230e+00
-6.230e+00
-6.230e+00
-6.230e+00
-6.230e+00
-6.230e+00
-6.230e+00
-6.230e+00
-6.230e+00
-6.230e+00
-6.230e+00
-6.177e+00
-6.280e+00
-6.231e+00
-6.230e+00
-6.230e+00
-6.230e+00
-6.230e+00
-6.230e+00
-6.230e+00
-6.230e+00
-6.230e+00
-6.230e+00
-6.230e+00
-6.230e+00
-6.230e+00
-6.230e+00
-6.230e+00
-6.230e+00
-6.230e+00
-6.230e+00
-6.230e+00
-6.177e+00
-6.280e+00
-6.231e+00
-6.230e+00
-6.230e+00
-6.230e+00
-6.230e+00
-6.230e+00
-6.230e+00
-6.230e+00
-6.230e+00
-6.230e+00
-6.230e+00
-6.230e+00
-6.230e+00
-6.230e+00
-6.230e+00
-6.230e+00
-6.230e+00
-6.230e+00
-6.230e+00
-6.177e+00
-6.280e+00
-6.231e+00
-6.230e+00
-6.230e+00
-6.230e+00
-6.230e+00
-6.230e+00
-6.230e+00
-6.230e+00
-6.230e+00
-6.230e+00
-6.230e+00
-6.230e+00
-6.230e+00
-6.230e+00
-6.230e+00
-6.230e+00
-6.230e+00
-6.230e+00
-6.230e+00
-6.177e+00
-6.278e+00
-6.230e+00
-6.225e+00
-6.225e+00
-6.225e+00
-6.225e+00
-6.225e+00
-6.225e+00
-6.225e+00
-6.225e+00
-6.225e+00
-6.225e+00
-6.225e+00
-6.225e+00
-6.225e+00
-6.225e+00
-6.225e+00
-6.225e+00
-6.225e+00
-6.225e+00
-6.177e+00
-5.854e+00
-5.751e+00
-5.745e+00
-5.746e+00
-5.746e+00
-5.746e+00
-5.746e+00
-5.746e+00
-5.746e+00
-5.746e+00
-5.746e+00
-5.746e+00
-5.746e+00
-5.746e+00
-5.746e+00
-5.746e+00
-5.746e+00
-5.746e+00
-5.746e+00
-5.751e+00
-5.632e+00
-5.828e+00
-5.677e+00
-5.671e+00
-5.672e+00
-5.672e+00
-5.672e+00
-5.672e+00
-5.672e+00
-5.672e+00
-5.672e+00
-5.672e+00
-5.672e+00
-5.672e+00
-5.672e+00
-5.672e+00
-5.672e+00
-5.672e+00
-5.672e+00
-5.672e+00
-5.674e+00
-5.515e+00
-5.829e+00
-5.678e+00
-5.677e+00
-5.677e+00
-5.677e+00
-5.677e+00
-5.677e+00
-5.677e+00
-5.677e+00
-5.677e+00
-5.677e+00
-5.677e+00
-5.677e+00
-5.677e+00
-5.677e+00
-5.677e+00
-5.677e+00
-5.677e+00
-5.677e+00
-5.675e+00
-5.518e+00
-5.829e+00
-5.678e+00
-5.676e+00
-5.677e+00
-5.677e+00
-5.677e+00
-5.677e+00
-5.677e+00
-5.677e+00
-5.677e+00
-5.677e+00
-5.677e+00
-5.677e+00
-5.677e+00
-5.677e+00
-5.677e+00
-5.677e+00
-5.677e+00
-5.677e+00
-5.675e+00
-5.518e+00
-5.829e+00
-5.678e+00
-5.676e+00
-5.677e+00
-5.677e+00
-5.677e+00
-5.677e+00
-5.677e+00
-5.677e+00
-5.677e+00
-5.677e+00
-5.677e+00
-5.677e+00
-5.677e+00
-5.677e+00
-5.677e+00
-5.677e+00
-5.677e+00
-5.677e+00
-5.675e+00
-5.518e+00
-5.829e+00
-5.678e+00
-5.676e+00
-5.677e+00
-5.677e+00
-5.677e+00
-5.677e+00
-5.677e+00
-5.677e+00
-5.677e+00
-5.677e+00
-5.677e+00
-5.677e+00
-5.677e+00
-5.677e+00
-5.677e+00
-5.677e+00
-5.677e+00
-5.677e+00
-5.675e+00
-5.518e+00
-5.829e+00
-5.678e+00
-5.676e+00
-5.677e+00
-5.677e+00
-5.677e+00
-5.677e+00
-5.677e+00
-5.677e+00
-5.677e+00
-5.677e+00
-5.677e+00
-5.677e+00
-5.677e+00
-5.677e+00
-5.677e+00
-5.677e+00
-5.677e+00
-5.677e+00
-5.675e+00
-5.518e+00
-5.829e+00
-5.678e+00
-5.676e+00
-5.677e+00
-5.677e+00
-5.677e+00
-5.677e+00
-5.677e+00
-5.677e+00
-5.677e+00
-5.677e+00
-5.677e+00
-5.677e+00
-5.677e+00
-5.677e+00
-5.677e+00
-5.677e+00
-5.677e+00
-5.677e+00
-5.675e+00
-5.518e+00
-5.829e+00
-5.678e+00
-5.676e+00
-5.677e+00
-5.677e+00
-5.677e+00
-5.677e+00
-5.677e+00
-5.677e+00
-5.677e+00
-5.677e+00
-5.677e+00
-5.677e+00
-5.677e+00
-5.677e+00
-5.677e+00
-5.677e+00
-5.677e+00
-5.677e+00
-5.675e+00
-5.518e+00
-5.829e+00
-5.677e+00
-5.675e+00
-5.675e+00
-5.675e+00
-5.675e+00
-5.675e+00
-5.675e+00
-5.675e+00
-5.675e+00
-5.675e+00
-5.675e+00
-5.675e+00
-5.675e+00
-5.675e+00
-5.675e+00
-5.675e+00
-5.675e+00
-5.675e+00
-5.675e+00
-5.518e+00
-5.679e+00
-5.522e+00
-5.518e+00
-5.518e+00
-5.518e+00
-5.518e+00
-5.518e+00
-5.518e+00
-5.518e+00
-5.518e+00
-5.518e+00
-5.518e+00
-5.518e+00
-5.518e+00
-5.518e+00
-5.518e+00
-5.518e+00
-5.518e+00
-5.518e+00
-5.518e+00
-5.448e+00
-7.207e+00
-6.172e+00
-6.172e+00
-6.172e+00
-6.172e+00
-6.172e+00
-6.172e+00
-6.172e+00
-6.172e+00
-6.172e+00
-6.172e+00
-6.172e+00
-6.172e+00
-6.172e+00
-6.172e+00
-6.172e+00
-6.172e+00
-6.172e+00
-6.172e+00
-6.166e+00
-4.935e+00
-6.172e+00
-4.935e+00
-4.935e+00
-4.935e+00
-4.935e+00
-4.935e+00
-4.935e+00
-4.935e+00
-4.935e+00
-4.935e+00
-4.935e+00
-4.935e+00
-4.935e+00
-4.935e+00
-4.935e+00
-4.935e+00
-4.935e+00
-4.935e+00
-4.935e+00
-4.935e+00
-4.223e+00
-6.172e+00
-4.935e+00
-4.935e+00
-4.935e+00
-4.935e+00
-4.935e+00
-4.935e+00
-4.935e+00
-4.935e+00
-4.935e+00
-4.935e+00
-4.935e+00
-4.935e+00
-4.935e+00
-4.935e+00
-4.935e+00
-4.935e+00
-4.935e+00
-4.935e+00
-4.935e+00
-4.223e+00
-6.172e+00
-4.935e+00
-4.935e+00
-4.935e+00
-4.935e+00
-4.935e+00
-4.935e+00
-4.935e+00
-4.935e+00
-4.935e+00
-4.935e+00
-4.935e+00
-4.935e+00
-4.935e+00
-4.935e+00
-4.935e+00
-4.935e+00
-4.935e+00
-4.935e+00
-4.935e+00
-4.223e+00
-6.172e+00
-4.935e+00
-4.935e+00
-4.935e+00
-4.935e+00
-4.935e+00
-4.935e+00
-4.935e+00
-4.935e+00
-4.935e+00
-4.935e+00
-4.935e+00
-4.935e+00
-4.935e+00
-4.935e+00
-4.935e+00
-4.935e+00
-4.935e+00
-4.935e+00
-4.935e+00
-4.223e+00
-6.172e+00
-4.935e+00
-4.935e+00
-4.935e+00
-4.935e+00
-4.935e+00
-4.935e+00
-4.935e+00
-4.935e+00
-4.935e+00
-4.935e+00
-4.935e+00
-4.935e+00
-4.935e+00
-4.935e+00
-4.935e+00
-4.935e+00
-4.935e+00
-4.935e+00
-4.935e+00
-4.223e+00
-6.172e+00
-4.935e+00
-4.935e+00
-4.935e+00
-4.935e+00
-4.935e+00
-4.935e+00
-4.935e+00
-4.935e+00
-4.935e+00
-4.935e+00
-4.935e+00
-4.935e+00
-4.935e+00
-4.935e+00
-4.935e+00
-4.935e+00
-4.935e+00
-4.935e+00
-4.935e+00
-4.223e+00
-6.172e+00
-4.935e+00
-4.935e+00
-4.935e+00
-4.935e+00
-4.935e+00
-4.935e+00
-4.935e+00
-4.935e+00
-4.935e+00
-4.935e+00
-4.935e+00
-4.935e+00
-4.935e+00
-4.935e+00
-4.935e+00
-4.935e+00
-4.935e+00
-4.935e+00
-4.935e+00
-4.223e+00
-6.172e+00
-4.935e+00
-4.935e+00
-4.935e+00
-4.935e+00
-4.935e+00
-4.935e+00
-4.935e+00
-4.935e+00
-4.935e+00
-4.935e+00
-4.935e+00
-4.935e+00
-4.935e+00
-4.935e+00
-4.935e+00
-4.935e+00
-4.935e+00
-4.935e+00
-4.935e+00
-4.223e+00
-6.143e+00
-4.924e+00
-4.924e+00
-4.924e+00
-4.924e+00
-4.924e+00
-4.924e+00
-4.924e+00
-4.924e+00
-4.924e+00
-4.924e+00
-4.924e+00
-4.924e+00
-4.924e+00
-4.924e+00
-4.924e+00
-4.924e+00
-4.924e+00
-4.924e+00
-4.922e+00
-4.223e+00
-2.319e+00
-2.237e+00
-2.239e+00
-2.239e+00
-2.239e+00
-2.239e+00
-2.239e+00
-2.239e+00
-2.239e+00
-2.239e+00
-2.239e+00
-2.239e+00
-2.239e+00
-2.239e+00
-2.239e+00
-2.239e+00
-2.239e+00
-2.239e+00
-2.239e+00
-2.239e+00
-2.178e+00
-2.324e+00
-2.245e+00
-2.246e+00
-2.246e+00
-2.246e+00
-2.246e+00
-2.246e+00
-2.246e+00
-2.246e+00
-2.246e+00
-2.246e+00
-2.246e+00
-2.246e+00
-2.246e+00
-2.246e+00
-2.246e+00
-2.246e+00
-2.246e+00
-2.246e+00
-2.246e+00
-2.186e+00
-2.324e+00
-2.245e+00
-2.246e+00
-2.246e+00
-2.246e+00
-2.246e+00
-2.246e+00
-2.246e+00
-2.246e+00
-2.246e+00
-2.246e+00
-2.246e+00
-2.246e+00
-2.246e+00
-2.246e+00
-2.246e+00
-2.246e+00
-2.246e+00
-2.246e+00
-2.246e+00
-2.186e+00
-2.324e+00
-2.245e+00
-2.246e+00
-2.246e+00
-2.246e+00
-2.246e+00
-2.246e+00
-2.246e+00
-2.246e+00
-2.246e+00
-2.246e+00
-2.246e+00
-2.246e+00
-2.246e+00
-2.246e+00
-2.246e+00
-2.246e+00
-2.246e+00
-2.246e+00
-2.246e+00
-2.186e+00
-2.324e+00
-2.245e+00
-2.246e+00
-2.246e+00
-2.246e+00
-2.246e+00
-2.246e+00
-2.246e+00
-2.246e+00
-2.246e+00
-2.246e+00
-2.246e+00
-2.246e+00
-2.246e+00
-2.246e+00
-2.246e+00
-2.246e+00
-2.246e+00
-2.246e+00
-2.246e+00
-2.186e+00
-2.324e+00
-2.245e+00
-2.246e+00
-2.246e+00
-2.246e+00
-2.246e+00
-2.246e+00
-2.246e+00
-2.246e+00
-2.246e+00
-2.246e+00
-2.246e+00
-2.246e+00
-2.246e+00
-2.246e+00
-2.246e+00
-2.246e+00
-2.246e+00
-2.246e+00
-2.246e+00
-2.186e+00
-2.324e+00
-2.245e+00
-2.246e+00
-2.246e+00
-2.246e+00
-2.246e+00
-2.246e+00
-2.246e+00
-2.246e+00
-2.246e+00
-2.246e+00
-2.246e+00
-2.246e+00
-2.246e+00
-2.246e+00
-2.246e+00
-2.246e+00
-2.246e+00
-2.246e+00
-2.246e+00
-2.186e+00
-2.324e+00
-2.245e+00
-2.246e+00
-2.246e+00
-2.246e+00
-2.246e+00
-2.246e+00
-2.246e+00
-2.246e+00
-2.246e+00
-2.246e+00
-2.246e+00
-2.246e+00
-2.246e+00
-2.246e+00
-2.246e+00
-2.246e+00
-2.246e+00
-2.246e+00
-2.246e+00
-2.186e+00
-2.324e+00
-2.245e+00
-2.246e+00
-2.246e+00
-2.246e+00
-2.246e+00
-2.246e+00
-2.246e+00
-2.246e+00
-2.246e+00
-2.246e+00
-2.246e+00
-2.246e+00
-2.246e+00
-2.246e+00
-2.246e+00
-2.246e+00
-2.246e+00
-2.246e+00
-2.246e+00
-2.186e+00
-2.324e+00
-2.245e+00
-2.246e+00
-2.246e+00
-2.246e+00
-2.246e+00
-2.246e+00
-2.246e+00
-2.246e+00
-2.246e+00
-2.246e+00
-2.246e+00
-2.246e+00
-2.246e+00
-2.246e+00
-2.246e+00
-2.246e+00
-2.246e+00
-2.246e+00
-2.246e+00
-2.186e+00
-2.242e+00
-2.185e+00
-2.186e+00
-2.186e+00
-2.186e+00
-2.186e+00
-2.186e+00
-2.186e+00
-2.186e+00
-2.186e+00
-2.186e+00
-2.186e+00
-2.186e+00
-2.186e+00
-2.186e+00
-2.186e+00
-2.186e+00
-2.186e+00
-2.186e+00
-2.186e+00
-2.167e+00
-3.130e+00
-3.129e+00
-3.129e+00
-3.129e+00
-3.129e+00
-3.129e+00
-3.129e+00
-3.129e+00
-3.129e+00
-3.129e+00
-3.129e+00
-3.129e+00
-3.129e+00
-3.129e+00
-3.129e+00
-3.129e+00
-3.129e+00
-3.129e+00
-3.129e+00
-3.129e+00
-3.124e+00
-3.129e+00
-3.124e+00
-3.124e+00
-3.124e+00
-3.124e+00
-3.124e+00
-3.124e+00
-3.124e+00
-3.124e+00
-3.124e+00
-3.124e+00
-3.124e+00
-3.124e+00
-3.124e+00
-3.124e+00
-3.124e+00
-3.124e+00
-3.124e+00
-3.124e+00
-3.124e+00
-3.117e+00
-3.129e+00
-3.124e+00
-3.124e+00
-3.124e+00
-3.124e+00
-3.124e+00
-3.124e+00
-3.124e+00
-3.124e+00
-3.124e+00
-3.124e+00
-3.124e+00
-3.124e+00
-3.124e+00
-3.124e+00
-3.124e+00
-3.124e+00
-3.124e+00
-3.124e+00
-3.124e+00
-3.117e+00
-3.129e+00
-3.124e+00
-3.124e+00
-3.124e+00
-3.124e+00
-3.124e+00
-3.124e+00
-3.124e+00
-3.124e+00
-3.124e+00
-3.124e+00
-3.124e+00
-3.124e+00
-3.124e+00
-3.124e+00
-3.124e+00
-3.124e+00
-3.124e+00
-3.124e+00
-3.124e+00
-3.117e+00
-3.129e+00
-3.124e+00
-3.124e+00
-3.124e+00
-3.124e+00
-3.124e+00
-3.124e+00
-3.124e+00
-3.124e+00
-3.124e+00
-3.124e+00
-3.124e+00
-3.124e+00
-3.124e+00
-3.124e+00
-3.124e+00
-3.124e+00
-3.124e+00
-3.124e+00
-3.124e+00
-3.117e+00
-3.129e+00
-3.124e+00
-3.124e+00
-3.124e+00
-3.124e+00
-3.124e+00
-3.124e+00
-3.124e+00
-3.124e+00
-3.124e+00
-3.124e+00
-3.124e+00
-3.124e+00
-3.124e+00
-3.124e+00
-3.124e+00
-3.124e+00
-3.124e+00
-3.124e+00
-3.124e+00
-3.117e+00
-3.129e+00
-3.124e+00
-3.124e+00
-3.124e+00
-3.124e+00
-3.124e+00
-3.124e+00
-3.124e+00
-3.124e+00
-3.124e+00
-3.124e+00
-3.124e+00
-3.124e+00
-3.124e+00
-3.124e+00
-3.124e+00
-3.124e+00
-3.124e+00
-3.124e+00
-3.124e+00
-3.117e+00
-3.129e+00
-3.124e+00
-3.124e+00
-3.124e+00
-3.124e+00
-3.124e+00
-3.124e+00
-3.124e+00
-3.124e+00
-3.124e+00
-3.124e+00
-3.124e+00
-3.124e+00
-3.124e+00
-3.124e+00
-3.124e+00
-3.124e+00
-3.124e+00
-3.124e+00
-3.124e+00
-3.117e+00
-3.129e+00
-3.124e+00
-3.124e+00
-3.124e+00
-3.124e+00
-3.124e+00
-3.124e+00
-3.124e+00
-3.124e+00
-3.124e+00
-3.124e+00
-3.124e+00
-3.124e+00
-3.124e+00
-3.124e+00
-3.124e+00
-3.124e+00
-3.124e+00
-3.124e+00
-3.124e+00
-3.117e+00
-3.127e+00
-3.117e+00
-3.117e+00
-3.117e+00
-3.117e+00
-3.117e+00
-3.117e+00
-3.117e+00
-3.117e+00
-3.117e+00
-3.117e+00
-3.117e+00
-3.117e+00
-3.117e+00
-3.117e+00
-3.117e+00
-3.117e+00
-3.117e+00
-3.117e+00
-3.117e+00
-3.115e+00
-1.587e+00
-1.583e+00
-1.583e+00
-1.583e+00
-1.583e+00
-1.583e+00
-1.583e+00
-1.583e+00
-1.583e+00
-1.583e+00
-1.583e+00
-1.583e+00
-1.583e+00
-1.583e+00
-1.583e+00
-1.583e+00
-1.583e+00
-1.583e+00
-1.583e+00
-1.583e+00
-1.583e+00
-1.583e+00
-1.583e+00
-1.583e+00
-1.583e+00
-1.583e+00
-1.583e+00
-1.583e+00
-1.583e+00
-1.583e+00
-1.583e+00
-1.583e+00
-1.583e+00
-1.583e+00
-1.583e+00
-1.583e+00
-1.583e+00
-1.583e+00
-1.583e+00
-1.583e+00
-1.584e+00
-1.587e+00
-1.583e+00
-1.583e+00
-1.583e+00
-1.583e+00
-1.583e+00
-1.583e+00
-1.583e+00
-1.583e+00
-1.583e+00
-1.583e+00
-1.583e+00
-1.583e+00
-1.583e+00
-1.583e+00
-1.583e+00
-1.583e+00
-1.583e+00
-1.583e+00
-1.583e+00
-1.584e+00
-1.587e+00
-1.583e+00
-1.583e+00
-1.583e+00
-1.583e+00
-1.583e+00
-1.583e+00
-1.583e+00
-1.583e+00
-1.583e+00
-1.583e+00
-1.583e+00
-1.583e+00
-1.583e+00
-1.583e+00
-1.583e+00
-1.583e+00
-1.583e+00
-1.583e+00
-1.583e+00
-1.584e+00
-1.587e+00
-1.583e+00
-1.583e+00
-1.583e+00
-1.583e+00
-1.583e+00
-1.583e+00
-1.583e+00
-1.583e+00
-1.583e+00
-1.583e+00
-1.583e+00
-1.583e+00
-1.583e+00
-1.583e+00
-1.583e+00
-1.583e+00
-1.583e+00
-1.583e+00
-1.583e+00
-1.584e+00
-1.587e+00
-1.583e+00
-1.583e+00
-1.583e+00
-1.583e+00
-1.583e+00
-1.583e+00
-1.583e+00
-1.583e+00
-1.583e+00
-1.583e+00
-1.583e+00
-1.583e+00
-1.583e+00
-1.583e+00
-1.583e+00
-1.583e+00
-1.583e+00
-1.583e+00
-1.583e+00
-1.584e+00
-1.587e+00
-1.583e+00
-1.583e+00
-1.583e+00
-1.583e+00
-1.583e+00
-1.583e+00
-1.583e+00
-1.583e+00
-1.583e+00
-1.583e+00
-1.583e+00
-1.583e+00
-1.583e+00
-1.583e+00
-1.583e+00
-1.583e+00
-1.583e+00
-1.583e+00
-1.583e+00
-1.584e+00
-1.587e+00
-1.583e+00
-1.583e+00
-1.583e+00
-1.583e+00
-1.583e+00
-1.583e+00
-1.583e+00
-1.583e+00
-1.583e+00
-1.583e+00
-1.583e+00
-1.583e+00
-1.583e+00
-1.583e+00
-1.583e+00
-1.583e+00
-1.583e+00
-1.583e+00
-1.583e+00
-1.584e+00
-1.587e+00
-1.583e+00
-1.583e+00
-1.583e+00
-1.583e+00
-1.583e+00
-1.583e+00
-1.583e+00
-1.583e+00
-1.583e+00
-1.583e+00
-1.583e+00
-1.583e+00
-1.583e+00
-1.583e+00
-1.583e+00
-1.583e+00
-1.583e+00
-1.583e+00
-1.583e+00
-1.584e+00
-1.587e+00
-1.583e+00
-1.583e+00
-1.584e+00
-1.584e+00
-1.584e+00
-1.584e+00
-1.584e+00
-1.584e+00
-1.584e+00
-1.584e+00
-1.584e+00
-1.584e+00
-1.584e+00
-1.584e+00
-1.584e+00
-1.584e+00
-1.584e+00
-1.584e+00
-1.584e+00
-1.584e+00
-1.587e+00
-1.584e+00
-1.587e+00
-1.587e+00
-1.587e+00
-1.587e+00
-1.587e+00
-1.587e+00
-1.587e+00
-1.587e+00
-1.587e+00
-1.587e+00
-1.587e+00
-1.587e+00
-1.587e+00
-1.587e+00
-1.587e+00
-1.587e+00
-1.587e+00
-1.587e+00
-1.587e+00
-1.587e+00
-2.431e+00
-2.343e+00
-2.343e+00
-2.343e+00
-2.343e+00
-2.343e+00
-2.343e+00
-2.343e+00
-2.343e+00
-2.343e+00
-2.343e+00
-2.343e+00
-2.343e+00
-2.343e+00
-2.343e+00
-2.343e+00
-2.343e+00
-2.343e+00
-2.343e+00
-2.343e+00
-2.211e+00
-2.343e+00
-2.212e+00
-2.212e+00
-2.212e+00
-2.212e+00
-2.212e+00
-2.212e+00
-2.212e+00
-2.212e+00
-2.212e+00
-2.212e+00
-2.212e+00
-2.212e+00
-2.212e+00
-2.212e+00
-2.212e+00
-2.212e+00
-2.212e+00
-2.212e+00
-2.212e+00
-2.116e+00
-2.343e+00
-2.212e+00
-2.212e+00
-2.212e+00
-2.212e+00
-2.212e+00
-2.212e+00
-2.212e+00
-2.212e+00
-2.212e+00
-2.212e+00
-2.212e+00
-2.212e+00
-2.212e+00
-2.212e+00
-2.212e+00
-2.212e+00
-2.212e+00
-2.212e+00
-2.212e+00
-2.116e+00
-2.343e+00
-2.212e+00
-2.212e+00
-2.212e+00
-2.212e+00
-2.212e+00
-2.212e+00
-2.212e+00
-2.212e+00
-2.212e+00
-2.212e+00
-2.212e+00
-2.212e+00
-2.212e+00
-2.212e+00
-2.212e+00
-2.212e+00
-2.212e+00
-2.212e+00
-2.212e+00
-2.116e+00
-2.343e+00
-2.212e+00
-2.212e+00
-2.212e+00
-2.212e+00
-2.212e+00
-2.212e+00
-2.212e+00
-2.212e+00
-2.212e+00
-2.212e+00
-2.212e+00
-2.212e+00
-2.212e+00
-2.212e+00
-2.212e+00
-2.212e+00
-2.212e+00
-2.212e+00
-2.212e+00
-2.116e+00
-2.343e+00
-2.212e+00
-2.212e+00
-2.212e+00
-2.212e+00
-2.212e+00
-2.212e+00
-2.212e+00
-2.212e+00
-2.212e+00
-2.212e+00
-2.212e+00
-2.212e+00
-2.212e+00
-2.212e+00
-2.212e+00
-2.212e+00
-2.212e+00
-2.212e+00
-2.212e+00
-2.116e+00
-2.343e+00
-2.212e+00
-2.212e+00
-2.212e+00
-2.212e+00
-2.212e+00
-2.212e+00
-2.212e+00
-2.212e+00
-2.212e+00
-2.212e+00
-2.212e+00
-2.212e+00
-2.212e+00
-2.212e+00
-2.212e+00
-2.212e+00
-2.212e+00
-2.212e+00
-2.212e+00
-2.116e+00
-2.343e+00
-2.212e+00
-2.212e+00
-2.212e+00
-2.212e+00
-2.212e+00
-2.212e+00
-2.212e+00
-2.212e+00
-2.212e+00
-2.212e+00
-2.212e+00
-2.212e+00
-2.212e+00
-2.212e+00
-2.212e+00
-2.212e+00
-2.212e+00
-2.212e+00
-2.212e+00
-2.116e+00
-2.343e+00
-2.212e+00
-2.212e+00
-2.212e+00
-2.212e+00
-2.212e+00
-2.212e+00
-2.212e+00
-2.212e+00
-2.212e+00
-2.212e+00
-2.212e+00
-2.212e+00
-2.212e+00
-2.212e+00
-2.212e+00
-2.212e+00
-2.212e+00
-2.212e+00
-2.212e+00
-2.116e+00
-2.342e+00
-2.211e+00
-2.211e+00
-2.211e+00
-2.211e+00
-2.211e+00
-2.211e+00
-2.211e+00
-2.211e+00
-2.211e+00
-2.211e+00
-2.211e+00
-2.211e+00
-2.211e+00
-2.211e+00
-2.211e+00
-2.211e+00
-2.211e+00
-2.211e+00
-2.210e+00
-2.116e+00
-1.452e+00
-1.453e+00
-1.453e+00
-1.453e+00
-1.453e+00
-1.453e+00
-1.453e+00
-1.453e+00
-1.453e+00
-1.453e+00
-1.453e+00
-1.453e+00
-1.453e+00
-1.453e+00
-1.453e+00
-1.453e+00
-1.453e+00
-1.453e+00
-1.453e+00
-1.453e+00
-1.455e+00
-1.450e+00
-1.452e+00
-1.452e+00
-1.452e+00
-1.452e+00
-1.452e+00
-1.452e+00
-1.452e+00
-1.452e+00
-1.452e+00
-1.452e+00
-1.452e+00
-1.452e+00
-1.452e+00
-1.452e+00
-1.452e+00
-1.452e+00
-1.452e+00
-1.452e+00
-1.452e+00
-1.454e+00
-1.450e+00
-1.452e+00
-1.452e+00
-1.452e+00
-1.452e+00
-1.452e+00
-1.452e+00
-1.452e+00
-1.452e+00
-1.452e+00
-1.452e+00
-1.452e+00
-1.452e+00
-1.452e+00
-1.452e+00
-1.452e+00
-1.452e+00
-1.452e+00
-1.452e+00
-1.452e+00
-1.454e+00
-1.450e+00
-1.452e+00
-1.452e+00
-1.452e+00
-1.452e+00
-1.452e+00
-1.452e+00
-1.452e+00
-1.452e+00
-1.452e+00
-1.452e+00
-1.452e+00
-1.452e+00
-1.452e+00
-1.452e+00
-1.452e+00
-1.452e+00
-1.452e+00
-1.452e+00
-1.452e+00
-1.454e+00
-1.450e+00
-1.452e+00
-1.452e+00
-1.452e+00
-1.452e+00
-1.452e+00
-1.452e+00
-1.452e+00
-1.452e+00
-1.452e+00
-1.452e+00
-1.452e+00
-1.452e+00
-1.452e+00
-1.452e+00
-1.452e+00
-1.452e+00
-1.452e+00
-1.452e+00
-1.452e+00
-1.454e+00
-1.450e+00
-1.452e+00
-1.452e+00
-1.452e+00
-1.452e+00
-1.452e+00
-1.452e+00
-1.452e+00
-1.452e+00
-1.452e+00
-1.452e+00
-1.452e+00
-1.452e+00
-1.452e+00
-1.452e+00
-1.452e+00
-1.452e+00
-1.452e+00
-1.452e+00
-1.452e+00
-1.454e+00
-1.450e+00
-1.452e+00
-1.452e+00
-1.452e+00
-1.452e+00
-1.452e+00
-1.452e+00
-1.452e+00
-1.452e+00
-1.452e+00
-1.452e+00
-1.452e+00
-1.452e+00
-1.452e+00
-1.452e+00
-1.452e+00
-1.452e+00
-1.452e+00
-1.452e+00
-1.452e+00
-1.454e+00
-1.450e+00
-1.452e+00
-1.452e+00
-1.452e+00
-1.452e+00
-1.452e+00
-1.452e+00
-1.452e+00
-1.452e+00
-1.452e+00
-1.452e+00
-1.452e+00
-1.452e+00
-1.452e+00
-1.452e+00
-1.452e+00
-1.452e+00
-1.452e+00
-1.452e+00
-1.452e+00
-1.454e+00
-1.450e+00
-1.452e+00
-1.452e+00
-1.452e+00
-1.452e+00
-1.452e+00
-1.452e+00
-1.452e+00
-1.452e+00
-1.452e+00
-1.452e+00
-1.452e+00
-1.452e+00
-1.452e+00
-1.452e+00
-1.452e+00
-1.452e+00
-1.452e+00
-1.452e+00
-1.452e+00
-1.454e+00
-1.450e+00
-1.452e+00
-1.452e+00
-1.452e+00
-1.452e+00
-1.452e+00
-1.452e+00
-1.452e+00
-1.452e+00
-1.452e+00
-1.452e+00
-1.452e+00
-1.452e+00
-1.452e+00
-1.452e+00
-1.452e+00
-1.452e+00
-1.452e+00
-1.452e+00
-1.452e+00
-1.454e+00
-1.452e+00
-1.454e+00
-1.454e+00
-1.454e+00
-1.454e+00
-1.454e+00
-1.454e+00
-1.454e+00
-1.454e+00
-1.454e+00
-1.454e+00
-1.454e+00
-1.454e+00
-1.454e+00
-1.454e+00
-1.454e+00
-1.454e+00
-1.454e+00
-1.454e+00
-1.454e+00
-1.455e+00
-1.320e+00
-1.320e+00
-1.320e+00
-1.320e+00
-1.320e+00
-1.320e+00
-1.320e+00
-1.320e+00
-1.320e+00
-1.320e+00
-1.320e+00
-1.320e+00
-1.320e+00
-1.320e+00
-1.320e+00
-1.320e+00
-1.320e+00
-1.320e+00
-1.320e+00
-1.320e+00
-1.320e+00
-1.320e+00
-1.320e+00
-1.320e+00
-1.320e+00
-1.320e+00
-1.320e+00
-1.320e+00
-1.320e+00
-1.320e+00
-1.320e+00
-1.320e+00
-1.320e+00
-1.320e+00
-1.320e+00
-1.320e+00
-1.320e+00
-1.320e+00
-1.320e+00
-1.320e+00
-1.320e+00
-1.320e+00
-1.320e+00
-1.320e+00
-1.320e+00
-1.320e+00
-1.320e+00
-1.320e+00
-1.320e+00
-1.320e+00
-1.320e+00
-1.320e+00
-1.320e+00
-1.320e+00
-1.320e+00
-1.320e+00
-1.320e+00
-1.320e+00
-1.320e+00
-1.320e+00
-1.320e+00
-1.320e+00
-1.320e+00
-1.320e+00
-1.320e+00
-1.320e+00
-1.320e+00
-1.320e+00
-1.320e+00
-1.320e+00
-1.320e+00
-1.320e+00
-1.320e+00
-1.320e+00
-1.320e+00
-1.320e+00
-1.320e+00
-1.320e+00
-1.320e+00
-1.320e+00
-1.320e+00
-1.320e+00
-1.320e+00
-1.320e+00
-1.320e+00
-1.320e+00
-1.320e+00
-1.320e+00
-1.320e+00
-1.320e+00
-1.320e+00
-1.320e+00
-1.320e+00
-1.320e+00
-1.320e+00
-1.320e+00
-1.320e+00
-1.320e+00
-1.320e+00
-1.320e+00
-1.320e+00
-1.320e+00
-1.320e+00
-1.320e+00
-1.320e+00
-1.320e+00
-1.320e+00
-1.320e+00
-1.320e+00
-1.320e+00
-1.320e+00
-1.320e+00
-1.320e+00
-1.320e+00
-1.320e+00
-1.320e+00
-1.320e+00
-1.320e+00
-1.320e+00
-1.320e+00
-1.320e+00
-1.320e+00
-1.320e+00
-1.320e+00
-1.320e+00
-1.320e+00
-1.320e+00
-1.320e+00
-1.320e+00
-1.320e+00
-1.320e+00
-1.320e+00
-1.320e+00
-1.320e+00
-1.320e+00
-1.320e+00
-1.320e+00
-1.320e+00
-1.320e+00
-1.320e+00
-1.320e+00
-1.320e+00
-1.320e+00
-1.320e+00
-1.320e+00
-1.320e+00
-1.320e+00
-1.320e+00
-1.320e+00
-1.320e+00
-1.320e+00
-1.320e+00
-1.320e+00
-1.320e+00
-1.320e+00
-1.320e+00
-1.320e+00
-1.320e+00
-1.320e+00
-1.320e+00
-1.320e+00
-1.320e+00
-1.320e+00
-1.320e+00
-1.320e+00
-1.320e+00
-1.320e+00
-1.320e+00
-1.320e+00
-1.320e+00
-1.320e+00
-1.320e+00
-1.320e+00
-1.320e+00
-1.320e+00
-1.320e+00
-1.320e+00
-1.320e+00
-1.320e+00
-1.320e+00
-1.320e+00
-1.320e+00
-1.320e+00
-1.320e+00
-1.320e+00
-1.320e+00
-1.320e+00
-1.320e+00
-1.320e+00
-1.320e+00
-1.320e+00
-1.320e+00
-1.320e+00
-1.320e+00
-1.320e+00
-1.320e+00
-1.320e+00
-1.320e+00
-1.320e+00
-1.320e+00
-1.320e+00
-1.320e+00
-1.320e+00
-1.320e+00
-1.320e+00
-1.320e+00
-1.320e+00
-1.320e+00
-1.320e+00
-1.320e+00
-1.160e+00
-1.160e+00
-1.160e+00
-1.160e+00
-1.160e+00
-1.160e+00
-1.160e+00
-1.160e+00
-1.160e+00
-1.160e+00
-1.160e+00
-1.160e+00
-1.160e+00
-1.160e+00
-1.160e+00
-1.160e+00
-1.160e+00
-1.160e+00
-1.160e+00
-1.160e+00
-1.160e+00
-1.160e+00
-1.160e+00
-1.160e+00
-1.160e+00
-1.160e+00
-1.160e+00
-1.160e+00
-1.160e+00
-1.160e+00
-1.160e+00
-1.160e+00
-1.160e+00
-1.160e+00
-1.160e+00
-1.160e+00
-1.160e+00
-1.160e+00
-1.160e+00
-1.160e+00
-1.160e+00
-1.160e+00
-1.160e+00
-1.160e+00
-1.160e+00
-1.160e+00
-1.160e+00
-1.160e+00
-1.160e+00
-1.160e+00
-1.160e+00
-1.160e+00
-1.160e+00
-1.160e+00
-1.160e+00
-1.160e+00
-1.160e+00
-1.160e+00
-1.160e+00
-1.160e+00
-1.160e+00
-1.160e+00
-1.160e+00
-1.160e+00
-1.160e+00
-1.160e+00
-1.160e+00
-1.160e+00
-1.160e+00
-1.160e+00
-1.160e+00
-1.160e+00
-1.160e+00
-1.160e+00
-1.160e+00
-1.160e+00
-1.160e+00
-1.160e+00
-1.160e+00
-1.160e+00
-1.160e+00
-1.160e+00
-1.160e+00
-1.160e+00
-1.160e+00
-1.160e+00
-1.160e+00
-1.160e+00
-1.160e+00
-1.160e+00
-1.160e+00
-1.160e+00
-1.160e+00
-1.160e+00
-1.160e+00
-1.160e+00
-1.160e+00
-1.160e+00
-1.160e+00
-1.160e+00
-1.160e+00
-1.160e+00
-1.160e+00
-1.160e+00
-1.160e+00
-1.160e+00
-1.160e+00
-1.160e+00
-1.160e+00
-1.160e+00
-1.160e+00
-1.160e+00
-1.160e+00
-1.160e+00
-1.160e+00
-1.160e+00
-1.160e+00
-1.160e+00
-1.160e+00
-1.160e+00
-1.160e+00
-1.160e+00
-1.160e+00
-1.160e+00
-1.160e+00
-1.160e+00
-1.160e+00
-1.160e+00
-1.160e+00
-1.160e+00
-1.160e+00
-1.160e+00
-1.160e+00
-1.160e+00
-1.160e+00
-1.160e+00
-1.160e+00
-1.160e+00
-1.160e+00
-1.160e+00
-1.160e+00
-1.160e+00
-1.160e+00
-1.160e+00
-1.160e+00
-1.160e+00
-1.160e+00
-1.160e+00
-1.160e+00
-1.160e+00
-1.160e+00
-1.160e+00
-1.160e+00
-1.160e+00
-1.160e+00
-1.160e+00
-1.160e+00
-1.160e+00
-1.160e+00
-1.160e+00
-1.160e+00
-1.160e+00
-1.160e+00
-1.160e+00
-1.160e+00
-1.160e+00
-1.160e+00
-1.160e+00
-1.160e+00
-1.160e+00
-1.160e+00
-1.160e+00
-1.160e+00
-1.160e+00
-1.160e+00
-1.160e+00
-1.160e+00
-1.160e+00
-1.160e+00
-1.160e+00
-1.160e+00
-1.160e+00
-1.160e+00
-1.160e+00
-1.160e+00
-1.160e+00
-1.160e+00
-1.160e+00
-1.160e+00
-1.160e+00
-1.160e+00
-1.160e+00
-1.160e+00
-1.160e+00
-1.160e+00
-1.160e+00
-1.160e+00
-1.160e+00
-1.160e+00
-1.160e+00
-1.160e+00
-1.160e+00
-1.160e+00
-1.160e+00
-1.160e+00
-1.160e+00
-1.160e+00
-1.160e+00
-1.160e+00
-1.160e+00
-1.160e+00
-1.160e+00
-1.160e+00
-1.160e+00
-1.160e+00
-1.160e+00
-1.160e+00
-1.160e+00
-1.160e+00
-1.160e+00
-1.160e+00
-1.160e+00
-1.160e+00
-1.160e+00
-1.160e+00
-1.160e+00
-1.160e+00
-1.160e+00
-1.160e+00
-1.160e+00
-1.160e+00
-8.607e-01
-8.608e-01
-8.608e-01
-8.608e-01
-8.608e-01
-8.608e-01
-8.608e-01
-8.608e-01
-8.608e-01
-8.608e-01
-8.608e-01
-8.608e-01
-8.608e-01
-8.608e-01
-8.608e-01
-8.608e-01
-8.608e-01
-8.608e-01
-8.608e-01
-8.608e-01
-8.609e-01
-8.608e-01
-8.609e-01
-8.609e-01
-8.609e-01
-8.609e-01
-8.609e-01
-8.609e-01
-8.609e-01
-8.609e-01
-8.609e-01
-8.609e-01
-8.609e-01
-8.609e-01
-8.609e-01
-8.609e-01
-8.609e-01
-8.609e-01
-8.609e-01
-8.609e-01
-8.609e-01
-8.608e-01
-8.608e-01
-8.609e-01
-8.609e-01
-8.609e-01
-8.609e-01
-8.609e-01
-8.609e-01
-8.609e-01
-8.609e-01
-8.609e-01
-8.609e-01
-8.609e-01
-8.609e-01
-8.609e-01
-8.609e-01
-8.609e-01
-8.609e-01
-8.609e-01
-8.609e-01
-8.609e-01
-8.608e-01
-8.608e-01
-8.609e-01
-8.609e-01
-8.609e-01
-8.609e-01
-8.609e-01
-8.609e-01
-8.609e-01
-8.609e-01
-8.609e-01
-8.609e-01
-8.609e-01
-8.609e-01
-8.609e-01
-8.609e-01
-8.609e-01
-8.609e-01
-8.609e-01
-8.609e-01
-8.609e-01
-8.608e-01
-8.608e-01
-8.609e-01
-8.609e-01
-8.609e-01
-8.609e-01
-8.609e-01
-8.609e-01
-8.609e-01
-8.609e-01
-8.609e-01
-8.609e-01
-8.609e-01
-8.609e-01
-8.609e-01
-8.609e-01
-8.609e-01
-8.609e-01
-8.609e-01
-8.609e-01
-8.609e-01
-8.608e-01
-8.608e-01
-8.609e-01
-8.609e-01
-8.609e-01
-8.609e-01
-8.609e-01
-8.609e-01
-8.609e-01
-8.609e-01
-8.609e-01
-8.609e-01
-8.609e-01
-8.609e-01
-8.609e-01
-8.609e-01
-8.609e-01
-8.609e-01
-8.609e-01
-8.609e-01
-8.609e-01
-8.608e-01
-8.608e-01
-8.609e-01
-8.609e-01
-8.609e-01
-8.609e-01
-8.609e-01
-8.609e-01
-8.609e-01
-8.609e-01
-8.609e-01
-8.609e-01
-8.609e-01
-8.609e-01
-8.609e-01
-8.609e-01
-8.609e-01
-8.609e-01
-8.609e-01
-8.609e-01
-8.609e-01
-8.608e-01
-8.608e-01
-8.609e-01
-8.609e-01
-8.609e-01
-8.609e-01
-8.609e-01
-8.609e-01
-8.609e-01
-8.609e-01
-8.609e-01
-8.609e-01
-8.609e-01
-8.609e-01
-8.609e-01
-8.609e-01
-8.609e-01
-8.609e-01
-8.609e-01
-8.609e-01
-8.609e-01
-8.608e-01
-8.608e-01
-8.609e-01
-8.609e-01
-8.609e-01
-8.609e-01
-8.609e-01
-8.609e-01
-8.609e-01
-8.609e-01
-8.609e-01
-8.609e-01
-8.609e-01
-8.609e-01
-8.609e-01
-8.609e-01
-8.609e-01
-8.609e-01
-8.609e-01
-8.609e-01
-8.609e-01
-8.608e-01
-8.608e-01
-8.609e-01
-8.609e-01
-8.609e-01
-8.609e-01
-8.609e-01
-8.609e-01
-8.609e-01
-8.609e-01
-8.609e-01
-8.609e-01
-8.609e-01
-8.609e-01
-8.609e-01
-8.609e-01
-8.609e-01
-8.609e-01
-8.609e-01
-8.609e-01
-8.609e-01
-8.608e-01
-8.600e-01
-8.600e-01
-8.600e-01
-8.600e-01
-8.600e-01
-8.600e-01
-8.600e-01
-8.600e-01
-8.600e-01
-8.600e-01
-8.600e-01
-8.600e-01
-8.600e-01
-8.600e-01
-8.600e-01
-8.600e-01
-8.600e-01
-8.600e-01
-8.600e-01
-8.600e-01
-8.600e-01
-8.600e-01
-8.600e-01
-8.600e-01
-8.600e-01
-8.600e-01
-8.600e-01
-8.600e-01
-8.600e-01
-8.600e-01
-8.600e-01
-8.600e-01
-8.600e-01
-8.600e-01
-8.600e-01
-8.600e-01
-8.600e-01
-8.600e-01
-8.600e-01
-8.600e-01
-8.600e-01
-8.600e-01
-8.600e-01
-8.600e-01
-8.600e-01
-8.600e-01
-8.600e-01
-8.600e-01
-8.600e-01
-8.600e-01
-8.600e-01
-8.600e-01
-8.600e-01
-8.600e-01
-8.600e-01
-8.600e-01
-8.600e-01
-8.600e-01
-8.600e-01
-8.600e-01
-8.600e-01
-8.600e-01
-8.600e-01
-8.600e-01
-8.600e-01
-8.600e-01
-8.600e-01
-8.600e-01
-8.600e-01
-8.600e-01
-8.600e-01
-8.600e-01
-8.600e-01
-8.600e-01
-8.600e-01
-8.600e-01
-8.600e-01
-8.600e-01
-8.600e-01
-8.600e-01
-8.600e-01
-8.600e-01
-8.600e-01
-8.600e-01
-8.600e-01
-8.600e-01
-8.600e-01
-8.600e-01
-8.600e-01
-8.600e-01
-8.600e-01
-8.600e-01
-8.600e-01
-8.600e-01
-8.600e-01
-8.600e-01
-8.600e-01
-8.600e-01
-8.600e-01
-8.600e-01
-8.600e-01
-8.600e-01
-8.600e-01
-8.600e-01
-8.600e-01
-8.600e-01
-8.600e-01
-8.600e-01
-8.600e-01
-8.600e-01
-8.600e-01
-8.600e-01
-8.600e-01
-8.600e-01
-8.600e-01
-8.600e-01
-8.600e-01
-8.600e-01
-8.600e-01
-8.600e-01
-8.600e-01
-8.600e-01
-8.600e-01
-8.600e-01
-8.600e-01
-8.600e-01
-8.600e-01
-8.600e-01
-8.600e-01
-8.600e-01
-8.600e-01
-8.600e-01
-8.600e-01
-8.600e-01
-8.600e-01
-8.600e-01
-8.600e-01
-8.600e-01
-8.600e-01
-8.600e-01
-8.600e-01
-8.600e-01
-8.600e-01
-8.600e-01
-8.600e-01
-8.600e-01
-8.600e-01
-8.600e-01
-8.600e-01
-8.600e-01
-8.600e-01
-8.600e-01
-8.600e-01
-8.600e-01
-8.600e-01
-8.600e-01
-8.600e-01
-8.600e-01
-8.600e-01
-8.600e-01
-8.600e-01
-8.600e-01
-8.600e-01
-8.600e-01
-8.600e-01
-8.600e-01
-8.600e-01
-8.600e-01
-8.600e-01
-8.600e-01
-8.600e-01
-8.600e-01
-8.600e-01
-8.600e-01
-8.600e-01
-8.600e-01
-8.600e-01
-8.600e-01
-8.600e-01
-8.600e-01
-8.600e-01
-8.600e-01
-8.600e-01
-8.600e-01
-8.600e-01
-8.600e-01
-8.600e-01
-8.600e-01
-8.600e-01
-8.600e-01
-8.600e-01
-8.600e-01
-8.600e-01
-8.600e-01
-8.600e-01
-8.600e-01
-8.600e-01
-8.600e-01
-8.600e-01
-8.600e-01
-8.600e-01
-8.600e-01
-8.600e-01
-8.600e-01
-8.600e-01
-8.600e-01
-8.600e-01
-8.600e-01
-8.600e-01
-8.600e-01
-8.600e-01
-8.600e-01
-8.600e-01
-8.600e-01
-8.600e-01
-8.600e-01
-8.600e-01
-8.600e-01
-8.600e-01
-8.600e-01
-8.600e-01
-8.600e-01
-8.600e-01
-8.600e-01
-8.600e-01
-8.600e-01
-8.600e-01
-8.600e-01
-8.600e-01
-8.600e-01
-8.600e-01
-2.600e-01
-2.600e-01
-2.600e-01
-2.600e-01
-2.600e-01
-2.600e-01
-2.600e-01
-2.600e-01
-2.600e-01
-2.600e-01
-2.600e-01
-2.600e-01
-2.600e-01
-2.600e-01
-2.600e-01
-2.600e-01
-2.600e-01
-2.600e-01
-2.600e-01
-2.600e-01
-2.600e-01
-2.600e-01
-2.600e-01
-2.600e-01
-2.600e-01
-2.600e-01
-2.600e-01
-2.600e-01
-2.600e-01
-2.600e-01
-2.600e-01
-2.600e-01
-2.600e-01
-2.600e-01
-2.600e-01
-2.600e-01
-2.600e-01
-2.600e-01
-2.600e-01
-2.600e-01
-2.600e-01
-2.600e-01
-2.600e-01
-2.600e-01
-2.600e-01
-2.600e-01
-2.600e-01
-2.600e-01
-2.600e-01
-2.600e-01
-2.600e-01
-2.600e-01
-2.600e-01
-2.600e-01
-2.600e-01
-2.600e-01
-2.600e-01
-2.600e-01
-2.600e-01
-2.600e-01
-2.600e-01
-2.600e-01
-2.600e-01
-2.600e-01
-2.600e-01
-2.600e-01
-2.600e-01
-2.600e-01
-2.600e-01
-2.600e-01
-2.600e-01
-2.600e-01
-2.600e-01
-2.600e-01
-2.600e-01
-2.600e-01
-2.600e-01
-2.600e-01
-2.600e-01
-2.600e-01
-2.600e-01
-2.600e-01
-2.600e-01
-2.600e-01
-2.600e-01
-2.600e-01
-2.600e-01
-2.600e-01
-2.600e-01
-2.600e-01
-2.600e-01
-2.600e-01
-2.600e-01
-2.600e-01
-2.600e-01
-2.600e-01
-2.600e-01
-2.600e-01
-2.600e-01
-2.600e-01
-2.600e-01
-2.600e-01
-2.600e-01
-2.600e-01
-2.600e-01
-2.600e-01
-2.600e-01
-2.600e-01
-2.600e-01
-2.600e-01
-2.600e-01
-2.600e-01
-2.600e-01
-2.600e-01
-2.600e-01
-2.600e-01
-2.600e-01
-2.600e-01
-2.600e-01
-2.600e-01
-2.600e-01
-2.600e-01
-2.600e-01
-2.600e-01
-2.600e-01
-2.600e-01
-2.600e-01
-2.600e-01
-2.600e-01
-2.600e-01
-2.600e-01
-2.600e-01
-2.600e-01
-2.600e-01
-2.600e-01
-2.600e-01
-2.600e-01
-2.600e-01
-2.600e-01
-2.600e-01
-2.600e-01
-2.600e-01
-2.600e-01
-2.600e-01
-2.600e-01
-2.600e-01
-2.600e-01
-2.600e-01
-2.600e-01
-2.600e-01
-2.600e-01
-2.600e-01
-2.600e-01
-2.600e-01
-2.600e-01
-2.600e-01
-2.600e-01
-2.600e-01
-2.600e-01
-2.600e-01
-2.600e-01
-2.600e-01
-2.600e-01
-2.600e-01
-2.600e-01
-2.600e-01
-2.600e-01
-2.600e-01
-2.600e-01
-2.600e-01
-2.600e-01
-2.600e-01
-2.600e-01
-2.600e-01
-2.600e-01
-2.600e-01
-2.600e-01
-2.600e-01
-2.600e-01
-2.600e-01
-2.600e-01
-2.600e-01
-2.600e-01
-2.600e-01
-2.600e-01
-2.600e-01
-2.600e-01
-2.600e-01
-2.600e-01
-2.600e-01
-2.600e-01
-2.600e-01
-2.600e-01
-2.600e-01
-2.600e-01
-2.600e-01
-2.600e-01
-2.600e-01
-2.600e-01
-2.600e-01
-2.600e-01
-2.600e-01
-2.600e-01
-2.600e-01
-2.600e-01
-2.600e-01
-2.600e-01
-2.600e-01
-2.600e-01
-2.600e-01
-2.600e-01
-2.600e-01
-2.600e-01
-2.600e-01
-2.600e-01
-2.600e-01
-2.600e-01
-2.600e-01
-2.600e-01
-2.600e-01
-2.600e-01
-2.600e-01
-2.600e-01
-2.600e-01
-2.600e-01
-2.600e-01
-2.600e-01
-2.600e-01
-2.600e-01
-2.600e-01
-2.600e-01
-2.600e-01
-2.600e-01
-2.600e-01
-2.600e-01
-2.600e-01
-2.600e-01
-2.600e-01
-2.600e-01
-2.600e-01
-2.600e-01
-2.600e-01
-2.600e-01
-2.600e-01
-2.600e-01
-2.600e-01
-2.600e-01
-2.600e-01
-2.600e-01
-2.600e-01
-2.600e-01
-2.600e-01
-2.600e-01
-2.600e-01
-2.600e-01
-2.600e-01
-2.600e-01
-2.600e-01
-2.600e-01
-2.600e-01
-2.600e-01
-2.600e-01
-2.600e-01
-2.600e-01
-2.600e-01
-2.600e-01
-2.600e-01
-2.600e-01
-2.600e-01
-2.600e-01
-2.600e-01
-2.600e-01
-2.600e-01
-2.600e-01
-2.600e-01
-2.600e-01
-2.600e-01
-2.600e-01
-2.600e-01
-2.600e-01
-2.600e-01
-2.600e-01
-2.600e-01
-2.600e-01
-2.600e-01
-2.600e-01
-2.600e-01
-2.600e-01
-2.600e-01
-2.600e-01
-2.600e-01
-2.600e-01
-2.600e-01
-2.600e-01
-2.600e-01
-2.600e-01
-2.600e-01
-2.600e-01
-2.600e-01
-2.600e-01
-2.600e-01
-2.600e-01
-2.600e-01
-2.600e-01
-2.600e-01
-2.600e-01
-2.600e-01
-2.600e-01
-2.600e-01
-2.600e-01
-2.600e-01
-2.600e-01
-2.600e-01
-2.600e-01
-2.600e-01
-2.600e-01
-2.600e-01
-2.600e-01
-2.600e-01
-2.600e-01
-2.600e-01
-2.600e-01
-2.600e-01
-2.600e-01
-2.600e-01
-2.600e-01
-2.600e-01
-2.600e-01
-2.600e-01
-2.600e-01
-2.600e-01
-2.600e-01
-2.600e-01
-2.600e-01
-2.600e-01
-2.600e-01
-2.600e-01
-2.600e-01
-2.600e-01
-2.600e-01
-2.600e-01
-2.600e-01
-2.600e-01
-2.600e-01
-2.600e-01
-2.600e-01
-2.600e-01
-2.600e-01
-2.600e-01
-2.600e-01
-2.600e-01
-2.600e-01
-2.600e-01
-2.600e-01
-2.600e-01
-2.600e-01
-2.600e-01
-2.600e-01
-2.600e-01
-2.600e-01
-2.600e-01
-2.600e-01
-2.600e-01
-2.600e-01
-2.600e-01
-2.600e-01
-2.600e-01
-2.600e-01
-2.600e-01
-2.600e-01
-2.600e-01
-2.600e-01
-2.600e-01
-2.600e-01
-2.600e-01
-2.600e-01
-2.600e-01
-2.600e-01
-2.600e-01
-2.600e-01
-2.600e-01
-2.600e-01
-2.600e-01
-2.600e-01
-2.600e-01
-2.600e-01
-2.600e-01
-2.600e-01
-2.600e-01
-2.600e-01
-2.600e-01
-2.600e-01
-2.600e-01
-2.600e-01
-2.600e-01
-2.600e-01
-2.600e-01
-2.600e-01
-2.600e-01
-2.600e-01
-2.600e-01
-2.600e-01
-2.600e-01
-2.600e-01
-2.600e-01
-2.600e-01
-2.600e-01
-2.600e-01
-2.600e-01
-2.600e-01
-2.600e-01
-2.600e-01
-2.600e-01
-2.600e-01
-2.600e-01
-2.600e-01
-2.600e-01
-2.600e-01
-2.597e-01
-2.597e-01
-2.600e-01
-2.600e-01
-2.600e-01
-2.600e-01
-2.600e-01
-2.600e-01
-2.600e-01
-2.600e-01
-2.600e-01
-2.600e-01
-2.600e-01
-2.600e-01
-2.600e-01
-2.600e-01
-2.600e-01
-2.600e-01
-2.600e-01
-2.600e-01
-2.600e-01
-2.597e-01
-2.590e-01
3.400e-01
3.400e-01
3.400e-01
3.400e-01
3.400e-01
3.400e-01
3.400e-01
3.400e-01
3.400e-01
3.400e-01
3.400e-01
3.400e-01
3.400e-01
3.400e-01
3.400e-01
3.400e-01
3.400e-01
3.400e-01
3.400e-01
3.400e-01
3.400e-01
3.400e-01
3.400e-01
3.400e-01
3.400e-01
3.400e-01
3.400e-01
3.400e-01
3.400e-01
3.400e-01
3.400e-01
3.400e-01
3.400e-01
3.400e-01
3.400e-01
3.400e-01
3.400e-01
3.400e-01
3.400e-01
3.400e-01
3.400e-01
3.400e-01
3.400e-01
3.400e-01
3.400e-01
3.400e-01
3.400e-01
3.400e-01
3.400e-01
3.400e-01
3.400e-01
3.400e-01
3.400e-01
3.400e-01
3.400e-01
3.400e-01
3.400e-01
3.400e-01
3.400e-01
3.400e-01
3.400e-01
3.400e-01
3.400e-01
3.400e-01
3.400e-01
3.400e-01
3.400e-01
3.400e-01
3.400e-01
3.400e-01
3.400e-01
3.400e-01
3.400e-01
3.400e-01
3.400e-01
3.400e-01
3.400e-01
3.400e-01
3.400e-01
3.400e-01
3.400e-01
3.400e-01
3.400e-01
3.400e-01
3.400e-01
3.400e-01
3.400e-01
3.400e-01
3.400e-01
3.400e-01
3.400e-01
3.400e-01
3.400e-01
3.400e-01
3.400e-01
3.400e-01
3.400e-01
3.400e-01
3.400e-01
3.400e-01
3.400e-01
3.400e-01
3.400e-01
3.400e-01
3.400e-01
3.400e-01
3.400e-01
3.400e-01
3.400e-01
3.400e-01
3.400e-01
3.400e-01
3.400e-01
3.400e-01
3.400e-01
3.400e-01
3.400e-01
3.400e-01
3.400e-01
3.400e-01
3.400e-01
3.400e-01
3.400e-01
3.400e-01
3.400e-01
3.400e-01
3.400e-01
3.400e-01
3.400e-01
3.400e-01
3.400e-01
3.400e-01
3.400e-01
3.400e-01
3.400e-01
3.400e-01
3.400e-01
3.400e-01
3.400e-01
3.400e-01
3.400e-01
3.400e-01
3.400e-01
3.400e-01
3.400e-01
3.400e-01
3.400e-01
3.400e-01
3.400e-01
3.400e-01
3.400e-01
3.400e-01
3.400e-01
3.400e-01
3.400e-01
3.400e-01
3.400e-01
3.400e-01
3.400e-01
3.400e-01
3.400e-01
3.400e-01
3.400e-01
3.400e-01
3.400e-01
3.400e-01
3.400e-01
3.400e-01
3.400e-01
3.400e-01
3.400e-01
3.400e-01
3.400e-01
3.400e-01
3.400e-01
3.400e-01
3.400e-01
3.400e-01
3.400e-01
3.400e-01
3.400e-01
3.400e-01
3.400e-01
3.400e-01
3.400e-01
3.400e-01
3.400e-01
3.400e-01
3.400e-01
3.400e-01
3.400e-01
3.400e-01
3.400e-01
3.400e-01
3.400e-01
3.400e-01
3.400e-01
3.400e-01
3.400e-01
3.400e-01
3.400e-01
3.400e-01
3.400e-01
3.400e-01
3.400e-01
3.400e-01
3.400e-01
3.400e-01
3.400e-01
3.400e-01
3.400e-01
3.400e-01
3.400e-01
3.400e-01
3.400e-01
3.400e-01
3.400e-01
3.400e-01
3.400e-01
3.400e-01
3.400e-01
3.400e-01
3.400e-01
3.400e-01
3.400e-01
3.400e-01
3.400e-01
3.400e-01
3.400e-01
3.400e-01
3.400e-01
3.400e-01
3.400e-01
3.400e-01
3.400e-01
3.400e-01
3.400e-01
3.400e-01
3.400e-01
3.400e-01
3.400e-01
3.400e-01
3.400e-01
3.400e-01
3.400e-01
3.400e-01
3.400e-01
3.400e-01
3.400e-01
3.400e-01
3.400e-01
3.400e-01
3.400e-01
3.400e-01
3.400e-01
3.400e-01
3.400e-01
3.400e-01
3.400e-01
3.400e-01
3.400e-01
3.400e-01
3.400e-01
3.400e-01
3.400e-01
3.400e-01
3.400e-01
3.400e-01
3.400e-01
3.400e-01
3.400e-01
3.400e-01
3.400e-01
3.400e-01
3.400e-01
3.400e-01
3.400e-01
3.400e-01
3.400e-01
3.400e-01
3.400e-01
3.400e-01
3.400e-01
3.400e-01
3.400e-01
3.400e-01
3.400e-01
3.400e-01
3.400e-01
3.400e-01
3.400e-01
3.400e-01
3.400e-01
3.400e-01
3.400e-01
3.400e-01
3.400e-01
3.400e-01
3.400e-01
3.400e-01
3.400e-01
3.400e-01
3.400e-01
3.400e-01
3.400e-01
3.400e-01
3.400e-01
3.400e-01
3.400e-01
3.400e-01
3.400e-01
3.400e-01
3.400e-01
3.400e-01
3.400e-01
3.400e-01
3.400e-01
3.400e-01
3.400e-01
3.400e-01
3.400e-01
3.400e-01
3.400e-01
3.400e-01
3.400e-01
3.400e-01
3.400e-01
3.400e-01
3.400e-01
3.400e-01
3.400e-01
3.400e-01
3.400e-01
3.400e-01
3.400e-01
3.400e-01
3.400e-01
3.400e-01
3.400e-01
3.400e-01
3.400e-01
3.400e-01
3.400e-01
3.400e-01
3.400e-01
3.400e-01
3.400e-01
3.400e-01
3.400e-01
3.400e-01
3.400e-01
3.400e-01
3.400e-01
3.400e-01
3.400e-01
3.400e-01
3.400e-01
3.400e-01
3.400e-01
3.400e-01
3.400e-01
3.400e-01
3.400e-01
3.400e-01
3.400e-01
3.400e-01
3.400e-01
3.400e-01
3.400e-01
3.400e-01
3.400e-01
3.400e-01
3.400e-01
3.400e-01
3.400e-01
3.400e-01
3.400e-01
3.400e-01
3.400e-01
3.400e-01
3.400e-01
3.400e-01
3.400e-01
3.400e-01
3.400e-01
3.400e-01
3.400e-01
3.400e-01
3.400e-01
3.400e-01
3.400e-01
3.400e-01
3.400e-01
3.400e-01
3.400e-01
3.400e-01
3.400e-01
3.400e-01
3.400e-01
3.400e-01
3.400e-01
3.400e-01
3.400e-01
3.400e-01
3.400e-01
3.400e-01
3.400e-01
3.400e-01
3.400e-01
3.400e-01
3.400e-01
3.400e-01
3.400e-01
3.400e-01
3.400e-01
3.400e-01
3.400e-01
3.400e-01
3.403e-01
3.403e-01
3.400e-01
3.400e-01
3.400e-01
3.400e-01
3.400e-01
3.400e-01
3.400e-01
3.400e-01
3.400e-01
3.400e-01
3.400e-01
3.400e-01
3.400e-01
3.400e-01
3.400e-01
3.400e-01
3.400e-01
3.400e-01
3.400e-01
3.403e-01
3.410e-01
1.000e+00
1.000e+00
1.000e+00
1.000e+00
1.000e+00
1.000e+00
1.000e+00
1.000e+00
1.000e+00
1.000e+00
1.000e+00
1.000e+00
1.000e+00
1.000e+00
1.000e+00
1.000e+00
1.000e+00
1.000e+00
1.000e+00
1.000e+00
1.000e+00
1.000e+00
1.000e+00
1.000e+00
1.000e+00
1.000e+00
1.000e+00
1.000e+00
1.000e+00
1.000e+00
1.000e+00
1.000e+00
1.000e+00
1.000e+00
1.000e+00
1.000e+00
1.000e+00
1.000e+00
1.000e+00
1.000e+00
1.000e+00
1.000e+00
1.000e+00
1.000e+00
1.000e+00
1.000e+00
1.000e+00
1.000e+00
1.000e+00
1.000e+00
1.000e+00
1.000e+00
1.000e+00
1.000e+00
1.000e+00
1.000e+00
1.000e+00
1.000e+00
1.000e+00
1.000e+00
1.000e+00
1.000e+00
1.000e+00
1.000e+00
1.000e+00
1.000e+00
1.000e+00
1.000e+00
1.000e+00
1.000e+00
1.000e+00
1.000e+00
1.000e+00
1.000e+00
1.000e+00
1.000e+00
1.000e+00
1.000e+00
1.000e+00
1.000e+00
1.000e+00
1.000e+00
1.000e+00
1.000e+00
1.000e+00
1.000e+00
1.000e+00
1.000e+00
1.000e+00
1.000e+00
1.000e+00
1.000e+00
1.000e+00
1.000e+00
1.000e+00
1.000e+00
1.000e+00
1.000e+00
1.000e+00
1.000e+00
1.000e+00
1.000e+00
1.000e+00
1.000e+00
1.000e+00
1.000e+00
1.000e+00
1.000e+00
1.000e+00
1.000e+00
1.000e+00
1.000e+00
1.000e+00
1.000e+00
1.000e+00
1.000e+00
1.000e+00
1.000e+00
1.000e+00
1.000e+00
1.000e+00
1.000e+00
1.000e+00
1.000e+00
1.000e+00
1.000e+00
1.000e+00
1.000e+00
1.000e+00
1.000e+00
1.000e+00
1.000e+00
1.000e+00
1.000e+00
1.000e+00
1.000e+00
1.000e+00
1.000e+00
1.000e+00
1.000e+00
1.000e+00
1.000e+00
1.000e+00
1.000e+00
1.000e+00
1.000e+00
1.000e+00
1.000e+00
1.000e+00
1.000e+00
1.000e+00
1.000e+00
1.000e+00
1.000e+00
1.000e+00
1.000e+00
1.000e+00
1.000e+00
1.000e+00
1.000e+00
1.000e+00
1.000e+00
1.000e+00
1.000e+00
1.000e+00
1.000e+00
1.000e+00
1.000e+00
1.000e+00
1.000e+00
1.000e+00
1.000e+00
1.000e+00
1.000e+00
1.000e+00
1.000e+00
1.000e+00
1.000e+00
1.000e+00
1.000e+00
1.000e+00
1.000e+00
1.000e+00
1.000e+00
1.000e+00
1.000e+00
1.000e+00
1.000e+00
1.000e+00
1.000e+00
1.000e+00
1.000e+00
1.000e+00
1.000e+00
1.000e+00
1.000e+00
1.000e+00
1.000e+00
1.000e+00
1.000e+00
1.000e+00
1.000e+00
1.000e+00
1.000e+00
1.000e+00
1.000e+00
1.000e+00
1.000e+00
1.000e+00
1.000e+00
1.000e+00
1.000e+00
1.000e+00
1.000e+00
1.000e+00
1.000e+00
1.000e+00
1.000e+00
1.000e+00
1.000e+00
1.000e+00
1.000e+00
1.000e+00
1.000e+00
1.000e+00
1.000e+00
1.000e+00
1.000e+00
1.000e+00
1.000e+00
1.000e+00
1.000e+00
1.000e+00
1.000e+00
1.000e+00
1.000e+00
1.000e+00
1.000e+00
1.000e+00
1.000e+00
1.000e+00
1.000e+00
1.000e+00
1.000e+00
1.000e+00
1.000e+00
1.000e+00
1.000e+00
1.000e+00
1.000e+00
1.000e+00
1.000e+00
1.000e+00
1.000e+00
1.000e+00
1.000e+00
1.000e+00
1.000e+00
1.000e+00
1.000e+00
1.000e+00
1.000e+00
1.000e+00
1.000e+00
1.000e+00
1.000e+00
1.000e+00
1.000e+00
1.000e+00
1.000e+00
1.000e+00
1.000e+00
1.000e+00
1.000e+00
1.000e+00
1.000e+00
1.000e+00
1.000e+00
1.000e+00
1.000e+00
1.000e+00
1.000e+00
1.000e+00
1.000e+00
1.000e+00
1.000e+00
1.000e+00
1.000e+00
1.000e+00
1.000e+00
1.000e+00
1.000e+00
1.000e+00
1.000e+00
1.000e+00
1.000e+00
1.000e+00
1.000e+00
1.000e+00
1.000e+00
1.000e+00
1.000e+00
1.000e+00
1.000e+00
1.000e+00
1.000e+00
1.000e+00
1.000e+00
1.000e+00
1.000e+00
1.000e+00
1.000e+00
1.000e+00
1.000e+00
1.000e+00
1.000e+00
1.000e+00
1.000e+00
1.000e+00
1.000e+00
1.000e+00
1.000e+00
1.000e+00
1.000e+00
1.000e+00
1.000e+00
1.000e+00
1.000e+00
1.000e+00
1.000e+00
1.000e+00
1.000e+00
1.000e+00
1.000e+00
1.000e+00
1.000e+00
1.000e+00
1.000e+00
1.000e+00
1.000e+00
1.000e+00
1.000e+00
1.000e+00
1.000e+00
1.000e+00
1.000e+00
1.000e+00
1.000e+00
1.000e+00
1.000e+00
1.000e+00
1.000e+00
1.000e+00
1.000e+00
1.000e+00
1.000e+00
1.000e+00
1.000e+00
1.000e+00
1.000e+00
1.000e+00
1.000e+00
1.000e+00
1.000e+00
1.000e+00
1.000e+00
1.000e+00
1.000e+00
1.000e+00
1.000e+00
1.000e+00
1.000e+00
1.000e+00
1.000e+00
1.000e+00
1.000e+00
1.000e+00
1.000e+00
1.000e+00
1.000e+00
1.000e+00
1.000e+00
1.000e+00
1.000e+00
1.000e+00
1.000e+00
1.000e+00
1.000e+00
1.000e+00
1.000e+00
1.000e+00
1.000e+00
1.000e+00
1.000e+00
1.000e+00
1.000e+00
1.000e+00
1.000e+00
1.000e+00
1.000e+00
1.000e+00
1.000e+00
1.000e+00
1.000e+00
1.000e+00
1.000e+00
1.000e+00
1.000e+00
1.000e+00
1.000e+00
1.000e+00
1.000e+00
1.000e+00
1.000e+00
1.000e+00
1.000e+00
1.000e+00
1.000e+00
1.000e+00
1.000e+00
1.000e+00
1.000e+00
1.000e+00
1.000e+00
1.000e+00
1.000e+00
1.000e+00
1.000e+00
1.000e+00
1.000e+00
1.000e+00
1.000e+00
1.000e+00
1.000e+00
1.000e+00
1.000e+00
1.000e+00
1.000e+00
1.000e+00
1.000e+00
1.001e+00
