1	0	INDP	IPOND
-1.982e+00
-1.672e+00
-1.674e+00
-1.674e+00
-1.674e+00
-1.674e+00
-1.674e+00
-1.674e+00
-1.674e+00
-1.674e+00
-1.674e+00
-1.674e+00
-1.674e+00
-1.674e+00
-1.674e+00
-1.674e+00
-1.674e+00
-1.673e+00
-1.678e+00
-1.654e+00
-1.338e+00
-1.672e+00
-1.374e+00
-1.381e+00
-1.381e+00
-1.381e+00
-1.381e+00
-1.381e+00
-1.381e+00
-1.381e+00
-1.381e+00
-1.381e+00
-1.381e+00
-1.381e+00
-1.381e+00
-1.381e+00
-1.381e+00
-1.381e+00
-1.381e+00
-1.384e+00
-1.356e+00
-1.486e+00
-1.674e+00
-1.381e+00
-1.389e+00
-1.389e+00
-1.389e+00
-1.389e+00
-1.389e+00
-1.389e+00
-1.389e+00
-1.389e+00
-1.389e+00
-1.389e+00
-1.389e+00
-1.389e+00
-1.389e+00
-1.389e+00
-1.389e+00
-1.389e+00
-1.392e+00
-1.364e+00
-1.491e+00
-1.674e+00
-1.381e+00
-1.389e+00
-1.389e+00
-1.389e+00
-1.389e+00
-1.389e+00
-1.389e+00
-1.389e+00
-1.389e+00
-1.389e+00
-1.389e+00
-1.389e+00
-1.389e+00
-1.389e+00
-1.389e+00
-1.389e+00
-1.389e+00
-1.392e+00
-1.364e+00
-1.491e+00
-1.674e+00
-1.381e+00
-1.389e+00
-1.389e+00
-1.389e+00
-1.389e+00
-1.389e+00
-1.389e+00
-1.389e+00
-1.389e+00
-1.389e+00
-1.389e+00
-1.389e+00
-1.389e+00
-1.389e+00
-1.389e+00
-1.389e+00
-1.389e+00
-1.392e+00
-1.364e+00
-1.491e+00
-1.674e+00
-1.381e+00
-1.389e+00
-1.389e+00
-1.389e+00
-1.389e+00
-1.389e+00
-1.389e+00
-1.389e+00
-1.389e+00
-1.389e+00
-1.389e+00
-1.389e+00
-1.389e+00
-1.389e+00
-1.389e+00
-1.389e+00
-1.389e+00
-1.392e+00
-1.364e+00
-1.491e+00
-1.674e+00
-1.381e+00
-1.389e+00
-1.389e+00
-1.389e+00
-1.389e+00
-1.389e+00
-1.389e+00
-1.389e+00
-1.389e+00
-1.389e+00
-1.389e+00
-1.389e+00
-1.389e+00
-1.389e+00
-1.389e+00
-1.389e+00
-1.389e+00
-1.392e+00
-1.364e+00
-1.491e+00
-1.675e+00
-1.382e+00
-1.390e+00
-1.390e+00
-1.390e+00
-1.390e+00
-1.390e+00
-1.390e+00
-1.390e+00
-1.390e+00
-1.390e+00
-1.390e+00
-1.390e+00
-1.390e+00
-1.390e+00
-1.390e+00
-1.390e+00
-1.389e+00
-1.392e+00
-1.364e+00
-1.491e+00
-1.666e+00
-1.378e+00
-1.386e+00
-1.386e+00
-1.386e+00
-1.386e+00
-1.386e+00
-1.386e+00
-1.386e+00
-1.386e+00
-1.386e+00
-1.386e+00
-1.386e+00
-1.386e+00
-1.386e+00
-1.386e+00
-1.386e+00
-1.386e+00
-1.388e+00
-1.361e+00
-1.491e+00
-1.675e+00
-1.375e+00
-1.385e+00
-1.385e+00
-1.385e+00
-1.385e+00
-1.385e+00
-1.385e+00
-1.385e+00
-1.385e+00
-1.385e+00
-1.385e+00
-1.385e+00
-1.385e+00
-1.385e+00
-1.385e+00
-1.385e+00
-1.385e+00
-1.386e+00
-1.373e+00
-1.493e+00
-1.774e+02
-1.677e+02
-1.672e+02
-1.673e+02
-1.672e+02
-1.672e+02
-1.672e+02
-1.672e+02
-1.672e+02
-1.672e+02
-1.672e+02
-1.672e+02
-1.672e+02
-1.672e+02
-1.672e+02
-1.672e+02
-1.672e+02
-1.673e+02
-1.672e+02
-1.674e+02
-1.607e+02
-1.892e+02
-1.882e+02
-1.882e+02
-1.882e+02
-1.882e+02
-1.882e+02
-1.882e+02
-1.882e+02
-1.882e+02
-1.882e+02
-1.882e+02
-1.882e+02
-1.882e+02
-1.882e+02
-1.882e+02
-1.882e+02
-1.882e+02
-1.882e+02
-1.882e+02
-1.882e+02
-1.888e+02
-1.892e+02
-1.882e+02
-1.882e+02
-1.882e+02
-1.882e+02
-1.882e+02
-1.882e+02
-1.882e+02
-1.882e+02
-1.882e+02
-1.882e+02
-1.882e+02
-1.882e+02
-1.882e+02
-1.882e+02
-1.882e+02
-1.882e+02
-1.882e+02
-1.882e+02
-1.882e+02
-1.888e+02
-1.892e+02
-1.882e+02
-1.882e+02
-1.882e+02
-1.882e+02
-1.882e+02
-1.882e+02
-1.882e+02
-1.882e+02
-1.882e+02
-1.882e+02
-1.882e+02
-1.882e+02
-1.882e+02
-1.882e+02
-1.882e+02
-1.882e+02
-1.882e+02
-1.882e+02
-1.882e+02
-1.888e+02
-1.892e+02
-1.882e+02
-1.882e+02
-1.882e+02
-1.882e+02
-1.882e+02
-1.882e+02
-1.882e+02
-1.882e+02
-1.882e+02
-1.882e+02
-1.882e+02
-1.882e+02
-1.882e+02
-1.882e+02
-1.882e+02
-1.882e+02
-1.882e+02
-1.882e+02
-1.882e+02
-1.888e+02
-1.892e+02
-1.882e+02
-1.882e+02
-1.882e+02
-1.882e+02
-1.882e+02
-1.882e+02
-1.882e+02
-1.882e+02
-1.882e+02
-1.882e+02
-1.882e+02
-1.882e+02
-1.882e+02
-1.882e+02
-1.882e+02
-1.882e+02
-1.882e+02
-1.882e+02
-1.882e+02
-1.888e+02
-1.892e+02
-1.882e+02
-1.882e+02
-1.882e+02
-1.882e+02
-1.882e+02
-1.882e+02
-1.882e+02
-1.882e+02
-1.882e+02
-1.882e+02
-1.882e+02
-1.882e+02
-1.882e+02
-1.882e+02
-1.882e+02
-1.882e+02
-1.882e+02
-1.882e+02
-1.882e+02
-1.888e+02
-1.892e+02
-1.882e+02
-1.882e+02
-1.882e+02
-1.882e+02
-1.882e+02
-1.882e+02
-1.882e+02
-1.882e+02
-1.882e+02
-1.882e+02
-1.882e+02
-1.882e+02
-1.882e+02
-1.882e+02
-1.882e+02
-1.882e+02
-1.882e+02
-1.882e+02
-1.882e+02
-1.888e+02
-1.892e+02
-1.882e+02
-1.882e+02
-1.882e+02
-1.882e+02
-1.882e+02
-1.882e+02
-1.882e+02
-1.882e+02
-1.882e+02
-1.882e+02
-1.882e+02
-1.882e+02
-1.882e+02
-1.882e+02
-1.882e+02
-1.882e+02
-1.882e+02
-1.882e+02
-1.882e+02
-1.888e+02
-1.890e+02
-1.882e+02
-1.882e+02
-1.882e+02
-1.882e+02
-1.882e+02
-1.882e+02
-1.882e+02
-1.882e+02
-1.882e+02
-1.882e+02
-1.882e+02
-1.882e+02
-1.882e+02
-1.882e+02
-1.882e+02
-1.882e+02
-1.882e+02
-1.882e+02
-1.882e+02
-1.888e+02
-1.882e+02
-1.888e+02
-1.888e+02
-1.888e+02
-1.888e+02
-1.888e+02
-1.888e+02
-1.888e+02
-1.888e+02
-1.888e+02
-1.888e+02
-1.888e+02
-1.888e+02
-1.888e+02
-1.888e+02
-1.888e+02
-1.888e+02
-1.888e+02
-1.888e+02
-1.888e+02
-1.894e+02
-1.965e+00
-1.708e+00
-1.709e+00
-1.709e+00
-1.709e+00
-1.709e+00
-1.709e+00
-1.709e+00
-1.709e+00
-1.709e+00
-1.709e+00
-1.709e+00
-1.709e+00
-1.709e+00
-1.709e+00
-1.709e+00
-1.709e+00
-1.708e+00
-1.713e+00
-1.690e+00
-1.426e+00
-1.708e+00
-1.467e+00
-1.469e+00
-1.469e+00
-1.469e+00
-1.469e+00
-1.469e+00
-1.469e+00
-1.469e+00
-1.469e+00
-1.469e+00
-1.469e+00
-1.469e+00
-1.469e+00
-1.469e+00
-1.469e+00
-1.469e+00
-1.469e+00
-1.472e+00
-1.443e+00
-1.611e+00
-1.709e+00
-1.469e+00
-1.473e+00
-1.473e+00
-1.473e+00
-1.473e+00
-1.473e+00
-1.473e+00
-1.473e+00
-1.473e+00
-1.473e+00
-1.473e+00
-1.473e+00
-1.473e+00
-1.473e+00
-1.473e+00
-1.473e+00
-1.472e+00
-1.475e+00
-1.447e+00
-1.615e+00
-1.709e+00
-1.469e+00
-1.473e+00
-1.472e+00
-1.472e+00
-1.472e+00
-1.472e+00
-1.472e+00
-1.472e+00
-1.472e+00
-1.472e+00
-1.472e+00
-1.472e+00
-1.472e+00
-1.472e+00
-1.472e+00
-1.472e+00
-1.472e+00
-1.475e+00
-1.446e+00
-1.615e+00
-1.709e+00
-1.469e+00
-1.473e+00
-1.472e+00
-1.472e+00
-1.472e+00
-1.472e+00
-1.472e+00
-1.472e+00
-1.472e+00
-1.472e+00
-1.472e+00
-1.472e+00
-1.472e+00
-1.472e+00
-1.472e+00
-1.472e+00
-1.472e+00
-1.475e+00
-1.446e+00
-1.615e+00
-1.709e+00
-1.469e+00
-1.473e+00
-1.472e+00
-1.472e+00
-1.472e+00
-1.472e+00
-1.472e+00
-1.472e+00
-1.472e+00
-1.472e+00
-1.472e+00
-1.472e+00
-1.472e+00
-1.472e+00
-1.472e+00
-1.472e+00
-1.472e+00
-1.475e+00
-1.446e+00
-1.615e+00
-1.708e+00
-1.469e+00
-1.473e+00
-1.472e+00
-1.472e+00
-1.472e+00
-1.472e+00
-1.472e+00
-1.472e+00
-1.472e+00
-1.472e+00
-1.472e+00
-1.472e+00
-1.472e+00
-1.472e+00
-1.472e+00
-1.472e+00
-1.472e+00
-1.475e+00
-1.446e+00
-1.615e+00
-1.710e+00
-1.470e+00
-1.473e+00
-1.473e+00
-1.473e+00
-1.473e+00
-1.473e+00
-1.473e+00
-1.473e+00
-1.473e+00
-1.473e+00
-1.473e+00
-1.473e+00
-1.473e+00
-1.473e+00
-1.473e+00
-1.473e+00
-1.473e+00
-1.476e+00
-1.447e+00
-1.615e+00
-1.702e+00
-1.466e+00
-1.469e+00
-1.469e+00
-1.469e+00
-1.469e+00
-1.469e+00
-1.469e+00
-1.469e+00
-1.469e+00
-1.469e+00
-1.469e+00
-1.469e+00
-1.469e+00
-1.469e+00
-1.469e+00
-1.469e+00
-1.469e+00
-1.471e+00
-1.443e+00
-1.613e+00
-1.700e+00
-1.464e+00
-1.469e+00
-1.469e+00
-1.469e+00
-1.469e+00
-1.469e+00
-1.469e+00
-1.469e+00
-1.469e+00
-1.469e+00
-1.469e+00
-1.469e+00
-1.469e+00
-1.469e+00
-1.469e+00
-1.469e+00
-1.469e+00
-1.470e+00
-1.454e+00
-1.625e+00
-1.745e+02
-1.659e+02
-1.657e+02
-1.657e+02
-1.657e+02
-1.657e+02
-1.657e+02
-1.657e+02
-1.657e+02
-1.657e+02
-1.657e+02
-1.657e+02
-1.657e+02
-1.657e+02
-1.657e+02
-1.657e+02
-1.657e+02
-1.657e+02
-1.657e+02
-1.659e+02
-1.593e+02
-1.883e+02
-1.880e+02
-1.880e+02
-1.880e+02
-1.880e+02
-1.880e+02
-1.880e+02
-1.880e+02
-1.880e+02
-1.880e+02
-1.880e+02
-1.880e+02
-1.880e+02
-1.880e+02
-1.880e+02
-1.880e+02
-1.880e+02
-1.880e+02
-1.880e+02
-1.880e+02
-1.881e+02
-1.883e+02
-1.880e+02
-1.880e+02
-1.880e+02
-1.880e+02
-1.880e+02
-1.880e+02
-1.880e+02
-1.880e+02
-1.880e+02
-1.880e+02
-1.880e+02
-1.880e+02
-1.880e+02
-1.880e+02
-1.880e+02
-1.880e+02
-1.880e+02
-1.880e+02
-1.880e+02
-1.880e+02
-1.883e+02
-1.880e+02
-1.880e+02
-1.880e+02
-1.880e+02
-1.880e+02
-1.880e+02
-1.880e+02
-1.880e+02
-1.880e+02
-1.880e+02
-1.880e+02
-1.880e+02
-1.880e+02
-1.880e+02
-1.880e+02
-1.880e+02
-1.880e+02
-1.880e+02
-1.880e+02
-1.880e+02
-1.883e+02
-1.880e+02
-1.880e+02
-1.880e+02
-1.880e+02
-1.880e+02
-1.880e+02
-1.880e+02
-1.880e+02
-1.880e+02
-1.880e+02
-1.880e+02
-1.880e+02
-1.880e+02
-1.880e+02
-1.880e+02
-1.880e+02
-1.880e+02
-1.880e+02
-1.880e+02
-1.880e+02
-1.883e+02
-1.880e+02
-1.880e+02
-1.880e+02
-1.880e+02
-1.880e+02
-1.880e+02
-1.880e+02
-1.880e+02
-1.880e+02
-1.880e+02
-1.880e+02
-1.880e+02
-1.880e+02
-1.880e+02
-1.880e+02
-1.880e+02
-1.880e+02
-1.880e+02
-1.880e+02
-1.880e+02
-1.883e+02
-1.880e+02
-1.880e+02
-1.880e+02
-1.880e+02
-1.880e+02
-1.880e+02
-1.880e+02
-1.880e+02
-1.880e+02
-1.880e+02
-1.880e+02
-1.880e+02
-1.880e+02
-1.880e+02
-1.880e+02
-1.880e+02
-1.880e+02
-1.880e+02
-1.880e+02
-1.880e+02
-1.883e+02
-1.880e+02
-1.880e+02
-1.880e+02
-1.880e+02
-1.880e+02
-1.880e+02
-1.880e+02
-1.880e+02
-1.880e+02
-1.880e+02
-1.880e+02
-1.880e+02
-1.880e+02
-1.880e+02
-1.880e+02
-1.880e+02
-1.880e+02
-1.880e+02
-1.880e+02
-1.880e+02
-1.883e+02
-1.880e+02
-1.880e+02
-1.880e+02
-1.880e+02
-1.880e+02
-1.880e+02
-1.880e+02
-1.880e+02
-1.880e+02
-1.880e+02
-1.880e+02
-1.880e+02
-1.880e+02
-1.880e+02
-1.880e+02
-1.880e+02
-1.880e+02
-1.880e+02
-1.880e+02
-1.880e+02
-1.883e+02
-1.880e+02
-1.880e+02
-1.880e+02
-1.880e+02
-1.880e+02
-1.880e+02
-1.880e+02
-1.880e+02
-1.880e+02
-1.880e+02
-1.880e+02
-1.880e+02
-1.880e+02
-1.880e+02
-1.880e+02
-1.880e+02
-1.880e+02
-1.880e+02
-1.880e+02
-1.880e+02
-1.880e+02
-1.880e+02
-1.880e+02
-1.880e+02
-1.880e+02
-1.880e+02
-1.880e+02
-1.880e+02
-1.880e+02
-1.880e+02
-1.880e+02
-1.880e+02
-1.880e+02
-1.880e+02
-1.880e+02
-1.880e+02
-1.880e+02
-1.880e+02
-1.880e+02
-1.880e+02
-1.880e+02
-2.739e+00
-2.628e+00
-2.629e+00
-2.629e+00
-2.629e+00
-2.629e+00
-2.629e+00
-2.629e+00
-2.629e+00
-2.629e+00
-2.629e+00
-2.629e+00
-2.629e+00
-2.629e+00
-2.629e+00
-2.629e+00
-2.629e+00
-2.630e+00
-2.623e+00
-2.650e+00
-2.684e+00
-2.628e+00
-2.608e+00
-2.611e+00
-2.611e+00
-2.611e+00
-2.611e+00
-2.611e+00
-2.611e+00
-2.611e+00
-2.611e+00
-2.611e+00
-2.611e+00
-2.611e+00
-2.611e+00
-2.611e+00
-2.611e+00
-2.611e+00
-2.612e+00
-2.606e+00
-2.658e+00
-2.924e+00
-2.629e+00
-2.611e+00
-2.616e+00
-2.616e+00
-2.616e+00
-2.616e+00
-2.616e+00
-2.616e+00
-2.616e+00
-2.616e+00
-2.616e+00
-2.616e+00
-2.616e+00
-2.616e+00
-2.616e+00
-2.616e+00
-2.616e+00
-2.617e+00
-2.611e+00
-2.663e+00
-2.929e+00
-2.629e+00
-2.611e+00
-2.616e+00
-2.616e+00
-2.616e+00
-2.616e+00
-2.616e+00
-2.616e+00
-2.616e+00
-2.616e+00
-2.616e+00
-2.616e+00
-2.616e+00
-2.616e+00
-2.616e+00
-2.616e+00
-2.616e+00
-2.617e+00
-2.611e+00
-2.663e+00
-2.929e+00
-2.629e+00
-2.611e+00
-2.616e+00
-2.616e+00
-2.616e+00
-2.616e+00
-2.616e+00
-2.616e+00
-2.616e+00
-2.616e+00
-2.616e+00
-2.616e+00
-2.616e+00
-2.616e+00
-2.616e+00
-2.616e+00
-2.616e+00
-2.617e+00
-2.611e+00
-2.663e+00
-2.929e+00
-2.629e+00
-2.611e+00
-2.616e+00
-2.616e+00
-2.616e+00
-2.616e+00
-2.616e+00
-2.616e+00
-2.616e+00
-2.616e+00
-2.616e+00
-2.616e+00
-2.616e+00
-2.616e+00
-2.616e+00
-2.616e+00
-2.616e+00
-2.617e+00
-2.611e+00
-2.663e+00
-2.929e+00
-2.630e+00
-2.611e+00
-2.616e+00
-2.616e+00
-2.616e+00
-2.616e+00
-2.616e+00
-2.616e+00
-2.616e+00
-2.616e+00
-2.616e+00
-2.616e+00
-2.616e+00
-2.616e+00
-2.616e+00
-2.616e+00
-2.616e+00
-2.617e+00
-2.611e+00
-2.663e+00
-2.929e+00
-2.628e+00
-2.610e+00
-2.615e+00
-2.615e+00
-2.615e+00
-2.615e+00
-2.615e+00
-2.615e+00
-2.615e+00
-2.615e+00
-2.615e+00
-2.615e+00
-2.615e+00
-2.615e+00
-2.615e+00
-2.615e+00
-2.615e+00
-2.616e+00
-2.610e+00
-2.663e+00
-2.929e+00
-2.636e+00
-2.617e+00
-2.622e+00
-2.622e+00
-2.622e+00
-2.622e+00
-2.622e+00
-2.622e+00
-2.622e+00
-2.622e+00
-2.622e+00
-2.622e+00
-2.622e+00
-2.622e+00
-2.622e+00
-2.622e+00
-2.622e+00
-2.622e+00
-2.618e+00
-2.669e+00
-2.931e+00
-2.893e+00
-2.808e+00
-2.812e+00
-2.812e+00
-2.812e+00
-2.812e+00
-2.812e+00
-2.812e+00
-2.812e+00
-2.812e+00
-2.812e+00
-2.812e+00
-2.812e+00
-2.812e+00
-2.812e+00
-2.812e+00
-2.812e+00
-2.812e+00
-2.811e+00
-2.843e+00
-2.994e+00
-6.593e+01
-8.033e+01
-8.310e+01
-8.296e+01
-8.296e+01
-8.296e+01
-8.296e+01
-8.296e+01
-8.296e+01
-8.296e+01
-8.296e+01
-8.296e+01
-8.296e+01
-8.296e+01
-8.296e+01
-8.296e+01
-8.296e+01
-8.296e+01
-8.298e+01
-8.245e+01
-8.084e+01
-2.231e+01
-1.759e+01
-1.770e+01
-1.768e+01
-1.768e+01
-1.768e+01
-1.768e+01
-1.768e+01
-1.768e+01
-1.768e+01
-1.768e+01
-1.768e+01
-1.768e+01
-1.768e+01
-1.768e+01
-1.768e+01
-1.768e+01
-1.768e+01
-1.768e+01
-1.767e+01
-1.441e+01
-2.361e+01
-1.920e+01
-1.955e+01
-1.950e+01
-1.951e+01
-1.951e+01
-1.951e+01
-1.951e+01
-1.951e+01
-1.951e+01
-1.951e+01
-1.951e+01
-1.951e+01
-1.951e+01
-1.951e+01
-1.951e+01
-1.951e+01
-1.951e+01
-1.951e+01
-1.951e+01
-1.601e+01
-2.342e+01
-1.893e+01
-1.921e+01
-1.914e+01
-1.914e+01
-1.914e+01
-1.914e+01
-1.914e+01
-1.914e+01
-1.914e+01
-1.914e+01
-1.914e+01
-1.914e+01
-1.914e+01
-1.914e+01
-1.914e+01
-1.914e+01
-1.914e+01
-1.914e+01
-1.915e+01
-1.568e+01
-2.343e+01
-1.897e+01
-1.924e+01
-1.919e+01
-1.919e+01
-1.919e+01
-1.919e+01
-1.919e+01
-1.919e+01
-1.919e+01
-1.919e+01
-1.919e+01
-1.919e+01
-1.919e+01
-1.919e+01
-1.919e+01
-1.919e+01
-1.919e+01
-1.919e+01
-1.920e+01
-1.572e+01
-2.343e+01
-1.896e+01
-1.924e+01
-1.918e+01
-1.919e+01
-1.919e+01
-1.919e+01
-1.919e+01
-1.919e+01
-1.919e+01
-1.919e+01
-1.919e+01
-1.919e+01
-1.919e+01
-1.919e+01
-1.919e+01
-1.919e+01
-1.919e+01
-1.919e+01
-1.918e+01
-1.572e+01
-2.343e+01
-1.896e+01
-1.924e+01
-1.918e+01
-1.919e+01
-1.919e+01
-1.919e+01
-1.919e+01
-1.919e+01
-1.919e+01
-1.919e+01
-1.919e+01
-1.919e+01
-1.919e+01
-1.919e+01
-1.919e+01
-1.919e+01
-1.919e+01
-1.919e+01
-1.918e+01
-1.572e+01
-2.343e+01
-1.896e+01
-1.924e+01
-1.918e+01
-1.919e+01
-1.919e+01
-1.919e+01
-1.919e+01
-1.919e+01
-1.919e+01
-1.919e+01
-1.919e+01
-1.919e+01
-1.919e+01
-1.919e+01
-1.919e+01
-1.919e+01
-1.919e+01
-1.919e+01
-1.918e+01
-1.572e+01
-2.343e+01
-1.896e+01
-1.924e+01
-1.918e+01
-1.919e+01
-1.919e+01
-1.919e+01
-1.919e+01
-1.919e+01
-1.919e+01
-1.919e+01
-1.919e+01
-1.919e+01
-1.919e+01
-1.919e+01
-1.919e+01
-1.919e+01
-1.919e+01
-1.919e+01
-1.918e+01
-1.572e+01
-2.345e+01
-1.896e+01
-1.924e+01
-1.918e+01
-1.918e+01
-1.918e+01
-1.918e+01
-1.918e+01
-1.918e+01
-1.918e+01
-1.918e+01
-1.918e+01
-1.918e+01
-1.918e+01
-1.918e+01
-1.918e+01
-1.918e+01
-1.918e+01
-1.918e+01
-1.919e+01
-1.572e+01
-1.879e+01
-1.545e+01
-1.576e+01
-1.571e+01
-1.572e+01
-1.572e+01
-1.572e+01
-1.572e+01
-1.572e+01
-1.572e+01
-1.572e+01
-1.572e+01
-1.572e+01
-1.572e+01
-1.572e+01
-1.572e+01
-1.572e+01
-1.572e+01
-1.572e+01
-1.572e+01
-1.455e+01
-3.413e+00
-3.359e+00
-3.359e+00
-3.359e+00
-3.359e+00
-3.359e+00
-3.359e+00
-3.359e+00
-3.359e+00
-3.359e+00
-3.359e+00
-3.359e+00
-3.359e+00
-3.359e+00
-3.359e+00
-3.359e+00
-3.359e+00
-3.359e+00
-3.359e+00
-3.362e+00
-3.272e+00
-3.359e+00
-3.268e+00
-3.268e+00
-3.268e+00
-3.268e+00
-3.268e+00
-3.268e+00
-3.268e+00
-3.268e+00
-3.268e+00
-3.268e+00
-3.268e+00
-3.268e+00
-3.268e+00
-3.268e+00
-3.268e+00
-3.268e+00
-3.268e+00
-3.268e+00
-3.271e+00
-3.195e+00
-3.359e+00
-3.268e+00
-3.268e+00
-3.268e+00
-3.268e+00
-3.268e+00
-3.268e+00
-3.268e+00
-3.268e+00
-3.268e+00
-3.268e+00
-3.268e+00
-3.268e+00
-3.268e+00
-3.268e+00
-3.268e+00
-3.268e+00
-3.268e+00
-3.268e+00
-3.271e+00
-3.195e+00
-3.359e+00
-3.268e+00
-3.268e+00
-3.268e+00
-3.268e+00
-3.268e+00
-3.268e+00
-3.268e+00
-3.268e+00
-3.268e+00
-3.268e+00
-3.268e+00
-3.268e+00
-3.268e+00
-3.268e+00
-3.268e+00
-3.268e+00
-3.268e+00
-3.268e+00
-3.271e+00
-3.195e+00
-3.359e+00
-3.268e+00
-3.268e+00
-3.268e+00
-3.268e+00
-3.268e+00
-3.268e+00
-3.268e+00
-3.268e+00
-3.268e+00
-3.268e+00
-3.268e+00
-3.268e+00
-3.268e+00
-3.268e+00
-3.268e+00
-3.268e+00
-3.268e+00
-3.268e+00
-3.271e+00
-3.195e+00
-3.359e+00
-3.268e+00
-3.268e+00
-3.268e+00
-3.268e+00
-3.268e+00
-3.268e+00
-3.268e+00
-3.268e+00
-3.268e+00
-3.268e+00
-3.268e+00
-3.268e+00
-3.268e+00
-3.268e+00
-3.268e+00
-3.268e+00
-3.268e+00
-3.268e+00
-3.271e+00
-3.195e+00
-3.359e+00
-3.268e+00
-3.268e+00
-3.268e+00
-3.268e+00
-3.268e+00
-3.268e+00
-3.268e+00
-3.268e+00
-3.268e+00
-3.268e+00
-3.268e+00
-3.268e+00
-3.268e+00
-3.268e+00
-3.268e+00
-3.268e+00
-3.268e+00
-3.268e+00
-3.271e+00
-3.195e+00
-3.359e+00
-3.268e+00
-3.268e+00
-3.268e+00
-3.268e+00
-3.268e+00
-3.268e+00
-3.268e+00
-3.268e+00
-3.268e+00
-3.268e+00
-3.268e+00
-3.268e+00
-3.268e+00
-3.268e+00
-3.268e+00
-3.268e+00
-3.268e+00
-3.268e+00
-3.271e+00
-3.195e+00
-3.361e+00
-3.269e+00
-3.269e+00
-3.269e+00
-3.269e+00
-3.269e+00
-3.269e+00
-3.269e+00
-3.269e+00
-3.269e+00
-3.269e+00
-3.269e+00
-3.269e+00
-3.269e+00
-3.269e+00
-3.269e+00
-3.269e+00
-3.269e+00
-3.269e+00
-3.272e+00
-3.195e+00
-3.371e+00
-3.275e+00
-3.275e+00
-3.275e+00
-3.275e+00
-3.275e+00
-3.275e+00
-3.275e+00
-3.275e+00
-3.275e+00
-3.275e+00
-3.275e+00
-3.275e+00
-3.275e+00
-3.275e+00
-3.275e+00
-3.275e+00
-3.275e+00
-3.275e+00
-3.276e+00
-3.196e+00
-1.985e+00
-2.233e+00
-2.223e+00
-2.223e+00
-2.223e+00
-2.223e+00
-2.223e+00
-2.223e+00
-2.223e+00
-2.223e+00
-2.223e+00
-2.223e+00
-2.223e+00
-2.223e+00
-2.223e+00
-2.223e+00
-2.223e+00
-2.223e+00
-2.223e+00
-2.220e+00
-2.407e+00
-1.935e+00
-2.008e+00
-2.002e+00
-2.002e+00
-2.002e+00
-2.002e+00
-2.002e+00
-2.002e+00
-2.002e+00
-2.002e+00
-2.002e+00
-2.002e+00
-2.002e+00
-2.002e+00
-2.002e+00
-2.002e+00
-2.002e+00
-2.002e+00
-2.002e+00
-2.002e+00
-2.044e+00
-1.946e+00
-2.033e+00
-2.033e+00
-2.033e+00
-2.033e+00
-2.033e+00
-2.033e+00
-2.033e+00
-2.033e+00
-2.033e+00
-2.033e+00
-2.033e+00
-2.033e+00
-2.033e+00
-2.033e+00
-2.033e+00
-2.033e+00
-2.033e+00
-2.033e+00
-2.033e+00
-2.082e+00
-1.944e+00
-2.029e+00
-2.028e+00
-2.028e+00
-2.028e+00
-2.028e+00
-2.028e+00
-2.028e+00
-2.028e+00
-2.028e+00
-2.028e+00
-2.028e+00
-2.028e+00
-2.028e+00
-2.028e+00
-2.028e+00
-2.028e+00
-2.028e+00
-2.028e+00
-2.028e+00
-2.075e+00
-1.944e+00
-2.030e+00
-2.029e+00
-2.028e+00
-2.028e+00
-2.028e+00
-2.028e+00
-2.028e+00
-2.028e+00
-2.028e+00
-2.028e+00
-2.028e+00
-2.028e+00
-2.028e+00
-2.028e+00
-2.028e+00
-2.028e+00
-2.028e+00
-2.028e+00
-2.029e+00
-2.076e+00
-1.944e+00
-2.030e+00
-2.029e+00
-2.028e+00
-2.028e+00
-2.028e+00
-2.028e+00
-2.028e+00
-2.028e+00
-2.028e+00
-2.028e+00
-2.028e+00
-2.028e+00
-2.028e+00
-2.028e+00
-2.028e+00
-2.028e+00
-2.028e+00
-2.028e+00
-2.028e+00
-2.076e+00
-1.944e+00
-2.030e+00
-2.029e+00
-2.028e+00
-2.028e+00
-2.028e+00
-2.028e+00
-2.028e+00
-2.028e+00
-2.028e+00
-2.028e+00
-2.028e+00
-2.028e+00
-2.028e+00
-2.028e+00
-2.028e+00
-2.028e+00
-2.028e+00
-2.028e+00
-2.028e+00
-2.076e+00
-1.944e+00
-2.030e+00
-2.029e+00
-2.028e+00
-2.028e+00
-2.028e+00
-2.028e+00
-2.028e+00
-2.028e+00
-2.028e+00
-2.028e+00
-2.028e+00
-2.028e+00
-2.028e+00
-2.028e+00
-2.028e+00
-2.028e+00
-2.028e+00
-2.028e+00
-2.028e+00
-2.076e+00
-1.944e+00
-2.030e+00
-2.029e+00
-2.028e+00
-2.028e+00
-2.028e+00
-2.028e+00
-2.028e+00
-2.028e+00
-2.028e+00
-2.028e+00
-2.028e+00
-2.028e+00
-2.028e+00
-2.028e+00
-2.028e+00
-2.028e+00
-2.028e+00
-2.028e+00
-2.028e+00
-2.076e+00
-1.945e+00
-2.030e+00
-2.029e+00
-2.028e+00
-2.028e+00
-2.028e+00
-2.028e+00
-2.028e+00
-2.028e+00
-2.028e+00
-2.028e+00
-2.028e+00
-2.028e+00
-2.028e+00
-2.028e+00
-2.028e+00
-2.028e+00
-2.028e+00
-2.028e+00
-2.029e+00
-2.076e+00
-2.030e+00
-2.076e+00
-2.077e+00
-2.076e+00
-2.076e+00
-2.076e+00
-2.076e+00
-2.076e+00
-2.076e+00
-2.076e+00
-2.076e+00
-2.076e+00
-2.076e+00
-2.076e+00
-2.076e+00
-2.076e+00
-2.076e+00
-2.076e+00
-2.076e+00
-2.076e+00
-2.091e+00
-3.179e+00
-3.146e+00
-3.146e+00
-3.146e+00
-3.146e+00
-3.146e+00
-3.146e+00
-3.146e+00
-3.146e+00
-3.146e+00
-3.146e+00
-3.146e+00
-3.146e+00
-3.146e+00
-3.146e+00
-3.146e+00
-3.146e+00
-3.146e+00
-3.146e+00
-3.146e+00
-3.085e+00
-3.146e+00
-3.085e+00
-3.085e+00
-3.085e+00
-3.085e+00
-3.085e+00
-3.085e+00
-3.085e+00
-3.085e+00
-3.085e+00
-3.085e+00
-3.085e+00
-3.085e+00
-3.085e+00
-3.085e+00
-3.085e+00
-3.085e+00
-3.085e+00
-3.085e+00
-3.085e+00
-3.029e+00
-3.146e+00
-3.085e+00
-3.085e+00
-3.085e+00
-3.085e+00
-3.085e+00
-3.085e+00
-3.085e+00
-3.085e+00
-3.085e+00
-3.085e+00
-3.085e+00
-3.085e+00
-3.085e+00
-3.085e+00
-3.085e+00
-3.085e+00
-3.085e+00
-3.085e+00
-3.085e+00
-3.029e+00
-3.146e+00
-3.085e+00
-3.085e+00
-3.085e+00
-3.085e+00
-3.085e+00
-3.085e+00
-3.085e+00
-3.085e+00
-3.085e+00
-3.085e+00
-3.085e+00
-3.085e+00
-3.085e+00
-3.085e+00
-3.085e+00
-3.085e+00
-3.085e+00
-3.085e+00
-3.085e+00
-3.029e+00
-3.146e+00
-3.085e+00
-3.085e+00
-3.085e+00
-3.085e+00
-3.085e+00
-3.085e+00
-3.085e+00
-3.085e+00
-3.085e+00
-3.085e+00
-3.085e+00
-3.085e+00
-3.085e+00
-3.085e+00
-3.085e+00
-3.085e+00
-3.085e+00
-3.085e+00
-3.085e+00
-3.029e+00
-3.146e+00
-3.085e+00
-3.085e+00
-3.085e+00
-3.085e+00
-3.085e+00
-3.085e+00
-3.085e+00
-3.085e+00
-3.085e+00
-3.085e+00
-3.085e+00
-3.085e+00
-3.085e+00
-3.085e+00
-3.085e+00
-3.085e+00
-3.085e+00
-3.085e+00
-3.085e+00
-3.029e+00
-3.146e+00
-3.085e+00
-3.085e+00
-3.085e+00
-3.085e+00
-3.085e+00
-3.085e+00
-3.085e+00
-3.085e+00
-3.085e+00
-3.085e+00
-3.085e+00
-3.085e+00
-3.085e+00
-3.085e+00
-3.085e+00
-3.085e+00
-3.085e+00
-3.085e+00
-3.085e+00
-3.029e+00
-3.146e+00
-3.085e+00
-3.085e+00
-3.085e+00
-3.085e+00
-3.085e+00
-3.085e+00
-3.085e+00
-3.085e+00
-3.085e+00
-3.085e+00
-3.085e+00
-3.085e+00
-3.085e+00
-3.085e+00
-3.085e+00
-3.085e+00
-3.085e+00
-3.085e+00
-3.085e+00
-3.029e+00
-3.146e+00
-3.085e+00
-3.085e+00
-3.085e+00
-3.085e+00
-3.085e+00
-3.085e+00
-3.085e+00
-3.085e+00
-3.085e+00
-3.085e+00
-3.085e+00
-3.085e+00
-3.085e+00
-3.085e+00
-3.085e+00
-3.085e+00
-3.085e+00
-3.085e+00
-3.085e+00
-3.029e+00
-3.145e+00
-3.085e+00
-3.085e+00
-3.085e+00
-3.085e+00
-3.085e+00
-3.085e+00
-3.085e+00
-3.085e+00
-3.085e+00
-3.085e+00
-3.085e+00
-3.085e+00
-3.085e+00
-3.085e+00
-3.085e+00
-3.085e+00
-3.085e+00
-3.085e+00
-3.085e+00
-3.028e+00
-2.032e+00
-2.028e+00
-2.028e+00
-2.028e+00
-2.028e+00
-2.028e+00
-2.028e+00
-2.028e+00
-2.028e+00
-2.028e+00
-2.028e+00
-2.028e+00
-2.028e+00
-2.028e+00
-2.028e+00
-2.028e+00
-2.028e+00
-2.028e+00
-2.028e+00
-2.028e+00
-2.023e+00
-2.031e+00
-2.026e+00
-2.026e+00
-2.026e+00
-2.026e+00
-2.026e+00
-2.026e+00
-2.026e+00
-2.026e+00
-2.026e+00
-2.026e+00
-2.026e+00
-2.026e+00
-2.026e+00
-2.026e+00
-2.026e+00
-2.026e+00
-2.026e+00
-2.026e+00
-2.026e+00
-2.022e+00
-2.031e+00
-2.027e+00
-2.027e+00
-2.027e+00
-2.027e+00
-2.027e+00
-2.027e+00
-2.027e+00
-2.027e+00
-2.027e+00
-2.027e+00
-2.027e+00
-2.027e+00
-2.027e+00
-2.027e+00
-2.027e+00
-2.027e+00
-2.027e+00
-2.027e+00
-2.027e+00
-2.022e+00
-2.031e+00
-2.027e+00
-2.027e+00
-2.027e+00
-2.027e+00
-2.027e+00
-2.027e+00
-2.027e+00
-2.027e+00
-2.027e+00
-2.027e+00
-2.027e+00
-2.027e+00
-2.027e+00
-2.027e+00
-2.027e+00
-2.027e+00
-2.027e+00
-2.027e+00
-2.027e+00
-2.022e+00
-2.031e+00
-2.027e+00
-2.027e+00
-2.027e+00
-2.027e+00
-2.027e+00
-2.027e+00
-2.027e+00
-2.027e+00
-2.027e+00
-2.027e+00
-2.027e+00
-2.027e+00
-2.027e+00
-2.027e+00
-2.027e+00
-2.027e+00
-2.027e+00
-2.027e+00
-2.027e+00
-2.022e+00
-2.031e+00
-2.027e+00
-2.027e+00
-2.027e+00
-2.027e+00
-2.027e+00
-2.027e+00
-2.027e+00
-2.027e+00
-2.027e+00
-2.027e+00
-2.027e+00
-2.027e+00
-2.027e+00
-2.027e+00
-2.027e+00
-2.027e+00
-2.027e+00
-2.027e+00
-2.027e+00
-2.022e+00
-2.031e+00
-2.027e+00
-2.027e+00
-2.027e+00
-2.027e+00
-2.027e+00
-2.027e+00
-2.027e+00
-2.027e+00
-2.027e+00
-2.027e+00
-2.027e+00
-2.027e+00
-2.027e+00
-2.027e+00
-2.027e+00
-2.027e+00
-2.027e+00
-2.027e+00
-2.027e+00
-2.022e+00
-2.031e+00
-2.027e+00
-2.027e+00
-2.027e+00
-2.027e+00
-2.027e+00
-2.027e+00
-2.027e+00
-2.027e+00
-2.027e+00
-2.027e+00
-2.027e+00
-2.027e+00
-2.027e+00
-2.027e+00
-2.027e+00
-2.027e+00
-2.027e+00
-2.027e+00
-2.027e+00
-2.022e+00
-2.031e+00
-2.027e+00
-2.027e+00
-2.027e+00
-2.027e+00
-2.027e+00
-2.027e+00
-2.027e+00
-2.027e+00
-2.027e+00
-2.027e+00
-2.027e+00
-2.027e+00
-2.027e+00
-2.027e+00
-2.027e+00
-2.027e+00
-2.027e+00
-2.027e+00
-2.027e+00
-2.022e+00
-2.031e+00
-2.027e+00
-2.027e+00
-2.027e+00
-2.027e+00
-2.027e+00
-2.027e+00
-2.027e+00
-2.027e+00
-2.027e+00
-2.027e+00
-2.027e+00
-2.027e+00
-2.027e+00
-2.027e+00
-2.027e+00
-2.027e+00
-2.027e+00
-2.027e+00
-2.027e+00
-2.022e+00
-2.027e+00
-2.022e+00
-2.022e+00
-2.022e+00
-2.022e+00
-2.022e+00
-2.022e+00
-2.022e+00
-2.022e+00
-2.022e+00
-2.022e+00
-2.022e+00
-2.022e+00
-2.022e+00
-2.022e+00
-2.022e+00
-2.022e+00
-2.022e+00
-2.022e+00
-2.022e+00
-2.020e+00
-2.861e+00
-2.860e+00
-2.860e+00
-2.860e+00
-2.860e+00
-2.860e+00
-2.860e+00
-2.860e+00
-2.860e+00
-2.860e+00
-2.860e+00
-2.860e+00
-2.860e+00
-2.860e+00
-2.860e+00
-2.860e+00
-2.860e+00
-2.860e+00
-2.860e+00
-2.860e+00
-2.856e+00
-2.860e+00
-2.856e+00
-2.856e+00
-2.856e+00
-2.856e+00
-2.856e+00
-2.856e+00
-2.856e+00
-2.856e+00
-2.856e+00
-2.856e+00
-2.856e+00
-2.856e+00
-2.856e+00
-2.856e+00
-2.856e+00
-2.856e+00
-2.856e+00
-2.856e+00
-2.856e+00
-2.853e+00
-2.860e+00
-2.856e+00
-2.856e+00
-2.856e+00
-2.856e+00
-2.856e+00
-2.856e+00
-2.856e+00
-2.856e+00
-2.856e+00
-2.856e+00
-2.856e+00
-2.856e+00
-2.856e+00
-2.856e+00
-2.856e+00
-2.856e+00
-2.856e+00
-2.856e+00
-2.856e+00
-2.853e+00
-2.860e+00
-2.856e+00
-2.856e+00
-2.856e+00
-2.856e+00
-2.856e+00
-2.856e+00
-2.856e+00
-2.856e+00
-2.856e+00
-2.856e+00
-2.856e+00
-2.856e+00
-2.856e+00
-2.856e+00
-2.856e+00
-2.856e+00
-2.856e+00
-2.856e+00
-2.856e+00
-2.853e+00
-2.860e+00
-2.856e+00
-2.856e+00
-2.856e+00
-2.856e+00
-2.856e+00
-2.856e+00
-2.856e+00
-2.856e+00
-2.856e+00
-2.856e+00
-2.856e+00
-2.856e+00
-2.856e+00
-2.856e+00
-2.856e+00
-2.856e+00
-2.856e+00
-2.856e+00
-2.856e+00
-2.853e+00
-2.860e+00
-2.856e+00
-2.856e+00
-2.856e+00
-2.856e+00
-2.856e+00
-2.856e+00
-2.856e+00
-2.856e+00
-2.856e+00
-2.856e+00
-2.856e+00
-2.856e+00
-2.856e+00
-2.856e+00
-2.856e+00
-2.856e+00
-2.856e+00
-2.856e+00
-2.856e+00
-2.853e+00
-2.860e+00
-2.856e+00
-2.856e+00
-2.856e+00
-2.856e+00
-2.856e+00
-2.856e+00
-2.856e+00
-2.856e+00
-2.856e+00
-2.856e+00
-2.856e+00
-2.856e+00
-2.856e+00
-2.856e+00
-2.856e+00
-2.856e+00
-2.856e+00
-2.856e+00
-2.856e+00
-2.853e+00
-2.860e+00
-2.856e+00
-2.856e+00
-2.856e+00
-2.856e+00
-2.856e+00
-2.856e+00
-2.856e+00
-2.856e+00
-2.856e+00
-2.856e+00
-2.856e+00
-2.856e+00
-2.856e+00
-2.856e+00
-2.856e+00
-2.856e+00
-2.856e+00
-2.856e+00
-2.856e+00
-2.853e+00
-2.860e+00
-2.856e+00
-2.856e+00
-2.856e+00
-2.856e+00
-2.856e+00
-2.856e+00
-2.856e+00
-2.856e+00
-2.856e+00
-2.856e+00
-2.856e+00
-2.856e+00
-2.856e+00
-2.856e+00
-2.856e+00
-2.856e+00
-2.856e+00
-2.856e+00
-2.856e+00
-2.853e+00
-2.861e+00
-2.856e+00
-2.856e+00
-2.856e+00
-2.856e+00
-2.856e+00
-2.856e+00
-2.856e+00
-2.856e+00
-2.856e+00
-2.856e+00
-2.856e+00
-2.856e+00
-2.856e+00
-2.856e+00
-2.856e+00
-2.856e+00
-2.856e+00
-2.856e+00
-2.856e+00
-2.853e+00
-1.994e+00
-1.994e+00
-1.994e+00
-1.994e+00
-1.994e+00
-1.994e+00
-1.994e+00
-1.994e+00
-1.994e+00
-1.994e+00
-1.994e+00
-1.994e+00
-1.994e+00
-1.994e+00
-1.994e+00
-1.994e+00
-1.994e+00
-1.994e+00
-1.994e+00
-1.994e+00
-1.994e+00
-1.994e+00
-1.994e+00
-1.994e+00
-1.994e+00
-1.994e+00
-1.994e+00
-1.994e+00
-1.994e+00
-1.994e+00
-1.994e+00
-1.994e+00
-1.994e+00
-1.994e+00
-1.994e+00
-1.994e+00
-1.994e+00
-1.994e+00
-1.994e+00
-1.994e+00
-1.994e+00
-1.994e+00
-1.994e+00
-1.994e+00
-1.994e+00
-1.994e+00
-1.994e+00
-1.994e+00
-1.994e+00
-1.994e+00
-1.994e+00
-1.994e+00
-1.994e+00
-1.994e+00
-1.994e+00
-1.994e+00
-1.994e+00
-1.994e+00
-1.994e+00
-1.994e+00
-1.994e+00
-1.994e+00
-1.994e+00
-1.994e+00
-1.994e+00
-1.994e+00
-1.994e+00
-1.994e+00
-1.994e+00
-1.994e+00
-1.994e+00
-1.994e+00
-1.994e+00
-1.994e+00
-1.994e+00
-1.994e+00
-1.994e+00
-1.994e+00
-1.994e+00
-1.994e+00
-1.994e+00
-1.994e+00
-1.994e+00
-1.994e+00
-1.994e+00
-1.994e+00
-1.994e+00
-1.994e+00
-1.994e+00
-1.994e+00
-1.994e+00
-1.994e+00
-1.994e+00
-1.994e+00
-1.994e+00
-1.994e+00
-1.994e+00
-1.994e+00
-1.994e+00
-1.994e+00
-1.994e+00
-1.994e+00
-1.994e+00
-1.994e+00
-1.994e+00
-1.994e+00
-1.994e+00
-1.994e+00
-1.994e+00
-1.994e+00
-1.994e+00
-1.994e+00
-1.994e+00
-1.994e+00
-1.994e+00
-1.994e+00
-1.994e+00
-1.994e+00
-1.994e+00
-1.994e+00
-1.994e+00
-1.994e+00
-1.994e+00
-1.994e+00
-1.994e+00
-1.994e+00
-1.994e+00
-1.994e+00
-1.994e+00
-1.994e+00
-1.994e+00
-1.994e+00
-1.994e+00
-1.994e+00
-1.994e+00
-1.994e+00
-1.994e+00
-1.994e+00
-1.994e+00
-1.994e+00
-1.994e+00
-1.994e+00
-1.994e+00
-1.994e+00
-1.994e+00
-1.994e+00
-1.994e+00
-1.994e+00
-1.994e+00
-1.994e+00
-1.994e+00
-1.994e+00
-1.994e+00
-1.994e+00
-1.994e+00
-1.994e+00
-1.994e+00
-1.994e+00
-1.994e+00
-1.994e+00
-1.994e+00
-1.994e+00
-1.994e+00
-1.994e+00
-1.994e+00
-1.994e+00
-1.994e+00
-1.994e+00
-1.994e+00
-1.994e+00
-1.994e+00
-1.994e+00
-1.994e+00
-1.994e+00
-1.994e+00
-1.994e+00
-1.994e+00
-1.994e+00
-1.994e+00
-1.994e+00
-1.994e+00
-1.994e+00
-1.994e+00
-1.994e+00
-1.994e+00
-1.994e+00
-1.994e+00
-1.994e+00
-1.994e+00
-1.994e+00
-1.994e+00
-1.994e+00
-1.994e+00
-1.994e+00
-1.994e+00
-1.994e+00
-1.994e+00
-1.994e+00
-1.994e+00
-1.994e+00
-1.994e+00
-1.994e+00
-1.994e+00
-1.994e+00
-1.994e+00
-1.994e+00
-1.994e+00
-1.994e+00
-1.994e+00
-1.994e+00
-1.994e+00
-1.994e+00
-1.994e+00
-1.994e+00
-1.994e+00
-1.994e+00
-1.994e+00
-1.994e+00
-1.994e+00
-1.994e+00
-1.994e+00
-1.994e+00
-1.994e+00
-1.994e+00
-1.994e+00
-1.994e+00
-1.994e+00
-1.994e+00
-1.994e+00
-1.994e+00
-1.994e+00
-2.873e+00
-2.792e+00
-2.792e+00
-2.792e+00
-2.792e+00
-2.792e+00
-2.792e+00
-2.792e+00
-2.792e+00
-2.792e+00
-2.792e+00
-2.792e+00
-2.792e+00
-2.792e+00
-2.792e+00
-2.792e+00
-2.792e+00
-2.792e+00
-2.792e+00
-2.792e+00
-2.664e+00
-2.792e+00
-2.664e+00
-2.664e+00
-2.664e+00
-2.664e+00
-2.664e+00
-2.664e+00
-2.664e+00
-2.664e+00
-2.664e+00
-2.664e+00
-2.664e+00
-2.664e+00
-2.664e+00
-2.664e+00
-2.664e+00
-2.664e+00
-2.664e+00
-2.664e+00
-2.664e+00
-2.566e+00
-2.792e+00
-2.664e+00
-2.664e+00
-2.664e+00
-2.664e+00
-2.664e+00
-2.664e+00
-2.664e+00
-2.664e+00
-2.664e+00
-2.664e+00
-2.664e+00
-2.664e+00
-2.664e+00
-2.664e+00
-2.664e+00
-2.664e+00
-2.664e+00
-2.664e+00
-2.664e+00
-2.568e+00
-2.792e+00
-2.664e+00
-2.664e+00
-2.664e+00
-2.664e+00
-2.664e+00
-2.664e+00
-2.664e+00
-2.664e+00
-2.664e+00
-2.664e+00
-2.664e+00
-2.664e+00
-2.664e+00
-2.664e+00
-2.664e+00
-2.664e+00
-2.664e+00
-2.664e+00
-2.664e+00
-2.568e+00
-2.792e+00
-2.664e+00
-2.664e+00
-2.664e+00
-2.664e+00
-2.664e+00
-2.664e+00
-2.664e+00
-2.664e+00
-2.664e+00
-2.664e+00
-2.664e+00
-2.664e+00
-2.664e+00
-2.664e+00
-2.664e+00
-2.664e+00
-2.664e+00
-2.664e+00
-2.664e+00
-2.568e+00
-2.792e+00
-2.664e+00
-2.664e+00
-2.664e+00
-2.664e+00
-2.664e+00
-2.664e+00
-2.664e+00
-2.664e+00
-2.664e+00
-2.664e+00
-2.664e+00
-2.664e+00
-2.664e+00
-2.664e+00
-2.664e+00
-2.664e+00
-2.664e+00
-2.664e+00
-2.664e+00
-2.568e+00
-2.792e+00
-2.664e+00
-2.664e+00
-2.664e+00
-2.664e+00
-2.664e+00
-2.664e+00
-2.664e+00
-2.664e+00
-2.664e+00
-2.664e+00
-2.664e+00
-2.664e+00
-2.664e+00
-2.664e+00
-2.664e+00
-2.664e+00
-2.664e+00
-2.664e+00
-2.664e+00
-2.568e+00
-2.792e+00
-2.664e+00
-2.664e+00
-2.664e+00
-2.664e+00
-2.664e+00
-2.664e+00
-2.664e+00
-2.664e+00
-2.664e+00
-2.664e+00
-2.664e+00
-2.664e+00
-2.664e+00
-2.664e+00
-2.664e+00
-2.664e+00
-2.664e+00
-2.664e+00
-2.664e+00
-2.568e+00
-2.792e+00
-2.664e+00
-2.664e+00
-2.664e+00
-2.664e+00
-2.664e+00
-2.664e+00
-2.664e+00
-2.664e+00
-2.664e+00
-2.664e+00
-2.664e+00
-2.664e+00
-2.664e+00
-2.664e+00
-2.664e+00
-2.664e+00
-2.664e+00
-2.664e+00
-2.664e+00
-2.568e+00
-2.791e+00
-2.664e+00
-2.664e+00
-2.664e+00
-2.664e+00
-2.664e+00
-2.664e+00
-2.664e+00
-2.664e+00
-2.664e+00
-2.664e+00
-2.664e+00
-2.664e+00
-2.664e+00
-2.664e+00
-2.664e+00
-2.664e+00
-2.664e+00
-2.664e+00
-2.664e+00
-2.568e+00
-1.953e+00
-1.943e+00
-1.943e+00
-1.943e+00
-1.943e+00
-1.943e+00
-1.943e+00
-1.943e+00
-1.943e+00
-1.943e+00
-1.943e+00
-1.943e+00
-1.943e+00
-1.943e+00
-1.943e+00
-1.943e+00
-1.943e+00
-1.943e+00
-1.943e+00
-1.943e+00
-1.935e+00
-1.953e+00
-1.943e+00
-1.943e+00
-1.943e+00
-1.943e+00
-1.943e+00
-1.943e+00
-1.943e+00
-1.943e+00
-1.943e+00
-1.943e+00
-1.943e+00
-1.943e+00
-1.943e+00
-1.943e+00
-1.943e+00
-1.943e+00
-1.943e+00
-1.943e+00
-1.943e+00
-1.935e+00
-1.953e+00
-1.943e+00
-1.943e+00
-1.943e+00
-1.943e+00
-1.943e+00
-1.943e+00
-1.943e+00
-1.943e+00
-1.943e+00
-1.943e+00
-1.943e+00
-1.943e+00
-1.943e+00
-1.943e+00
-1.943e+00
-1.943e+00
-1.943e+00
-1.943e+00
-1.943e+00
-1.935e+00
-1.953e+00
-1.943e+00
-1.943e+00
-1.943e+00
-1.943e+00
-1.943e+00
-1.943e+00
-1.943e+00
-1.943e+00
-1.943e+00
-1.943e+00
-1.943e+00
-1.943e+00
-1.943e+00
-1.943e+00
-1.943e+00
-1.943e+00
-1.943e+00
-1.943e+00
-1.943e+00
-1.935e+00
-1.953e+00
-1.943e+00
-1.943e+00
-1.943e+00
-1.943e+00
-1.943e+00
-1.943e+00
-1.943e+00
-1.943e+00
-1.943e+00
-1.943e+00
-1.943e+00
-1.943e+00
-1.943e+00
-1.943e+00
-1.943e+00
-1.943e+00
-1.943e+00
-1.943e+00
-1.943e+00
-1.935e+00
-1.953e+00
-1.943e+00
-1.943e+00
-1.943e+00
-1.943e+00
-1.943e+00
-1.943e+00
-1.943e+00
-1.943e+00
-1.943e+00
-1.943e+00
-1.943e+00
-1.943e+00
-1.943e+00
-1.943e+00
-1.943e+00
-1.943e+00
-1.943e+00
-1.943e+00
-1.943e+00
-1.935e+00
-1.953e+00
-1.943e+00
-1.943e+00
-1.943e+00
-1.943e+00
-1.943e+00
-1.943e+00
-1.943e+00
-1.943e+00
-1.943e+00
-1.943e+00
-1.943e+00
-1.943e+00
-1.943e+00
-1.943e+00
-1.943e+00
-1.943e+00
-1.943e+00
-1.943e+00
-1.943e+00
-1.935e+00
-1.953e+00
-1.943e+00
-1.943e+00
-1.943e+00
-1.943e+00
-1.943e+00
-1.943e+00
-1.943e+00
-1.943e+00
-1.943e+00
-1.943e+00
-1.943e+00
-1.943e+00
-1.943e+00
-1.943e+00
-1.943e+00
-1.943e+00
-1.943e+00
-1.943e+00
-1.943e+00
-1.935e+00
-1.953e+00
-1.943e+00
-1.943e+00
-1.943e+00
-1.943e+00
-1.943e+00
-1.943e+00
-1.943e+00
-1.943e+00
-1.943e+00
-1.943e+00
-1.943e+00
-1.943e+00
-1.943e+00
-1.943e+00
-1.943e+00
-1.943e+00
-1.943e+00
-1.943e+00
-1.943e+00
-1.935e+00
-1.953e+00
-1.943e+00
-1.943e+00
-1.943e+00
-1.943e+00
-1.943e+00
-1.943e+00
-1.943e+00
-1.943e+00
-1.943e+00
-1.943e+00
-1.943e+00
-1.943e+00
-1.943e+00
-1.943e+00
-1.943e+00
-1.943e+00
-1.943e+00
-1.943e+00
-1.943e+00
-1.935e+00
-1.943e+00
-1.935e+00
-1.935e+00
-1.935e+00
-1.935e+00
-1.935e+00
-1.935e+00
-1.935e+00
-1.935e+00
-1.935e+00
-1.935e+00
-1.935e+00
-1.935e+00
-1.935e+00
-1.935e+00
-1.935e+00
-1.935e+00
-1.935e+00
-1.935e+00
-1.935e+00
-1.932e+00
-2.357e+00
-2.357e+00
-2.357e+00
-2.357e+00
-2.357e+00
-2.357e+00
-2.357e+00
-2.357e+00
-2.357e+00
-2.357e+00
-2.357e+00
-2.357e+00
-2.357e+00
-2.357e+00
-2.357e+00
-2.357e+00
-2.357e+00
-2.357e+00
-2.357e+00
-2.357e+00
-2.356e+00
-2.357e+00
-2.356e+00
-2.356e+00
-2.356e+00
-2.356e+00
-2.356e+00
-2.356e+00
-2.356e+00
-2.356e+00
-2.356e+00
-2.356e+00
-2.356e+00
-2.356e+00
-2.356e+00
-2.356e+00
-2.356e+00
-2.356e+00
-2.356e+00
-2.356e+00
-2.356e+00
-2.354e+00
-2.357e+00
-2.356e+00
-2.356e+00
-2.356e+00
-2.356e+00
-2.356e+00
-2.356e+00
-2.356e+00
-2.356e+00
-2.356e+00
-2.356e+00
-2.356e+00
-2.356e+00
-2.356e+00
-2.356e+00
-2.356e+00
-2.356e+00
-2.356e+00
-2.356e+00
-2.356e+00
-2.354e+00
-2.357e+00
-2.356e+00
-2.356e+00
-2.356e+00
-2.356e+00
-2.356e+00
-2.356e+00
-2.356e+00
-2.356e+00
-2.356e+00
-2.356e+00
-2.356e+00
-2.356e+00
-2.356e+00
-2.356e+00
-2.356e+00
-2.356e+00
-2.356e+00
-2.356e+00
-2.356e+00
-2.354e+00
-2.357e+00
-2.356e+00
-2.356e+00
-2.356e+00
-2.356e+00
-2.356e+00
-2.356e+00
-2.356e+00
-2.356e+00
-2.356e+00
-2.356e+00
-2.356e+00
-2.356e+00
-2.356e+00
-2.356e+00
-2.356e+00
-2.356e+00
-2.356e+00
-2.356e+00
-2.356e+00
-2.354e+00
-2.357e+00
-2.356e+00
-2.356e+00
-2.356e+00
-2.356e+00
-2.356e+00
-2.356e+00
-2.356e+00
-2.356e+00
-2.356e+00
-2.356e+00
-2.356e+00
-2.356e+00
-2.356e+00
-2.356e+00
-2.356e+00
-2.356e+00
-2.356e+00
-2.356e+00
-2.356e+00
-2.354e+00
-2.357e+00
-2.356e+00
-2.356e+00
-2.356e+00
-2.356e+00
-2.356e+00
-2.356e+00
-2.356e+00
-2.356e+00
-2.356e+00
-2.356e+00
-2.356e+00
-2.356e+00
-2.356e+00
-2.356e+00
-2.356e+00
-2.356e+00
-2.356e+00
-2.356e+00
-2.356e+00
-2.354e+00
-2.357e+00
-2.356e+00
-2.356e+00
-2.356e+00
-2.356e+00
-2.356e+00
-2.356e+00
-2.356e+00
-2.356e+00
-2.356e+00
-2.356e+00
-2.356e+00
-2.356e+00
-2.356e+00
-2.356e+00
-2.356e+00
-2.356e+00
-2.356e+00
-2.356e+00
-2.356e+00
-2.354e+00
-2.357e+00
-2.356e+00
-2.356e+00
-2.356e+00
-2.356e+00
-2.356e+00
-2.356e+00
-2.356e+00
-2.356e+00
-2.356e+00
-2.356e+00
-2.356e+00
-2.356e+00
-2.356e+00
-2.356e+00
-2.356e+00
-2.356e+00
-2.356e+00
-2.356e+00
-2.356e+00
-2.354e+00
-2.357e+00
-2.356e+00
-2.356e+00
-2.356e+00
-2.356e+00
-2.356e+00
-2.356e+00
-2.356e+00
-2.356e+00
-2.356e+00
-2.356e+00
-2.356e+00
-2.356e+00
-2.356e+00
-2.356e+00
-2.356e+00
-2.356e+00
-2.356e+00
-2.356e+00
-2.356e+00
-2.354e+00
-1.854e+00
-1.854e+00
-1.854e+00
-1.854e+00
-1.854e+00
-1.854e+00
-1.854e+00
-1.854e+00
-1.854e+00
-1.854e+00
-1.854e+00
-1.854e+00
-1.854e+00
-1.854e+00
-1.854e+00
-1.854e+00
-1.854e+00
-1.854e+00
-1.854e+00
-1.854e+00
-1.854e+00
-1.854e+00
-1.854e+00
-1.854e+00
-1.854e+00
-1.854e+00
-1.854e+00
-1.854e+00
-1.854e+00
-1.854e+00
-1.854e+00
-1.854e+00
-1.854e+00
-1.854e+00
-1.854e+00
-1.854e+00
-1.854e+00
-1.854e+00
-1.854e+00
-1.854e+00
-1.854e+00
-1.853e+00
-1.854e+00
-1.854e+00
-1.854e+00
-1.854e+00
-1.854e+00
-1.854e+00
-1.854e+00
-1.854e+00
-1.854e+00
-1.854e+00
-1.854e+00
-1.854e+00
-1.854e+00
-1.854e+00
-1.854e+00
-1.854e+00
-1.854e+00
-1.854e+00
-1.854e+00
-1.854e+00
-1.853e+00
-1.854e+00
-1.854e+00
-1.854e+00
-1.854e+00
-1.854e+00
-1.854e+00
-1.854e+00
-1.854e+00
-1.854e+00
-1.854e+00
-1.854e+00
-1.854e+00
-1.854e+00
-1.854e+00
-1.854e+00
-1.854e+00
-1.854e+00
-1.854e+00
-1.854e+00
-1.854e+00
-1.853e+00
-1.854e+00
-1.854e+00
-1.854e+00
-1.854e+00
-1.854e+00
-1.854e+00
-1.854e+00
-1.854e+00
-1.854e+00
-1.854e+00
-1.854e+00
-1.854e+00
-1.854e+00
-1.854e+00
-1.854e+00
-1.854e+00
-1.854e+00
-1.854e+00
-1.854e+00
-1.854e+00
-1.853e+00
-1.854e+00
-1.854e+00
-1.854e+00
-1.854e+00
-1.854e+00
-1.854e+00
-1.854e+00
-1.854e+00
-1.854e+00
-1.854e+00
-1.854e+00
-1.854e+00
-1.854e+00
-1.854e+00
-1.854e+00
-1.854e+00
-1.854e+00
-1.854e+00
-1.854e+00
-1.854e+00
-1.853e+00
-1.854e+00
-1.854e+00
-1.854e+00
-1.854e+00
-1.854e+00
-1.854e+00
-1.854e+00
-1.854e+00
-1.854e+00
-1.854e+00
-1.854e+00
-1.854e+00
-1.854e+00
-1.854e+00
-1.854e+00
-1.854e+00
-1.854e+00
-1.854e+00
-1.854e+00
-1.854e+00
-1.853e+00
-1.854e+00
-1.854e+00
-1.854e+00
-1.854e+00
-1.854e+00
-1.854e+00
-1.854e+00
-1.854e+00
-1.854e+00
-1.854e+00
-1.854e+00
-1.854e+00
-1.854e+00
-1.854e+00
-1.854e+00
-1.854e+00
-1.854e+00
-1.854e+00
-1.854e+00
-1.854e+00
-1.853e+00
-1.854e+00
-1.854e+00
-1.854e+00
-1.854e+00
-1.854e+00
-1.854e+00
-1.854e+00
-1.854e+00
-1.854e+00
-1.854e+00
-1.854e+00
-1.854e+00
-1.854e+00
-1.854e+00
-1.854e+00
-1.854e+00
-1.854e+00
-1.854e+00
-1.854e+00
-1.854e+00
-1.853e+00
-1.854e+00
-1.854e+00
-1.854e+00
-1.854e+00
-1.854e+00
-1.854e+00
-1.854e+00
-1.854e+00
-1.854e+00
-1.854e+00
-1.854e+00
-1.854e+00
-1.854e+00
-1.854e+00
-1.854e+00
-1.854e+00
-1.854e+00
-1.854e+00
-1.854e+00
-1.854e+00
-1.853e+00
-1.854e+00
-1.853e+00
-1.853e+00
-1.853e+00
-1.853e+00
-1.853e+00
-1.853e+00
-1.853e+00
-1.853e+00
-1.853e+00
-1.853e+00
-1.853e+00
-1.853e+00
-1.853e+00
-1.853e+00
-1.853e+00
-1.853e+00
-1.853e+00
-1.853e+00
-1.853e+00
-1.853e+00
-2.238e+00
-2.191e+00
-2.191e+00
-2.191e+00
-2.191e+00
-2.191e+00
-2.191e+00
-2.191e+00
-2.191e+00
-2.191e+00
-2.191e+00
-2.191e+00
-2.191e+00
-2.191e+00
-2.191e+00
-2.191e+00
-2.191e+00
-2.191e+00
-2.191e+00
-2.191e+00
-2.121e+00
-2.191e+00
-2.121e+00
-2.121e+00
-2.121e+00
-2.121e+00
-2.121e+00
-2.121e+00
-2.121e+00
-2.121e+00
-2.121e+00
-2.121e+00
-2.121e+00
-2.121e+00
-2.121e+00
-2.121e+00
-2.121e+00
-2.121e+00
-2.121e+00
-2.121e+00
-2.121e+00
-2.071e+00
-2.191e+00
-2.121e+00
-2.121e+00
-2.121e+00
-2.121e+00
-2.121e+00
-2.121e+00
-2.121e+00
-2.121e+00
-2.121e+00
-2.121e+00
-2.121e+00
-2.121e+00
-2.121e+00
-2.121e+00
-2.121e+00
-2.121e+00
-2.121e+00
-2.121e+00
-2.121e+00
-2.071e+00
-2.191e+00
-2.121e+00
-2.121e+00
-2.121e+00
-2.121e+00
-2.121e+00
-2.121e+00
-2.121e+00
-2.121e+00
-2.121e+00
-2.121e+00
-2.121e+00
-2.121e+00
-2.121e+00
-2.121e+00
-2.121e+00
-2.121e+00
-2.121e+00
-2.121e+00
-2.121e+00
-2.071e+00
-2.191e+00
-2.121e+00
-2.121e+00
-2.121e+00
-2.121e+00
-2.121e+00
-2.121e+00
-2.121e+00
-2.121e+00
-2.121e+00
-2.121e+00
-2.121e+00
-2.121e+00
-2.121e+00
-2.121e+00
-2.121e+00
-2.121e+00
-2.121e+00
-2.121e+00
-2.121e+00
-2.071e+00
-2.191e+00
-2.121e+00
-2.121e+00
-2.121e+00
-2.121e+00
-2.121e+00
-2.121e+00
-2.121e+00
-2.121e+00
-2.121e+00
-2.121e+00
-2.121e+00
-2.121e+00
-2.121e+00
-2.121e+00
-2.121e+00
-2.121e+00
-2.121e+00
-2.121e+00
-2.121e+00
-2.071e+00
-2.191e+00
-2.121e+00
-2.121e+00
-2.121e+00
-2.121e+00
-2.121e+00
-2.121e+00
-2.121e+00
-2.121e+00
-2.121e+00
-2.121e+00
-2.121e+00
-2.121e+00
-2.121e+00
-2.121e+00
-2.121e+00
-2.121e+00
-2.121e+00
-2.121e+00
-2.121e+00
-2.071e+00
-2.191e+00
-2.121e+00
-2.121e+00
-2.121e+00
-2.121e+00
-2.121e+00
-2.121e+00
-2.121e+00
-2.121e+00
-2.121e+00
-2.121e+00
-2.121e+00
-2.121e+00
-2.121e+00
-2.121e+00
-2.121e+00
-2.121e+00
-2.121e+00
-2.121e+00
-2.121e+00
-2.071e+00
-2.191e+00
-2.121e+00
-2.121e+00
-2.121e+00
-2.121e+00
-2.121e+00
-2.121e+00
-2.121e+00
-2.121e+00
-2.121e+00
-2.121e+00
-2.121e+00
-2.121e+00
-2.121e+00
-2.121e+00
-2.121e+00
-2.121e+00
-2.121e+00
-2.121e+00
-2.121e+00
-2.071e+00
-2.191e+00
-2.121e+00
-2.121e+00
-2.121e+00
-2.121e+00
-2.121e+00
-2.121e+00
-2.121e+00
-2.121e+00
-2.121e+00
-2.121e+00
-2.121e+00
-2.121e+00
-2.121e+00
-2.121e+00
-2.121e+00
-2.121e+00
-2.121e+00
-2.121e+00
-2.121e+00
-2.071e+00
-1.783e+00
-1.779e+00
-1.779e+00
-1.779e+00
-1.779e+00
-1.779e+00
-1.779e+00
-1.779e+00
-1.779e+00
-1.779e+00
-1.779e+00
-1.779e+00
-1.779e+00
-1.779e+00
-1.779e+00
-1.779e+00
-1.779e+00
-1.779e+00
-1.779e+00
-1.779e+00
-1.777e+00
-1.783e+00
-1.779e+00
-1.779e+00
-1.779e+00
-1.779e+00
-1.779e+00
-1.779e+00
-1.779e+00
-1.779e+00
-1.779e+00
-1.779e+00
-1.779e+00
-1.779e+00
-1.779e+00
-1.779e+00
-1.779e+00
-1.779e+00
-1.779e+00
-1.779e+00
-1.779e+00
-1.777e+00
-1.783e+00
-1.779e+00
-1.779e+00
-1.779e+00
-1.779e+00
-1.779e+00
-1.779e+00
-1.779e+00
-1.779e+00
-1.779e+00
-1.779e+00
-1.779e+00
-1.779e+00
-1.779e+00
-1.779e+00
-1.779e+00
-1.779e+00
-1.779e+00
-1.779e+00
-1.779e+00
-1.777e+00
-1.783e+00
-1.779e+00
-1.779e+00
-1.779e+00
-1.779e+00
-1.779e+00
-1.779e+00
-1.779e+00
-1.779e+00
-1.779e+00
-1.779e+00
-1.779e+00
-1.779e+00
-1.779e+00
-1.779e+00
-1.779e+00
-1.779e+00
-1.779e+00
-1.779e+00
-1.779e+00
-1.777e+00
-1.783e+00
-1.779e+00
-1.779e+00
-1.779e+00
-1.779e+00
-1.779e+00
-1.779e+00
-1.779e+00
-1.779e+00
-1.779e+00
-1.779e+00
-1.779e+00
-1.779e+00
-1.779e+00
-1.779e+00
-1.779e+00
-1.779e+00
-1.779e+00
-1.779e+00
-1.779e+00
-1.777e+00
-1.783e+00
-1.779e+00
-1.779e+00
-1.779e+00
-1.779e+00
-1.779e+00
-1.779e+00
-1.779e+00
-1.779e+00
-1.779e+00
-1.779e+00
-1.779e+00
-1.779e+00
-1.779e+00
-1.779e+00
-1.779e+00
-1.779e+00
-1.779e+00
-1.779e+00
-1.779e+00
-1.777e+00
-1.783e+00
-1.779e+00
-1.779e+00
-1.779e+00
-1.779e+00
-1.779e+00
-1.779e+00
-1.779e+00
-1.779e+00
-1.779e+00
-1.779e+00
-1.779e+00
-1.779e+00
-1.779e+00
-1.779e+00
-1.779e+00
-1.779e+00
-1.779e+00
-1.779e+00
-1.779e+00
-1.777e+00
-1.783e+00
-1.779e+00
-1.779e+00
-1.779e+00
-1.779e+00
-1.779e+00
-1.779e+00
-1.779e+00
-1.779e+00
-1.779e+00
-1.779e+00
-1.779e+00
-1.779e+00
-1.779e+00
-1.779e+00
-1.779e+00
-1.779e+00
-1.779e+00
-1.779e+00
-1.779e+00
-1.777e+00
-1.783e+00
-1.779e+00
-1.779e+00
-1.779e+00
-1.779e+00
-1.779e+00
-1.779e+00
-1.779e+00
-1.779e+00
-1.779e+00
-1.779e+00
-1.779e+00
-1.779e+00
-1.779e+00
-1.779e+00
-1.779e+00
-1.779e+00
-1.779e+00
-1.779e+00
-1.779e+00
-1.777e+00
-1.783e+00
-1.779e+00
-1.779e+00
-1.779e+00
-1.779e+00
-1.779e+00
-1.779e+00
-1.779e+00
-1.779e+00
-1.779e+00
-1.779e+00
-1.779e+00
-1.779e+00
-1.779e+00
-1.779e+00
-1.779e+00
-1.779e+00
-1.779e+00
-1.779e+00
-1.779e+00
-1.777e+00
-1.779e+00
-1.777e+00
-1.777e+00
-1.777e+00
-1.777e+00
-1.777e+00
-1.777e+00
-1.777e+00
-1.777e+00
-1.777e+00
-1.777e+00
-1.777e+00
-1.777e+00
-1.777e+00
-1.777e+00
-1.777e+00
-1.777e+00
-1.777e+00
-1.777e+00
-1.777e+00
-1.775e+00
-1.723e+00
-1.723e+00
-1.723e+00
-1.723e+00
-1.723e+00
-1.723e+00
-1.723e+00
-1.723e+00
-1.723e+00
-1.723e+00
-1.723e+00
-1.723e+00
-1.723e+00
-1.723e+00
-1.723e+00
-1.723e+00
-1.723e+00
-1.723e+00
-1.723e+00
-1.723e+00
-1.723e+00
-1.723e+00
-1.723e+00
-1.723e+00
-1.723e+00
-1.723e+00
-1.723e+00
-1.723e+00
-1.723e+00
-1.723e+00
-1.723e+00
-1.723e+00
-1.723e+00
-1.723e+00
-1.723e+00
-1.723e+00
-1.723e+00
-1.723e+00
-1.723e+00
-1.723e+00
-1.723e+00
-1.723e+00
-1.723e+00
-1.723e+00
-1.723e+00
-1.723e+00
-1.723e+00
-1.723e+00
-1.723e+00
-1.723e+00
-1.723e+00
-1.723e+00
-1.723e+00
-1.723e+00
-1.723e+00
-1.723e+00
-1.723e+00
-1.723e+00
-1.723e+00
-1.723e+00
-1.723e+00
-1.723e+00
-1.723e+00
-1.723e+00
-1.723e+00
-1.723e+00
-1.723e+00
-1.723e+00
-1.723e+00
-1.723e+00
-1.723e+00
-1.723e+00
-1.723e+00
-1.723e+00
-1.723e+00
-1.723e+00
-1.723e+00
-1.723e+00
-1.723e+00
-1.723e+00
-1.723e+00
-1.723e+00
-1.723e+00
-1.723e+00
-1.723e+00
-1.723e+00
-1.723e+00
-1.723e+00
-1.723e+00
-1.723e+00
-1.723e+00
-1.723e+00
-1.723e+00
-1.723e+00
-1.723e+00
-1.723e+00
-1.723e+00
-1.723e+00
-1.723e+00
-1.723e+00
-1.723e+00
-1.723e+00
-1.723e+00
-1.723e+00
-1.723e+00
-1.723e+00
-1.723e+00
-1.723e+00
-1.723e+00
-1.723e+00
-1.723e+00
-1.723e+00
-1.723e+00
-1.723e+00
-1.723e+00
-1.723e+00
-1.723e+00
-1.723e+00
-1.723e+00
-1.723e+00
-1.723e+00
-1.723e+00
-1.723e+00
-1.723e+00
-1.723e+00
-1.723e+00
-1.723e+00
-1.723e+00
-1.723e+00
-1.723e+00
-1.723e+00
-1.723e+00
-1.723e+00
-1.723e+00
-1.723e+00
-1.723e+00
-1.723e+00
-1.723e+00
-1.723e+00
-1.723e+00
-1.723e+00
-1.723e+00
-1.723e+00
-1.723e+00
-1.723e+00
-1.723e+00
-1.723e+00
-1.723e+00
-1.723e+00
-1.723e+00
-1.723e+00
-1.723e+00
-1.723e+00
-1.723e+00
-1.723e+00
-1.723e+00
-1.723e+00
-1.723e+00
-1.723e+00
-1.723e+00
-1.723e+00
-1.723e+00
-1.723e+00
-1.723e+00
-1.723e+00
-1.723e+00
-1.723e+00
-1.723e+00
-1.723e+00
-1.723e+00
-1.723e+00
-1.723e+00
-1.723e+00
-1.723e+00
-1.723e+00
-1.723e+00
-1.723e+00
-1.723e+00
-1.723e+00
-1.723e+00
-1.723e+00
-1.723e+00
-1.723e+00
-1.723e+00
-1.723e+00
-1.723e+00
-1.723e+00
-1.723e+00
-1.723e+00
-1.723e+00
-1.723e+00
-1.723e+00
-1.723e+00
-1.723e+00
-1.723e+00
-1.723e+00
-1.723e+00
-1.723e+00
-1.723e+00
-1.723e+00
-1.723e+00
-1.723e+00
-1.723e+00
-1.723e+00
-1.723e+00
-1.723e+00
-1.723e+00
-1.723e+00
-1.723e+00
-1.723e+00
-1.615e+00
-1.615e+00
-1.615e+00
-1.615e+00
-1.615e+00
-1.615e+00
-1.615e+00
-1.615e+00
-1.615e+00
-1.615e+00
-1.615e+00
-1.615e+00
-1.615e+00
-1.615e+00
-1.615e+00
-1.615e+00
-1.615e+00
-1.615e+00
-1.615e+00
-1.615e+00
-1.615e+00
-1.615e+00
-1.615e+00
-1.615e+00
-1.615e+00
-1.615e+00
-1.615e+00
-1.615e+00
-1.615e+00
-1.615e+00
-1.615e+00
-1.615e+00
-1.615e+00
-1.615e+00
-1.615e+00
-1.615e+00
-1.615e+00
-1.615e+00
-1.615e+00
-1.615e+00
-1.615e+00
-1.615e+00
-1.615e+00
-1.615e+00
-1.615e+00
-1.615e+00
-1.615e+00
-1.615e+00
-1.615e+00
-1.615e+00
-1.615e+00
-1.615e+00
-1.615e+00
-1.615e+00
-1.615e+00
-1.615e+00
-1.615e+00
-1.615e+00
-1.615e+00
-1.615e+00
-1.615e+00
-1.615e+00
-1.615e+00
-1.615e+00
-1.615e+00
-1.615e+00
-1.615e+00
-1.615e+00
-1.615e+00
-1.615e+00
-1.615e+00
-1.615e+00
-1.615e+00
-1.615e+00
-1.615e+00
-1.615e+00
-1.615e+00
-1.615e+00
-1.615e+00
-1.615e+00
-1.615e+00
-1.615e+00
-1.615e+00
-1.615e+00
-1.615e+00
-1.615e+00
-1.615e+00
-1.615e+00
-1.615e+00
-1.615e+00
-1.615e+00
-1.615e+00
-1.615e+00
-1.615e+00
-1.615e+00
-1.615e+00
-1.615e+00
-1.615e+00
-1.615e+00
-1.615e+00
-1.615e+00
-1.615e+00
-1.615e+00
-1.615e+00
-1.615e+00
-1.615e+00
-1.615e+00
-1.615e+00
-1.615e+00
-1.615e+00
-1.615e+00
-1.615e+00
-1.615e+00
-1.615e+00
-1.615e+00
-1.615e+00
-1.615e+00
-1.615e+00
-1.615e+00
-1.615e+00
-1.615e+00
-1.615e+00
-1.615e+00
-1.615e+00
-1.615e+00
-1.615e+00
-1.615e+00
-1.615e+00
-1.615e+00
-1.615e+00
-1.615e+00
-1.615e+00
-1.615e+00
-1.615e+00
-1.615e+00
-1.615e+00
-1.615e+00
-1.615e+00
-1.615e+00
-1.615e+00
-1.615e+00
-1.615e+00
-1.615e+00
-1.615e+00
-1.615e+00
-1.615e+00
-1.615e+00
-1.615e+00
-1.615e+00
-1.615e+00
-1.615e+00
-1.615e+00
-1.615e+00
-1.615e+00
-1.615e+00
-1.615e+00
-1.615e+00
-1.615e+00
-1.615e+00
-1.615e+00
-1.615e+00
-1.615e+00
-1.615e+00
-1.615e+00
-1.615e+00
-1.615e+00
-1.615e+00
-1.615e+00
-1.615e+00
-1.615e+00
-1.615e+00
-1.615e+00
-1.615e+00
-1.615e+00
-1.615e+00
-1.615e+00
-1.615e+00
-1.615e+00
-1.615e+00
-1.615e+00
-1.615e+00
-1.615e+00
-1.615e+00
-1.615e+00
-1.615e+00
-1.615e+00
-1.615e+00
-1.615e+00
-1.615e+00
-1.615e+00
-1.615e+00
-1.615e+00
-1.615e+00
-1.615e+00
-1.615e+00
-1.615e+00
-1.615e+00
-1.615e+00
-1.615e+00
-1.615e+00
-1.615e+00
-1.615e+00
-1.615e+00
-1.615e+00
-1.615e+00
-1.615e+00
-1.615e+00
-1.615e+00
-1.615e+00
-1.615e+00
-1.615e+00
-1.615e+00
-1.615e+00
-1.615e+00
-1.615e+00
-1.615e+00
-1.615e+00
-1.615e+00
-1.615e+00
-1.615e+00
-1.615e+00
-1.615e+00
-1.615e+00
-1.615e+00
-1.615e+00
-1.615e+00
-1.615e+00
-1.615e+00
-1.615e+00
-1.615e+00
-1.615e+00
-1.471e+00
-1.470e+00
-1.470e+00
-1.470e+00
-1.470e+00
-1.470e+00
-1.470e+00
-1.470e+00
-1.470e+00
-1.470e+00
-1.470e+00
-1.470e+00
-1.470e+00
-1.470e+00
-1.470e+00
-1.470e+00
-1.470e+00
-1.470e+00
-1.470e+00
-1.470e+00
-1.469e+00
-1.470e+00
-1.469e+00
-1.469e+00
-1.469e+00
-1.469e+00
-1.469e+00
-1.469e+00
-1.469e+00
-1.469e+00
-1.469e+00
-1.469e+00
-1.469e+00
-1.469e+00
-1.469e+00
-1.469e+00
-1.469e+00
-1.469e+00
-1.469e+00
-1.469e+00
-1.469e+00
-1.468e+00
-1.470e+00
-1.469e+00
-1.469e+00
-1.469e+00
-1.469e+00
-1.469e+00
-1.469e+00
-1.469e+00
-1.469e+00
-1.469e+00
-1.469e+00
-1.469e+00
-1.469e+00
-1.469e+00
-1.469e+00
-1.469e+00
-1.469e+00
-1.469e+00
-1.469e+00
-1.469e+00
-1.468e+00
-1.470e+00
-1.469e+00
-1.469e+00
-1.469e+00
-1.469e+00
-1.469e+00
-1.469e+00
-1.469e+00
-1.469e+00
-1.469e+00
-1.469e+00
-1.469e+00
-1.469e+00
-1.469e+00
-1.469e+00
-1.469e+00
-1.469e+00
-1.469e+00
-1.469e+00
-1.469e+00
-1.468e+00
-1.470e+00
-1.469e+00
-1.469e+00
-1.469e+00
-1.469e+00
-1.469e+00
-1.469e+00
-1.469e+00
-1.469e+00
-1.469e+00
-1.469e+00
-1.469e+00
-1.469e+00
-1.469e+00
-1.469e+00
-1.469e+00
-1.469e+00
-1.469e+00
-1.469e+00
-1.469e+00
-1.468e+00
-1.470e+00
-1.469e+00
-1.469e+00
-1.469e+00
-1.469e+00
-1.469e+00
-1.469e+00
-1.469e+00
-1.469e+00
-1.469e+00
-1.469e+00
-1.469e+00
-1.469e+00
-1.469e+00
-1.469e+00
-1.469e+00
-1.469e+00
-1.469e+00
-1.469e+00
-1.469e+00
-1.468e+00
-1.470e+00
-1.469e+00
-1.469e+00
-1.469e+00
-1.469e+00
-1.469e+00
-1.469e+00
-1.469e+00
-1.469e+00
-1.469e+00
-1.469e+00
-1.469e+00
-1.469e+00
-1.469e+00
-1.469e+00
-1.469e+00
-1.469e+00
-1.469e+00
-1.469e+00
-1.469e+00
-1.468e+00
-1.470e+00
-1.469e+00
-1.469e+00
-1.469e+00
-1.469e+00
-1.469e+00
-1.469e+00
-1.469e+00
-1.469e+00
-1.469e+00
-1.469e+00
-1.469e+00
-1.469e+00
-1.469e+00
-1.469e+00
-1.469e+00
-1.469e+00
-1.469e+00
-1.469e+00
-1.469e+00
-1.468e+00
-1.470e+00
-1.469e+00
-1.469e+00
-1.469e+00
-1.469e+00
-1.469e+00
-1.469e+00
-1.469e+00
-1.469e+00
-1.469e+00
-1.469e+00
-1.469e+00
-1.469e+00
-1.469e+00
-1.469e+00
-1.469e+00
-1.469e+00
-1.469e+00
-1.469e+00
-1.469e+00
-1.468e+00
-1.470e+00
-1.469e+00
-1.469e+00
-1.469e+00
-1.469e+00
-1.469e+00
-1.469e+00
-1.469e+00
-1.469e+00
-1.469e+00
-1.469e+00
-1.469e+00
-1.469e+00
-1.469e+00
-1.469e+00
-1.469e+00
-1.469e+00
-1.469e+00
-1.469e+00
-1.469e+00
-1.468e+00
-1.461e+00
-1.461e+00
-1.461e+00
-1.461e+00
-1.461e+00
-1.461e+00
-1.461e+00
-1.461e+00
-1.461e+00
-1.461e+00
-1.461e+00
-1.461e+00
-1.461e+00
-1.461e+00
-1.461e+00
-1.461e+00
-1.461e+00
-1.461e+00
-1.461e+00
-1.461e+00
-1.461e+00
-1.461e+00
-1.461e+00
-1.461e+00
-1.461e+00
-1.461e+00
-1.461e+00
-1.461e+00
-1.461e+00
-1.461e+00
-1.461e+00
-1.461e+00
-1.461e+00
-1.461e+00
-1.461e+00
-1.461e+00
-1.461e+00
-1.461e+00
-1.461e+00
-1.461e+00
-1.461e+00
-1.461e+00
-1.461e+00
-1.461e+00
-1.461e+00
-1.461e+00
-1.461e+00
-1.461e+00
-1.461e+00
-1.461e+00
-1.461e+00
-1.461e+00
-1.461e+00
-1.461e+00
-1.461e+00
-1.461e+00
-1.461e+00
-1.461e+00
-1.461e+00
-1.461e+00
-1.461e+00
-1.461e+00
-1.461e+00
-1.461e+00
-1.461e+00
-1.461e+00
-1.461e+00
-1.461e+00
-1.461e+00
-1.461e+00
-1.461e+00
-1.461e+00
-1.461e+00
-1.461e+00
-1.461e+00
-1.461e+00
-1.461e+00
-1.461e+00
-1.461e+00
-1.461e+00
-1.461e+00
-1.461e+00
-1.461e+00
-1.461e+00
-1.461e+00
-1.461e+00
-1.461e+00
-1.461e+00
-1.461e+00
-1.461e+00
-1.461e+00
-1.461e+00
-1.461e+00
-1.461e+00
-1.461e+00
-1.461e+00
-1.461e+00
-1.461e+00
-1.461e+00
-1.461e+00
-1.461e+00
-1.461e+00
-1.461e+00
-1.461e+00
-1.461e+00
-1.461e+00
-1.461e+00
-1.461e+00
-1.461e+00
-1.461e+00
-1.461e+00
-1.461e+00
-1.461e+00
-1.461e+00
-1.461e+00
-1.461e+00
-1.461e+00
-1.461e+00
-1.461e+00
-1.461e+00
-1.461e+00
-1.461e+00
-1.461e+00
-1.461e+00
-1.461e+00
-1.461e+00
-1.461e+00
-1.461e+00
-1.461e+00
-1.461e+00
-1.461e+00
-1.461e+00
-1.461e+00
-1.461e+00
-1.461e+00
-1.461e+00
-1.461e+00
-1.461e+00
-1.461e+00
-1.461e+00
-1.461e+00
-1.461e+00
-1.461e+00
-1.461e+00
-1.461e+00
-1.461e+00
-1.461e+00
-1.461e+00
-1.461e+00
-1.461e+00
-1.461e+00
-1.461e+00
-1.461e+00
-1.461e+00
-1.461e+00
-1.461e+00
-1.461e+00
-1.461e+00
-1.461e+00
-1.461e+00
-1.461e+00
-1.461e+00
-1.461e+00
-1.461e+00
-1.461e+00
-1.461e+00
-1.461e+00
-1.461e+00
-1.461e+00
-1.461e+00
-1.461e+00
-1.461e+00
-1.461e+00
-1.461e+00
-1.461e+00
-1.461e+00
-1.461e+00
-1.461e+00
-1.461e+00
-1.461e+00
-1.461e+00
-1.461e+00
-1.461e+00
-1.461e+00
-1.461e+00
-1.461e+00
-1.461e+00
-1.461e+00
-1.461e+00
-1.461e+00
-1.461e+00
-1.461e+00
-1.461e+00
-1.461e+00
-1.461e+00
-1.461e+00
-1.461e+00
-1.461e+00
-1.461e+00
-1.461e+00
-1.461e+00
-1.461e+00
-1.461e+00
-1.461e+00
-1.461e+00
-1.461e+00
-1.461e+00
-1.461e+00
-1.461e+00
-1.461e+00
-1.461e+00
-1.461e+00
-1.461e+00
-1.461e+00
-1.461e+00
-1.461e+00
-1.461e+00
-1.461e+00
-1.461e+00
-1.461e+00
-1.461e+00
-1.461e+00
-1.461e+00
-1.461e+00
-1.461e+00
-1.461e+00
-1.461e+00
-1.461e+00
-1.461e+00
-1.461e+00
-1.461e+00
-1.163e+00
-1.163e+00
-1.163e+00
-1.163e+00
-1.163e+00
-1.163e+00
-1.163e+00
-1.163e+00
-1.163e+00
-1.163e+00
-1.163e+00
-1.163e+00
-1.163e+00
-1.163e+00
-1.163e+00
-1.163e+00
-1.163e+00
-1.163e+00
-1.163e+00
-1.163e+00
-1.163e+00
-1.163e+00
-1.163e+00
-1.163e+00
-1.163e+00
-1.163e+00
-1.163e+00
-1.163e+00
-1.163e+00
-1.163e+00
-1.163e+00
-1.163e+00
-1.163e+00
-1.163e+00
-1.163e+00
-1.163e+00
-1.163e+00
-1.163e+00
-1.163e+00
-1.163e+00
-1.163e+00
-1.163e+00
-1.163e+00
-1.163e+00
-1.163e+00
-1.163e+00
-1.163e+00
-1.163e+00
-1.163e+00
-1.163e+00
-1.163e+00
-1.163e+00
-1.163e+00
-1.163e+00
-1.163e+00
-1.163e+00
-1.163e+00
-1.163e+00
-1.163e+00
-1.163e+00
-1.163e+00
-1.163e+00
-1.163e+00
-1.163e+00
-1.163e+00
-1.163e+00
-1.163e+00
-1.163e+00
-1.163e+00
-1.163e+00
-1.163e+00
-1.163e+00
-1.163e+00
-1.163e+00
-1.163e+00
-1.163e+00
-1.163e+00
-1.163e+00
-1.163e+00
-1.163e+00
-1.163e+00
-1.163e+00
-1.163e+00
-1.163e+00
-1.163e+00
-1.163e+00
-1.163e+00
-1.163e+00
-1.163e+00
-1.163e+00
-1.163e+00
-1.163e+00
-1.163e+00
-1.163e+00
-1.163e+00
-1.163e+00
-1.163e+00
-1.163e+00
-1.163e+00
-1.163e+00
-1.163e+00
-1.163e+00
-1.163e+00
-1.163e+00
-1.163e+00
-1.163e+00
-1.163e+00
-1.163e+00
-1.163e+00
-1.163e+00
-1.163e+00
-1.163e+00
-1.163e+00
-1.163e+00
-1.163e+00
-1.163e+00
-1.163e+00
-1.163e+00
-1.163e+00
-1.163e+00
-1.163e+00
-1.163e+00
-1.163e+00
-1.163e+00
-1.163e+00
-1.163e+00
-1.163e+00
-1.163e+00
-1.163e+00
-1.163e+00
-1.163e+00
-1.163e+00
-1.163e+00
-1.163e+00
-1.163e+00
-1.163e+00
-1.163e+00
-1.163e+00
-1.163e+00
-1.163e+00
-1.163e+00
-1.163e+00
-1.163e+00
-1.163e+00
-1.163e+00
-1.163e+00
-1.163e+00
-1.163e+00
-1.163e+00
-1.163e+00
-1.163e+00
-1.163e+00
-1.163e+00
-1.163e+00
-1.163e+00
-1.163e+00
-1.163e+00
-1.163e+00
-1.163e+00
-1.163e+00
-1.163e+00
-1.163e+00
-1.163e+00
-1.163e+00
-1.163e+00
-1.163e+00
-1.163e+00
-1.163e+00
-1.163e+00
-1.163e+00
-1.163e+00
-1.163e+00
-1.163e+00
-1.163e+00
-1.163e+00
-1.163e+00
-1.163e+00
-1.163e+00
-1.163e+00
-1.163e+00
-1.163e+00
-1.163e+00
-1.163e+00
-1.163e+00
-1.163e+00
-1.163e+00
-1.163e+00
-1.163e+00
-1.163e+00
-1.163e+00
-1.163e+00
-1.163e+00
-1.163e+00
-1.163e+00
-1.163e+00
-1.163e+00
-1.163e+00
-1.163e+00
-1.163e+00
-1.163e+00
-1.163e+00
-1.163e+00
-1.163e+00
-1.163e+00
-1.163e+00
-1.163e+00
-1.163e+00
-1.163e+00
-1.163e+00
-1.163e+00
-1.160e+00
-1.160e+00
-1.160e+00
-1.160e+00
-1.160e+00
-1.160e+00
-1.160e+00
-1.160e+00
-1.160e+00
-1.160e+00
-1.160e+00
-1.160e+00
-1.160e+00
-1.160e+00
-1.160e+00
-1.160e+00
-1.160e+00
-1.160e+00
-1.160e+00
-1.160e+00
-1.160e+00
-1.160e+00
-1.160e+00
-1.160e+00
-1.160e+00
-1.160e+00
-1.160e+00
-1.160e+00
-1.160e+00
-1.160e+00
-1.160e+00
-1.160e+00
-1.160e+00
-1.160e+00
-1.160e+00
-1.160e+00
-1.160e+00
-1.160e+00
-1.160e+00
-1.160e+00
-1.160e+00
-1.160e+00
-1.160e+00
-1.160e+00
-1.160e+00
-1.160e+00
-1.160e+00
-1.160e+00
-1.160e+00
-1.160e+00
-1.160e+00
-1.160e+00
-1.160e+00
-1.160e+00
-1.160e+00
-1.160e+00
-1.160e+00
-1.160e+00
-1.160e+00
-1.160e+00
-1.160e+00
-1.160e+00
-1.160e+00
-1.160e+00
-1.160e+00
-1.160e+00
-1.160e+00
-1.160e+00
-1.160e+00
-1.160e+00
-1.160e+00
-1.160e+00
-1.160e+00
-1.160e+00
-1.160e+00
-1.160e+00
-1.160e+00
-1.160e+00
-1.160e+00
-1.160e+00
-1.160e+00
-1.160e+00
-1.160e+00
-1.160e+00
-1.160e+00
-1.160e+00
-1.160e+00
-1.160e+00
-1.160e+00
-1.160e+00
-1.160e+00
-1.160e+00
-1.160e+00
-1.160e+00
-1.160e+00
-1.160e+00
-1.160e+00
-1.160e+00
-1.160e+00
-1.160e+00
-1.160e+00
-1.160e+00
-1.160e+00
-1.160e+00
-1.160e+00
-1.160e+00
-1.160e+00
-1.160e+00
-1.160e+00
-1.160e+00
-1.160e+00
-1.160e+00
-1.160e+00
-1.160e+00
-1.160e+00
-1.160e+00
-1.160e+00
-1.160e+00
-1.160e+00
-1.160e+00
-1.160e+00
-1.160e+00
-1.160e+00
-1.160e+00
-1.160e+00
-1.160e+00
-1.160e+00
-1.160e+00
-1.160e+00
-1.160e+00
-1.160e+00
-1.160e+00
-1.160e+00
-1.160e+00
-1.160e+00
-1.160e+00
-1.160e+00
-1.160e+00
-1.160e+00
-1.160e+00
-1.160e+00
-1.160e+00
-1.160e+00
-1.160e+00
-1.160e+00
-1.160e+00
-1.160e+00
-1.160e+00
-1.160e+00
-1.160e+00
-1.160e+00
-1.160e+00
-1.160e+00
-1.160e+00
-1.160e+00
-1.160e+00
-1.160e+00
-1.160e+00
-1.160e+00
-1.160e+00
-1.160e+00
-1.160e+00
-1.160e+00
-1.160e+00
-1.160e+00
-1.160e+00
-1.160e+00
-1.160e+00
-1.160e+00
-1.160e+00
-1.160e+00
-1.160e+00
-1.160e+00
-1.160e+00
-1.160e+00
-1.160e+00
-1.160e+00
-1.160e+00
-1.160e+00
-1.160e+00
-1.160e+00
-1.160e+00
-1.160e+00
-1.160e+00
-1.160e+00
-1.160e+00
-1.160e+00
-1.160e+00
-1.160e+00
-1.160e+00
-1.160e+00
-1.160e+00
-1.160e+00
-1.160e+00
-1.160e+00
-1.160e+00
-1.160e+00
-1.160e+00
-1.160e+00
-1.160e+00
-1.160e+00
-1.160e+00
-1.160e+00
-1.160e+00
-1.160e+00
-1.160e+00
-1.160e+00
-1.160e+00
-1.160e+00
-1.160e+00
-1.160e+00
-1.160e+00
-1.160e+00
-1.160e+00
-1.160e+00
-1.160e+00
-1.160e+00
-1.160e+00
-1.160e+00
-1.160e+00
-1.160e+00
-1.160e+00
-1.160e+00
-1.160e+00
-1.160e+00
-1.160e+00
-1.160e+00
-1.160e+00
-1.160e+00
-1.160e+00
-1.160e+00
-8.608e-01
-8.607e-01
-8.607e-01
-8.607e-01
-8.607e-01
-8.607e-01
-8.607e-01
-8.607e-01
-8.607e-01
-8.607e-01
-8.607e-01
-8.607e-01
-8.607e-01
-8.607e-01
-8.607e-01
-8.607e-01
-8.607e-01
-8.607e-01
-8.607e-01
-8.607e-01
-8.606e-01
-8.607e-01
-8.606e-01
-8.606e-01
-8.606e-01
-8.606e-01
-8.606e-01
-8.606e-01
-8.606e-01
-8.606e-01
-8.606e-01
-8.606e-01
-8.606e-01
-8.606e-01
-8.606e-01
-8.606e-01
-8.606e-01
-8.606e-01
-8.606e-01
-8.606e-01
-8.606e-01
-8.605e-01
-8.607e-01
-8.606e-01
-8.606e-01
-8.606e-01
-8.606e-01
-8.606e-01
-8.606e-01
-8.606e-01
-8.606e-01
-8.606e-01
-8.606e-01
-8.606e-01
-8.606e-01
-8.606e-01
-8.606e-01
-8.606e-01
-8.606e-01
-8.606e-01
-8.606e-01
-8.606e-01
-8.605e-01
-8.607e-01
-8.606e-01
-8.606e-01
-8.606e-01
-8.606e-01
-8.606e-01
-8.606e-01
-8.606e-01
-8.606e-01
-8.606e-01
-8.606e-01
-8.606e-01
-8.606e-01
-8.606e-01
-8.606e-01
-8.606e-01
-8.606e-01
-8.606e-01
-8.606e-01
-8.606e-01
-8.605e-01
-8.607e-01
-8.606e-01
-8.606e-01
-8.606e-01
-8.606e-01
-8.606e-01
-8.606e-01
-8.606e-01
-8.606e-01
-8.606e-01
-8.606e-01
-8.606e-01
-8.606e-01
-8.606e-01
-8.606e-01
-8.606e-01
-8.606e-01
-8.606e-01
-8.606e-01
-8.606e-01
-8.605e-01
-8.607e-01
-8.606e-01
-8.606e-01
-8.606e-01
-8.606e-01
-8.606e-01
-8.606e-01
-8.606e-01
-8.606e-01
-8.606e-01
-8.606e-01
-8.606e-01
-8.606e-01
-8.606e-01
-8.606e-01
-8.606e-01
-8.606e-01
-8.606e-01
-8.606e-01
-8.606e-01
-8.605e-01
-8.607e-01
-8.606e-01
-8.606e-01
-8.606e-01
-8.606e-01
-8.606e-01
-8.606e-01
-8.606e-01
-8.606e-01
-8.606e-01
-8.606e-01
-8.606e-01
-8.606e-01
-8.606e-01
-8.606e-01
-8.606e-01
-8.606e-01
-8.606e-01
-8.606e-01
-8.606e-01
-8.605e-01
-8.607e-01
-8.606e-01
-8.606e-01
-8.606e-01
-8.606e-01
-8.606e-01
-8.606e-01
-8.606e-01
-8.606e-01
-8.606e-01
-8.606e-01
-8.606e-01
-8.606e-01
-8.606e-01
-8.606e-01
-8.606e-01
-8.606e-01
-8.606e-01
-8.606e-01
-8.606e-01
-8.605e-01
-8.607e-01
-8.606e-01
-8.606e-01
-8.606e-01
-8.606e-01
-8.606e-01
-8.606e-01
-8.606e-01
-8.606e-01
-8.606e-01
-8.606e-01
-8.606e-01
-8.606e-01
-8.606e-01
-8.606e-01
-8.606e-01
-8.606e-01
-8.606e-01
-8.606e-01
-8.606e-01
-8.605e-01
-8.607e-01
-8.606e-01
-8.606e-01
-8.606e-01
-8.606e-01
-8.606e-01
-8.606e-01
-8.606e-01
-8.606e-01
-8.606e-01
-8.606e-01
-8.606e-01
-8.606e-01
-8.606e-01
-8.606e-01
-8.606e-01
-8.606e-01
-8.606e-01
-8.606e-01
-8.606e-01
-8.605e-01
-8.600e-01
-8.600e-01
-8.600e-01
-8.600e-01
-8.600e-01
-8.600e-01
-8.600e-01
-8.600e-01
-8.600e-01
-8.600e-01
-8.600e-01
-8.600e-01
-8.600e-01
-8.600e-01
-8.600e-01
-8.600e-01
-8.600e-01
-8.600e-01
-8.600e-01
-8.600e-01
-8.600e-01
-8.600e-01
-8.600e-01
-8.600e-01
-8.600e-01
-8.600e-01
-8.600e-01
-8.600e-01
-8.600e-01
-8.600e-01
-8.600e-01
-8.600e-01
-8.600e-01
-8.600e-01
-8.600e-01
-8.600e-01
-8.600e-01
-8.600e-01
-8.600e-01
-8.600e-01
-8.600e-01
-8.600e-01
-8.600e-01
-8.600e-01
-8.600e-01
-8.600e-01
-8.600e-01
-8.600e-01
-8.600e-01
-8.600e-01
-8.600e-01
-8.600e-01
-8.600e-01
-8.600e-01
-8.600e-01
-8.600e-01
-8.600e-01
-8.600e-01
-8.600e-01
-8.600e-01
-8.600e-01
-8.600e-01
-8.600e-01
-8.600e-01
-8.600e-01
-8.600e-01
-8.600e-01
-8.600e-01
-8.600e-01
-8.600e-01
-8.600e-01
-8.600e-01
-8.600e-01
-8.600e-01
-8.600e-01
-8.600e-01
-8.600e-01
-8.600e-01
-8.600e-01
-8.600e-01
-8.600e-01
-8.600e-01
-8.600e-01
-8.600e-01
-8.600e-01
-8.600e-01
-8.600e-01
-8.600e-01
-8.600e-01
-8.600e-01
-8.600e-01
-8.600e-01
-8.600e-01
-8.600e-01
-8.600e-01
-8.600e-01
-8.600e-01
-8.600e-01
-8.600e-01
-8.600e-01
-8.600e-01
-8.600e-01
-8.600e-01
-8.600e-01
-8.600e-01
-8.600e-01
-8.600e-01
-8.600e-01
-8.600e-01
-8.600e-01
-8.600e-01
-8.600e-01
-8.600e-01
-8.600e-01
-8.600e-01
-8.600e-01
-8.600e-01
-8.600e-01
-8.600e-01
-8.600e-01
-8.600e-01
-8.600e-01
-8.600e-01
-8.600e-01
-8.600e-01
-8.600e-01
-8.600e-01
-8.600e-01
-8.600e-01
-8.600e-01
-8.600e-01
-8.600e-01
-8.600e-01
-8.600e-01
-8.600e-01
-8.600e-01
-8.600e-01
-8.600e-01
-8.600e-01
-8.600e-01
-8.600e-01
-8.600e-01
-8.600e-01
-8.600e-01
-8.600e-01
-8.600e-01
-8.600e-01
-8.600e-01
-8.600e-01
-8.600e-01
-8.600e-01
-8.600e-01
-8.600e-01
-8.600e-01
-8.600e-01
-8.600e-01
-8.600e-01
-8.600e-01
-8.600e-01
-8.600e-01
-8.600e-01
-8.600e-01
-8.600e-01
-8.600e-01
-8.600e-01
-8.600e-01
-8.600e-01
-8.600e-01
-8.600e-01
-8.600e-01
-8.600e-01
-8.600e-01
-8.600e-01
-8.600e-01
-8.600e-01
-8.600e-01
-8.600e-01
-8.600e-01
-8.600e-01
-8.600e-01
-8.600e-01
-8.600e-01
-8.600e-01
-8.600e-01
-8.600e-01
-8.600e-01
-8.600e-01
-8.600e-01
-8.600e-01
-8.600e-01
-8.600e-01
-8.600e-01
-8.600e-01
-8.600e-01
-8.600e-01
-8.600e-01
-8.600e-01
-8.600e-01
-8.600e-01
-8.600e-01
-8.600e-01
-8.600e-01
-8.600e-01
-8.600e-01
-8.600e-01
-8.600e-01
-8.600e-01
-8.600e-01
-8.600e-01
-8.600e-01
-8.600e-01
-8.600e-01
-8.600e-01
-8.600e-01
-8.600e-01
-8.600e-01
-8.600e-01
-8.600e-01
-8.600e-01
-8.600e-01
-8.600e-01
-8.600e-01
-8.600e-01
-8.600e-01
-8.600e-01
-8.600e-01
-8.600e-01
-8.600e-01
-8.600e-01
-8.600e-01
-8.600e-01
-2.600e-01
-2.600e-01
-2.600e-01
-2.600e-01
-2.600e-01
-2.600e-01
-2.600e-01
-2.600e-01
-2.600e-01
-2.600e-01
-2.600e-01
-2.600e-01
-2.600e-01
-2.600e-01
-2.600e-01
-2.600e-01
-2.600e-01
-2.600e-01
-2.600e-01
-2.600e-01
-2.600e-01
-2.600e-01
-2.600e-01
-2.600e-01
-2.600e-01
-2.600e-01
-2.600e-01
-2.600e-01
-2.600e-01
-2.600e-01
-2.600e-01
-2.600e-01
-2.600e-01
-2.600e-01
-2.600e-01
-2.600e-01
-2.600e-01
-2.600e-01
-2.600e-01
-2.600e-01
-2.600e-01
-2.600e-01
-2.600e-01
-2.600e-01
-2.600e-01
-2.600e-01
-2.600e-01
-2.600e-01
-2.600e-01
-2.600e-01
-2.600e-01
-2.600e-01
-2.600e-01
-2.600e-01
-2.600e-01
-2.600e-01
-2.600e-01
-2.600e-01
-2.600e-01
-2.600e-01
-2.600e-01
-2.600e-01
-2.600e-01
-2.600e-01
-2.600e-01
-2.600e-01
-2.600e-01
-2.600e-01
-2.600e-01
-2.600e-01
-2.600e-01
-2.600e-01
-2.600e-01
-2.600e-01
-2.600e-01
-2.600e-01
-2.600e-01
-2.600e-01
-2.600e-01
-2.600e-01
-2.600e-01
-2.600e-01
-2.600e-01
-2.600e-01
-2.600e-01
-2.600e-01
-2.600e-01
-2.600e-01
-2.600e-01
-2.600e-01
-2.600e-01
-2.600e-01
-2.600e-01
-2.600e-01
-2.600e-01
-2.600e-01
-2.600e-01
-2.600e-01
-2.600e-01
-2.600e-01
-2.600e-01
-2.600e-01
-2.600e-01
-2.600e-01
-2.600e-01
-2.600e-01
-2.600e-01
-2.600e-01
-2.600e-01
-2.600e-01
-2.600e-01
-2.600e-01
-2.600e-01
-2.600e-01
-2.600e-01
-2.600e-01
-2.600e-01
-2.600e-01
-2.600e-01
-2.600e-01
-2.600e-01
-2.600e-01
-2.600e-01
-2.600e-01
-2.600e-01
-2.600e-01
-2.600e-01
-2.600e-01
-2.600e-01
-2.600e-01
-2.600e-01
-2.600e-01
-2.600e-01
-2.600e-01
-2.600e-01
-2.600e-01
-2.600e-01
-2.600e-01
-2.600e-01
-2.600e-01
-2.600e-01
-2.600e-01
-2.600e-01
-2.600e-01
-2.600e-01
-2.600e-01
-2.600e-01
-2.600e-01
-2.600e-01
-2.600e-01
-2.600e-01
-2.600e-01
-2.600e-01
-2.600e-01
-2.600e-01
-2.600e-01
-2.600e-01
-2.600e-01
-2.600e-01
-2.600e-01
-2.600e-01
-2.600e-01
-2.600e-01
-2.600e-01
-2.600e-01
-2.600e-01
-2.600e-01
-2.600e-01
-2.600e-01
-2.600e-01
-2.600e-01
-2.600e-01
-2.600e-01
-2.600e-01
-2.600e-01
-2.600e-01
-2.600e-01
-2.600e-01
-2.600e-01
-2.600e-01
-2.600e-01
-2.600e-01
-2.600e-01
-2.600e-01
-2.600e-01
-2.600e-01
-2.600e-01
-2.600e-01
-2.600e-01
-2.600e-01
-2.600e-01
-2.600e-01
-2.600e-01
-2.600e-01
-2.600e-01
-2.600e-01
-2.600e-01
-2.600e-01
-2.600e-01
-2.600e-01
-2.600e-01
-2.600e-01
-2.600e-01
-2.600e-01
-2.600e-01
-2.600e-01
-2.600e-01
-2.600e-01
-2.600e-01
-2.600e-01
-2.600e-01
-2.600e-01
-2.600e-01
-2.600e-01
-2.600e-01
-2.600e-01
-2.600e-01
-2.600e-01
-2.600e-01
-2.600e-01
-2.600e-01
-2.600e-01
-2.600e-01
-2.600e-01
-2.600e-01
-2.600e-01
-2.600e-01
-2.600e-01
-2.600e-01
-2.600e-01
-2.600e-01
-2.600e-01
-2.600e-01
-2.600e-01
-2.600e-01
-2.600e-01
-2.600e-01
-2.600e-01
-2.600e-01
-2.600e-01
-2.600e-01
-2.600e-01
-2.600e-01
-2.600e-01
-2.600e-01
-2.600e-01
-2.600e-01
-2.600e-01
-2.600e-01
-2.600e-01
-2.600e-01
-2.600e-01
-2.600e-01
-2.600e-01
-2.600e-01
-2.600e-01
-2.600e-01
-2.600e-01
-2.600e-01
-2.600e-01
-2.600e-01
-2.600e-01
-2.600e-01
-2.600e-01
-2.600e-01
-2.600e-01
-2.600e-01
-2.600e-01
-2.600e-01
-2.600e-01
-2.600e-01
-2.600e-01
-2.600e-01
-2.600e-01
-2.600e-01
-2.600e-01
-2.600e-01
-2.600e-01
-2.600e-01
-2.600e-01
-2.600e-01
-2.600e-01
-2.600e-01
-2.600e-01
-2.600e-01
-2.600e-01
-2.600e-01
-2.600e-01
-2.600e-01
-2.600e-01
-2.600e-01
-2.600e-01
-2.600e-01
-2.600e-01
-2.600e-01
-2.600e-01
-2.600e-01
-2.600e-01
-2.600e-01
-2.600e-01
-2.600e-01
-2.600e-01
-2.600e-01
-2.600e-01
-2.600e-01
-2.600e-01
-2.600e-01
-2.600e-01
-2.600e-01
-2.600e-01
-2.600e-01
-2.600e-01
-2.600e-01
-2.600e-01
-2.600e-01
-2.600e-01
-2.600e-01
-2.600e-01
-2.600e-01
-2.600e-01
-2.600e-01
-2.600e-01
-2.600e-01
-2.600e-01
-2.600e-01
-2.600e-01
-2.600e-01
-2.600e-01
-2.600e-01
-2.600e-01
-2.600e-01
-2.600e-01
-2.600e-01
-2.600e-01
-2.600e-01
-2.600e-01
-2.600e-01
-2.600e-01
-2.600e-01
-2.600e-01
-2.600e-01
-2.600e-01
-2.600e-01
-2.600e-01
-2.600e-01
-2.600e-01
-2.600e-01
-2.600e-01
-2.600e-01
-2.600e-01
-2.600e-01
-2.600e-01
-2.600e-01
-2.600e-01
-2.600e-01
-2.600e-01
-2.600e-01
-2.600e-01
-2.600e-01
-2.600e-01
-2.600e-01
-2.600e-01
-2.600e-01
-2.600e-01
-2.600e-01
-2.600e-01
-2.600e-01
-2.600e-01
-2.600e-01
-2.600e-01
-2.600e-01
-2.600e-01
-2.600e-01
-2.600e-01
-2.600e-01
-2.600e-01
-2.600e-01
-2.600e-01
-2.600e-01
-2.600e-01
-2.600e-01
-2.600e-01
-2.600e-01
-2.600e-01
-2.600e-01
-2.600e-01
-2.600e-01
-2.600e-01
-2.600e-01
-2.600e-01
-2.600e-01
-2.600e-01
-2.600e-01
-2.600e-01
-2.600e-01
-2.600e-01
-2.600e-01
-2.600e-01
-2.600e-01
-2.600e-01
-2.600e-01
-2.600e-01
-2.600e-01
-2.600e-01
-2.600e-01
-2.600e-01
-2.600e-01
-2.600e-01
-2.600e-01
-2.600e-01
-2.600e-01
-2.600e-01
-2.600e-01
-2.600e-01
-2.600e-01
-2.600e-01
-2.600e-01
-2.600e-01
-2.597e-01
-2.597e-01
-2.600e-01
-2.600e-01
-2.600e-01
-2.600e-01
-2.600e-01
-2.600e-01
-2.600e-01
-2.600e-01
-2.600e-01
-2.600e-01
-2.600e-01
-2.600e-01
-2.600e-01
-2.600e-01
-2.600e-01
-2.600e-01
-2.600e-01
-2.600e-01
-2.600e-01
-2.597e-01
-2.590e-01
3.400e-01
3.400e-01
3.400e-01
3.400e-01
3.400e-01
3.400e-01
3.400e-01
3.400e-01
3.400e-01
3.400e-01
3.400e-01
3.400e-01
3.400e-01
3.400e-01
3.400e-01
3.400e-01
3.400e-01
3.400e-01
3.400e-01
3.400e-01
3.400e-01
3.400e-01
3.400e-01
3.400e-01
3.400e-01
3.400e-01
3.400e-01
3.400e-01
3.400e-01
3.400e-01
3.400e-01
3.400e-01
3.400e-01
3.400e-01
3.400e-01
3.400e-01
3.400e-01
3.400e-01
3.400e-01
3.400e-01
3.400e-01
3.400e-01
3.400e-01
3.400e-01
3.400e-01
3.400e-01
3.400e-01
3.400e-01
3.400e-01
3.400e-01
3.400e-01
3.400e-01
3.400e-01
3.400e-01
3.400e-01
3.400e-01
3.400e-01
3.400e-01
3.400e-01
3.400e-01
3.400e-01
3.400e-01
3.400e-01
3.400e-01
3.400e-01
3.400e-01
3.400e-01
3.400e-01
3.400e-01
3.400e-01
3.400e-01
3.400e-01
3.400e-01
3.400e-01
3.400e-01
3.400e-01
3.400e-01
3.400e-01
3.400e-01
3.400e-01
3.400e-01
3.400e-01
3.400e-01
3.400e-01
3.400e-01
3.400e-01
3.400e-01
3.400e-01
3.400e-01
3.400e-01
3.400e-01
3.400e-01
3.400e-01
3.400e-01
3.400e-01
3.400e-01
3.400e-01
3.400e-01
3.400e-01
3.400e-01
3.400e-01
3.400e-01
3.400e-01
3.400e-01
3.400e-01
3.400e-01
3.400e-01
3.400e-01
3.400e-01
3.400e-01
3.400e-01
3.400e-01
3.400e-01
3.400e-01
3.400e-01
3.400e-01
3.400e-01
3.400e-01
3.400e-01
3.400e-01
3.400e-01
3.400e-01
3.400e-01
3.400e-01
3.400e-01
3.400e-01
3.400e-01
3.400e-01
3.400e-01
3.400e-01
3.400e-01
3.400e-01
3.400e-01
3.400e-01
3.400e-01
3.400e-01
3.400e-01
3.400e-01
3.400e-01
3.400e-01
3.400e-01
3.400e-01
3.400e-01
3.400e-01
3.400e-01
3.400e-01
3.400e-01
3.400e-01
3.400e-01
3.400e-01
3.400e-01
3.400e-01
3.400e-01
3.400e-01
3.400e-01
3.400e-01
3.400e-01
3.400e-01
3.400e-01
3.400e-01
3.400e-01
3.400e-01
3.400e-01
3.400e-01
3.400e-01
3.400e-01
3.400e-01
3.400e-01
3.400e-01
3.400e-01
3.400e-01
3.400e-01
3.400e-01
3.400e-01
3.400e-01
3.400e-01
3.400e-01
3.400e-01
3.400e-01
3.400e-01
3.400e-01
3.400e-01
3.400e-01
3.400e-01
3.400e-01
3.400e-01
3.400e-01
3.400e-01
3.400e-01
3.400e-01
3.400e-01
3.400e-01
3.400e-01
3.400e-01
3.400e-01
3.400e-01
3.400e-01
3.400e-01
3.400e-01
3.400e-01
3.400e-01
3.400e-01
3.400e-01
3.400e-01
3.400e-01
3.400e-01
3.400e-01
3.400e-01
3.400e-01
3.400e-01
3.400e-01
3.400e-01
3.400e-01
3.400e-01
3.400e-01
3.400e-01
3.400e-01
3.400e-01
3.400e-01
3.400e-01
3.400e-01
3.400e-01
3.400e-01
3.400e-01
3.400e-01
3.400e-01
3.400e-01
3.400e-01
3.400e-01
3.400e-01
3.400e-01
3.400e-01
3.400e-01
3.400e-01
3.400e-01
3.400e-01
3.400e-01
3.400e-01
3.400e-01
3.400e-01
3.400e-01
3.400e-01
3.400e-01
3.400e-01
3.400e-01
3.400e-01
3.400e-01
3.400e-01
3.400e-01
3.400e-01
3.400e-01
3.400e-01
3.400e-01
3.400e-01
3.400e-01
3.400e-01
3.400e-01
3.400e-01
3.400e-01
3.400e-01
3.400e-01
3.400e-01
3.400e-01
3.400e-01
3.400e-01
3.400e-01
3.400e-01
3.400e-01
3.400e-01
3.400e-01
3.400e-01
3.400e-01
3.400e-01
3.400e-01
3.400e-01
3.400e-01
3.400e-01
3.400e-01
3.400e-01
3.400e-01
3.400e-01
3.400e-01
3.400e-01
3.400e-01
3.400e-01
3.400e-01
3.400e-01
3.400e-01
3.400e-01
3.400e-01
3.400e-01
3.400e-01
3.400e-01
3.400e-01
3.400e-01
3.400e-01
3.400e-01
3.400e-01
3.400e-01
3.400e-01
3.400e-01
3.400e-01
3.400e-01
3.400e-01
3.400e-01
3.400e-01
3.400e-01
3.400e-01
3.400e-01
3.400e-01
3.400e-01
3.400e-01
3.400e-01
3.400e-01
3.400e-01
3.400e-01
3.400e-01
3.400e-01
3.400e-01
3.400e-01
3.400e-01
3.400e-01
3.400e-01
3.400e-01
3.400e-01
3.400e-01
3.400e-01
3.400e-01
3.400e-01
3.400e-01
3.400e-01
3.400e-01
3.400e-01
3.400e-01
3.400e-01
3.400e-01
3.400e-01
3.400e-01
3.400e-01
3.400e-01
3.400e-01
3.400e-01
3.400e-01
3.400e-01
3.400e-01
3.400e-01
3.400e-01
3.400e-01
3.400e-01
3.400e-01
3.400e-01
3.400e-01
3.400e-01
3.400e-01
3.400e-01
3.400e-01
3.400e-01
3.400e-01
3.400e-01
3.400e-01
3.400e-01
3.400e-01
3.400e-01
3.400e-01
3.400e-01
3.400e-01
3.400e-01
3.400e-01
3.400e-01
3.400e-01
3.400e-01
3.400e-01
3.400e-01
3.400e-01
3.400e-01
3.400e-01
3.400e-01
3.400e-01
3.400e-01
3.400e-01
3.400e-01
3.400e-01
3.400e-01
3.400e-01
3.400e-01
3.400e-01
3.400e-01
3.400e-01
3.400e-01
3.400e-01
3.400e-01
3.400e-01
3.400e-01
3.400e-01
3.400e-01
3.400e-01
3.400e-01
3.400e-01
3.400e-01
3.400e-01
3.400e-01
3.400e-01
3.400e-01
3.400e-01
3.400e-01
3.400e-01
3.400e-01
3.400e-01
3.400e-01
3.400e-01
3.400e-01
3.400e-01
3.400e-01
3.400e-01
3.400e-01
3.400e-01
3.400e-01
3.400e-01
3.403e-01
3.403e-01
3.400e-01
3.400e-01
3.400e-01
3.400e-01
3.400e-01
3.400e-01
3.400e-01
3.400e-01
3.400e-01
3.400e-01
3.400e-01
3.400e-01
3.400e-01
3.400e-01
3.400e-01
3.400e-01
3.400e-01
3.400e-01
3.400e-01
3.403e-01
3.410e-01
1.000e+00
1.000e+00
1.000e+00
1.000e+00
1.000e+00
1.000e+00
1.000e+00
1.000e+00
1.000e+00
1.000e+00
1.000e+00
1.000e+00
1.000e+00
1.000e+00
1.000e+00
1.000e+00
1.000e+00
1.000e+00
1.000e+00
1.000e+00
1.000e+00
1.000e+00
1.000e+00
1.000e+00
1.000e+00
1.000e+00
1.000e+00
1.000e+00
1.000e+00
1.000e+00
1.000e+00
1.000e+00
1.000e+00
1.000e+00
1.000e+00
1.000e+00
1.000e+00
1.000e+00
1.000e+00
1.000e+00
1.000e+00
1.000e+00
1.000e+00
1.000e+00
1.000e+00
1.000e+00
1.000e+00
1.000e+00
1.000e+00
1.000e+00
1.000e+00
1.000e+00
1.000e+00
1.000e+00
1.000e+00
1.000e+00
1.000e+00
1.000e+00
1.000e+00
1.000e+00
1.000e+00
1.000e+00
1.000e+00
1.000e+00
1.000e+00
1.000e+00
1.000e+00
1.000e+00
1.000e+00
1.000e+00
1.000e+00
1.000e+00
1.000e+00
1.000e+00
1.000e+00
1.000e+00
1.000e+00
1.000e+00
1.000e+00
1.000e+00
1.000e+00
1.000e+00
1.000e+00
1.000e+00
1.000e+00
1.000e+00
1.000e+00
1.000e+00
1.000e+00
1.000e+00
1.000e+00
1.000e+00
1.000e+00
1.000e+00
1.000e+00
1.000e+00
1.000e+00
1.000e+00
1.000e+00
1.000e+00
1.000e+00
1.000e+00
1.000e+00
1.000e+00
1.000e+00
1.000e+00
1.000e+00
1.000e+00
1.000e+00
1.000e+00
1.000e+00
1.000e+00
1.000e+00
1.000e+00
1.000e+00
1.000e+00
1.000e+00
1.000e+00
1.000e+00
1.000e+00
1.000e+00
1.000e+00
1.000e+00
1.000e+00
1.000e+00
1.000e+00
1.000e+00
1.000e+00
1.000e+00
1.000e+00
1.000e+00
1.000e+00
1.000e+00
1.000e+00
1.000e+00
1.000e+00
1.000e+00
1.000e+00
1.000e+00
1.000e+00
1.000e+00
1.000e+00
1.000e+00
1.000e+00
1.000e+00
1.000e+00
1.000e+00
1.000e+00
1.000e+00
1.000e+00
1.000e+00
1.000e+00
1.000e+00
1.000e+00
1.000e+00
1.000e+00
1.000e+00
1.000e+00
1.000e+00
1.000e+00
1.000e+00
1.000e+00
1.000e+00
1.000e+00
1.000e+00
1.000e+00
1.000e+00
1.000e+00
1.000e+00
1.000e+00
1.000e+00
1.000e+00
1.000e+00
1.000e+00
1.000e+00
1.000e+00
1.000e+00
1.000e+00
1.000e+00
1.000e+00
1.000e+00
1.000e+00
1.000e+00
1.000e+00
1.000e+00
1.000e+00
1.000e+00
1.000e+00
1.000e+00
1.000e+00
1.000e+00
1.000e+00
1.000e+00
1.000e+00
1.000e+00
1.000e+00
1.000e+00
1.000e+00
1.000e+00
1.000e+00
1.000e+00
1.000e+00
1.000e+00
1.000e+00
1.000e+00
1.000e+00
1.000e+00
1.000e+00
1.000e+00
1.000e+00
1.000e+00
1.000e+00
1.000e+00
1.000e+00
1.000e+00
1.000e+00
1.000e+00
1.000e+00
1.000e+00
1.000e+00
1.000e+00
1.000e+00
1.000e+00
1.000e+00
1.000e+00
1.000e+00
1.000e+00
1.000e+00
1.000e+00
1.000e+00
1.000e+00
1.000e+00
1.000e+00
1.000e+00
1.000e+00
1.000e+00
1.000e+00
1.000e+00
1.000e+00
1.000e+00
1.000e+00
1.000e+00
1.000e+00
1.000e+00
1.000e+00
1.000e+00
1.000e+00
1.000e+00
1.000e+00
1.000e+00
1.000e+00
1.000e+00
1.000e+00
1.000e+00
1.000e+00
1.000e+00
1.000e+00
1.000e+00
1.000e+00
1.000e+00
1.000e+00
1.000e+00
1.000e+00
1.000e+00
1.000e+00
1.000e+00
1.000e+00
1.000e+00
1.000e+00
1.000e+00
1.000e+00
1.000e+00
1.000e+00
1.000e+00
1.000e+00
1.000e+00
1.000e+00
1.000e+00
1.000e+00
1.000e+00
1.000e+00
1.000e+00
1.000e+00
1.000e+00
1.000e+00
1.000e+00
1.000e+00
1.000e+00
1.000e+00
1.000e+00
1.000e+00
1.000e+00
1.000e+00
1.000e+00
1.000e+00
1.000e+00
1.000e+00
1.000e+00
1.000e+00
1.000e+00
1.000e+00
1.000e+00
1.000e+00
1.000e+00
1.000e+00
1.000e+00
1.000e+00
1.000e+00
1.000e+00
1.000e+00
1.000e+00
1.000e+00
1.000e+00
1.000e+00
1.000e+00
1.000e+00
1.000e+00
1.000e+00
1.000e+00
1.000e+00
1.000e+00
1.000e+00
1.000e+00
1.000e+00
1.000e+00
1.000e+00
1.000e+00
1.000e+00
1.000e+00
1.000e+00
1.000e+00
1.000e+00
1.000e+00
1.000e+00
1.000e+00
1.000e+00
1.000e+00
1.000e+00
1.000e+00
1.000e+00
1.000e+00
1.000e+00
1.000e+00
1.000e+00
1.000e+00
1.000e+00
1.000e+00
1.000e+00
1.000e+00
1.000e+00
1.000e+00
1.000e+00
1.000e+00
1.000e+00
1.000e+00
1.000e+00
1.000e+00
1.000e+00
1.000e+00
1.000e+00
1.000e+00
1.000e+00
1.000e+00
1.000e+00
1.000e+00
1.000e+00
1.000e+00
1.000e+00
1.000e+00
1.000e+00
1.000e+00
1.000e+00
1.000e+00
1.000e+00
1.000e+00
1.000e+00
1.000e+00
1.000e+00
1.000e+00
1.000e+00
1.000e+00
1.000e+00
1.000e+00
1.000e+00
1.000e+00
1.000e+00
1.000e+00
1.000e+00
1.000e+00
1.000e+00
1.000e+00
1.000e+00
1.000e+00
1.000e+00
1.000e+00
1.000e+00
1.000e+00
1.000e+00
1.000e+00
1.000e+00
1.000e+00
1.000e+00
1.000e+00
1.000e+00
1.000e+00
1.000e+00
1.000e+00
1.000e+00
1.000e+00
1.000e+00
1.000e+00
1.000e+00
1.000e+00
1.000e+00
1.000e+00
1.000e+00
1.000e+00
1.000e+00
1.000e+00
1.000e+00
1.000e+00
1.000e+00
1.000e+00
1.000e+00
1.000e+00
1.000e+00
1.000e+00
1.000e+00
1.000e+00
1.000e+00
1.000e+00
1.000e+00
1.000e+00
1.000e+00
1.000e+00
1.000e+00
1.000e+00
1.000e+00
1.000e+00
1.000e+00
1.001e+00
