1	0	INDP	IPOND
-4.774e+00
-3.518e+00
-3.520e+00
-3.520e+00
-3.520e+00
-3.520e+00
-3.520e+00
-3.520e+00
-3.520e+00
-3.520e+00
-3.520e+00
-3.520e+00
-3.520e+00
-3.520e+00
-3.520e+00
-3.520e+00
-3.520e+00
-3.519e+00
-3.531e+00
-3.494e+00
-2.370e+00
-3.518e+00
-2.436e+00
-2.450e+00
-2.449e+00
-2.449e+00
-2.449e+00
-2.449e+00
-2.449e+00
-2.449e+00
-2.449e+00
-2.449e+00
-2.449e+00
-2.449e+00
-2.449e+00
-2.449e+00
-2.449e+00
-2.450e+00
-2.449e+00
-2.458e+00
-2.406e+00
-2.381e+00
-3.520e+00
-2.450e+00
-2.469e+00
-2.469e+00
-2.469e+00
-2.469e+00
-2.469e+00
-2.469e+00
-2.469e+00
-2.469e+00
-2.469e+00
-2.469e+00
-2.469e+00
-2.469e+00
-2.469e+00
-2.469e+00
-2.469e+00
-2.467e+00
-2.476e+00
-2.424e+00
-2.397e+00
-3.520e+00
-2.449e+00
-2.469e+00
-2.467e+00
-2.467e+00
-2.467e+00
-2.467e+00
-2.467e+00
-2.467e+00
-2.467e+00
-2.467e+00
-2.467e+00
-2.467e+00
-2.467e+00
-2.467e+00
-2.467e+00
-2.467e+00
-2.467e+00
-2.475e+00
-2.423e+00
-2.397e+00
-3.520e+00
-2.449e+00
-2.469e+00
-2.467e+00
-2.467e+00
-2.467e+00
-2.467e+00
-2.467e+00
-2.467e+00
-2.467e+00
-2.467e+00
-2.467e+00
-2.467e+00
-2.467e+00
-2.467e+00
-2.467e+00
-2.467e+00
-2.467e+00
-2.475e+00
-2.423e+00
-2.397e+00
-3.520e+00
-2.449e+00
-2.469e+00
-2.467e+00
-2.467e+00
-2.467e+00
-2.467e+00
-2.467e+00
-2.467e+00
-2.467e+00
-2.467e+00
-2.467e+00
-2.467e+00
-2.467e+00
-2.467e+00
-2.467e+00
-2.467e+00
-2.467e+00
-2.475e+00
-2.423e+00
-2.397e+00
-3.519e+00
-2.449e+00
-2.469e+00
-2.467e+00
-2.467e+00
-2.467e+00
-2.467e+00
-2.467e+00
-2.467e+00
-2.467e+00
-2.467e+00
-2.467e+00
-2.467e+00
-2.467e+00
-2.467e+00
-2.467e+00
-2.467e+00
-2.467e+00
-2.475e+00
-2.423e+00
-2.397e+00
-3.524e+00
-2.452e+00
-2.469e+00
-2.469e+00
-2.469e+00
-2.469e+00
-2.469e+00
-2.469e+00
-2.469e+00
-2.469e+00
-2.469e+00
-2.469e+00
-2.469e+00
-2.469e+00
-2.469e+00
-2.469e+00
-2.469e+00
-2.469e+00
-2.476e+00
-2.425e+00
-2.397e+00
-3.510e+00
-2.448e+00
-2.465e+00
-2.465e+00
-2.465e+00
-2.465e+00
-2.465e+00
-2.465e+00
-2.465e+00
-2.465e+00
-2.465e+00
-2.465e+00
-2.465e+00
-2.465e+00
-2.465e+00
-2.465e+00
-2.465e+00
-2.465e+00
-2.470e+00
-2.419e+00
-2.395e+00
-3.483e+00
-2.407e+00
-2.435e+00
-2.435e+00
-2.435e+00
-2.435e+00
-2.435e+00
-2.435e+00
-2.435e+00
-2.435e+00
-2.435e+00
-2.435e+00
-2.435e+00
-2.435e+00
-2.435e+00
-2.435e+00
-2.435e+00
-2.435e+00
-2.438e+00
-2.408e+00
-2.401e+00
-1.597e+02
-1.651e+02
-1.877e+02
-1.872e+02
-1.873e+02
-1.873e+02
-1.873e+02
-1.873e+02
-1.873e+02
-1.873e+02
-1.873e+02
-1.873e+02
-1.873e+02
-1.873e+02
-1.873e+02
-1.873e+02
-1.873e+02
-1.873e+02
-1.873e+02
-1.873e+02
-1.870e+02
-1.944e+02
-1.925e+02
-1.925e+02
-1.925e+02
-1.925e+02
-1.925e+02
-1.925e+02
-1.925e+02
-1.925e+02
-1.925e+02
-1.925e+02
-1.925e+02
-1.925e+02
-1.925e+02
-1.925e+02
-1.925e+02
-1.925e+02
-1.925e+02
-1.925e+02
-1.925e+02
-1.922e+02
-1.944e+02
-1.925e+02
-1.925e+02
-1.925e+02
-1.925e+02
-1.925e+02
-1.925e+02
-1.925e+02
-1.925e+02
-1.925e+02
-1.925e+02
-1.925e+02
-1.925e+02
-1.925e+02
-1.925e+02
-1.925e+02
-1.925e+02
-1.925e+02
-1.925e+02
-1.925e+02
-1.922e+02
-1.944e+02
-1.925e+02
-1.925e+02
-1.925e+02
-1.925e+02
-1.925e+02
-1.925e+02
-1.925e+02
-1.925e+02
-1.925e+02
-1.925e+02
-1.925e+02
-1.925e+02
-1.925e+02
-1.925e+02
-1.925e+02
-1.925e+02
-1.925e+02
-1.925e+02
-1.925e+02
-1.922e+02
-1.944e+02
-1.925e+02
-1.925e+02
-1.925e+02
-1.925e+02
-1.925e+02
-1.925e+02
-1.925e+02
-1.925e+02
-1.925e+02
-1.925e+02
-1.925e+02
-1.925e+02
-1.925e+02
-1.925e+02
-1.925e+02
-1.925e+02
-1.925e+02
-1.925e+02
-1.925e+02
-1.922e+02
-1.944e+02
-1.925e+02
-1.925e+02
-1.925e+02
-1.925e+02
-1.925e+02
-1.925e+02
-1.925e+02
-1.925e+02
-1.925e+02
-1.925e+02
-1.925e+02
-1.925e+02
-1.925e+02
-1.925e+02
-1.925e+02
-1.925e+02
-1.925e+02
-1.925e+02
-1.925e+02
-1.922e+02
-1.944e+02
-1.925e+02
-1.925e+02
-1.925e+02
-1.925e+02
-1.925e+02
-1.925e+02
-1.925e+02
-1.925e+02
-1.925e+02
-1.925e+02
-1.925e+02
-1.925e+02
-1.925e+02
-1.925e+02
-1.925e+02
-1.925e+02
-1.925e+02
-1.925e+02
-1.925e+02
-1.922e+02
-1.944e+02
-1.925e+02
-1.925e+02
-1.925e+02
-1.925e+02
-1.925e+02
-1.925e+02
-1.925e+02
-1.925e+02
-1.925e+02
-1.925e+02
-1.925e+02
-1.925e+02
-1.925e+02
-1.925e+02
-1.925e+02
-1.925e+02
-1.925e+02
-1.925e+02
-1.925e+02
-1.922e+02
-1.944e+02
-1.925e+02
-1.925e+02
-1.925e+02
-1.925e+02
-1.925e+02
-1.925e+02
-1.925e+02
-1.925e+02
-1.925e+02
-1.925e+02
-1.925e+02
-1.925e+02
-1.925e+02
-1.925e+02
-1.925e+02
-1.925e+02
-1.925e+02
-1.925e+02
-1.925e+02
-1.922e+02
-1.942e+02
-1.925e+02
-1.925e+02
-1.925e+02
-1.925e+02
-1.925e+02
-1.925e+02
-1.925e+02
-1.925e+02
-1.925e+02
-1.925e+02
-1.925e+02
-1.925e+02
-1.925e+02
-1.925e+02
-1.925e+02
-1.925e+02
-1.925e+02
-1.925e+02
-1.925e+02
-1.922e+02
-1.925e+02
-1.922e+02
-1.922e+02
-1.922e+02
-1.922e+02
-1.922e+02
-1.922e+02
-1.922e+02
-1.922e+02
-1.922e+02
-1.922e+02
-1.922e+02
-1.922e+02
-1.922e+02
-1.922e+02
-1.922e+02
-1.922e+02
-1.922e+02
-1.922e+02
-1.922e+02
-1.924e+02
-4.313e+00
-3.394e+00
-3.398e+00
-3.398e+00
-3.398e+00
-3.398e+00
-3.398e+00
-3.398e+00
-3.398e+00
-3.398e+00
-3.398e+00
-3.398e+00
-3.398e+00
-3.398e+00
-3.398e+00
-3.398e+00
-3.398e+00
-3.396e+00
-3.408e+00
-3.389e+00
-2.495e+00
-3.394e+00
-2.558e+00
-2.565e+00
-2.565e+00
-2.565e+00
-2.565e+00
-2.565e+00
-2.565e+00
-2.565e+00
-2.565e+00
-2.565e+00
-2.565e+00
-2.565e+00
-2.565e+00
-2.565e+00
-2.565e+00
-2.565e+00
-2.565e+00
-2.572e+00
-2.525e+00
-2.585e+00
-3.398e+00
-2.565e+00
-2.575e+00
-2.575e+00
-2.575e+00
-2.575e+00
-2.575e+00
-2.575e+00
-2.575e+00
-2.575e+00
-2.575e+00
-2.575e+00
-2.575e+00
-2.575e+00
-2.575e+00
-2.575e+00
-2.575e+00
-2.573e+00
-2.581e+00
-2.534e+00
-2.589e+00
-3.398e+00
-2.565e+00
-2.575e+00
-2.573e+00
-2.573e+00
-2.573e+00
-2.573e+00
-2.573e+00
-2.573e+00
-2.573e+00
-2.573e+00
-2.573e+00
-2.573e+00
-2.573e+00
-2.573e+00
-2.573e+00
-2.573e+00
-2.573e+00
-2.580e+00
-2.532e+00
-2.589e+00
-3.398e+00
-2.565e+00
-2.575e+00
-2.573e+00
-2.573e+00
-2.573e+00
-2.573e+00
-2.573e+00
-2.573e+00
-2.573e+00
-2.573e+00
-2.573e+00
-2.573e+00
-2.573e+00
-2.573e+00
-2.573e+00
-2.573e+00
-2.573e+00
-2.580e+00
-2.532e+00
-2.589e+00
-3.398e+00
-2.565e+00
-2.575e+00
-2.573e+00
-2.573e+00
-2.573e+00
-2.573e+00
-2.573e+00
-2.573e+00
-2.573e+00
-2.573e+00
-2.573e+00
-2.573e+00
-2.573e+00
-2.573e+00
-2.573e+00
-2.573e+00
-2.573e+00
-2.580e+00
-2.532e+00
-2.589e+00
-3.396e+00
-2.565e+00
-2.575e+00
-2.573e+00
-2.573e+00
-2.573e+00
-2.573e+00
-2.573e+00
-2.573e+00
-2.573e+00
-2.573e+00
-2.573e+00
-2.573e+00
-2.573e+00
-2.573e+00
-2.573e+00
-2.573e+00
-2.573e+00
-2.580e+00
-2.532e+00
-2.589e+00
-3.401e+00
-2.566e+00
-2.575e+00
-2.574e+00
-2.574e+00
-2.574e+00
-2.574e+00
-2.574e+00
-2.574e+00
-2.574e+00
-2.574e+00
-2.574e+00
-2.574e+00
-2.574e+00
-2.574e+00
-2.574e+00
-2.574e+00
-2.574e+00
-2.582e+00
-2.535e+00
-2.589e+00
-3.391e+00
-2.563e+00
-2.571e+00
-2.571e+00
-2.571e+00
-2.571e+00
-2.571e+00
-2.571e+00
-2.571e+00
-2.571e+00
-2.571e+00
-2.571e+00
-2.571e+00
-2.571e+00
-2.571e+00
-2.571e+00
-2.571e+00
-2.571e+00
-2.576e+00
-2.529e+00
-2.586e+00
-3.333e+00
-2.531e+00
-2.546e+00
-2.546e+00
-2.546e+00
-2.546e+00
-2.546e+00
-2.546e+00
-2.546e+00
-2.546e+00
-2.546e+00
-2.546e+00
-2.546e+00
-2.546e+00
-2.546e+00
-2.546e+00
-2.546e+00
-2.546e+00
-2.549e+00
-2.520e+00
-2.588e+00
-1.334e+02
-1.593e+02
-1.870e+02
-1.864e+02
-1.866e+02
-1.866e+02
-1.866e+02
-1.866e+02
-1.866e+02
-1.866e+02
-1.866e+02
-1.866e+02
-1.866e+02
-1.866e+02
-1.866e+02
-1.866e+02
-1.866e+02
-1.866e+02
-1.866e+02
-1.865e+02
-1.866e+02
-1.679e+02
-1.689e+02
-1.924e+02
-1.924e+02
-1.924e+02
-1.924e+02
-1.924e+02
-1.924e+02
-1.924e+02
-1.924e+02
-1.924e+02
-1.924e+02
-1.924e+02
-1.924e+02
-1.924e+02
-1.924e+02
-1.924e+02
-1.924e+02
-1.924e+02
-1.924e+02
-1.921e+02
-1.930e+02
-1.923e+02
-1.924e+02
-1.924e+02
-1.924e+02
-1.924e+02
-1.924e+02
-1.924e+02
-1.924e+02
-1.924e+02
-1.924e+02
-1.924e+02
-1.924e+02
-1.924e+02
-1.924e+02
-1.924e+02
-1.924e+02
-1.924e+02
-1.924e+02
-1.924e+02
-1.921e+02
-1.931e+02
-1.924e+02
-1.924e+02
-1.924e+02
-1.924e+02
-1.924e+02
-1.924e+02
-1.924e+02
-1.924e+02
-1.924e+02
-1.924e+02
-1.924e+02
-1.924e+02
-1.924e+02
-1.924e+02
-1.924e+02
-1.924e+02
-1.924e+02
-1.924e+02
-1.924e+02
-1.921e+02
-1.931e+02
-1.924e+02
-1.924e+02
-1.924e+02
-1.924e+02
-1.924e+02
-1.924e+02
-1.924e+02
-1.924e+02
-1.924e+02
-1.924e+02
-1.924e+02
-1.924e+02
-1.924e+02
-1.924e+02
-1.924e+02
-1.924e+02
-1.924e+02
-1.924e+02
-1.924e+02
-1.921e+02
-1.931e+02
-1.924e+02
-1.924e+02
-1.924e+02
-1.924e+02
-1.924e+02
-1.924e+02
-1.924e+02
-1.924e+02
-1.924e+02
-1.924e+02
-1.924e+02
-1.924e+02
-1.924e+02
-1.924e+02
-1.924e+02
-1.924e+02
-1.924e+02
-1.924e+02
-1.924e+02
-1.921e+02
-1.931e+02
-1.924e+02
-1.924e+02
-1.924e+02
-1.924e+02
-1.924e+02
-1.924e+02
-1.924e+02
-1.924e+02
-1.924e+02
-1.924e+02
-1.924e+02
-1.924e+02
-1.924e+02
-1.924e+02
-1.924e+02
-1.924e+02
-1.924e+02
-1.924e+02
-1.924e+02
-1.921e+02
-1.931e+02
-1.924e+02
-1.924e+02
-1.924e+02
-1.924e+02
-1.924e+02
-1.924e+02
-1.924e+02
-1.924e+02
-1.924e+02
-1.924e+02
-1.924e+02
-1.924e+02
-1.924e+02
-1.924e+02
-1.924e+02
-1.924e+02
-1.924e+02
-1.924e+02
-1.924e+02
-1.921e+02
-1.931e+02
-1.924e+02
-1.924e+02
-1.924e+02
-1.924e+02
-1.924e+02
-1.924e+02
-1.924e+02
-1.924e+02
-1.924e+02
-1.924e+02
-1.924e+02
-1.924e+02
-1.924e+02
-1.924e+02
-1.924e+02
-1.924e+02
-1.924e+02
-1.924e+02
-1.924e+02
-1.921e+02
-1.932e+02
-1.924e+02
-1.924e+02
-1.924e+02
-1.924e+02
-1.924e+02
-1.924e+02
-1.924e+02
-1.924e+02
-1.924e+02
-1.924e+02
-1.924e+02
-1.924e+02
-1.924e+02
-1.924e+02
-1.924e+02
-1.924e+02
-1.924e+02
-1.924e+02
-1.924e+02
-1.921e+02
-1.924e+02
-1.921e+02
-1.921e+02
-1.921e+02
-1.921e+02
-1.921e+02
-1.921e+02
-1.921e+02
-1.921e+02
-1.921e+02
-1.921e+02
-1.921e+02
-1.921e+02
-1.921e+02
-1.921e+02
-1.921e+02
-1.921e+02
-1.921e+02
-1.921e+02
-1.921e+02
-1.921e+02
-4.850e+00
-4.346e+00
-4.347e+00
-4.347e+00
-4.347e+00
-4.347e+00
-4.347e+00
-4.347e+00
-4.347e+00
-4.347e+00
-4.347e+00
-4.347e+00
-4.347e+00
-4.347e+00
-4.347e+00
-4.347e+00
-4.347e+00
-4.349e+00
-4.335e+00
-4.341e+00
-4.066e+00
-4.346e+00
-3.981e+00
-3.985e+00
-3.985e+00
-3.985e+00
-3.985e+00
-3.985e+00
-3.985e+00
-3.985e+00
-3.985e+00
-3.985e+00
-3.985e+00
-3.985e+00
-3.985e+00
-3.985e+00
-3.985e+00
-3.985e+00
-3.986e+00
-3.974e+00
-4.035e+00
-4.489e+00
-4.347e+00
-3.985e+00
-3.994e+00
-3.994e+00
-3.994e+00
-3.994e+00
-3.994e+00
-3.994e+00
-3.994e+00
-3.994e+00
-3.994e+00
-3.994e+00
-3.994e+00
-3.994e+00
-3.994e+00
-3.994e+00
-3.994e+00
-3.995e+00
-3.982e+00
-4.044e+00
-4.502e+00
-4.347e+00
-3.985e+00
-3.994e+00
-3.992e+00
-3.992e+00
-3.992e+00
-3.992e+00
-3.992e+00
-3.992e+00
-3.992e+00
-3.992e+00
-3.992e+00
-3.992e+00
-3.992e+00
-3.992e+00
-3.992e+00
-3.992e+00
-3.995e+00
-3.983e+00
-4.044e+00
-4.502e+00
-4.347e+00
-3.985e+00
-3.994e+00
-3.992e+00
-3.992e+00
-3.992e+00
-3.992e+00
-3.992e+00
-3.992e+00
-3.992e+00
-3.992e+00
-3.992e+00
-3.992e+00
-3.992e+00
-3.992e+00
-3.992e+00
-3.992e+00
-3.995e+00
-3.983e+00
-4.044e+00
-4.502e+00
-4.347e+00
-3.985e+00
-3.994e+00
-3.992e+00
-3.992e+00
-3.992e+00
-3.992e+00
-3.992e+00
-3.992e+00
-3.992e+00
-3.992e+00
-3.992e+00
-3.992e+00
-3.992e+00
-3.992e+00
-3.992e+00
-3.992e+00
-3.995e+00
-3.982e+00
-4.044e+00
-4.502e+00
-4.349e+00
-3.985e+00
-3.994e+00
-3.992e+00
-3.992e+00
-3.992e+00
-3.992e+00
-3.992e+00
-3.992e+00
-3.992e+00
-3.992e+00
-3.992e+00
-3.992e+00
-3.992e+00
-3.992e+00
-3.992e+00
-3.992e+00
-3.995e+00
-3.983e+00
-4.044e+00
-4.502e+00
-4.346e+00
-3.984e+00
-3.991e+00
-3.991e+00
-3.991e+00
-3.991e+00
-3.991e+00
-3.991e+00
-3.991e+00
-3.991e+00
-3.991e+00
-3.991e+00
-3.991e+00
-3.991e+00
-3.991e+00
-3.991e+00
-3.991e+00
-3.994e+00
-3.981e+00
-4.044e+00
-4.502e+00
-4.342e+00
-3.983e+00
-3.992e+00
-3.992e+00
-3.992e+00
-3.992e+00
-3.992e+00
-3.992e+00
-3.992e+00
-3.992e+00
-3.992e+00
-3.992e+00
-3.992e+00
-3.992e+00
-3.992e+00
-3.992e+00
-3.992e+00
-3.993e+00
-3.984e+00
-4.046e+00
-4.504e+00
-4.904e+00
-4.392e+00
-4.401e+00
-4.401e+00
-4.401e+00
-4.401e+00
-4.401e+00
-4.401e+00
-4.401e+00
-4.401e+00
-4.401e+00
-4.401e+00
-4.401e+00
-4.401e+00
-4.401e+00
-4.401e+00
-4.401e+00
-4.401e+00
-4.396e+00
-4.448e+00
-4.700e+00
2.536e+00
-3.187e+01
-1.575e+02
-1.535e+02
-1.545e+02
-1.544e+02
-1.544e+02
-1.544e+02
-1.544e+02
-1.544e+02
-1.544e+02
-1.544e+02
-1.544e+02
-1.544e+02
-1.544e+02
-1.544e+02
-1.544e+02
-1.544e+02
-1.544e+02
-1.538e+02
-1.650e+02
-1.254e+01
-3.600e+01
-1.660e+02
-1.562e+02
-1.584e+02
-1.582e+02
-1.582e+02
-1.582e+02
-1.582e+02
-1.582e+02
-1.582e+02
-1.582e+02
-1.582e+02
-1.582e+02
-1.582e+02
-1.582e+02
-1.582e+02
-1.582e+02
-1.582e+02
-1.580e+02
-1.585e+02
-1.253e+02
-1.595e+02
-1.750e+02
-1.715e+02
-1.728e+02
-1.726e+02
-1.726e+02
-1.726e+02
-1.726e+02
-1.726e+02
-1.726e+02
-1.726e+02
-1.726e+02
-1.726e+02
-1.726e+02
-1.726e+02
-1.726e+02
-1.726e+02
-1.726e+02
-1.726e+02
-1.728e+02
-1.124e+02
-1.403e+02
-1.741e+02
-1.715e+02
-1.720e+02
-1.719e+02
-1.719e+02
-1.719e+02
-1.719e+02
-1.719e+02
-1.719e+02
-1.719e+02
-1.719e+02
-1.719e+02
-1.719e+02
-1.719e+02
-1.719e+02
-1.719e+02
-1.719e+02
-1.719e+02
-1.725e+02
-1.132e+02
-1.417e+02
-1.745e+02
-1.711e+02
-1.715e+02
-1.715e+02
-1.715e+02
-1.715e+02
-1.715e+02
-1.715e+02
-1.715e+02
-1.715e+02
-1.715e+02
-1.715e+02
-1.715e+02
-1.715e+02
-1.715e+02
-1.715e+02
-1.715e+02
-1.716e+02
-1.718e+02
-1.133e+02
-1.417e+02
-1.745e+02
-1.712e+02
-1.717e+02
-1.716e+02
-1.716e+02
-1.716e+02
-1.716e+02
-1.716e+02
-1.716e+02
-1.716e+02
-1.716e+02
-1.716e+02
-1.716e+02
-1.716e+02
-1.716e+02
-1.716e+02
-1.716e+02
-1.717e+02
-1.720e+02
-1.133e+02
-1.417e+02
-1.745e+02
-1.712e+02
-1.716e+02
-1.716e+02
-1.716e+02
-1.716e+02
-1.716e+02
-1.716e+02
-1.716e+02
-1.716e+02
-1.716e+02
-1.716e+02
-1.716e+02
-1.716e+02
-1.716e+02
-1.716e+02
-1.716e+02
-1.716e+02
-1.720e+02
-1.133e+02
-1.417e+02
-1.745e+02
-1.712e+02
-1.716e+02
-1.716e+02
-1.716e+02
-1.716e+02
-1.716e+02
-1.716e+02
-1.716e+02
-1.716e+02
-1.716e+02
-1.716e+02
-1.716e+02
-1.716e+02
-1.716e+02
-1.716e+02
-1.716e+02
-1.716e+02
-1.720e+02
-1.133e+02
-1.417e+02
-1.745e+02
-1.712e+02
-1.716e+02
-1.716e+02
-1.716e+02
-1.716e+02
-1.716e+02
-1.716e+02
-1.716e+02
-1.716e+02
-1.716e+02
-1.716e+02
-1.716e+02
-1.716e+02
-1.716e+02
-1.716e+02
-1.716e+02
-1.716e+02
-1.720e+02
-1.135e+02
-1.418e+02
-1.745e+02
-1.712e+02
-1.717e+02
-1.716e+02
-1.716e+02
-1.716e+02
-1.716e+02
-1.716e+02
-1.716e+02
-1.716e+02
-1.716e+02
-1.716e+02
-1.716e+02
-1.716e+02
-1.716e+02
-1.716e+02
-1.716e+02
-1.717e+02
-1.720e+02
-1.267e+02
-1.404e+02
-1.759e+02
-1.714e+02
-1.720e+02
-1.720e+02
-1.720e+02
-1.720e+02
-1.720e+02
-1.720e+02
-1.720e+02
-1.720e+02
-1.720e+02
-1.720e+02
-1.720e+02
-1.720e+02
-1.720e+02
-1.720e+02
-1.720e+02
-1.720e+02
-1.727e+02
-6.315e+00
-6.061e+00
-6.061e+00
-6.061e+00
-6.061e+00
-6.061e+00
-6.061e+00
-6.061e+00
-6.061e+00
-6.061e+00
-6.061e+00
-6.061e+00
-6.061e+00
-6.061e+00
-6.061e+00
-6.061e+00
-6.061e+00
-6.061e+00
-6.061e+00
-6.076e+00
-5.703e+00
-6.061e+00
-5.678e+00
-5.678e+00
-5.678e+00
-5.678e+00
-5.678e+00
-5.678e+00
-5.678e+00
-5.678e+00
-5.678e+00
-5.678e+00
-5.678e+00
-5.678e+00
-5.678e+00
-5.678e+00
-5.678e+00
-5.678e+00
-5.678e+00
-5.678e+00
-5.696e+00
-5.412e+00
-6.061e+00
-5.678e+00
-5.676e+00
-5.676e+00
-5.676e+00
-5.676e+00
-5.676e+00
-5.676e+00
-5.676e+00
-5.676e+00
-5.676e+00
-5.676e+00
-5.676e+00
-5.676e+00
-5.676e+00
-5.676e+00
-5.676e+00
-5.676e+00
-5.678e+00
-5.694e+00
-5.412e+00
-6.061e+00
-5.678e+00
-5.676e+00
-5.676e+00
-5.676e+00
-5.676e+00
-5.676e+00
-5.676e+00
-5.676e+00
-5.676e+00
-5.676e+00
-5.676e+00
-5.676e+00
-5.676e+00
-5.676e+00
-5.676e+00
-5.676e+00
-5.676e+00
-5.678e+00
-5.694e+00
-5.412e+00
-6.061e+00
-5.678e+00
-5.676e+00
-5.676e+00
-5.676e+00
-5.676e+00
-5.676e+00
-5.676e+00
-5.676e+00
-5.676e+00
-5.676e+00
-5.676e+00
-5.676e+00
-5.676e+00
-5.676e+00
-5.676e+00
-5.676e+00
-5.676e+00
-5.678e+00
-5.694e+00
-5.412e+00
-6.061e+00
-5.678e+00
-5.676e+00
-5.676e+00
-5.676e+00
-5.676e+00
-5.676e+00
-5.676e+00
-5.676e+00
-5.676e+00
-5.676e+00
-5.676e+00
-5.676e+00
-5.676e+00
-5.676e+00
-5.676e+00
-5.676e+00
-5.676e+00
-5.678e+00
-5.694e+00
-5.412e+00
-6.061e+00
-5.678e+00
-5.676e+00
-5.676e+00
-5.676e+00
-5.676e+00
-5.676e+00
-5.676e+00
-5.676e+00
-5.676e+00
-5.676e+00
-5.676e+00
-5.676e+00
-5.676e+00
-5.676e+00
-5.676e+00
-5.676e+00
-5.676e+00
-5.678e+00
-5.694e+00
-5.412e+00
-6.061e+00
-5.678e+00
-5.676e+00
-5.676e+00
-5.676e+00
-5.676e+00
-5.676e+00
-5.676e+00
-5.676e+00
-5.676e+00
-5.676e+00
-5.676e+00
-5.676e+00
-5.676e+00
-5.676e+00
-5.676e+00
-5.676e+00
-5.676e+00
-5.676e+00
-5.696e+00
-5.412e+00
-6.076e+00
-5.685e+00
-5.684e+00
-5.684e+00
-5.684e+00
-5.684e+00
-5.684e+00
-5.684e+00
-5.684e+00
-5.684e+00
-5.684e+00
-5.684e+00
-5.684e+00
-5.684e+00
-5.684e+00
-5.684e+00
-5.684e+00
-5.684e+00
-5.684e+00
-5.700e+00
-5.412e+00
-5.745e+00
-5.735e+00
-5.730e+00
-5.730e+00
-5.730e+00
-5.730e+00
-5.730e+00
-5.730e+00
-5.730e+00
-5.730e+00
-5.730e+00
-5.730e+00
-5.730e+00
-5.730e+00
-5.730e+00
-5.730e+00
-5.730e+00
-5.730e+00
-5.730e+00
-5.739e+00
-5.423e+00
4.876e+00
-2.355e+01
7.883e-01
4.662e-01
5.041e-01
5.011e-01
5.013e-01
5.013e-01
5.013e-01
5.013e-01
5.013e-01
5.013e-01
5.013e-01
5.013e-01
5.013e-01
5.013e-01
5.013e-01
5.013e-01
5.011e-01
5.437e-01
-8.031e+00
-4.430e+00
-2.894e+01
-8.726e-01
-1.663e+00
-1.550e+00
-1.559e+00
-1.559e+00
-1.559e+00
-1.559e+00
-1.559e+00
-1.559e+00
-1.559e+00
-1.559e+00
-1.559e+00
-1.559e+00
-1.559e+00
-1.559e+00
-1.559e+00
-1.559e+00
-1.576e+00
-4.751e+00
2.219e+00
-3.448e+00
-1.521e+00
-1.923e+00
-1.836e+00
-1.845e+00
-1.844e+00
-1.844e+00
-1.844e+00
-1.844e+00
-1.844e+00
-1.844e+00
-1.844e+00
-1.844e+00
-1.844e+00
-1.844e+00
-1.844e+00
-1.844e+00
-1.845e+00
-1.851e+00
-4.922e+00
2.133e+00
-4.731e+00
-1.346e+00
-1.536e+00
-1.507e+00
-1.512e+00
-1.511e+00
-1.511e+00
-1.511e+00
-1.511e+00
-1.511e+00
-1.511e+00
-1.511e+00
-1.511e+00
-1.511e+00
-1.511e+00
-1.511e+00
-1.511e+00
-1.511e+00
-1.518e+00
-4.427e+00
2.132e+00
-4.711e+00
-1.371e+00
-1.619e+00
-1.597e+00
-1.599e+00
-1.599e+00
-1.599e+00
-1.599e+00
-1.599e+00
-1.599e+00
-1.599e+00
-1.599e+00
-1.599e+00
-1.599e+00
-1.599e+00
-1.599e+00
-1.599e+00
-1.599e+00
-1.613e+00
-4.577e+00
2.133e+00
-4.704e+00
-1.363e+00
-1.602e+00
-1.581e+00
-1.583e+00
-1.583e+00
-1.583e+00
-1.583e+00
-1.583e+00
-1.583e+00
-1.583e+00
-1.583e+00
-1.583e+00
-1.583e+00
-1.583e+00
-1.583e+00
-1.583e+00
-1.583e+00
-1.585e+00
-4.549e+00
2.132e+00
-4.705e+00
-1.364e+00
-1.604e+00
-1.583e+00
-1.585e+00
-1.585e+00
-1.585e+00
-1.585e+00
-1.585e+00
-1.585e+00
-1.585e+00
-1.585e+00
-1.585e+00
-1.585e+00
-1.585e+00
-1.585e+00
-1.585e+00
-1.585e+00
-1.588e+00
-4.557e+00
2.133e+00
-4.705e+00
-1.364e+00
-1.604e+00
-1.583e+00
-1.584e+00
-1.584e+00
-1.584e+00
-1.584e+00
-1.584e+00
-1.584e+00
-1.584e+00
-1.584e+00
-1.584e+00
-1.584e+00
-1.584e+00
-1.584e+00
-1.584e+00
-1.584e+00
-1.587e+00
-4.556e+00
2.133e+00
-4.705e+00
-1.364e+00
-1.604e+00
-1.583e+00
-1.585e+00
-1.584e+00
-1.584e+00
-1.584e+00
-1.584e+00
-1.584e+00
-1.584e+00
-1.584e+00
-1.584e+00
-1.584e+00
-1.584e+00
-1.584e+00
-1.584e+00
-1.584e+00
-1.587e+00
-4.556e+00
2.125e+00
-4.704e+00
-1.370e+00
-1.610e+00
-1.586e+00
-1.587e+00
-1.587e+00
-1.587e+00
-1.587e+00
-1.587e+00
-1.587e+00
-1.587e+00
-1.587e+00
-1.587e+00
-1.587e+00
-1.587e+00
-1.587e+00
-1.587e+00
-1.587e+00
-1.601e+00
-4.553e+00
-6.192e+00
-8.909e+00
-4.147e+00
-4.595e+00
-4.553e+00
-4.557e+00
-4.556e+00
-4.556e+00
-4.556e+00
-4.556e+00
-4.556e+00
-4.556e+00
-4.556e+00
-4.556e+00
-4.556e+00
-4.556e+00
-4.556e+00
-4.556e+00
-4.556e+00
-4.553e+00
-5.219e+00
-5.485e+00
-5.348e+00
-5.348e+00
-5.348e+00
-5.348e+00
-5.348e+00
-5.348e+00
-5.348e+00
-5.348e+00
-5.348e+00
-5.348e+00
-5.348e+00
-5.348e+00
-5.348e+00
-5.348e+00
-5.348e+00
-5.348e+00
-5.348e+00
-5.348e+00
-5.348e+00
-5.103e+00
-5.348e+00
-5.103e+00
-5.103e+00
-5.103e+00
-5.103e+00
-5.103e+00
-5.103e+00
-5.103e+00
-5.103e+00
-5.103e+00
-5.103e+00
-5.103e+00
-5.103e+00
-5.103e+00
-5.103e+00
-5.103e+00
-5.103e+00
-5.103e+00
-5.103e+00
-5.103e+00
-4.890e+00
-5.348e+00
-5.103e+00
-5.103e+00
-5.103e+00
-5.103e+00
-5.103e+00
-5.103e+00
-5.103e+00
-5.103e+00
-5.103e+00
-5.103e+00
-5.103e+00
-5.103e+00
-5.103e+00
-5.103e+00
-5.103e+00
-5.103e+00
-5.103e+00
-5.103e+00
-5.103e+00
-4.890e+00
-5.348e+00
-5.103e+00
-5.103e+00
-5.103e+00
-5.103e+00
-5.103e+00
-5.103e+00
-5.103e+00
-5.103e+00
-5.103e+00
-5.103e+00
-5.103e+00
-5.103e+00
-5.103e+00
-5.103e+00
-5.103e+00
-5.103e+00
-5.103e+00
-5.103e+00
-5.103e+00
-4.890e+00
-5.348e+00
-5.103e+00
-5.103e+00
-5.103e+00
-5.103e+00
-5.103e+00
-5.103e+00
-5.103e+00
-5.103e+00
-5.103e+00
-5.103e+00
-5.103e+00
-5.103e+00
-5.103e+00
-5.103e+00
-5.103e+00
-5.103e+00
-5.103e+00
-5.103e+00
-5.103e+00
-4.890e+00
-5.348e+00
-5.103e+00
-5.103e+00
-5.103e+00
-5.103e+00
-5.103e+00
-5.103e+00
-5.103e+00
-5.103e+00
-5.103e+00
-5.103e+00
-5.103e+00
-5.103e+00
-5.103e+00
-5.103e+00
-5.103e+00
-5.103e+00
-5.103e+00
-5.103e+00
-5.103e+00
-4.890e+00
-5.348e+00
-5.103e+00
-5.103e+00
-5.103e+00
-5.103e+00
-5.103e+00
-5.103e+00
-5.103e+00
-5.103e+00
-5.103e+00
-5.103e+00
-5.103e+00
-5.103e+00
-5.103e+00
-5.103e+00
-5.103e+00
-5.103e+00
-5.103e+00
-5.103e+00
-5.103e+00
-4.890e+00
-5.348e+00
-5.103e+00
-5.103e+00
-5.103e+00
-5.103e+00
-5.103e+00
-5.103e+00
-5.103e+00
-5.103e+00
-5.103e+00
-5.103e+00
-5.103e+00
-5.103e+00
-5.103e+00
-5.103e+00
-5.103e+00
-5.103e+00
-5.103e+00
-5.103e+00
-5.103e+00
-4.890e+00
-5.348e+00
-5.103e+00
-5.103e+00
-5.103e+00
-5.103e+00
-5.103e+00
-5.103e+00
-5.103e+00
-5.103e+00
-5.103e+00
-5.103e+00
-5.103e+00
-5.103e+00
-5.103e+00
-5.103e+00
-5.103e+00
-5.103e+00
-5.103e+00
-5.103e+00
-5.103e+00
-4.890e+00
-5.545e+00
-5.098e+00
-5.100e+00
-5.099e+00
-5.099e+00
-5.099e+00
-5.099e+00
-5.099e+00
-5.099e+00
-5.099e+00
-5.099e+00
-5.099e+00
-5.099e+00
-5.099e+00
-5.099e+00
-5.099e+00
-5.099e+00
-5.099e+00
-5.100e+00
-5.098e+00
-4.886e+00
-1.116e+00
-2.397e+00
-2.210e+00
-2.212e+00
-2.212e+00
-2.212e+00
-2.212e+00
-2.212e+00
-2.212e+00
-2.212e+00
-2.212e+00
-2.212e+00
-2.212e+00
-2.212e+00
-2.212e+00
-2.212e+00
-2.212e+00
-2.212e+00
-2.212e+00
-2.212e+00
-2.285e+00
-2.365e+00
-2.627e+00
-2.374e+00
-2.379e+00
-2.379e+00
-2.379e+00
-2.379e+00
-2.379e+00
-2.379e+00
-2.379e+00
-2.379e+00
-2.379e+00
-2.379e+00
-2.379e+00
-2.379e+00
-2.379e+00
-2.379e+00
-2.379e+00
-2.379e+00
-2.378e+00
-2.435e+00
-2.299e+00
-2.397e+00
-2.384e+00
-2.386e+00
-2.386e+00
-2.386e+00
-2.386e+00
-2.386e+00
-2.386e+00
-2.386e+00
-2.386e+00
-2.386e+00
-2.386e+00
-2.386e+00
-2.386e+00
-2.386e+00
-2.386e+00
-2.386e+00
-2.386e+00
-2.385e+00
-2.443e+00
-2.299e+00
-2.402e+00
-2.382e+00
-2.384e+00
-2.383e+00
-2.383e+00
-2.383e+00
-2.383e+00
-2.383e+00
-2.383e+00
-2.383e+00
-2.383e+00
-2.383e+00
-2.383e+00
-2.383e+00
-2.383e+00
-2.383e+00
-2.383e+00
-2.383e+00
-2.383e+00
-2.437e+00
-2.299e+00
-2.402e+00
-2.383e+00
-2.384e+00
-2.384e+00
-2.384e+00
-2.384e+00
-2.384e+00
-2.384e+00
-2.384e+00
-2.384e+00
-2.384e+00
-2.384e+00
-2.384e+00
-2.384e+00
-2.384e+00
-2.384e+00
-2.384e+00
-2.384e+00
-2.383e+00
-2.439e+00
-2.299e+00
-2.402e+00
-2.383e+00
-2.384e+00
-2.384e+00
-2.384e+00
-2.384e+00
-2.384e+00
-2.384e+00
-2.384e+00
-2.384e+00
-2.384e+00
-2.384e+00
-2.384e+00
-2.384e+00
-2.384e+00
-2.384e+00
-2.384e+00
-2.384e+00
-2.383e+00
-2.438e+00
-2.299e+00
-2.402e+00
-2.383e+00
-2.384e+00
-2.384e+00
-2.384e+00
-2.384e+00
-2.384e+00
-2.384e+00
-2.384e+00
-2.384e+00
-2.384e+00
-2.384e+00
-2.384e+00
-2.384e+00
-2.384e+00
-2.384e+00
-2.384e+00
-2.384e+00
-2.383e+00
-2.438e+00
-2.299e+00
-2.402e+00
-2.383e+00
-2.384e+00
-2.384e+00
-2.384e+00
-2.384e+00
-2.384e+00
-2.384e+00
-2.384e+00
-2.384e+00
-2.384e+00
-2.384e+00
-2.384e+00
-2.384e+00
-2.384e+00
-2.384e+00
-2.384e+00
-2.384e+00
-2.383e+00
-2.438e+00
-2.299e+00
-2.402e+00
-2.383e+00
-2.384e+00
-2.384e+00
-2.384e+00
-2.384e+00
-2.384e+00
-2.384e+00
-2.384e+00
-2.384e+00
-2.384e+00
-2.384e+00
-2.384e+00
-2.384e+00
-2.384e+00
-2.384e+00
-2.384e+00
-2.384e+00
-2.383e+00
-2.438e+00
-2.302e+00
-2.401e+00
-2.382e+00
-2.383e+00
-2.383e+00
-2.383e+00
-2.383e+00
-2.383e+00
-2.383e+00
-2.383e+00
-2.383e+00
-2.383e+00
-2.383e+00
-2.383e+00
-2.383e+00
-2.383e+00
-2.383e+00
-2.383e+00
-2.383e+00
-2.383e+00
-2.438e+00
-2.408e+00
-2.468e+00
-2.436e+00
-2.439e+00
-2.438e+00
-2.438e+00
-2.438e+00
-2.438e+00
-2.438e+00
-2.438e+00
-2.438e+00
-2.438e+00
-2.438e+00
-2.438e+00
-2.438e+00
-2.438e+00
-2.438e+00
-2.438e+00
-2.438e+00
-2.438e+00
-2.457e+00
-4.415e+00
-4.409e+00
-4.409e+00
-4.409e+00
-4.409e+00
-4.409e+00
-4.409e+00
-4.409e+00
-4.409e+00
-4.409e+00
-4.409e+00
-4.409e+00
-4.409e+00
-4.409e+00
-4.409e+00
-4.409e+00
-4.409e+00
-4.409e+00
-4.409e+00
-4.409e+00
-4.392e+00
-4.409e+00
-4.392e+00
-4.392e+00
-4.392e+00
-4.392e+00
-4.392e+00
-4.392e+00
-4.392e+00
-4.392e+00
-4.392e+00
-4.392e+00
-4.392e+00
-4.392e+00
-4.392e+00
-4.392e+00
-4.392e+00
-4.392e+00
-4.392e+00
-4.392e+00
-4.392e+00
-4.379e+00
-4.409e+00
-4.392e+00
-4.392e+00
-4.392e+00
-4.392e+00
-4.392e+00
-4.392e+00
-4.392e+00
-4.392e+00
-4.392e+00
-4.392e+00
-4.392e+00
-4.392e+00
-4.392e+00
-4.392e+00
-4.392e+00
-4.392e+00
-4.392e+00
-4.392e+00
-4.392e+00
-4.378e+00
-4.409e+00
-4.392e+00
-4.392e+00
-4.392e+00
-4.392e+00
-4.392e+00
-4.392e+00
-4.392e+00
-4.392e+00
-4.392e+00
-4.392e+00
-4.392e+00
-4.392e+00
-4.392e+00
-4.392e+00
-4.392e+00
-4.392e+00
-4.392e+00
-4.392e+00
-4.392e+00
-4.378e+00
-4.409e+00
-4.392e+00
-4.392e+00
-4.392e+00
-4.392e+00
-4.392e+00
-4.392e+00
-4.392e+00
-4.392e+00
-4.392e+00
-4.392e+00
-4.392e+00
-4.392e+00
-4.392e+00
-4.392e+00
-4.392e+00
-4.392e+00
-4.392e+00
-4.392e+00
-4.392e+00
-4.378e+00
-4.409e+00
-4.392e+00
-4.392e+00
-4.392e+00
-4.392e+00
-4.392e+00
-4.392e+00
-4.392e+00
-4.392e+00
-4.392e+00
-4.392e+00
-4.392e+00
-4.392e+00
-4.392e+00
-4.392e+00
-4.392e+00
-4.392e+00
-4.392e+00
-4.392e+00
-4.392e+00
-4.378e+00
-4.409e+00
-4.392e+00
-4.392e+00
-4.392e+00
-4.392e+00
-4.392e+00
-4.392e+00
-4.392e+00
-4.392e+00
-4.392e+00
-4.392e+00
-4.392e+00
-4.392e+00
-4.392e+00
-4.392e+00
-4.392e+00
-4.392e+00
-4.392e+00
-4.392e+00
-4.392e+00
-4.378e+00
-4.409e+00
-4.392e+00
-4.392e+00
-4.392e+00
-4.392e+00
-4.392e+00
-4.392e+00
-4.392e+00
-4.392e+00
-4.392e+00
-4.392e+00
-4.392e+00
-4.392e+00
-4.392e+00
-4.392e+00
-4.392e+00
-4.392e+00
-4.392e+00
-4.392e+00
-4.392e+00
-4.378e+00
-4.409e+00
-4.392e+00
-4.392e+00
-4.392e+00
-4.392e+00
-4.392e+00
-4.392e+00
-4.392e+00
-4.392e+00
-4.392e+00
-4.392e+00
-4.392e+00
-4.392e+00
-4.392e+00
-4.392e+00
-4.392e+00
-4.392e+00
-4.392e+00
-4.392e+00
-4.392e+00
-4.378e+00
-4.431e+00
-4.393e+00
-4.392e+00
-4.392e+00
-4.392e+00
-4.392e+00
-4.392e+00
-4.392e+00
-4.392e+00
-4.392e+00
-4.392e+00
-4.392e+00
-4.392e+00
-4.392e+00
-4.392e+00
-4.392e+00
-4.392e+00
-4.392e+00
-4.392e+00
-4.392e+00
-4.376e+00
-2.134e+00
-2.151e+00
-2.151e+00
-2.151e+00
-2.151e+00
-2.151e+00
-2.151e+00
-2.151e+00
-2.151e+00
-2.151e+00
-2.151e+00
-2.151e+00
-2.151e+00
-2.151e+00
-2.151e+00
-2.151e+00
-2.151e+00
-2.151e+00
-2.151e+00
-2.151e+00
-2.149e+00
-2.154e+00
-2.154e+00
-2.152e+00
-2.152e+00
-2.152e+00
-2.152e+00
-2.152e+00
-2.152e+00
-2.152e+00
-2.152e+00
-2.152e+00
-2.152e+00
-2.152e+00
-2.152e+00
-2.152e+00
-2.152e+00
-2.152e+00
-2.152e+00
-2.152e+00
-2.152e+00
-2.151e+00
-2.154e+00
-2.152e+00
-2.152e+00
-2.152e+00
-2.152e+00
-2.152e+00
-2.152e+00
-2.152e+00
-2.152e+00
-2.152e+00
-2.152e+00
-2.152e+00
-2.152e+00
-2.152e+00
-2.152e+00
-2.152e+00
-2.152e+00
-2.152e+00
-2.152e+00
-2.152e+00
-2.151e+00
-2.154e+00
-2.152e+00
-2.152e+00
-2.152e+00
-2.152e+00
-2.152e+00
-2.152e+00
-2.152e+00
-2.152e+00
-2.152e+00
-2.152e+00
-2.152e+00
-2.152e+00
-2.152e+00
-2.152e+00
-2.152e+00
-2.152e+00
-2.152e+00
-2.152e+00
-2.152e+00
-2.151e+00
-2.154e+00
-2.152e+00
-2.152e+00
-2.152e+00
-2.152e+00
-2.152e+00
-2.152e+00
-2.152e+00
-2.152e+00
-2.152e+00
-2.152e+00
-2.152e+00
-2.152e+00
-2.152e+00
-2.152e+00
-2.152e+00
-2.152e+00
-2.152e+00
-2.152e+00
-2.152e+00
-2.151e+00
-2.154e+00
-2.152e+00
-2.152e+00
-2.152e+00
-2.152e+00
-2.152e+00
-2.152e+00
-2.152e+00
-2.152e+00
-2.152e+00
-2.152e+00
-2.152e+00
-2.152e+00
-2.152e+00
-2.152e+00
-2.152e+00
-2.152e+00
-2.152e+00
-2.152e+00
-2.152e+00
-2.151e+00
-2.154e+00
-2.152e+00
-2.152e+00
-2.152e+00
-2.152e+00
-2.152e+00
-2.152e+00
-2.152e+00
-2.152e+00
-2.152e+00
-2.152e+00
-2.152e+00
-2.152e+00
-2.152e+00
-2.152e+00
-2.152e+00
-2.152e+00
-2.152e+00
-2.152e+00
-2.152e+00
-2.151e+00
-2.154e+00
-2.152e+00
-2.152e+00
-2.152e+00
-2.152e+00
-2.152e+00
-2.152e+00
-2.152e+00
-2.152e+00
-2.152e+00
-2.152e+00
-2.152e+00
-2.152e+00
-2.152e+00
-2.152e+00
-2.152e+00
-2.152e+00
-2.152e+00
-2.152e+00
-2.152e+00
-2.151e+00
-2.154e+00
-2.152e+00
-2.152e+00
-2.152e+00
-2.152e+00
-2.152e+00
-2.152e+00
-2.152e+00
-2.152e+00
-2.152e+00
-2.152e+00
-2.152e+00
-2.152e+00
-2.152e+00
-2.152e+00
-2.152e+00
-2.152e+00
-2.152e+00
-2.152e+00
-2.152e+00
-2.151e+00
-2.154e+00
-2.152e+00
-2.152e+00
-2.152e+00
-2.152e+00
-2.152e+00
-2.152e+00
-2.152e+00
-2.152e+00
-2.152e+00
-2.152e+00
-2.152e+00
-2.152e+00
-2.152e+00
-2.152e+00
-2.152e+00
-2.152e+00
-2.152e+00
-2.152e+00
-2.152e+00
-2.151e+00
-2.152e+00
-2.151e+00
-2.151e+00
-2.151e+00
-2.151e+00
-2.151e+00
-2.151e+00
-2.151e+00
-2.151e+00
-2.151e+00
-2.151e+00
-2.151e+00
-2.151e+00
-2.151e+00
-2.151e+00
-2.151e+00
-2.151e+00
-2.151e+00
-2.151e+00
-2.151e+00
-2.151e+00
-4.581e+00
-4.286e+00
-4.286e+00
-4.286e+00
-4.286e+00
-4.286e+00
-4.286e+00
-4.286e+00
-4.286e+00
-4.286e+00
-4.286e+00
-4.286e+00
-4.286e+00
-4.286e+00
-4.286e+00
-4.286e+00
-4.286e+00
-4.286e+00
-4.286e+00
-4.286e+00
-3.852e+00
-4.286e+00
-3.852e+00
-3.852e+00
-3.852e+00
-3.852e+00
-3.852e+00
-3.852e+00
-3.852e+00
-3.852e+00
-3.852e+00
-3.852e+00
-3.852e+00
-3.852e+00
-3.852e+00
-3.852e+00
-3.852e+00
-3.852e+00
-3.852e+00
-3.852e+00
-3.852e+00
-3.545e+00
-4.286e+00
-3.852e+00
-3.852e+00
-3.852e+00
-3.852e+00
-3.852e+00
-3.852e+00
-3.852e+00
-3.852e+00
-3.852e+00
-3.852e+00
-3.852e+00
-3.852e+00
-3.852e+00
-3.852e+00
-3.852e+00
-3.852e+00
-3.852e+00
-3.852e+00
-3.852e+00
-3.549e+00
-4.286e+00
-3.852e+00
-3.852e+00
-3.852e+00
-3.852e+00
-3.852e+00
-3.852e+00
-3.852e+00
-3.852e+00
-3.852e+00
-3.852e+00
-3.852e+00
-3.852e+00
-3.852e+00
-3.852e+00
-3.852e+00
-3.852e+00
-3.852e+00
-3.852e+00
-3.852e+00
-3.549e+00
-4.286e+00
-3.852e+00
-3.852e+00
-3.852e+00
-3.852e+00
-3.852e+00
-3.852e+00
-3.852e+00
-3.852e+00
-3.852e+00
-3.852e+00
-3.852e+00
-3.852e+00
-3.852e+00
-3.852e+00
-3.852e+00
-3.852e+00
-3.852e+00
-3.852e+00
-3.852e+00
-3.549e+00
-4.286e+00
-3.852e+00
-3.852e+00
-3.852e+00
-3.852e+00
-3.852e+00
-3.852e+00
-3.852e+00
-3.852e+00
-3.852e+00
-3.852e+00
-3.852e+00
-3.852e+00
-3.852e+00
-3.852e+00
-3.852e+00
-3.852e+00
-3.852e+00
-3.852e+00
-3.852e+00
-3.549e+00
-4.286e+00
-3.852e+00
-3.852e+00
-3.852e+00
-3.852e+00
-3.852e+00
-3.852e+00
-3.852e+00
-3.852e+00
-3.852e+00
-3.852e+00
-3.852e+00
-3.852e+00
-3.852e+00
-3.852e+00
-3.852e+00
-3.852e+00
-3.852e+00
-3.852e+00
-3.852e+00
-3.549e+00
-4.286e+00
-3.852e+00
-3.852e+00
-3.852e+00
-3.852e+00
-3.852e+00
-3.852e+00
-3.852e+00
-3.852e+00
-3.852e+00
-3.852e+00
-3.852e+00
-3.852e+00
-3.852e+00
-3.852e+00
-3.852e+00
-3.852e+00
-3.852e+00
-3.852e+00
-3.852e+00
-3.549e+00
-4.286e+00
-3.852e+00
-3.852e+00
-3.852e+00
-3.852e+00
-3.852e+00
-3.852e+00
-3.852e+00
-3.852e+00
-3.852e+00
-3.852e+00
-3.852e+00
-3.852e+00
-3.852e+00
-3.852e+00
-3.852e+00
-3.852e+00
-3.852e+00
-3.852e+00
-3.852e+00
-3.549e+00
-4.278e+00
-3.852e+00
-3.852e+00
-3.852e+00
-3.852e+00
-3.852e+00
-3.852e+00
-3.852e+00
-3.852e+00
-3.852e+00
-3.852e+00
-3.852e+00
-3.852e+00
-3.852e+00
-3.852e+00
-3.852e+00
-3.852e+00
-3.852e+00
-3.852e+00
-3.852e+00
-3.550e+00
-2.152e+00
-2.106e+00
-2.106e+00
-2.106e+00
-2.106e+00
-2.106e+00
-2.106e+00
-2.106e+00
-2.106e+00
-2.106e+00
-2.106e+00
-2.106e+00
-2.106e+00
-2.106e+00
-2.106e+00
-2.106e+00
-2.106e+00
-2.106e+00
-2.106e+00
-2.106e+00
-2.074e+00
-2.152e+00
-2.106e+00
-2.106e+00
-2.106e+00
-2.106e+00
-2.106e+00
-2.106e+00
-2.106e+00
-2.106e+00
-2.106e+00
-2.106e+00
-2.106e+00
-2.106e+00
-2.106e+00
-2.106e+00
-2.106e+00
-2.106e+00
-2.106e+00
-2.106e+00
-2.106e+00
-2.074e+00
-2.152e+00
-2.106e+00
-2.106e+00
-2.106e+00
-2.106e+00
-2.106e+00
-2.106e+00
-2.106e+00
-2.106e+00
-2.106e+00
-2.106e+00
-2.106e+00
-2.106e+00
-2.106e+00
-2.106e+00
-2.106e+00
-2.106e+00
-2.106e+00
-2.106e+00
-2.106e+00
-2.074e+00
-2.152e+00
-2.106e+00
-2.106e+00
-2.106e+00
-2.106e+00
-2.106e+00
-2.106e+00
-2.106e+00
-2.106e+00
-2.106e+00
-2.106e+00
-2.106e+00
-2.106e+00
-2.106e+00
-2.106e+00
-2.106e+00
-2.106e+00
-2.106e+00
-2.106e+00
-2.106e+00
-2.074e+00
-2.152e+00
-2.106e+00
-2.106e+00
-2.106e+00
-2.106e+00
-2.106e+00
-2.106e+00
-2.106e+00
-2.106e+00
-2.106e+00
-2.106e+00
-2.106e+00
-2.106e+00
-2.106e+00
-2.106e+00
-2.106e+00
-2.106e+00
-2.106e+00
-2.106e+00
-2.106e+00
-2.074e+00
-2.152e+00
-2.106e+00
-2.106e+00
-2.106e+00
-2.106e+00
-2.106e+00
-2.106e+00
-2.106e+00
-2.106e+00
-2.106e+00
-2.106e+00
-2.106e+00
-2.106e+00
-2.106e+00
-2.106e+00
-2.106e+00
-2.106e+00
-2.106e+00
-2.106e+00
-2.106e+00
-2.074e+00
-2.152e+00
-2.106e+00
-2.106e+00
-2.106e+00
-2.106e+00
-2.106e+00
-2.106e+00
-2.106e+00
-2.106e+00
-2.106e+00
-2.106e+00
-2.106e+00
-2.106e+00
-2.106e+00
-2.106e+00
-2.106e+00
-2.106e+00
-2.106e+00
-2.106e+00
-2.106e+00
-2.074e+00
-2.152e+00
-2.106e+00
-2.106e+00
-2.106e+00
-2.106e+00
-2.106e+00
-2.106e+00
-2.106e+00
-2.106e+00
-2.106e+00
-2.106e+00
-2.106e+00
-2.106e+00
-2.106e+00
-2.106e+00
-2.106e+00
-2.106e+00
-2.106e+00
-2.106e+00
-2.106e+00
-2.074e+00
-2.152e+00
-2.106e+00
-2.106e+00
-2.106e+00
-2.106e+00
-2.106e+00
-2.106e+00
-2.106e+00
-2.106e+00
-2.106e+00
-2.106e+00
-2.106e+00
-2.106e+00
-2.106e+00
-2.106e+00
-2.106e+00
-2.106e+00
-2.106e+00
-2.106e+00
-2.106e+00
-2.074e+00
-2.152e+00
-2.106e+00
-2.106e+00
-2.106e+00
-2.106e+00
-2.106e+00
-2.106e+00
-2.106e+00
-2.106e+00
-2.106e+00
-2.106e+00
-2.106e+00
-2.106e+00
-2.106e+00
-2.106e+00
-2.106e+00
-2.106e+00
-2.106e+00
-2.106e+00
-2.106e+00
-2.074e+00
-2.106e+00
-2.074e+00
-2.074e+00
-2.074e+00
-2.074e+00
-2.074e+00
-2.074e+00
-2.074e+00
-2.074e+00
-2.074e+00
-2.074e+00
-2.074e+00
-2.074e+00
-2.074e+00
-2.074e+00
-2.074e+00
-2.074e+00
-2.074e+00
-2.074e+00
-2.074e+00
-2.061e+00
-3.096e+00
-3.095e+00
-3.095e+00
-3.095e+00
-3.095e+00
-3.095e+00
-3.095e+00
-3.095e+00
-3.095e+00
-3.095e+00
-3.095e+00
-3.095e+00
-3.095e+00
-3.095e+00
-3.095e+00
-3.095e+00
-3.095e+00
-3.095e+00
-3.095e+00
-3.095e+00
-3.092e+00
-3.095e+00
-3.092e+00
-3.092e+00
-3.092e+00
-3.092e+00
-3.092e+00
-3.092e+00
-3.092e+00
-3.092e+00
-3.092e+00
-3.092e+00
-3.092e+00
-3.092e+00
-3.092e+00
-3.092e+00
-3.092e+00
-3.092e+00
-3.092e+00
-3.092e+00
-3.092e+00
-3.085e+00
-3.095e+00
-3.092e+00
-3.092e+00
-3.092e+00
-3.092e+00
-3.092e+00
-3.092e+00
-3.092e+00
-3.092e+00
-3.092e+00
-3.092e+00
-3.092e+00
-3.092e+00
-3.092e+00
-3.092e+00
-3.092e+00
-3.092e+00
-3.092e+00
-3.092e+00
-3.092e+00
-3.085e+00
-3.095e+00
-3.092e+00
-3.092e+00
-3.092e+00
-3.092e+00
-3.092e+00
-3.092e+00
-3.092e+00
-3.092e+00
-3.092e+00
-3.092e+00
-3.092e+00
-3.092e+00
-3.092e+00
-3.092e+00
-3.092e+00
-3.092e+00
-3.092e+00
-3.092e+00
-3.092e+00
-3.085e+00
-3.095e+00
-3.092e+00
-3.092e+00
-3.092e+00
-3.092e+00
-3.092e+00
-3.092e+00
-3.092e+00
-3.092e+00
-3.092e+00
-3.092e+00
-3.092e+00
-3.092e+00
-3.092e+00
-3.092e+00
-3.092e+00
-3.092e+00
-3.092e+00
-3.092e+00
-3.092e+00
-3.085e+00
-3.095e+00
-3.092e+00
-3.092e+00
-3.092e+00
-3.092e+00
-3.092e+00
-3.092e+00
-3.092e+00
-3.092e+00
-3.092e+00
-3.092e+00
-3.092e+00
-3.092e+00
-3.092e+00
-3.092e+00
-3.092e+00
-3.092e+00
-3.092e+00
-3.092e+00
-3.092e+00
-3.085e+00
-3.095e+00
-3.092e+00
-3.092e+00
-3.092e+00
-3.092e+00
-3.092e+00
-3.092e+00
-3.092e+00
-3.092e+00
-3.092e+00
-3.092e+00
-3.092e+00
-3.092e+00
-3.092e+00
-3.092e+00
-3.092e+00
-3.092e+00
-3.092e+00
-3.092e+00
-3.092e+00
-3.085e+00
-3.095e+00
-3.092e+00
-3.092e+00
-3.092e+00
-3.092e+00
-3.092e+00
-3.092e+00
-3.092e+00
-3.092e+00
-3.092e+00
-3.092e+00
-3.092e+00
-3.092e+00
-3.092e+00
-3.092e+00
-3.092e+00
-3.092e+00
-3.092e+00
-3.092e+00
-3.092e+00
-3.085e+00
-3.095e+00
-3.092e+00
-3.092e+00
-3.092e+00
-3.092e+00
-3.092e+00
-3.092e+00
-3.092e+00
-3.092e+00
-3.092e+00
-3.092e+00
-3.092e+00
-3.092e+00
-3.092e+00
-3.092e+00
-3.092e+00
-3.092e+00
-3.092e+00
-3.092e+00
-3.092e+00
-3.085e+00
-3.096e+00
-3.092e+00
-3.092e+00
-3.092e+00
-3.092e+00
-3.092e+00
-3.092e+00
-3.092e+00
-3.092e+00
-3.092e+00
-3.092e+00
-3.092e+00
-3.092e+00
-3.092e+00
-3.092e+00
-3.092e+00
-3.092e+00
-3.092e+00
-3.092e+00
-3.092e+00
-3.085e+00
-1.956e+00
-1.956e+00
-1.956e+00
-1.956e+00
-1.956e+00
-1.956e+00
-1.956e+00
-1.956e+00
-1.956e+00
-1.956e+00
-1.956e+00
-1.956e+00
-1.956e+00
-1.956e+00
-1.956e+00
-1.956e+00
-1.956e+00
-1.956e+00
-1.956e+00
-1.956e+00
-1.955e+00
-1.956e+00
-1.955e+00
-1.955e+00
-1.955e+00
-1.955e+00
-1.955e+00
-1.955e+00
-1.955e+00
-1.955e+00
-1.955e+00
-1.955e+00
-1.955e+00
-1.955e+00
-1.955e+00
-1.955e+00
-1.955e+00
-1.955e+00
-1.955e+00
-1.955e+00
-1.955e+00
-1.954e+00
-1.956e+00
-1.955e+00
-1.955e+00
-1.955e+00
-1.955e+00
-1.955e+00
-1.955e+00
-1.955e+00
-1.955e+00
-1.955e+00
-1.955e+00
-1.955e+00
-1.955e+00
-1.955e+00
-1.955e+00
-1.955e+00
-1.955e+00
-1.955e+00
-1.955e+00
-1.955e+00
-1.954e+00
-1.956e+00
-1.955e+00
-1.955e+00
-1.955e+00
-1.955e+00
-1.955e+00
-1.955e+00
-1.955e+00
-1.955e+00
-1.955e+00
-1.955e+00
-1.955e+00
-1.955e+00
-1.955e+00
-1.955e+00
-1.955e+00
-1.955e+00
-1.955e+00
-1.955e+00
-1.955e+00
-1.954e+00
-1.956e+00
-1.955e+00
-1.955e+00
-1.955e+00
-1.955e+00
-1.955e+00
-1.955e+00
-1.955e+00
-1.955e+00
-1.955e+00
-1.955e+00
-1.955e+00
-1.955e+00
-1.955e+00
-1.955e+00
-1.955e+00
-1.955e+00
-1.955e+00
-1.955e+00
-1.955e+00
-1.954e+00
-1.956e+00
-1.955e+00
-1.955e+00
-1.955e+00
-1.955e+00
-1.955e+00
-1.955e+00
-1.955e+00
-1.955e+00
-1.955e+00
-1.955e+00
-1.955e+00
-1.955e+00
-1.955e+00
-1.955e+00
-1.955e+00
-1.955e+00
-1.955e+00
-1.955e+00
-1.955e+00
-1.954e+00
-1.956e+00
-1.955e+00
-1.955e+00
-1.955e+00
-1.955e+00
-1.955e+00
-1.955e+00
-1.955e+00
-1.955e+00
-1.955e+00
-1.955e+00
-1.955e+00
-1.955e+00
-1.955e+00
-1.955e+00
-1.955e+00
-1.955e+00
-1.955e+00
-1.955e+00
-1.955e+00
-1.954e+00
-1.956e+00
-1.955e+00
-1.955e+00
-1.955e+00
-1.955e+00
-1.955e+00
-1.955e+00
-1.955e+00
-1.955e+00
-1.955e+00
-1.955e+00
-1.955e+00
-1.955e+00
-1.955e+00
-1.955e+00
-1.955e+00
-1.955e+00
-1.955e+00
-1.955e+00
-1.955e+00
-1.954e+00
-1.956e+00
-1.955e+00
-1.955e+00
-1.955e+00
-1.955e+00
-1.955e+00
-1.955e+00
-1.955e+00
-1.955e+00
-1.955e+00
-1.955e+00
-1.955e+00
-1.955e+00
-1.955e+00
-1.955e+00
-1.955e+00
-1.955e+00
-1.955e+00
-1.955e+00
-1.955e+00
-1.954e+00
-1.956e+00
-1.955e+00
-1.955e+00
-1.955e+00
-1.955e+00
-1.955e+00
-1.955e+00
-1.955e+00
-1.955e+00
-1.955e+00
-1.955e+00
-1.955e+00
-1.955e+00
-1.955e+00
-1.955e+00
-1.955e+00
-1.955e+00
-1.955e+00
-1.955e+00
-1.955e+00
-1.954e+00
-1.955e+00
-1.954e+00
-1.954e+00
-1.954e+00
-1.954e+00
-1.954e+00
-1.954e+00
-1.954e+00
-1.954e+00
-1.954e+00
-1.954e+00
-1.954e+00
-1.954e+00
-1.954e+00
-1.954e+00
-1.954e+00
-1.954e+00
-1.954e+00
-1.954e+00
-1.954e+00
-1.953e+00
-2.914e+00
-2.780e+00
-2.780e+00
-2.780e+00
-2.780e+00
-2.780e+00
-2.780e+00
-2.780e+00
-2.780e+00
-2.780e+00
-2.780e+00
-2.780e+00
-2.780e+00
-2.780e+00
-2.780e+00
-2.780e+00
-2.780e+00
-2.780e+00
-2.780e+00
-2.780e+00
-2.590e+00
-2.780e+00
-2.590e+00
-2.590e+00
-2.590e+00
-2.590e+00
-2.590e+00
-2.590e+00
-2.590e+00
-2.590e+00
-2.590e+00
-2.590e+00
-2.590e+00
-2.590e+00
-2.590e+00
-2.590e+00
-2.590e+00
-2.590e+00
-2.590e+00
-2.590e+00
-2.590e+00
-2.460e+00
-2.780e+00
-2.590e+00
-2.590e+00
-2.590e+00
-2.590e+00
-2.590e+00
-2.590e+00
-2.590e+00
-2.590e+00
-2.590e+00
-2.590e+00
-2.590e+00
-2.590e+00
-2.590e+00
-2.590e+00
-2.590e+00
-2.590e+00
-2.590e+00
-2.590e+00
-2.590e+00
-2.460e+00
-2.780e+00
-2.590e+00
-2.590e+00
-2.590e+00
-2.590e+00
-2.590e+00
-2.590e+00
-2.590e+00
-2.590e+00
-2.590e+00
-2.590e+00
-2.590e+00
-2.590e+00
-2.590e+00
-2.590e+00
-2.590e+00
-2.590e+00
-2.590e+00
-2.590e+00
-2.590e+00
-2.460e+00
-2.780e+00
-2.590e+00
-2.590e+00
-2.590e+00
-2.590e+00
-2.590e+00
-2.590e+00
-2.590e+00
-2.590e+00
-2.590e+00
-2.590e+00
-2.590e+00
-2.590e+00
-2.590e+00
-2.590e+00
-2.590e+00
-2.590e+00
-2.590e+00
-2.590e+00
-2.590e+00
-2.460e+00
-2.780e+00
-2.590e+00
-2.590e+00
-2.590e+00
-2.590e+00
-2.590e+00
-2.590e+00
-2.590e+00
-2.590e+00
-2.590e+00
-2.590e+00
-2.590e+00
-2.590e+00
-2.590e+00
-2.590e+00
-2.590e+00
-2.590e+00
-2.590e+00
-2.590e+00
-2.590e+00
-2.460e+00
-2.780e+00
-2.590e+00
-2.590e+00
-2.590e+00
-2.590e+00
-2.590e+00
-2.590e+00
-2.590e+00
-2.590e+00
-2.590e+00
-2.590e+00
-2.590e+00
-2.590e+00
-2.590e+00
-2.590e+00
-2.590e+00
-2.590e+00
-2.590e+00
-2.590e+00
-2.590e+00
-2.460e+00
-2.780e+00
-2.590e+00
-2.590e+00
-2.590e+00
-2.590e+00
-2.590e+00
-2.590e+00
-2.590e+00
-2.590e+00
-2.590e+00
-2.590e+00
-2.590e+00
-2.590e+00
-2.590e+00
-2.590e+00
-2.590e+00
-2.590e+00
-2.590e+00
-2.590e+00
-2.590e+00
-2.460e+00
-2.780e+00
-2.590e+00
-2.590e+00
-2.590e+00
-2.590e+00
-2.590e+00
-2.590e+00
-2.590e+00
-2.590e+00
-2.590e+00
-2.590e+00
-2.590e+00
-2.590e+00
-2.590e+00
-2.590e+00
-2.590e+00
-2.590e+00
-2.590e+00
-2.590e+00
-2.590e+00
-2.460e+00
-2.780e+00
-2.590e+00
-2.590e+00
-2.590e+00
-2.590e+00
-2.590e+00
-2.590e+00
-2.590e+00
-2.590e+00
-2.590e+00
-2.590e+00
-2.590e+00
-2.590e+00
-2.590e+00
-2.590e+00
-2.590e+00
-2.590e+00
-2.590e+00
-2.590e+00
-2.590e+00
-2.460e+00
-1.854e+00
-1.838e+00
-1.838e+00
-1.838e+00
-1.838e+00
-1.838e+00
-1.838e+00
-1.838e+00
-1.838e+00
-1.838e+00
-1.838e+00
-1.838e+00
-1.838e+00
-1.838e+00
-1.838e+00
-1.838e+00
-1.838e+00
-1.838e+00
-1.838e+00
-1.838e+00
-1.827e+00
-1.854e+00
-1.838e+00
-1.838e+00
-1.838e+00
-1.838e+00
-1.838e+00
-1.838e+00
-1.838e+00
-1.838e+00
-1.838e+00
-1.838e+00
-1.838e+00
-1.838e+00
-1.838e+00
-1.838e+00
-1.838e+00
-1.838e+00
-1.838e+00
-1.838e+00
-1.838e+00
-1.826e+00
-1.854e+00
-1.838e+00
-1.838e+00
-1.838e+00
-1.838e+00
-1.838e+00
-1.838e+00
-1.838e+00
-1.838e+00
-1.838e+00
-1.838e+00
-1.838e+00
-1.838e+00
-1.838e+00
-1.838e+00
-1.838e+00
-1.838e+00
-1.838e+00
-1.838e+00
-1.838e+00
-1.826e+00
-1.854e+00
-1.838e+00
-1.838e+00
-1.838e+00
-1.838e+00
-1.838e+00
-1.838e+00
-1.838e+00
-1.838e+00
-1.838e+00
-1.838e+00
-1.838e+00
-1.838e+00
-1.838e+00
-1.838e+00
-1.838e+00
-1.838e+00
-1.838e+00
-1.838e+00
-1.838e+00
-1.826e+00
-1.854e+00
-1.838e+00
-1.838e+00
-1.838e+00
-1.838e+00
-1.838e+00
-1.838e+00
-1.838e+00
-1.838e+00
-1.838e+00
-1.838e+00
-1.838e+00
-1.838e+00
-1.838e+00
-1.838e+00
-1.838e+00
-1.838e+00
-1.838e+00
-1.838e+00
-1.838e+00
-1.826e+00
-1.854e+00
-1.838e+00
-1.838e+00
-1.838e+00
-1.838e+00
-1.838e+00
-1.838e+00
-1.838e+00
-1.838e+00
-1.838e+00
-1.838e+00
-1.838e+00
-1.838e+00
-1.838e+00
-1.838e+00
-1.838e+00
-1.838e+00
-1.838e+00
-1.838e+00
-1.838e+00
-1.826e+00
-1.854e+00
-1.838e+00
-1.838e+00
-1.838e+00
-1.838e+00
-1.838e+00
-1.838e+00
-1.838e+00
-1.838e+00
-1.838e+00
-1.838e+00
-1.838e+00
-1.838e+00
-1.838e+00
-1.838e+00
-1.838e+00
-1.838e+00
-1.838e+00
-1.838e+00
-1.838e+00
-1.826e+00
-1.854e+00
-1.838e+00
-1.838e+00
-1.838e+00
-1.838e+00
-1.838e+00
-1.838e+00
-1.838e+00
-1.838e+00
-1.838e+00
-1.838e+00
-1.838e+00
-1.838e+00
-1.838e+00
-1.838e+00
-1.838e+00
-1.838e+00
-1.838e+00
-1.838e+00
-1.838e+00
-1.826e+00
-1.854e+00
-1.838e+00
-1.838e+00
-1.838e+00
-1.838e+00
-1.838e+00
-1.838e+00
-1.838e+00
-1.838e+00
-1.838e+00
-1.838e+00
-1.838e+00
-1.838e+00
-1.838e+00
-1.838e+00
-1.838e+00
-1.838e+00
-1.838e+00
-1.838e+00
-1.838e+00
-1.826e+00
-1.854e+00
-1.838e+00
-1.838e+00
-1.838e+00
-1.838e+00
-1.838e+00
-1.838e+00
-1.838e+00
-1.838e+00
-1.838e+00
-1.838e+00
-1.838e+00
-1.838e+00
-1.838e+00
-1.838e+00
-1.838e+00
-1.838e+00
-1.838e+00
-1.838e+00
-1.838e+00
-1.826e+00
-1.838e+00
-1.826e+00
-1.826e+00
-1.826e+00
-1.826e+00
-1.826e+00
-1.826e+00
-1.826e+00
-1.826e+00
-1.826e+00
-1.826e+00
-1.826e+00
-1.826e+00
-1.826e+00
-1.826e+00
-1.826e+00
-1.826e+00
-1.826e+00
-1.826e+00
-1.826e+00
-1.822e+00
-1.879e+00
-1.878e+00
-1.878e+00
-1.878e+00
-1.878e+00
-1.878e+00
-1.878e+00
-1.878e+00
-1.878e+00
-1.878e+00
-1.878e+00
-1.878e+00
-1.878e+00
-1.878e+00
-1.878e+00
-1.878e+00
-1.878e+00
-1.878e+00
-1.878e+00
-1.879e+00
-1.878e+00
-1.878e+00
-1.878e+00
-1.878e+00
-1.878e+00
-1.878e+00
-1.878e+00
-1.878e+00
-1.878e+00
-1.878e+00
-1.878e+00
-1.878e+00
-1.878e+00
-1.878e+00
-1.878e+00
-1.878e+00
-1.878e+00
-1.878e+00
-1.878e+00
-1.878e+00
-1.878e+00
-1.878e+00
-1.878e+00
-1.878e+00
-1.878e+00
-1.878e+00
-1.878e+00
-1.878e+00
-1.878e+00
-1.878e+00
-1.878e+00
-1.878e+00
-1.878e+00
-1.878e+00
-1.878e+00
-1.878e+00
-1.878e+00
-1.878e+00
-1.878e+00
-1.878e+00
-1.878e+00
-1.878e+00
-1.878e+00
-1.878e+00
-1.878e+00
-1.878e+00
-1.878e+00
-1.878e+00
-1.878e+00
-1.878e+00
-1.878e+00
-1.878e+00
-1.878e+00
-1.878e+00
-1.878e+00
-1.878e+00
-1.878e+00
-1.878e+00
-1.878e+00
-1.878e+00
-1.878e+00
-1.878e+00
-1.878e+00
-1.878e+00
-1.878e+00
-1.878e+00
-1.878e+00
-1.878e+00
-1.878e+00
-1.878e+00
-1.878e+00
-1.878e+00
-1.878e+00
-1.878e+00
-1.878e+00
-1.878e+00
-1.878e+00
-1.878e+00
-1.878e+00
-1.878e+00
-1.878e+00
-1.878e+00
-1.878e+00
-1.878e+00
-1.878e+00
-1.878e+00
-1.878e+00
-1.878e+00
-1.878e+00
-1.878e+00
-1.878e+00
-1.878e+00
-1.878e+00
-1.878e+00
-1.878e+00
-1.878e+00
-1.878e+00
-1.878e+00
-1.878e+00
-1.878e+00
-1.878e+00
-1.878e+00
-1.878e+00
-1.878e+00
-1.878e+00
-1.878e+00
-1.878e+00
-1.878e+00
-1.878e+00
-1.878e+00
-1.878e+00
-1.878e+00
-1.878e+00
-1.878e+00
-1.878e+00
-1.878e+00
-1.878e+00
-1.878e+00
-1.878e+00
-1.878e+00
-1.878e+00
-1.878e+00
-1.878e+00
-1.878e+00
-1.878e+00
-1.878e+00
-1.878e+00
-1.878e+00
-1.878e+00
-1.878e+00
-1.878e+00
-1.878e+00
-1.878e+00
-1.878e+00
-1.878e+00
-1.878e+00
-1.878e+00
-1.878e+00
-1.878e+00
-1.878e+00
-1.878e+00
-1.878e+00
-1.878e+00
-1.878e+00
-1.878e+00
-1.878e+00
-1.878e+00
-1.878e+00
-1.878e+00
-1.878e+00
-1.878e+00
-1.878e+00
-1.878e+00
-1.878e+00
-1.878e+00
-1.878e+00
-1.878e+00
-1.878e+00
-1.878e+00
-1.878e+00
-1.878e+00
-1.878e+00
-1.878e+00
-1.878e+00
-1.878e+00
-1.878e+00
-1.878e+00
-1.878e+00
-1.878e+00
-1.879e+00
-1.878e+00
-1.878e+00
-1.878e+00
-1.878e+00
-1.878e+00
-1.878e+00
-1.878e+00
-1.878e+00
-1.878e+00
-1.878e+00
-1.878e+00
-1.878e+00
-1.878e+00
-1.878e+00
-1.878e+00
-1.878e+00
-1.878e+00
-1.878e+00
-1.878e+00
-1.878e+00
-1.631e+00
-1.631e+00
-1.631e+00
-1.631e+00
-1.631e+00
-1.631e+00
-1.631e+00
-1.631e+00
-1.631e+00
-1.631e+00
-1.631e+00
-1.631e+00
-1.631e+00
-1.631e+00
-1.631e+00
-1.631e+00
-1.631e+00
-1.631e+00
-1.631e+00
-1.631e+00
-1.631e+00
-1.631e+00
-1.631e+00
-1.631e+00
-1.631e+00
-1.631e+00
-1.631e+00
-1.631e+00
-1.631e+00
-1.631e+00
-1.631e+00
-1.631e+00
-1.631e+00
-1.631e+00
-1.631e+00
-1.631e+00
-1.631e+00
-1.631e+00
-1.631e+00
-1.631e+00
-1.631e+00
-1.631e+00
-1.631e+00
-1.631e+00
-1.631e+00
-1.631e+00
-1.631e+00
-1.631e+00
-1.631e+00
-1.631e+00
-1.631e+00
-1.631e+00
-1.631e+00
-1.631e+00
-1.631e+00
-1.631e+00
-1.631e+00
-1.631e+00
-1.631e+00
-1.631e+00
-1.631e+00
-1.631e+00
-1.631e+00
-1.631e+00
-1.631e+00
-1.631e+00
-1.631e+00
-1.631e+00
-1.631e+00
-1.631e+00
-1.631e+00
-1.631e+00
-1.631e+00
-1.631e+00
-1.631e+00
-1.631e+00
-1.631e+00
-1.631e+00
-1.631e+00
-1.631e+00
-1.631e+00
-1.631e+00
-1.631e+00
-1.631e+00
-1.631e+00
-1.631e+00
-1.631e+00
-1.631e+00
-1.631e+00
-1.631e+00
-1.631e+00
-1.631e+00
-1.631e+00
-1.631e+00
-1.631e+00
-1.631e+00
-1.631e+00
-1.631e+00
-1.631e+00
-1.631e+00
-1.631e+00
-1.631e+00
-1.631e+00
-1.631e+00
-1.631e+00
-1.631e+00
-1.631e+00
-1.631e+00
-1.631e+00
-1.631e+00
-1.631e+00
-1.631e+00
-1.631e+00
-1.631e+00
-1.631e+00
-1.631e+00
-1.631e+00
-1.631e+00
-1.631e+00
-1.631e+00
-1.631e+00
-1.631e+00
-1.631e+00
-1.631e+00
-1.631e+00
-1.631e+00
-1.631e+00
-1.631e+00
-1.631e+00
-1.631e+00
-1.631e+00
-1.631e+00
-1.631e+00
-1.631e+00
-1.631e+00
-1.631e+00
-1.631e+00
-1.631e+00
-1.631e+00
-1.631e+00
-1.631e+00
-1.631e+00
-1.631e+00
-1.631e+00
-1.631e+00
-1.631e+00
-1.631e+00
-1.631e+00
-1.631e+00
-1.631e+00
-1.631e+00
-1.631e+00
-1.631e+00
-1.631e+00
-1.631e+00
-1.631e+00
-1.631e+00
-1.631e+00
-1.631e+00
-1.631e+00
-1.631e+00
-1.631e+00
-1.631e+00
-1.631e+00
-1.631e+00
-1.631e+00
-1.631e+00
-1.631e+00
-1.631e+00
-1.631e+00
-1.631e+00
-1.631e+00
-1.631e+00
-1.631e+00
-1.631e+00
-1.631e+00
-1.631e+00
-1.631e+00
-1.631e+00
-1.631e+00
-1.631e+00
-1.631e+00
-1.631e+00
-1.631e+00
-1.631e+00
-1.631e+00
-1.631e+00
-1.631e+00
-1.631e+00
-1.631e+00
-1.631e+00
-1.631e+00
-1.631e+00
-1.631e+00
-1.631e+00
-1.631e+00
-1.631e+00
-1.631e+00
-1.631e+00
-1.631e+00
-1.631e+00
-1.631e+00
-1.631e+00
-1.631e+00
-1.631e+00
-1.631e+00
-1.631e+00
-1.631e+00
-1.631e+00
-1.631e+00
-1.631e+00
-1.631e+00
-1.631e+00
-1.631e+00
-1.631e+00
-1.631e+00
-1.631e+00
-1.631e+00
-1.631e+00
-1.631e+00
-1.631e+00
-1.631e+00
-1.631e+00
-1.631e+00
-1.631e+00
-1.631e+00
-1.631e+00
-1.631e+00
-1.631e+00
-1.631e+00
-1.631e+00
-1.516e+00
-1.513e+00
-1.513e+00
-1.513e+00
-1.513e+00
-1.513e+00
-1.513e+00
-1.513e+00
-1.513e+00
-1.513e+00
-1.513e+00
-1.513e+00
-1.513e+00
-1.513e+00
-1.513e+00
-1.513e+00
-1.513e+00
-1.513e+00
-1.513e+00
-1.513e+00
-1.507e+00
-1.513e+00
-1.507e+00
-1.507e+00
-1.507e+00
-1.507e+00
-1.507e+00
-1.507e+00
-1.507e+00
-1.507e+00
-1.507e+00
-1.507e+00
-1.507e+00
-1.507e+00
-1.507e+00
-1.507e+00
-1.507e+00
-1.507e+00
-1.507e+00
-1.507e+00
-1.507e+00
-1.502e+00
-1.513e+00
-1.507e+00
-1.507e+00
-1.507e+00
-1.507e+00
-1.507e+00
-1.507e+00
-1.507e+00
-1.507e+00
-1.507e+00
-1.507e+00
-1.507e+00
-1.507e+00
-1.507e+00
-1.507e+00
-1.507e+00
-1.507e+00
-1.507e+00
-1.507e+00
-1.507e+00
-1.502e+00
-1.513e+00
-1.507e+00
-1.507e+00
-1.507e+00
-1.507e+00
-1.507e+00
-1.507e+00
-1.507e+00
-1.507e+00
-1.507e+00
-1.507e+00
-1.507e+00
-1.507e+00
-1.507e+00
-1.507e+00
-1.507e+00
-1.507e+00
-1.507e+00
-1.507e+00
-1.507e+00
-1.502e+00
-1.513e+00
-1.507e+00
-1.507e+00
-1.507e+00
-1.507e+00
-1.507e+00
-1.507e+00
-1.507e+00
-1.507e+00
-1.507e+00
-1.507e+00
-1.507e+00
-1.507e+00
-1.507e+00
-1.507e+00
-1.507e+00
-1.507e+00
-1.507e+00
-1.507e+00
-1.507e+00
-1.502e+00
-1.513e+00
-1.507e+00
-1.507e+00
-1.507e+00
-1.507e+00
-1.507e+00
-1.507e+00
-1.507e+00
-1.507e+00
-1.507e+00
-1.507e+00
-1.507e+00
-1.507e+00
-1.507e+00
-1.507e+00
-1.507e+00
-1.507e+00
-1.507e+00
-1.507e+00
-1.507e+00
-1.502e+00
-1.513e+00
-1.507e+00
-1.507e+00
-1.507e+00
-1.507e+00
-1.507e+00
-1.507e+00
-1.507e+00
-1.507e+00
-1.507e+00
-1.507e+00
-1.507e+00
-1.507e+00
-1.507e+00
-1.507e+00
-1.507e+00
-1.507e+00
-1.507e+00
-1.507e+00
-1.507e+00
-1.502e+00
-1.513e+00
-1.507e+00
-1.507e+00
-1.507e+00
-1.507e+00
-1.507e+00
-1.507e+00
-1.507e+00
-1.507e+00
-1.507e+00
-1.507e+00
-1.507e+00
-1.507e+00
-1.507e+00
-1.507e+00
-1.507e+00
-1.507e+00
-1.507e+00
-1.507e+00
-1.507e+00
-1.502e+00
-1.513e+00
-1.507e+00
-1.507e+00
-1.507e+00
-1.507e+00
-1.507e+00
-1.507e+00
-1.507e+00
-1.507e+00
-1.507e+00
-1.507e+00
-1.507e+00
-1.507e+00
-1.507e+00
-1.507e+00
-1.507e+00
-1.507e+00
-1.507e+00
-1.507e+00
-1.507e+00
-1.502e+00
-1.513e+00
-1.507e+00
-1.507e+00
-1.507e+00
-1.507e+00
-1.507e+00
-1.507e+00
-1.507e+00
-1.507e+00
-1.507e+00
-1.507e+00
-1.507e+00
-1.507e+00
-1.507e+00
-1.507e+00
-1.507e+00
-1.507e+00
-1.507e+00
-1.507e+00
-1.507e+00
-1.502e+00
-1.465e+00
-1.465e+00
-1.465e+00
-1.465e+00
-1.465e+00
-1.465e+00
-1.465e+00
-1.465e+00
-1.465e+00
-1.465e+00
-1.465e+00
-1.465e+00
-1.465e+00
-1.465e+00
-1.465e+00
-1.465e+00
-1.465e+00
-1.465e+00
-1.465e+00
-1.465e+00
-1.465e+00
-1.465e+00
-1.465e+00
-1.465e+00
-1.465e+00
-1.465e+00
-1.465e+00
-1.465e+00
-1.465e+00
-1.465e+00
-1.465e+00
-1.465e+00
-1.465e+00
-1.465e+00
-1.465e+00
-1.465e+00
-1.465e+00
-1.465e+00
-1.465e+00
-1.465e+00
-1.465e+00
-1.465e+00
-1.465e+00
-1.465e+00
-1.465e+00
-1.465e+00
-1.465e+00
-1.465e+00
-1.465e+00
-1.465e+00
-1.465e+00
-1.465e+00
-1.465e+00
-1.465e+00
-1.465e+00
-1.465e+00
-1.465e+00
-1.465e+00
-1.465e+00
-1.465e+00
-1.465e+00
-1.465e+00
-1.465e+00
-1.465e+00
-1.465e+00
-1.465e+00
-1.465e+00
-1.465e+00
-1.465e+00
-1.465e+00
-1.465e+00
-1.465e+00
-1.465e+00
-1.465e+00
-1.465e+00
-1.465e+00
-1.465e+00
-1.465e+00
-1.465e+00
-1.465e+00
-1.465e+00
-1.465e+00
-1.465e+00
-1.465e+00
-1.465e+00
-1.465e+00
-1.465e+00
-1.465e+00
-1.465e+00
-1.465e+00
-1.465e+00
-1.465e+00
-1.465e+00
-1.465e+00
-1.465e+00
-1.465e+00
-1.465e+00
-1.465e+00
-1.465e+00
-1.465e+00
-1.465e+00
-1.465e+00
-1.465e+00
-1.465e+00
-1.465e+00
-1.465e+00
-1.465e+00
-1.465e+00
-1.465e+00
-1.465e+00
-1.465e+00
-1.465e+00
-1.465e+00
-1.465e+00
-1.465e+00
-1.465e+00
-1.465e+00
-1.465e+00
-1.465e+00
-1.465e+00
-1.465e+00
-1.465e+00
-1.465e+00
-1.465e+00
-1.465e+00
-1.465e+00
-1.465e+00
-1.465e+00
-1.465e+00
-1.465e+00
-1.465e+00
-1.465e+00
-1.465e+00
-1.465e+00
-1.465e+00
-1.465e+00
-1.465e+00
-1.465e+00
-1.465e+00
-1.465e+00
-1.465e+00
-1.465e+00
-1.465e+00
-1.465e+00
-1.465e+00
-1.465e+00
-1.465e+00
-1.465e+00
-1.465e+00
-1.465e+00
-1.465e+00
-1.465e+00
-1.465e+00
-1.465e+00
-1.465e+00
-1.465e+00
-1.465e+00
-1.465e+00
-1.465e+00
-1.465e+00
-1.465e+00
-1.465e+00
-1.465e+00
-1.465e+00
-1.465e+00
-1.465e+00
-1.465e+00
-1.465e+00
-1.465e+00
-1.465e+00
-1.465e+00
-1.465e+00
-1.465e+00
-1.465e+00
-1.465e+00
-1.465e+00
-1.465e+00
-1.465e+00
-1.465e+00
-1.465e+00
-1.465e+00
-1.465e+00
-1.465e+00
-1.465e+00
-1.465e+00
-1.465e+00
-1.465e+00
-1.465e+00
-1.465e+00
-1.465e+00
-1.465e+00
-1.465e+00
-1.465e+00
-1.465e+00
-1.465e+00
-1.465e+00
-1.465e+00
-1.465e+00
-1.465e+00
-1.465e+00
-1.465e+00
-1.465e+00
-1.465e+00
-1.465e+00
-1.465e+00
-1.465e+00
-1.465e+00
-1.465e+00
-1.465e+00
-1.465e+00
-1.465e+00
-1.465e+00
-1.465e+00
-1.465e+00
-1.465e+00
-1.465e+00
-1.465e+00
-1.465e+00
-1.465e+00
-1.465e+00
-1.465e+00
-1.465e+00
-1.465e+00
-1.465e+00
-1.465e+00
-1.465e+00
-1.465e+00
-1.465e+00
-1.465e+00
-1.465e+00
-1.465e+00
-1.170e+00
-1.170e+00
-1.170e+00
-1.170e+00
-1.170e+00
-1.170e+00
-1.170e+00
-1.170e+00
-1.170e+00
-1.170e+00
-1.170e+00
-1.170e+00
-1.170e+00
-1.170e+00
-1.170e+00
-1.170e+00
-1.170e+00
-1.170e+00
-1.170e+00
-1.170e+00
-1.170e+00
-1.170e+00
-1.170e+00
-1.170e+00
-1.170e+00
-1.170e+00
-1.170e+00
-1.170e+00
-1.170e+00
-1.170e+00
-1.170e+00
-1.170e+00
-1.170e+00
-1.170e+00
-1.170e+00
-1.170e+00
-1.170e+00
-1.170e+00
-1.170e+00
-1.170e+00
-1.170e+00
-1.170e+00
-1.170e+00
-1.170e+00
-1.170e+00
-1.170e+00
-1.170e+00
-1.170e+00
-1.170e+00
-1.170e+00
-1.170e+00
-1.170e+00
-1.170e+00
-1.170e+00
-1.170e+00
-1.170e+00
-1.170e+00
-1.170e+00
-1.170e+00
-1.170e+00
-1.170e+00
-1.170e+00
-1.170e+00
-1.170e+00
-1.170e+00
-1.170e+00
-1.170e+00
-1.170e+00
-1.170e+00
-1.170e+00
-1.170e+00
-1.170e+00
-1.170e+00
-1.170e+00
-1.170e+00
-1.170e+00
-1.170e+00
-1.170e+00
-1.170e+00
-1.170e+00
-1.170e+00
-1.170e+00
-1.170e+00
-1.170e+00
-1.170e+00
-1.170e+00
-1.170e+00
-1.170e+00
-1.170e+00
-1.170e+00
-1.170e+00
-1.170e+00
-1.170e+00
-1.170e+00
-1.170e+00
-1.170e+00
-1.170e+00
-1.170e+00
-1.170e+00
-1.170e+00
-1.170e+00
-1.170e+00
-1.170e+00
-1.170e+00
-1.170e+00
-1.170e+00
-1.170e+00
-1.170e+00
-1.170e+00
-1.170e+00
-1.170e+00
-1.170e+00
-1.170e+00
-1.170e+00
-1.170e+00
-1.170e+00
-1.170e+00
-1.170e+00
-1.170e+00
-1.170e+00
-1.170e+00
-1.170e+00
-1.170e+00
-1.170e+00
-1.170e+00
-1.170e+00
-1.170e+00
-1.170e+00
-1.170e+00
-1.170e+00
-1.170e+00
-1.170e+00
-1.170e+00
-1.170e+00
-1.170e+00
-1.170e+00
-1.170e+00
-1.170e+00
-1.170e+00
-1.170e+00
-1.170e+00
-1.170e+00
-1.170e+00
-1.170e+00
-1.170e+00
-1.170e+00
-1.170e+00
-1.170e+00
-1.170e+00
-1.170e+00
-1.170e+00
-1.170e+00
-1.170e+00
-1.170e+00
-1.170e+00
-1.170e+00
-1.170e+00
-1.170e+00
-1.170e+00
-1.170e+00
-1.170e+00
-1.170e+00
-1.170e+00
-1.170e+00
-1.170e+00
-1.170e+00
-1.170e+00
-1.170e+00
-1.170e+00
-1.170e+00
-1.170e+00
-1.170e+00
-1.170e+00
-1.170e+00
-1.170e+00
-1.170e+00
-1.170e+00
-1.170e+00
-1.170e+00
-1.170e+00
-1.170e+00
-1.170e+00
-1.170e+00
-1.170e+00
-1.170e+00
-1.170e+00
-1.170e+00
-1.170e+00
-1.170e+00
-1.170e+00
-1.170e+00
-1.170e+00
-1.170e+00
-1.170e+00
-1.170e+00
-1.170e+00
-1.170e+00
-1.170e+00
-1.170e+00
-1.170e+00
-1.170e+00
-1.170e+00
-1.170e+00
-1.170e+00
-1.170e+00
-1.170e+00
-1.170e+00
-1.170e+00
-1.170e+00
-1.170e+00
-1.160e+00
-1.160e+00
-1.160e+00
-1.160e+00
-1.160e+00
-1.160e+00
-1.160e+00
-1.160e+00
-1.160e+00
-1.160e+00
-1.160e+00
-1.160e+00
-1.160e+00
-1.160e+00
-1.160e+00
-1.160e+00
-1.160e+00
-1.160e+00
-1.160e+00
-1.160e+00
-1.160e+00
-1.160e+00
-1.160e+00
-1.160e+00
-1.160e+00
-1.160e+00
-1.160e+00
-1.160e+00
-1.160e+00
-1.160e+00
-1.160e+00
-1.160e+00
-1.160e+00
-1.160e+00
-1.160e+00
-1.160e+00
-1.160e+00
-1.160e+00
-1.160e+00
-1.160e+00
-1.160e+00
-1.160e+00
-1.160e+00
-1.160e+00
-1.160e+00
-1.160e+00
-1.160e+00
-1.160e+00
-1.160e+00
-1.160e+00
-1.160e+00
-1.160e+00
-1.160e+00
-1.160e+00
-1.160e+00
-1.160e+00
-1.160e+00
-1.160e+00
-1.160e+00
-1.160e+00
-1.160e+00
-1.160e+00
-1.160e+00
-1.160e+00
-1.160e+00
-1.160e+00
-1.160e+00
-1.160e+00
-1.160e+00
-1.160e+00
-1.160e+00
-1.160e+00
-1.160e+00
-1.160e+00
-1.160e+00
-1.160e+00
-1.160e+00
-1.160e+00
-1.160e+00
-1.160e+00
-1.160e+00
-1.160e+00
-1.160e+00
-1.160e+00
-1.160e+00
-1.160e+00
-1.160e+00
-1.160e+00
-1.160e+00
-1.160e+00
-1.160e+00
-1.160e+00
-1.160e+00
-1.160e+00
-1.160e+00
-1.160e+00
-1.160e+00
-1.160e+00
-1.160e+00
-1.160e+00
-1.160e+00
-1.160e+00
-1.160e+00
-1.160e+00
-1.160e+00
-1.160e+00
-1.160e+00
-1.160e+00
-1.160e+00
-1.160e+00
-1.160e+00
-1.160e+00
-1.160e+00
-1.160e+00
-1.160e+00
-1.160e+00
-1.160e+00
-1.160e+00
-1.160e+00
-1.160e+00
-1.160e+00
-1.160e+00
-1.160e+00
-1.160e+00
-1.160e+00
-1.160e+00
-1.160e+00
-1.160e+00
-1.160e+00
-1.160e+00
-1.160e+00
-1.160e+00
-1.160e+00
-1.160e+00
-1.160e+00
-1.160e+00
-1.160e+00
-1.160e+00
-1.160e+00
-1.160e+00
-1.160e+00
-1.160e+00
-1.160e+00
-1.160e+00
-1.160e+00
-1.160e+00
-1.160e+00
-1.160e+00
-1.160e+00
-1.160e+00
-1.160e+00
-1.160e+00
-1.160e+00
-1.160e+00
-1.160e+00
-1.160e+00
-1.160e+00
-1.160e+00
-1.160e+00
-1.160e+00
-1.160e+00
-1.160e+00
-1.160e+00
-1.160e+00
-1.160e+00
-1.160e+00
-1.160e+00
-1.160e+00
-1.160e+00
-1.160e+00
-1.160e+00
-1.160e+00
-1.160e+00
-1.160e+00
-1.160e+00
-1.160e+00
-1.160e+00
-1.160e+00
-1.160e+00
-1.160e+00
-1.160e+00
-1.160e+00
-1.160e+00
-1.160e+00
-1.160e+00
-1.160e+00
-1.160e+00
-1.160e+00
-1.160e+00
-1.160e+00
-1.160e+00
-1.160e+00
-1.160e+00
-1.160e+00
-1.160e+00
-1.160e+00
-1.160e+00
-1.160e+00
-1.160e+00
-1.160e+00
-1.160e+00
-1.160e+00
-1.160e+00
-1.160e+00
-1.160e+00
-1.160e+00
-1.160e+00
-1.160e+00
-1.160e+00
-1.160e+00
-1.160e+00
-1.160e+00
-1.160e+00
-1.160e+00
-1.160e+00
-1.160e+00
-1.160e+00
-1.160e+00
-1.160e+00
-1.160e+00
-1.160e+00
-1.160e+00
-1.160e+00
-1.160e+00
-1.160e+00
-1.160e+00
-1.160e+00
-1.160e+00
-1.160e+00
-1.160e+00
-1.160e+00
-8.629e-01
-8.626e-01
-8.626e-01
-8.626e-01
-8.626e-01
-8.626e-01
-8.626e-01
-8.626e-01
-8.626e-01
-8.626e-01
-8.626e-01
-8.626e-01
-8.626e-01
-8.626e-01
-8.626e-01
-8.626e-01
-8.626e-01
-8.626e-01
-8.626e-01
-8.626e-01
-8.623e-01
-8.626e-01
-8.623e-01
-8.623e-01
-8.623e-01
-8.623e-01
-8.623e-01
-8.623e-01
-8.623e-01
-8.623e-01
-8.623e-01
-8.623e-01
-8.623e-01
-8.623e-01
-8.623e-01
-8.623e-01
-8.623e-01
-8.623e-01
-8.623e-01
-8.623e-01
-8.623e-01
-8.620e-01
-8.626e-01
-8.623e-01
-8.623e-01
-8.623e-01
-8.623e-01
-8.623e-01
-8.623e-01
-8.623e-01
-8.623e-01
-8.623e-01
-8.623e-01
-8.623e-01
-8.623e-01
-8.623e-01
-8.623e-01
-8.623e-01
-8.623e-01
-8.623e-01
-8.623e-01
-8.623e-01
-8.620e-01
-8.626e-01
-8.623e-01
-8.623e-01
-8.623e-01
-8.623e-01
-8.623e-01
-8.623e-01
-8.623e-01
-8.623e-01
-8.623e-01
-8.623e-01
-8.623e-01
-8.623e-01
-8.623e-01
-8.623e-01
-8.623e-01
-8.623e-01
-8.623e-01
-8.623e-01
-8.623e-01
-8.620e-01
-8.626e-01
-8.623e-01
-8.623e-01
-8.623e-01
-8.623e-01
-8.623e-01
-8.623e-01
-8.623e-01
-8.623e-01
-8.623e-01
-8.623e-01
-8.623e-01
-8.623e-01
-8.623e-01
-8.623e-01
-8.623e-01
-8.623e-01
-8.623e-01
-8.623e-01
-8.623e-01
-8.620e-01
-8.626e-01
-8.623e-01
-8.623e-01
-8.623e-01
-8.623e-01
-8.623e-01
-8.623e-01
-8.623e-01
-8.623e-01
-8.623e-01
-8.623e-01
-8.623e-01
-8.623e-01
-8.623e-01
-8.623e-01
-8.623e-01
-8.623e-01
-8.623e-01
-8.623e-01
-8.623e-01
-8.620e-01
-8.626e-01
-8.623e-01
-8.623e-01
-8.623e-01
-8.623e-01
-8.623e-01
-8.623e-01
-8.623e-01
-8.623e-01
-8.623e-01
-8.623e-01
-8.623e-01
-8.623e-01
-8.623e-01
-8.623e-01
-8.623e-01
-8.623e-01
-8.623e-01
-8.623e-01
-8.623e-01
-8.620e-01
-8.626e-01
-8.623e-01
-8.623e-01
-8.623e-01
-8.623e-01
-8.623e-01
-8.623e-01
-8.623e-01
-8.623e-01
-8.623e-01
-8.623e-01
-8.623e-01
-8.623e-01
-8.623e-01
-8.623e-01
-8.623e-01
-8.623e-01
-8.623e-01
-8.623e-01
-8.623e-01
-8.620e-01
-8.626e-01
-8.623e-01
-8.623e-01
-8.623e-01
-8.623e-01
-8.623e-01
-8.623e-01
-8.623e-01
-8.623e-01
-8.623e-01
-8.623e-01
-8.623e-01
-8.623e-01
-8.623e-01
-8.623e-01
-8.623e-01
-8.623e-01
-8.623e-01
-8.623e-01
-8.623e-01
-8.620e-01
-8.626e-01
-8.623e-01
-8.623e-01
-8.623e-01
-8.623e-01
-8.623e-01
-8.623e-01
-8.623e-01
-8.623e-01
-8.623e-01
-8.623e-01
-8.623e-01
-8.623e-01
-8.623e-01
-8.623e-01
-8.623e-01
-8.623e-01
-8.623e-01
-8.623e-01
-8.623e-01
-8.620e-01
-8.600e-01
-8.600e-01
-8.600e-01
-8.600e-01
-8.600e-01
-8.600e-01
-8.600e-01
-8.600e-01
-8.600e-01
-8.600e-01
-8.600e-01
-8.600e-01
-8.600e-01
-8.600e-01
-8.600e-01
-8.600e-01
-8.600e-01
-8.600e-01
-8.600e-01
-8.600e-01
-8.600e-01
-8.600e-01
-8.600e-01
-8.600e-01
-8.600e-01
-8.600e-01
-8.600e-01
-8.600e-01
-8.600e-01
-8.600e-01
-8.600e-01
-8.600e-01
-8.600e-01
-8.600e-01
-8.600e-01
-8.600e-01
-8.600e-01
-8.600e-01
-8.600e-01
-8.600e-01
-8.600e-01
-8.600e-01
-8.600e-01
-8.600e-01
-8.600e-01
-8.600e-01
-8.600e-01
-8.600e-01
-8.600e-01
-8.600e-01
-8.600e-01
-8.600e-01
-8.600e-01
-8.600e-01
-8.600e-01
-8.600e-01
-8.600e-01
-8.600e-01
-8.600e-01
-8.600e-01
-8.600e-01
-8.600e-01
-8.600e-01
-8.600e-01
-8.600e-01
-8.600e-01
-8.600e-01
-8.600e-01
-8.600e-01
-8.600e-01
-8.600e-01
-8.600e-01
-8.600e-01
-8.600e-01
-8.600e-01
-8.600e-01
-8.600e-01
-8.600e-01
-8.600e-01
-8.600e-01
-8.600e-01
-8.600e-01
-8.600e-01
-8.600e-01
-8.600e-01
-8.600e-01
-8.600e-01
-8.600e-01
-8.600e-01
-8.600e-01
-8.600e-01
-8.600e-01
-8.600e-01
-8.600e-01
-8.600e-01
-8.600e-01
-8.600e-01
-8.600e-01
-8.600e-01
-8.600e-01
-8.600e-01
-8.600e-01
-8.600e-01
-8.600e-01
-8.600e-01
-8.600e-01
-8.600e-01
-8.600e-01
-8.600e-01
-8.600e-01
-8.600e-01
-8.600e-01
-8.600e-01
-8.600e-01
-8.600e-01
-8.600e-01
-8.600e-01
-8.600e-01
-8.600e-01
-8.600e-01
-8.600e-01
-8.600e-01
-8.600e-01
-8.600e-01
-8.600e-01
-8.600e-01
-8.600e-01
-8.600e-01
-8.600e-01
-8.600e-01
-8.600e-01
-8.600e-01
-8.600e-01
-8.600e-01
-8.600e-01
-8.600e-01
-8.600e-01
-8.600e-01
-8.600e-01
-8.600e-01
-8.600e-01
-8.600e-01
-8.600e-01
-8.600e-01
-8.600e-01
-8.600e-01
-8.600e-01
-8.600e-01
-8.600e-01
-8.600e-01
-8.600e-01
-8.600e-01
-8.600e-01
-8.600e-01
-8.600e-01
-8.600e-01
-8.600e-01
-8.600e-01
-8.600e-01
-8.600e-01
-8.600e-01
-8.600e-01
-8.600e-01
-8.600e-01
-8.600e-01
-8.600e-01
-8.600e-01
-8.600e-01
-8.600e-01
-8.600e-01
-8.600e-01
-8.600e-01
-8.600e-01
-8.600e-01
-8.600e-01
-8.600e-01
-8.600e-01
-8.600e-01
-8.600e-01
-8.600e-01
-8.600e-01
-8.600e-01
-8.600e-01
-8.600e-01
-8.600e-01
-8.600e-01
-8.600e-01
-8.600e-01
-8.600e-01
-8.600e-01
-8.600e-01
-8.600e-01
-8.600e-01
-8.600e-01
-8.600e-01
-8.600e-01
-8.600e-01
-8.600e-01
-8.600e-01
-8.600e-01
-8.600e-01
-8.600e-01
-8.600e-01
-8.600e-01
-8.600e-01
-8.600e-01
-8.600e-01
-8.600e-01
-8.600e-01
-8.600e-01
-8.600e-01
-8.600e-01
-8.600e-01
-8.600e-01
-8.600e-01
-8.600e-01
-8.600e-01
-8.600e-01
-8.600e-01
-8.600e-01
-8.600e-01
-8.600e-01
-8.600e-01
-8.600e-01
-8.600e-01
-8.600e-01
-8.600e-01
-8.600e-01
-8.600e-01
-8.600e-01
-8.600e-01
-2.600e-01
-2.600e-01
-2.600e-01
-2.600e-01
-2.600e-01
-2.600e-01
-2.600e-01
-2.600e-01
-2.600e-01
-2.600e-01
-2.600e-01
-2.600e-01
-2.600e-01
-2.600e-01
-2.600e-01
-2.600e-01
-2.600e-01
-2.600e-01
-2.600e-01
-2.600e-01
-2.600e-01
-2.600e-01
-2.600e-01
-2.600e-01
-2.600e-01
-2.600e-01
-2.600e-01
-2.600e-01
-2.600e-01
-2.600e-01
-2.600e-01
-2.600e-01
-2.600e-01
-2.600e-01
-2.600e-01
-2.600e-01
-2.600e-01
-2.600e-01
-2.600e-01
-2.600e-01
-2.600e-01
-2.600e-01
-2.600e-01
-2.600e-01
-2.600e-01
-2.600e-01
-2.600e-01
-2.600e-01
-2.600e-01
-2.600e-01
-2.600e-01
-2.600e-01
-2.600e-01
-2.600e-01
-2.600e-01
-2.600e-01
-2.600e-01
-2.600e-01
-2.600e-01
-2.600e-01
-2.600e-01
-2.600e-01
-2.600e-01
-2.600e-01
-2.600e-01
-2.600e-01
-2.600e-01
-2.600e-01
-2.600e-01
-2.600e-01
-2.600e-01
-2.600e-01
-2.600e-01
-2.600e-01
-2.600e-01
-2.600e-01
-2.600e-01
-2.600e-01
-2.600e-01
-2.600e-01
-2.600e-01
-2.600e-01
-2.600e-01
-2.600e-01
-2.600e-01
-2.600e-01
-2.600e-01
-2.600e-01
-2.600e-01
-2.600e-01
-2.600e-01
-2.600e-01
-2.600e-01
-2.600e-01
-2.600e-01
-2.600e-01
-2.600e-01
-2.600e-01
-2.600e-01
-2.600e-01
-2.600e-01
-2.600e-01
-2.600e-01
-2.600e-01
-2.600e-01
-2.600e-01
-2.600e-01
-2.600e-01
-2.600e-01
-2.600e-01
-2.600e-01
-2.600e-01
-2.600e-01
-2.600e-01
-2.600e-01
-2.600e-01
-2.600e-01
-2.600e-01
-2.600e-01
-2.600e-01
-2.600e-01
-2.600e-01
-2.600e-01
-2.600e-01
-2.600e-01
-2.600e-01
-2.600e-01
-2.600e-01
-2.600e-01
-2.600e-01
-2.600e-01
-2.600e-01
-2.600e-01
-2.600e-01
-2.600e-01
-2.600e-01
-2.600e-01
-2.600e-01
-2.600e-01
-2.600e-01
-2.600e-01
-2.600e-01
-2.600e-01
-2.600e-01
-2.600e-01
-2.600e-01
-2.600e-01
-2.600e-01
-2.600e-01
-2.600e-01
-2.600e-01
-2.600e-01
-2.600e-01
-2.600e-01
-2.600e-01
-2.600e-01
-2.600e-01
-2.600e-01
-2.600e-01
-2.600e-01
-2.600e-01
-2.600e-01
-2.600e-01
-2.600e-01
-2.600e-01
-2.600e-01
-2.600e-01
-2.600e-01
-2.600e-01
-2.600e-01
-2.600e-01
-2.600e-01
-2.600e-01
-2.600e-01
-2.600e-01
-2.600e-01
-2.600e-01
-2.600e-01
-2.600e-01
-2.600e-01
-2.600e-01
-2.600e-01
-2.600e-01
-2.600e-01
-2.600e-01
-2.600e-01
-2.600e-01
-2.600e-01
-2.600e-01
-2.600e-01
-2.600e-01
-2.600e-01
-2.600e-01
-2.600e-01
-2.600e-01
-2.600e-01
-2.600e-01
-2.600e-01
-2.600e-01
-2.600e-01
-2.600e-01
-2.600e-01
-2.600e-01
-2.600e-01
-2.600e-01
-2.600e-01
-2.600e-01
-2.600e-01
-2.600e-01
-2.600e-01
-2.600e-01
-2.600e-01
-2.600e-01
-2.600e-01
-2.600e-01
-2.600e-01
-2.600e-01
-2.600e-01
-2.600e-01
-2.600e-01
-2.600e-01
-2.600e-01
-2.600e-01
-2.600e-01
-2.600e-01
-2.600e-01
-2.600e-01
-2.600e-01
-2.600e-01
-2.600e-01
-2.600e-01
-2.600e-01
-2.600e-01
-2.600e-01
-2.600e-01
-2.600e-01
-2.600e-01
-2.600e-01
-2.600e-01
-2.600e-01
-2.600e-01
-2.600e-01
-2.600e-01
-2.600e-01
-2.600e-01
-2.600e-01
-2.600e-01
-2.600e-01
-2.600e-01
-2.600e-01
-2.600e-01
-2.600e-01
-2.600e-01
-2.600e-01
-2.600e-01
-2.600e-01
-2.600e-01
-2.600e-01
-2.600e-01
-2.600e-01
-2.600e-01
-2.600e-01
-2.600e-01
-2.600e-01
-2.600e-01
-2.600e-01
-2.600e-01
-2.600e-01
-2.600e-01
-2.600e-01
-2.600e-01
-2.600e-01
-2.600e-01
-2.600e-01
-2.600e-01
-2.600e-01
-2.600e-01
-2.600e-01
-2.600e-01
-2.600e-01
-2.600e-01
-2.600e-01
-2.600e-01
-2.600e-01
-2.600e-01
-2.600e-01
-2.600e-01
-2.600e-01
-2.600e-01
-2.600e-01
-2.600e-01
-2.600e-01
-2.600e-01
-2.600e-01
-2.600e-01
-2.600e-01
-2.600e-01
-2.600e-01
-2.600e-01
-2.600e-01
-2.600e-01
-2.600e-01
-2.600e-01
-2.600e-01
-2.600e-01
-2.600e-01
-2.600e-01
-2.600e-01
-2.600e-01
-2.600e-01
-2.600e-01
-2.600e-01
-2.600e-01
-2.600e-01
-2.600e-01
-2.600e-01
-2.600e-01
-2.600e-01
-2.600e-01
-2.600e-01
-2.600e-01
-2.600e-01
-2.600e-01
-2.600e-01
-2.600e-01
-2.600e-01
-2.600e-01
-2.600e-01
-2.600e-01
-2.600e-01
-2.600e-01
-2.600e-01
-2.600e-01
-2.600e-01
-2.600e-01
-2.600e-01
-2.600e-01
-2.600e-01
-2.600e-01
-2.600e-01
-2.600e-01
-2.600e-01
-2.600e-01
-2.600e-01
-2.600e-01
-2.600e-01
-2.600e-01
-2.600e-01
-2.600e-01
-2.600e-01
-2.600e-01
-2.600e-01
-2.600e-01
-2.600e-01
-2.600e-01
-2.600e-01
-2.600e-01
-2.600e-01
-2.600e-01
-2.600e-01
-2.600e-01
-2.600e-01
-2.600e-01
-2.600e-01
-2.600e-01
-2.600e-01
-2.600e-01
-2.600e-01
-2.600e-01
-2.600e-01
-2.600e-01
-2.600e-01
-2.600e-01
-2.600e-01
-2.600e-01
-2.600e-01
-2.600e-01
-2.600e-01
-2.600e-01
-2.600e-01
-2.600e-01
-2.600e-01
-2.600e-01
-2.600e-01
-2.600e-01
-2.600e-01
-2.600e-01
-2.600e-01
-2.600e-01
-2.600e-01
-2.600e-01
-2.600e-01
-2.600e-01
-2.600e-01
-2.600e-01
-2.600e-01
-2.600e-01
-2.600e-01
-2.600e-01
-2.600e-01
-2.600e-01
-2.600e-01
-2.600e-01
-2.600e-01
-2.600e-01
-2.600e-01
-2.600e-01
-2.600e-01
-2.600e-01
-2.600e-01
-2.600e-01
-2.600e-01
-2.600e-01
-2.600e-01
-2.600e-01
-2.600e-01
-2.600e-01
-2.600e-01
-2.597e-01
-2.597e-01
-2.600e-01
-2.600e-01
-2.600e-01
-2.600e-01
-2.600e-01
-2.600e-01
-2.600e-01
-2.600e-01
-2.600e-01
-2.600e-01
-2.600e-01
-2.600e-01
-2.600e-01
-2.600e-01
-2.600e-01
-2.600e-01
-2.600e-01
-2.600e-01
-2.600e-01
-2.597e-01
-2.590e-01
3.400e-01
3.400e-01
3.400e-01
3.400e-01
3.400e-01
3.400e-01
3.400e-01
3.400e-01
3.400e-01
3.400e-01
3.400e-01
3.400e-01
3.400e-01
3.400e-01
3.400e-01
3.400e-01
3.400e-01
3.400e-01
3.400e-01
3.400e-01
3.400e-01
3.400e-01
3.400e-01
3.400e-01
3.400e-01
3.400e-01
3.400e-01
3.400e-01
3.400e-01
3.400e-01
3.400e-01
3.400e-01
3.400e-01
3.400e-01
3.400e-01
3.400e-01
3.400e-01
3.400e-01
3.400e-01
3.400e-01
3.400e-01
3.400e-01
3.400e-01
3.400e-01
3.400e-01
3.400e-01
3.400e-01
3.400e-01
3.400e-01
3.400e-01
3.400e-01
3.400e-01
3.400e-01
3.400e-01
3.400e-01
3.400e-01
3.400e-01
3.400e-01
3.400e-01
3.400e-01
3.400e-01
3.400e-01
3.400e-01
3.400e-01
3.400e-01
3.400e-01
3.400e-01
3.400e-01
3.400e-01
3.400e-01
3.400e-01
3.400e-01
3.400e-01
3.400e-01
3.400e-01
3.400e-01
3.400e-01
3.400e-01
3.400e-01
3.400e-01
3.400e-01
3.400e-01
3.400e-01
3.400e-01
3.400e-01
3.400e-01
3.400e-01
3.400e-01
3.400e-01
3.400e-01
3.400e-01
3.400e-01
3.400e-01
3.400e-01
3.400e-01
3.400e-01
3.400e-01
3.400e-01
3.400e-01
3.400e-01
3.400e-01
3.400e-01
3.400e-01
3.400e-01
3.400e-01
3.400e-01
3.400e-01
3.400e-01
3.400e-01
3.400e-01
3.400e-01
3.400e-01
3.400e-01
3.400e-01
3.400e-01
3.400e-01
3.400e-01
3.400e-01
3.400e-01
3.400e-01
3.400e-01
3.400e-01
3.400e-01
3.400e-01
3.400e-01
3.400e-01
3.400e-01
3.400e-01
3.400e-01
3.400e-01
3.400e-01
3.400e-01
3.400e-01
3.400e-01
3.400e-01
3.400e-01
3.400e-01
3.400e-01
3.400e-01
3.400e-01
3.400e-01
3.400e-01
3.400e-01
3.400e-01
3.400e-01
3.400e-01
3.400e-01
3.400e-01
3.400e-01
3.400e-01
3.400e-01
3.400e-01
3.400e-01
3.400e-01
3.400e-01
3.400e-01
3.400e-01
3.400e-01
3.400e-01
3.400e-01
3.400e-01
3.400e-01
3.400e-01
3.400e-01
3.400e-01
3.400e-01
3.400e-01
3.400e-01
3.400e-01
3.400e-01
3.400e-01
3.400e-01
3.400e-01
3.400e-01
3.400e-01
3.400e-01
3.400e-01
3.400e-01
3.400e-01
3.400e-01
3.400e-01
3.400e-01
3.400e-01
3.400e-01
3.400e-01
3.400e-01
3.400e-01
3.400e-01
3.400e-01
3.400e-01
3.400e-01
3.400e-01
3.400e-01
3.400e-01
3.400e-01
3.400e-01
3.400e-01
3.400e-01
3.400e-01
3.400e-01
3.400e-01
3.400e-01
3.400e-01
3.400e-01
3.400e-01
3.400e-01
3.400e-01
3.400e-01
3.400e-01
3.400e-01
3.400e-01
3.400e-01
3.400e-01
3.400e-01
3.400e-01
3.400e-01
3.400e-01
3.400e-01
3.400e-01
3.400e-01
3.400e-01
3.400e-01
3.400e-01
3.400e-01
3.400e-01
3.400e-01
3.400e-01
3.400e-01
3.400e-01
3.400e-01
3.400e-01
3.400e-01
3.400e-01
3.400e-01
3.400e-01
3.400e-01
3.400e-01
3.400e-01
3.400e-01
3.400e-01
3.400e-01
3.400e-01
3.400e-01
3.400e-01
3.400e-01
3.400e-01
3.400e-01
3.400e-01
3.400e-01
3.400e-01
3.400e-01
3.400e-01
3.400e-01
3.400e-01
3.400e-01
3.400e-01
3.400e-01
3.400e-01
3.400e-01
3.400e-01
3.400e-01
3.400e-01
3.400e-01
3.400e-01
3.400e-01
3.400e-01
3.400e-01
3.400e-01
3.400e-01
3.400e-01
3.400e-01
3.400e-01
3.400e-01
3.400e-01
3.400e-01
3.400e-01
3.400e-01
3.400e-01
3.400e-01
3.400e-01
3.400e-01
3.400e-01
3.400e-01
3.400e-01
3.400e-01
3.400e-01
3.400e-01
3.400e-01
3.400e-01
3.400e-01
3.400e-01
3.400e-01
3.400e-01
3.400e-01
3.400e-01
3.400e-01
3.400e-01
3.400e-01
3.400e-01
3.400e-01
3.400e-01
3.400e-01
3.400e-01
3.400e-01
3.400e-01
3.400e-01
3.400e-01
3.400e-01
3.400e-01
3.400e-01
3.400e-01
3.400e-01
3.400e-01
3.400e-01
3.400e-01
3.400e-01
3.400e-01
3.400e-01
3.400e-01
3.400e-01
3.400e-01
3.400e-01
3.400e-01
3.400e-01
3.400e-01
3.400e-01
3.400e-01
3.400e-01
3.400e-01
3.400e-01
3.400e-01
3.400e-01
3.400e-01
3.400e-01
3.400e-01
3.400e-01
3.400e-01
3.400e-01
3.400e-01
3.400e-01
3.400e-01
3.400e-01
3.400e-01
3.400e-01
3.400e-01
3.400e-01
3.400e-01
3.400e-01
3.400e-01
3.400e-01
3.400e-01
3.400e-01
3.400e-01
3.400e-01
3.400e-01
3.400e-01
3.400e-01
3.400e-01
3.400e-01
3.400e-01
3.400e-01
3.400e-01
3.400e-01
3.400e-01
3.400e-01
3.400e-01
3.400e-01
3.400e-01
3.400e-01
3.400e-01
3.400e-01
3.400e-01
3.400e-01
3.400e-01
3.400e-01
3.400e-01
3.400e-01
3.400e-01
3.400e-01
3.400e-01
3.400e-01
3.400e-01
3.400e-01
3.400e-01
3.400e-01
3.400e-01
3.400e-01
3.400e-01
3.400e-01
3.400e-01
3.400e-01
3.400e-01
3.400e-01
3.400e-01
3.400e-01
3.400e-01
3.400e-01
3.400e-01
3.400e-01
3.400e-01
3.400e-01
3.400e-01
3.400e-01
3.400e-01
3.400e-01
3.400e-01
3.400e-01
3.400e-01
3.400e-01
3.400e-01
3.400e-01
3.400e-01
3.400e-01
3.400e-01
3.400e-01
3.400e-01
3.400e-01
3.400e-01
3.403e-01
3.403e-01
3.400e-01
3.400e-01
3.400e-01
3.400e-01
3.400e-01
3.400e-01
3.400e-01
3.400e-01
3.400e-01
3.400e-01
3.400e-01
3.400e-01
3.400e-01
3.400e-01
3.400e-01
3.400e-01
3.400e-01
3.400e-01
3.400e-01
3.403e-01
3.410e-01
1.000e+00
1.000e+00
1.000e+00
1.000e+00
1.000e+00
1.000e+00
1.000e+00
1.000e+00
1.000e+00
1.000e+00
1.000e+00
1.000e+00
1.000e+00
1.000e+00
1.000e+00
1.000e+00
1.000e+00
1.000e+00
1.000e+00
1.000e+00
1.000e+00
1.000e+00
1.000e+00
1.000e+00
1.000e+00
1.000e+00
1.000e+00
1.000e+00
1.000e+00
1.000e+00
1.000e+00
1.000e+00
1.000e+00
1.000e+00
1.000e+00
1.000e+00
1.000e+00
1.000e+00
1.000e+00
1.000e+00
1.000e+00
1.000e+00
1.000e+00
1.000e+00
1.000e+00
1.000e+00
1.000e+00
1.000e+00
1.000e+00
1.000e+00
1.000e+00
1.000e+00
1.000e+00
1.000e+00
1.000e+00
1.000e+00
1.000e+00
1.000e+00
1.000e+00
1.000e+00
1.000e+00
1.000e+00
1.000e+00
1.000e+00
1.000e+00
1.000e+00
1.000e+00
1.000e+00
1.000e+00
1.000e+00
1.000e+00
1.000e+00
1.000e+00
1.000e+00
1.000e+00
1.000e+00
1.000e+00
1.000e+00
1.000e+00
1.000e+00
1.000e+00
1.000e+00
1.000e+00
1.000e+00
1.000e+00
1.000e+00
1.000e+00
1.000e+00
1.000e+00
1.000e+00
1.000e+00
1.000e+00
1.000e+00
1.000e+00
1.000e+00
1.000e+00
1.000e+00
1.000e+00
1.000e+00
1.000e+00
1.000e+00
1.000e+00
1.000e+00
1.000e+00
1.000e+00
1.000e+00
1.000e+00
1.000e+00
1.000e+00
1.000e+00
1.000e+00
1.000e+00
1.000e+00
1.000e+00
1.000e+00
1.000e+00
1.000e+00
1.000e+00
1.000e+00
1.000e+00
1.000e+00
1.000e+00
1.000e+00
1.000e+00
1.000e+00
1.000e+00
1.000e+00
1.000e+00
1.000e+00
1.000e+00
1.000e+00
1.000e+00
1.000e+00
1.000e+00
1.000e+00
1.000e+00
1.000e+00
1.000e+00
1.000e+00
1.000e+00
1.000e+00
1.000e+00
1.000e+00
1.000e+00
1.000e+00
1.000e+00
1.000e+00
1.000e+00
1.000e+00
1.000e+00
1.000e+00
1.000e+00
1.000e+00
1.000e+00
1.000e+00
1.000e+00
1.000e+00
1.000e+00
1.000e+00
1.000e+00
1.000e+00
1.000e+00
1.000e+00
1.000e+00
1.000e+00
1.000e+00
1.000e+00
1.000e+00
1.000e+00
1.000e+00
1.000e+00
1.000e+00
1.000e+00
1.000e+00
1.000e+00
1.000e+00
1.000e+00
1.000e+00
1.000e+00
1.000e+00
1.000e+00
1.000e+00
1.000e+00
1.000e+00
1.000e+00
1.000e+00
1.000e+00
1.000e+00
1.000e+00
1.000e+00
1.000e+00
1.000e+00
1.000e+00
1.000e+00
1.000e+00
1.000e+00
1.000e+00
1.000e+00
1.000e+00
1.000e+00
1.000e+00
1.000e+00
1.000e+00
1.000e+00
1.000e+00
1.000e+00
1.000e+00
1.000e+00
1.000e+00
1.000e+00
1.000e+00
1.000e+00
1.000e+00
1.000e+00
1.000e+00
1.000e+00
1.000e+00
1.000e+00
1.000e+00
1.000e+00
1.000e+00
1.000e+00
1.000e+00
1.000e+00
1.000e+00
1.000e+00
1.000e+00
1.000e+00
1.000e+00
1.000e+00
1.000e+00
1.000e+00
1.000e+00
1.000e+00
1.000e+00
1.000e+00
1.000e+00
1.000e+00
1.000e+00
1.000e+00
1.000e+00
1.000e+00
1.000e+00
1.000e+00
1.000e+00
1.000e+00
1.000e+00
1.000e+00
1.000e+00
1.000e+00
1.000e+00
1.000e+00
1.000e+00
1.000e+00
1.000e+00
1.000e+00
1.000e+00
1.000e+00
1.000e+00
1.000e+00
1.000e+00
1.000e+00
1.000e+00
1.000e+00
1.000e+00
1.000e+00
1.000e+00
1.000e+00
1.000e+00
1.000e+00
1.000e+00
1.000e+00
1.000e+00
1.000e+00
1.000e+00
1.000e+00
1.000e+00
1.000e+00
1.000e+00
1.000e+00
1.000e+00
1.000e+00
1.000e+00
1.000e+00
1.000e+00
1.000e+00
1.000e+00
1.000e+00
1.000e+00
1.000e+00
1.000e+00
1.000e+00
1.000e+00
1.000e+00
1.000e+00
1.000e+00
1.000e+00
1.000e+00
1.000e+00
1.000e+00
1.000e+00
1.000e+00
1.000e+00
1.000e+00
1.000e+00
1.000e+00
1.000e+00
1.000e+00
1.000e+00
1.000e+00
1.000e+00
1.000e+00
1.000e+00
1.000e+00
1.000e+00
1.000e+00
1.000e+00
1.000e+00
1.000e+00
1.000e+00
1.000e+00
1.000e+00
1.000e+00
1.000e+00
1.000e+00
1.000e+00
1.000e+00
1.000e+00
1.000e+00
1.000e+00
1.000e+00
1.000e+00
1.000e+00
1.000e+00
1.000e+00
1.000e+00
1.000e+00
1.000e+00
1.000e+00
1.000e+00
1.000e+00
1.000e+00
1.000e+00
1.000e+00
1.000e+00
1.000e+00
1.000e+00
1.000e+00
1.000e+00
1.000e+00
1.000e+00
1.000e+00
1.000e+00
1.000e+00
1.000e+00
1.000e+00
1.000e+00
1.000e+00
1.000e+00
1.000e+00
1.000e+00
1.000e+00
1.000e+00
1.000e+00
1.000e+00
1.000e+00
1.000e+00
1.000e+00
1.000e+00
1.000e+00
1.000e+00
1.000e+00
1.000e+00
1.000e+00
1.000e+00
1.000e+00
1.000e+00
1.000e+00
1.000e+00
1.000e+00
1.000e+00
1.000e+00
1.000e+00
1.000e+00
1.000e+00
1.000e+00
1.000e+00
1.000e+00
1.000e+00
1.000e+00
1.000e+00
1.000e+00
1.000e+00
1.000e+00
1.000e+00
1.000e+00
1.000e+00
1.000e+00
1.000e+00
1.000e+00
1.000e+00
1.000e+00
1.000e+00
1.000e+00
1.000e+00
1.000e+00
1.000e+00
1.000e+00
1.000e+00
1.000e+00
1.000e+00
1.000e+00
1.000e+00
1.000e+00
1.000e+00
1.000e+00
1.000e+00
1.000e+00
1.000e+00
1.000e+00
1.000e+00
1.000e+00
1.000e+00
1.000e+00
1.000e+00
1.000e+00
1.000e+00
1.000e+00
1.000e+00
1.000e+00
1.000e+00
1.000e+00
1.000e+00
1.000e+00
1.000e+00
1.000e+00
1.000e+00
1.000e+00
1.000e+00
1.000e+00
1.001e+00
