1	0	INDP	IPOND
-1.995e+02
-1.948e+02
-1.947e+02
-1.947e+02
-1.947e+02
-1.947e+02
-1.947e+02
-1.947e+02
-1.947e+02
-1.947e+02
-1.947e+02
-1.947e+02
-1.947e+02
-1.947e+02
-1.947e+02
-1.947e+02
-1.947e+02
-1.947e+02
-1.947e+02
-1.840e+02
-7.575e+01
-1.948e+02
-7.671e+01
-7.659e+01
-7.659e+01
-7.659e+01
-7.659e+01
-7.659e+01
-7.659e+01
-7.659e+01
-7.659e+01
-7.659e+01
-7.659e+01
-7.659e+01
-7.659e+01
-7.659e+01
-7.659e+01
-7.659e+01
-7.659e+01
-7.659e+01
-7.600e+01
-2.378e+01
-1.947e+02
-7.659e+01
-7.637e+01
-7.637e+01
-7.637e+01
-7.637e+01
-7.637e+01
-7.637e+01
-7.637e+01
-7.637e+01
-7.637e+01
-7.637e+01
-7.637e+01
-7.637e+01
-7.637e+01
-7.637e+01
-7.637e+01
-7.637e+01
-7.637e+01
-7.578e+01
-2.394e+01
-1.947e+02
-7.659e+01
-7.637e+01
-7.637e+01
-7.637e+01
-7.637e+01
-7.637e+01
-7.637e+01
-7.637e+01
-7.637e+01
-7.637e+01
-7.637e+01
-7.637e+01
-7.637e+01
-7.637e+01
-7.637e+01
-7.637e+01
-7.637e+01
-7.637e+01
-7.578e+01
-2.394e+01
-1.947e+02
-7.659e+01
-7.637e+01
-7.637e+01
-7.637e+01
-7.637e+01
-7.637e+01
-7.637e+01
-7.637e+01
-7.637e+01
-7.637e+01
-7.637e+01
-7.637e+01
-7.637e+01
-7.637e+01
-7.637e+01
-7.637e+01
-7.637e+01
-7.637e+01
-7.578e+01
-2.394e+01
-1.947e+02
-7.659e+01
-7.637e+01
-7.637e+01
-7.637e+01
-7.637e+01
-7.637e+01
-7.637e+01
-7.637e+01
-7.637e+01
-7.637e+01
-7.637e+01
-7.637e+01
-7.637e+01
-7.637e+01
-7.637e+01
-7.637e+01
-7.637e+01
-7.637e+01
-7.578e+01
-2.394e+01
-1.947e+02
-7.659e+01
-7.637e+01
-7.637e+01
-7.637e+01
-7.637e+01
-7.637e+01
-7.637e+01
-7.637e+01
-7.637e+01
-7.637e+01
-7.637e+01
-7.637e+01
-7.637e+01
-7.637e+01
-7.637e+01
-7.637e+01
-7.637e+01
-7.637e+01
-7.578e+01
-2.394e+01
-1.947e+02
-7.659e+01
-7.637e+01
-7.637e+01
-7.637e+01
-7.637e+01
-7.637e+01
-7.637e+01
-7.637e+01
-7.637e+01
-7.637e+01
-7.637e+01
-7.637e+01
-7.637e+01
-7.637e+01
-7.637e+01
-7.637e+01
-7.637e+01
-7.637e+01
-7.578e+01
-2.394e+01
-1.947e+02
-7.659e+01
-7.637e+01
-7.637e+01
-7.637e+01
-7.637e+01
-7.637e+01
-7.637e+01
-7.637e+01
-7.637e+01
-7.637e+01
-7.637e+01
-7.637e+01
-7.637e+01
-7.637e+01
-7.637e+01
-7.637e+01
-7.637e+01
-7.637e+01
-7.578e+01
-2.394e+01
-1.962e+02
-7.789e+01
-7.774e+01
-7.774e+01
-7.774e+01
-7.774e+01
-7.774e+01
-7.774e+01
-7.774e+01
-7.774e+01
-7.774e+01
-7.774e+01
-7.774e+01
-7.774e+01
-7.774e+01
-7.774e+01
-7.774e+01
-7.774e+01
-7.774e+01
-7.740e+01
-2.400e+01
-2.000e+02
-2.000e+02
-2.000e+02
-2.000e+02
-2.000e+02
-2.000e+02
-2.000e+02
-2.000e+02
-2.000e+02
-2.000e+02
-2.000e+02
-2.000e+02
-2.000e+02
-2.000e+02
-2.000e+02
-2.000e+02
-2.000e+02
-2.000e+02
-2.000e+02
-2.000e+02
-2.000e+02
-2.000e+02
-2.000e+02
-2.000e+02
-2.000e+02
-2.000e+02
-2.000e+02
-2.000e+02
-2.000e+02
-2.000e+02
-2.000e+02
-2.000e+02
-2.000e+02
-2.000e+02
-2.000e+02
-2.000e+02
-2.000e+02
-2.000e+02
-2.000e+02
-2.000e+02
-2.000e+02
-2.000e+02
-2.000e+02
-2.000e+02
-2.000e+02
-2.000e+02
-2.000e+02
-2.000e+02
-2.000e+02
-2.000e+02
-2.000e+02
-2.000e+02
-2.000e+02
-2.000e+02
-2.000e+02
-2.000e+02
-2.000e+02
-2.000e+02
-2.000e+02
-2.000e+02
-2.000e+02
-2.000e+02
-2.000e+02
-2.000e+02
-2.000e+02
-2.000e+02
-2.000e+02
-2.000e+02
-2.000e+02
-2.000e+02
-2.000e+02
-2.000e+02
-2.000e+02
-2.000e+02
-2.000e+02
-2.000e+02
-2.000e+02
-2.000e+02
-2.000e+02
-2.000e+02
-2.000e+02
-2.000e+02
-2.000e+02
-2.000e+02
-2.000e+02
-2.000e+02
-2.000e+02
-2.000e+02
-2.000e+02
-2.000e+02
-2.000e+02
-2.000e+02
-2.000e+02
-2.000e+02
-2.000e+02
-2.000e+02
-2.000e+02
-2.000e+02
-2.000e+02
-2.000e+02
-2.000e+02
-2.000e+02
-2.000e+02
-2.000e+02
-2.000e+02
-2.000e+02
-2.000e+02
-2.000e+02
-2.000e+02
-2.000e+02
-2.000e+02
-2.000e+02
-2.000e+02
-2.000e+02
-2.000e+02
-2.000e+02
-2.000e+02
-2.000e+02
-2.000e+02
-2.000e+02
-2.000e+02
-2.000e+02
-2.000e+02
-2.000e+02
-2.000e+02
-2.000e+02
-2.000e+02
-2.000e+02
-2.000e+02
-2.000e+02
-2.000e+02
-2.000e+02
-2.000e+02
-2.000e+02
-2.000e+02
-2.000e+02
-2.000e+02
-2.000e+02
-2.000e+02
-2.000e+02
-2.000e+02
-2.000e+02
-2.000e+02
-2.000e+02
-2.000e+02
-2.000e+02
-2.000e+02
-2.000e+02
-2.000e+02
-2.000e+02
-2.000e+02
-2.000e+02
-2.000e+02
-2.000e+02
-2.000e+02
-2.000e+02
-2.000e+02
-2.000e+02
-2.000e+02
-2.000e+02
-2.000e+02
-2.000e+02
-2.000e+02
-2.000e+02
-2.000e+02
-2.000e+02
-2.000e+02
-2.000e+02
-2.000e+02
-2.000e+02
-2.000e+02
-2.000e+02
-2.000e+02
-2.000e+02
-2.000e+02
-2.000e+02
-2.000e+02
-2.000e+02
-2.000e+02
-2.000e+02
-2.000e+02
-2.000e+02
-2.000e+02
-2.000e+02
-2.000e+02
-2.000e+02
-2.000e+02
-2.000e+02
-2.000e+02
-2.000e+02
-2.000e+02
-2.000e+02
-2.000e+02
-2.000e+02
-2.000e+02
-2.000e+02
-2.000e+02
-2.000e+02
-2.000e+02
-2.000e+02
-2.000e+02
-2.000e+02
-2.000e+02
-2.000e+02
-2.000e+02
-2.000e+02
-2.000e+02
-2.000e+02
-2.000e+02
-2.000e+02
-2.000e+02
-2.000e+02
-2.000e+02
-2.000e+02
-2.000e+02
-2.000e+02
-2.000e+02
-2.000e+02
-2.000e+02
-2.000e+02
-2.000e+02
-2.000e+02
-2.000e+02
-2.000e+02
-2.000e+02
-2.000e+02
-2.000e+02
-2.000e+02
-2.000e+02
-2.000e+02
-2.000e+02
-1.822e+02
-1.490e+02
-1.490e+02
-1.490e+02
-1.490e+02
-1.490e+02
-1.490e+02
-1.490e+02
-1.490e+02
-1.490e+02
-1.490e+02
-1.490e+02
-1.490e+02
-1.490e+02
-1.490e+02
-1.490e+02
-1.490e+02
-1.490e+02
-1.490e+02
-1.531e+02
-7.170e+01
-1.490e+02
-7.184e+01
-7.173e+01
-7.173e+01
-7.173e+01
-7.173e+01
-7.173e+01
-7.173e+01
-7.173e+01
-7.173e+01
-7.173e+01
-7.173e+01
-7.173e+01
-7.173e+01
-7.173e+01
-7.173e+01
-7.173e+01
-7.173e+01
-7.173e+01
-7.166e+01
-3.616e+01
-1.490e+02
-7.173e+01
-7.162e+01
-7.162e+01
-7.162e+01
-7.162e+01
-7.162e+01
-7.162e+01
-7.162e+01
-7.162e+01
-7.162e+01
-7.162e+01
-7.162e+01
-7.162e+01
-7.162e+01
-7.162e+01
-7.162e+01
-7.162e+01
-7.162e+01
-7.164e+01
-3.606e+01
-1.490e+02
-7.173e+01
-7.162e+01
-7.162e+01
-7.162e+01
-7.162e+01
-7.162e+01
-7.162e+01
-7.162e+01
-7.162e+01
-7.162e+01
-7.162e+01
-7.162e+01
-7.162e+01
-7.162e+01
-7.162e+01
-7.162e+01
-7.162e+01
-7.162e+01
-7.164e+01
-3.606e+01
-1.490e+02
-7.173e+01
-7.162e+01
-7.162e+01
-7.162e+01
-7.162e+01
-7.162e+01
-7.162e+01
-7.162e+01
-7.162e+01
-7.162e+01
-7.162e+01
-7.162e+01
-7.162e+01
-7.162e+01
-7.162e+01
-7.162e+01
-7.162e+01
-7.162e+01
-7.164e+01
-3.606e+01
-1.490e+02
-7.173e+01
-7.162e+01
-7.162e+01
-7.162e+01
-7.162e+01
-7.162e+01
-7.162e+01
-7.162e+01
-7.162e+01
-7.162e+01
-7.162e+01
-7.162e+01
-7.162e+01
-7.162e+01
-7.162e+01
-7.162e+01
-7.162e+01
-7.162e+01
-7.164e+01
-3.606e+01
-1.490e+02
-7.173e+01
-7.162e+01
-7.162e+01
-7.162e+01
-7.162e+01
-7.162e+01
-7.162e+01
-7.162e+01
-7.162e+01
-7.162e+01
-7.162e+01
-7.162e+01
-7.162e+01
-7.162e+01
-7.162e+01
-7.162e+01
-7.162e+01
-7.162e+01
-7.164e+01
-3.606e+01
-1.490e+02
-7.173e+01
-7.162e+01
-7.162e+01
-7.162e+01
-7.162e+01
-7.162e+01
-7.162e+01
-7.162e+01
-7.162e+01
-7.162e+01
-7.162e+01
-7.162e+01
-7.162e+01
-7.162e+01
-7.162e+01
-7.162e+01
-7.162e+01
-7.162e+01
-7.164e+01
-3.606e+01
-1.490e+02
-7.173e+01
-7.162e+01
-7.162e+01
-7.162e+01
-7.162e+01
-7.162e+01
-7.162e+01
-7.162e+01
-7.162e+01
-7.162e+01
-7.162e+01
-7.162e+01
-7.162e+01
-7.162e+01
-7.162e+01
-7.162e+01
-7.162e+01
-7.162e+01
-7.164e+01
-3.606e+01
-1.497e+02
-7.271e+01
-7.276e+01
-7.276e+01
-7.276e+01
-7.276e+01
-7.276e+01
-7.276e+01
-7.276e+01
-7.276e+01
-7.276e+01
-7.276e+01
-7.276e+01
-7.276e+01
-7.276e+01
-7.276e+01
-7.276e+01
-7.276e+01
-7.276e+01
-7.272e+01
-3.677e+01
-2.000e+02
-2.000e+02
-2.000e+02
-2.000e+02
-2.000e+02
-2.000e+02
-2.000e+02
-2.000e+02
-2.000e+02
-2.000e+02
-2.000e+02
-2.000e+02
-2.000e+02
-2.000e+02
-2.000e+02
-2.000e+02
-2.000e+02
-2.000e+02
-2.000e+02
-2.000e+02
-2.000e+02
-2.000e+02
-2.000e+02
-2.000e+02
-2.000e+02
-2.000e+02
-2.000e+02
-2.000e+02
-2.000e+02
-2.000e+02
-2.000e+02
-2.000e+02
-2.000e+02
-2.000e+02
-2.000e+02
-2.000e+02
-2.000e+02
-2.000e+02
-2.000e+02
-2.000e+02
-2.000e+02
-2.000e+02
-2.000e+02
-2.000e+02
-2.000e+02
-2.000e+02
-2.000e+02
-2.000e+02
-2.000e+02
-2.000e+02
-2.000e+02
-2.000e+02
-2.000e+02
-2.000e+02
-2.000e+02
-2.000e+02
-2.000e+02
-2.000e+02
-2.000e+02
-2.000e+02
-2.000e+02
-2.000e+02
-2.000e+02
-2.000e+02
-2.000e+02
-2.000e+02
-2.000e+02
-2.000e+02
-2.000e+02
-2.000e+02
-2.000e+02
-2.000e+02
-2.000e+02
-2.000e+02
-2.000e+02
-2.000e+02
-2.000e+02
-2.000e+02
-2.000e+02
-2.000e+02
-2.000e+02
-2.000e+02
-2.000e+02
-2.000e+02
-2.000e+02
-2.000e+02
-2.000e+02
-2.000e+02
-2.000e+02
-2.000e+02
-2.000e+02
-2.000e+02
-2.000e+02
-2.000e+02
-2.000e+02
-2.000e+02
-2.000e+02
-2.000e+02
-2.000e+02
-2.000e+02
-2.000e+02
-2.000e+02
-2.000e+02
-2.000e+02
-2.000e+02
-2.000e+02
-2.000e+02
-2.000e+02
-2.000e+02
-2.000e+02
-2.000e+02
-2.000e+02
-2.000e+02
-2.000e+02
-2.000e+02
-2.000e+02
-2.000e+02
-2.000e+02
-2.000e+02
-2.000e+02
-2.000e+02
-2.000e+02
-2.000e+02
-2.000e+02
-2.000e+02
-2.000e+02
-2.000e+02
-2.000e+02
-2.000e+02
-2.000e+02
-2.000e+02
-2.000e+02
-2.000e+02
-2.000e+02
-2.000e+02
-2.000e+02
-2.000e+02
-2.000e+02
-2.000e+02
-2.000e+02
-2.000e+02
-2.000e+02
-2.000e+02
-2.000e+02
-2.000e+02
-2.000e+02
-2.000e+02
-2.000e+02
-2.000e+02
-2.000e+02
-2.000e+02
-2.000e+02
-2.000e+02
-2.000e+02
-2.000e+02
-2.000e+02
-2.000e+02
-2.000e+02
-2.000e+02
-2.000e+02
-2.000e+02
-2.000e+02
-2.000e+02
-2.000e+02
-2.000e+02
-2.000e+02
-2.000e+02
-2.000e+02
-2.000e+02
-2.000e+02
-2.000e+02
-2.000e+02
-2.000e+02
-2.000e+02
-2.000e+02
-2.000e+02
-2.000e+02
-2.000e+02
-2.000e+02
-2.000e+02
-2.000e+02
-2.000e+02
-2.000e+02
-2.000e+02
-2.000e+02
-2.000e+02
-2.000e+02
-2.000e+02
-2.000e+02
-2.000e+02
-2.000e+02
-2.000e+02
-2.000e+02
-2.000e+02
-2.000e+02
-2.000e+02
-2.000e+02
-2.000e+02
-2.000e+02
-2.000e+02
-2.000e+02
-2.000e+02
-2.000e+02
-2.000e+02
-2.000e+02
-2.000e+02
-2.000e+02
-2.000e+02
-2.000e+02
-2.000e+02
-2.000e+02
-2.000e+02
-2.000e+02
-2.000e+02
-2.000e+02
-2.000e+02
-2.000e+02
-2.000e+02
-2.000e+02
-2.000e+02
-2.000e+02
-2.000e+02
-2.000e+02
-2.000e+02
-2.000e+02
-2.000e+02
-2.000e+02
-2.000e+02
-2.000e+02
-2.000e+02
-2.000e+02
-1.175e+02
-9.350e+01
-9.360e+01
-9.360e+01
-9.360e+01
-9.360e+01
-9.360e+01
-9.360e+01
-9.360e+01
-9.360e+01
-9.360e+01
-9.360e+01
-9.360e+01
-9.360e+01
-9.360e+01
-9.360e+01
-9.360e+01
-9.360e+01
-9.360e+01
-9.452e+01
-5.942e+01
-9.350e+01
-5.933e+01
-5.932e+01
-5.932e+01
-5.932e+01
-5.932e+01
-5.932e+01
-5.932e+01
-5.932e+01
-5.932e+01
-5.932e+01
-5.932e+01
-5.932e+01
-5.932e+01
-5.932e+01
-5.932e+01
-5.932e+01
-5.932e+01
-5.932e+01
-5.942e+01
-4.006e+01
-9.360e+01
-5.932e+01
-5.931e+01
-5.931e+01
-5.931e+01
-5.931e+01
-5.931e+01
-5.931e+01
-5.931e+01
-5.931e+01
-5.931e+01
-5.931e+01
-5.931e+01
-5.931e+01
-5.931e+01
-5.931e+01
-5.931e+01
-5.931e+01
-5.931e+01
-5.942e+01
-3.994e+01
-9.360e+01
-5.932e+01
-5.931e+01
-5.931e+01
-5.931e+01
-5.931e+01
-5.931e+01
-5.931e+01
-5.931e+01
-5.931e+01
-5.931e+01
-5.931e+01
-5.931e+01
-5.931e+01
-5.931e+01
-5.931e+01
-5.931e+01
-5.931e+01
-5.931e+01
-5.942e+01
-3.994e+01
-9.360e+01
-5.932e+01
-5.931e+01
-5.931e+01
-5.931e+01
-5.931e+01
-5.931e+01
-5.931e+01
-5.931e+01
-5.931e+01
-5.931e+01
-5.931e+01
-5.931e+01
-5.931e+01
-5.931e+01
-5.931e+01
-5.931e+01
-5.931e+01
-5.931e+01
-5.942e+01
-3.994e+01
-9.360e+01
-5.932e+01
-5.931e+01
-5.931e+01
-5.931e+01
-5.931e+01
-5.931e+01
-5.931e+01
-5.931e+01
-5.931e+01
-5.931e+01
-5.931e+01
-5.931e+01
-5.931e+01
-5.931e+01
-5.931e+01
-5.931e+01
-5.931e+01
-5.931e+01
-5.942e+01
-3.994e+01
-9.360e+01
-5.932e+01
-5.931e+01
-5.931e+01
-5.931e+01
-5.931e+01
-5.931e+01
-5.931e+01
-5.931e+01
-5.931e+01
-5.931e+01
-5.931e+01
-5.931e+01
-5.931e+01
-5.931e+01
-5.931e+01
-5.931e+01
-5.931e+01
-5.931e+01
-5.942e+01
-3.994e+01
-9.360e+01
-5.932e+01
-5.931e+01
-5.931e+01
-5.931e+01
-5.931e+01
-5.931e+01
-5.931e+01
-5.931e+01
-5.931e+01
-5.931e+01
-5.931e+01
-5.931e+01
-5.931e+01
-5.931e+01
-5.931e+01
-5.931e+01
-5.931e+01
-5.931e+01
-5.942e+01
-3.994e+01
-9.360e+01
-5.932e+01
-5.931e+01
-5.931e+01
-5.931e+01
-5.931e+01
-5.931e+01
-5.931e+01
-5.931e+01
-5.931e+01
-5.931e+01
-5.931e+01
-5.931e+01
-5.931e+01
-5.931e+01
-5.931e+01
-5.931e+01
-5.931e+01
-5.931e+01
-5.942e+01
-3.994e+01
-9.342e+01
-6.000e+01
-6.000e+01
-6.000e+01
-6.000e+01
-6.000e+01
-6.000e+01
-6.000e+01
-6.000e+01
-6.000e+01
-6.000e+01
-6.000e+01
-6.000e+01
-6.000e+01
-6.000e+01
-6.000e+01
-6.000e+01
-6.000e+01
-6.000e+01
-6.000e+01
-4.060e+01
-2.000e+02
-2.000e+02
-2.000e+02
-2.000e+02
-2.000e+02
-2.000e+02
-2.000e+02
-2.000e+02
-2.000e+02
-2.000e+02
-2.000e+02
-2.000e+02
-2.000e+02
-2.000e+02
-2.000e+02
-2.000e+02
-2.000e+02
-2.000e+02
-2.000e+02
-2.000e+02
-2.000e+02
-2.000e+02
-2.000e+02
-2.000e+02
-2.000e+02
-2.000e+02
-2.000e+02
-2.000e+02
-2.000e+02
-2.000e+02
-2.000e+02
-2.000e+02
-2.000e+02
-2.000e+02
-2.000e+02
-2.000e+02
-2.000e+02
-2.000e+02
-2.000e+02
-2.000e+02
-2.000e+02
-2.000e+02
-2.000e+02
-2.000e+02
-2.000e+02
-2.000e+02
-2.000e+02
-2.000e+02
-2.000e+02
-2.000e+02
-2.000e+02
-2.000e+02
-2.000e+02
-2.000e+02
-2.000e+02
-2.000e+02
-2.000e+02
-2.000e+02
-2.000e+02
-2.000e+02
-2.000e+02
-2.000e+02
-2.000e+02
-2.000e+02
-2.000e+02
-2.000e+02
-2.000e+02
-2.000e+02
-2.000e+02
-2.000e+02
-2.000e+02
-2.000e+02
-2.000e+02
-2.000e+02
-2.000e+02
-2.000e+02
-2.000e+02
-2.000e+02
-2.000e+02
-2.000e+02
-2.000e+02
-2.000e+02
-2.000e+02
-2.000e+02
-2.000e+02
-2.000e+02
-2.000e+02
-2.000e+02
-2.000e+02
-2.000e+02
-2.000e+02
-2.000e+02
-2.000e+02
-2.000e+02
-2.000e+02
-2.000e+02
-2.000e+02
-2.000e+02
-2.000e+02
-2.000e+02
-2.000e+02
-2.000e+02
-2.000e+02
-2.000e+02
-2.000e+02
-2.000e+02
-2.000e+02
-2.000e+02
-2.000e+02
-2.000e+02
-2.000e+02
-2.000e+02
-2.000e+02
-2.000e+02
-2.000e+02
-2.000e+02
-2.000e+02
-2.000e+02
-2.000e+02
-2.000e+02
-2.000e+02
-2.000e+02
-2.000e+02
-2.000e+02
-2.000e+02
-2.000e+02
-2.000e+02
-2.000e+02
-2.000e+02
-2.000e+02
-2.000e+02
-2.000e+02
-2.000e+02
-2.000e+02
-2.000e+02
-2.000e+02
-2.000e+02
-2.000e+02
-2.000e+02
-2.000e+02
-2.000e+02
-2.000e+02
-2.000e+02
-2.000e+02
-2.000e+02
-2.000e+02
-2.000e+02
-2.000e+02
-2.000e+02
-2.000e+02
-2.000e+02
-2.000e+02
-2.000e+02
-2.000e+02
-2.000e+02
-2.000e+02
-2.000e+02
-2.000e+02
-2.000e+02
-2.000e+02
-2.000e+02
-2.000e+02
-2.000e+02
-2.000e+02
-2.000e+02
-2.000e+02
-2.000e+02
-2.000e+02
-2.000e+02
-2.000e+02
-2.000e+02
-2.000e+02
-2.000e+02
-2.000e+02
-2.000e+02
-2.000e+02
-2.000e+02
-2.000e+02
-2.000e+02
-2.000e+02
-2.000e+02
-2.000e+02
-2.000e+02
-2.000e+02
-2.000e+02
-2.000e+02
-2.000e+02
-2.000e+02
-2.000e+02
-2.000e+02
-2.000e+02
-2.000e+02
-2.000e+02
-2.000e+02
-2.000e+02
-2.000e+02
-2.000e+02
-2.000e+02
-2.000e+02
-2.000e+02
-2.000e+02
-2.000e+02
-2.000e+02
-2.000e+02
-2.000e+02
-2.000e+02
-2.000e+02
-2.000e+02
-2.000e+02
-2.000e+02
-2.000e+02
-2.000e+02
-2.000e+02
-2.000e+02
-2.000e+02
-2.000e+02
-2.000e+02
-2.000e+02
-2.000e+02
-2.000e+02
-2.000e+02
-2.000e+02
-2.000e+02
-2.000e+02
-2.000e+02
-2.000e+02
-2.000e+02
-2.000e+02
-2.000e+02
-2.000e+02
-2.000e+02
-6.915e+01
-5.906e+01
-5.906e+01
-5.906e+01
-5.906e+01
-5.906e+01
-5.906e+01
-5.906e+01
-5.906e+01
-5.906e+01
-5.906e+01
-5.906e+01
-5.906e+01
-5.906e+01
-5.906e+01
-5.906e+01
-5.906e+01
-5.906e+01
-5.906e+01
-5.912e+01
-4.426e+01
-5.906e+01
-4.425e+01
-4.425e+01
-4.425e+01
-4.425e+01
-4.425e+01
-4.425e+01
-4.425e+01
-4.425e+01
-4.425e+01
-4.425e+01
-4.425e+01
-4.425e+01
-4.425e+01
-4.425e+01
-4.425e+01
-4.425e+01
-4.425e+01
-4.425e+01
-4.425e+01
-3.431e+01
-5.906e+01
-4.425e+01
-4.423e+01
-4.423e+01
-4.423e+01
-4.423e+01
-4.423e+01
-4.423e+01
-4.423e+01
-4.423e+01
-4.423e+01
-4.423e+01
-4.423e+01
-4.423e+01
-4.423e+01
-4.423e+01
-4.423e+01
-4.423e+01
-4.423e+01
-4.423e+01
-3.431e+01
-5.906e+01
-4.425e+01
-4.423e+01
-4.423e+01
-4.423e+01
-4.423e+01
-4.423e+01
-4.423e+01
-4.423e+01
-4.423e+01
-4.423e+01
-4.423e+01
-4.423e+01
-4.423e+01
-4.423e+01
-4.423e+01
-4.423e+01
-4.423e+01
-4.423e+01
-4.423e+01
-3.431e+01
-5.906e+01
-4.425e+01
-4.423e+01
-4.423e+01
-4.423e+01
-4.423e+01
-4.423e+01
-4.423e+01
-4.423e+01
-4.423e+01
-4.423e+01
-4.423e+01
-4.423e+01
-4.423e+01
-4.423e+01
-4.423e+01
-4.423e+01
-4.423e+01
-4.423e+01
-4.423e+01
-3.431e+01
-5.906e+01
-4.425e+01
-4.423e+01
-4.423e+01
-4.423e+01
-4.423e+01
-4.423e+01
-4.423e+01
-4.423e+01
-4.423e+01
-4.423e+01
-4.423e+01
-4.423e+01
-4.423e+01
-4.423e+01
-4.423e+01
-4.423e+01
-4.423e+01
-4.423e+01
-4.423e+01
-3.431e+01
-5.906e+01
-4.425e+01
-4.423e+01
-4.423e+01
-4.423e+01
-4.423e+01
-4.423e+01
-4.423e+01
-4.423e+01
-4.423e+01
-4.423e+01
-4.423e+01
-4.423e+01
-4.423e+01
-4.423e+01
-4.423e+01
-4.423e+01
-4.423e+01
-4.423e+01
-4.423e+01
-3.431e+01
-5.906e+01
-4.425e+01
-4.423e+01
-4.423e+01
-4.423e+01
-4.423e+01
-4.423e+01
-4.423e+01
-4.423e+01
-4.423e+01
-4.423e+01
-4.423e+01
-4.423e+01
-4.423e+01
-4.423e+01
-4.423e+01
-4.423e+01
-4.423e+01
-4.423e+01
-4.423e+01
-3.431e+01
-5.906e+01
-4.425e+01
-4.423e+01
-4.423e+01
-4.423e+01
-4.423e+01
-4.423e+01
-4.423e+01
-4.423e+01
-4.423e+01
-4.423e+01
-4.423e+01
-4.423e+01
-4.423e+01
-4.423e+01
-4.423e+01
-4.423e+01
-4.423e+01
-4.423e+01
-4.423e+01
-3.431e+01
-5.923e+01
-4.452e+01
-4.452e+01
-4.452e+01
-4.452e+01
-4.452e+01
-4.452e+01
-4.452e+01
-4.452e+01
-4.452e+01
-4.452e+01
-4.452e+01
-4.452e+01
-4.452e+01
-4.452e+01
-4.452e+01
-4.452e+01
-4.452e+01
-4.452e+01
-4.452e+01
-3.459e+01
-2.000e+02
-1.998e+02
-1.998e+02
-1.998e+02
-1.998e+02
-1.998e+02
-1.998e+02
-1.998e+02
-1.998e+02
-1.998e+02
-1.998e+02
-1.998e+02
-1.998e+02
-1.998e+02
-1.998e+02
-1.998e+02
-1.998e+02
-1.998e+02
-1.998e+02
-1.998e+02
-1.997e+02
-2.000e+02
-1.999e+02
-1.999e+02
-1.999e+02
-1.999e+02
-1.999e+02
-1.999e+02
-1.999e+02
-1.999e+02
-1.999e+02
-1.999e+02
-1.999e+02
-1.999e+02
-1.999e+02
-1.999e+02
-1.999e+02
-1.999e+02
-1.999e+02
-1.999e+02
-1.999e+02
-1.999e+02
-2.000e+02
-1.999e+02
-1.999e+02
-1.999e+02
-1.999e+02
-1.999e+02
-1.999e+02
-1.999e+02
-1.999e+02
-1.999e+02
-1.999e+02
-1.999e+02
-1.999e+02
-1.999e+02
-1.999e+02
-1.999e+02
-1.999e+02
-1.999e+02
-1.999e+02
-1.999e+02
-1.999e+02
-2.000e+02
-1.999e+02
-1.999e+02
-1.999e+02
-1.999e+02
-1.999e+02
-1.999e+02
-1.999e+02
-1.999e+02
-1.999e+02
-1.999e+02
-1.999e+02
-1.999e+02
-1.999e+02
-1.999e+02
-1.999e+02
-1.999e+02
-1.999e+02
-1.999e+02
-1.999e+02
-1.999e+02
-2.000e+02
-1.999e+02
-1.999e+02
-1.999e+02
-1.999e+02
-1.999e+02
-1.999e+02
-1.999e+02
-1.999e+02
-1.999e+02
-1.999e+02
-1.999e+02
-1.999e+02
-1.999e+02
-1.999e+02
-1.999e+02
-1.999e+02
-1.999e+02
-1.999e+02
-1.999e+02
-1.999e+02
-2.000e+02
-1.999e+02
-1.999e+02
-1.999e+02
-1.999e+02
-1.999e+02
-1.999e+02
-1.999e+02
-1.999e+02
-1.999e+02
-1.999e+02
-1.999e+02
-1.999e+02
-1.999e+02
-1.999e+02
-1.999e+02
-1.999e+02
-1.999e+02
-1.999e+02
-1.999e+02
-1.999e+02
-2.000e+02
-1.999e+02
-1.999e+02
-1.999e+02
-1.999e+02
-1.999e+02
-1.999e+02
-1.999e+02
-1.999e+02
-1.999e+02
-1.999e+02
-1.999e+02
-1.999e+02
-1.999e+02
-1.999e+02
-1.999e+02
-1.999e+02
-1.999e+02
-1.999e+02
-1.999e+02
-1.999e+02
-2.000e+02
-1.999e+02
-1.999e+02
-1.999e+02
-1.999e+02
-1.999e+02
-1.999e+02
-1.999e+02
-1.999e+02
-1.999e+02
-1.999e+02
-1.999e+02
-1.999e+02
-1.999e+02
-1.999e+02
-1.999e+02
-1.999e+02
-1.999e+02
-1.999e+02
-1.999e+02
-1.999e+02
-2.000e+02
-1.999e+02
-1.999e+02
-1.999e+02
-1.999e+02
-1.999e+02
-1.999e+02
-1.999e+02
-1.999e+02
-1.999e+02
-1.999e+02
-1.999e+02
-1.999e+02
-1.999e+02
-1.999e+02
-1.999e+02
-1.999e+02
-1.999e+02
-1.999e+02
-1.999e+02
-1.999e+02
-2.000e+02
-1.999e+02
-1.999e+02
-1.999e+02
-1.999e+02
-1.999e+02
-1.999e+02
-1.999e+02
-1.999e+02
-1.999e+02
-1.999e+02
-1.999e+02
-1.999e+02
-1.999e+02
-1.999e+02
-1.999e+02
-1.999e+02
-1.999e+02
-1.999e+02
-1.999e+02
-1.999e+02
-1.999e+02
-1.999e+02
-1.999e+02
-1.999e+02
-1.999e+02
-1.999e+02
-1.999e+02
-1.999e+02
-1.999e+02
-1.999e+02
-1.999e+02
-1.999e+02
-1.999e+02
-1.999e+02
-1.999e+02
-1.999e+02
-1.999e+02
-1.999e+02
-1.999e+02
-1.999e+02
-1.997e+02
-4.122e+01
-3.718e+01
-3.718e+01
-3.718e+01
-3.718e+01
-3.718e+01
-3.718e+01
-3.718e+01
-3.718e+01
-3.718e+01
-3.718e+01
-3.718e+01
-3.718e+01
-3.718e+01
-3.718e+01
-3.718e+01
-3.718e+01
-3.718e+01
-3.718e+01
-3.718e+01
-3.077e+01
-3.718e+01
-3.072e+01
-3.077e+01
-3.077e+01
-3.077e+01
-3.077e+01
-3.077e+01
-3.077e+01
-3.077e+01
-3.077e+01
-3.077e+01
-3.077e+01
-3.077e+01
-3.077e+01
-3.077e+01
-3.077e+01
-3.077e+01
-3.077e+01
-3.077e+01
-3.077e+01
-2.599e+01
-3.718e+01
-3.077e+01
-3.077e+01
-3.077e+01
-3.077e+01
-3.077e+01
-3.077e+01
-3.077e+01
-3.077e+01
-3.077e+01
-3.077e+01
-3.077e+01
-3.077e+01
-3.077e+01
-3.077e+01
-3.077e+01
-3.077e+01
-3.077e+01
-3.077e+01
-3.077e+01
-2.603e+01
-3.718e+01
-3.077e+01
-3.077e+01
-3.077e+01
-3.077e+01
-3.077e+01
-3.077e+01
-3.077e+01
-3.077e+01
-3.077e+01
-3.077e+01
-3.077e+01
-3.077e+01
-3.077e+01
-3.077e+01
-3.077e+01
-3.077e+01
-3.077e+01
-3.077e+01
-3.077e+01
-2.603e+01
-3.718e+01
-3.077e+01
-3.077e+01
-3.077e+01
-3.077e+01
-3.077e+01
-3.077e+01
-3.077e+01
-3.077e+01
-3.077e+01
-3.077e+01
-3.077e+01
-3.077e+01
-3.077e+01
-3.077e+01
-3.077e+01
-3.077e+01
-3.077e+01
-3.077e+01
-3.077e+01
-2.603e+01
-3.718e+01
-3.077e+01
-3.077e+01
-3.077e+01
-3.077e+01
-3.077e+01
-3.077e+01
-3.077e+01
-3.077e+01
-3.077e+01
-3.077e+01
-3.077e+01
-3.077e+01
-3.077e+01
-3.077e+01
-3.077e+01
-3.077e+01
-3.077e+01
-3.077e+01
-3.077e+01
-2.603e+01
-3.718e+01
-3.077e+01
-3.077e+01
-3.077e+01
-3.077e+01
-3.077e+01
-3.077e+01
-3.077e+01
-3.077e+01
-3.077e+01
-3.077e+01
-3.077e+01
-3.077e+01
-3.077e+01
-3.077e+01
-3.077e+01
-3.077e+01
-3.077e+01
-3.077e+01
-3.077e+01
-2.603e+01
-3.718e+01
-3.077e+01
-3.077e+01
-3.077e+01
-3.077e+01
-3.077e+01
-3.077e+01
-3.077e+01
-3.077e+01
-3.077e+01
-3.077e+01
-3.077e+01
-3.077e+01
-3.077e+01
-3.077e+01
-3.077e+01
-3.077e+01
-3.077e+01
-3.077e+01
-3.077e+01
-2.603e+01
-3.718e+01
-3.077e+01
-3.077e+01
-3.077e+01
-3.077e+01
-3.077e+01
-3.077e+01
-3.077e+01
-3.077e+01
-3.077e+01
-3.077e+01
-3.077e+01
-3.077e+01
-3.077e+01
-3.077e+01
-3.077e+01
-3.077e+01
-3.077e+01
-3.077e+01
-3.077e+01
-2.603e+01
-3.719e+01
-3.077e+01
-3.077e+01
-3.077e+01
-3.077e+01
-3.077e+01
-3.077e+01
-3.077e+01
-3.077e+01
-3.077e+01
-3.077e+01
-3.077e+01
-3.077e+01
-3.077e+01
-3.077e+01
-3.077e+01
-3.077e+01
-3.077e+01
-3.077e+01
-3.077e+01
-2.599e+01
-6.456e+01
-6.173e+01
-6.403e+01
-6.388e+01
-6.389e+01
-6.389e+01
-6.389e+01
-6.389e+01
-6.389e+01
-6.389e+01
-6.389e+01
-6.389e+01
-6.389e+01
-6.389e+01
-6.389e+01
-6.389e+01
-6.389e+01
-6.389e+01
-6.389e+01
-6.389e+01
-6.117e+01
-5.355e+01
-4.445e+01
-4.613e+01
-4.592e+01
-4.594e+01
-4.594e+01
-4.594e+01
-4.594e+01
-4.594e+01
-4.594e+01
-4.594e+01
-4.594e+01
-4.594e+01
-4.594e+01
-4.594e+01
-4.594e+01
-4.594e+01
-4.594e+01
-4.594e+01
-4.593e+01
-3.932e+01
-5.392e+01
-4.473e+01
-4.627e+01
-4.603e+01
-4.605e+01
-4.605e+01
-4.605e+01
-4.605e+01
-4.605e+01
-4.605e+01
-4.605e+01
-4.605e+01
-4.605e+01
-4.605e+01
-4.605e+01
-4.605e+01
-4.605e+01
-4.605e+01
-4.605e+01
-4.606e+01
-3.927e+01
-5.391e+01
-4.483e+01
-4.643e+01
-4.622e+01
-4.622e+01
-4.622e+01
-4.622e+01
-4.622e+01
-4.622e+01
-4.622e+01
-4.622e+01
-4.622e+01
-4.622e+01
-4.622e+01
-4.622e+01
-4.622e+01
-4.622e+01
-4.622e+01
-4.622e+01
-4.626e+01
-3.954e+01
-5.389e+01
-4.481e+01
-4.638e+01
-4.613e+01
-4.615e+01
-4.615e+01
-4.615e+01
-4.615e+01
-4.615e+01
-4.615e+01
-4.615e+01
-4.615e+01
-4.615e+01
-4.615e+01
-4.615e+01
-4.615e+01
-4.615e+01
-4.615e+01
-4.615e+01
-4.620e+01
-3.948e+01
-5.389e+01
-4.481e+01
-4.638e+01
-4.615e+01
-4.616e+01
-4.616e+01
-4.616e+01
-4.616e+01
-4.616e+01
-4.616e+01
-4.616e+01
-4.616e+01
-4.616e+01
-4.616e+01
-4.616e+01
-4.616e+01
-4.616e+01
-4.616e+01
-4.616e+01
-4.621e+01
-3.949e+01
-5.389e+01
-4.481e+01
-4.638e+01
-4.614e+01
-4.616e+01
-4.616e+01
-4.616e+01
-4.616e+01
-4.616e+01
-4.616e+01
-4.616e+01
-4.616e+01
-4.616e+01
-4.616e+01
-4.616e+01
-4.616e+01
-4.616e+01
-4.616e+01
-4.616e+01
-4.621e+01
-3.948e+01
-5.389e+01
-4.481e+01
-4.638e+01
-4.614e+01
-4.616e+01
-4.616e+01
-4.616e+01
-4.616e+01
-4.616e+01
-4.616e+01
-4.616e+01
-4.616e+01
-4.616e+01
-4.616e+01
-4.616e+01
-4.616e+01
-4.616e+01
-4.616e+01
-4.616e+01
-4.621e+01
-3.948e+01
-5.389e+01
-4.481e+01
-4.638e+01
-4.615e+01
-4.616e+01
-4.616e+01
-4.616e+01
-4.616e+01
-4.616e+01
-4.616e+01
-4.616e+01
-4.616e+01
-4.616e+01
-4.616e+01
-4.616e+01
-4.616e+01
-4.616e+01
-4.616e+01
-4.616e+01
-4.623e+01
-3.950e+01
-5.398e+01
-4.482e+01
-4.641e+01
-4.620e+01
-4.621e+01
-4.621e+01
-4.621e+01
-4.621e+01
-4.621e+01
-4.621e+01
-4.621e+01
-4.621e+01
-4.621e+01
-4.621e+01
-4.621e+01
-4.621e+01
-4.621e+01
-4.621e+01
-4.623e+01
-4.624e+01
-3.951e+01
-4.404e+01
-3.824e+01
-3.969e+01
-3.947e+01
-3.948e+01
-3.948e+01
-3.948e+01
-3.948e+01
-3.948e+01
-3.948e+01
-3.948e+01
-3.948e+01
-3.948e+01
-3.948e+01
-3.948e+01
-3.948e+01
-3.948e+01
-3.948e+01
-3.950e+01
-3.951e+01
-3.720e+01
-2.138e+01
-2.116e+01
-2.116e+01
-2.116e+01
-2.116e+01
-2.116e+01
-2.116e+01
-2.116e+01
-2.116e+01
-2.116e+01
-2.116e+01
-2.116e+01
-2.116e+01
-2.116e+01
-2.116e+01
-2.116e+01
-2.116e+01
-2.116e+01
-2.116e+01
-2.116e+01
-2.078e+01
-2.116e+01
-2.078e+01
-2.078e+01
-2.078e+01
-2.078e+01
-2.078e+01
-2.078e+01
-2.078e+01
-2.078e+01
-2.078e+01
-2.078e+01
-2.078e+01
-2.078e+01
-2.078e+01
-2.078e+01
-2.078e+01
-2.078e+01
-2.078e+01
-2.078e+01
-2.078e+01
-2.040e+01
-2.116e+01
-2.078e+01
-2.075e+01
-2.075e+01
-2.075e+01
-2.075e+01
-2.075e+01
-2.075e+01
-2.075e+01
-2.075e+01
-2.075e+01
-2.075e+01
-2.075e+01
-2.075e+01
-2.075e+01
-2.075e+01
-2.075e+01
-2.075e+01
-2.075e+01
-2.075e+01
-2.036e+01
-2.116e+01
-2.078e+01
-2.075e+01
-2.075e+01
-2.075e+01
-2.075e+01
-2.075e+01
-2.075e+01
-2.075e+01
-2.075e+01
-2.075e+01
-2.075e+01
-2.075e+01
-2.075e+01
-2.075e+01
-2.075e+01
-2.075e+01
-2.075e+01
-2.075e+01
-2.075e+01
-2.036e+01
-2.116e+01
-2.078e+01
-2.075e+01
-2.075e+01
-2.075e+01
-2.075e+01
-2.075e+01
-2.075e+01
-2.075e+01
-2.075e+01
-2.075e+01
-2.075e+01
-2.075e+01
-2.075e+01
-2.075e+01
-2.075e+01
-2.075e+01
-2.075e+01
-2.075e+01
-2.075e+01
-2.036e+01
-2.116e+01
-2.078e+01
-2.075e+01
-2.075e+01
-2.075e+01
-2.075e+01
-2.075e+01
-2.075e+01
-2.075e+01
-2.075e+01
-2.075e+01
-2.075e+01
-2.075e+01
-2.075e+01
-2.075e+01
-2.075e+01
-2.075e+01
-2.075e+01
-2.075e+01
-2.075e+01
-2.036e+01
-2.116e+01
-2.078e+01
-2.075e+01
-2.075e+01
-2.075e+01
-2.075e+01
-2.075e+01
-2.075e+01
-2.075e+01
-2.075e+01
-2.075e+01
-2.075e+01
-2.075e+01
-2.075e+01
-2.075e+01
-2.075e+01
-2.075e+01
-2.075e+01
-2.075e+01
-2.075e+01
-2.036e+01
-2.116e+01
-2.078e+01
-2.075e+01
-2.075e+01
-2.075e+01
-2.075e+01
-2.075e+01
-2.075e+01
-2.075e+01
-2.075e+01
-2.075e+01
-2.075e+01
-2.075e+01
-2.075e+01
-2.075e+01
-2.075e+01
-2.075e+01
-2.075e+01
-2.075e+01
-2.075e+01
-2.036e+01
-2.116e+01
-2.076e+01
-2.075e+01
-2.075e+01
-2.075e+01
-2.075e+01
-2.075e+01
-2.075e+01
-2.075e+01
-2.075e+01
-2.075e+01
-2.075e+01
-2.075e+01
-2.075e+01
-2.075e+01
-2.075e+01
-2.075e+01
-2.075e+01
-2.075e+01
-2.075e+01
-2.036e+01
-2.103e+01
-2.004e+01
-2.004e+01
-2.004e+01
-2.004e+01
-2.004e+01
-2.004e+01
-2.004e+01
-2.004e+01
-2.004e+01
-2.004e+01
-2.004e+01
-2.004e+01
-2.004e+01
-2.004e+01
-2.004e+01
-2.004e+01
-2.004e+01
-2.004e+01
-2.007e+01
-1.989e+01
-3.299e+00
-3.606e+00
-3.575e+00
-3.577e+00
-3.577e+00
-3.577e+00
-3.577e+00
-3.577e+00
-3.577e+00
-3.577e+00
-3.577e+00
-3.577e+00
-3.577e+00
-3.577e+00
-3.577e+00
-3.577e+00
-3.577e+00
-3.577e+00
-3.577e+00
-3.578e+00
-3.866e+00
-3.326e+00
-3.529e+00
-3.482e+00
-3.487e+00
-3.487e+00
-3.487e+00
-3.487e+00
-3.487e+00
-3.487e+00
-3.487e+00
-3.487e+00
-3.487e+00
-3.487e+00
-3.487e+00
-3.487e+00
-3.487e+00
-3.487e+00
-3.487e+00
-3.487e+00
-3.487e+00
-3.604e+00
-3.335e+00
-3.563e+00
-3.534e+00
-3.537e+00
-3.537e+00
-3.537e+00
-3.537e+00
-3.537e+00
-3.537e+00
-3.537e+00
-3.537e+00
-3.537e+00
-3.537e+00
-3.537e+00
-3.537e+00
-3.537e+00
-3.537e+00
-3.537e+00
-3.537e+00
-3.538e+00
-3.688e+00
-3.332e+00
-3.559e+00
-3.520e+00
-3.523e+00
-3.523e+00
-3.523e+00
-3.523e+00
-3.523e+00
-3.523e+00
-3.523e+00
-3.523e+00
-3.523e+00
-3.523e+00
-3.523e+00
-3.523e+00
-3.523e+00
-3.523e+00
-3.523e+00
-3.523e+00
-3.526e+00
-3.671e+00
-3.332e+00
-3.559e+00
-3.522e+00
-3.525e+00
-3.525e+00
-3.525e+00
-3.525e+00
-3.525e+00
-3.525e+00
-3.525e+00
-3.525e+00
-3.525e+00
-3.525e+00
-3.525e+00
-3.525e+00
-3.525e+00
-3.525e+00
-3.525e+00
-3.525e+00
-3.528e+00
-3.674e+00
-3.332e+00
-3.559e+00
-3.522e+00
-3.525e+00
-3.525e+00
-3.525e+00
-3.525e+00
-3.525e+00
-3.525e+00
-3.525e+00
-3.525e+00
-3.525e+00
-3.525e+00
-3.525e+00
-3.525e+00
-3.525e+00
-3.525e+00
-3.525e+00
-3.525e+00
-3.528e+00
-3.673e+00
-3.332e+00
-3.559e+00
-3.522e+00
-3.525e+00
-3.525e+00
-3.525e+00
-3.525e+00
-3.525e+00
-3.525e+00
-3.525e+00
-3.525e+00
-3.525e+00
-3.525e+00
-3.525e+00
-3.525e+00
-3.525e+00
-3.525e+00
-3.525e+00
-3.525e+00
-3.528e+00
-3.673e+00
-3.332e+00
-3.559e+00
-3.522e+00
-3.525e+00
-3.525e+00
-3.525e+00
-3.525e+00
-3.525e+00
-3.525e+00
-3.525e+00
-3.525e+00
-3.525e+00
-3.525e+00
-3.525e+00
-3.525e+00
-3.525e+00
-3.525e+00
-3.525e+00
-3.525e+00
-3.528e+00
-3.673e+00
-3.332e+00
-3.559e+00
-3.522e+00
-3.525e+00
-3.525e+00
-3.525e+00
-3.525e+00
-3.525e+00
-3.525e+00
-3.525e+00
-3.525e+00
-3.525e+00
-3.525e+00
-3.525e+00
-3.525e+00
-3.525e+00
-3.525e+00
-3.525e+00
-3.525e+00
-3.529e+00
-3.673e+00
-3.336e+00
-3.559e+00
-3.525e+00
-3.528e+00
-3.528e+00
-3.528e+00
-3.528e+00
-3.528e+00
-3.528e+00
-3.528e+00
-3.528e+00
-3.528e+00
-3.528e+00
-3.528e+00
-3.528e+00
-3.528e+00
-3.528e+00
-3.528e+00
-3.529e+00
-3.529e+00
-3.674e+00
-3.578e+00
-3.703e+00
-3.670e+00
-3.673e+00
-3.673e+00
-3.673e+00
-3.673e+00
-3.673e+00
-3.673e+00
-3.673e+00
-3.673e+00
-3.673e+00
-3.673e+00
-3.673e+00
-3.673e+00
-3.673e+00
-3.673e+00
-3.673e+00
-3.673e+00
-3.674e+00
-3.718e+00
-3.024e+01
-2.269e+01
-2.269e+01
-2.269e+01
-2.269e+01
-2.269e+01
-2.269e+01
-2.269e+01
-2.269e+01
-2.269e+01
-2.269e+01
-2.269e+01
-2.269e+01
-2.269e+01
-2.269e+01
-2.269e+01
-2.269e+01
-2.269e+01
-2.269e+01
-2.269e+01
-1.487e+01
-2.269e+01
-1.487e+01
-1.487e+01
-1.487e+01
-1.487e+01
-1.487e+01
-1.487e+01
-1.487e+01
-1.487e+01
-1.487e+01
-1.487e+01
-1.487e+01
-1.487e+01
-1.487e+01
-1.487e+01
-1.487e+01
-1.487e+01
-1.487e+01
-1.487e+01
-1.487e+01
-1.103e+01
-2.269e+01
-1.487e+01
-1.488e+01
-1.488e+01
-1.488e+01
-1.488e+01
-1.488e+01
-1.488e+01
-1.488e+01
-1.488e+01
-1.488e+01
-1.488e+01
-1.488e+01
-1.488e+01
-1.488e+01
-1.488e+01
-1.488e+01
-1.488e+01
-1.488e+01
-1.487e+01
-1.104e+01
-2.269e+01
-1.487e+01
-1.488e+01
-1.488e+01
-1.488e+01
-1.488e+01
-1.488e+01
-1.488e+01
-1.488e+01
-1.488e+01
-1.488e+01
-1.488e+01
-1.488e+01
-1.488e+01
-1.488e+01
-1.488e+01
-1.488e+01
-1.488e+01
-1.488e+01
-1.487e+01
-1.104e+01
-2.269e+01
-1.487e+01
-1.488e+01
-1.488e+01
-1.488e+01
-1.488e+01
-1.488e+01
-1.488e+01
-1.488e+01
-1.488e+01
-1.488e+01
-1.488e+01
-1.488e+01
-1.488e+01
-1.488e+01
-1.488e+01
-1.488e+01
-1.488e+01
-1.488e+01
-1.487e+01
-1.104e+01
-2.269e+01
-1.487e+01
-1.488e+01
-1.488e+01
-1.488e+01
-1.488e+01
-1.488e+01
-1.488e+01
-1.488e+01
-1.488e+01
-1.488e+01
-1.488e+01
-1.488e+01
-1.488e+01
-1.488e+01
-1.488e+01
-1.488e+01
-1.488e+01
-1.488e+01
-1.487e+01
-1.104e+01
-2.269e+01
-1.487e+01
-1.488e+01
-1.488e+01
-1.488e+01
-1.488e+01
-1.488e+01
-1.488e+01
-1.488e+01
-1.488e+01
-1.488e+01
-1.488e+01
-1.488e+01
-1.488e+01
-1.488e+01
-1.488e+01
-1.488e+01
-1.488e+01
-1.488e+01
-1.487e+01
-1.104e+01
-2.269e+01
-1.487e+01
-1.488e+01
-1.488e+01
-1.488e+01
-1.488e+01
-1.488e+01
-1.488e+01
-1.488e+01
-1.488e+01
-1.488e+01
-1.488e+01
-1.488e+01
-1.488e+01
-1.488e+01
-1.488e+01
-1.488e+01
-1.488e+01
-1.488e+01
-1.487e+01
-1.104e+01
-2.269e+01
-1.487e+01
-1.488e+01
-1.488e+01
-1.488e+01
-1.488e+01
-1.488e+01
-1.488e+01
-1.488e+01
-1.488e+01
-1.488e+01
-1.488e+01
-1.488e+01
-1.488e+01
-1.488e+01
-1.488e+01
-1.488e+01
-1.488e+01
-1.488e+01
-1.487e+01
-1.104e+01
-1.947e+01
-1.450e+01
-1.450e+01
-1.450e+01
-1.450e+01
-1.450e+01
-1.450e+01
-1.450e+01
-1.450e+01
-1.450e+01
-1.450e+01
-1.450e+01
-1.450e+01
-1.450e+01
-1.450e+01
-1.450e+01
-1.450e+01
-1.450e+01
-1.450e+01
-1.449e+01
-1.106e+01
-1.934e+00
-1.942e+00
-1.941e+00
-1.941e+00
-1.941e+00
-1.941e+00
-1.941e+00
-1.941e+00
-1.941e+00
-1.941e+00
-1.941e+00
-1.941e+00
-1.941e+00
-1.941e+00
-1.941e+00
-1.941e+00
-1.941e+00
-1.941e+00
-1.941e+00
-1.939e+00
-1.949e+00
-1.939e+00
-1.955e+00
-1.954e+00
-1.954e+00
-1.954e+00
-1.954e+00
-1.954e+00
-1.954e+00
-1.954e+00
-1.954e+00
-1.954e+00
-1.954e+00
-1.954e+00
-1.954e+00
-1.954e+00
-1.954e+00
-1.954e+00
-1.954e+00
-1.954e+00
-1.953e+00
-1.964e+00
-1.939e+00
-1.957e+00
-1.955e+00
-1.955e+00
-1.955e+00
-1.955e+00
-1.955e+00
-1.955e+00
-1.955e+00
-1.955e+00
-1.955e+00
-1.955e+00
-1.955e+00
-1.955e+00
-1.955e+00
-1.955e+00
-1.955e+00
-1.955e+00
-1.955e+00
-1.954e+00
-1.969e+00
-1.939e+00
-1.956e+00
-1.954e+00
-1.954e+00
-1.954e+00
-1.954e+00
-1.954e+00
-1.954e+00
-1.954e+00
-1.954e+00
-1.954e+00
-1.954e+00
-1.954e+00
-1.954e+00
-1.954e+00
-1.954e+00
-1.954e+00
-1.954e+00
-1.954e+00
-1.954e+00
-1.968e+00
-1.939e+00
-1.956e+00
-1.954e+00
-1.954e+00
-1.954e+00
-1.954e+00
-1.954e+00
-1.954e+00
-1.954e+00
-1.954e+00
-1.954e+00
-1.954e+00
-1.954e+00
-1.954e+00
-1.954e+00
-1.954e+00
-1.954e+00
-1.954e+00
-1.954e+00
-1.954e+00
-1.968e+00
-1.939e+00
-1.956e+00
-1.954e+00
-1.954e+00
-1.954e+00
-1.954e+00
-1.954e+00
-1.954e+00
-1.954e+00
-1.954e+00
-1.954e+00
-1.954e+00
-1.954e+00
-1.954e+00
-1.954e+00
-1.954e+00
-1.954e+00
-1.954e+00
-1.954e+00
-1.954e+00
-1.968e+00
-1.939e+00
-1.956e+00
-1.954e+00
-1.954e+00
-1.954e+00
-1.954e+00
-1.954e+00
-1.954e+00
-1.954e+00
-1.954e+00
-1.954e+00
-1.954e+00
-1.954e+00
-1.954e+00
-1.954e+00
-1.954e+00
-1.954e+00
-1.954e+00
-1.954e+00
-1.954e+00
-1.968e+00
-1.939e+00
-1.956e+00
-1.954e+00
-1.954e+00
-1.954e+00
-1.954e+00
-1.954e+00
-1.954e+00
-1.954e+00
-1.954e+00
-1.954e+00
-1.954e+00
-1.954e+00
-1.954e+00
-1.954e+00
-1.954e+00
-1.954e+00
-1.954e+00
-1.954e+00
-1.954e+00
-1.968e+00
-1.939e+00
-1.956e+00
-1.954e+00
-1.954e+00
-1.954e+00
-1.954e+00
-1.954e+00
-1.954e+00
-1.954e+00
-1.954e+00
-1.954e+00
-1.954e+00
-1.954e+00
-1.954e+00
-1.954e+00
-1.954e+00
-1.954e+00
-1.954e+00
-1.954e+00
-1.954e+00
-1.968e+00
-1.938e+00
-1.955e+00
-1.954e+00
-1.954e+00
-1.954e+00
-1.954e+00
-1.954e+00
-1.954e+00
-1.954e+00
-1.954e+00
-1.954e+00
-1.954e+00
-1.954e+00
-1.954e+00
-1.954e+00
-1.954e+00
-1.954e+00
-1.954e+00
-1.954e+00
-1.953e+00
-1.968e+00
-1.957e+00
-1.969e+00
-1.968e+00
-1.968e+00
-1.968e+00
-1.968e+00
-1.968e+00
-1.968e+00
-1.968e+00
-1.968e+00
-1.968e+00
-1.968e+00
-1.968e+00
-1.968e+00
-1.968e+00
-1.968e+00
-1.968e+00
-1.968e+00
-1.968e+00
-1.968e+00
-1.975e+00
-8.907e+00
-8.864e+00
-8.864e+00
-8.864e+00
-8.864e+00
-8.864e+00
-8.864e+00
-8.864e+00
-8.864e+00
-8.864e+00
-8.864e+00
-8.864e+00
-8.864e+00
-8.864e+00
-8.864e+00
-8.864e+00
-8.864e+00
-8.864e+00
-8.864e+00
-8.866e+00
-8.803e+00
-8.864e+00
-8.801e+00
-8.799e+00
-8.799e+00
-8.799e+00
-8.799e+00
-8.799e+00
-8.799e+00
-8.799e+00
-8.799e+00
-8.799e+00
-8.799e+00
-8.799e+00
-8.799e+00
-8.799e+00
-8.799e+00
-8.799e+00
-8.799e+00
-8.799e+00
-8.800e+00
-8.728e+00
-8.864e+00
-8.799e+00
-8.798e+00
-8.798e+00
-8.798e+00
-8.798e+00
-8.798e+00
-8.798e+00
-8.798e+00
-8.798e+00
-8.798e+00
-8.798e+00
-8.798e+00
-8.798e+00
-8.798e+00
-8.798e+00
-8.798e+00
-8.798e+00
-8.798e+00
-8.798e+00
-8.723e+00
-8.864e+00
-8.799e+00
-8.798e+00
-8.798e+00
-8.798e+00
-8.798e+00
-8.798e+00
-8.798e+00
-8.798e+00
-8.798e+00
-8.798e+00
-8.798e+00
-8.798e+00
-8.798e+00
-8.798e+00
-8.798e+00
-8.798e+00
-8.798e+00
-8.798e+00
-8.798e+00
-8.723e+00
-8.864e+00
-8.799e+00
-8.798e+00
-8.798e+00
-8.798e+00
-8.798e+00
-8.798e+00
-8.798e+00
-8.798e+00
-8.798e+00
-8.798e+00
-8.798e+00
-8.798e+00
-8.798e+00
-8.798e+00
-8.798e+00
-8.798e+00
-8.798e+00
-8.798e+00
-8.798e+00
-8.723e+00
-8.864e+00
-8.799e+00
-8.798e+00
-8.798e+00
-8.798e+00
-8.798e+00
-8.798e+00
-8.798e+00
-8.798e+00
-8.798e+00
-8.798e+00
-8.798e+00
-8.798e+00
-8.798e+00
-8.798e+00
-8.798e+00
-8.798e+00
-8.798e+00
-8.798e+00
-8.798e+00
-8.723e+00
-8.864e+00
-8.799e+00
-8.798e+00
-8.798e+00
-8.798e+00
-8.798e+00
-8.798e+00
-8.798e+00
-8.798e+00
-8.798e+00
-8.798e+00
-8.798e+00
-8.798e+00
-8.798e+00
-8.798e+00
-8.798e+00
-8.798e+00
-8.798e+00
-8.798e+00
-8.798e+00
-8.723e+00
-8.864e+00
-8.799e+00
-8.798e+00
-8.798e+00
-8.798e+00
-8.798e+00
-8.798e+00
-8.798e+00
-8.798e+00
-8.798e+00
-8.798e+00
-8.798e+00
-8.798e+00
-8.798e+00
-8.798e+00
-8.798e+00
-8.798e+00
-8.798e+00
-8.798e+00
-8.798e+00
-8.723e+00
-8.864e+00
-8.799e+00
-8.798e+00
-8.798e+00
-8.798e+00
-8.798e+00
-8.798e+00
-8.798e+00
-8.798e+00
-8.798e+00
-8.798e+00
-8.798e+00
-8.798e+00
-8.798e+00
-8.798e+00
-8.798e+00
-8.798e+00
-8.798e+00
-8.798e+00
-8.798e+00
-8.723e+00
-9.375e+00
-8.852e+00
-8.852e+00
-8.852e+00
-8.852e+00
-8.852e+00
-8.852e+00
-8.852e+00
-8.852e+00
-8.852e+00
-8.852e+00
-8.852e+00
-8.852e+00
-8.852e+00
-8.852e+00
-8.852e+00
-8.852e+00
-8.852e+00
-8.852e+00
-8.851e+00
-8.658e+00
-1.823e+00
-1.822e+00
-1.822e+00
-1.822e+00
-1.822e+00
-1.822e+00
-1.822e+00
-1.822e+00
-1.822e+00
-1.822e+00
-1.822e+00
-1.822e+00
-1.822e+00
-1.822e+00
-1.822e+00
-1.822e+00
-1.822e+00
-1.822e+00
-1.822e+00
-1.822e+00
-1.821e+00
-1.820e+00
-1.820e+00
-1.820e+00
-1.820e+00
-1.820e+00
-1.820e+00
-1.820e+00
-1.820e+00
-1.820e+00
-1.820e+00
-1.820e+00
-1.820e+00
-1.820e+00
-1.820e+00
-1.820e+00
-1.820e+00
-1.820e+00
-1.820e+00
-1.820e+00
-1.820e+00
-1.820e+00
-1.820e+00
-1.820e+00
-1.820e+00
-1.820e+00
-1.820e+00
-1.820e+00
-1.820e+00
-1.820e+00
-1.820e+00
-1.820e+00
-1.820e+00
-1.820e+00
-1.820e+00
-1.820e+00
-1.820e+00
-1.820e+00
-1.820e+00
-1.820e+00
-1.820e+00
-1.820e+00
-1.821e+00
-1.820e+00
-1.820e+00
-1.820e+00
-1.820e+00
-1.820e+00
-1.820e+00
-1.820e+00
-1.820e+00
-1.820e+00
-1.820e+00
-1.820e+00
-1.820e+00
-1.820e+00
-1.820e+00
-1.820e+00
-1.820e+00
-1.820e+00
-1.820e+00
-1.820e+00
-1.820e+00
-1.821e+00
-1.820e+00
-1.820e+00
-1.820e+00
-1.820e+00
-1.820e+00
-1.820e+00
-1.820e+00
-1.820e+00
-1.820e+00
-1.820e+00
-1.820e+00
-1.820e+00
-1.820e+00
-1.820e+00
-1.820e+00
-1.820e+00
-1.820e+00
-1.820e+00
-1.820e+00
-1.820e+00
-1.821e+00
-1.820e+00
-1.820e+00
-1.820e+00
-1.820e+00
-1.820e+00
-1.820e+00
-1.820e+00
-1.820e+00
-1.820e+00
-1.820e+00
-1.820e+00
-1.820e+00
-1.820e+00
-1.820e+00
-1.820e+00
-1.820e+00
-1.820e+00
-1.820e+00
-1.820e+00
-1.820e+00
-1.821e+00
-1.820e+00
-1.820e+00
-1.820e+00
-1.820e+00
-1.820e+00
-1.820e+00
-1.820e+00
-1.820e+00
-1.820e+00
-1.820e+00
-1.820e+00
-1.820e+00
-1.820e+00
-1.820e+00
-1.820e+00
-1.820e+00
-1.820e+00
-1.820e+00
-1.820e+00
-1.820e+00
-1.821e+00
-1.820e+00
-1.820e+00
-1.820e+00
-1.820e+00
-1.820e+00
-1.820e+00
-1.820e+00
-1.820e+00
-1.820e+00
-1.820e+00
-1.820e+00
-1.820e+00
-1.820e+00
-1.820e+00
-1.820e+00
-1.820e+00
-1.820e+00
-1.820e+00
-1.820e+00
-1.820e+00
-1.821e+00
-1.820e+00
-1.820e+00
-1.820e+00
-1.820e+00
-1.820e+00
-1.820e+00
-1.820e+00
-1.820e+00
-1.820e+00
-1.820e+00
-1.820e+00
-1.820e+00
-1.820e+00
-1.820e+00
-1.820e+00
-1.820e+00
-1.820e+00
-1.820e+00
-1.820e+00
-1.820e+00
-1.821e+00
-1.820e+00
-1.820e+00
-1.820e+00
-1.820e+00
-1.820e+00
-1.820e+00
-1.820e+00
-1.820e+00
-1.820e+00
-1.820e+00
-1.820e+00
-1.820e+00
-1.820e+00
-1.820e+00
-1.820e+00
-1.820e+00
-1.820e+00
-1.820e+00
-1.820e+00
-1.820e+00
-1.821e+00
-1.820e+00
-1.821e+00
-1.821e+00
-1.821e+00
-1.821e+00
-1.821e+00
-1.821e+00
-1.821e+00
-1.821e+00
-1.821e+00
-1.821e+00
-1.821e+00
-1.821e+00
-1.821e+00
-1.821e+00
-1.821e+00
-1.821e+00
-1.821e+00
-1.821e+00
-1.821e+00
-1.821e+00
-9.493e+00
-7.798e+00
-7.798e+00
-7.798e+00
-7.798e+00
-7.798e+00
-7.798e+00
-7.798e+00
-7.798e+00
-7.798e+00
-7.798e+00
-7.798e+00
-7.798e+00
-7.798e+00
-7.798e+00
-7.798e+00
-7.798e+00
-7.798e+00
-7.798e+00
-7.792e+00
-5.903e+00
-7.798e+00
-5.903e+00
-5.903e+00
-5.903e+00
-5.903e+00
-5.903e+00
-5.903e+00
-5.903e+00
-5.903e+00
-5.903e+00
-5.903e+00
-5.903e+00
-5.903e+00
-5.903e+00
-5.903e+00
-5.903e+00
-5.903e+00
-5.903e+00
-5.903e+00
-5.903e+00
-4.881e+00
-7.798e+00
-5.903e+00
-5.903e+00
-5.903e+00
-5.903e+00
-5.903e+00
-5.903e+00
-5.903e+00
-5.903e+00
-5.903e+00
-5.903e+00
-5.903e+00
-5.903e+00
-5.903e+00
-5.903e+00
-5.903e+00
-5.903e+00
-5.903e+00
-5.903e+00
-5.903e+00
-4.882e+00
-7.798e+00
-5.903e+00
-5.903e+00
-5.903e+00
-5.903e+00
-5.903e+00
-5.903e+00
-5.903e+00
-5.903e+00
-5.903e+00
-5.903e+00
-5.903e+00
-5.903e+00
-5.903e+00
-5.903e+00
-5.903e+00
-5.903e+00
-5.903e+00
-5.903e+00
-5.903e+00
-4.882e+00
-7.798e+00
-5.903e+00
-5.903e+00
-5.903e+00
-5.903e+00
-5.903e+00
-5.903e+00
-5.903e+00
-5.903e+00
-5.903e+00
-5.903e+00
-5.903e+00
-5.903e+00
-5.903e+00
-5.903e+00
-5.903e+00
-5.903e+00
-5.903e+00
-5.903e+00
-5.903e+00
-4.882e+00
-7.798e+00
-5.903e+00
-5.903e+00
-5.903e+00
-5.903e+00
-5.903e+00
-5.903e+00
-5.903e+00
-5.903e+00
-5.903e+00
-5.903e+00
-5.903e+00
-5.903e+00
-5.903e+00
-5.903e+00
-5.903e+00
-5.903e+00
-5.903e+00
-5.903e+00
-5.903e+00
-4.882e+00
-7.798e+00
-5.903e+00
-5.903e+00
-5.903e+00
-5.903e+00
-5.903e+00
-5.903e+00
-5.903e+00
-5.903e+00
-5.903e+00
-5.903e+00
-5.903e+00
-5.903e+00
-5.903e+00
-5.903e+00
-5.903e+00
-5.903e+00
-5.903e+00
-5.903e+00
-5.903e+00
-4.882e+00
-7.798e+00
-5.903e+00
-5.903e+00
-5.903e+00
-5.903e+00
-5.903e+00
-5.903e+00
-5.903e+00
-5.903e+00
-5.903e+00
-5.903e+00
-5.903e+00
-5.903e+00
-5.903e+00
-5.903e+00
-5.903e+00
-5.903e+00
-5.903e+00
-5.903e+00
-5.903e+00
-4.882e+00
-7.798e+00
-5.903e+00
-5.903e+00
-5.903e+00
-5.903e+00
-5.903e+00
-5.903e+00
-5.903e+00
-5.903e+00
-5.903e+00
-5.903e+00
-5.903e+00
-5.903e+00
-5.903e+00
-5.903e+00
-5.903e+00
-5.903e+00
-5.903e+00
-5.903e+00
-5.903e+00
-4.882e+00
-7.749e+00
-5.917e+00
-5.917e+00
-5.917e+00
-5.917e+00
-5.917e+00
-5.917e+00
-5.917e+00
-5.917e+00
-5.917e+00
-5.917e+00
-5.917e+00
-5.917e+00
-5.917e+00
-5.917e+00
-5.917e+00
-5.917e+00
-5.917e+00
-5.917e+00
-5.917e+00
-4.893e+00
-1.760e+00
-1.760e+00
-1.760e+00
-1.760e+00
-1.760e+00
-1.760e+00
-1.760e+00
-1.760e+00
-1.760e+00
-1.760e+00
-1.760e+00
-1.760e+00
-1.760e+00
-1.760e+00
-1.760e+00
-1.760e+00
-1.760e+00
-1.760e+00
-1.760e+00
-1.760e+00
-1.760e+00
-1.760e+00
-1.760e+00
-1.760e+00
-1.760e+00
-1.760e+00
-1.760e+00
-1.760e+00
-1.760e+00
-1.760e+00
-1.760e+00
-1.760e+00
-1.760e+00
-1.760e+00
-1.760e+00
-1.760e+00
-1.760e+00
-1.760e+00
-1.760e+00
-1.760e+00
-1.760e+00
-1.760e+00
-1.760e+00
-1.760e+00
-1.760e+00
-1.760e+00
-1.760e+00
-1.760e+00
-1.760e+00
-1.760e+00
-1.760e+00
-1.760e+00
-1.760e+00
-1.760e+00
-1.760e+00
-1.760e+00
-1.760e+00
-1.760e+00
-1.760e+00
-1.760e+00
-1.760e+00
-1.760e+00
-1.760e+00
-1.760e+00
-1.760e+00
-1.760e+00
-1.760e+00
-1.760e+00
-1.760e+00
-1.760e+00
-1.760e+00
-1.760e+00
-1.760e+00
-1.760e+00
-1.760e+00
-1.760e+00
-1.760e+00
-1.760e+00
-1.760e+00
-1.760e+00
-1.760e+00
-1.760e+00
-1.760e+00
-1.760e+00
-1.760e+00
-1.760e+00
-1.760e+00
-1.760e+00
-1.760e+00
-1.760e+00
-1.760e+00
-1.760e+00
-1.760e+00
-1.760e+00
-1.760e+00
-1.760e+00
-1.760e+00
-1.760e+00
-1.760e+00
-1.760e+00
-1.760e+00
-1.760e+00
-1.760e+00
-1.760e+00
-1.760e+00
-1.760e+00
-1.760e+00
-1.760e+00
-1.760e+00
-1.760e+00
-1.760e+00
-1.760e+00
-1.760e+00
-1.760e+00
-1.760e+00
-1.760e+00
-1.760e+00
-1.760e+00
-1.760e+00
-1.760e+00
-1.760e+00
-1.760e+00
-1.760e+00
-1.760e+00
-1.760e+00
-1.760e+00
-1.760e+00
-1.760e+00
-1.760e+00
-1.760e+00
-1.760e+00
-1.760e+00
-1.760e+00
-1.760e+00
-1.760e+00
-1.760e+00
-1.760e+00
-1.760e+00
-1.760e+00
-1.760e+00
-1.760e+00
-1.760e+00
-1.760e+00
-1.760e+00
-1.760e+00
-1.760e+00
-1.760e+00
-1.760e+00
-1.760e+00
-1.760e+00
-1.760e+00
-1.760e+00
-1.760e+00
-1.760e+00
-1.760e+00
-1.760e+00
-1.760e+00
-1.760e+00
-1.760e+00
-1.760e+00
-1.760e+00
-1.760e+00
-1.760e+00
-1.760e+00
-1.760e+00
-1.760e+00
-1.760e+00
-1.760e+00
-1.760e+00
-1.760e+00
-1.760e+00
-1.760e+00
-1.760e+00
-1.760e+00
-1.760e+00
-1.760e+00
-1.760e+00
-1.760e+00
-1.760e+00
-1.760e+00
-1.760e+00
-1.760e+00
-1.760e+00
-1.760e+00
-1.760e+00
-1.760e+00
-1.760e+00
-1.760e+00
-1.760e+00
-1.760e+00
-1.760e+00
-1.760e+00
-1.760e+00
-1.760e+00
-1.760e+00
-1.760e+00
-1.760e+00
-1.760e+00
-1.760e+00
-1.760e+00
-1.760e+00
-1.760e+00
-1.760e+00
-1.760e+00
-1.760e+00
-1.760e+00
-1.760e+00
-1.760e+00
-1.760e+00
-1.760e+00
-1.760e+00
-1.760e+00
-1.760e+00
-1.760e+00
-1.760e+00
-1.760e+00
-1.760e+00
-1.760e+00
-1.760e+00
-1.760e+00
-1.760e+00
-1.760e+00
-1.760e+00
-1.760e+00
-1.760e+00
-1.760e+00
-1.760e+00
-1.760e+00
-1.760e+00
-1.760e+00
-1.760e+00
-3.015e+00
-3.014e+00
-3.014e+00
-3.014e+00
-3.014e+00
-3.014e+00
-3.014e+00
-3.014e+00
-3.014e+00
-3.014e+00
-3.014e+00
-3.014e+00
-3.014e+00
-3.014e+00
-3.014e+00
-3.014e+00
-3.014e+00
-3.014e+00
-3.014e+00
-3.015e+00
-3.013e+00
-3.014e+00
-3.012e+00
-3.012e+00
-3.012e+00
-3.012e+00
-3.012e+00
-3.012e+00
-3.012e+00
-3.012e+00
-3.012e+00
-3.012e+00
-3.012e+00
-3.012e+00
-3.012e+00
-3.012e+00
-3.012e+00
-3.012e+00
-3.012e+00
-3.012e+00
-3.012e+00
-3.008e+00
-3.014e+00
-3.012e+00
-3.012e+00
-3.012e+00
-3.012e+00
-3.012e+00
-3.012e+00
-3.012e+00
-3.012e+00
-3.012e+00
-3.012e+00
-3.012e+00
-3.012e+00
-3.012e+00
-3.012e+00
-3.012e+00
-3.012e+00
-3.012e+00
-3.012e+00
-3.012e+00
-3.008e+00
-3.014e+00
-3.012e+00
-3.012e+00
-3.012e+00
-3.012e+00
-3.012e+00
-3.012e+00
-3.012e+00
-3.012e+00
-3.012e+00
-3.012e+00
-3.012e+00
-3.012e+00
-3.012e+00
-3.012e+00
-3.012e+00
-3.012e+00
-3.012e+00
-3.012e+00
-3.012e+00
-3.008e+00
-3.014e+00
-3.012e+00
-3.012e+00
-3.012e+00
-3.012e+00
-3.012e+00
-3.012e+00
-3.012e+00
-3.012e+00
-3.012e+00
-3.012e+00
-3.012e+00
-3.012e+00
-3.012e+00
-3.012e+00
-3.012e+00
-3.012e+00
-3.012e+00
-3.012e+00
-3.012e+00
-3.008e+00
-3.014e+00
-3.012e+00
-3.012e+00
-3.012e+00
-3.012e+00
-3.012e+00
-3.012e+00
-3.012e+00
-3.012e+00
-3.012e+00
-3.012e+00
-3.012e+00
-3.012e+00
-3.012e+00
-3.012e+00
-3.012e+00
-3.012e+00
-3.012e+00
-3.012e+00
-3.012e+00
-3.008e+00
-3.014e+00
-3.012e+00
-3.012e+00
-3.012e+00
-3.012e+00
-3.012e+00
-3.012e+00
-3.012e+00
-3.012e+00
-3.012e+00
-3.012e+00
-3.012e+00
-3.012e+00
-3.012e+00
-3.012e+00
-3.012e+00
-3.012e+00
-3.012e+00
-3.012e+00
-3.012e+00
-3.008e+00
-3.014e+00
-3.012e+00
-3.012e+00
-3.012e+00
-3.012e+00
-3.012e+00
-3.012e+00
-3.012e+00
-3.012e+00
-3.012e+00
-3.012e+00
-3.012e+00
-3.012e+00
-3.012e+00
-3.012e+00
-3.012e+00
-3.012e+00
-3.012e+00
-3.012e+00
-3.012e+00
-3.008e+00
-3.014e+00
-3.012e+00
-3.012e+00
-3.012e+00
-3.012e+00
-3.012e+00
-3.012e+00
-3.012e+00
-3.012e+00
-3.012e+00
-3.012e+00
-3.012e+00
-3.012e+00
-3.012e+00
-3.012e+00
-3.012e+00
-3.012e+00
-3.012e+00
-3.012e+00
-3.012e+00
-3.008e+00
-3.021e+00
-3.013e+00
-3.013e+00
-3.013e+00
-3.013e+00
-3.013e+00
-3.013e+00
-3.013e+00
-3.013e+00
-3.013e+00
-3.013e+00
-3.013e+00
-3.013e+00
-3.013e+00
-3.013e+00
-3.013e+00
-3.013e+00
-3.013e+00
-3.013e+00
-3.013e+00
-3.008e+00
-1.610e+00
-1.610e+00
-1.610e+00
-1.610e+00
-1.610e+00
-1.610e+00
-1.610e+00
-1.610e+00
-1.610e+00
-1.610e+00
-1.610e+00
-1.610e+00
-1.610e+00
-1.610e+00
-1.610e+00
-1.610e+00
-1.610e+00
-1.610e+00
-1.610e+00
-1.610e+00
-1.610e+00
-1.610e+00
-1.610e+00
-1.610e+00
-1.610e+00
-1.610e+00
-1.610e+00
-1.610e+00
-1.610e+00
-1.610e+00
-1.610e+00
-1.610e+00
-1.610e+00
-1.610e+00
-1.610e+00
-1.610e+00
-1.610e+00
-1.610e+00
-1.610e+00
-1.610e+00
-1.610e+00
-1.610e+00
-1.610e+00
-1.610e+00
-1.610e+00
-1.610e+00
-1.610e+00
-1.610e+00
-1.610e+00
-1.610e+00
-1.610e+00
-1.610e+00
-1.610e+00
-1.610e+00
-1.610e+00
-1.610e+00
-1.610e+00
-1.610e+00
-1.610e+00
-1.610e+00
-1.610e+00
-1.610e+00
-1.610e+00
-1.610e+00
-1.610e+00
-1.610e+00
-1.610e+00
-1.610e+00
-1.610e+00
-1.610e+00
-1.610e+00
-1.610e+00
-1.610e+00
-1.610e+00
-1.610e+00
-1.610e+00
-1.610e+00
-1.610e+00
-1.610e+00
-1.610e+00
-1.610e+00
-1.610e+00
-1.610e+00
-1.610e+00
-1.610e+00
-1.610e+00
-1.610e+00
-1.610e+00
-1.610e+00
-1.610e+00
-1.610e+00
-1.610e+00
-1.610e+00
-1.610e+00
-1.610e+00
-1.610e+00
-1.610e+00
-1.610e+00
-1.610e+00
-1.610e+00
-1.610e+00
-1.610e+00
-1.610e+00
-1.610e+00
-1.610e+00
-1.610e+00
-1.610e+00
-1.610e+00
-1.610e+00
-1.610e+00
-1.610e+00
-1.610e+00
-1.610e+00
-1.610e+00
-1.610e+00
-1.610e+00
-1.610e+00
-1.610e+00
-1.610e+00
-1.610e+00
-1.610e+00
-1.610e+00
-1.610e+00
-1.610e+00
-1.610e+00
-1.610e+00
-1.610e+00
-1.610e+00
-1.610e+00
-1.610e+00
-1.610e+00
-1.610e+00
-1.610e+00
-1.610e+00
-1.610e+00
-1.610e+00
-1.610e+00
-1.610e+00
-1.610e+00
-1.610e+00
-1.610e+00
-1.610e+00
-1.610e+00
-1.610e+00
-1.610e+00
-1.610e+00
-1.610e+00
-1.610e+00
-1.610e+00
-1.610e+00
-1.610e+00
-1.610e+00
-1.610e+00
-1.610e+00
-1.610e+00
-1.610e+00
-1.610e+00
-1.610e+00
-1.610e+00
-1.610e+00
-1.610e+00
-1.610e+00
-1.610e+00
-1.610e+00
-1.610e+00
-1.610e+00
-1.610e+00
-1.610e+00
-1.610e+00
-1.610e+00
-1.610e+00
-1.610e+00
-1.610e+00
-1.610e+00
-1.610e+00
-1.610e+00
-1.610e+00
-1.610e+00
-1.610e+00
-1.610e+00
-1.610e+00
-1.610e+00
-1.610e+00
-1.610e+00
-1.610e+00
-1.610e+00
-1.610e+00
-1.610e+00
-1.610e+00
-1.610e+00
-1.610e+00
-1.610e+00
-1.610e+00
-1.610e+00
-1.610e+00
-1.610e+00
-1.610e+00
-1.610e+00
-1.610e+00
-1.610e+00
-1.610e+00
-1.610e+00
-1.610e+00
-1.610e+00
-1.610e+00
-1.610e+00
-1.610e+00
-1.610e+00
-1.610e+00
-1.610e+00
-1.610e+00
-1.610e+00
-1.610e+00
-1.610e+00
-1.610e+00
-1.610e+00
-1.610e+00
-1.610e+00
-1.610e+00
-1.610e+00
-1.610e+00
-1.610e+00
-1.610e+00
-1.610e+00
-1.610e+00
-1.610e+00
-1.610e+00
-1.610e+00
-1.610e+00
-1.610e+00
-1.610e+00
-2.087e+00
-2.037e+00
-2.037e+00
-2.037e+00
-2.037e+00
-2.037e+00
-2.037e+00
-2.037e+00
-2.037e+00
-2.037e+00
-2.037e+00
-2.037e+00
-2.037e+00
-2.037e+00
-2.037e+00
-2.037e+00
-2.037e+00
-2.037e+00
-2.037e+00
-2.037e+00
-1.960e+00
-2.037e+00
-1.960e+00
-1.960e+00
-1.960e+00
-1.960e+00
-1.960e+00
-1.960e+00
-1.960e+00
-1.960e+00
-1.960e+00
-1.960e+00
-1.960e+00
-1.960e+00
-1.960e+00
-1.960e+00
-1.960e+00
-1.960e+00
-1.960e+00
-1.960e+00
-1.960e+00
-1.901e+00
-2.037e+00
-1.960e+00
-1.960e+00
-1.960e+00
-1.960e+00
-1.960e+00
-1.960e+00
-1.960e+00
-1.960e+00
-1.960e+00
-1.960e+00
-1.960e+00
-1.960e+00
-1.960e+00
-1.960e+00
-1.960e+00
-1.960e+00
-1.960e+00
-1.960e+00
-1.960e+00
-1.901e+00
-2.037e+00
-1.960e+00
-1.960e+00
-1.960e+00
-1.960e+00
-1.960e+00
-1.960e+00
-1.960e+00
-1.960e+00
-1.960e+00
-1.960e+00
-1.960e+00
-1.960e+00
-1.960e+00
-1.960e+00
-1.960e+00
-1.960e+00
-1.960e+00
-1.960e+00
-1.960e+00
-1.901e+00
-2.037e+00
-1.960e+00
-1.960e+00
-1.960e+00
-1.960e+00
-1.960e+00
-1.960e+00
-1.960e+00
-1.960e+00
-1.960e+00
-1.960e+00
-1.960e+00
-1.960e+00
-1.960e+00
-1.960e+00
-1.960e+00
-1.960e+00
-1.960e+00
-1.960e+00
-1.960e+00
-1.901e+00
-2.037e+00
-1.960e+00
-1.960e+00
-1.960e+00
-1.960e+00
-1.960e+00
-1.960e+00
-1.960e+00
-1.960e+00
-1.960e+00
-1.960e+00
-1.960e+00
-1.960e+00
-1.960e+00
-1.960e+00
-1.960e+00
-1.960e+00
-1.960e+00
-1.960e+00
-1.960e+00
-1.901e+00
-2.037e+00
-1.960e+00
-1.960e+00
-1.960e+00
-1.960e+00
-1.960e+00
-1.960e+00
-1.960e+00
-1.960e+00
-1.960e+00
-1.960e+00
-1.960e+00
-1.960e+00
-1.960e+00
-1.960e+00
-1.960e+00
-1.960e+00
-1.960e+00
-1.960e+00
-1.960e+00
-1.901e+00
-2.037e+00
-1.960e+00
-1.960e+00
-1.960e+00
-1.960e+00
-1.960e+00
-1.960e+00
-1.960e+00
-1.960e+00
-1.960e+00
-1.960e+00
-1.960e+00
-1.960e+00
-1.960e+00
-1.960e+00
-1.960e+00
-1.960e+00
-1.960e+00
-1.960e+00
-1.960e+00
-1.901e+00
-2.037e+00
-1.960e+00
-1.960e+00
-1.960e+00
-1.960e+00
-1.960e+00
-1.960e+00
-1.960e+00
-1.960e+00
-1.960e+00
-1.960e+00
-1.960e+00
-1.960e+00
-1.960e+00
-1.960e+00
-1.960e+00
-1.960e+00
-1.960e+00
-1.960e+00
-1.960e+00
-1.901e+00
-2.037e+00
-1.960e+00
-1.960e+00
-1.960e+00
-1.960e+00
-1.960e+00
-1.960e+00
-1.960e+00
-1.960e+00
-1.960e+00
-1.960e+00
-1.960e+00
-1.960e+00
-1.960e+00
-1.960e+00
-1.960e+00
-1.960e+00
-1.960e+00
-1.960e+00
-1.960e+00
-1.900e+00
-1.460e+00
-1.460e+00
-1.460e+00
-1.460e+00
-1.460e+00
-1.460e+00
-1.460e+00
-1.460e+00
-1.460e+00
-1.460e+00
-1.460e+00
-1.460e+00
-1.460e+00
-1.460e+00
-1.460e+00
-1.460e+00
-1.460e+00
-1.460e+00
-1.460e+00
-1.460e+00
-1.460e+00
-1.460e+00
-1.460e+00
-1.460e+00
-1.460e+00
-1.460e+00
-1.460e+00
-1.460e+00
-1.460e+00
-1.460e+00
-1.460e+00
-1.460e+00
-1.460e+00
-1.460e+00
-1.460e+00
-1.460e+00
-1.460e+00
-1.460e+00
-1.460e+00
-1.460e+00
-1.460e+00
-1.460e+00
-1.460e+00
-1.460e+00
-1.460e+00
-1.460e+00
-1.460e+00
-1.460e+00
-1.460e+00
-1.460e+00
-1.460e+00
-1.460e+00
-1.460e+00
-1.460e+00
-1.460e+00
-1.460e+00
-1.460e+00
-1.460e+00
-1.460e+00
-1.460e+00
-1.460e+00
-1.460e+00
-1.460e+00
-1.460e+00
-1.460e+00
-1.460e+00
-1.460e+00
-1.460e+00
-1.460e+00
-1.460e+00
-1.460e+00
-1.460e+00
-1.460e+00
-1.460e+00
-1.460e+00
-1.460e+00
-1.460e+00
-1.460e+00
-1.460e+00
-1.460e+00
-1.460e+00
-1.460e+00
-1.460e+00
-1.460e+00
-1.460e+00
-1.460e+00
-1.460e+00
-1.460e+00
-1.460e+00
-1.460e+00
-1.460e+00
-1.460e+00
-1.460e+00
-1.460e+00
-1.460e+00
-1.460e+00
-1.460e+00
-1.460e+00
-1.460e+00
-1.460e+00
-1.460e+00
-1.460e+00
-1.460e+00
-1.460e+00
-1.460e+00
-1.460e+00
-1.460e+00
-1.460e+00
-1.460e+00
-1.460e+00
-1.460e+00
-1.460e+00
-1.460e+00
-1.460e+00
-1.460e+00
-1.460e+00
-1.460e+00
-1.460e+00
-1.460e+00
-1.460e+00
-1.460e+00
-1.460e+00
-1.460e+00
-1.460e+00
-1.460e+00
-1.460e+00
-1.460e+00
-1.460e+00
-1.460e+00
-1.460e+00
-1.460e+00
-1.460e+00
-1.460e+00
-1.460e+00
-1.460e+00
-1.460e+00
-1.460e+00
-1.460e+00
-1.460e+00
-1.460e+00
-1.460e+00
-1.460e+00
-1.460e+00
-1.460e+00
-1.460e+00
-1.460e+00
-1.460e+00
-1.460e+00
-1.460e+00
-1.460e+00
-1.460e+00
-1.460e+00
-1.460e+00
-1.460e+00
-1.460e+00
-1.460e+00
-1.460e+00
-1.460e+00
-1.460e+00
-1.460e+00
-1.460e+00
-1.460e+00
-1.460e+00
-1.460e+00
-1.460e+00
-1.460e+00
-1.460e+00
-1.460e+00
-1.460e+00
-1.460e+00
-1.460e+00
-1.460e+00
-1.460e+00
-1.460e+00
-1.460e+00
-1.460e+00
-1.460e+00
-1.460e+00
-1.460e+00
-1.460e+00
-1.460e+00
-1.460e+00
-1.460e+00
-1.460e+00
-1.460e+00
-1.460e+00
-1.460e+00
-1.460e+00
-1.460e+00
-1.460e+00
-1.460e+00
-1.460e+00
-1.460e+00
-1.460e+00
-1.460e+00
-1.460e+00
-1.460e+00
-1.460e+00
-1.460e+00
-1.460e+00
-1.460e+00
-1.460e+00
-1.460e+00
-1.460e+00
-1.460e+00
-1.460e+00
-1.460e+00
-1.460e+00
-1.460e+00
-1.460e+00
-1.460e+00
-1.460e+00
-1.460e+00
-1.460e+00
-1.460e+00
-1.460e+00
-1.460e+00
-1.460e+00
-1.460e+00
-1.460e+00
-1.460e+00
-1.460e+00
-1.460e+00
-1.460e+00
-1.460e+00
-1.460e+00
-1.460e+00
-1.460e+00
-1.460e+00
-1.460e+00
-1.460e+00
-1.160e+00
-1.160e+00
-1.160e+00
-1.160e+00
-1.160e+00
-1.160e+00
-1.160e+00
-1.160e+00
-1.160e+00
-1.160e+00
-1.160e+00
-1.160e+00
-1.160e+00
-1.160e+00
-1.160e+00
-1.160e+00
-1.160e+00
-1.160e+00
-1.160e+00
-1.160e+00
-1.160e+00
-1.160e+00
-1.160e+00
-1.160e+00
-1.160e+00
-1.160e+00
-1.160e+00
-1.160e+00
-1.160e+00
-1.160e+00
-1.160e+00
-1.160e+00
-1.160e+00
-1.160e+00
-1.160e+00
-1.160e+00
-1.160e+00
-1.160e+00
-1.160e+00
-1.160e+00
-1.160e+00
-1.160e+00
-1.160e+00
-1.160e+00
-1.160e+00
-1.160e+00
-1.160e+00
-1.160e+00
-1.160e+00
-1.160e+00
-1.160e+00
-1.160e+00
-1.160e+00
-1.160e+00
-1.160e+00
-1.160e+00
-1.160e+00
-1.160e+00
-1.160e+00
-1.160e+00
-1.160e+00
-1.160e+00
-1.160e+00
-1.160e+00
-1.160e+00
-1.160e+00
-1.160e+00
-1.160e+00
-1.160e+00
-1.160e+00
-1.160e+00
-1.160e+00
-1.160e+00
-1.160e+00
-1.160e+00
-1.160e+00
-1.160e+00
-1.160e+00
-1.160e+00
-1.160e+00
-1.160e+00
-1.160e+00
-1.160e+00
-1.160e+00
-1.160e+00
-1.160e+00
-1.160e+00
-1.160e+00
-1.160e+00
-1.160e+00
-1.160e+00
-1.160e+00
-1.160e+00
-1.160e+00
-1.160e+00
-1.160e+00
-1.160e+00
-1.160e+00
-1.160e+00
-1.160e+00
-1.160e+00
-1.160e+00
-1.160e+00
-1.160e+00
-1.160e+00
-1.160e+00
-1.160e+00
-1.160e+00
-1.160e+00
-1.160e+00
-1.160e+00
-1.160e+00
-1.160e+00
-1.160e+00
-1.160e+00
-1.160e+00
-1.160e+00
-1.160e+00
-1.160e+00
-1.160e+00
-1.160e+00
-1.160e+00
-1.160e+00
-1.160e+00
-1.160e+00
-1.160e+00
-1.160e+00
-1.160e+00
-1.160e+00
-1.160e+00
-1.160e+00
-1.160e+00
-1.160e+00
-1.160e+00
-1.160e+00
-1.160e+00
-1.160e+00
-1.160e+00
-1.160e+00
-1.160e+00
-1.160e+00
-1.160e+00
-1.160e+00
-1.160e+00
-1.160e+00
-1.160e+00
-1.160e+00
-1.160e+00
-1.160e+00
-1.160e+00
-1.160e+00
-1.160e+00
-1.160e+00
-1.160e+00
-1.160e+00
-1.160e+00
-1.160e+00
-1.160e+00
-1.160e+00
-1.160e+00
-1.160e+00
-1.160e+00
-1.160e+00
-1.160e+00
-1.160e+00
-1.160e+00
-1.160e+00
-1.160e+00
-1.160e+00
-1.160e+00
-1.160e+00
-1.160e+00
-1.160e+00
-1.160e+00
-1.160e+00
-1.160e+00
-1.160e+00
-1.160e+00
-1.160e+00
-1.160e+00
-1.160e+00
-1.160e+00
-1.160e+00
-1.160e+00
-1.160e+00
-1.160e+00
-1.160e+00
-1.160e+00
-1.160e+00
-1.160e+00
-1.160e+00
-1.160e+00
-1.160e+00
-1.160e+00
-1.160e+00
-1.160e+00
-1.160e+00
-1.160e+00
-1.160e+00
-1.160e+00
-1.160e+00
-1.160e+00
-1.160e+00
-1.160e+00
-1.160e+00
-1.160e+00
-1.160e+00
-1.160e+00
-1.160e+00
-1.160e+00
-1.160e+00
-1.160e+00
-1.160e+00
-1.160e+00
-1.160e+00
-1.160e+00
-1.160e+00
-1.160e+00
-1.160e+00
-1.160e+00
-1.160e+00
-1.160e+00
-1.160e+00
-1.160e+00
-1.160e+00
-1.160e+00
-1.160e+00
-1.160e+00
-1.160e+00
-1.160e+00
-1.160e+00
-1.160e+00
-1.160e+00
-1.160e+00
-1.160e+00
-1.160e+00
-1.160e+00
-1.160e+00
-1.160e+00
-1.160e+00
-1.160e+00
-1.160e+00
-1.160e+00
-1.160e+00
-1.160e+00
-1.160e+00
-1.160e+00
-1.160e+00
-1.160e+00
-1.160e+00
-1.160e+00
-1.160e+00
-1.160e+00
-1.160e+00
-1.160e+00
-1.160e+00
-1.160e+00
-1.160e+00
-1.160e+00
-1.160e+00
-1.160e+00
-1.160e+00
-1.160e+00
-1.160e+00
-1.160e+00
-1.160e+00
-1.160e+00
-1.160e+00
-1.160e+00
-1.160e+00
-1.160e+00
-1.160e+00
-1.160e+00
-1.160e+00
-1.160e+00
-1.160e+00
-1.160e+00
-1.160e+00
-1.160e+00
-1.160e+00
-1.160e+00
-1.160e+00
-1.160e+00
-1.160e+00
-1.160e+00
-1.160e+00
-1.160e+00
-1.160e+00
-1.160e+00
-1.160e+00
-1.160e+00
-1.160e+00
-1.160e+00
-1.160e+00
-1.160e+00
-1.160e+00
-1.160e+00
-1.160e+00
-1.160e+00
-1.160e+00
-1.160e+00
-1.160e+00
-1.160e+00
-1.160e+00
-1.160e+00
-1.160e+00
-1.160e+00
-1.160e+00
-1.160e+00
-1.160e+00
-1.160e+00
-1.160e+00
-1.160e+00
-1.160e+00
-1.160e+00
-1.160e+00
-1.160e+00
-1.160e+00
-1.160e+00
-1.160e+00
-1.160e+00
-1.160e+00
-1.160e+00
-1.160e+00
-1.160e+00
-1.160e+00
-1.160e+00
-1.160e+00
-1.160e+00
-1.160e+00
-1.160e+00
-1.160e+00
-1.160e+00
-1.160e+00
-1.160e+00
-1.160e+00
-1.160e+00
-1.160e+00
-1.160e+00
-1.160e+00
-1.160e+00
-1.160e+00
-1.160e+00
-1.160e+00
-1.160e+00
-1.160e+00
-1.160e+00
-1.160e+00
-1.160e+00
-1.160e+00
-1.160e+00
-1.160e+00
-1.160e+00
-1.160e+00
-1.160e+00
-1.160e+00
-1.160e+00
-1.160e+00
-1.160e+00
-1.160e+00
-1.160e+00
-1.160e+00
-1.160e+00
-1.160e+00
-1.160e+00
-1.160e+00
-1.160e+00
-1.160e+00
-1.160e+00
-1.160e+00
-1.160e+00
-1.160e+00
-1.160e+00
-1.160e+00
-1.160e+00
-1.160e+00
-1.160e+00
-1.160e+00
-1.160e+00
-1.160e+00
-1.160e+00
-1.160e+00
-1.160e+00
-1.160e+00
-1.160e+00
-1.160e+00
-1.160e+00
-1.160e+00
-1.160e+00
-1.160e+00
-1.160e+00
-1.160e+00
-1.160e+00
-1.160e+00
-1.160e+00
-1.160e+00
-1.160e+00
-1.160e+00
-1.160e+00
-1.160e+00
-1.160e+00
-1.160e+00
-1.160e+00
-1.160e+00
-1.160e+00
-1.160e+00
-1.160e+00
-1.160e+00
-1.160e+00
-1.160e+00
-1.160e+00
-1.160e+00
-1.160e+00
-1.160e+00
-1.160e+00
-1.160e+00
-1.160e+00
-1.160e+00
-1.160e+00
-1.160e+00
-1.160e+00
-1.160e+00
-1.160e+00
-1.160e+00
-1.160e+00
-1.160e+00
-1.160e+00
-1.160e+00
-1.160e+00
-1.160e+00
-1.160e+00
-1.160e+00
-1.160e+00
-1.160e+00
-1.160e+00
-1.160e+00
-1.160e+00
-1.160e+00
-1.160e+00
-1.160e+00
-1.160e+00
-8.600e-01
-8.600e-01
-8.600e-01
-8.600e-01
-8.600e-01
-8.600e-01
-8.600e-01
-8.600e-01
-8.600e-01
-8.600e-01
-8.600e-01
-8.600e-01
-8.600e-01
-8.600e-01
-8.600e-01
-8.600e-01
-8.600e-01
-8.600e-01
-8.600e-01
-8.600e-01
-8.600e-01
-8.600e-01
-8.600e-01
-8.600e-01
-8.600e-01
-8.600e-01
-8.600e-01
-8.600e-01
-8.600e-01
-8.600e-01
-8.600e-01
-8.600e-01
-8.600e-01
-8.600e-01
-8.600e-01
-8.600e-01
-8.600e-01
-8.600e-01
-8.600e-01
-8.600e-01
-8.600e-01
-8.600e-01
-8.600e-01
-8.600e-01
-8.600e-01
-8.600e-01
-8.600e-01
-8.600e-01
-8.600e-01
-8.600e-01
-8.600e-01
-8.600e-01
-8.600e-01
-8.600e-01
-8.600e-01
-8.600e-01
-8.600e-01
-8.600e-01
-8.600e-01
-8.600e-01
-8.600e-01
-8.600e-01
-8.600e-01
-8.600e-01
-8.600e-01
-8.600e-01
-8.600e-01
-8.600e-01
-8.600e-01
-8.600e-01
-8.600e-01
-8.600e-01
-8.600e-01
-8.600e-01
-8.600e-01
-8.600e-01
-8.600e-01
-8.600e-01
-8.600e-01
-8.600e-01
-8.600e-01
-8.600e-01
-8.600e-01
-8.600e-01
-8.600e-01
-8.600e-01
-8.600e-01
-8.600e-01
-8.600e-01
-8.600e-01
-8.600e-01
-8.600e-01
-8.600e-01
-8.600e-01
-8.600e-01
-8.600e-01
-8.600e-01
-8.600e-01
-8.600e-01
-8.600e-01
-8.600e-01
-8.600e-01
-8.600e-01
-8.600e-01
-8.600e-01
-8.600e-01
-8.600e-01
-8.600e-01
-8.600e-01
-8.600e-01
-8.600e-01
-8.600e-01
-8.600e-01
-8.600e-01
-8.600e-01
-8.600e-01
-8.600e-01
-8.600e-01
-8.600e-01
-8.600e-01
-8.600e-01
-8.600e-01
-8.600e-01
-8.600e-01
-8.600e-01
-8.600e-01
-8.600e-01
-8.600e-01
-8.600e-01
-8.600e-01
-8.600e-01
-8.600e-01
-8.600e-01
-8.600e-01
-8.600e-01
-8.600e-01
-8.600e-01
-8.600e-01
-8.600e-01
-8.600e-01
-8.600e-01
-8.600e-01
-8.600e-01
-8.600e-01
-8.600e-01
-8.600e-01
-8.600e-01
-8.600e-01
-8.600e-01
-8.600e-01
-8.600e-01
-8.600e-01
-8.600e-01
-8.600e-01
-8.600e-01
-8.600e-01
-8.600e-01
-8.600e-01
-8.600e-01
-8.600e-01
-8.600e-01
-8.600e-01
-8.600e-01
-8.600e-01
-8.600e-01
-8.600e-01
-8.600e-01
-8.600e-01
-8.600e-01
-8.600e-01
-8.600e-01
-8.600e-01
-8.600e-01
-8.600e-01
-8.600e-01
-8.600e-01
-8.600e-01
-8.600e-01
-8.600e-01
-8.600e-01
-8.600e-01
-8.600e-01
-8.600e-01
-8.600e-01
-8.600e-01
-8.600e-01
-8.600e-01
-8.600e-01
-8.600e-01
-8.600e-01
-8.600e-01
-8.600e-01
-8.600e-01
-8.600e-01
-8.600e-01
-8.600e-01
-8.600e-01
-8.600e-01
-8.600e-01
-8.600e-01
-8.600e-01
-8.600e-01
-8.600e-01
-8.600e-01
-8.600e-01
-8.600e-01
-8.600e-01
-8.600e-01
-8.600e-01
-8.600e-01
-8.600e-01
-8.600e-01
-8.600e-01
-8.600e-01
-8.600e-01
-8.600e-01
-8.600e-01
-8.600e-01
-8.600e-01
-8.600e-01
-8.600e-01
-8.600e-01
-8.600e-01
-8.600e-01
-8.600e-01
-8.600e-01
-8.600e-01
-8.600e-01
-8.600e-01
-8.600e-01
-8.600e-01
-8.600e-01
-8.600e-01
-8.600e-01
-8.600e-01
-8.600e-01
-8.600e-01
-8.600e-01
-8.600e-01
-8.600e-01
-8.600e-01
-8.600e-01
-8.600e-01
-8.600e-01
-8.600e-01
-8.600e-01
-8.600e-01
-8.600e-01
-8.600e-01
-8.600e-01
-8.600e-01
-8.600e-01
-8.600e-01
-8.600e-01
-8.600e-01
-8.600e-01
-8.600e-01
-8.600e-01
-8.600e-01
-8.600e-01
-8.600e-01
-8.600e-01
-8.600e-01
-8.600e-01
-8.600e-01
-8.600e-01
-8.600e-01
-8.600e-01
-8.600e-01
-8.600e-01
-8.600e-01
-8.600e-01
-8.600e-01
-8.600e-01
-8.600e-01
-8.600e-01
-8.600e-01
-8.600e-01
-8.600e-01
-8.600e-01
-8.600e-01
-8.600e-01
-8.600e-01
-8.600e-01
-8.600e-01
-8.600e-01
-8.600e-01
-8.600e-01
-8.600e-01
-8.600e-01
-8.600e-01
-8.600e-01
-8.600e-01
-8.600e-01
-8.600e-01
-8.600e-01
-8.600e-01
-8.600e-01
-8.600e-01
-8.600e-01
-8.600e-01
-8.600e-01
-8.600e-01
-8.600e-01
-8.600e-01
-8.600e-01
-8.600e-01
-8.600e-01
-8.600e-01
-8.600e-01
-8.600e-01
-8.600e-01
-8.600e-01
-8.600e-01
-8.600e-01
-8.600e-01
-8.600e-01
-8.600e-01
-8.600e-01
-8.600e-01
-8.600e-01
-8.600e-01
-8.600e-01
-8.600e-01
-8.600e-01
-8.600e-01
-8.600e-01
-8.600e-01
-8.600e-01
-8.600e-01
-8.600e-01
-8.600e-01
-8.600e-01
-8.600e-01
-8.600e-01
-8.600e-01
-8.600e-01
-8.600e-01
-8.600e-01
-8.600e-01
-8.600e-01
-8.600e-01
-8.600e-01
-8.600e-01
-8.600e-01
-8.600e-01
-8.600e-01
-8.600e-01
-8.600e-01
-8.600e-01
-8.600e-01
-8.600e-01
-8.600e-01
-8.600e-01
-8.600e-01
-8.600e-01
-8.600e-01
-8.600e-01
-8.600e-01
-8.600e-01
-8.600e-01
-8.600e-01
-8.600e-01
-8.600e-01
-8.600e-01
-8.600e-01
-8.600e-01
-8.600e-01
-8.600e-01
-8.600e-01
-8.600e-01
-8.600e-01
-8.600e-01
-8.600e-01
-8.600e-01
-8.600e-01
-8.600e-01
-8.600e-01
-8.600e-01
-8.600e-01
-8.600e-01
-8.600e-01
-8.600e-01
-8.600e-01
-8.600e-01
-8.600e-01
-8.600e-01
-8.600e-01
-8.600e-01
-8.600e-01
-8.600e-01
-8.600e-01
-8.600e-01
-8.600e-01
-8.600e-01
-8.600e-01
-8.600e-01
-8.600e-01
-8.600e-01
-8.600e-01
-8.600e-01
-8.600e-01
-8.600e-01
-8.600e-01
-8.600e-01
-8.600e-01
-8.600e-01
-8.600e-01
-8.600e-01
-8.600e-01
-8.600e-01
-8.600e-01
-8.600e-01
-8.600e-01
-8.600e-01
-8.600e-01
-8.600e-01
-8.600e-01
-8.600e-01
-8.600e-01
-8.600e-01
-8.600e-01
-8.600e-01
-8.600e-01
-8.600e-01
-8.600e-01
-8.600e-01
-8.600e-01
-8.600e-01
-8.600e-01
-8.600e-01
-8.600e-01
-8.600e-01
-8.600e-01
-8.600e-01
-8.600e-01
-8.600e-01
-8.600e-01
-8.600e-01
-8.600e-01
-8.600e-01
-2.600e-01
-2.600e-01
-2.600e-01
-2.600e-01
-2.600e-01
-2.600e-01
-2.600e-01
-2.600e-01
-2.600e-01
-2.600e-01
-2.600e-01
-2.600e-01
-2.600e-01
-2.600e-01
-2.600e-01
-2.600e-01
-2.600e-01
-2.600e-01
-2.600e-01
-2.600e-01
-2.600e-01
-2.600e-01
-2.600e-01
-2.600e-01
-2.600e-01
-2.600e-01
-2.600e-01
-2.600e-01
-2.600e-01
-2.600e-01
-2.600e-01
-2.600e-01
-2.600e-01
-2.600e-01
-2.600e-01
-2.600e-01
-2.600e-01
-2.600e-01
-2.600e-01
-2.600e-01
-2.600e-01
-2.600e-01
-2.600e-01
-2.600e-01
-2.600e-01
-2.600e-01
-2.600e-01
-2.600e-01
-2.600e-01
-2.600e-01
-2.600e-01
-2.600e-01
-2.600e-01
-2.600e-01
-2.600e-01
-2.600e-01
-2.600e-01
-2.600e-01
-2.600e-01
-2.600e-01
-2.600e-01
-2.600e-01
-2.600e-01
-2.600e-01
-2.600e-01
-2.600e-01
-2.600e-01
-2.600e-01
-2.600e-01
-2.600e-01
-2.600e-01
-2.600e-01
-2.600e-01
-2.600e-01
-2.600e-01
-2.600e-01
-2.600e-01
-2.600e-01
-2.600e-01
-2.600e-01
-2.600e-01
-2.600e-01
-2.600e-01
-2.600e-01
-2.600e-01
-2.600e-01
-2.600e-01
-2.600e-01
-2.600e-01
-2.600e-01
-2.600e-01
-2.600e-01
-2.600e-01
-2.600e-01
-2.600e-01
-2.600e-01
-2.600e-01
-2.600e-01
-2.600e-01
-2.600e-01
-2.600e-01
-2.600e-01
-2.600e-01
-2.600e-01
-2.600e-01
-2.600e-01
-2.600e-01
-2.600e-01
-2.600e-01
-2.600e-01
-2.600e-01
-2.600e-01
-2.600e-01
-2.600e-01
-2.600e-01
-2.600e-01
-2.600e-01
-2.600e-01
-2.600e-01
-2.600e-01
-2.600e-01
-2.600e-01
-2.600e-01
-2.600e-01
-2.600e-01
-2.600e-01
-2.600e-01
-2.600e-01
-2.600e-01
-2.600e-01
-2.600e-01
-2.600e-01
-2.600e-01
-2.600e-01
-2.600e-01
-2.600e-01
-2.600e-01
-2.600e-01
-2.600e-01
-2.600e-01
-2.600e-01
-2.600e-01
-2.600e-01
-2.600e-01
-2.600e-01
-2.600e-01
-2.600e-01
-2.600e-01
-2.600e-01
-2.600e-01
-2.600e-01
-2.600e-01
-2.600e-01
-2.600e-01
-2.600e-01
-2.600e-01
-2.600e-01
-2.600e-01
-2.600e-01
-2.600e-01
-2.600e-01
-2.600e-01
-2.600e-01
-2.600e-01
-2.600e-01
-2.600e-01
-2.600e-01
-2.600e-01
-2.600e-01
-2.600e-01
-2.600e-01
-2.600e-01
-2.600e-01
-2.600e-01
-2.600e-01
-2.600e-01
-2.600e-01
-2.600e-01
-2.600e-01
-2.600e-01
-2.600e-01
-2.600e-01
-2.600e-01
-2.600e-01
-2.600e-01
-2.600e-01
-2.600e-01
-2.600e-01
-2.600e-01
-2.600e-01
-2.600e-01
-2.600e-01
-2.600e-01
-2.600e-01
-2.600e-01
-2.600e-01
-2.600e-01
-2.600e-01
-2.600e-01
-2.600e-01
-2.600e-01
-2.600e-01
-2.600e-01
-2.600e-01
-2.600e-01
-2.600e-01
-2.600e-01
-2.600e-01
-2.600e-01
-2.600e-01
-2.600e-01
-2.600e-01
-2.600e-01
-2.600e-01
-2.600e-01
-2.600e-01
-2.600e-01
-2.600e-01
-2.600e-01
-2.600e-01
-2.600e-01
-2.600e-01
-2.600e-01
-2.600e-01
-2.600e-01
-2.600e-01
-2.600e-01
-2.600e-01
-2.600e-01
-2.600e-01
-2.600e-01
-2.600e-01
-2.600e-01
-2.600e-01
-2.600e-01
-2.600e-01
-2.600e-01
-2.600e-01
-2.600e-01
-2.600e-01
-2.600e-01
-2.600e-01
-2.600e-01
-2.600e-01
-2.600e-01
-2.600e-01
-2.600e-01
-2.600e-01
-2.600e-01
-2.600e-01
-2.600e-01
-2.600e-01
-2.600e-01
-2.600e-01
-2.600e-01
-2.600e-01
-2.600e-01
-2.600e-01
-2.600e-01
-2.600e-01
-2.600e-01
-2.600e-01
-2.600e-01
-2.600e-01
-2.600e-01
-2.600e-01
-2.600e-01
-2.600e-01
-2.600e-01
-2.600e-01
-2.600e-01
-2.600e-01
-2.600e-01
-2.600e-01
-2.600e-01
-2.600e-01
-2.600e-01
-2.600e-01
-2.600e-01
-2.600e-01
-2.600e-01
-2.600e-01
-2.600e-01
-2.600e-01
-2.600e-01
-2.600e-01
-2.600e-01
-2.600e-01
-2.600e-01
-2.600e-01
-2.600e-01
-2.600e-01
-2.600e-01
-2.600e-01
-2.600e-01
-2.600e-01
-2.600e-01
-2.600e-01
-2.600e-01
-2.600e-01
-2.600e-01
-2.600e-01
-2.600e-01
-2.600e-01
-2.600e-01
-2.600e-01
-2.600e-01
-2.600e-01
-2.600e-01
-2.600e-01
-2.600e-01
-2.600e-01
-2.600e-01
-2.600e-01
-2.600e-01
-2.600e-01
-2.600e-01
-2.600e-01
-2.600e-01
-2.600e-01
-2.600e-01
-2.600e-01
-2.600e-01
-2.600e-01
-2.600e-01
-2.600e-01
-2.600e-01
-2.600e-01
-2.600e-01
-2.600e-01
-2.600e-01
-2.600e-01
-2.600e-01
-2.600e-01
-2.600e-01
-2.600e-01
-2.600e-01
-2.600e-01
-2.600e-01
-2.600e-01
-2.600e-01
-2.600e-01
-2.600e-01
-2.600e-01
-2.600e-01
-2.600e-01
-2.600e-01
-2.600e-01
-2.600e-01
-2.600e-01
-2.600e-01
-2.600e-01
-2.600e-01
-2.600e-01
-2.600e-01
-2.600e-01
-2.600e-01
-2.600e-01
-2.600e-01
-2.600e-01
-2.600e-01
-2.600e-01
-2.600e-01
-2.600e-01
-2.600e-01
-2.600e-01
-2.600e-01
-2.600e-01
-2.600e-01
-2.600e-01
-2.600e-01
-2.600e-01
-2.600e-01
-2.600e-01
-2.600e-01
-2.600e-01
-2.600e-01
-2.600e-01
-2.600e-01
-2.600e-01
-2.600e-01
-2.600e-01
-2.600e-01
-2.600e-01
-2.600e-01
-2.600e-01
-2.600e-01
-2.600e-01
-2.600e-01
-2.600e-01
-2.600e-01
-2.600e-01
-2.600e-01
-2.600e-01
-2.600e-01
-2.600e-01
-2.600e-01
-2.600e-01
-2.600e-01
-2.600e-01
-2.600e-01
-2.600e-01
-2.600e-01
-2.600e-01
-2.600e-01
-2.600e-01
-2.600e-01
-2.600e-01
-2.600e-01
-2.600e-01
-2.600e-01
-2.600e-01
-2.600e-01
-2.600e-01
-2.600e-01
-2.600e-01
-2.600e-01
-2.600e-01
-2.597e-01
-2.597e-01
-2.600e-01
-2.600e-01
-2.600e-01
-2.600e-01
-2.600e-01
-2.600e-01
-2.600e-01
-2.600e-01
-2.600e-01
-2.600e-01
-2.600e-01
-2.600e-01
-2.600e-01
-2.600e-01
-2.600e-01
-2.600e-01
-2.600e-01
-2.600e-01
-2.600e-01
-2.597e-01
-2.590e-01
3.400e-01
3.400e-01
3.400e-01
3.400e-01
3.400e-01
3.400e-01
3.400e-01
3.400e-01
3.400e-01
3.400e-01
3.400e-01
3.400e-01
3.400e-01
3.400e-01
3.400e-01
3.400e-01
3.400e-01
3.400e-01
3.400e-01
3.400e-01
3.400e-01
3.400e-01
3.400e-01
3.400e-01
3.400e-01
3.400e-01
3.400e-01
3.400e-01
3.400e-01
3.400e-01
3.400e-01
3.400e-01
3.400e-01
3.400e-01
3.400e-01
3.400e-01
3.400e-01
3.400e-01
3.400e-01
3.400e-01
3.400e-01
3.400e-01
3.400e-01
3.400e-01
3.400e-01
3.400e-01
3.400e-01
3.400e-01
3.400e-01
3.400e-01
3.400e-01
3.400e-01
3.400e-01
3.400e-01
3.400e-01
3.400e-01
3.400e-01
3.400e-01
3.400e-01
3.400e-01
3.400e-01
3.400e-01
3.400e-01
3.400e-01
3.400e-01
3.400e-01
3.400e-01
3.400e-01
3.400e-01
3.400e-01
3.400e-01
3.400e-01
3.400e-01
3.400e-01
3.400e-01
3.400e-01
3.400e-01
3.400e-01
3.400e-01
3.400e-01
3.400e-01
3.400e-01
3.400e-01
3.400e-01
3.400e-01
3.400e-01
3.400e-01
3.400e-01
3.400e-01
3.400e-01
3.400e-01
3.400e-01
3.400e-01
3.400e-01
3.400e-01
3.400e-01
3.400e-01
3.400e-01
3.400e-01
3.400e-01
3.400e-01
3.400e-01
3.400e-01
3.400e-01
3.400e-01
3.400e-01
3.400e-01
3.400e-01
3.400e-01
3.400e-01
3.400e-01
3.400e-01
3.400e-01
3.400e-01
3.400e-01
3.400e-01
3.400e-01
3.400e-01
3.400e-01
3.400e-01
3.400e-01
3.400e-01
3.400e-01
3.400e-01
3.400e-01
3.400e-01
3.400e-01
3.400e-01
3.400e-01
3.400e-01
3.400e-01
3.400e-01
3.400e-01
3.400e-01
3.400e-01
3.400e-01
3.400e-01
3.400e-01
3.400e-01
3.400e-01
3.400e-01
3.400e-01
3.400e-01
3.400e-01
3.400e-01
3.400e-01
3.400e-01
3.400e-01
3.400e-01
3.400e-01
3.400e-01
3.400e-01
3.400e-01
3.400e-01
3.400e-01
3.400e-01
3.400e-01
3.400e-01
3.400e-01
3.400e-01
3.400e-01
3.400e-01
3.400e-01
3.400e-01
3.400e-01
3.400e-01
3.400e-01
3.400e-01
3.400e-01
3.400e-01
3.400e-01
3.400e-01
3.400e-01
3.400e-01
3.400e-01
3.400e-01
3.400e-01
3.400e-01
3.400e-01
3.400e-01
3.400e-01
3.400e-01
3.400e-01
3.400e-01
3.400e-01
3.400e-01
3.400e-01
3.400e-01
3.400e-01
3.400e-01
3.400e-01
3.400e-01
3.400e-01
3.400e-01
3.400e-01
3.400e-01
3.400e-01
3.400e-01
3.400e-01
3.400e-01
3.400e-01
3.400e-01
3.400e-01
3.400e-01
3.400e-01
3.400e-01
3.400e-01
3.400e-01
3.400e-01
3.400e-01
3.400e-01
3.400e-01
3.400e-01
3.400e-01
3.400e-01
3.400e-01
3.400e-01
3.400e-01
3.400e-01
3.400e-01
3.400e-01
3.400e-01
3.400e-01
3.400e-01
3.400e-01
3.400e-01
3.400e-01
3.400e-01
3.400e-01
3.400e-01
3.400e-01
3.400e-01
3.400e-01
3.400e-01
3.400e-01
3.400e-01
3.400e-01
3.400e-01
3.400e-01
3.400e-01
3.400e-01
3.400e-01
3.400e-01
3.400e-01
3.400e-01
3.400e-01
3.400e-01
3.400e-01
3.400e-01
3.400e-01
3.400e-01
3.400e-01
3.400e-01
3.400e-01
3.400e-01
3.400e-01
3.400e-01
3.400e-01
3.400e-01
3.400e-01
3.400e-01
3.400e-01
3.400e-01
3.400e-01
3.400e-01
3.400e-01
3.400e-01
3.400e-01
3.400e-01
3.400e-01
3.400e-01
3.400e-01
3.400e-01
3.400e-01
3.400e-01
3.400e-01
3.400e-01
3.400e-01
3.400e-01
3.400e-01
3.400e-01
3.400e-01
3.400e-01
3.400e-01
3.400e-01
3.400e-01
3.400e-01
3.400e-01
3.400e-01
3.400e-01
3.400e-01
3.400e-01
3.400e-01
3.400e-01
3.400e-01
3.400e-01
3.400e-01
3.400e-01
3.400e-01
3.400e-01
3.400e-01
3.400e-01
3.400e-01
3.400e-01
3.400e-01
3.400e-01
3.400e-01
3.400e-01
3.400e-01
3.400e-01
3.400e-01
3.400e-01
3.400e-01
3.400e-01
3.400e-01
3.400e-01
3.400e-01
3.400e-01
3.400e-01
3.400e-01
3.400e-01
3.400e-01
3.400e-01
3.400e-01
3.400e-01
3.400e-01
3.400e-01
3.400e-01
3.400e-01
3.400e-01
3.400e-01
3.400e-01
3.400e-01
3.400e-01
3.400e-01
3.400e-01
3.400e-01
3.400e-01
3.400e-01
3.400e-01
3.400e-01
3.400e-01
3.400e-01
3.400e-01
3.400e-01
3.400e-01
3.400e-01
3.400e-01
3.400e-01
3.400e-01
3.400e-01
3.400e-01
3.400e-01
3.400e-01
3.400e-01
3.400e-01
3.400e-01
3.400e-01
3.400e-01
3.400e-01
3.400e-01
3.400e-01
3.400e-01
3.400e-01
3.400e-01
3.400e-01
3.400e-01
3.400e-01
3.400e-01
3.400e-01
3.400e-01
3.400e-01
3.400e-01
3.400e-01
3.400e-01
3.400e-01
3.400e-01
3.400e-01
3.400e-01
3.400e-01
3.400e-01
3.400e-01
3.400e-01
3.400e-01
3.400e-01
3.400e-01
3.400e-01
3.400e-01
3.400e-01
3.400e-01
3.400e-01
3.400e-01
3.400e-01
3.400e-01
3.400e-01
3.400e-01
3.400e-01
3.400e-01
3.400e-01
3.400e-01
3.400e-01
3.400e-01
3.400e-01
3.400e-01
3.400e-01
3.400e-01
3.400e-01
3.400e-01
3.400e-01
3.400e-01
3.400e-01
3.400e-01
3.400e-01
3.400e-01
3.400e-01
3.400e-01
3.400e-01
3.400e-01
3.403e-01
3.403e-01
3.400e-01
3.400e-01
3.400e-01
3.400e-01
3.400e-01
3.400e-01
3.400e-01
3.400e-01
3.400e-01
3.400e-01
3.400e-01
3.400e-01
3.400e-01
3.400e-01
3.400e-01
3.400e-01
3.400e-01
3.400e-01
3.400e-01
3.403e-01
3.410e-01
1.000e+00
1.000e+00
1.000e+00
1.000e+00
1.000e+00
1.000e+00
1.000e+00
1.000e+00
1.000e+00
1.000e+00
1.000e+00
1.000e+00
1.000e+00
1.000e+00
1.000e+00
1.000e+00
1.000e+00
1.000e+00
1.000e+00
1.000e+00
1.000e+00
1.000e+00
1.000e+00
1.000e+00
1.000e+00
1.000e+00
1.000e+00
1.000e+00
1.000e+00
1.000e+00
1.000e+00
1.000e+00
1.000e+00
1.000e+00
1.000e+00
1.000e+00
1.000e+00
1.000e+00
1.000e+00
1.000e+00
1.000e+00
1.000e+00
1.000e+00
1.000e+00
1.000e+00
1.000e+00
1.000e+00
1.000e+00
1.000e+00
1.000e+00
1.000e+00
1.000e+00
1.000e+00
1.000e+00
1.000e+00
1.000e+00
1.000e+00
1.000e+00
1.000e+00
1.000e+00
1.000e+00
1.000e+00
1.000e+00
1.000e+00
1.000e+00
1.000e+00
1.000e+00
1.000e+00
1.000e+00
1.000e+00
1.000e+00
1.000e+00
1.000e+00
1.000e+00
1.000e+00
1.000e+00
1.000e+00
1.000e+00
1.000e+00
1.000e+00
1.000e+00
1.000e+00
1.000e+00
1.000e+00
1.000e+00
1.000e+00
1.000e+00
1.000e+00
1.000e+00
1.000e+00
1.000e+00
1.000e+00
1.000e+00
1.000e+00
1.000e+00
1.000e+00
1.000e+00
1.000e+00
1.000e+00
1.000e+00
1.000e+00
1.000e+00
1.000e+00
1.000e+00
1.000e+00
1.000e+00
1.000e+00
1.000e+00
1.000e+00
1.000e+00
1.000e+00
1.000e+00
1.000e+00
1.000e+00
1.000e+00
1.000e+00
1.000e+00
1.000e+00
1.000e+00
1.000e+00
1.000e+00
1.000e+00
1.000e+00
1.000e+00
1.000e+00
1.000e+00
1.000e+00
1.000e+00
1.000e+00
1.000e+00
1.000e+00
1.000e+00
1.000e+00
1.000e+00
1.000e+00
1.000e+00
1.000e+00
1.000e+00
1.000e+00
1.000e+00
1.000e+00
1.000e+00
1.000e+00
1.000e+00
1.000e+00
1.000e+00
1.000e+00
1.000e+00
1.000e+00
1.000e+00
1.000e+00
1.000e+00
1.000e+00
1.000e+00
1.000e+00
1.000e+00
1.000e+00
1.000e+00
1.000e+00
1.000e+00
1.000e+00
1.000e+00
1.000e+00
1.000e+00
1.000e+00
1.000e+00
1.000e+00
1.000e+00
1.000e+00
1.000e+00
1.000e+00
1.000e+00
1.000e+00
1.000e+00
1.000e+00
1.000e+00
1.000e+00
1.000e+00
1.000e+00
1.000e+00
1.000e+00
1.000e+00
1.000e+00
1.000e+00
1.000e+00
1.000e+00
1.000e+00
1.000e+00
1.000e+00
1.000e+00
1.000e+00
1.000e+00
1.000e+00
1.000e+00
1.000e+00
1.000e+00
1.000e+00
1.000e+00
1.000e+00
1.000e+00
1.000e+00
1.000e+00
1.000e+00
1.000e+00
1.000e+00
1.000e+00
1.000e+00
1.000e+00
1.000e+00
1.000e+00
1.000e+00
1.000e+00
1.000e+00
1.000e+00
1.000e+00
1.000e+00
1.000e+00
1.000e+00
1.000e+00
1.000e+00
1.000e+00
1.000e+00
1.000e+00
1.000e+00
1.000e+00
1.000e+00
1.000e+00
1.000e+00
1.000e+00
1.000e+00
1.000e+00
1.000e+00
1.000e+00
1.000e+00
1.000e+00
1.000e+00
1.000e+00
1.000e+00
1.000e+00
1.000e+00
1.000e+00
1.000e+00
1.000e+00
1.000e+00
1.000e+00
1.000e+00
1.000e+00
1.000e+00
1.000e+00
1.000e+00
1.000e+00
1.000e+00
1.000e+00
1.000e+00
1.000e+00
1.000e+00
1.000e+00
1.000e+00
1.000e+00
1.000e+00
1.000e+00
1.000e+00
1.000e+00
1.000e+00
1.000e+00
1.000e+00
1.000e+00
1.000e+00
1.000e+00
1.000e+00
1.000e+00
1.000e+00
1.000e+00
1.000e+00
1.000e+00
1.000e+00
1.000e+00
1.000e+00
1.000e+00
1.000e+00
1.000e+00
1.000e+00
1.000e+00
1.000e+00
1.000e+00
1.000e+00
1.000e+00
1.000e+00
1.000e+00
1.000e+00
1.000e+00
1.000e+00
1.000e+00
1.000e+00
1.000e+00
1.000e+00
1.000e+00
1.000e+00
1.000e+00
1.000e+00
1.000e+00
1.000e+00
1.000e+00
1.000e+00
1.000e+00
1.000e+00
1.000e+00
1.000e+00
1.000e+00
1.000e+00
1.000e+00
1.000e+00
1.000e+00
1.000e+00
1.000e+00
1.000e+00
1.000e+00
1.000e+00
1.000e+00
1.000e+00
1.000e+00
1.000e+00
1.000e+00
1.000e+00
1.000e+00
1.000e+00
1.000e+00
1.000e+00
1.000e+00
1.000e+00
1.000e+00
1.000e+00
1.000e+00
1.000e+00
1.000e+00
1.000e+00
1.000e+00
1.000e+00
1.000e+00
1.000e+00
1.000e+00
1.000e+00
1.000e+00
1.000e+00
1.000e+00
1.000e+00
1.000e+00
1.000e+00
1.000e+00
1.000e+00
1.000e+00
1.000e+00
1.000e+00
1.000e+00
1.000e+00
1.000e+00
1.000e+00
1.000e+00
1.000e+00
1.000e+00
1.000e+00
1.000e+00
1.000e+00
1.000e+00
1.000e+00
1.000e+00
1.000e+00
1.000e+00
1.000e+00
1.000e+00
1.000e+00
1.000e+00
1.000e+00
1.000e+00
1.000e+00
1.000e+00
1.000e+00
1.000e+00
1.000e+00
1.000e+00
1.000e+00
1.000e+00
1.000e+00
1.000e+00
1.000e+00
1.000e+00
1.000e+00
1.000e+00
1.000e+00
1.000e+00
1.000e+00
1.000e+00
1.000e+00
1.000e+00
1.000e+00
1.000e+00
1.000e+00
1.000e+00
1.000e+00
1.000e+00
1.000e+00
1.000e+00
1.000e+00
1.000e+00
1.000e+00
1.000e+00
1.000e+00
1.000e+00
1.000e+00
1.000e+00
1.000e+00
1.000e+00
1.000e+00
1.000e+00
1.000e+00
1.000e+00
1.000e+00
1.000e+00
1.000e+00
1.000e+00
1.000e+00
1.000e+00
1.000e+00
1.000e+00
1.000e+00
1.000e+00
1.000e+00
1.000e+00
1.000e+00
1.000e+00
1.000e+00
1.000e+00
1.000e+00
1.000e+00
1.000e+00
1.000e+00
1.000e+00
1.000e+00
1.000e+00
1.000e+00
1.001e+00
