1	0	INDP	IPOND
-6.773e+00
-5.776e+00
-5.768e+00
-5.768e+00
-5.768e+00
-5.768e+00
-5.768e+00
-5.768e+00
-5.768e+00
-5.768e+00
-5.768e+00
-5.768e+00
-5.768e+00
-5.768e+00
-5.768e+00
-5.768e+00
-5.768e+00
-5.768e+00
-5.768e+00
-5.724e+00
-4.629e+00
-5.776e+00
-4.634e+00
-4.632e+00
-4.632e+00
-4.632e+00
-4.632e+00
-4.632e+00
-4.632e+00
-4.632e+00
-4.632e+00
-4.632e+00
-4.632e+00
-4.632e+00
-4.632e+00
-4.632e+00
-4.632e+00
-4.632e+00
-4.632e+00
-4.632e+00
-4.630e+00
-3.993e+00
-5.768e+00
-4.632e+00
-4.631e+00
-4.631e+00
-4.631e+00
-4.631e+00
-4.631e+00
-4.631e+00
-4.631e+00
-4.631e+00
-4.631e+00
-4.631e+00
-4.631e+00
-4.631e+00
-4.631e+00
-4.631e+00
-4.631e+00
-4.631e+00
-4.631e+00
-4.629e+00
-3.999e+00
-5.768e+00
-4.632e+00
-4.631e+00
-4.631e+00
-4.631e+00
-4.631e+00
-4.631e+00
-4.631e+00
-4.631e+00
-4.631e+00
-4.631e+00
-4.631e+00
-4.631e+00
-4.631e+00
-4.631e+00
-4.631e+00
-4.631e+00
-4.631e+00
-4.631e+00
-4.629e+00
-3.999e+00
-5.768e+00
-4.632e+00
-4.631e+00
-4.631e+00
-4.631e+00
-4.631e+00
-4.631e+00
-4.631e+00
-4.631e+00
-4.631e+00
-4.631e+00
-4.631e+00
-4.631e+00
-4.631e+00
-4.631e+00
-4.631e+00
-4.631e+00
-4.631e+00
-4.631e+00
-4.629e+00
-3.999e+00
-5.768e+00
-4.632e+00
-4.631e+00
-4.631e+00
-4.631e+00
-4.631e+00
-4.631e+00
-4.631e+00
-4.631e+00
-4.631e+00
-4.631e+00
-4.631e+00
-4.631e+00
-4.631e+00
-4.631e+00
-4.631e+00
-4.631e+00
-4.631e+00
-4.631e+00
-4.629e+00
-3.999e+00
-5.768e+00
-4.632e+00
-4.631e+00
-4.631e+00
-4.631e+00
-4.631e+00
-4.631e+00
-4.631e+00
-4.631e+00
-4.631e+00
-4.631e+00
-4.631e+00
-4.631e+00
-4.631e+00
-4.631e+00
-4.631e+00
-4.631e+00
-4.631e+00
-4.631e+00
-4.629e+00
-3.999e+00
-5.768e+00
-4.632e+00
-4.631e+00
-4.631e+00
-4.631e+00
-4.631e+00
-4.631e+00
-4.631e+00
-4.631e+00
-4.631e+00
-4.631e+00
-4.631e+00
-4.631e+00
-4.631e+00
-4.631e+00
-4.631e+00
-4.631e+00
-4.631e+00
-4.631e+00
-4.629e+00
-3.999e+00
-5.770e+00
-4.633e+00
-4.631e+00
-4.631e+00
-4.631e+00
-4.631e+00
-4.631e+00
-4.631e+00
-4.631e+00
-4.631e+00
-4.631e+00
-4.631e+00
-4.631e+00
-4.631e+00
-4.631e+00
-4.631e+00
-4.631e+00
-4.631e+00
-4.631e+00
-4.629e+00
-3.999e+00
-5.930e+00
-4.661e+00
-4.661e+00
-4.661e+00
-4.661e+00
-4.661e+00
-4.661e+00
-4.661e+00
-4.661e+00
-4.661e+00
-4.661e+00
-4.661e+00
-4.661e+00
-4.661e+00
-4.661e+00
-4.661e+00
-4.661e+00
-4.661e+00
-4.661e+00
-4.658e+00
-4.012e+00
-2.037e+02
-1.964e+02
-1.956e+02
-1.956e+02
-1.956e+02
-1.956e+02
-1.956e+02
-1.956e+02
-1.956e+02
-1.956e+02
-1.956e+02
-1.956e+02
-1.956e+02
-1.956e+02
-1.956e+02
-1.956e+02
-1.956e+02
-1.956e+02
-1.956e+02
-1.956e+02
-1.833e+02
-2.044e+02
-2.065e+02
-2.065e+02
-2.065e+02
-2.065e+02
-2.065e+02
-2.065e+02
-2.065e+02
-2.065e+02
-2.065e+02
-2.065e+02
-2.065e+02
-2.065e+02
-2.065e+02
-2.065e+02
-2.065e+02
-2.065e+02
-2.065e+02
-2.065e+02
-2.065e+02
-2.059e+02
-2.044e+02
-2.065e+02
-2.065e+02
-2.065e+02
-2.065e+02
-2.065e+02
-2.065e+02
-2.065e+02
-2.065e+02
-2.065e+02
-2.065e+02
-2.065e+02
-2.065e+02
-2.065e+02
-2.065e+02
-2.065e+02
-2.065e+02
-2.065e+02
-2.065e+02
-2.065e+02
-2.059e+02
-2.044e+02
-2.065e+02
-2.065e+02
-2.065e+02
-2.065e+02
-2.065e+02
-2.065e+02
-2.065e+02
-2.065e+02
-2.065e+02
-2.065e+02
-2.065e+02
-2.065e+02
-2.065e+02
-2.065e+02
-2.065e+02
-2.065e+02
-2.065e+02
-2.065e+02
-2.065e+02
-2.059e+02
-2.044e+02
-2.065e+02
-2.065e+02
-2.065e+02
-2.065e+02
-2.065e+02
-2.065e+02
-2.065e+02
-2.065e+02
-2.065e+02
-2.065e+02
-2.065e+02
-2.065e+02
-2.065e+02
-2.065e+02
-2.065e+02
-2.065e+02
-2.065e+02
-2.065e+02
-2.065e+02
-2.059e+02
-2.044e+02
-2.065e+02
-2.065e+02
-2.065e+02
-2.065e+02
-2.065e+02
-2.065e+02
-2.065e+02
-2.065e+02
-2.065e+02
-2.065e+02
-2.065e+02
-2.065e+02
-2.065e+02
-2.065e+02
-2.065e+02
-2.065e+02
-2.065e+02
-2.065e+02
-2.065e+02
-2.059e+02
-2.044e+02
-2.065e+02
-2.065e+02
-2.065e+02
-2.065e+02
-2.065e+02
-2.065e+02
-2.065e+02
-2.065e+02
-2.065e+02
-2.065e+02
-2.065e+02
-2.065e+02
-2.065e+02
-2.065e+02
-2.065e+02
-2.065e+02
-2.065e+02
-2.065e+02
-2.065e+02
-2.059e+02
-2.044e+02
-2.065e+02
-2.065e+02
-2.065e+02
-2.065e+02
-2.065e+02
-2.065e+02
-2.065e+02
-2.065e+02
-2.065e+02
-2.065e+02
-2.065e+02
-2.065e+02
-2.065e+02
-2.065e+02
-2.065e+02
-2.065e+02
-2.065e+02
-2.065e+02
-2.065e+02
-2.059e+02
-2.044e+02
-2.065e+02
-2.065e+02
-2.065e+02
-2.065e+02
-2.065e+02
-2.065e+02
-2.065e+02
-2.065e+02
-2.065e+02
-2.065e+02
-2.065e+02
-2.065e+02
-2.065e+02
-2.065e+02
-2.065e+02
-2.065e+02
-2.065e+02
-2.065e+02
-2.065e+02
-2.059e+02
-2.047e+02
-2.065e+02
-2.065e+02
-2.065e+02
-2.065e+02
-2.065e+02
-2.065e+02
-2.065e+02
-2.065e+02
-2.065e+02
-2.065e+02
-2.065e+02
-2.065e+02
-2.065e+02
-2.065e+02
-2.065e+02
-2.065e+02
-2.065e+02
-2.065e+02
-2.065e+02
-2.059e+02
-2.065e+02
-2.059e+02
-2.059e+02
-2.059e+02
-2.059e+02
-2.059e+02
-2.059e+02
-2.059e+02
-2.059e+02
-2.059e+02
-2.059e+02
-2.059e+02
-2.059e+02
-2.059e+02
-2.059e+02
-2.059e+02
-2.059e+02
-2.059e+02
-2.059e+02
-2.059e+02
-1.945e+02
-6.105e+00
-5.447e+00
-5.445e+00
-5.445e+00
-5.445e+00
-5.445e+00
-5.445e+00
-5.445e+00
-5.445e+00
-5.445e+00
-5.445e+00
-5.445e+00
-5.445e+00
-5.445e+00
-5.445e+00
-5.445e+00
-5.445e+00
-5.445e+00
-5.445e+00
-5.432e+00
-4.601e+00
-5.447e+00
-4.602e+00
-4.602e+00
-4.602e+00
-4.602e+00
-4.602e+00
-4.602e+00
-4.602e+00
-4.602e+00
-4.602e+00
-4.602e+00
-4.602e+00
-4.602e+00
-4.602e+00
-4.602e+00
-4.602e+00
-4.602e+00
-4.602e+00
-4.602e+00
-4.601e+00
-4.087e+00
-5.445e+00
-4.602e+00
-4.602e+00
-4.602e+00
-4.602e+00
-4.602e+00
-4.602e+00
-4.602e+00
-4.602e+00
-4.602e+00
-4.602e+00
-4.602e+00
-4.602e+00
-4.602e+00
-4.602e+00
-4.602e+00
-4.602e+00
-4.602e+00
-4.602e+00
-4.601e+00
-4.086e+00
-5.445e+00
-4.602e+00
-4.602e+00
-4.602e+00
-4.602e+00
-4.602e+00
-4.602e+00
-4.602e+00
-4.602e+00
-4.602e+00
-4.602e+00
-4.602e+00
-4.602e+00
-4.602e+00
-4.602e+00
-4.602e+00
-4.602e+00
-4.602e+00
-4.602e+00
-4.601e+00
-4.086e+00
-5.445e+00
-4.602e+00
-4.602e+00
-4.602e+00
-4.602e+00
-4.602e+00
-4.602e+00
-4.602e+00
-4.602e+00
-4.602e+00
-4.602e+00
-4.602e+00
-4.602e+00
-4.602e+00
-4.602e+00
-4.602e+00
-4.602e+00
-4.602e+00
-4.602e+00
-4.601e+00
-4.086e+00
-5.445e+00
-4.602e+00
-4.602e+00
-4.602e+00
-4.602e+00
-4.602e+00
-4.602e+00
-4.602e+00
-4.602e+00
-4.602e+00
-4.602e+00
-4.602e+00
-4.602e+00
-4.602e+00
-4.602e+00
-4.602e+00
-4.602e+00
-4.602e+00
-4.602e+00
-4.601e+00
-4.086e+00
-5.445e+00
-4.602e+00
-4.602e+00
-4.602e+00
-4.602e+00
-4.602e+00
-4.602e+00
-4.602e+00
-4.602e+00
-4.602e+00
-4.602e+00
-4.602e+00
-4.602e+00
-4.602e+00
-4.602e+00
-4.602e+00
-4.602e+00
-4.602e+00
-4.602e+00
-4.601e+00
-4.086e+00
-5.445e+00
-4.602e+00
-4.602e+00
-4.602e+00
-4.602e+00
-4.602e+00
-4.602e+00
-4.602e+00
-4.602e+00
-4.602e+00
-4.602e+00
-4.602e+00
-4.602e+00
-4.602e+00
-4.602e+00
-4.602e+00
-4.602e+00
-4.602e+00
-4.602e+00
-4.601e+00
-4.086e+00
-5.445e+00
-4.602e+00
-4.602e+00
-4.602e+00
-4.602e+00
-4.602e+00
-4.602e+00
-4.602e+00
-4.602e+00
-4.602e+00
-4.602e+00
-4.602e+00
-4.602e+00
-4.602e+00
-4.602e+00
-4.602e+00
-4.602e+00
-4.602e+00
-4.602e+00
-4.601e+00
-4.086e+00
-5.500e+00
-4.627e+00
-4.628e+00
-4.628e+00
-4.628e+00
-4.628e+00
-4.628e+00
-4.628e+00
-4.628e+00
-4.628e+00
-4.628e+00
-4.628e+00
-4.628e+00
-4.628e+00
-4.628e+00
-4.628e+00
-4.628e+00
-4.628e+00
-4.628e+00
-4.626e+00
-4.108e+00
-2.028e+02
-1.954e+02
-1.947e+02
-1.947e+02
-1.947e+02
-1.947e+02
-1.947e+02
-1.947e+02
-1.947e+02
-1.947e+02
-1.947e+02
-1.947e+02
-1.947e+02
-1.947e+02
-1.947e+02
-1.947e+02
-1.947e+02
-1.947e+02
-1.947e+02
-1.946e+02
-1.829e+02
-2.058e+02
-2.066e+02
-2.066e+02
-2.066e+02
-2.066e+02
-2.066e+02
-2.066e+02
-2.066e+02
-2.066e+02
-2.066e+02
-2.066e+02
-2.066e+02
-2.066e+02
-2.066e+02
-2.066e+02
-2.066e+02
-2.066e+02
-2.066e+02
-2.066e+02
-2.066e+02
-2.069e+02
-2.058e+02
-2.066e+02
-2.066e+02
-2.066e+02
-2.066e+02
-2.066e+02
-2.066e+02
-2.066e+02
-2.066e+02
-2.066e+02
-2.066e+02
-2.066e+02
-2.066e+02
-2.066e+02
-2.066e+02
-2.066e+02
-2.066e+02
-2.066e+02
-2.066e+02
-2.066e+02
-2.069e+02
-2.058e+02
-2.066e+02
-2.066e+02
-2.066e+02
-2.066e+02
-2.066e+02
-2.066e+02
-2.066e+02
-2.066e+02
-2.066e+02
-2.066e+02
-2.066e+02
-2.066e+02
-2.066e+02
-2.066e+02
-2.066e+02
-2.066e+02
-2.066e+02
-2.066e+02
-2.066e+02
-2.069e+02
-2.058e+02
-2.066e+02
-2.066e+02
-2.066e+02
-2.066e+02
-2.066e+02
-2.066e+02
-2.066e+02
-2.066e+02
-2.066e+02
-2.066e+02
-2.066e+02
-2.066e+02
-2.066e+02
-2.066e+02
-2.066e+02
-2.066e+02
-2.066e+02
-2.066e+02
-2.066e+02
-2.069e+02
-2.058e+02
-2.066e+02
-2.066e+02
-2.066e+02
-2.066e+02
-2.066e+02
-2.066e+02
-2.066e+02
-2.066e+02
-2.066e+02
-2.066e+02
-2.066e+02
-2.066e+02
-2.066e+02
-2.066e+02
-2.066e+02
-2.066e+02
-2.066e+02
-2.066e+02
-2.066e+02
-2.069e+02
-2.058e+02
-2.066e+02
-2.066e+02
-2.066e+02
-2.066e+02
-2.066e+02
-2.066e+02
-2.066e+02
-2.066e+02
-2.066e+02
-2.066e+02
-2.066e+02
-2.066e+02
-2.066e+02
-2.066e+02
-2.066e+02
-2.066e+02
-2.066e+02
-2.066e+02
-2.066e+02
-2.069e+02
-2.058e+02
-2.066e+02
-2.066e+02
-2.066e+02
-2.066e+02
-2.066e+02
-2.066e+02
-2.066e+02
-2.066e+02
-2.066e+02
-2.066e+02
-2.066e+02
-2.066e+02
-2.066e+02
-2.066e+02
-2.066e+02
-2.066e+02
-2.066e+02
-2.066e+02
-2.066e+02
-2.069e+02
-2.058e+02
-2.066e+02
-2.066e+02
-2.066e+02
-2.066e+02
-2.066e+02
-2.066e+02
-2.066e+02
-2.066e+02
-2.066e+02
-2.066e+02
-2.066e+02
-2.066e+02
-2.066e+02
-2.066e+02
-2.066e+02
-2.066e+02
-2.066e+02
-2.066e+02
-2.066e+02
-2.069e+02
-2.058e+02
-2.066e+02
-2.066e+02
-2.066e+02
-2.066e+02
-2.066e+02
-2.066e+02
-2.066e+02
-2.066e+02
-2.066e+02
-2.066e+02
-2.066e+02
-2.066e+02
-2.066e+02
-2.066e+02
-2.066e+02
-2.066e+02
-2.066e+02
-2.066e+02
-2.066e+02
-2.069e+02
-2.066e+02
-2.069e+02
-2.069e+02
-2.069e+02
-2.069e+02
-2.069e+02
-2.069e+02
-2.069e+02
-2.069e+02
-2.069e+02
-2.069e+02
-2.069e+02
-2.069e+02
-2.069e+02
-2.069e+02
-2.069e+02
-2.069e+02
-2.069e+02
-2.069e+02
-2.069e+02
-2.068e+02
-5.146e+00
-4.880e+00
-4.880e+00
-4.880e+00
-4.880e+00
-4.880e+00
-4.880e+00
-4.880e+00
-4.880e+00
-4.880e+00
-4.880e+00
-4.880e+00
-4.880e+00
-4.880e+00
-4.880e+00
-4.880e+00
-4.880e+00
-4.880e+00
-4.880e+00
-4.886e+00
-4.471e+00
-4.880e+00
-4.471e+00
-4.471e+00
-4.471e+00
-4.471e+00
-4.471e+00
-4.471e+00
-4.471e+00
-4.471e+00
-4.471e+00
-4.471e+00
-4.471e+00
-4.471e+00
-4.471e+00
-4.471e+00
-4.471e+00
-4.471e+00
-4.471e+00
-4.471e+00
-4.471e+00
-4.168e+00
-4.880e+00
-4.471e+00
-4.471e+00
-4.471e+00
-4.471e+00
-4.471e+00
-4.471e+00
-4.471e+00
-4.471e+00
-4.471e+00
-4.471e+00
-4.471e+00
-4.471e+00
-4.471e+00
-4.471e+00
-4.471e+00
-4.471e+00
-4.471e+00
-4.471e+00
-4.471e+00
-4.168e+00
-4.880e+00
-4.471e+00
-4.471e+00
-4.471e+00
-4.471e+00
-4.471e+00
-4.471e+00
-4.471e+00
-4.471e+00
-4.471e+00
-4.471e+00
-4.471e+00
-4.471e+00
-4.471e+00
-4.471e+00
-4.471e+00
-4.471e+00
-4.471e+00
-4.471e+00
-4.471e+00
-4.168e+00
-4.880e+00
-4.471e+00
-4.471e+00
-4.471e+00
-4.471e+00
-4.471e+00
-4.471e+00
-4.471e+00
-4.471e+00
-4.471e+00
-4.471e+00
-4.471e+00
-4.471e+00
-4.471e+00
-4.471e+00
-4.471e+00
-4.471e+00
-4.471e+00
-4.471e+00
-4.471e+00
-4.168e+00
-4.880e+00
-4.471e+00
-4.471e+00
-4.471e+00
-4.471e+00
-4.471e+00
-4.471e+00
-4.471e+00
-4.471e+00
-4.471e+00
-4.471e+00
-4.471e+00
-4.471e+00
-4.471e+00
-4.471e+00
-4.471e+00
-4.471e+00
-4.471e+00
-4.471e+00
-4.471e+00
-4.168e+00
-4.880e+00
-4.471e+00
-4.471e+00
-4.471e+00
-4.471e+00
-4.471e+00
-4.471e+00
-4.471e+00
-4.471e+00
-4.471e+00
-4.471e+00
-4.471e+00
-4.471e+00
-4.471e+00
-4.471e+00
-4.471e+00
-4.471e+00
-4.471e+00
-4.471e+00
-4.471e+00
-4.168e+00
-4.880e+00
-4.471e+00
-4.471e+00
-4.471e+00
-4.471e+00
-4.471e+00
-4.471e+00
-4.471e+00
-4.471e+00
-4.471e+00
-4.471e+00
-4.471e+00
-4.471e+00
-4.471e+00
-4.471e+00
-4.471e+00
-4.471e+00
-4.471e+00
-4.471e+00
-4.471e+00
-4.168e+00
-4.880e+00
-4.471e+00
-4.471e+00
-4.471e+00
-4.471e+00
-4.471e+00
-4.471e+00
-4.471e+00
-4.471e+00
-4.471e+00
-4.471e+00
-4.471e+00
-4.471e+00
-4.471e+00
-4.471e+00
-4.471e+00
-4.471e+00
-4.471e+00
-4.471e+00
-4.471e+00
-4.168e+00
-4.875e+00
-4.488e+00
-4.489e+00
-4.489e+00
-4.489e+00
-4.489e+00
-4.489e+00
-4.489e+00
-4.489e+00
-4.489e+00
-4.489e+00
-4.489e+00
-4.489e+00
-4.489e+00
-4.489e+00
-4.489e+00
-4.489e+00
-4.489e+00
-4.489e+00
-4.489e+00
-4.190e+00
-1.990e+02
-1.892e+02
-1.885e+02
-1.885e+02
-1.885e+02
-1.885e+02
-1.885e+02
-1.885e+02
-1.885e+02
-1.885e+02
-1.885e+02
-1.885e+02
-1.885e+02
-1.885e+02
-1.885e+02
-1.885e+02
-1.885e+02
-1.885e+02
-1.885e+02
-1.885e+02
-1.762e+02
-2.065e+02
-2.067e+02
-2.067e+02
-2.067e+02
-2.067e+02
-2.067e+02
-2.067e+02
-2.067e+02
-2.067e+02
-2.067e+02
-2.067e+02
-2.067e+02
-2.067e+02
-2.067e+02
-2.067e+02
-2.067e+02
-2.067e+02
-2.067e+02
-2.067e+02
-2.067e+02
-2.064e+02
-2.065e+02
-2.067e+02
-2.067e+02
-2.067e+02
-2.067e+02
-2.067e+02
-2.067e+02
-2.067e+02
-2.067e+02
-2.067e+02
-2.067e+02
-2.067e+02
-2.067e+02
-2.067e+02
-2.067e+02
-2.067e+02
-2.067e+02
-2.067e+02
-2.067e+02
-2.067e+02
-2.064e+02
-2.065e+02
-2.067e+02
-2.067e+02
-2.067e+02
-2.067e+02
-2.067e+02
-2.067e+02
-2.067e+02
-2.067e+02
-2.067e+02
-2.067e+02
-2.067e+02
-2.067e+02
-2.067e+02
-2.067e+02
-2.067e+02
-2.067e+02
-2.067e+02
-2.067e+02
-2.067e+02
-2.064e+02
-2.065e+02
-2.067e+02
-2.067e+02
-2.067e+02
-2.067e+02
-2.067e+02
-2.067e+02
-2.067e+02
-2.067e+02
-2.067e+02
-2.067e+02
-2.067e+02
-2.067e+02
-2.067e+02
-2.067e+02
-2.067e+02
-2.067e+02
-2.067e+02
-2.067e+02
-2.067e+02
-2.064e+02
-2.065e+02
-2.067e+02
-2.067e+02
-2.067e+02
-2.067e+02
-2.067e+02
-2.067e+02
-2.067e+02
-2.067e+02
-2.067e+02
-2.067e+02
-2.067e+02
-2.067e+02
-2.067e+02
-2.067e+02
-2.067e+02
-2.067e+02
-2.067e+02
-2.067e+02
-2.067e+02
-2.064e+02
-2.065e+02
-2.067e+02
-2.067e+02
-2.067e+02
-2.067e+02
-2.067e+02
-2.067e+02
-2.067e+02
-2.067e+02
-2.067e+02
-2.067e+02
-2.067e+02
-2.067e+02
-2.067e+02
-2.067e+02
-2.067e+02
-2.067e+02
-2.067e+02
-2.067e+02
-2.067e+02
-2.064e+02
-2.065e+02
-2.067e+02
-2.067e+02
-2.067e+02
-2.067e+02
-2.067e+02
-2.067e+02
-2.067e+02
-2.067e+02
-2.067e+02
-2.067e+02
-2.067e+02
-2.067e+02
-2.067e+02
-2.067e+02
-2.067e+02
-2.067e+02
-2.067e+02
-2.067e+02
-2.067e+02
-2.064e+02
-2.065e+02
-2.067e+02
-2.067e+02
-2.067e+02
-2.067e+02
-2.067e+02
-2.067e+02
-2.067e+02
-2.067e+02
-2.067e+02
-2.067e+02
-2.067e+02
-2.067e+02
-2.067e+02
-2.067e+02
-2.067e+02
-2.067e+02
-2.067e+02
-2.067e+02
-2.067e+02
-2.064e+02
-2.065e+02
-2.067e+02
-2.067e+02
-2.067e+02
-2.067e+02
-2.067e+02
-2.067e+02
-2.067e+02
-2.067e+02
-2.067e+02
-2.067e+02
-2.067e+02
-2.067e+02
-2.067e+02
-2.067e+02
-2.067e+02
-2.067e+02
-2.067e+02
-2.067e+02
-2.067e+02
-2.064e+02
-2.067e+02
-2.064e+02
-2.064e+02
-2.064e+02
-2.064e+02
-2.064e+02
-2.064e+02
-2.064e+02
-2.064e+02
-2.064e+02
-2.064e+02
-2.064e+02
-2.064e+02
-2.064e+02
-2.064e+02
-2.064e+02
-2.064e+02
-2.064e+02
-2.064e+02
-2.064e+02
-2.058e+02
-4.597e+00
-4.475e+00
-4.475e+00
-4.475e+00
-4.475e+00
-4.475e+00
-4.475e+00
-4.475e+00
-4.475e+00
-4.475e+00
-4.475e+00
-4.475e+00
-4.475e+00
-4.475e+00
-4.475e+00
-4.475e+00
-4.475e+00
-4.475e+00
-4.475e+00
-4.477e+00
-4.259e+00
-4.475e+00
-4.258e+00
-4.258e+00
-4.258e+00
-4.258e+00
-4.258e+00
-4.258e+00
-4.258e+00
-4.258e+00
-4.258e+00
-4.258e+00
-4.258e+00
-4.258e+00
-4.258e+00
-4.258e+00
-4.258e+00
-4.258e+00
-4.258e+00
-4.258e+00
-4.259e+00
-4.077e+00
-4.475e+00
-4.258e+00
-4.258e+00
-4.258e+00
-4.258e+00
-4.258e+00
-4.258e+00
-4.258e+00
-4.258e+00
-4.258e+00
-4.258e+00
-4.258e+00
-4.258e+00
-4.258e+00
-4.258e+00
-4.258e+00
-4.258e+00
-4.258e+00
-4.258e+00
-4.259e+00
-4.077e+00
-4.475e+00
-4.258e+00
-4.258e+00
-4.258e+00
-4.258e+00
-4.258e+00
-4.258e+00
-4.258e+00
-4.258e+00
-4.258e+00
-4.258e+00
-4.258e+00
-4.258e+00
-4.258e+00
-4.258e+00
-4.258e+00
-4.258e+00
-4.258e+00
-4.258e+00
-4.259e+00
-4.077e+00
-4.475e+00
-4.258e+00
-4.258e+00
-4.258e+00
-4.258e+00
-4.258e+00
-4.258e+00
-4.258e+00
-4.258e+00
-4.258e+00
-4.258e+00
-4.258e+00
-4.258e+00
-4.258e+00
-4.258e+00
-4.258e+00
-4.258e+00
-4.258e+00
-4.258e+00
-4.259e+00
-4.077e+00
-4.475e+00
-4.258e+00
-4.258e+00
-4.258e+00
-4.258e+00
-4.258e+00
-4.258e+00
-4.258e+00
-4.258e+00
-4.258e+00
-4.258e+00
-4.258e+00
-4.258e+00
-4.258e+00
-4.258e+00
-4.258e+00
-4.258e+00
-4.258e+00
-4.258e+00
-4.259e+00
-4.077e+00
-4.475e+00
-4.258e+00
-4.258e+00
-4.258e+00
-4.258e+00
-4.258e+00
-4.258e+00
-4.258e+00
-4.258e+00
-4.258e+00
-4.258e+00
-4.258e+00
-4.258e+00
-4.258e+00
-4.258e+00
-4.258e+00
-4.258e+00
-4.258e+00
-4.258e+00
-4.259e+00
-4.077e+00
-4.475e+00
-4.258e+00
-4.258e+00
-4.258e+00
-4.258e+00
-4.258e+00
-4.258e+00
-4.258e+00
-4.258e+00
-4.258e+00
-4.258e+00
-4.258e+00
-4.258e+00
-4.258e+00
-4.258e+00
-4.258e+00
-4.258e+00
-4.258e+00
-4.258e+00
-4.259e+00
-4.077e+00
-4.475e+00
-4.258e+00
-4.258e+00
-4.258e+00
-4.258e+00
-4.258e+00
-4.258e+00
-4.258e+00
-4.258e+00
-4.258e+00
-4.258e+00
-4.258e+00
-4.258e+00
-4.258e+00
-4.258e+00
-4.258e+00
-4.258e+00
-4.258e+00
-4.258e+00
-4.259e+00
-4.077e+00
-4.482e+00
-4.273e+00
-4.273e+00
-4.273e+00
-4.273e+00
-4.273e+00
-4.273e+00
-4.273e+00
-4.273e+00
-4.273e+00
-4.273e+00
-4.273e+00
-4.273e+00
-4.273e+00
-4.273e+00
-4.273e+00
-4.273e+00
-4.273e+00
-4.273e+00
-4.273e+00
-4.095e+00
-1.825e+02
-1.671e+02
-1.667e+02
-1.667e+02
-1.667e+02
-1.667e+02
-1.667e+02
-1.667e+02
-1.667e+02
-1.667e+02
-1.667e+02
-1.667e+02
-1.667e+02
-1.667e+02
-1.667e+02
-1.667e+02
-1.667e+02
-1.667e+02
-1.667e+02
-1.666e+02
-1.514e+02
-2.034e+02
-1.988e+02
-1.988e+02
-1.988e+02
-1.988e+02
-1.988e+02
-1.988e+02
-1.988e+02
-1.988e+02
-1.988e+02
-1.988e+02
-1.988e+02
-1.988e+02
-1.988e+02
-1.988e+02
-1.988e+02
-1.988e+02
-1.988e+02
-1.988e+02
-1.988e+02
-1.896e+02
-2.034e+02
-1.988e+02
-1.987e+02
-1.987e+02
-1.987e+02
-1.987e+02
-1.987e+02
-1.987e+02
-1.987e+02
-1.987e+02
-1.987e+02
-1.987e+02
-1.987e+02
-1.987e+02
-1.987e+02
-1.987e+02
-1.987e+02
-1.987e+02
-1.987e+02
-1.987e+02
-1.894e+02
-2.034e+02
-1.988e+02
-1.987e+02
-1.987e+02
-1.987e+02
-1.987e+02
-1.987e+02
-1.987e+02
-1.987e+02
-1.987e+02
-1.987e+02
-1.987e+02
-1.987e+02
-1.987e+02
-1.987e+02
-1.987e+02
-1.987e+02
-1.987e+02
-1.987e+02
-1.987e+02
-1.894e+02
-2.034e+02
-1.988e+02
-1.987e+02
-1.987e+02
-1.987e+02
-1.987e+02
-1.987e+02
-1.987e+02
-1.987e+02
-1.987e+02
-1.987e+02
-1.987e+02
-1.987e+02
-1.987e+02
-1.987e+02
-1.987e+02
-1.987e+02
-1.987e+02
-1.987e+02
-1.987e+02
-1.894e+02
-2.034e+02
-1.988e+02
-1.987e+02
-1.987e+02
-1.987e+02
-1.987e+02
-1.987e+02
-1.987e+02
-1.987e+02
-1.987e+02
-1.987e+02
-1.987e+02
-1.987e+02
-1.987e+02
-1.987e+02
-1.987e+02
-1.987e+02
-1.987e+02
-1.987e+02
-1.987e+02
-1.894e+02
-2.034e+02
-1.988e+02
-1.987e+02
-1.987e+02
-1.987e+02
-1.987e+02
-1.987e+02
-1.987e+02
-1.987e+02
-1.987e+02
-1.987e+02
-1.987e+02
-1.987e+02
-1.987e+02
-1.987e+02
-1.987e+02
-1.987e+02
-1.987e+02
-1.987e+02
-1.987e+02
-1.894e+02
-2.034e+02
-1.988e+02
-1.987e+02
-1.987e+02
-1.987e+02
-1.987e+02
-1.987e+02
-1.987e+02
-1.987e+02
-1.987e+02
-1.987e+02
-1.987e+02
-1.987e+02
-1.987e+02
-1.987e+02
-1.987e+02
-1.987e+02
-1.987e+02
-1.987e+02
-1.987e+02
-1.894e+02
-2.034e+02
-1.988e+02
-1.987e+02
-1.987e+02
-1.987e+02
-1.987e+02
-1.987e+02
-1.987e+02
-1.987e+02
-1.987e+02
-1.987e+02
-1.987e+02
-1.987e+02
-1.987e+02
-1.987e+02
-1.987e+02
-1.987e+02
-1.987e+02
-1.987e+02
-1.987e+02
-1.894e+02
-2.034e+02
-1.988e+02
-1.987e+02
-1.987e+02
-1.987e+02
-1.987e+02
-1.987e+02
-1.987e+02
-1.987e+02
-1.987e+02
-1.987e+02
-1.987e+02
-1.987e+02
-1.987e+02
-1.987e+02
-1.987e+02
-1.987e+02
-1.987e+02
-1.987e+02
-1.987e+02
-1.894e+02
-1.988e+02
-1.894e+02
-1.894e+02
-1.894e+02
-1.894e+02
-1.894e+02
-1.894e+02
-1.894e+02
-1.894e+02
-1.894e+02
-1.894e+02
-1.894e+02
-1.894e+02
-1.894e+02
-1.894e+02
-1.894e+02
-1.894e+02
-1.894e+02
-1.894e+02
-1.894e+02
-1.823e+02
-4.216e+00
-4.147e+00
-4.147e+00
-4.147e+00
-4.147e+00
-4.147e+00
-4.147e+00
-4.147e+00
-4.147e+00
-4.147e+00
-4.147e+00
-4.147e+00
-4.147e+00
-4.147e+00
-4.147e+00
-4.147e+00
-4.147e+00
-4.147e+00
-4.147e+00
-4.147e+00
-4.013e+00
-4.147e+00
-4.012e+00
-4.013e+00
-4.013e+00
-4.013e+00
-4.013e+00
-4.013e+00
-4.013e+00
-4.013e+00
-4.013e+00
-4.013e+00
-4.013e+00
-4.013e+00
-4.013e+00
-4.013e+00
-4.013e+00
-4.013e+00
-4.013e+00
-4.013e+00
-4.013e+00
-3.893e+00
-4.147e+00
-4.013e+00
-4.013e+00
-4.013e+00
-4.013e+00
-4.013e+00
-4.013e+00
-4.013e+00
-4.013e+00
-4.013e+00
-4.013e+00
-4.013e+00
-4.013e+00
-4.013e+00
-4.013e+00
-4.013e+00
-4.013e+00
-4.013e+00
-4.013e+00
-4.013e+00
-3.893e+00
-4.147e+00
-4.013e+00
-4.013e+00
-4.013e+00
-4.013e+00
-4.013e+00
-4.013e+00
-4.013e+00
-4.013e+00
-4.013e+00
-4.013e+00
-4.013e+00
-4.013e+00
-4.013e+00
-4.013e+00
-4.013e+00
-4.013e+00
-4.013e+00
-4.013e+00
-4.013e+00
-3.893e+00
-4.147e+00
-4.013e+00
-4.013e+00
-4.013e+00
-4.013e+00
-4.013e+00
-4.013e+00
-4.013e+00
-4.013e+00
-4.013e+00
-4.013e+00
-4.013e+00
-4.013e+00
-4.013e+00
-4.013e+00
-4.013e+00
-4.013e+00
-4.013e+00
-4.013e+00
-4.013e+00
-3.893e+00
-4.147e+00
-4.013e+00
-4.013e+00
-4.013e+00
-4.013e+00
-4.013e+00
-4.013e+00
-4.013e+00
-4.013e+00
-4.013e+00
-4.013e+00
-4.013e+00
-4.013e+00
-4.013e+00
-4.013e+00
-4.013e+00
-4.013e+00
-4.013e+00
-4.013e+00
-4.013e+00
-3.893e+00
-4.147e+00
-4.013e+00
-4.013e+00
-4.013e+00
-4.013e+00
-4.013e+00
-4.013e+00
-4.013e+00
-4.013e+00
-4.013e+00
-4.013e+00
-4.013e+00
-4.013e+00
-4.013e+00
-4.013e+00
-4.013e+00
-4.013e+00
-4.013e+00
-4.013e+00
-4.013e+00
-3.893e+00
-4.147e+00
-4.013e+00
-4.013e+00
-4.013e+00
-4.013e+00
-4.013e+00
-4.013e+00
-4.013e+00
-4.013e+00
-4.013e+00
-4.013e+00
-4.013e+00
-4.013e+00
-4.013e+00
-4.013e+00
-4.013e+00
-4.013e+00
-4.013e+00
-4.013e+00
-4.013e+00
-3.893e+00
-4.147e+00
-4.013e+00
-4.013e+00
-4.013e+00
-4.013e+00
-4.013e+00
-4.013e+00
-4.013e+00
-4.013e+00
-4.013e+00
-4.013e+00
-4.013e+00
-4.013e+00
-4.013e+00
-4.013e+00
-4.013e+00
-4.013e+00
-4.013e+00
-4.013e+00
-4.013e+00
-3.893e+00
-4.148e+00
-4.018e+00
-4.018e+00
-4.018e+00
-4.018e+00
-4.018e+00
-4.018e+00
-4.018e+00
-4.018e+00
-4.018e+00
-4.018e+00
-4.018e+00
-4.018e+00
-4.018e+00
-4.018e+00
-4.018e+00
-4.018e+00
-4.018e+00
-4.018e+00
-4.018e+00
-3.898e+00
-1.075e+02
-9.772e+01
-9.902e+01
-9.902e+01
-9.902e+01
-9.902e+01
-9.902e+01
-9.902e+01
-9.902e+01
-9.902e+01
-9.902e+01
-9.902e+01
-9.902e+01
-9.902e+01
-9.902e+01
-9.902e+01
-9.902e+01
-9.902e+01
-9.902e+01
-9.900e+01
-8.676e+01
-8.569e+01
-6.772e+01
-6.779e+01
-6.779e+01
-6.779e+01
-6.779e+01
-6.779e+01
-6.779e+01
-6.779e+01
-6.779e+01
-6.779e+01
-6.779e+01
-6.779e+01
-6.779e+01
-6.779e+01
-6.779e+01
-6.779e+01
-6.779e+01
-6.779e+01
-6.776e+01
-5.436e+01
-8.562e+01
-6.763e+01
-6.765e+01
-6.765e+01
-6.765e+01
-6.765e+01
-6.765e+01
-6.765e+01
-6.765e+01
-6.765e+01
-6.765e+01
-6.765e+01
-6.765e+01
-6.765e+01
-6.765e+01
-6.765e+01
-6.765e+01
-6.765e+01
-6.765e+01
-6.764e+01
-5.428e+01
-8.562e+01
-6.763e+01
-6.765e+01
-6.765e+01
-6.765e+01
-6.765e+01
-6.765e+01
-6.765e+01
-6.765e+01
-6.765e+01
-6.765e+01
-6.765e+01
-6.765e+01
-6.765e+01
-6.765e+01
-6.765e+01
-6.765e+01
-6.765e+01
-6.765e+01
-6.764e+01
-5.428e+01
-8.562e+01
-6.763e+01
-6.765e+01
-6.765e+01
-6.765e+01
-6.765e+01
-6.765e+01
-6.765e+01
-6.765e+01
-6.765e+01
-6.765e+01
-6.765e+01
-6.765e+01
-6.765e+01
-6.765e+01
-6.765e+01
-6.765e+01
-6.765e+01
-6.765e+01
-6.764e+01
-5.428e+01
-8.562e+01
-6.763e+01
-6.765e+01
-6.765e+01
-6.765e+01
-6.765e+01
-6.765e+01
-6.765e+01
-6.765e+01
-6.765e+01
-6.765e+01
-6.765e+01
-6.765e+01
-6.765e+01
-6.765e+01
-6.765e+01
-6.765e+01
-6.765e+01
-6.765e+01
-6.764e+01
-5.428e+01
-8.562e+01
-6.763e+01
-6.765e+01
-6.765e+01
-6.765e+01
-6.765e+01
-6.765e+01
-6.765e+01
-6.765e+01
-6.765e+01
-6.765e+01
-6.765e+01
-6.765e+01
-6.765e+01
-6.765e+01
-6.765e+01
-6.765e+01
-6.765e+01
-6.765e+01
-6.764e+01
-5.428e+01
-8.562e+01
-6.763e+01
-6.765e+01
-6.765e+01
-6.765e+01
-6.765e+01
-6.765e+01
-6.765e+01
-6.765e+01
-6.765e+01
-6.765e+01
-6.765e+01
-6.765e+01
-6.765e+01
-6.765e+01
-6.765e+01
-6.765e+01
-6.765e+01
-6.765e+01
-6.764e+01
-5.428e+01
-8.562e+01
-6.763e+01
-6.765e+01
-6.765e+01
-6.765e+01
-6.765e+01
-6.765e+01
-6.765e+01
-6.765e+01
-6.765e+01
-6.765e+01
-6.765e+01
-6.765e+01
-6.765e+01
-6.765e+01
-6.765e+01
-6.765e+01
-6.765e+01
-6.765e+01
-6.764e+01
-5.428e+01
-8.562e+01
-6.763e+01
-6.765e+01
-6.764e+01
-6.764e+01
-6.764e+01
-6.764e+01
-6.764e+01
-6.764e+01
-6.764e+01
-6.764e+01
-6.764e+01
-6.764e+01
-6.764e+01
-6.764e+01
-6.764e+01
-6.764e+01
-6.764e+01
-6.764e+01
-6.764e+01
-5.428e+01
-6.763e+01
-5.425e+01
-5.429e+01
-5.428e+01
-5.428e+01
-5.428e+01
-5.428e+01
-5.428e+01
-5.428e+01
-5.428e+01
-5.428e+01
-5.428e+01
-5.428e+01
-5.428e+01
-5.428e+01
-5.428e+01
-5.428e+01
-5.428e+01
-5.428e+01
-5.428e+01
-4.894e+01
-3.779e+00
-3.765e+00
-3.765e+00
-3.765e+00
-3.765e+00
-3.765e+00
-3.765e+00
-3.765e+00
-3.765e+00
-3.765e+00
-3.765e+00
-3.765e+00
-3.765e+00
-3.765e+00
-3.765e+00
-3.765e+00
-3.765e+00
-3.765e+00
-3.765e+00
-3.765e+00
-3.739e+00
-3.765e+00
-3.739e+00
-3.739e+00
-3.739e+00
-3.739e+00
-3.739e+00
-3.739e+00
-3.739e+00
-3.739e+00
-3.739e+00
-3.739e+00
-3.739e+00
-3.739e+00
-3.739e+00
-3.739e+00
-3.739e+00
-3.739e+00
-3.739e+00
-3.739e+00
-3.739e+00
-3.713e+00
-3.765e+00
-3.739e+00
-3.739e+00
-3.739e+00
-3.739e+00
-3.739e+00
-3.739e+00
-3.739e+00
-3.739e+00
-3.739e+00
-3.739e+00
-3.739e+00
-3.739e+00
-3.739e+00
-3.739e+00
-3.739e+00
-3.739e+00
-3.739e+00
-3.739e+00
-3.739e+00
-3.711e+00
-3.765e+00
-3.739e+00
-3.739e+00
-3.739e+00
-3.739e+00
-3.739e+00
-3.739e+00
-3.739e+00
-3.739e+00
-3.739e+00
-3.739e+00
-3.739e+00
-3.739e+00
-3.739e+00
-3.739e+00
-3.739e+00
-3.739e+00
-3.739e+00
-3.739e+00
-3.739e+00
-3.711e+00
-3.765e+00
-3.739e+00
-3.739e+00
-3.739e+00
-3.739e+00
-3.739e+00
-3.739e+00
-3.739e+00
-3.739e+00
-3.739e+00
-3.739e+00
-3.739e+00
-3.739e+00
-3.739e+00
-3.739e+00
-3.739e+00
-3.739e+00
-3.739e+00
-3.739e+00
-3.739e+00
-3.711e+00
-3.765e+00
-3.739e+00
-3.739e+00
-3.739e+00
-3.739e+00
-3.739e+00
-3.739e+00
-3.739e+00
-3.739e+00
-3.739e+00
-3.739e+00
-3.739e+00
-3.739e+00
-3.739e+00
-3.739e+00
-3.739e+00
-3.739e+00
-3.739e+00
-3.739e+00
-3.739e+00
-3.711e+00
-3.765e+00
-3.739e+00
-3.739e+00
-3.739e+00
-3.739e+00
-3.739e+00
-3.739e+00
-3.739e+00
-3.739e+00
-3.739e+00
-3.739e+00
-3.739e+00
-3.739e+00
-3.739e+00
-3.739e+00
-3.739e+00
-3.739e+00
-3.739e+00
-3.739e+00
-3.739e+00
-3.711e+00
-3.765e+00
-3.739e+00
-3.739e+00
-3.739e+00
-3.739e+00
-3.739e+00
-3.739e+00
-3.739e+00
-3.739e+00
-3.739e+00
-3.739e+00
-3.739e+00
-3.739e+00
-3.739e+00
-3.739e+00
-3.739e+00
-3.739e+00
-3.739e+00
-3.739e+00
-3.739e+00
-3.711e+00
-3.765e+00
-3.739e+00
-3.739e+00
-3.739e+00
-3.739e+00
-3.739e+00
-3.739e+00
-3.739e+00
-3.739e+00
-3.739e+00
-3.739e+00
-3.739e+00
-3.739e+00
-3.739e+00
-3.739e+00
-3.739e+00
-3.739e+00
-3.739e+00
-3.739e+00
-3.739e+00
-3.711e+00
-3.759e+00
-3.739e+00
-3.739e+00
-3.739e+00
-3.739e+00
-3.739e+00
-3.739e+00
-3.739e+00
-3.739e+00
-3.739e+00
-3.739e+00
-3.739e+00
-3.739e+00
-3.739e+00
-3.739e+00
-3.739e+00
-3.739e+00
-3.739e+00
-3.739e+00
-3.739e+00
-3.716e+00
-1.327e+01
-1.393e+01
-1.391e+01
-1.392e+01
-1.392e+01
-1.392e+01
-1.392e+01
-1.392e+01
-1.392e+01
-1.392e+01
-1.392e+01
-1.392e+01
-1.392e+01
-1.392e+01
-1.392e+01
-1.392e+01
-1.392e+01
-1.392e+01
-1.392e+01
-1.391e+01
-1.404e+01
-1.212e+01
-1.194e+01
-1.189e+01
-1.190e+01
-1.190e+01
-1.190e+01
-1.190e+01
-1.190e+01
-1.190e+01
-1.190e+01
-1.190e+01
-1.190e+01
-1.190e+01
-1.190e+01
-1.190e+01
-1.190e+01
-1.190e+01
-1.190e+01
-1.190e+01
-1.190e+01
-1.164e+01
-1.213e+01
-1.195e+01
-1.190e+01
-1.190e+01
-1.190e+01
-1.190e+01
-1.190e+01
-1.190e+01
-1.190e+01
-1.190e+01
-1.190e+01
-1.190e+01
-1.190e+01
-1.190e+01
-1.190e+01
-1.190e+01
-1.190e+01
-1.190e+01
-1.190e+01
-1.191e+01
-1.165e+01
-1.213e+01
-1.195e+01
-1.190e+01
-1.190e+01
-1.190e+01
-1.190e+01
-1.190e+01
-1.190e+01
-1.190e+01
-1.190e+01
-1.190e+01
-1.190e+01
-1.190e+01
-1.190e+01
-1.190e+01
-1.190e+01
-1.190e+01
-1.190e+01
-1.190e+01
-1.191e+01
-1.165e+01
-1.213e+01
-1.195e+01
-1.190e+01
-1.190e+01
-1.190e+01
-1.190e+01
-1.190e+01
-1.190e+01
-1.190e+01
-1.190e+01
-1.190e+01
-1.190e+01
-1.190e+01
-1.190e+01
-1.190e+01
-1.190e+01
-1.190e+01
-1.190e+01
-1.190e+01
-1.191e+01
-1.165e+01
-1.213e+01
-1.195e+01
-1.190e+01
-1.190e+01
-1.190e+01
-1.190e+01
-1.190e+01
-1.190e+01
-1.190e+01
-1.190e+01
-1.190e+01
-1.190e+01
-1.190e+01
-1.190e+01
-1.190e+01
-1.190e+01
-1.190e+01
-1.190e+01
-1.190e+01
-1.191e+01
-1.165e+01
-1.213e+01
-1.195e+01
-1.190e+01
-1.190e+01
-1.190e+01
-1.190e+01
-1.190e+01
-1.190e+01
-1.190e+01
-1.190e+01
-1.190e+01
-1.190e+01
-1.190e+01
-1.190e+01
-1.190e+01
-1.190e+01
-1.190e+01
-1.190e+01
-1.190e+01
-1.191e+01
-1.165e+01
-1.213e+01
-1.195e+01
-1.190e+01
-1.190e+01
-1.190e+01
-1.190e+01
-1.190e+01
-1.190e+01
-1.190e+01
-1.190e+01
-1.190e+01
-1.190e+01
-1.190e+01
-1.190e+01
-1.190e+01
-1.190e+01
-1.190e+01
-1.190e+01
-1.190e+01
-1.191e+01
-1.165e+01
-1.213e+01
-1.195e+01
-1.190e+01
-1.190e+01
-1.190e+01
-1.190e+01
-1.190e+01
-1.190e+01
-1.190e+01
-1.190e+01
-1.190e+01
-1.190e+01
-1.190e+01
-1.190e+01
-1.190e+01
-1.190e+01
-1.190e+01
-1.190e+01
-1.190e+01
-1.191e+01
-1.165e+01
-1.213e+01
-1.195e+01
-1.191e+01
-1.191e+01
-1.191e+01
-1.191e+01
-1.191e+01
-1.191e+01
-1.191e+01
-1.191e+01
-1.191e+01
-1.191e+01
-1.191e+01
-1.191e+01
-1.191e+01
-1.191e+01
-1.191e+01
-1.191e+01
-1.191e+01
-1.191e+01
-1.166e+01
-1.197e+01
-1.171e+01
-1.165e+01
-1.165e+01
-1.165e+01
-1.165e+01
-1.165e+01
-1.165e+01
-1.165e+01
-1.165e+01
-1.165e+01
-1.165e+01
-1.165e+01
-1.165e+01
-1.165e+01
-1.165e+01
-1.165e+01
-1.165e+01
-1.165e+01
-1.166e+01
-1.148e+01
-4.009e+00
-3.805e+00
-3.805e+00
-3.805e+00
-3.805e+00
-3.805e+00
-3.805e+00
-3.805e+00
-3.805e+00
-3.805e+00
-3.805e+00
-3.805e+00
-3.805e+00
-3.805e+00
-3.805e+00
-3.805e+00
-3.805e+00
-3.805e+00
-3.805e+00
-3.805e+00
-3.495e+00
-3.805e+00
-3.495e+00
-3.495e+00
-3.495e+00
-3.495e+00
-3.495e+00
-3.495e+00
-3.495e+00
-3.495e+00
-3.495e+00
-3.495e+00
-3.495e+00
-3.495e+00
-3.495e+00
-3.495e+00
-3.495e+00
-3.495e+00
-3.495e+00
-3.495e+00
-3.495e+00
-3.269e+00
-3.805e+00
-3.495e+00
-3.495e+00
-3.495e+00
-3.495e+00
-3.495e+00
-3.495e+00
-3.495e+00
-3.495e+00
-3.495e+00
-3.495e+00
-3.495e+00
-3.495e+00
-3.495e+00
-3.495e+00
-3.495e+00
-3.495e+00
-3.495e+00
-3.495e+00
-3.495e+00
-3.271e+00
-3.805e+00
-3.495e+00
-3.495e+00
-3.495e+00
-3.495e+00
-3.495e+00
-3.495e+00
-3.495e+00
-3.495e+00
-3.495e+00
-3.495e+00
-3.495e+00
-3.495e+00
-3.495e+00
-3.495e+00
-3.495e+00
-3.495e+00
-3.495e+00
-3.495e+00
-3.495e+00
-3.271e+00
-3.805e+00
-3.495e+00
-3.495e+00
-3.495e+00
-3.495e+00
-3.495e+00
-3.495e+00
-3.495e+00
-3.495e+00
-3.495e+00
-3.495e+00
-3.495e+00
-3.495e+00
-3.495e+00
-3.495e+00
-3.495e+00
-3.495e+00
-3.495e+00
-3.495e+00
-3.495e+00
-3.271e+00
-3.805e+00
-3.495e+00
-3.495e+00
-3.495e+00
-3.495e+00
-3.495e+00
-3.495e+00
-3.495e+00
-3.495e+00
-3.495e+00
-3.495e+00
-3.495e+00
-3.495e+00
-3.495e+00
-3.495e+00
-3.495e+00
-3.495e+00
-3.495e+00
-3.495e+00
-3.495e+00
-3.271e+00
-3.805e+00
-3.495e+00
-3.495e+00
-3.495e+00
-3.495e+00
-3.495e+00
-3.495e+00
-3.495e+00
-3.495e+00
-3.495e+00
-3.495e+00
-3.495e+00
-3.495e+00
-3.495e+00
-3.495e+00
-3.495e+00
-3.495e+00
-3.495e+00
-3.495e+00
-3.495e+00
-3.271e+00
-3.805e+00
-3.495e+00
-3.495e+00
-3.495e+00
-3.495e+00
-3.495e+00
-3.495e+00
-3.495e+00
-3.495e+00
-3.495e+00
-3.495e+00
-3.495e+00
-3.495e+00
-3.495e+00
-3.495e+00
-3.495e+00
-3.495e+00
-3.495e+00
-3.495e+00
-3.495e+00
-3.271e+00
-3.805e+00
-3.495e+00
-3.495e+00
-3.495e+00
-3.495e+00
-3.495e+00
-3.495e+00
-3.495e+00
-3.495e+00
-3.495e+00
-3.495e+00
-3.495e+00
-3.495e+00
-3.495e+00
-3.495e+00
-3.495e+00
-3.495e+00
-3.495e+00
-3.495e+00
-3.495e+00
-3.271e+00
-3.808e+00
-3.495e+00
-3.495e+00
-3.495e+00
-3.495e+00
-3.495e+00
-3.495e+00
-3.495e+00
-3.495e+00
-3.495e+00
-3.495e+00
-3.495e+00
-3.495e+00
-3.495e+00
-3.495e+00
-3.495e+00
-3.495e+00
-3.495e+00
-3.495e+00
-3.495e+00
-3.269e+00
-5.685e+00
-4.935e+00
-4.947e+00
-4.947e+00
-4.947e+00
-4.947e+00
-4.947e+00
-4.947e+00
-4.947e+00
-4.947e+00
-4.947e+00
-4.947e+00
-4.947e+00
-4.947e+00
-4.947e+00
-4.947e+00
-4.947e+00
-4.947e+00
-4.947e+00
-4.943e+00
-4.459e+00
-5.631e+00
-4.861e+00
-4.868e+00
-4.868e+00
-4.868e+00
-4.868e+00
-4.868e+00
-4.868e+00
-4.868e+00
-4.868e+00
-4.868e+00
-4.868e+00
-4.868e+00
-4.868e+00
-4.868e+00
-4.868e+00
-4.868e+00
-4.868e+00
-4.868e+00
-4.867e+00
-4.366e+00
-5.631e+00
-4.861e+00
-4.868e+00
-4.868e+00
-4.868e+00
-4.868e+00
-4.868e+00
-4.868e+00
-4.868e+00
-4.868e+00
-4.868e+00
-4.868e+00
-4.868e+00
-4.868e+00
-4.868e+00
-4.868e+00
-4.868e+00
-4.868e+00
-4.868e+00
-4.867e+00
-4.368e+00
-5.631e+00
-4.861e+00
-4.868e+00
-4.868e+00
-4.868e+00
-4.868e+00
-4.868e+00
-4.868e+00
-4.868e+00
-4.868e+00
-4.868e+00
-4.868e+00
-4.868e+00
-4.868e+00
-4.868e+00
-4.868e+00
-4.868e+00
-4.868e+00
-4.868e+00
-4.867e+00
-4.368e+00
-5.631e+00
-4.861e+00
-4.868e+00
-4.868e+00
-4.868e+00
-4.868e+00
-4.868e+00
-4.868e+00
-4.868e+00
-4.868e+00
-4.868e+00
-4.868e+00
-4.868e+00
-4.868e+00
-4.868e+00
-4.868e+00
-4.868e+00
-4.868e+00
-4.868e+00
-4.867e+00
-4.368e+00
-5.631e+00
-4.861e+00
-4.868e+00
-4.868e+00
-4.868e+00
-4.868e+00
-4.868e+00
-4.868e+00
-4.868e+00
-4.868e+00
-4.868e+00
-4.868e+00
-4.868e+00
-4.868e+00
-4.868e+00
-4.868e+00
-4.868e+00
-4.868e+00
-4.868e+00
-4.867e+00
-4.368e+00
-5.631e+00
-4.861e+00
-4.868e+00
-4.868e+00
-4.868e+00
-4.868e+00
-4.868e+00
-4.868e+00
-4.868e+00
-4.868e+00
-4.868e+00
-4.868e+00
-4.868e+00
-4.868e+00
-4.868e+00
-4.868e+00
-4.868e+00
-4.868e+00
-4.868e+00
-4.867e+00
-4.368e+00
-5.631e+00
-4.861e+00
-4.868e+00
-4.868e+00
-4.868e+00
-4.868e+00
-4.868e+00
-4.868e+00
-4.868e+00
-4.868e+00
-4.868e+00
-4.868e+00
-4.868e+00
-4.868e+00
-4.868e+00
-4.868e+00
-4.868e+00
-4.868e+00
-4.868e+00
-4.867e+00
-4.368e+00
-5.631e+00
-4.861e+00
-4.868e+00
-4.868e+00
-4.868e+00
-4.868e+00
-4.868e+00
-4.868e+00
-4.868e+00
-4.868e+00
-4.868e+00
-4.868e+00
-4.868e+00
-4.868e+00
-4.868e+00
-4.868e+00
-4.868e+00
-4.868e+00
-4.868e+00
-4.867e+00
-4.368e+00
-5.626e+00
-4.861e+00
-4.867e+00
-4.867e+00
-4.867e+00
-4.867e+00
-4.867e+00
-4.867e+00
-4.867e+00
-4.867e+00
-4.867e+00
-4.867e+00
-4.867e+00
-4.867e+00
-4.867e+00
-4.867e+00
-4.867e+00
-4.867e+00
-4.867e+00
-4.864e+00
-4.368e+00
-4.851e+00
-4.359e+00
-4.368e+00
-4.368e+00
-4.368e+00
-4.368e+00
-4.368e+00
-4.368e+00
-4.368e+00
-4.368e+00
-4.368e+00
-4.368e+00
-4.368e+00
-4.368e+00
-4.368e+00
-4.368e+00
-4.368e+00
-4.368e+00
-4.368e+00
-4.368e+00
-4.183e+00
-3.102e+00
-3.096e+00
-3.096e+00
-3.096e+00
-3.096e+00
-3.096e+00
-3.096e+00
-3.096e+00
-3.096e+00
-3.096e+00
-3.096e+00
-3.096e+00
-3.096e+00
-3.096e+00
-3.096e+00
-3.096e+00
-3.096e+00
-3.096e+00
-3.096e+00
-3.096e+00
-3.085e+00
-3.096e+00
-3.085e+00
-3.085e+00
-3.085e+00
-3.085e+00
-3.085e+00
-3.085e+00
-3.085e+00
-3.085e+00
-3.085e+00
-3.085e+00
-3.085e+00
-3.085e+00
-3.085e+00
-3.085e+00
-3.085e+00
-3.085e+00
-3.085e+00
-3.085e+00
-3.085e+00
-3.078e+00
-3.096e+00
-3.085e+00
-3.085e+00
-3.085e+00
-3.085e+00
-3.085e+00
-3.085e+00
-3.085e+00
-3.085e+00
-3.085e+00
-3.085e+00
-3.085e+00
-3.085e+00
-3.085e+00
-3.085e+00
-3.085e+00
-3.085e+00
-3.085e+00
-3.085e+00
-3.085e+00
-3.077e+00
-3.096e+00
-3.085e+00
-3.085e+00
-3.085e+00
-3.085e+00
-3.085e+00
-3.085e+00
-3.085e+00
-3.085e+00
-3.085e+00
-3.085e+00
-3.085e+00
-3.085e+00
-3.085e+00
-3.085e+00
-3.085e+00
-3.085e+00
-3.085e+00
-3.085e+00
-3.085e+00
-3.077e+00
-3.096e+00
-3.085e+00
-3.085e+00
-3.085e+00
-3.085e+00
-3.085e+00
-3.085e+00
-3.085e+00
-3.085e+00
-3.085e+00
-3.085e+00
-3.085e+00
-3.085e+00
-3.085e+00
-3.085e+00
-3.085e+00
-3.085e+00
-3.085e+00
-3.085e+00
-3.085e+00
-3.077e+00
-3.096e+00
-3.085e+00
-3.085e+00
-3.085e+00
-3.085e+00
-3.085e+00
-3.085e+00
-3.085e+00
-3.085e+00
-3.085e+00
-3.085e+00
-3.085e+00
-3.085e+00
-3.085e+00
-3.085e+00
-3.085e+00
-3.085e+00
-3.085e+00
-3.085e+00
-3.085e+00
-3.077e+00
-3.096e+00
-3.085e+00
-3.085e+00
-3.085e+00
-3.085e+00
-3.085e+00
-3.085e+00
-3.085e+00
-3.085e+00
-3.085e+00
-3.085e+00
-3.085e+00
-3.085e+00
-3.085e+00
-3.085e+00
-3.085e+00
-3.085e+00
-3.085e+00
-3.085e+00
-3.085e+00
-3.077e+00
-3.096e+00
-3.085e+00
-3.085e+00
-3.085e+00
-3.085e+00
-3.085e+00
-3.085e+00
-3.085e+00
-3.085e+00
-3.085e+00
-3.085e+00
-3.085e+00
-3.085e+00
-3.085e+00
-3.085e+00
-3.085e+00
-3.085e+00
-3.085e+00
-3.085e+00
-3.085e+00
-3.077e+00
-3.096e+00
-3.085e+00
-3.085e+00
-3.085e+00
-3.085e+00
-3.085e+00
-3.085e+00
-3.085e+00
-3.085e+00
-3.085e+00
-3.085e+00
-3.085e+00
-3.085e+00
-3.085e+00
-3.085e+00
-3.085e+00
-3.085e+00
-3.085e+00
-3.085e+00
-3.085e+00
-3.077e+00
-3.095e+00
-3.083e+00
-3.083e+00
-3.083e+00
-3.083e+00
-3.083e+00
-3.083e+00
-3.083e+00
-3.083e+00
-3.083e+00
-3.083e+00
-3.083e+00
-3.083e+00
-3.083e+00
-3.083e+00
-3.083e+00
-3.083e+00
-3.083e+00
-3.083e+00
-3.083e+00
-3.075e+00
-2.128e+00
-2.129e+00
-2.129e+00
-2.129e+00
-2.129e+00
-2.129e+00
-2.129e+00
-2.129e+00
-2.129e+00
-2.129e+00
-2.129e+00
-2.129e+00
-2.129e+00
-2.129e+00
-2.129e+00
-2.129e+00
-2.129e+00
-2.129e+00
-2.129e+00
-2.131e+00
-2.131e+00
-2.132e+00
-2.134e+00
-2.134e+00
-2.134e+00
-2.134e+00
-2.134e+00
-2.134e+00
-2.134e+00
-2.134e+00
-2.134e+00
-2.134e+00
-2.134e+00
-2.134e+00
-2.134e+00
-2.134e+00
-2.134e+00
-2.134e+00
-2.134e+00
-2.134e+00
-2.134e+00
-2.133e+00
-2.132e+00
-2.134e+00
-2.134e+00
-2.134e+00
-2.134e+00
-2.134e+00
-2.134e+00
-2.134e+00
-2.134e+00
-2.134e+00
-2.134e+00
-2.134e+00
-2.134e+00
-2.134e+00
-2.134e+00
-2.134e+00
-2.134e+00
-2.134e+00
-2.134e+00
-2.134e+00
-2.133e+00
-2.132e+00
-2.134e+00
-2.134e+00
-2.134e+00
-2.134e+00
-2.134e+00
-2.134e+00
-2.134e+00
-2.134e+00
-2.134e+00
-2.134e+00
-2.134e+00
-2.134e+00
-2.134e+00
-2.134e+00
-2.134e+00
-2.134e+00
-2.134e+00
-2.134e+00
-2.134e+00
-2.133e+00
-2.132e+00
-2.134e+00
-2.134e+00
-2.134e+00
-2.134e+00
-2.134e+00
-2.134e+00
-2.134e+00
-2.134e+00
-2.134e+00
-2.134e+00
-2.134e+00
-2.134e+00
-2.134e+00
-2.134e+00
-2.134e+00
-2.134e+00
-2.134e+00
-2.134e+00
-2.134e+00
-2.133e+00
-2.132e+00
-2.134e+00
-2.134e+00
-2.134e+00
-2.134e+00
-2.134e+00
-2.134e+00
-2.134e+00
-2.134e+00
-2.134e+00
-2.134e+00
-2.134e+00
-2.134e+00
-2.134e+00
-2.134e+00
-2.134e+00
-2.134e+00
-2.134e+00
-2.134e+00
-2.134e+00
-2.133e+00
-2.132e+00
-2.134e+00
-2.134e+00
-2.134e+00
-2.134e+00
-2.134e+00
-2.134e+00
-2.134e+00
-2.134e+00
-2.134e+00
-2.134e+00
-2.134e+00
-2.134e+00
-2.134e+00
-2.134e+00
-2.134e+00
-2.134e+00
-2.134e+00
-2.134e+00
-2.134e+00
-2.133e+00
-2.132e+00
-2.134e+00
-2.134e+00
-2.134e+00
-2.134e+00
-2.134e+00
-2.134e+00
-2.134e+00
-2.134e+00
-2.134e+00
-2.134e+00
-2.134e+00
-2.134e+00
-2.134e+00
-2.134e+00
-2.134e+00
-2.134e+00
-2.134e+00
-2.134e+00
-2.134e+00
-2.133e+00
-2.132e+00
-2.134e+00
-2.134e+00
-2.134e+00
-2.134e+00
-2.134e+00
-2.134e+00
-2.134e+00
-2.134e+00
-2.134e+00
-2.134e+00
-2.134e+00
-2.134e+00
-2.134e+00
-2.134e+00
-2.134e+00
-2.134e+00
-2.134e+00
-2.134e+00
-2.134e+00
-2.133e+00
-2.132e+00
-2.134e+00
-2.134e+00
-2.134e+00
-2.134e+00
-2.134e+00
-2.134e+00
-2.134e+00
-2.134e+00
-2.134e+00
-2.134e+00
-2.134e+00
-2.134e+00
-2.134e+00
-2.134e+00
-2.134e+00
-2.134e+00
-2.134e+00
-2.134e+00
-2.134e+00
-2.133e+00
-2.134e+00
-2.133e+00
-2.133e+00
-2.133e+00
-2.133e+00
-2.133e+00
-2.133e+00
-2.133e+00
-2.133e+00
-2.133e+00
-2.133e+00
-2.133e+00
-2.133e+00
-2.133e+00
-2.133e+00
-2.133e+00
-2.133e+00
-2.133e+00
-2.133e+00
-2.133e+00
-2.134e+00
-3.161e+00
-2.993e+00
-2.993e+00
-2.993e+00
-2.993e+00
-2.993e+00
-2.993e+00
-2.993e+00
-2.993e+00
-2.993e+00
-2.993e+00
-2.993e+00
-2.993e+00
-2.993e+00
-2.993e+00
-2.993e+00
-2.993e+00
-2.993e+00
-2.993e+00
-2.993e+00
-2.756e+00
-2.993e+00
-2.756e+00
-2.756e+00
-2.756e+00
-2.756e+00
-2.756e+00
-2.756e+00
-2.756e+00
-2.756e+00
-2.756e+00
-2.756e+00
-2.756e+00
-2.756e+00
-2.756e+00
-2.756e+00
-2.756e+00
-2.756e+00
-2.756e+00
-2.756e+00
-2.756e+00
-2.594e+00
-2.993e+00
-2.756e+00
-2.756e+00
-2.756e+00
-2.756e+00
-2.756e+00
-2.756e+00
-2.756e+00
-2.756e+00
-2.756e+00
-2.756e+00
-2.756e+00
-2.756e+00
-2.756e+00
-2.756e+00
-2.756e+00
-2.756e+00
-2.756e+00
-2.756e+00
-2.756e+00
-2.594e+00
-2.993e+00
-2.756e+00
-2.756e+00
-2.756e+00
-2.756e+00
-2.756e+00
-2.756e+00
-2.756e+00
-2.756e+00
-2.756e+00
-2.756e+00
-2.756e+00
-2.756e+00
-2.756e+00
-2.756e+00
-2.756e+00
-2.756e+00
-2.756e+00
-2.756e+00
-2.756e+00
-2.594e+00
-2.993e+00
-2.756e+00
-2.756e+00
-2.756e+00
-2.756e+00
-2.756e+00
-2.756e+00
-2.756e+00
-2.756e+00
-2.756e+00
-2.756e+00
-2.756e+00
-2.756e+00
-2.756e+00
-2.756e+00
-2.756e+00
-2.756e+00
-2.756e+00
-2.756e+00
-2.756e+00
-2.594e+00
-2.993e+00
-2.756e+00
-2.756e+00
-2.756e+00
-2.756e+00
-2.756e+00
-2.756e+00
-2.756e+00
-2.756e+00
-2.756e+00
-2.756e+00
-2.756e+00
-2.756e+00
-2.756e+00
-2.756e+00
-2.756e+00
-2.756e+00
-2.756e+00
-2.756e+00
-2.756e+00
-2.594e+00
-2.993e+00
-2.756e+00
-2.756e+00
-2.756e+00
-2.756e+00
-2.756e+00
-2.756e+00
-2.756e+00
-2.756e+00
-2.756e+00
-2.756e+00
-2.756e+00
-2.756e+00
-2.756e+00
-2.756e+00
-2.756e+00
-2.756e+00
-2.756e+00
-2.756e+00
-2.756e+00
-2.594e+00
-2.993e+00
-2.756e+00
-2.756e+00
-2.756e+00
-2.756e+00
-2.756e+00
-2.756e+00
-2.756e+00
-2.756e+00
-2.756e+00
-2.756e+00
-2.756e+00
-2.756e+00
-2.756e+00
-2.756e+00
-2.756e+00
-2.756e+00
-2.756e+00
-2.756e+00
-2.756e+00
-2.594e+00
-2.993e+00
-2.756e+00
-2.756e+00
-2.756e+00
-2.756e+00
-2.756e+00
-2.756e+00
-2.756e+00
-2.756e+00
-2.756e+00
-2.756e+00
-2.756e+00
-2.756e+00
-2.756e+00
-2.756e+00
-2.756e+00
-2.756e+00
-2.756e+00
-2.756e+00
-2.756e+00
-2.594e+00
-2.990e+00
-2.756e+00
-2.756e+00
-2.756e+00
-2.756e+00
-2.756e+00
-2.756e+00
-2.756e+00
-2.756e+00
-2.756e+00
-2.756e+00
-2.756e+00
-2.756e+00
-2.756e+00
-2.756e+00
-2.756e+00
-2.756e+00
-2.756e+00
-2.756e+00
-2.756e+00
-2.594e+00
-1.742e+00
-1.748e+00
-1.748e+00
-1.748e+00
-1.748e+00
-1.748e+00
-1.748e+00
-1.748e+00
-1.748e+00
-1.748e+00
-1.748e+00
-1.748e+00
-1.748e+00
-1.748e+00
-1.748e+00
-1.748e+00
-1.748e+00
-1.748e+00
-1.748e+00
-1.748e+00
-1.751e+00
-1.742e+00
-1.748e+00
-1.748e+00
-1.748e+00
-1.748e+00
-1.748e+00
-1.748e+00
-1.748e+00
-1.748e+00
-1.748e+00
-1.748e+00
-1.748e+00
-1.748e+00
-1.748e+00
-1.748e+00
-1.748e+00
-1.748e+00
-1.748e+00
-1.748e+00
-1.748e+00
-1.751e+00
-1.742e+00
-1.748e+00
-1.748e+00
-1.748e+00
-1.748e+00
-1.748e+00
-1.748e+00
-1.748e+00
-1.748e+00
-1.748e+00
-1.748e+00
-1.748e+00
-1.748e+00
-1.748e+00
-1.748e+00
-1.748e+00
-1.748e+00
-1.748e+00
-1.748e+00
-1.748e+00
-1.751e+00
-1.742e+00
-1.748e+00
-1.748e+00
-1.748e+00
-1.748e+00
-1.748e+00
-1.748e+00
-1.748e+00
-1.748e+00
-1.748e+00
-1.748e+00
-1.748e+00
-1.748e+00
-1.748e+00
-1.748e+00
-1.748e+00
-1.748e+00
-1.748e+00
-1.748e+00
-1.748e+00
-1.751e+00
-1.742e+00
-1.748e+00
-1.748e+00
-1.748e+00
-1.748e+00
-1.748e+00
-1.748e+00
-1.748e+00
-1.748e+00
-1.748e+00
-1.748e+00
-1.748e+00
-1.748e+00
-1.748e+00
-1.748e+00
-1.748e+00
-1.748e+00
-1.748e+00
-1.748e+00
-1.748e+00
-1.751e+00
-1.742e+00
-1.748e+00
-1.748e+00
-1.748e+00
-1.748e+00
-1.748e+00
-1.748e+00
-1.748e+00
-1.748e+00
-1.748e+00
-1.748e+00
-1.748e+00
-1.748e+00
-1.748e+00
-1.748e+00
-1.748e+00
-1.748e+00
-1.748e+00
-1.748e+00
-1.748e+00
-1.751e+00
-1.742e+00
-1.748e+00
-1.748e+00
-1.748e+00
-1.748e+00
-1.748e+00
-1.748e+00
-1.748e+00
-1.748e+00
-1.748e+00
-1.748e+00
-1.748e+00
-1.748e+00
-1.748e+00
-1.748e+00
-1.748e+00
-1.748e+00
-1.748e+00
-1.748e+00
-1.748e+00
-1.751e+00
-1.742e+00
-1.748e+00
-1.748e+00
-1.748e+00
-1.748e+00
-1.748e+00
-1.748e+00
-1.748e+00
-1.748e+00
-1.748e+00
-1.748e+00
-1.748e+00
-1.748e+00
-1.748e+00
-1.748e+00
-1.748e+00
-1.748e+00
-1.748e+00
-1.748e+00
-1.748e+00
-1.751e+00
-1.742e+00
-1.748e+00
-1.748e+00
-1.748e+00
-1.748e+00
-1.748e+00
-1.748e+00
-1.748e+00
-1.748e+00
-1.748e+00
-1.748e+00
-1.748e+00
-1.748e+00
-1.748e+00
-1.748e+00
-1.748e+00
-1.748e+00
-1.748e+00
-1.748e+00
-1.748e+00
-1.751e+00
-1.742e+00
-1.748e+00
-1.748e+00
-1.748e+00
-1.748e+00
-1.748e+00
-1.748e+00
-1.748e+00
-1.748e+00
-1.748e+00
-1.748e+00
-1.748e+00
-1.748e+00
-1.748e+00
-1.748e+00
-1.748e+00
-1.748e+00
-1.748e+00
-1.748e+00
-1.748e+00
-1.751e+00
-1.748e+00
-1.751e+00
-1.751e+00
-1.751e+00
-1.751e+00
-1.751e+00
-1.751e+00
-1.751e+00
-1.751e+00
-1.751e+00
-1.751e+00
-1.751e+00
-1.751e+00
-1.751e+00
-1.751e+00
-1.751e+00
-1.751e+00
-1.751e+00
-1.751e+00
-1.751e+00
-1.752e+00
-2.155e+00
-2.155e+00
-2.155e+00
-2.155e+00
-2.155e+00
-2.155e+00
-2.155e+00
-2.155e+00
-2.155e+00
-2.155e+00
-2.155e+00
-2.155e+00
-2.155e+00
-2.155e+00
-2.155e+00
-2.155e+00
-2.155e+00
-2.155e+00
-2.155e+00
-2.155e+00
-2.155e+00
-2.155e+00
-2.155e+00
-2.155e+00
-2.155e+00
-2.155e+00
-2.155e+00
-2.155e+00
-2.155e+00
-2.155e+00
-2.155e+00
-2.155e+00
-2.155e+00
-2.155e+00
-2.155e+00
-2.155e+00
-2.155e+00
-2.155e+00
-2.155e+00
-2.155e+00
-2.155e+00
-2.155e+00
-2.155e+00
-2.155e+00
-2.155e+00
-2.155e+00
-2.155e+00
-2.155e+00
-2.155e+00
-2.155e+00
-2.155e+00
-2.155e+00
-2.155e+00
-2.155e+00
-2.155e+00
-2.155e+00
-2.155e+00
-2.155e+00
-2.155e+00
-2.155e+00
-2.155e+00
-2.155e+00
-2.155e+00
-2.155e+00
-2.155e+00
-2.155e+00
-2.155e+00
-2.155e+00
-2.155e+00
-2.155e+00
-2.155e+00
-2.155e+00
-2.155e+00
-2.155e+00
-2.155e+00
-2.155e+00
-2.155e+00
-2.155e+00
-2.155e+00
-2.155e+00
-2.155e+00
-2.155e+00
-2.155e+00
-2.155e+00
-2.155e+00
-2.155e+00
-2.155e+00
-2.155e+00
-2.155e+00
-2.155e+00
-2.155e+00
-2.155e+00
-2.155e+00
-2.155e+00
-2.155e+00
-2.155e+00
-2.155e+00
-2.155e+00
-2.155e+00
-2.155e+00
-2.155e+00
-2.155e+00
-2.155e+00
-2.155e+00
-2.155e+00
-2.155e+00
-2.155e+00
-2.155e+00
-2.155e+00
-2.155e+00
-2.155e+00
-2.155e+00
-2.155e+00
-2.155e+00
-2.155e+00
-2.155e+00
-2.155e+00
-2.155e+00
-2.155e+00
-2.155e+00
-2.155e+00
-2.155e+00
-2.155e+00
-2.155e+00
-2.155e+00
-2.155e+00
-2.155e+00
-2.155e+00
-2.155e+00
-2.155e+00
-2.155e+00
-2.155e+00
-2.155e+00
-2.155e+00
-2.155e+00
-2.155e+00
-2.155e+00
-2.155e+00
-2.155e+00
-2.155e+00
-2.155e+00
-2.155e+00
-2.155e+00
-2.155e+00
-2.155e+00
-2.155e+00
-2.155e+00
-2.155e+00
-2.155e+00
-2.155e+00
-2.155e+00
-2.155e+00
-2.155e+00
-2.155e+00
-2.155e+00
-2.155e+00
-2.155e+00
-2.155e+00
-2.155e+00
-2.155e+00
-2.155e+00
-2.155e+00
-2.155e+00
-2.155e+00
-2.155e+00
-2.155e+00
-2.155e+00
-2.155e+00
-2.155e+00
-2.155e+00
-2.155e+00
-2.155e+00
-2.155e+00
-2.155e+00
-2.155e+00
-2.155e+00
-2.155e+00
-2.155e+00
-2.155e+00
-2.155e+00
-2.155e+00
-2.155e+00
-2.155e+00
-2.155e+00
-2.155e+00
-2.155e+00
-2.155e+00
-2.155e+00
-2.155e+00
-2.155e+00
-2.155e+00
-2.155e+00
-2.155e+00
-2.155e+00
-2.155e+00
-2.155e+00
-2.155e+00
-2.155e+00
-2.155e+00
-2.155e+00
-2.155e+00
-2.155e+00
-2.155e+00
-2.155e+00
-2.155e+00
-2.155e+00
-2.155e+00
-2.155e+00
-2.155e+00
-2.155e+00
-1.604e+00
-1.604e+00
-1.604e+00
-1.604e+00
-1.604e+00
-1.604e+00
-1.604e+00
-1.604e+00
-1.604e+00
-1.604e+00
-1.604e+00
-1.604e+00
-1.604e+00
-1.604e+00
-1.604e+00
-1.604e+00
-1.604e+00
-1.604e+00
-1.604e+00
-1.604e+00
-1.604e+00
-1.604e+00
-1.604e+00
-1.604e+00
-1.604e+00
-1.604e+00
-1.604e+00
-1.604e+00
-1.604e+00
-1.604e+00
-1.604e+00
-1.604e+00
-1.604e+00
-1.604e+00
-1.604e+00
-1.604e+00
-1.604e+00
-1.604e+00
-1.604e+00
-1.604e+00
-1.604e+00
-1.604e+00
-1.604e+00
-1.604e+00
-1.604e+00
-1.604e+00
-1.604e+00
-1.604e+00
-1.604e+00
-1.604e+00
-1.604e+00
-1.604e+00
-1.604e+00
-1.604e+00
-1.604e+00
-1.604e+00
-1.604e+00
-1.604e+00
-1.604e+00
-1.604e+00
-1.604e+00
-1.604e+00
-1.604e+00
-1.604e+00
-1.604e+00
-1.604e+00
-1.604e+00
-1.604e+00
-1.604e+00
-1.604e+00
-1.604e+00
-1.604e+00
-1.604e+00
-1.604e+00
-1.604e+00
-1.604e+00
-1.604e+00
-1.604e+00
-1.604e+00
-1.604e+00
-1.604e+00
-1.604e+00
-1.604e+00
-1.604e+00
-1.604e+00
-1.604e+00
-1.604e+00
-1.604e+00
-1.604e+00
-1.604e+00
-1.604e+00
-1.604e+00
-1.604e+00
-1.604e+00
-1.604e+00
-1.604e+00
-1.604e+00
-1.604e+00
-1.604e+00
-1.604e+00
-1.604e+00
-1.604e+00
-1.604e+00
-1.604e+00
-1.604e+00
-1.604e+00
-1.604e+00
-1.604e+00
-1.604e+00
-1.604e+00
-1.604e+00
-1.604e+00
-1.604e+00
-1.604e+00
-1.604e+00
-1.604e+00
-1.604e+00
-1.604e+00
-1.604e+00
-1.604e+00
-1.604e+00
-1.604e+00
-1.604e+00
-1.604e+00
-1.604e+00
-1.604e+00
-1.604e+00
-1.604e+00
-1.604e+00
-1.604e+00
-1.604e+00
-1.604e+00
-1.604e+00
-1.604e+00
-1.604e+00
-1.604e+00
-1.604e+00
-1.604e+00
-1.604e+00
-1.604e+00
-1.604e+00
-1.604e+00
-1.604e+00
-1.604e+00
-1.604e+00
-1.604e+00
-1.604e+00
-1.604e+00
-1.604e+00
-1.604e+00
-1.604e+00
-1.604e+00
-1.604e+00
-1.604e+00
-1.604e+00
-1.604e+00
-1.604e+00
-1.604e+00
-1.604e+00
-1.604e+00
-1.604e+00
-1.604e+00
-1.604e+00
-1.604e+00
-1.604e+00
-1.604e+00
-1.604e+00
-1.604e+00
-1.604e+00
-1.604e+00
-1.604e+00
-1.604e+00
-1.604e+00
-1.604e+00
-1.604e+00
-1.604e+00
-1.604e+00
-1.604e+00
-1.604e+00
-1.604e+00
-1.604e+00
-1.604e+00
-1.604e+00
-1.604e+00
-1.604e+00
-1.604e+00
-1.604e+00
-1.604e+00
-1.604e+00
-1.604e+00
-1.604e+00
-1.604e+00
-1.604e+00
-1.604e+00
-1.604e+00
-1.604e+00
-1.604e+00
-1.604e+00
-1.604e+00
-1.604e+00
-1.604e+00
-1.604e+00
-1.604e+00
-1.604e+00
-1.604e+00
-1.604e+00
-1.604e+00
-1.604e+00
-1.604e+00
-1.604e+00
-1.604e+00
-1.604e+00
-1.604e+00
-1.604e+00
-1.604e+00
-1.604e+00
-1.604e+00
-1.604e+00
-1.604e+00
-1.604e+00
-1.604e+00
-1.604e+00
-1.604e+00
-1.604e+00
-1.604e+00
-1.604e+00
-1.604e+00
-1.604e+00
-1.604e+00
-1.604e+00
-1.604e+00
-1.814e+00
-1.790e+00
-1.790e+00
-1.790e+00
-1.790e+00
-1.790e+00
-1.790e+00
-1.790e+00
-1.790e+00
-1.790e+00
-1.790e+00
-1.790e+00
-1.790e+00
-1.790e+00
-1.790e+00
-1.790e+00
-1.790e+00
-1.790e+00
-1.790e+00
-1.790e+00
-1.747e+00
-1.790e+00
-1.747e+00
-1.747e+00
-1.747e+00
-1.747e+00
-1.747e+00
-1.747e+00
-1.747e+00
-1.747e+00
-1.747e+00
-1.747e+00
-1.747e+00
-1.747e+00
-1.747e+00
-1.747e+00
-1.747e+00
-1.747e+00
-1.747e+00
-1.747e+00
-1.747e+00
-1.715e+00
-1.790e+00
-1.747e+00
-1.747e+00
-1.747e+00
-1.747e+00
-1.747e+00
-1.747e+00
-1.747e+00
-1.747e+00
-1.747e+00
-1.747e+00
-1.747e+00
-1.747e+00
-1.747e+00
-1.747e+00
-1.747e+00
-1.747e+00
-1.747e+00
-1.747e+00
-1.747e+00
-1.715e+00
-1.790e+00
-1.747e+00
-1.747e+00
-1.747e+00
-1.747e+00
-1.747e+00
-1.747e+00
-1.747e+00
-1.747e+00
-1.747e+00
-1.747e+00
-1.747e+00
-1.747e+00
-1.747e+00
-1.747e+00
-1.747e+00
-1.747e+00
-1.747e+00
-1.747e+00
-1.747e+00
-1.715e+00
-1.790e+00
-1.747e+00
-1.747e+00
-1.747e+00
-1.747e+00
-1.747e+00
-1.747e+00
-1.747e+00
-1.747e+00
-1.747e+00
-1.747e+00
-1.747e+00
-1.747e+00
-1.747e+00
-1.747e+00
-1.747e+00
-1.747e+00
-1.747e+00
-1.747e+00
-1.747e+00
-1.715e+00
-1.790e+00
-1.747e+00
-1.747e+00
-1.747e+00
-1.747e+00
-1.747e+00
-1.747e+00
-1.747e+00
-1.747e+00
-1.747e+00
-1.747e+00
-1.747e+00
-1.747e+00
-1.747e+00
-1.747e+00
-1.747e+00
-1.747e+00
-1.747e+00
-1.747e+00
-1.747e+00
-1.715e+00
-1.790e+00
-1.747e+00
-1.747e+00
-1.747e+00
-1.747e+00
-1.747e+00
-1.747e+00
-1.747e+00
-1.747e+00
-1.747e+00
-1.747e+00
-1.747e+00
-1.747e+00
-1.747e+00
-1.747e+00
-1.747e+00
-1.747e+00
-1.747e+00
-1.747e+00
-1.747e+00
-1.715e+00
-1.790e+00
-1.747e+00
-1.747e+00
-1.747e+00
-1.747e+00
-1.747e+00
-1.747e+00
-1.747e+00
-1.747e+00
-1.747e+00
-1.747e+00
-1.747e+00
-1.747e+00
-1.747e+00
-1.747e+00
-1.747e+00
-1.747e+00
-1.747e+00
-1.747e+00
-1.747e+00
-1.715e+00
-1.790e+00
-1.747e+00
-1.747e+00
-1.747e+00
-1.747e+00
-1.747e+00
-1.747e+00
-1.747e+00
-1.747e+00
-1.747e+00
-1.747e+00
-1.747e+00
-1.747e+00
-1.747e+00
-1.747e+00
-1.747e+00
-1.747e+00
-1.747e+00
-1.747e+00
-1.747e+00
-1.715e+00
-1.789e+00
-1.747e+00
-1.747e+00
-1.747e+00
-1.747e+00
-1.747e+00
-1.747e+00
-1.747e+00
-1.747e+00
-1.747e+00
-1.747e+00
-1.747e+00
-1.747e+00
-1.747e+00
-1.747e+00
-1.747e+00
-1.747e+00
-1.747e+00
-1.747e+00
-1.747e+00
-1.715e+00
-1.458e+00
-1.458e+00
-1.458e+00
-1.458e+00
-1.458e+00
-1.458e+00
-1.458e+00
-1.458e+00
-1.458e+00
-1.458e+00
-1.458e+00
-1.458e+00
-1.458e+00
-1.458e+00
-1.458e+00
-1.458e+00
-1.458e+00
-1.458e+00
-1.458e+00
-1.458e+00
-1.459e+00
-1.458e+00
-1.458e+00
-1.458e+00
-1.458e+00
-1.458e+00
-1.458e+00
-1.458e+00
-1.458e+00
-1.458e+00
-1.458e+00
-1.458e+00
-1.458e+00
-1.458e+00
-1.458e+00
-1.458e+00
-1.458e+00
-1.458e+00
-1.458e+00
-1.458e+00
-1.458e+00
-1.458e+00
-1.458e+00
-1.458e+00
-1.458e+00
-1.458e+00
-1.458e+00
-1.458e+00
-1.458e+00
-1.458e+00
-1.458e+00
-1.458e+00
-1.458e+00
-1.458e+00
-1.458e+00
-1.458e+00
-1.458e+00
-1.458e+00
-1.458e+00
-1.458e+00
-1.458e+00
-1.458e+00
-1.458e+00
-1.458e+00
-1.458e+00
-1.458e+00
-1.458e+00
-1.458e+00
-1.458e+00
-1.458e+00
-1.458e+00
-1.458e+00
-1.458e+00
-1.458e+00
-1.458e+00
-1.458e+00
-1.458e+00
-1.458e+00
-1.458e+00
-1.458e+00
-1.458e+00
-1.458e+00
-1.458e+00
-1.458e+00
-1.458e+00
-1.458e+00
-1.458e+00
-1.458e+00
-1.458e+00
-1.458e+00
-1.458e+00
-1.458e+00
-1.458e+00
-1.458e+00
-1.458e+00
-1.458e+00
-1.458e+00
-1.458e+00
-1.458e+00
-1.458e+00
-1.458e+00
-1.458e+00
-1.458e+00
-1.458e+00
-1.458e+00
-1.458e+00
-1.458e+00
-1.458e+00
-1.458e+00
-1.458e+00
-1.458e+00
-1.458e+00
-1.458e+00
-1.458e+00
-1.458e+00
-1.458e+00
-1.458e+00
-1.458e+00
-1.458e+00
-1.458e+00
-1.458e+00
-1.458e+00
-1.458e+00
-1.458e+00
-1.458e+00
-1.458e+00
-1.458e+00
-1.458e+00
-1.458e+00
-1.458e+00
-1.458e+00
-1.458e+00
-1.458e+00
-1.458e+00
-1.458e+00
-1.458e+00
-1.458e+00
-1.458e+00
-1.458e+00
-1.458e+00
-1.458e+00
-1.458e+00
-1.458e+00
-1.458e+00
-1.458e+00
-1.458e+00
-1.458e+00
-1.458e+00
-1.458e+00
-1.458e+00
-1.458e+00
-1.458e+00
-1.458e+00
-1.458e+00
-1.458e+00
-1.458e+00
-1.458e+00
-1.458e+00
-1.458e+00
-1.458e+00
-1.458e+00
-1.458e+00
-1.458e+00
-1.458e+00
-1.458e+00
-1.458e+00
-1.458e+00
-1.458e+00
-1.458e+00
-1.458e+00
-1.458e+00
-1.458e+00
-1.458e+00
-1.458e+00
-1.458e+00
-1.458e+00
-1.458e+00
-1.458e+00
-1.458e+00
-1.458e+00
-1.458e+00
-1.458e+00
-1.458e+00
-1.458e+00
-1.458e+00
-1.458e+00
-1.458e+00
-1.458e+00
-1.458e+00
-1.458e+00
-1.458e+00
-1.458e+00
-1.458e+00
-1.458e+00
-1.458e+00
-1.458e+00
-1.458e+00
-1.458e+00
-1.458e+00
-1.458e+00
-1.458e+00
-1.458e+00
-1.458e+00
-1.458e+00
-1.458e+00
-1.458e+00
-1.458e+00
-1.458e+00
-1.458e+00
-1.458e+00
-1.458e+00
-1.458e+00
-1.458e+00
-1.458e+00
-1.458e+00
-1.458e+00
-1.458e+00
-1.458e+00
-1.458e+00
-1.458e+00
-1.458e+00
-1.458e+00
-1.458e+00
-1.458e+00
-1.458e+00
-1.458e+00
-1.458e+00
-1.458e+00
-1.458e+00
-1.458e+00
-1.459e+00
-1.214e+00
-1.214e+00
-1.214e+00
-1.214e+00
-1.214e+00
-1.214e+00
-1.214e+00
-1.214e+00
-1.214e+00
-1.214e+00
-1.214e+00
-1.214e+00
-1.214e+00
-1.214e+00
-1.214e+00
-1.214e+00
-1.214e+00
-1.214e+00
-1.214e+00
-1.214e+00
-1.214e+00
-1.214e+00
-1.214e+00
-1.214e+00
-1.214e+00
-1.214e+00
-1.214e+00
-1.214e+00
-1.214e+00
-1.214e+00
-1.214e+00
-1.214e+00
-1.214e+00
-1.214e+00
-1.214e+00
-1.214e+00
-1.214e+00
-1.214e+00
-1.214e+00
-1.214e+00
-1.214e+00
-1.214e+00
-1.214e+00
-1.214e+00
-1.214e+00
-1.214e+00
-1.214e+00
-1.214e+00
-1.214e+00
-1.214e+00
-1.214e+00
-1.214e+00
-1.214e+00
-1.214e+00
-1.214e+00
-1.214e+00
-1.214e+00
-1.214e+00
-1.214e+00
-1.214e+00
-1.214e+00
-1.214e+00
-1.214e+00
-1.214e+00
-1.214e+00
-1.214e+00
-1.214e+00
-1.214e+00
-1.214e+00
-1.214e+00
-1.214e+00
-1.214e+00
-1.214e+00
-1.214e+00
-1.214e+00
-1.214e+00
-1.214e+00
-1.214e+00
-1.214e+00
-1.214e+00
-1.214e+00
-1.214e+00
-1.214e+00
-1.214e+00
-1.214e+00
-1.214e+00
-1.214e+00
-1.214e+00
-1.214e+00
-1.214e+00
-1.214e+00
-1.214e+00
-1.214e+00
-1.214e+00
-1.214e+00
-1.214e+00
-1.214e+00
-1.214e+00
-1.214e+00
-1.214e+00
-1.214e+00
-1.214e+00
-1.214e+00
-1.214e+00
-1.214e+00
-1.214e+00
-1.214e+00
-1.214e+00
-1.214e+00
-1.214e+00
-1.214e+00
-1.214e+00
-1.214e+00
-1.214e+00
-1.214e+00
-1.214e+00
-1.214e+00
-1.214e+00
-1.214e+00
-1.214e+00
-1.214e+00
-1.214e+00
-1.214e+00
-1.214e+00
-1.214e+00
-1.214e+00
-1.214e+00
-1.214e+00
-1.214e+00
-1.214e+00
-1.214e+00
-1.214e+00
-1.214e+00
-1.214e+00
-1.214e+00
-1.214e+00
-1.214e+00
-1.214e+00
-1.214e+00
-1.214e+00
-1.214e+00
-1.214e+00
-1.214e+00
-1.214e+00
-1.214e+00
-1.214e+00
-1.214e+00
-1.214e+00
-1.214e+00
-1.214e+00
-1.214e+00
-1.214e+00
-1.214e+00
-1.214e+00
-1.214e+00
-1.214e+00
-1.214e+00
-1.214e+00
-1.214e+00
-1.214e+00
-1.214e+00
-1.214e+00
-1.214e+00
-1.214e+00
-1.214e+00
-1.214e+00
-1.214e+00
-1.214e+00
-1.214e+00
-1.214e+00
-1.214e+00
-1.214e+00
-1.214e+00
-1.214e+00
-1.214e+00
-1.214e+00
-1.214e+00
-1.214e+00
-1.214e+00
-1.214e+00
-1.214e+00
-1.214e+00
-1.214e+00
-1.214e+00
-1.214e+00
-1.214e+00
-1.214e+00
-1.214e+00
-1.214e+00
-1.214e+00
-1.214e+00
-1.214e+00
-1.214e+00
-1.214e+00
-1.214e+00
-1.214e+00
-1.214e+00
-1.214e+00
-1.214e+00
-1.214e+00
-1.214e+00
-1.214e+00
-1.214e+00
-1.214e+00
-1.214e+00
-1.214e+00
-1.214e+00
-1.214e+00
-1.214e+00
-1.214e+00
-1.160e+00
-1.160e+00
-1.160e+00
-1.160e+00
-1.160e+00
-1.160e+00
-1.160e+00
-1.160e+00
-1.160e+00
-1.160e+00
-1.160e+00
-1.160e+00
-1.160e+00
-1.160e+00
-1.160e+00
-1.160e+00
-1.160e+00
-1.160e+00
-1.160e+00
-1.160e+00
-1.160e+00
-1.160e+00
-1.160e+00
-1.160e+00
-1.160e+00
-1.160e+00
-1.160e+00
-1.160e+00
-1.160e+00
-1.160e+00
-1.160e+00
-1.160e+00
-1.160e+00
-1.160e+00
-1.160e+00
-1.160e+00
-1.160e+00
-1.160e+00
-1.160e+00
-1.160e+00
-1.160e+00
-1.160e+00
-1.160e+00
-1.160e+00
-1.160e+00
-1.160e+00
-1.160e+00
-1.160e+00
-1.160e+00
-1.160e+00
-1.160e+00
-1.160e+00
-1.160e+00
-1.160e+00
-1.160e+00
-1.160e+00
-1.160e+00
-1.160e+00
-1.160e+00
-1.160e+00
-1.160e+00
-1.160e+00
-1.160e+00
-1.160e+00
-1.160e+00
-1.160e+00
-1.160e+00
-1.160e+00
-1.160e+00
-1.160e+00
-1.160e+00
-1.160e+00
-1.160e+00
-1.160e+00
-1.160e+00
-1.160e+00
-1.160e+00
-1.160e+00
-1.160e+00
-1.160e+00
-1.160e+00
-1.160e+00
-1.160e+00
-1.160e+00
-1.160e+00
-1.160e+00
-1.160e+00
-1.160e+00
-1.160e+00
-1.160e+00
-1.160e+00
-1.160e+00
-1.160e+00
-1.160e+00
-1.160e+00
-1.160e+00
-1.160e+00
-1.160e+00
-1.160e+00
-1.160e+00
-1.160e+00
-1.160e+00
-1.160e+00
-1.160e+00
-1.160e+00
-1.160e+00
-1.160e+00
-1.160e+00
-1.160e+00
-1.160e+00
-1.160e+00
-1.160e+00
-1.160e+00
-1.160e+00
-1.160e+00
-1.160e+00
-1.160e+00
-1.160e+00
-1.160e+00
-1.160e+00
-1.160e+00
-1.160e+00
-1.160e+00
-1.160e+00
-1.160e+00
-1.160e+00
-1.160e+00
-1.160e+00
-1.160e+00
-1.160e+00
-1.160e+00
-1.160e+00
-1.160e+00
-1.160e+00
-1.160e+00
-1.160e+00
-1.160e+00
-1.160e+00
-1.160e+00
-1.160e+00
-1.160e+00
-1.160e+00
-1.160e+00
-1.160e+00
-1.160e+00
-1.160e+00
-1.160e+00
-1.160e+00
-1.160e+00
-1.160e+00
-1.160e+00
-1.160e+00
-1.160e+00
-1.160e+00
-1.160e+00
-1.160e+00
-1.160e+00
-1.160e+00
-1.160e+00
-1.160e+00
-1.160e+00
-1.160e+00
-1.160e+00
-1.160e+00
-1.160e+00
-1.160e+00
-1.160e+00
-1.160e+00
-1.160e+00
-1.160e+00
-1.160e+00
-1.160e+00
-1.160e+00
-1.160e+00
-1.160e+00
-1.160e+00
-1.160e+00
-1.160e+00
-1.160e+00
-1.160e+00
-1.160e+00
-1.160e+00
-1.160e+00
-1.160e+00
-1.160e+00
-1.160e+00
-1.160e+00
-1.160e+00
-1.160e+00
-1.160e+00
-1.160e+00
-1.160e+00
-1.160e+00
-1.160e+00
-1.160e+00
-1.160e+00
-1.160e+00
-1.160e+00
-1.160e+00
-1.160e+00
-1.160e+00
-1.160e+00
-1.160e+00
-1.160e+00
-1.160e+00
-1.160e+00
-1.160e+00
-1.160e+00
-1.160e+00
-1.160e+00
-1.160e+00
-1.160e+00
-1.160e+00
-1.160e+00
-1.160e+00
-1.160e+00
-1.160e+00
-1.160e+00
-1.160e+00
-1.160e+00
-1.160e+00
-1.160e+00
-1.160e+00
-1.160e+00
-1.160e+00
-1.160e+00
-1.160e+00
-1.160e+00
-1.160e+00
-1.160e+00
-1.160e+00
-8.594e-01
-8.594e-01
-8.594e-01
-8.594e-01
-8.594e-01
-8.594e-01
-8.594e-01
-8.594e-01
-8.594e-01
-8.594e-01
-8.594e-01
-8.594e-01
-8.594e-01
-8.594e-01
-8.594e-01
-8.594e-01
-8.594e-01
-8.594e-01
-8.594e-01
-8.594e-01
-8.596e-01
-8.594e-01
-8.596e-01
-8.596e-01
-8.596e-01
-8.596e-01
-8.596e-01
-8.596e-01
-8.596e-01
-8.596e-01
-8.596e-01
-8.596e-01
-8.596e-01
-8.596e-01
-8.596e-01
-8.596e-01
-8.596e-01
-8.596e-01
-8.596e-01
-8.596e-01
-8.596e-01
-8.596e-01
-8.594e-01
-8.596e-01
-8.596e-01
-8.596e-01
-8.596e-01
-8.596e-01
-8.596e-01
-8.596e-01
-8.596e-01
-8.596e-01
-8.596e-01
-8.596e-01
-8.596e-01
-8.596e-01
-8.596e-01
-8.596e-01
-8.596e-01
-8.596e-01
-8.596e-01
-8.596e-01
-8.596e-01
-8.594e-01
-8.596e-01
-8.596e-01
-8.596e-01
-8.596e-01
-8.596e-01
-8.596e-01
-8.596e-01
-8.596e-01
-8.596e-01
-8.596e-01
-8.596e-01
-8.596e-01
-8.596e-01
-8.596e-01
-8.596e-01
-8.596e-01
-8.596e-01
-8.596e-01
-8.596e-01
-8.596e-01
-8.594e-01
-8.596e-01
-8.596e-01
-8.596e-01
-8.596e-01
-8.596e-01
-8.596e-01
-8.596e-01
-8.596e-01
-8.596e-01
-8.596e-01
-8.596e-01
-8.596e-01
-8.596e-01
-8.596e-01
-8.596e-01
-8.596e-01
-8.596e-01
-8.596e-01
-8.596e-01
-8.596e-01
-8.594e-01
-8.596e-01
-8.596e-01
-8.596e-01
-8.596e-01
-8.596e-01
-8.596e-01
-8.596e-01
-8.596e-01
-8.596e-01
-8.596e-01
-8.596e-01
-8.596e-01
-8.596e-01
-8.596e-01
-8.596e-01
-8.596e-01
-8.596e-01
-8.596e-01
-8.596e-01
-8.596e-01
-8.594e-01
-8.596e-01
-8.596e-01
-8.596e-01
-8.596e-01
-8.596e-01
-8.596e-01
-8.596e-01
-8.596e-01
-8.596e-01
-8.596e-01
-8.596e-01
-8.596e-01
-8.596e-01
-8.596e-01
-8.596e-01
-8.596e-01
-8.596e-01
-8.596e-01
-8.596e-01
-8.596e-01
-8.594e-01
-8.596e-01
-8.596e-01
-8.596e-01
-8.596e-01
-8.596e-01
-8.596e-01
-8.596e-01
-8.596e-01
-8.596e-01
-8.596e-01
-8.596e-01
-8.596e-01
-8.596e-01
-8.596e-01
-8.596e-01
-8.596e-01
-8.596e-01
-8.596e-01
-8.596e-01
-8.596e-01
-8.594e-01
-8.596e-01
-8.596e-01
-8.596e-01
-8.596e-01
-8.596e-01
-8.596e-01
-8.596e-01
-8.596e-01
-8.596e-01
-8.596e-01
-8.596e-01
-8.596e-01
-8.596e-01
-8.596e-01
-8.596e-01
-8.596e-01
-8.596e-01
-8.596e-01
-8.596e-01
-8.596e-01
-8.595e-01
-8.596e-01
-8.596e-01
-8.596e-01
-8.596e-01
-8.596e-01
-8.596e-01
-8.596e-01
-8.596e-01
-8.596e-01
-8.596e-01
-8.596e-01
-8.596e-01
-8.596e-01
-8.596e-01
-8.596e-01
-8.596e-01
-8.596e-01
-8.596e-01
-8.596e-01
-8.596e-01
-8.600e-01
-8.600e-01
-8.600e-01
-8.600e-01
-8.600e-01
-8.600e-01
-8.600e-01
-8.600e-01
-8.600e-01
-8.600e-01
-8.600e-01
-8.600e-01
-8.600e-01
-8.600e-01
-8.600e-01
-8.600e-01
-8.600e-01
-8.600e-01
-8.600e-01
-8.600e-01
-8.600e-01
-8.600e-01
-8.600e-01
-8.600e-01
-8.600e-01
-8.600e-01
-8.600e-01
-8.600e-01
-8.600e-01
-8.600e-01
-8.600e-01
-8.600e-01
-8.600e-01
-8.600e-01
-8.600e-01
-8.600e-01
-8.600e-01
-8.600e-01
-8.600e-01
-8.600e-01
-8.600e-01
-8.600e-01
-8.600e-01
-8.600e-01
-8.600e-01
-8.600e-01
-8.600e-01
-8.600e-01
-8.600e-01
-8.600e-01
-8.600e-01
-8.600e-01
-8.600e-01
-8.600e-01
-8.600e-01
-8.600e-01
-8.600e-01
-8.600e-01
-8.600e-01
-8.600e-01
-8.600e-01
-8.600e-01
-8.600e-01
-8.600e-01
-8.600e-01
-8.600e-01
-8.600e-01
-8.600e-01
-8.600e-01
-8.600e-01
-8.600e-01
-8.600e-01
-8.600e-01
-8.600e-01
-8.600e-01
-8.600e-01
-8.600e-01
-8.600e-01
-8.600e-01
-8.600e-01
-8.600e-01
-8.600e-01
-8.600e-01
-8.600e-01
-8.600e-01
-8.600e-01
-8.600e-01
-8.600e-01
-8.600e-01
-8.600e-01
-8.600e-01
-8.600e-01
-8.600e-01
-8.600e-01
-8.600e-01
-8.600e-01
-8.600e-01
-8.600e-01
-8.600e-01
-8.600e-01
-8.600e-01
-8.600e-01
-8.600e-01
-8.600e-01
-8.600e-01
-8.600e-01
-8.600e-01
-8.600e-01
-8.600e-01
-8.600e-01
-8.600e-01
-8.600e-01
-8.600e-01
-8.600e-01
-8.600e-01
-8.600e-01
-8.600e-01
-8.600e-01
-8.600e-01
-8.600e-01
-8.600e-01
-8.600e-01
-8.600e-01
-8.600e-01
-8.600e-01
-8.600e-01
-8.600e-01
-8.600e-01
-8.600e-01
-8.600e-01
-8.600e-01
-8.600e-01
-8.600e-01
-8.600e-01
-8.600e-01
-8.600e-01
-8.600e-01
-8.600e-01
-8.600e-01
-8.600e-01
-8.600e-01
-8.600e-01
-8.600e-01
-8.600e-01
-8.600e-01
-8.600e-01
-8.600e-01
-8.600e-01
-8.600e-01
-8.600e-01
-8.600e-01
-8.600e-01
-8.600e-01
-8.600e-01
-8.600e-01
-8.600e-01
-8.600e-01
-8.600e-01
-8.600e-01
-8.600e-01
-8.600e-01
-8.600e-01
-8.600e-01
-8.600e-01
-8.600e-01
-8.600e-01
-8.600e-01
-8.600e-01
-8.600e-01
-8.600e-01
-8.600e-01
-8.600e-01
-8.600e-01
-8.600e-01
-8.600e-01
-8.600e-01
-8.600e-01
-8.600e-01
-8.600e-01
-8.600e-01
-8.600e-01
-8.600e-01
-8.600e-01
-8.600e-01
-8.600e-01
-8.600e-01
-8.600e-01
-8.600e-01
-8.600e-01
-8.600e-01
-8.600e-01
-8.600e-01
-8.600e-01
-8.600e-01
-8.600e-01
-8.600e-01
-8.600e-01
-8.600e-01
-8.600e-01
-8.600e-01
-8.600e-01
-8.600e-01
-8.600e-01
-8.600e-01
-8.600e-01
-8.600e-01
-8.600e-01
-8.600e-01
-8.600e-01
-8.600e-01
-8.600e-01
-8.600e-01
-8.600e-01
-8.600e-01
-8.600e-01
-8.600e-01
-8.600e-01
-8.600e-01
-8.600e-01
-8.600e-01
-8.600e-01
-8.600e-01
-8.600e-01
-8.600e-01
-8.600e-01
-8.600e-01
-8.600e-01
-8.600e-01
-8.600e-01
-8.600e-01
-8.600e-01
-2.600e-01
-2.600e-01
-2.600e-01
-2.600e-01
-2.600e-01
-2.600e-01
-2.600e-01
-2.600e-01
-2.600e-01
-2.600e-01
-2.600e-01
-2.600e-01
-2.600e-01
-2.600e-01
-2.600e-01
-2.600e-01
-2.600e-01
-2.600e-01
-2.600e-01
-2.600e-01
-2.600e-01
-2.600e-01
-2.600e-01
-2.600e-01
-2.600e-01
-2.600e-01
-2.600e-01
-2.600e-01
-2.600e-01
-2.600e-01
-2.600e-01
-2.600e-01
-2.600e-01
-2.600e-01
-2.600e-01
-2.600e-01
-2.600e-01
-2.600e-01
-2.600e-01
-2.600e-01
-2.600e-01
-2.600e-01
-2.600e-01
-2.600e-01
-2.600e-01
-2.600e-01
-2.600e-01
-2.600e-01
-2.600e-01
-2.600e-01
-2.600e-01
-2.600e-01
-2.600e-01
-2.600e-01
-2.600e-01
-2.600e-01
-2.600e-01
-2.600e-01
-2.600e-01
-2.600e-01
-2.600e-01
-2.600e-01
-2.600e-01
-2.600e-01
-2.600e-01
-2.600e-01
-2.600e-01
-2.600e-01
-2.600e-01
-2.600e-01
-2.600e-01
-2.600e-01
-2.600e-01
-2.600e-01
-2.600e-01
-2.600e-01
-2.600e-01
-2.600e-01
-2.600e-01
-2.600e-01
-2.600e-01
-2.600e-01
-2.600e-01
-2.600e-01
-2.600e-01
-2.600e-01
-2.600e-01
-2.600e-01
-2.600e-01
-2.600e-01
-2.600e-01
-2.600e-01
-2.600e-01
-2.600e-01
-2.600e-01
-2.600e-01
-2.600e-01
-2.600e-01
-2.600e-01
-2.600e-01
-2.600e-01
-2.600e-01
-2.600e-01
-2.600e-01
-2.600e-01
-2.600e-01
-2.600e-01
-2.600e-01
-2.600e-01
-2.600e-01
-2.600e-01
-2.600e-01
-2.600e-01
-2.600e-01
-2.600e-01
-2.600e-01
-2.600e-01
-2.600e-01
-2.600e-01
-2.600e-01
-2.600e-01
-2.600e-01
-2.600e-01
-2.600e-01
-2.600e-01
-2.600e-01
-2.600e-01
-2.600e-01
-2.600e-01
-2.600e-01
-2.600e-01
-2.600e-01
-2.600e-01
-2.600e-01
-2.600e-01
-2.600e-01
-2.600e-01
-2.600e-01
-2.600e-01
-2.600e-01
-2.600e-01
-2.600e-01
-2.600e-01
-2.600e-01
-2.600e-01
-2.600e-01
-2.600e-01
-2.600e-01
-2.600e-01
-2.600e-01
-2.600e-01
-2.600e-01
-2.600e-01
-2.600e-01
-2.600e-01
-2.600e-01
-2.600e-01
-2.600e-01
-2.600e-01
-2.600e-01
-2.600e-01
-2.600e-01
-2.600e-01
-2.600e-01
-2.600e-01
-2.600e-01
-2.600e-01
-2.600e-01
-2.600e-01
-2.600e-01
-2.600e-01
-2.600e-01
-2.600e-01
-2.600e-01
-2.600e-01
-2.600e-01
-2.600e-01
-2.600e-01
-2.600e-01
-2.600e-01
-2.600e-01
-2.600e-01
-2.600e-01
-2.600e-01
-2.600e-01
-2.600e-01
-2.600e-01
-2.600e-01
-2.600e-01
-2.600e-01
-2.600e-01
-2.600e-01
-2.600e-01
-2.600e-01
-2.600e-01
-2.600e-01
-2.600e-01
-2.600e-01
-2.600e-01
-2.600e-01
-2.600e-01
-2.600e-01
-2.600e-01
-2.600e-01
-2.600e-01
-2.600e-01
-2.600e-01
-2.600e-01
-2.600e-01
-2.600e-01
-2.600e-01
-2.600e-01
-2.600e-01
-2.600e-01
-2.600e-01
-2.600e-01
-2.600e-01
-2.600e-01
-2.600e-01
-2.600e-01
-2.600e-01
-2.600e-01
-2.600e-01
-2.600e-01
-2.600e-01
-2.600e-01
-2.600e-01
-2.600e-01
-2.600e-01
-2.600e-01
-2.600e-01
-2.600e-01
-2.600e-01
-2.600e-01
-2.600e-01
-2.600e-01
-2.600e-01
-2.600e-01
-2.600e-01
-2.600e-01
-2.600e-01
-2.600e-01
-2.600e-01
-2.600e-01
-2.600e-01
-2.600e-01
-2.600e-01
-2.600e-01
-2.600e-01
-2.600e-01
-2.600e-01
-2.600e-01
-2.600e-01
-2.600e-01
-2.600e-01
-2.600e-01
-2.600e-01
-2.600e-01
-2.600e-01
-2.600e-01
-2.600e-01
-2.600e-01
-2.600e-01
-2.600e-01
-2.600e-01
-2.600e-01
-2.600e-01
-2.600e-01
-2.600e-01
-2.600e-01
-2.600e-01
-2.600e-01
-2.600e-01
-2.600e-01
-2.600e-01
-2.600e-01
-2.600e-01
-2.600e-01
-2.600e-01
-2.600e-01
-2.600e-01
-2.600e-01
-2.600e-01
-2.600e-01
-2.600e-01
-2.600e-01
-2.600e-01
-2.600e-01
-2.600e-01
-2.600e-01
-2.600e-01
-2.600e-01
-2.600e-01
-2.600e-01
-2.600e-01
-2.600e-01
-2.600e-01
-2.600e-01
-2.600e-01
-2.600e-01
-2.600e-01
-2.600e-01
-2.600e-01
-2.600e-01
-2.600e-01
-2.600e-01
-2.600e-01
-2.600e-01
-2.600e-01
-2.600e-01
-2.600e-01
-2.600e-01
-2.600e-01
-2.600e-01
-2.600e-01
-2.600e-01
-2.600e-01
-2.600e-01
-2.600e-01
-2.600e-01
-2.600e-01
-2.600e-01
-2.600e-01
-2.600e-01
-2.600e-01
-2.600e-01
-2.600e-01
-2.600e-01
-2.600e-01
-2.600e-01
-2.600e-01
-2.600e-01
-2.600e-01
-2.600e-01
-2.600e-01
-2.600e-01
-2.600e-01
-2.600e-01
-2.600e-01
-2.600e-01
-2.600e-01
-2.600e-01
-2.600e-01
-2.600e-01
-2.600e-01
-2.600e-01
-2.600e-01
-2.600e-01
-2.600e-01
-2.600e-01
-2.600e-01
-2.600e-01
-2.600e-01
-2.600e-01
-2.600e-01
-2.600e-01
-2.600e-01
-2.600e-01
-2.600e-01
-2.600e-01
-2.600e-01
-2.600e-01
-2.600e-01
-2.600e-01
-2.600e-01
-2.600e-01
-2.600e-01
-2.600e-01
-2.600e-01
-2.600e-01
-2.600e-01
-2.600e-01
-2.600e-01
-2.600e-01
-2.600e-01
-2.600e-01
-2.600e-01
-2.600e-01
-2.600e-01
-2.600e-01
-2.600e-01
-2.600e-01
-2.600e-01
-2.600e-01
-2.600e-01
-2.600e-01
-2.600e-01
-2.600e-01
-2.600e-01
-2.600e-01
-2.600e-01
-2.600e-01
-2.600e-01
-2.600e-01
-2.600e-01
-2.600e-01
-2.600e-01
-2.600e-01
-2.600e-01
-2.600e-01
-2.600e-01
-2.600e-01
-2.600e-01
-2.600e-01
-2.600e-01
-2.600e-01
-2.600e-01
-2.600e-01
-2.600e-01
-2.600e-01
-2.600e-01
-2.600e-01
-2.600e-01
-2.600e-01
-2.600e-01
-2.600e-01
-2.600e-01
-2.600e-01
-2.597e-01
-2.597e-01
-2.600e-01
-2.600e-01
-2.600e-01
-2.600e-01
-2.600e-01
-2.600e-01
-2.600e-01
-2.600e-01
-2.600e-01
-2.600e-01
-2.600e-01
-2.600e-01
-2.600e-01
-2.600e-01
-2.600e-01
-2.600e-01
-2.600e-01
-2.600e-01
-2.600e-01
-2.597e-01
-2.590e-01
3.400e-01
3.400e-01
3.400e-01
3.400e-01
3.400e-01
3.400e-01
3.400e-01
3.400e-01
3.400e-01
3.400e-01
3.400e-01
3.400e-01
3.400e-01
3.400e-01
3.400e-01
3.400e-01
3.400e-01
3.400e-01
3.400e-01
3.400e-01
3.400e-01
3.400e-01
3.400e-01
3.400e-01
3.400e-01
3.400e-01
3.400e-01
3.400e-01
3.400e-01
3.400e-01
3.400e-01
3.400e-01
3.400e-01
3.400e-01
3.400e-01
3.400e-01
3.400e-01
3.400e-01
3.400e-01
3.400e-01
3.400e-01
3.400e-01
3.400e-01
3.400e-01
3.400e-01
3.400e-01
3.400e-01
3.400e-01
3.400e-01
3.400e-01
3.400e-01
3.400e-01
3.400e-01
3.400e-01
3.400e-01
3.400e-01
3.400e-01
3.400e-01
3.400e-01
3.400e-01
3.400e-01
3.400e-01
3.400e-01
3.400e-01
3.400e-01
3.400e-01
3.400e-01
3.400e-01
3.400e-01
3.400e-01
3.400e-01
3.400e-01
3.400e-01
3.400e-01
3.400e-01
3.400e-01
3.400e-01
3.400e-01
3.400e-01
3.400e-01
3.400e-01
3.400e-01
3.400e-01
3.400e-01
3.400e-01
3.400e-01
3.400e-01
3.400e-01
3.400e-01
3.400e-01
3.400e-01
3.400e-01
3.400e-01
3.400e-01
3.400e-01
3.400e-01
3.400e-01
3.400e-01
3.400e-01
3.400e-01
3.400e-01
3.400e-01
3.400e-01
3.400e-01
3.400e-01
3.400e-01
3.400e-01
3.400e-01
3.400e-01
3.400e-01
3.400e-01
3.400e-01
3.400e-01
3.400e-01
3.400e-01
3.400e-01
3.400e-01
3.400e-01
3.400e-01
3.400e-01
3.400e-01
3.400e-01
3.400e-01
3.400e-01
3.400e-01
3.400e-01
3.400e-01
3.400e-01
3.400e-01
3.400e-01
3.400e-01
3.400e-01
3.400e-01
3.400e-01
3.400e-01
3.400e-01
3.400e-01
3.400e-01
3.400e-01
3.400e-01
3.400e-01
3.400e-01
3.400e-01
3.400e-01
3.400e-01
3.400e-01
3.400e-01
3.400e-01
3.400e-01
3.400e-01
3.400e-01
3.400e-01
3.400e-01
3.400e-01
3.400e-01
3.400e-01
3.400e-01
3.400e-01
3.400e-01
3.400e-01
3.400e-01
3.400e-01
3.400e-01
3.400e-01
3.400e-01
3.400e-01
3.400e-01
3.400e-01
3.400e-01
3.400e-01
3.400e-01
3.400e-01
3.400e-01
3.400e-01
3.400e-01
3.400e-01
3.400e-01
3.400e-01
3.400e-01
3.400e-01
3.400e-01
3.400e-01
3.400e-01
3.400e-01
3.400e-01
3.400e-01
3.400e-01
3.400e-01
3.400e-01
3.400e-01
3.400e-01
3.400e-01
3.400e-01
3.400e-01
3.400e-01
3.400e-01
3.400e-01
3.400e-01
3.400e-01
3.400e-01
3.400e-01
3.400e-01
3.400e-01
3.400e-01
3.400e-01
3.400e-01
3.400e-01
3.400e-01
3.400e-01
3.400e-01
3.400e-01
3.400e-01
3.400e-01
3.400e-01
3.400e-01
3.400e-01
3.400e-01
3.400e-01
3.400e-01
3.400e-01
3.400e-01
3.400e-01
3.400e-01
3.400e-01
3.400e-01
3.400e-01
3.400e-01
3.400e-01
3.400e-01
3.400e-01
3.400e-01
3.400e-01
3.400e-01
3.400e-01
3.400e-01
3.400e-01
3.400e-01
3.400e-01
3.400e-01
3.400e-01
3.400e-01
3.400e-01
3.400e-01
3.400e-01
3.400e-01
3.400e-01
3.400e-01
3.400e-01
3.400e-01
3.400e-01
3.400e-01
3.400e-01
3.400e-01
3.400e-01
3.400e-01
3.400e-01
3.400e-01
3.400e-01
3.400e-01
3.400e-01
3.400e-01
3.400e-01
3.400e-01
3.400e-01
3.400e-01
3.400e-01
3.400e-01
3.400e-01
3.400e-01
3.400e-01
3.400e-01
3.400e-01
3.400e-01
3.400e-01
3.400e-01
3.400e-01
3.400e-01
3.400e-01
3.400e-01
3.400e-01
3.400e-01
3.400e-01
3.400e-01
3.400e-01
3.400e-01
3.400e-01
3.400e-01
3.400e-01
3.400e-01
3.400e-01
3.400e-01
3.400e-01
3.400e-01
3.400e-01
3.400e-01
3.400e-01
3.400e-01
3.400e-01
3.400e-01
3.400e-01
3.400e-01
3.400e-01
3.400e-01
3.400e-01
3.400e-01
3.400e-01
3.400e-01
3.400e-01
3.400e-01
3.400e-01
3.400e-01
3.400e-01
3.400e-01
3.400e-01
3.400e-01
3.400e-01
3.400e-01
3.400e-01
3.400e-01
3.400e-01
3.400e-01
3.400e-01
3.400e-01
3.400e-01
3.400e-01
3.400e-01
3.400e-01
3.400e-01
3.400e-01
3.400e-01
3.400e-01
3.400e-01
3.400e-01
3.400e-01
3.400e-01
3.400e-01
3.400e-01
3.400e-01
3.400e-01
3.400e-01
3.400e-01
3.400e-01
3.400e-01
3.400e-01
3.400e-01
3.400e-01
3.400e-01
3.400e-01
3.400e-01
3.400e-01
3.400e-01
3.400e-01
3.400e-01
3.400e-01
3.400e-01
3.400e-01
3.400e-01
3.400e-01
3.400e-01
3.400e-01
3.400e-01
3.400e-01
3.400e-01
3.400e-01
3.400e-01
3.400e-01
3.400e-01
3.400e-01
3.400e-01
3.400e-01
3.400e-01
3.400e-01
3.400e-01
3.400e-01
3.400e-01
3.400e-01
3.400e-01
3.400e-01
3.400e-01
3.400e-01
3.400e-01
3.400e-01
3.400e-01
3.400e-01
3.400e-01
3.400e-01
3.400e-01
3.400e-01
3.400e-01
3.400e-01
3.400e-01
3.400e-01
3.400e-01
3.400e-01
3.400e-01
3.400e-01
3.400e-01
3.400e-01
3.400e-01
3.400e-01
3.400e-01
3.400e-01
3.400e-01
3.400e-01
3.400e-01
3.400e-01
3.400e-01
3.400e-01
3.400e-01
3.400e-01
3.400e-01
3.400e-01
3.400e-01
3.400e-01
3.400e-01
3.400e-01
3.400e-01
3.400e-01
3.403e-01
3.403e-01
3.400e-01
3.400e-01
3.400e-01
3.400e-01
3.400e-01
3.400e-01
3.400e-01
3.400e-01
3.400e-01
3.400e-01
3.400e-01
3.400e-01
3.400e-01
3.400e-01
3.400e-01
3.400e-01
3.400e-01
3.400e-01
3.400e-01
3.403e-01
3.410e-01
1.000e+00
1.000e+00
1.000e+00
1.000e+00
1.000e+00
1.000e+00
1.000e+00
1.000e+00
1.000e+00
1.000e+00
1.000e+00
1.000e+00
1.000e+00
1.000e+00
1.000e+00
1.000e+00
1.000e+00
1.000e+00
1.000e+00
1.000e+00
1.000e+00
1.000e+00
1.000e+00
1.000e+00
1.000e+00
1.000e+00
1.000e+00
1.000e+00
1.000e+00
1.000e+00
1.000e+00
1.000e+00
1.000e+00
1.000e+00
1.000e+00
1.000e+00
1.000e+00
1.000e+00
1.000e+00
1.000e+00
1.000e+00
1.000e+00
1.000e+00
1.000e+00
1.000e+00
1.000e+00
1.000e+00
1.000e+00
1.000e+00
1.000e+00
1.000e+00
1.000e+00
1.000e+00
1.000e+00
1.000e+00
1.000e+00
1.000e+00
1.000e+00
1.000e+00
1.000e+00
1.000e+00
1.000e+00
1.000e+00
1.000e+00
1.000e+00
1.000e+00
1.000e+00
1.000e+00
1.000e+00
1.000e+00
1.000e+00
1.000e+00
1.000e+00
1.000e+00
1.000e+00
1.000e+00
1.000e+00
1.000e+00
1.000e+00
1.000e+00
1.000e+00
1.000e+00
1.000e+00
1.000e+00
1.000e+00
1.000e+00
1.000e+00
1.000e+00
1.000e+00
1.000e+00
1.000e+00
1.000e+00
1.000e+00
1.000e+00
1.000e+00
1.000e+00
1.000e+00
1.000e+00
1.000e+00
1.000e+00
1.000e+00
1.000e+00
1.000e+00
1.000e+00
1.000e+00
1.000e+00
1.000e+00
1.000e+00
1.000e+00
1.000e+00
1.000e+00
1.000e+00
1.000e+00
1.000e+00
1.000e+00
1.000e+00
1.000e+00
1.000e+00
1.000e+00
1.000e+00
1.000e+00
1.000e+00
1.000e+00
1.000e+00
1.000e+00
1.000e+00
1.000e+00
1.000e+00
1.000e+00
1.000e+00
1.000e+00
1.000e+00
1.000e+00
1.000e+00
1.000e+00
1.000e+00
1.000e+00
1.000e+00
1.000e+00
1.000e+00
1.000e+00
1.000e+00
1.000e+00
1.000e+00
1.000e+00
1.000e+00
1.000e+00
1.000e+00
1.000e+00
1.000e+00
1.000e+00
1.000e+00
1.000e+00
1.000e+00
1.000e+00
1.000e+00
1.000e+00
1.000e+00
1.000e+00
1.000e+00
1.000e+00
1.000e+00
1.000e+00
1.000e+00
1.000e+00
1.000e+00
1.000e+00
1.000e+00
1.000e+00
1.000e+00
1.000e+00
1.000e+00
1.000e+00
1.000e+00
1.000e+00
1.000e+00
1.000e+00
1.000e+00
1.000e+00
1.000e+00
1.000e+00
1.000e+00
1.000e+00
1.000e+00
1.000e+00
1.000e+00
1.000e+00
1.000e+00
1.000e+00
1.000e+00
1.000e+00
1.000e+00
1.000e+00
1.000e+00
1.000e+00
1.000e+00
1.000e+00
1.000e+00
1.000e+00
1.000e+00
1.000e+00
1.000e+00
1.000e+00
1.000e+00
1.000e+00
1.000e+00
1.000e+00
1.000e+00
1.000e+00
1.000e+00
1.000e+00
1.000e+00
1.000e+00
1.000e+00
1.000e+00
1.000e+00
1.000e+00
1.000e+00
1.000e+00
1.000e+00
1.000e+00
1.000e+00
1.000e+00
1.000e+00
1.000e+00
1.000e+00
1.000e+00
1.000e+00
1.000e+00
1.000e+00
1.000e+00
1.000e+00
1.000e+00
1.000e+00
1.000e+00
1.000e+00
1.000e+00
1.000e+00
1.000e+00
1.000e+00
1.000e+00
1.000e+00
1.000e+00
1.000e+00
1.000e+00
1.000e+00
1.000e+00
1.000e+00
1.000e+00
1.000e+00
1.000e+00
1.000e+00
1.000e+00
1.000e+00
1.000e+00
1.000e+00
1.000e+00
1.000e+00
1.000e+00
1.000e+00
1.000e+00
1.000e+00
1.000e+00
1.000e+00
1.000e+00
1.000e+00
1.000e+00
1.000e+00
1.000e+00
1.000e+00
1.000e+00
1.000e+00
1.000e+00
1.000e+00
1.000e+00
1.000e+00
1.000e+00
1.000e+00
1.000e+00
1.000e+00
1.000e+00
1.000e+00
1.000e+00
1.000e+00
1.000e+00
1.000e+00
1.000e+00
1.000e+00
1.000e+00
1.000e+00
1.000e+00
1.000e+00
1.000e+00
1.000e+00
1.000e+00
1.000e+00
1.000e+00
1.000e+00
1.000e+00
1.000e+00
1.000e+00
1.000e+00
1.000e+00
1.000e+00
1.000e+00
1.000e+00
1.000e+00
1.000e+00
1.000e+00
1.000e+00
1.000e+00
1.000e+00
1.000e+00
1.000e+00
1.000e+00
1.000e+00
1.000e+00
1.000e+00
1.000e+00
1.000e+00
1.000e+00
1.000e+00
1.000e+00
1.000e+00
1.000e+00
1.000e+00
1.000e+00
1.000e+00
1.000e+00
1.000e+00
1.000e+00
1.000e+00
1.000e+00
1.000e+00
1.000e+00
1.000e+00
1.000e+00
1.000e+00
1.000e+00
1.000e+00
1.000e+00
1.000e+00
1.000e+00
1.000e+00
1.000e+00
1.000e+00
1.000e+00
1.000e+00
1.000e+00
1.000e+00
1.000e+00
1.000e+00
1.000e+00
1.000e+00
1.000e+00
1.000e+00
1.000e+00
1.000e+00
1.000e+00
1.000e+00
1.000e+00
1.000e+00
1.000e+00
1.000e+00
1.000e+00
1.000e+00
1.000e+00
1.000e+00
1.000e+00
1.000e+00
1.000e+00
1.000e+00
1.000e+00
1.000e+00
1.000e+00
1.000e+00
1.000e+00
1.000e+00
1.000e+00
1.000e+00
1.000e+00
1.000e+00
1.000e+00
1.000e+00
1.000e+00
1.000e+00
1.000e+00
1.000e+00
1.000e+00
1.000e+00
1.000e+00
1.000e+00
1.000e+00
1.000e+00
1.000e+00
1.000e+00
1.000e+00
1.000e+00
1.000e+00
1.000e+00
1.000e+00
1.000e+00
1.000e+00
1.000e+00
1.000e+00
1.000e+00
1.000e+00
1.000e+00
1.000e+00
1.000e+00
1.000e+00
1.000e+00
1.000e+00
1.000e+00
1.000e+00
1.000e+00
1.000e+00
1.000e+00
1.000e+00
1.000e+00
1.000e+00
1.000e+00
1.000e+00
1.000e+00
1.000e+00
1.000e+00
1.000e+00
1.000e+00
1.000e+00
1.000e+00
1.000e+00
1.000e+00
1.000e+00
1.000e+00
1.000e+00
1.000e+00
1.000e+00
1.000e+00
1.000e+00
1.000e+00
1.001e+00
