1	0	INDP	IPOND
-1.999e+02
-1.982e+02
-1.982e+02
-1.982e+02
-1.982e+02
-1.982e+02
-1.982e+02
-1.982e+02
-1.982e+02
-1.982e+02
-1.982e+02
-1.982e+02
-1.982e+02
-1.982e+02
-1.982e+02
-1.982e+02
-1.982e+02
-1.982e+02
-1.982e+02
-1.943e+02
-1.157e+02
-1.982e+02
-1.167e+02
-1.166e+02
-1.166e+02
-1.166e+02
-1.166e+02
-1.166e+02
-1.166e+02
-1.166e+02
-1.166e+02
-1.166e+02
-1.166e+02
-1.166e+02
-1.166e+02
-1.166e+02
-1.166e+02
-1.166e+02
-1.166e+02
-1.166e+02
-1.160e+02
-3.686e+01
-1.982e+02
-1.166e+02
-1.165e+02
-1.165e+02
-1.165e+02
-1.165e+02
-1.165e+02
-1.165e+02
-1.165e+02
-1.165e+02
-1.165e+02
-1.165e+02
-1.165e+02
-1.165e+02
-1.165e+02
-1.165e+02
-1.165e+02
-1.165e+02
-1.165e+02
-1.158e+02
-3.724e+01
-1.982e+02
-1.166e+02
-1.165e+02
-1.165e+02
-1.165e+02
-1.165e+02
-1.165e+02
-1.165e+02
-1.165e+02
-1.165e+02
-1.165e+02
-1.165e+02
-1.165e+02
-1.165e+02
-1.165e+02
-1.165e+02
-1.165e+02
-1.165e+02
-1.165e+02
-1.158e+02
-3.724e+01
-1.982e+02
-1.166e+02
-1.165e+02
-1.165e+02
-1.165e+02
-1.165e+02
-1.165e+02
-1.165e+02
-1.165e+02
-1.165e+02
-1.165e+02
-1.165e+02
-1.165e+02
-1.165e+02
-1.165e+02
-1.165e+02
-1.165e+02
-1.165e+02
-1.165e+02
-1.158e+02
-3.724e+01
-1.982e+02
-1.166e+02
-1.165e+02
-1.165e+02
-1.165e+02
-1.165e+02
-1.165e+02
-1.165e+02
-1.165e+02
-1.165e+02
-1.165e+02
-1.165e+02
-1.165e+02
-1.165e+02
-1.165e+02
-1.165e+02
-1.165e+02
-1.165e+02
-1.165e+02
-1.158e+02
-3.724e+01
-1.982e+02
-1.166e+02
-1.165e+02
-1.165e+02
-1.165e+02
-1.165e+02
-1.165e+02
-1.165e+02
-1.165e+02
-1.165e+02
-1.165e+02
-1.165e+02
-1.165e+02
-1.165e+02
-1.165e+02
-1.165e+02
-1.165e+02
-1.165e+02
-1.165e+02
-1.158e+02
-3.724e+01
-1.982e+02
-1.166e+02
-1.165e+02
-1.165e+02
-1.165e+02
-1.165e+02
-1.165e+02
-1.165e+02
-1.165e+02
-1.165e+02
-1.165e+02
-1.165e+02
-1.165e+02
-1.165e+02
-1.165e+02
-1.165e+02
-1.165e+02
-1.165e+02
-1.165e+02
-1.158e+02
-3.724e+01
-1.982e+02
-1.166e+02
-1.165e+02
-1.165e+02
-1.165e+02
-1.165e+02
-1.165e+02
-1.165e+02
-1.165e+02
-1.165e+02
-1.165e+02
-1.165e+02
-1.165e+02
-1.165e+02
-1.165e+02
-1.165e+02
-1.165e+02
-1.165e+02
-1.165e+02
-1.158e+02
-3.732e+01
-1.988e+02
-1.176e+02
-1.175e+02
-1.175e+02
-1.175e+02
-1.175e+02
-1.175e+02
-1.175e+02
-1.175e+02
-1.175e+02
-1.175e+02
-1.175e+02
-1.175e+02
-1.175e+02
-1.175e+02
-1.175e+02
-1.175e+02
-1.175e+02
-1.175e+02
-1.170e+02
-3.702e+01
-2.002e+02
-2.001e+02
-2.000e+02
-2.000e+02
-2.000e+02
-2.000e+02
-2.000e+02
-2.000e+02
-2.000e+02
-2.000e+02
-2.000e+02
-2.000e+02
-2.000e+02
-2.000e+02
-2.000e+02
-2.000e+02
-2.000e+02
-2.000e+02
-2.000e+02
-2.000e+02
-2.000e+02
-2.013e+02
-2.007e+02
-2.007e+02
-2.007e+02
-2.007e+02
-2.007e+02
-2.007e+02
-2.007e+02
-2.007e+02
-2.007e+02
-2.007e+02
-2.007e+02
-2.007e+02
-2.007e+02
-2.007e+02
-2.007e+02
-2.007e+02
-2.007e+02
-2.007e+02
-2.007e+02
-2.002e+02
-2.013e+02
-2.007e+02
-2.007e+02
-2.007e+02
-2.007e+02
-2.007e+02
-2.007e+02
-2.007e+02
-2.007e+02
-2.007e+02
-2.007e+02
-2.007e+02
-2.007e+02
-2.007e+02
-2.007e+02
-2.007e+02
-2.007e+02
-2.007e+02
-2.007e+02
-2.007e+02
-2.002e+02
-2.013e+02
-2.007e+02
-2.007e+02
-2.007e+02
-2.007e+02
-2.007e+02
-2.007e+02
-2.007e+02
-2.007e+02
-2.007e+02
-2.007e+02
-2.007e+02
-2.007e+02
-2.007e+02
-2.007e+02
-2.007e+02
-2.007e+02
-2.007e+02
-2.007e+02
-2.007e+02
-2.002e+02
-2.013e+02
-2.007e+02
-2.007e+02
-2.007e+02
-2.007e+02
-2.007e+02
-2.007e+02
-2.007e+02
-2.007e+02
-2.007e+02
-2.007e+02
-2.007e+02
-2.007e+02
-2.007e+02
-2.007e+02
-2.007e+02
-2.007e+02
-2.007e+02
-2.007e+02
-2.007e+02
-2.002e+02
-2.013e+02
-2.007e+02
-2.007e+02
-2.007e+02
-2.007e+02
-2.007e+02
-2.007e+02
-2.007e+02
-2.007e+02
-2.007e+02
-2.007e+02
-2.007e+02
-2.007e+02
-2.007e+02
-2.007e+02
-2.007e+02
-2.007e+02
-2.007e+02
-2.007e+02
-2.007e+02
-2.002e+02
-2.013e+02
-2.007e+02
-2.007e+02
-2.007e+02
-2.007e+02
-2.007e+02
-2.007e+02
-2.007e+02
-2.007e+02
-2.007e+02
-2.007e+02
-2.007e+02
-2.007e+02
-2.007e+02
-2.007e+02
-2.007e+02
-2.007e+02
-2.007e+02
-2.007e+02
-2.007e+02
-2.002e+02
-2.013e+02
-2.007e+02
-2.007e+02
-2.007e+02
-2.007e+02
-2.007e+02
-2.007e+02
-2.007e+02
-2.007e+02
-2.007e+02
-2.007e+02
-2.007e+02
-2.007e+02
-2.007e+02
-2.007e+02
-2.007e+02
-2.007e+02
-2.007e+02
-2.007e+02
-2.007e+02
-2.002e+02
-2.013e+02
-2.007e+02
-2.007e+02
-2.007e+02
-2.007e+02
-2.007e+02
-2.007e+02
-2.007e+02
-2.007e+02
-2.007e+02
-2.007e+02
-2.007e+02
-2.007e+02
-2.007e+02
-2.007e+02
-2.007e+02
-2.007e+02
-2.007e+02
-2.007e+02
-2.007e+02
-2.002e+02
-2.013e+02
-2.007e+02
-2.007e+02
-2.007e+02
-2.007e+02
-2.007e+02
-2.007e+02
-2.007e+02
-2.007e+02
-2.007e+02
-2.007e+02
-2.007e+02
-2.007e+02
-2.007e+02
-2.007e+02
-2.007e+02
-2.007e+02
-2.007e+02
-2.007e+02
-2.007e+02
-2.002e+02
-2.007e+02
-2.002e+02
-2.002e+02
-2.002e+02
-2.002e+02
-2.002e+02
-2.002e+02
-2.002e+02
-2.002e+02
-2.002e+02
-2.002e+02
-2.002e+02
-2.002e+02
-2.002e+02
-2.002e+02
-2.002e+02
-2.002e+02
-2.002e+02
-2.002e+02
-2.002e+02
-2.002e+02
-1.950e+02
-1.812e+02
-1.812e+02
-1.812e+02
-1.812e+02
-1.812e+02
-1.812e+02
-1.812e+02
-1.812e+02
-1.812e+02
-1.812e+02
-1.812e+02
-1.812e+02
-1.812e+02
-1.812e+02
-1.812e+02
-1.812e+02
-1.812e+02
-1.813e+02
-1.832e+02
-1.129e+02
-1.812e+02
-1.129e+02
-1.128e+02
-1.128e+02
-1.128e+02
-1.128e+02
-1.128e+02
-1.128e+02
-1.128e+02
-1.128e+02
-1.128e+02
-1.128e+02
-1.128e+02
-1.128e+02
-1.128e+02
-1.128e+02
-1.128e+02
-1.128e+02
-1.128e+02
-1.129e+02
-5.833e+01
-1.812e+02
-1.128e+02
-1.128e+02
-1.128e+02
-1.128e+02
-1.128e+02
-1.128e+02
-1.128e+02
-1.128e+02
-1.128e+02
-1.128e+02
-1.128e+02
-1.128e+02
-1.128e+02
-1.128e+02
-1.128e+02
-1.128e+02
-1.128e+02
-1.129e+02
-1.128e+02
-5.822e+01
-1.812e+02
-1.128e+02
-1.128e+02
-1.128e+02
-1.128e+02
-1.128e+02
-1.128e+02
-1.128e+02
-1.128e+02
-1.128e+02
-1.128e+02
-1.128e+02
-1.128e+02
-1.128e+02
-1.128e+02
-1.128e+02
-1.128e+02
-1.128e+02
-1.129e+02
-1.128e+02
-5.822e+01
-1.812e+02
-1.128e+02
-1.128e+02
-1.128e+02
-1.128e+02
-1.128e+02
-1.128e+02
-1.128e+02
-1.128e+02
-1.128e+02
-1.128e+02
-1.128e+02
-1.128e+02
-1.128e+02
-1.128e+02
-1.128e+02
-1.128e+02
-1.128e+02
-1.129e+02
-1.128e+02
-5.822e+01
-1.812e+02
-1.128e+02
-1.128e+02
-1.128e+02
-1.128e+02
-1.128e+02
-1.128e+02
-1.128e+02
-1.128e+02
-1.128e+02
-1.128e+02
-1.128e+02
-1.128e+02
-1.128e+02
-1.128e+02
-1.128e+02
-1.128e+02
-1.128e+02
-1.129e+02
-1.128e+02
-5.822e+01
-1.812e+02
-1.128e+02
-1.128e+02
-1.128e+02
-1.128e+02
-1.128e+02
-1.128e+02
-1.128e+02
-1.128e+02
-1.128e+02
-1.128e+02
-1.128e+02
-1.128e+02
-1.128e+02
-1.128e+02
-1.128e+02
-1.128e+02
-1.128e+02
-1.129e+02
-1.128e+02
-5.822e+01
-1.812e+02
-1.128e+02
-1.128e+02
-1.128e+02
-1.128e+02
-1.128e+02
-1.128e+02
-1.128e+02
-1.128e+02
-1.128e+02
-1.128e+02
-1.128e+02
-1.128e+02
-1.128e+02
-1.128e+02
-1.128e+02
-1.128e+02
-1.128e+02
-1.129e+02
-1.128e+02
-5.822e+01
-1.812e+02
-1.128e+02
-1.128e+02
-1.128e+02
-1.128e+02
-1.128e+02
-1.128e+02
-1.128e+02
-1.128e+02
-1.128e+02
-1.128e+02
-1.128e+02
-1.128e+02
-1.128e+02
-1.128e+02
-1.128e+02
-1.128e+02
-1.128e+02
-1.128e+02
-1.128e+02
-5.828e+01
-1.814e+02
-1.137e+02
-1.138e+02
-1.138e+02
-1.138e+02
-1.138e+02
-1.138e+02
-1.138e+02
-1.138e+02
-1.138e+02
-1.138e+02
-1.138e+02
-1.138e+02
-1.138e+02
-1.138e+02
-1.138e+02
-1.138e+02
-1.138e+02
-1.138e+02
-1.138e+02
-5.895e+01
-2.001e+02
-2.001e+02
-2.000e+02
-2.000e+02
-2.000e+02
-2.000e+02
-2.000e+02
-2.000e+02
-2.000e+02
-2.000e+02
-2.000e+02
-2.000e+02
-2.000e+02
-2.000e+02
-2.000e+02
-2.000e+02
-2.000e+02
-2.000e+02
-2.000e+02
-2.000e+02
-2.000e+02
-2.010e+02
-2.006e+02
-2.006e+02
-2.006e+02
-2.006e+02
-2.006e+02
-2.006e+02
-2.006e+02
-2.006e+02
-2.006e+02
-2.006e+02
-2.006e+02
-2.006e+02
-2.006e+02
-2.006e+02
-2.006e+02
-2.006e+02
-2.006e+02
-2.006e+02
-2.006e+02
-2.005e+02
-2.010e+02
-2.006e+02
-2.006e+02
-2.006e+02
-2.006e+02
-2.006e+02
-2.006e+02
-2.006e+02
-2.006e+02
-2.006e+02
-2.006e+02
-2.006e+02
-2.006e+02
-2.006e+02
-2.006e+02
-2.006e+02
-2.006e+02
-2.006e+02
-2.006e+02
-2.006e+02
-2.005e+02
-2.010e+02
-2.006e+02
-2.006e+02
-2.006e+02
-2.006e+02
-2.006e+02
-2.006e+02
-2.006e+02
-2.006e+02
-2.006e+02
-2.006e+02
-2.006e+02
-2.006e+02
-2.006e+02
-2.006e+02
-2.006e+02
-2.006e+02
-2.006e+02
-2.006e+02
-2.006e+02
-2.005e+02
-2.010e+02
-2.006e+02
-2.006e+02
-2.006e+02
-2.006e+02
-2.006e+02
-2.006e+02
-2.006e+02
-2.006e+02
-2.006e+02
-2.006e+02
-2.006e+02
-2.006e+02
-2.006e+02
-2.006e+02
-2.006e+02
-2.006e+02
-2.006e+02
-2.006e+02
-2.006e+02
-2.005e+02
-2.010e+02
-2.006e+02
-2.006e+02
-2.006e+02
-2.006e+02
-2.006e+02
-2.006e+02
-2.006e+02
-2.006e+02
-2.006e+02
-2.006e+02
-2.006e+02
-2.006e+02
-2.006e+02
-2.006e+02
-2.006e+02
-2.006e+02
-2.006e+02
-2.006e+02
-2.006e+02
-2.005e+02
-2.010e+02
-2.006e+02
-2.006e+02
-2.006e+02
-2.006e+02
-2.006e+02
-2.006e+02
-2.006e+02
-2.006e+02
-2.006e+02
-2.006e+02
-2.006e+02
-2.006e+02
-2.006e+02
-2.006e+02
-2.006e+02
-2.006e+02
-2.006e+02
-2.006e+02
-2.006e+02
-2.005e+02
-2.010e+02
-2.006e+02
-2.006e+02
-2.006e+02
-2.006e+02
-2.006e+02
-2.006e+02
-2.006e+02
-2.006e+02
-2.006e+02
-2.006e+02
-2.006e+02
-2.006e+02
-2.006e+02
-2.006e+02
-2.006e+02
-2.006e+02
-2.006e+02
-2.006e+02
-2.006e+02
-2.005e+02
-2.010e+02
-2.006e+02
-2.006e+02
-2.006e+02
-2.006e+02
-2.006e+02
-2.006e+02
-2.006e+02
-2.006e+02
-2.006e+02
-2.006e+02
-2.006e+02
-2.006e+02
-2.006e+02
-2.006e+02
-2.006e+02
-2.006e+02
-2.006e+02
-2.006e+02
-2.006e+02
-2.005e+02
-2.010e+02
-2.006e+02
-2.006e+02
-2.006e+02
-2.006e+02
-2.006e+02
-2.006e+02
-2.006e+02
-2.006e+02
-2.006e+02
-2.006e+02
-2.006e+02
-2.006e+02
-2.006e+02
-2.006e+02
-2.006e+02
-2.006e+02
-2.006e+02
-2.006e+02
-2.006e+02
-2.005e+02
-2.006e+02
-2.005e+02
-2.005e+02
-2.005e+02
-2.005e+02
-2.005e+02
-2.005e+02
-2.005e+02
-2.005e+02
-2.005e+02
-2.005e+02
-2.005e+02
-2.005e+02
-2.005e+02
-2.005e+02
-2.005e+02
-2.005e+02
-2.005e+02
-2.005e+02
-2.005e+02
-2.004e+02
-1.695e+02
-1.488e+02
-1.489e+02
-1.489e+02
-1.489e+02
-1.489e+02
-1.489e+02
-1.489e+02
-1.489e+02
-1.489e+02
-1.489e+02
-1.489e+02
-1.489e+02
-1.489e+02
-1.489e+02
-1.489e+02
-1.489e+02
-1.489e+02
-1.489e+02
-1.499e+02
-1.039e+02
-1.488e+02
-1.040e+02
-1.040e+02
-1.040e+02
-1.040e+02
-1.040e+02
-1.040e+02
-1.040e+02
-1.040e+02
-1.040e+02
-1.040e+02
-1.040e+02
-1.040e+02
-1.040e+02
-1.040e+02
-1.040e+02
-1.040e+02
-1.040e+02
-1.039e+02
-1.039e+02
-7.118e+01
-1.489e+02
-1.040e+02
-1.040e+02
-1.040e+02
-1.040e+02
-1.040e+02
-1.040e+02
-1.040e+02
-1.040e+02
-1.040e+02
-1.040e+02
-1.040e+02
-1.040e+02
-1.040e+02
-1.040e+02
-1.040e+02
-1.040e+02
-1.040e+02
-1.039e+02
-1.038e+02
-7.105e+01
-1.489e+02
-1.040e+02
-1.040e+02
-1.040e+02
-1.040e+02
-1.040e+02
-1.040e+02
-1.040e+02
-1.040e+02
-1.040e+02
-1.040e+02
-1.040e+02
-1.040e+02
-1.040e+02
-1.040e+02
-1.040e+02
-1.040e+02
-1.040e+02
-1.039e+02
-1.038e+02
-7.105e+01
-1.489e+02
-1.040e+02
-1.040e+02
-1.040e+02
-1.040e+02
-1.040e+02
-1.040e+02
-1.040e+02
-1.040e+02
-1.040e+02
-1.040e+02
-1.040e+02
-1.040e+02
-1.040e+02
-1.040e+02
-1.040e+02
-1.040e+02
-1.040e+02
-1.039e+02
-1.038e+02
-7.105e+01
-1.489e+02
-1.040e+02
-1.040e+02
-1.040e+02
-1.040e+02
-1.040e+02
-1.040e+02
-1.040e+02
-1.040e+02
-1.040e+02
-1.040e+02
-1.040e+02
-1.040e+02
-1.040e+02
-1.040e+02
-1.040e+02
-1.040e+02
-1.040e+02
-1.039e+02
-1.038e+02
-7.105e+01
-1.489e+02
-1.040e+02
-1.040e+02
-1.040e+02
-1.040e+02
-1.040e+02
-1.040e+02
-1.040e+02
-1.040e+02
-1.040e+02
-1.040e+02
-1.040e+02
-1.040e+02
-1.040e+02
-1.040e+02
-1.040e+02
-1.040e+02
-1.040e+02
-1.039e+02
-1.038e+02
-7.105e+01
-1.489e+02
-1.040e+02
-1.040e+02
-1.040e+02
-1.040e+02
-1.040e+02
-1.040e+02
-1.040e+02
-1.040e+02
-1.040e+02
-1.040e+02
-1.040e+02
-1.040e+02
-1.040e+02
-1.040e+02
-1.040e+02
-1.040e+02
-1.040e+02
-1.039e+02
-1.038e+02
-7.105e+01
-1.488e+02
-1.039e+02
-1.039e+02
-1.039e+02
-1.039e+02
-1.039e+02
-1.039e+02
-1.039e+02
-1.039e+02
-1.039e+02
-1.039e+02
-1.039e+02
-1.039e+02
-1.039e+02
-1.039e+02
-1.039e+02
-1.039e+02
-1.039e+02
-1.039e+02
-1.038e+02
-7.105e+01
-1.495e+02
-1.056e+02
-1.056e+02
-1.056e+02
-1.056e+02
-1.056e+02
-1.056e+02
-1.056e+02
-1.056e+02
-1.056e+02
-1.056e+02
-1.056e+02
-1.056e+02
-1.056e+02
-1.056e+02
-1.056e+02
-1.056e+02
-1.056e+02
-1.056e+02
-1.056e+02
-7.237e+01
-2.001e+02
-2.001e+02
-2.000e+02
-2.000e+02
-2.000e+02
-2.000e+02
-2.000e+02
-2.000e+02
-2.000e+02
-2.000e+02
-2.000e+02
-2.000e+02
-2.000e+02
-2.000e+02
-2.000e+02
-2.000e+02
-2.000e+02
-2.000e+02
-2.000e+02
-2.000e+02
-2.000e+02
-2.006e+02
-2.005e+02
-2.005e+02
-2.005e+02
-2.005e+02
-2.005e+02
-2.005e+02
-2.005e+02
-2.005e+02
-2.005e+02
-2.005e+02
-2.005e+02
-2.005e+02
-2.005e+02
-2.005e+02
-2.005e+02
-2.005e+02
-2.005e+02
-2.005e+02
-2.005e+02
-2.003e+02
-2.006e+02
-2.005e+02
-2.005e+02
-2.005e+02
-2.005e+02
-2.005e+02
-2.005e+02
-2.005e+02
-2.005e+02
-2.005e+02
-2.005e+02
-2.005e+02
-2.005e+02
-2.005e+02
-2.005e+02
-2.005e+02
-2.005e+02
-2.005e+02
-2.005e+02
-2.005e+02
-2.003e+02
-2.006e+02
-2.005e+02
-2.005e+02
-2.005e+02
-2.005e+02
-2.005e+02
-2.005e+02
-2.005e+02
-2.005e+02
-2.005e+02
-2.005e+02
-2.005e+02
-2.005e+02
-2.005e+02
-2.005e+02
-2.005e+02
-2.005e+02
-2.005e+02
-2.005e+02
-2.005e+02
-2.003e+02
-2.006e+02
-2.005e+02
-2.005e+02
-2.005e+02
-2.005e+02
-2.005e+02
-2.005e+02
-2.005e+02
-2.005e+02
-2.005e+02
-2.005e+02
-2.005e+02
-2.005e+02
-2.005e+02
-2.005e+02
-2.005e+02
-2.005e+02
-2.005e+02
-2.005e+02
-2.005e+02
-2.003e+02
-2.006e+02
-2.005e+02
-2.005e+02
-2.005e+02
-2.005e+02
-2.005e+02
-2.005e+02
-2.005e+02
-2.005e+02
-2.005e+02
-2.005e+02
-2.005e+02
-2.005e+02
-2.005e+02
-2.005e+02
-2.005e+02
-2.005e+02
-2.005e+02
-2.005e+02
-2.005e+02
-2.003e+02
-2.006e+02
-2.005e+02
-2.005e+02
-2.005e+02
-2.005e+02
-2.005e+02
-2.005e+02
-2.005e+02
-2.005e+02
-2.005e+02
-2.005e+02
-2.005e+02
-2.005e+02
-2.005e+02
-2.005e+02
-2.005e+02
-2.005e+02
-2.005e+02
-2.005e+02
-2.005e+02
-2.003e+02
-2.006e+02
-2.005e+02
-2.005e+02
-2.005e+02
-2.005e+02
-2.005e+02
-2.005e+02
-2.005e+02
-2.005e+02
-2.005e+02
-2.005e+02
-2.005e+02
-2.005e+02
-2.005e+02
-2.005e+02
-2.005e+02
-2.005e+02
-2.005e+02
-2.005e+02
-2.005e+02
-2.003e+02
-2.006e+02
-2.005e+02
-2.005e+02
-2.005e+02
-2.005e+02
-2.005e+02
-2.005e+02
-2.005e+02
-2.005e+02
-2.005e+02
-2.005e+02
-2.005e+02
-2.005e+02
-2.005e+02
-2.005e+02
-2.005e+02
-2.005e+02
-2.005e+02
-2.005e+02
-2.005e+02
-2.003e+02
-2.006e+02
-2.005e+02
-2.005e+02
-2.005e+02
-2.005e+02
-2.005e+02
-2.005e+02
-2.005e+02
-2.005e+02
-2.005e+02
-2.005e+02
-2.005e+02
-2.005e+02
-2.005e+02
-2.005e+02
-2.005e+02
-2.005e+02
-2.005e+02
-2.005e+02
-2.005e+02
-2.003e+02
-2.005e+02
-2.003e+02
-2.003e+02
-2.003e+02
-2.003e+02
-2.003e+02
-2.003e+02
-2.003e+02
-2.003e+02
-2.003e+02
-2.003e+02
-2.003e+02
-2.003e+02
-2.003e+02
-2.003e+02
-2.003e+02
-2.003e+02
-2.003e+02
-2.003e+02
-2.003e+02
-2.002e+02
-1.344e+02
-1.186e+02
-1.186e+02
-1.186e+02
-1.186e+02
-1.186e+02
-1.186e+02
-1.186e+02
-1.186e+02
-1.186e+02
-1.186e+02
-1.186e+02
-1.186e+02
-1.186e+02
-1.186e+02
-1.186e+02
-1.186e+02
-1.186e+02
-1.186e+02
-1.188e+02
-9.059e+01
-1.186e+02
-9.046e+01
-9.046e+01
-9.046e+01
-9.046e+01
-9.046e+01
-9.046e+01
-9.046e+01
-9.046e+01
-9.046e+01
-9.046e+01
-9.046e+01
-9.046e+01
-9.046e+01
-9.046e+01
-9.046e+01
-9.046e+01
-9.046e+01
-9.046e+01
-9.046e+01
-6.903e+01
-1.186e+02
-9.046e+01
-9.046e+01
-9.046e+01
-9.046e+01
-9.046e+01
-9.046e+01
-9.046e+01
-9.046e+01
-9.046e+01
-9.046e+01
-9.046e+01
-9.046e+01
-9.046e+01
-9.046e+01
-9.046e+01
-9.046e+01
-9.046e+01
-9.036e+01
-9.046e+01
-6.899e+01
-1.186e+02
-9.046e+01
-9.046e+01
-9.046e+01
-9.046e+01
-9.046e+01
-9.046e+01
-9.046e+01
-9.046e+01
-9.046e+01
-9.046e+01
-9.046e+01
-9.046e+01
-9.046e+01
-9.046e+01
-9.046e+01
-9.046e+01
-9.046e+01
-9.036e+01
-9.046e+01
-6.899e+01
-1.186e+02
-9.046e+01
-9.046e+01
-9.046e+01
-9.046e+01
-9.046e+01
-9.046e+01
-9.046e+01
-9.046e+01
-9.046e+01
-9.046e+01
-9.046e+01
-9.046e+01
-9.046e+01
-9.046e+01
-9.046e+01
-9.046e+01
-9.046e+01
-9.036e+01
-9.046e+01
-6.899e+01
-1.186e+02
-9.046e+01
-9.046e+01
-9.046e+01
-9.046e+01
-9.046e+01
-9.046e+01
-9.046e+01
-9.046e+01
-9.046e+01
-9.046e+01
-9.046e+01
-9.046e+01
-9.046e+01
-9.046e+01
-9.046e+01
-9.046e+01
-9.046e+01
-9.036e+01
-9.046e+01
-6.899e+01
-1.186e+02
-9.046e+01
-9.046e+01
-9.046e+01
-9.046e+01
-9.046e+01
-9.046e+01
-9.046e+01
-9.046e+01
-9.046e+01
-9.046e+01
-9.046e+01
-9.046e+01
-9.046e+01
-9.046e+01
-9.046e+01
-9.046e+01
-9.046e+01
-9.036e+01
-9.046e+01
-6.899e+01
-1.186e+02
-9.046e+01
-9.036e+01
-9.036e+01
-9.036e+01
-9.036e+01
-9.036e+01
-9.036e+01
-9.036e+01
-9.036e+01
-9.036e+01
-9.036e+01
-9.036e+01
-9.036e+01
-9.036e+01
-9.036e+01
-9.036e+01
-9.036e+01
-9.036e+01
-9.046e+01
-6.899e+01
-1.187e+02
-9.046e+01
-9.046e+01
-9.046e+01
-9.046e+01
-9.046e+01
-9.046e+01
-9.046e+01
-9.046e+01
-9.046e+01
-9.046e+01
-9.046e+01
-9.046e+01
-9.046e+01
-9.046e+01
-9.046e+01
-9.046e+01
-9.046e+01
-9.046e+01
-9.059e+01
-6.899e+01
-1.195e+02
-9.138e+01
-9.138e+01
-9.138e+01
-9.138e+01
-9.138e+01
-9.138e+01
-9.138e+01
-9.138e+01
-9.138e+01
-9.138e+01
-9.138e+01
-9.138e+01
-9.138e+01
-9.138e+01
-9.138e+01
-9.138e+01
-9.138e+01
-9.138e+01
-9.138e+01
-6.963e+01
-2.000e+02
-2.000e+02
-2.000e+02
-2.000e+02
-2.000e+02
-2.000e+02
-2.000e+02
-2.000e+02
-2.000e+02
-2.000e+02
-2.000e+02
-2.000e+02
-2.000e+02
-2.000e+02
-2.000e+02
-2.000e+02
-2.000e+02
-2.000e+02
-2.000e+02
-2.000e+02
-2.000e+02
-2.002e+02
-2.002e+02
-2.002e+02
-2.002e+02
-2.002e+02
-2.002e+02
-2.002e+02
-2.002e+02
-2.002e+02
-2.002e+02
-2.002e+02
-2.002e+02
-2.002e+02
-2.002e+02
-2.002e+02
-2.002e+02
-2.002e+02
-2.002e+02
-2.002e+02
-2.002e+02
-2.002e+02
-2.002e+02
-2.002e+02
-2.002e+02
-2.002e+02
-2.002e+02
-2.002e+02
-2.002e+02
-2.002e+02
-2.002e+02
-2.002e+02
-2.002e+02
-2.002e+02
-2.002e+02
-2.002e+02
-2.002e+02
-2.002e+02
-2.002e+02
-2.002e+02
-2.002e+02
-2.002e+02
-2.002e+02
-2.002e+02
-2.002e+02
-2.002e+02
-2.002e+02
-2.002e+02
-2.002e+02
-2.002e+02
-2.002e+02
-2.002e+02
-2.002e+02
-2.002e+02
-2.002e+02
-2.002e+02
-2.002e+02
-2.002e+02
-2.002e+02
-2.002e+02
-2.002e+02
-2.002e+02
-2.002e+02
-2.002e+02
-2.002e+02
-2.002e+02
-2.002e+02
-2.002e+02
-2.002e+02
-2.002e+02
-2.002e+02
-2.002e+02
-2.002e+02
-2.002e+02
-2.002e+02
-2.002e+02
-2.002e+02
-2.002e+02
-2.002e+02
-2.002e+02
-2.002e+02
-2.002e+02
-2.002e+02
-2.002e+02
-2.002e+02
-2.002e+02
-2.002e+02
-2.002e+02
-2.002e+02
-2.002e+02
-2.002e+02
-2.002e+02
-2.002e+02
-2.002e+02
-2.002e+02
-2.002e+02
-2.002e+02
-2.002e+02
-2.002e+02
-2.002e+02
-2.002e+02
-2.002e+02
-2.002e+02
-2.002e+02
-2.002e+02
-2.002e+02
-2.002e+02
-2.002e+02
-2.002e+02
-2.002e+02
-2.002e+02
-2.002e+02
-2.002e+02
-2.002e+02
-2.002e+02
-2.002e+02
-2.002e+02
-2.002e+02
-2.002e+02
-2.002e+02
-2.002e+02
-2.002e+02
-2.002e+02
-2.002e+02
-2.002e+02
-2.002e+02
-2.002e+02
-2.002e+02
-2.002e+02
-2.002e+02
-2.002e+02
-2.002e+02
-2.002e+02
-2.002e+02
-2.002e+02
-2.002e+02
-2.002e+02
-2.002e+02
-2.002e+02
-2.002e+02
-2.002e+02
-2.002e+02
-2.002e+02
-2.002e+02
-2.002e+02
-2.002e+02
-2.002e+02
-2.002e+02
-2.002e+02
-2.002e+02
-2.002e+02
-2.002e+02
-2.002e+02
-2.002e+02
-2.002e+02
-2.002e+02
-2.002e+02
-2.002e+02
-2.002e+02
-2.002e+02
-2.002e+02
-2.002e+02
-2.002e+02
-2.002e+02
-2.002e+02
-2.002e+02
-2.002e+02
-2.002e+02
-2.002e+02
-2.002e+02
-2.002e+02
-2.002e+02
-2.002e+02
-2.002e+02
-2.002e+02
-2.002e+02
-2.002e+02
-2.002e+02
-2.002e+02
-2.002e+02
-2.002e+02
-2.002e+02
-2.002e+02
-2.002e+02
-2.002e+02
-2.002e+02
-2.002e+02
-2.002e+02
-2.002e+02
-2.002e+02
-2.002e+02
-2.002e+02
-2.002e+02
-2.002e+02
-2.002e+02
-2.002e+02
-2.002e+02
-2.002e+02
-2.002e+02
-2.002e+02
-2.002e+02
-2.002e+02
-2.002e+02
-2.002e+02
-2.002e+02
-2.002e+02
-2.002e+02
-2.002e+02
-2.002e+02
-2.002e+02
-2.002e+02
-9.481e+01
-8.466e+01
-8.466e+01
-8.466e+01
-8.466e+01
-8.466e+01
-8.466e+01
-8.466e+01
-8.466e+01
-8.466e+01
-8.466e+01
-8.466e+01
-8.466e+01
-8.466e+01
-8.466e+01
-8.466e+01
-8.466e+01
-8.466e+01
-8.466e+01
-8.479e+01
-6.808e+01
-8.466e+01
-6.808e+01
-6.808e+01
-6.808e+01
-6.808e+01
-6.808e+01
-6.808e+01
-6.808e+01
-6.808e+01
-6.808e+01
-6.808e+01
-6.808e+01
-6.808e+01
-6.808e+01
-6.808e+01
-6.808e+01
-6.808e+01
-6.808e+01
-6.808e+01
-6.808e+01
-5.542e+01
-8.466e+01
-6.808e+01
-6.808e+01
-6.808e+01
-6.808e+01
-6.808e+01
-6.808e+01
-6.808e+01
-6.808e+01
-6.808e+01
-6.808e+01
-6.808e+01
-6.808e+01
-6.808e+01
-6.808e+01
-6.808e+01
-6.808e+01
-6.808e+01
-6.808e+01
-6.808e+01
-5.548e+01
-8.466e+01
-6.808e+01
-6.808e+01
-6.808e+01
-6.808e+01
-6.808e+01
-6.808e+01
-6.808e+01
-6.808e+01
-6.808e+01
-6.808e+01
-6.808e+01
-6.808e+01
-6.808e+01
-6.808e+01
-6.808e+01
-6.808e+01
-6.808e+01
-6.808e+01
-6.808e+01
-5.548e+01
-8.466e+01
-6.808e+01
-6.808e+01
-6.808e+01
-6.808e+01
-6.808e+01
-6.808e+01
-6.808e+01
-6.808e+01
-6.808e+01
-6.808e+01
-6.808e+01
-6.808e+01
-6.808e+01
-6.808e+01
-6.808e+01
-6.808e+01
-6.808e+01
-6.808e+01
-6.808e+01
-5.548e+01
-8.466e+01
-6.808e+01
-6.808e+01
-6.808e+01
-6.808e+01
-6.808e+01
-6.808e+01
-6.808e+01
-6.808e+01
-6.808e+01
-6.808e+01
-6.808e+01
-6.808e+01
-6.808e+01
-6.808e+01
-6.808e+01
-6.808e+01
-6.808e+01
-6.808e+01
-6.808e+01
-5.548e+01
-8.466e+01
-6.808e+01
-6.808e+01
-6.808e+01
-6.808e+01
-6.808e+01
-6.808e+01
-6.808e+01
-6.808e+01
-6.808e+01
-6.808e+01
-6.808e+01
-6.808e+01
-6.808e+01
-6.808e+01
-6.808e+01
-6.808e+01
-6.808e+01
-6.808e+01
-6.808e+01
-5.548e+01
-8.466e+01
-6.808e+01
-6.808e+01
-6.808e+01
-6.808e+01
-6.808e+01
-6.808e+01
-6.808e+01
-6.808e+01
-6.808e+01
-6.808e+01
-6.808e+01
-6.808e+01
-6.808e+01
-6.808e+01
-6.808e+01
-6.808e+01
-6.808e+01
-6.808e+01
-6.808e+01
-5.548e+01
-8.466e+01
-6.808e+01
-6.808e+01
-6.808e+01
-6.808e+01
-6.808e+01
-6.808e+01
-6.808e+01
-6.808e+01
-6.808e+01
-6.808e+01
-6.808e+01
-6.808e+01
-6.808e+01
-6.808e+01
-6.808e+01
-6.808e+01
-6.808e+01
-6.808e+01
-6.808e+01
-5.548e+01
-8.490e+01
-6.829e+01
-6.829e+01
-6.829e+01
-6.829e+01
-6.829e+01
-6.829e+01
-6.829e+01
-6.829e+01
-6.829e+01
-6.829e+01
-6.829e+01
-6.829e+01
-6.829e+01
-6.829e+01
-6.829e+01
-6.829e+01
-6.829e+01
-6.829e+01
-6.829e+01
-5.563e+01
-2.000e+02
-2.000e+02
-2.000e+02
-2.000e+02
-2.000e+02
-2.000e+02
-2.000e+02
-2.000e+02
-2.000e+02
-2.000e+02
-2.000e+02
-2.000e+02
-2.000e+02
-2.000e+02
-2.000e+02
-2.000e+02
-2.000e+02
-2.000e+02
-2.000e+02
-2.000e+02
-2.000e+02
-2.000e+02
-2.000e+02
-2.000e+02
-2.000e+02
-2.000e+02
-2.000e+02
-2.000e+02
-2.000e+02
-2.000e+02
-2.000e+02
-2.000e+02
-2.000e+02
-2.000e+02
-2.000e+02
-2.000e+02
-2.000e+02
-2.000e+02
-2.000e+02
-2.000e+02
-2.000e+02
-2.000e+02
-2.000e+02
-2.000e+02
-2.000e+02
-2.000e+02
-2.000e+02
-2.000e+02
-2.000e+02
-2.000e+02
-2.000e+02
-2.000e+02
-2.000e+02
-2.000e+02
-2.000e+02
-2.000e+02
-2.000e+02
-2.000e+02
-2.000e+02
-2.000e+02
-2.000e+02
-2.000e+02
-2.000e+02
-2.000e+02
-2.000e+02
-2.000e+02
-2.000e+02
-2.000e+02
-2.000e+02
-2.000e+02
-2.000e+02
-2.000e+02
-2.000e+02
-2.000e+02
-2.000e+02
-2.000e+02
-2.000e+02
-2.000e+02
-2.000e+02
-2.000e+02
-2.000e+02
-2.000e+02
-2.000e+02
-2.000e+02
-2.000e+02
-2.000e+02
-2.000e+02
-2.000e+02
-2.000e+02
-2.000e+02
-2.000e+02
-2.000e+02
-2.000e+02
-2.000e+02
-2.000e+02
-2.000e+02
-2.000e+02
-2.000e+02
-2.000e+02
-2.000e+02
-2.000e+02
-2.000e+02
-2.000e+02
-2.000e+02
-2.000e+02
-2.000e+02
-2.000e+02
-2.000e+02
-2.000e+02
-2.000e+02
-2.000e+02
-2.000e+02
-2.000e+02
-2.000e+02
-2.000e+02
-2.000e+02
-2.000e+02
-2.000e+02
-2.000e+02
-2.000e+02
-2.000e+02
-2.000e+02
-2.000e+02
-2.000e+02
-2.000e+02
-2.000e+02
-2.000e+02
-2.000e+02
-2.000e+02
-2.000e+02
-2.000e+02
-2.000e+02
-2.000e+02
-2.000e+02
-2.000e+02
-2.000e+02
-2.000e+02
-2.000e+02
-2.000e+02
-2.000e+02
-2.000e+02
-2.000e+02
-2.000e+02
-2.000e+02
-2.000e+02
-2.000e+02
-2.000e+02
-2.000e+02
-2.000e+02
-2.000e+02
-2.000e+02
-2.000e+02
-2.000e+02
-2.000e+02
-2.000e+02
-2.000e+02
-2.000e+02
-2.000e+02
-2.000e+02
-2.000e+02
-2.000e+02
-2.000e+02
-2.000e+02
-2.000e+02
-2.000e+02
-2.000e+02
-2.000e+02
-2.000e+02
-2.000e+02
-2.000e+02
-2.000e+02
-2.000e+02
-2.000e+02
-2.000e+02
-2.000e+02
-2.000e+02
-2.000e+02
-2.000e+02
-2.000e+02
-2.000e+02
-2.000e+02
-2.000e+02
-2.000e+02
-2.000e+02
-2.000e+02
-2.000e+02
-2.000e+02
-2.000e+02
-2.000e+02
-2.000e+02
-2.000e+02
-2.000e+02
-2.000e+02
-2.000e+02
-2.000e+02
-2.000e+02
-2.000e+02
-2.000e+02
-2.000e+02
-2.000e+02
-2.000e+02
-2.000e+02
-2.000e+02
-2.000e+02
-2.000e+02
-2.000e+02
-2.000e+02
-2.000e+02
-2.000e+02
-2.000e+02
-2.000e+02
-2.000e+02
-2.000e+02
-2.000e+02
-2.000e+02
-2.000e+02
-2.000e+02
-2.000e+02
-2.000e+02
-2.000e+02
-2.000e+02
-2.000e+02
-2.000e+02
-2.000e+02
-2.000e+02
-2.000e+02
-2.000e+02
-2.000e+02
-2.000e+02
-2.000e+02
-2.000e+02
-4.947e+01
-4.859e+01
-4.859e+01
-4.859e+01
-4.859e+01
-4.859e+01
-4.859e+01
-4.859e+01
-4.859e+01
-4.859e+01
-4.859e+01
-4.859e+01
-4.859e+01
-4.859e+01
-4.859e+01
-4.859e+01
-4.859e+01
-4.859e+01
-4.859e+01
-4.865e+01
-4.730e+01
-4.859e+01
-4.730e+01
-4.730e+01
-4.730e+01
-4.730e+01
-4.730e+01
-4.730e+01
-4.730e+01
-4.730e+01
-4.730e+01
-4.730e+01
-4.730e+01
-4.730e+01
-4.730e+01
-4.730e+01
-4.730e+01
-4.730e+01
-4.730e+01
-4.730e+01
-4.730e+01
-4.584e+01
-4.859e+01
-4.730e+01
-4.718e+01
-4.718e+01
-4.718e+01
-4.718e+01
-4.718e+01
-4.718e+01
-4.718e+01
-4.718e+01
-4.718e+01
-4.718e+01
-4.718e+01
-4.718e+01
-4.718e+01
-4.718e+01
-4.718e+01
-4.718e+01
-4.718e+01
-4.718e+01
-4.572e+01
-4.859e+01
-4.730e+01
-4.718e+01
-4.718e+01
-4.718e+01
-4.718e+01
-4.718e+01
-4.718e+01
-4.718e+01
-4.718e+01
-4.718e+01
-4.718e+01
-4.718e+01
-4.718e+01
-4.718e+01
-4.718e+01
-4.718e+01
-4.718e+01
-4.718e+01
-4.718e+01
-4.572e+01
-4.859e+01
-4.730e+01
-4.718e+01
-4.718e+01
-4.718e+01
-4.718e+01
-4.718e+01
-4.718e+01
-4.718e+01
-4.718e+01
-4.718e+01
-4.718e+01
-4.718e+01
-4.718e+01
-4.718e+01
-4.718e+01
-4.718e+01
-4.718e+01
-4.718e+01
-4.718e+01
-4.572e+01
-4.859e+01
-4.730e+01
-4.718e+01
-4.718e+01
-4.718e+01
-4.718e+01
-4.718e+01
-4.718e+01
-4.718e+01
-4.718e+01
-4.718e+01
-4.718e+01
-4.718e+01
-4.718e+01
-4.718e+01
-4.718e+01
-4.718e+01
-4.718e+01
-4.718e+01
-4.718e+01
-4.572e+01
-4.859e+01
-4.730e+01
-4.718e+01
-4.718e+01
-4.718e+01
-4.718e+01
-4.718e+01
-4.718e+01
-4.718e+01
-4.718e+01
-4.718e+01
-4.718e+01
-4.718e+01
-4.718e+01
-4.718e+01
-4.718e+01
-4.718e+01
-4.718e+01
-4.718e+01
-4.718e+01
-4.572e+01
-4.859e+01
-4.730e+01
-4.718e+01
-4.718e+01
-4.718e+01
-4.718e+01
-4.718e+01
-4.718e+01
-4.718e+01
-4.718e+01
-4.718e+01
-4.718e+01
-4.718e+01
-4.718e+01
-4.718e+01
-4.718e+01
-4.718e+01
-4.718e+01
-4.718e+01
-4.718e+01
-4.572e+01
-4.859e+01
-4.730e+01
-4.718e+01
-4.718e+01
-4.718e+01
-4.718e+01
-4.718e+01
-4.718e+01
-4.718e+01
-4.718e+01
-4.718e+01
-4.718e+01
-4.718e+01
-4.718e+01
-4.718e+01
-4.718e+01
-4.718e+01
-4.718e+01
-4.718e+01
-4.718e+01
-4.572e+01
-4.845e+01
-4.725e+01
-4.717e+01
-4.717e+01
-4.717e+01
-4.717e+01
-4.717e+01
-4.717e+01
-4.717e+01
-4.717e+01
-4.717e+01
-4.717e+01
-4.717e+01
-4.717e+01
-4.717e+01
-4.717e+01
-4.717e+01
-4.717e+01
-4.717e+01
-4.719e+01
-4.585e+01
-1.990e+02
-1.990e+02
-1.990e+02
-1.990e+02
-1.990e+02
-1.990e+02
-1.990e+02
-1.990e+02
-1.990e+02
-1.990e+02
-1.990e+02
-1.990e+02
-1.990e+02
-1.990e+02
-1.990e+02
-1.990e+02
-1.990e+02
-1.990e+02
-1.990e+02
-1.990e+02
-1.989e+02
-1.990e+02
-1.990e+02
-1.989e+02
-1.989e+02
-1.989e+02
-1.989e+02
-1.989e+02
-1.989e+02
-1.989e+02
-1.989e+02
-1.989e+02
-1.989e+02
-1.989e+02
-1.989e+02
-1.989e+02
-1.989e+02
-1.989e+02
-1.989e+02
-1.989e+02
-1.989e+02
-1.988e+02
-1.990e+02
-1.990e+02
-1.989e+02
-1.989e+02
-1.989e+02
-1.989e+02
-1.989e+02
-1.989e+02
-1.989e+02
-1.989e+02
-1.989e+02
-1.989e+02
-1.989e+02
-1.989e+02
-1.989e+02
-1.989e+02
-1.989e+02
-1.989e+02
-1.989e+02
-1.989e+02
-1.988e+02
-1.990e+02
-1.990e+02
-1.989e+02
-1.989e+02
-1.989e+02
-1.989e+02
-1.989e+02
-1.989e+02
-1.989e+02
-1.989e+02
-1.989e+02
-1.989e+02
-1.989e+02
-1.989e+02
-1.989e+02
-1.989e+02
-1.989e+02
-1.989e+02
-1.989e+02
-1.989e+02
-1.988e+02
-1.990e+02
-1.990e+02
-1.989e+02
-1.989e+02
-1.989e+02
-1.989e+02
-1.989e+02
-1.989e+02
-1.989e+02
-1.989e+02
-1.989e+02
-1.989e+02
-1.989e+02
-1.989e+02
-1.989e+02
-1.989e+02
-1.989e+02
-1.989e+02
-1.989e+02
-1.989e+02
-1.988e+02
-1.990e+02
-1.990e+02
-1.989e+02
-1.989e+02
-1.989e+02
-1.989e+02
-1.989e+02
-1.989e+02
-1.989e+02
-1.989e+02
-1.989e+02
-1.989e+02
-1.989e+02
-1.989e+02
-1.989e+02
-1.989e+02
-1.989e+02
-1.989e+02
-1.989e+02
-1.989e+02
-1.988e+02
-1.990e+02
-1.990e+02
-1.989e+02
-1.989e+02
-1.989e+02
-1.989e+02
-1.989e+02
-1.989e+02
-1.989e+02
-1.989e+02
-1.989e+02
-1.989e+02
-1.989e+02
-1.989e+02
-1.989e+02
-1.989e+02
-1.989e+02
-1.989e+02
-1.989e+02
-1.989e+02
-1.988e+02
-1.990e+02
-1.990e+02
-1.989e+02
-1.989e+02
-1.989e+02
-1.989e+02
-1.989e+02
-1.989e+02
-1.989e+02
-1.989e+02
-1.989e+02
-1.989e+02
-1.989e+02
-1.989e+02
-1.989e+02
-1.989e+02
-1.989e+02
-1.989e+02
-1.989e+02
-1.989e+02
-1.988e+02
-1.990e+02
-1.990e+02
-1.989e+02
-1.989e+02
-1.989e+02
-1.989e+02
-1.989e+02
-1.989e+02
-1.989e+02
-1.989e+02
-1.989e+02
-1.989e+02
-1.989e+02
-1.989e+02
-1.989e+02
-1.989e+02
-1.989e+02
-1.989e+02
-1.989e+02
-1.989e+02
-1.988e+02
-1.990e+02
-1.990e+02
-1.989e+02
-1.989e+02
-1.989e+02
-1.989e+02
-1.989e+02
-1.989e+02
-1.989e+02
-1.989e+02
-1.989e+02
-1.989e+02
-1.989e+02
-1.989e+02
-1.989e+02
-1.989e+02
-1.989e+02
-1.989e+02
-1.989e+02
-1.989e+02
-1.988e+02
-1.990e+02
-1.988e+02
-1.988e+02
-1.988e+02
-1.988e+02
-1.988e+02
-1.988e+02
-1.988e+02
-1.988e+02
-1.988e+02
-1.988e+02
-1.988e+02
-1.988e+02
-1.988e+02
-1.988e+02
-1.988e+02
-1.988e+02
-1.988e+02
-1.988e+02
-1.988e+02
-1.987e+02
-8.902e+01
-6.168e+01
-6.168e+01
-6.168e+01
-6.168e+01
-6.168e+01
-6.168e+01
-6.168e+01
-6.168e+01
-6.168e+01
-6.168e+01
-6.168e+01
-6.168e+01
-6.168e+01
-6.168e+01
-6.168e+01
-6.168e+01
-6.168e+01
-6.168e+01
-6.156e+01
-3.340e+01
-6.168e+01
-3.340e+01
-3.343e+01
-3.343e+01
-3.343e+01
-3.343e+01
-3.343e+01
-3.343e+01
-3.343e+01
-3.343e+01
-3.343e+01
-3.343e+01
-3.343e+01
-3.343e+01
-3.343e+01
-3.343e+01
-3.343e+01
-3.343e+01
-3.343e+01
-3.340e+01
-2.111e+01
-6.168e+01
-3.343e+01
-3.343e+01
-3.343e+01
-3.343e+01
-3.343e+01
-3.343e+01
-3.343e+01
-3.343e+01
-3.343e+01
-3.343e+01
-3.343e+01
-3.343e+01
-3.343e+01
-3.343e+01
-3.343e+01
-3.343e+01
-3.343e+01
-3.343e+01
-3.340e+01
-2.112e+01
-6.168e+01
-3.343e+01
-3.343e+01
-3.343e+01
-3.343e+01
-3.343e+01
-3.343e+01
-3.343e+01
-3.343e+01
-3.343e+01
-3.343e+01
-3.343e+01
-3.343e+01
-3.343e+01
-3.343e+01
-3.343e+01
-3.343e+01
-3.343e+01
-3.343e+01
-3.340e+01
-2.112e+01
-6.168e+01
-3.343e+01
-3.343e+01
-3.343e+01
-3.343e+01
-3.343e+01
-3.343e+01
-3.343e+01
-3.343e+01
-3.343e+01
-3.343e+01
-3.343e+01
-3.343e+01
-3.343e+01
-3.343e+01
-3.343e+01
-3.343e+01
-3.343e+01
-3.343e+01
-3.340e+01
-2.112e+01
-6.168e+01
-3.343e+01
-3.343e+01
-3.343e+01
-3.343e+01
-3.343e+01
-3.343e+01
-3.343e+01
-3.343e+01
-3.343e+01
-3.343e+01
-3.343e+01
-3.343e+01
-3.343e+01
-3.343e+01
-3.343e+01
-3.343e+01
-3.343e+01
-3.343e+01
-3.340e+01
-2.112e+01
-6.168e+01
-3.343e+01
-3.343e+01
-3.343e+01
-3.343e+01
-3.343e+01
-3.343e+01
-3.343e+01
-3.343e+01
-3.343e+01
-3.343e+01
-3.343e+01
-3.343e+01
-3.343e+01
-3.343e+01
-3.343e+01
-3.343e+01
-3.343e+01
-3.343e+01
-3.340e+01
-2.112e+01
-6.168e+01
-3.343e+01
-3.343e+01
-3.343e+01
-3.343e+01
-3.343e+01
-3.343e+01
-3.343e+01
-3.343e+01
-3.343e+01
-3.343e+01
-3.343e+01
-3.343e+01
-3.343e+01
-3.343e+01
-3.343e+01
-3.343e+01
-3.343e+01
-3.343e+01
-3.340e+01
-2.112e+01
-6.168e+01
-3.343e+01
-3.343e+01
-3.343e+01
-3.343e+01
-3.343e+01
-3.343e+01
-3.343e+01
-3.343e+01
-3.343e+01
-3.343e+01
-3.343e+01
-3.343e+01
-3.343e+01
-3.343e+01
-3.343e+01
-3.343e+01
-3.343e+01
-3.343e+01
-3.340e+01
-2.112e+01
-6.089e+01
-3.324e+01
-3.326e+01
-3.326e+01
-3.326e+01
-3.326e+01
-3.326e+01
-3.326e+01
-3.326e+01
-3.326e+01
-3.326e+01
-3.326e+01
-3.326e+01
-3.326e+01
-3.326e+01
-3.326e+01
-3.326e+01
-3.326e+01
-3.326e+01
-3.322e+01
-2.110e+01
-1.948e+02
-1.945e+02
-1.945e+02
-1.945e+02
-1.945e+02
-1.945e+02
-1.945e+02
-1.945e+02
-1.945e+02
-1.945e+02
-1.945e+02
-1.945e+02
-1.945e+02
-1.945e+02
-1.945e+02
-1.945e+02
-1.945e+02
-1.945e+02
-1.945e+02
-1.945e+02
-1.939e+02
-1.950e+02
-1.950e+02
-1.950e+02
-1.950e+02
-1.950e+02
-1.950e+02
-1.950e+02
-1.950e+02
-1.950e+02
-1.950e+02
-1.950e+02
-1.950e+02
-1.950e+02
-1.950e+02
-1.950e+02
-1.950e+02
-1.950e+02
-1.950e+02
-1.950e+02
-1.950e+02
-1.945e+02
-1.950e+02
-1.950e+02
-1.950e+02
-1.950e+02
-1.950e+02
-1.950e+02
-1.950e+02
-1.950e+02
-1.950e+02
-1.950e+02
-1.950e+02
-1.950e+02
-1.950e+02
-1.950e+02
-1.950e+02
-1.950e+02
-1.950e+02
-1.950e+02
-1.950e+02
-1.950e+02
-1.945e+02
-1.950e+02
-1.950e+02
-1.950e+02
-1.950e+02
-1.950e+02
-1.950e+02
-1.950e+02
-1.950e+02
-1.950e+02
-1.950e+02
-1.950e+02
-1.950e+02
-1.950e+02
-1.950e+02
-1.950e+02
-1.950e+02
-1.950e+02
-1.950e+02
-1.950e+02
-1.950e+02
-1.945e+02
-1.950e+02
-1.950e+02
-1.950e+02
-1.950e+02
-1.950e+02
-1.950e+02
-1.950e+02
-1.950e+02
-1.950e+02
-1.950e+02
-1.950e+02
-1.950e+02
-1.950e+02
-1.950e+02
-1.950e+02
-1.950e+02
-1.950e+02
-1.950e+02
-1.950e+02
-1.950e+02
-1.945e+02
-1.950e+02
-1.950e+02
-1.950e+02
-1.950e+02
-1.950e+02
-1.950e+02
-1.950e+02
-1.950e+02
-1.950e+02
-1.950e+02
-1.950e+02
-1.950e+02
-1.950e+02
-1.950e+02
-1.950e+02
-1.950e+02
-1.950e+02
-1.950e+02
-1.950e+02
-1.950e+02
-1.945e+02
-1.950e+02
-1.950e+02
-1.950e+02
-1.950e+02
-1.950e+02
-1.950e+02
-1.950e+02
-1.950e+02
-1.950e+02
-1.950e+02
-1.950e+02
-1.950e+02
-1.950e+02
-1.950e+02
-1.950e+02
-1.950e+02
-1.950e+02
-1.950e+02
-1.950e+02
-1.950e+02
-1.945e+02
-1.950e+02
-1.950e+02
-1.950e+02
-1.950e+02
-1.950e+02
-1.950e+02
-1.950e+02
-1.950e+02
-1.950e+02
-1.950e+02
-1.950e+02
-1.950e+02
-1.950e+02
-1.950e+02
-1.950e+02
-1.950e+02
-1.950e+02
-1.950e+02
-1.950e+02
-1.950e+02
-1.945e+02
-1.950e+02
-1.950e+02
-1.950e+02
-1.950e+02
-1.950e+02
-1.950e+02
-1.950e+02
-1.950e+02
-1.950e+02
-1.950e+02
-1.950e+02
-1.950e+02
-1.950e+02
-1.950e+02
-1.950e+02
-1.950e+02
-1.950e+02
-1.950e+02
-1.950e+02
-1.950e+02
-1.945e+02
-1.950e+02
-1.950e+02
-1.950e+02
-1.950e+02
-1.950e+02
-1.950e+02
-1.950e+02
-1.950e+02
-1.950e+02
-1.950e+02
-1.950e+02
-1.950e+02
-1.950e+02
-1.950e+02
-1.950e+02
-1.950e+02
-1.950e+02
-1.950e+02
-1.950e+02
-1.950e+02
-1.945e+02
-1.950e+02
-1.945e+02
-1.945e+02
-1.945e+02
-1.945e+02
-1.945e+02
-1.945e+02
-1.945e+02
-1.945e+02
-1.945e+02
-1.945e+02
-1.945e+02
-1.945e+02
-1.945e+02
-1.945e+02
-1.945e+02
-1.945e+02
-1.945e+02
-1.945e+02
-1.945e+02
-1.933e+02
-1.855e+01
-1.838e+01
-1.838e+01
-1.838e+01
-1.838e+01
-1.838e+01
-1.838e+01
-1.838e+01
-1.838e+01
-1.838e+01
-1.838e+01
-1.838e+01
-1.838e+01
-1.838e+01
-1.838e+01
-1.838e+01
-1.838e+01
-1.838e+01
-1.838e+01
-1.838e+01
-1.811e+01
-1.838e+01
-1.811e+01
-1.809e+01
-1.809e+01
-1.809e+01
-1.809e+01
-1.809e+01
-1.809e+01
-1.809e+01
-1.809e+01
-1.809e+01
-1.809e+01
-1.809e+01
-1.809e+01
-1.809e+01
-1.809e+01
-1.809e+01
-1.809e+01
-1.809e+01
-1.811e+01
-1.783e+01
-1.838e+01
-1.809e+01
-1.807e+01
-1.807e+01
-1.807e+01
-1.807e+01
-1.807e+01
-1.807e+01
-1.807e+01
-1.807e+01
-1.807e+01
-1.807e+01
-1.807e+01
-1.807e+01
-1.807e+01
-1.807e+01
-1.807e+01
-1.807e+01
-1.807e+01
-1.809e+01
-1.774e+01
-1.838e+01
-1.809e+01
-1.807e+01
-1.807e+01
-1.807e+01
-1.807e+01
-1.807e+01
-1.807e+01
-1.807e+01
-1.807e+01
-1.807e+01
-1.807e+01
-1.807e+01
-1.807e+01
-1.807e+01
-1.807e+01
-1.807e+01
-1.807e+01
-1.807e+01
-1.809e+01
-1.774e+01
-1.838e+01
-1.809e+01
-1.807e+01
-1.807e+01
-1.807e+01
-1.807e+01
-1.807e+01
-1.807e+01
-1.807e+01
-1.807e+01
-1.807e+01
-1.807e+01
-1.807e+01
-1.807e+01
-1.807e+01
-1.807e+01
-1.807e+01
-1.807e+01
-1.807e+01
-1.809e+01
-1.774e+01
-1.838e+01
-1.809e+01
-1.807e+01
-1.807e+01
-1.807e+01
-1.807e+01
-1.807e+01
-1.807e+01
-1.807e+01
-1.807e+01
-1.807e+01
-1.807e+01
-1.807e+01
-1.807e+01
-1.807e+01
-1.807e+01
-1.807e+01
-1.807e+01
-1.807e+01
-1.809e+01
-1.774e+01
-1.838e+01
-1.809e+01
-1.807e+01
-1.807e+01
-1.807e+01
-1.807e+01
-1.807e+01
-1.807e+01
-1.807e+01
-1.807e+01
-1.807e+01
-1.807e+01
-1.807e+01
-1.807e+01
-1.807e+01
-1.807e+01
-1.807e+01
-1.807e+01
-1.807e+01
-1.809e+01
-1.774e+01
-1.838e+01
-1.809e+01
-1.807e+01
-1.807e+01
-1.807e+01
-1.807e+01
-1.807e+01
-1.807e+01
-1.807e+01
-1.807e+01
-1.807e+01
-1.807e+01
-1.807e+01
-1.807e+01
-1.807e+01
-1.807e+01
-1.807e+01
-1.807e+01
-1.807e+01
-1.809e+01
-1.774e+01
-1.838e+01
-1.809e+01
-1.807e+01
-1.807e+01
-1.807e+01
-1.807e+01
-1.807e+01
-1.807e+01
-1.807e+01
-1.807e+01
-1.807e+01
-1.807e+01
-1.807e+01
-1.807e+01
-1.807e+01
-1.807e+01
-1.807e+01
-1.807e+01
-1.807e+01
-1.809e+01
-1.774e+01
-1.842e+01
-1.796e+01
-1.793e+01
-1.793e+01
-1.793e+01
-1.793e+01
-1.793e+01
-1.793e+01
-1.793e+01
-1.793e+01
-1.793e+01
-1.793e+01
-1.793e+01
-1.793e+01
-1.793e+01
-1.793e+01
-1.793e+01
-1.793e+01
-1.793e+01
-1.794e+01
-1.762e+01
-9.831e+01
-9.466e+01
-9.343e+01
-9.343e+01
-9.343e+01
-9.343e+01
-9.343e+01
-9.343e+01
-9.343e+01
-9.343e+01
-9.343e+01
-9.343e+01
-9.343e+01
-9.343e+01
-9.343e+01
-9.343e+01
-9.343e+01
-9.343e+01
-9.343e+01
-9.343e+01
-8.718e+01
-9.561e+01
-9.106e+01
-9.011e+01
-9.011e+01
-9.011e+01
-9.011e+01
-9.011e+01
-9.011e+01
-9.011e+01
-9.011e+01
-9.011e+01
-9.011e+01
-9.011e+01
-9.011e+01
-9.011e+01
-9.011e+01
-9.011e+01
-9.011e+01
-9.011e+01
-9.011e+01
-8.408e+01
-9.559e+01
-9.103e+01
-9.008e+01
-9.008e+01
-9.008e+01
-9.008e+01
-9.008e+01
-9.008e+01
-9.008e+01
-9.008e+01
-9.008e+01
-9.008e+01
-9.008e+01
-9.008e+01
-9.008e+01
-9.008e+01
-9.008e+01
-9.008e+01
-9.008e+01
-9.008e+01
-8.401e+01
-9.559e+01
-9.103e+01
-9.008e+01
-9.008e+01
-9.008e+01
-9.008e+01
-9.008e+01
-9.008e+01
-9.008e+01
-9.008e+01
-9.008e+01
-9.008e+01
-9.008e+01
-9.008e+01
-9.008e+01
-9.008e+01
-9.008e+01
-9.008e+01
-9.008e+01
-9.008e+01
-8.401e+01
-9.559e+01
-9.103e+01
-9.008e+01
-9.008e+01
-9.008e+01
-9.008e+01
-9.008e+01
-9.008e+01
-9.008e+01
-9.008e+01
-9.008e+01
-9.008e+01
-9.008e+01
-9.008e+01
-9.008e+01
-9.008e+01
-9.008e+01
-9.008e+01
-9.008e+01
-9.008e+01
-8.401e+01
-9.559e+01
-9.103e+01
-9.008e+01
-9.008e+01
-9.008e+01
-9.008e+01
-9.008e+01
-9.008e+01
-9.008e+01
-9.008e+01
-9.008e+01
-9.008e+01
-9.008e+01
-9.008e+01
-9.008e+01
-9.008e+01
-9.008e+01
-9.008e+01
-9.008e+01
-9.008e+01
-8.401e+01
-9.559e+01
-9.103e+01
-9.008e+01
-9.008e+01
-9.008e+01
-9.008e+01
-9.008e+01
-9.008e+01
-9.008e+01
-9.008e+01
-9.008e+01
-9.008e+01
-9.008e+01
-9.008e+01
-9.008e+01
-9.008e+01
-9.008e+01
-9.008e+01
-9.008e+01
-9.008e+01
-8.401e+01
-9.559e+01
-9.103e+01
-9.008e+01
-9.008e+01
-9.008e+01
-9.008e+01
-9.008e+01
-9.008e+01
-9.008e+01
-9.008e+01
-9.008e+01
-9.008e+01
-9.008e+01
-9.008e+01
-9.008e+01
-9.008e+01
-9.008e+01
-9.008e+01
-9.008e+01
-9.008e+01
-8.401e+01
-9.559e+01
-9.103e+01
-9.008e+01
-9.008e+01
-9.008e+01
-9.008e+01
-9.008e+01
-9.008e+01
-9.008e+01
-9.008e+01
-9.008e+01
-9.008e+01
-9.008e+01
-9.008e+01
-9.008e+01
-9.008e+01
-9.008e+01
-9.008e+01
-9.008e+01
-9.008e+01
-8.401e+01
-9.570e+01
-9.100e+01
-9.007e+01
-9.008e+01
-9.008e+01
-9.008e+01
-9.008e+01
-9.008e+01
-9.008e+01
-9.008e+01
-9.008e+01
-9.008e+01
-9.008e+01
-9.008e+01
-9.008e+01
-9.008e+01
-9.008e+01
-9.008e+01
-9.008e+01
-9.006e+01
-8.398e+01
-9.180e+01
-8.541e+01
-8.398e+01
-8.401e+01
-8.401e+01
-8.401e+01
-8.401e+01
-8.401e+01
-8.401e+01
-8.401e+01
-8.401e+01
-8.401e+01
-8.401e+01
-8.401e+01
-8.401e+01
-8.401e+01
-8.401e+01
-8.401e+01
-8.401e+01
-8.398e+01
-7.953e+01
-2.747e+01
-1.872e+01
-1.872e+01
-1.872e+01
-1.872e+01
-1.872e+01
-1.872e+01
-1.872e+01
-1.872e+01
-1.872e+01
-1.872e+01
-1.872e+01
-1.872e+01
-1.872e+01
-1.872e+01
-1.872e+01
-1.872e+01
-1.872e+01
-1.872e+01
-1.868e+01
-1.121e+01
-1.872e+01
-1.123e+01
-1.123e+01
-1.123e+01
-1.123e+01
-1.123e+01
-1.123e+01
-1.123e+01
-1.123e+01
-1.123e+01
-1.123e+01
-1.123e+01
-1.123e+01
-1.123e+01
-1.123e+01
-1.123e+01
-1.123e+01
-1.123e+01
-1.123e+01
-1.123e+01
-8.099e+00
-1.872e+01
-1.123e+01
-1.123e+01
-1.123e+01
-1.123e+01
-1.123e+01
-1.123e+01
-1.123e+01
-1.123e+01
-1.123e+01
-1.123e+01
-1.123e+01
-1.123e+01
-1.123e+01
-1.123e+01
-1.123e+01
-1.123e+01
-1.123e+01
-1.123e+01
-1.123e+01
-8.103e+00
-1.872e+01
-1.123e+01
-1.123e+01
-1.123e+01
-1.123e+01
-1.123e+01
-1.123e+01
-1.123e+01
-1.123e+01
-1.123e+01
-1.123e+01
-1.123e+01
-1.123e+01
-1.123e+01
-1.123e+01
-1.123e+01
-1.123e+01
-1.123e+01
-1.123e+01
-1.123e+01
-8.103e+00
-1.872e+01
-1.123e+01
-1.123e+01
-1.123e+01
-1.123e+01
-1.123e+01
-1.123e+01
-1.123e+01
-1.123e+01
-1.123e+01
-1.123e+01
-1.123e+01
-1.123e+01
-1.123e+01
-1.123e+01
-1.123e+01
-1.123e+01
-1.123e+01
-1.123e+01
-1.123e+01
-8.103e+00
-1.872e+01
-1.123e+01
-1.123e+01
-1.123e+01
-1.123e+01
-1.123e+01
-1.123e+01
-1.123e+01
-1.123e+01
-1.123e+01
-1.123e+01
-1.123e+01
-1.123e+01
-1.123e+01
-1.123e+01
-1.123e+01
-1.123e+01
-1.123e+01
-1.123e+01
-1.123e+01
-8.103e+00
-1.872e+01
-1.123e+01
-1.123e+01
-1.123e+01
-1.123e+01
-1.123e+01
-1.123e+01
-1.123e+01
-1.123e+01
-1.123e+01
-1.123e+01
-1.123e+01
-1.123e+01
-1.123e+01
-1.123e+01
-1.123e+01
-1.123e+01
-1.123e+01
-1.123e+01
-1.123e+01
-8.103e+00
-1.872e+01
-1.123e+01
-1.123e+01
-1.123e+01
-1.123e+01
-1.123e+01
-1.123e+01
-1.123e+01
-1.123e+01
-1.123e+01
-1.123e+01
-1.123e+01
-1.123e+01
-1.123e+01
-1.123e+01
-1.123e+01
-1.123e+01
-1.123e+01
-1.123e+01
-1.123e+01
-8.103e+00
-1.872e+01
-1.123e+01
-1.123e+01
-1.123e+01
-1.123e+01
-1.123e+01
-1.123e+01
-1.123e+01
-1.123e+01
-1.123e+01
-1.123e+01
-1.123e+01
-1.123e+01
-1.123e+01
-1.123e+01
-1.123e+01
-1.123e+01
-1.123e+01
-1.123e+01
-1.123e+01
-8.103e+00
-1.856e+01
-1.124e+01
-1.124e+01
-1.124e+01
-1.124e+01
-1.124e+01
-1.124e+01
-1.124e+01
-1.124e+01
-1.124e+01
-1.124e+01
-1.124e+01
-1.124e+01
-1.124e+01
-1.124e+01
-1.124e+01
-1.124e+01
-1.124e+01
-1.124e+01
-1.123e+01
-8.105e+00
-1.299e+01
-8.647e+00
-8.658e+00
-8.658e+00
-8.658e+00
-8.658e+00
-8.658e+00
-8.658e+00
-8.658e+00
-8.658e+00
-8.658e+00
-8.658e+00
-8.658e+00
-8.658e+00
-8.658e+00
-8.658e+00
-8.658e+00
-8.658e+00
-8.658e+00
-8.656e+00
-6.617e+00
-1.268e+01
-8.470e+00
-8.481e+00
-8.481e+00
-8.481e+00
-8.481e+00
-8.481e+00
-8.481e+00
-8.481e+00
-8.481e+00
-8.481e+00
-8.481e+00
-8.481e+00
-8.481e+00
-8.481e+00
-8.481e+00
-8.481e+00
-8.481e+00
-8.481e+00
-8.476e+00
-6.510e+00
-1.268e+01
-8.470e+00
-8.484e+00
-8.484e+00
-8.484e+00
-8.484e+00
-8.484e+00
-8.484e+00
-8.484e+00
-8.484e+00
-8.484e+00
-8.484e+00
-8.484e+00
-8.484e+00
-8.484e+00
-8.484e+00
-8.484e+00
-8.484e+00
-8.484e+00
-8.479e+00
-6.511e+00
-1.268e+01
-8.470e+00
-8.484e+00
-8.484e+00
-8.484e+00
-8.484e+00
-8.484e+00
-8.484e+00
-8.484e+00
-8.484e+00
-8.484e+00
-8.484e+00
-8.484e+00
-8.484e+00
-8.484e+00
-8.484e+00
-8.484e+00
-8.484e+00
-8.484e+00
-8.479e+00
-6.511e+00
-1.268e+01
-8.470e+00
-8.484e+00
-8.484e+00
-8.484e+00
-8.484e+00
-8.484e+00
-8.484e+00
-8.484e+00
-8.484e+00
-8.484e+00
-8.484e+00
-8.484e+00
-8.484e+00
-8.484e+00
-8.484e+00
-8.484e+00
-8.484e+00
-8.484e+00
-8.479e+00
-6.511e+00
-1.268e+01
-8.470e+00
-8.484e+00
-8.484e+00
-8.484e+00
-8.484e+00
-8.484e+00
-8.484e+00
-8.484e+00
-8.484e+00
-8.484e+00
-8.484e+00
-8.484e+00
-8.484e+00
-8.484e+00
-8.484e+00
-8.484e+00
-8.484e+00
-8.484e+00
-8.479e+00
-6.511e+00
-1.268e+01
-8.470e+00
-8.484e+00
-8.484e+00
-8.484e+00
-8.484e+00
-8.484e+00
-8.484e+00
-8.484e+00
-8.484e+00
-8.484e+00
-8.484e+00
-8.484e+00
-8.484e+00
-8.484e+00
-8.484e+00
-8.484e+00
-8.484e+00
-8.484e+00
-8.479e+00
-6.511e+00
-1.268e+01
-8.470e+00
-8.484e+00
-8.484e+00
-8.484e+00
-8.484e+00
-8.484e+00
-8.484e+00
-8.484e+00
-8.484e+00
-8.484e+00
-8.484e+00
-8.484e+00
-8.484e+00
-8.484e+00
-8.484e+00
-8.484e+00
-8.484e+00
-8.484e+00
-8.479e+00
-6.511e+00
-1.268e+01
-8.470e+00
-8.484e+00
-8.484e+00
-8.484e+00
-8.484e+00
-8.484e+00
-8.484e+00
-8.484e+00
-8.484e+00
-8.484e+00
-8.484e+00
-8.484e+00
-8.484e+00
-8.484e+00
-8.484e+00
-8.484e+00
-8.484e+00
-8.484e+00
-8.479e+00
-6.511e+00
-1.267e+01
-8.450e+00
-8.479e+00
-8.479e+00
-8.479e+00
-8.479e+00
-8.479e+00
-8.479e+00
-8.479e+00
-8.479e+00
-8.479e+00
-8.479e+00
-8.479e+00
-8.479e+00
-8.479e+00
-8.479e+00
-8.479e+00
-8.479e+00
-8.479e+00
-8.463e+00
-6.510e+00
-8.418e+00
-6.491e+00
-6.511e+00
-6.511e+00
-6.511e+00
-6.511e+00
-6.511e+00
-6.511e+00
-6.511e+00
-6.511e+00
-6.511e+00
-6.511e+00
-6.511e+00
-6.511e+00
-6.511e+00
-6.511e+00
-6.511e+00
-6.511e+00
-6.511e+00
-6.510e+00
-5.908e+00
-5.094e+00
-5.083e+00
-5.082e+00
-5.082e+00
-5.082e+00
-5.082e+00
-5.082e+00
-5.082e+00
-5.082e+00
-5.082e+00
-5.082e+00
-5.082e+00
-5.082e+00
-5.082e+00
-5.082e+00
-5.082e+00
-5.082e+00
-5.082e+00
-5.082e+00
-5.083e+00
-5.077e+00
-5.083e+00
-5.077e+00
-5.077e+00
-5.077e+00
-5.077e+00
-5.077e+00
-5.077e+00
-5.077e+00
-5.077e+00
-5.077e+00
-5.077e+00
-5.077e+00
-5.077e+00
-5.077e+00
-5.077e+00
-5.077e+00
-5.077e+00
-5.077e+00
-5.077e+00
-5.077e+00
-5.058e+00
-5.082e+00
-5.077e+00
-5.072e+00
-5.072e+00
-5.072e+00
-5.072e+00
-5.072e+00
-5.072e+00
-5.072e+00
-5.072e+00
-5.072e+00
-5.072e+00
-5.072e+00
-5.072e+00
-5.072e+00
-5.072e+00
-5.072e+00
-5.072e+00
-5.072e+00
-5.075e+00
-5.058e+00
-5.082e+00
-5.077e+00
-5.072e+00
-5.072e+00
-5.072e+00
-5.072e+00
-5.072e+00
-5.072e+00
-5.072e+00
-5.072e+00
-5.072e+00
-5.072e+00
-5.072e+00
-5.072e+00
-5.072e+00
-5.072e+00
-5.072e+00
-5.072e+00
-5.072e+00
-5.075e+00
-5.058e+00
-5.082e+00
-5.077e+00
-5.072e+00
-5.072e+00
-5.072e+00
-5.072e+00
-5.072e+00
-5.072e+00
-5.072e+00
-5.072e+00
-5.072e+00
-5.072e+00
-5.072e+00
-5.072e+00
-5.072e+00
-5.072e+00
-5.072e+00
-5.072e+00
-5.072e+00
-5.075e+00
-5.058e+00
-5.082e+00
-5.077e+00
-5.072e+00
-5.072e+00
-5.072e+00
-5.072e+00
-5.072e+00
-5.072e+00
-5.072e+00
-5.072e+00
-5.072e+00
-5.072e+00
-5.072e+00
-5.072e+00
-5.072e+00
-5.072e+00
-5.072e+00
-5.072e+00
-5.072e+00
-5.075e+00
-5.058e+00
-5.082e+00
-5.077e+00
-5.072e+00
-5.072e+00
-5.072e+00
-5.072e+00
-5.072e+00
-5.072e+00
-5.072e+00
-5.072e+00
-5.072e+00
-5.072e+00
-5.072e+00
-5.072e+00
-5.072e+00
-5.072e+00
-5.072e+00
-5.072e+00
-5.072e+00
-5.075e+00
-5.058e+00
-5.082e+00
-5.077e+00
-5.072e+00
-5.072e+00
-5.072e+00
-5.072e+00
-5.072e+00
-5.072e+00
-5.072e+00
-5.072e+00
-5.072e+00
-5.072e+00
-5.072e+00
-5.072e+00
-5.072e+00
-5.072e+00
-5.072e+00
-5.072e+00
-5.072e+00
-5.075e+00
-5.058e+00
-5.082e+00
-5.077e+00
-5.072e+00
-5.072e+00
-5.072e+00
-5.072e+00
-5.072e+00
-5.072e+00
-5.072e+00
-5.072e+00
-5.072e+00
-5.072e+00
-5.072e+00
-5.072e+00
-5.072e+00
-5.072e+00
-5.072e+00
-5.072e+00
-5.072e+00
-5.075e+00
-5.058e+00
-5.064e+00
-5.051e+00
-5.051e+00
-5.051e+00
-5.051e+00
-5.051e+00
-5.051e+00
-5.051e+00
-5.051e+00
-5.051e+00
-5.051e+00
-5.051e+00
-5.051e+00
-5.051e+00
-5.051e+00
-5.051e+00
-5.051e+00
-5.051e+00
-5.051e+00
-5.051e+00
-5.040e+00
-1.705e+00
-1.702e+00
-1.702e+00
-1.702e+00
-1.702e+00
-1.702e+00
-1.702e+00
-1.702e+00
-1.702e+00
-1.702e+00
-1.702e+00
-1.702e+00
-1.702e+00
-1.702e+00
-1.702e+00
-1.702e+00
-1.702e+00
-1.702e+00
-1.702e+00
-1.702e+00
-1.698e+00
-1.711e+00
-1.710e+00
-1.710e+00
-1.710e+00
-1.710e+00
-1.710e+00
-1.710e+00
-1.710e+00
-1.710e+00
-1.710e+00
-1.710e+00
-1.710e+00
-1.710e+00
-1.710e+00
-1.710e+00
-1.710e+00
-1.710e+00
-1.710e+00
-1.710e+00
-1.710e+00
-1.706e+00
-1.711e+00
-1.709e+00
-1.710e+00
-1.710e+00
-1.710e+00
-1.710e+00
-1.710e+00
-1.710e+00
-1.710e+00
-1.710e+00
-1.710e+00
-1.710e+00
-1.710e+00
-1.710e+00
-1.710e+00
-1.710e+00
-1.710e+00
-1.710e+00
-1.710e+00
-1.710e+00
-1.706e+00
-1.711e+00
-1.709e+00
-1.710e+00
-1.710e+00
-1.710e+00
-1.710e+00
-1.710e+00
-1.710e+00
-1.710e+00
-1.710e+00
-1.710e+00
-1.710e+00
-1.710e+00
-1.710e+00
-1.710e+00
-1.710e+00
-1.710e+00
-1.710e+00
-1.710e+00
-1.710e+00
-1.706e+00
-1.711e+00
-1.709e+00
-1.710e+00
-1.710e+00
-1.710e+00
-1.710e+00
-1.710e+00
-1.710e+00
-1.710e+00
-1.710e+00
-1.710e+00
-1.710e+00
-1.710e+00
-1.710e+00
-1.710e+00
-1.710e+00
-1.710e+00
-1.710e+00
-1.710e+00
-1.710e+00
-1.706e+00
-1.711e+00
-1.709e+00
-1.710e+00
-1.710e+00
-1.710e+00
-1.710e+00
-1.710e+00
-1.710e+00
-1.710e+00
-1.710e+00
-1.710e+00
-1.710e+00
-1.710e+00
-1.710e+00
-1.710e+00
-1.710e+00
-1.710e+00
-1.710e+00
-1.710e+00
-1.710e+00
-1.706e+00
-1.711e+00
-1.709e+00
-1.710e+00
-1.710e+00
-1.710e+00
-1.710e+00
-1.710e+00
-1.710e+00
-1.710e+00
-1.710e+00
-1.710e+00
-1.710e+00
-1.710e+00
-1.710e+00
-1.710e+00
-1.710e+00
-1.710e+00
-1.710e+00
-1.710e+00
-1.710e+00
-1.706e+00
-1.711e+00
-1.709e+00
-1.710e+00
-1.710e+00
-1.710e+00
-1.710e+00
-1.710e+00
-1.710e+00
-1.710e+00
-1.710e+00
-1.710e+00
-1.710e+00
-1.710e+00
-1.710e+00
-1.710e+00
-1.710e+00
-1.710e+00
-1.710e+00
-1.710e+00
-1.710e+00
-1.706e+00
-1.711e+00
-1.709e+00
-1.710e+00
-1.710e+00
-1.710e+00
-1.710e+00
-1.710e+00
-1.710e+00
-1.710e+00
-1.710e+00
-1.710e+00
-1.710e+00
-1.710e+00
-1.710e+00
-1.710e+00
-1.710e+00
-1.710e+00
-1.710e+00
-1.710e+00
-1.710e+00
-1.706e+00
-1.712e+00
-1.709e+00
-1.710e+00
-1.710e+00
-1.710e+00
-1.710e+00
-1.710e+00
-1.710e+00
-1.710e+00
-1.710e+00
-1.710e+00
-1.710e+00
-1.710e+00
-1.710e+00
-1.710e+00
-1.710e+00
-1.710e+00
-1.710e+00
-1.710e+00
-1.710e+00
-1.706e+00
-1.708e+00
-1.706e+00
-1.706e+00
-1.706e+00
-1.706e+00
-1.706e+00
-1.706e+00
-1.706e+00
-1.706e+00
-1.706e+00
-1.706e+00
-1.706e+00
-1.706e+00
-1.706e+00
-1.706e+00
-1.706e+00
-1.706e+00
-1.706e+00
-1.706e+00
-1.706e+00
-1.706e+00
-3.579e+00
-3.343e+00
-3.343e+00
-3.343e+00
-3.343e+00
-3.343e+00
-3.343e+00
-3.343e+00
-3.343e+00
-3.343e+00
-3.343e+00
-3.343e+00
-3.343e+00
-3.343e+00
-3.343e+00
-3.343e+00
-3.343e+00
-3.343e+00
-3.343e+00
-3.343e+00
-3.000e+00
-3.343e+00
-3.001e+00
-3.001e+00
-3.001e+00
-3.001e+00
-3.001e+00
-3.001e+00
-3.001e+00
-3.001e+00
-3.001e+00
-3.001e+00
-3.001e+00
-3.001e+00
-3.001e+00
-3.001e+00
-3.001e+00
-3.001e+00
-3.001e+00
-3.001e+00
-3.001e+00
-2.766e+00
-3.343e+00
-3.001e+00
-3.001e+00
-3.001e+00
-3.001e+00
-3.001e+00
-3.001e+00
-3.001e+00
-3.001e+00
-3.001e+00
-3.001e+00
-3.001e+00
-3.001e+00
-3.001e+00
-3.001e+00
-3.001e+00
-3.001e+00
-3.001e+00
-3.001e+00
-3.001e+00
-2.766e+00
-3.343e+00
-3.001e+00
-3.001e+00
-3.001e+00
-3.001e+00
-3.001e+00
-3.001e+00
-3.001e+00
-3.001e+00
-3.001e+00
-3.001e+00
-3.001e+00
-3.001e+00
-3.001e+00
-3.001e+00
-3.001e+00
-3.001e+00
-3.001e+00
-3.001e+00
-3.001e+00
-2.766e+00
-3.343e+00
-3.001e+00
-3.001e+00
-3.001e+00
-3.001e+00
-3.001e+00
-3.001e+00
-3.001e+00
-3.001e+00
-3.001e+00
-3.001e+00
-3.001e+00
-3.001e+00
-3.001e+00
-3.001e+00
-3.001e+00
-3.001e+00
-3.001e+00
-3.001e+00
-3.001e+00
-2.766e+00
-3.343e+00
-3.001e+00
-3.001e+00
-3.001e+00
-3.001e+00
-3.001e+00
-3.001e+00
-3.001e+00
-3.001e+00
-3.001e+00
-3.001e+00
-3.001e+00
-3.001e+00
-3.001e+00
-3.001e+00
-3.001e+00
-3.001e+00
-3.001e+00
-3.001e+00
-3.001e+00
-2.766e+00
-3.343e+00
-3.001e+00
-3.001e+00
-3.001e+00
-3.001e+00
-3.001e+00
-3.001e+00
-3.001e+00
-3.001e+00
-3.001e+00
-3.001e+00
-3.001e+00
-3.001e+00
-3.001e+00
-3.001e+00
-3.001e+00
-3.001e+00
-3.001e+00
-3.001e+00
-3.001e+00
-2.766e+00
-3.343e+00
-3.001e+00
-3.001e+00
-3.001e+00
-3.001e+00
-3.001e+00
-3.001e+00
-3.001e+00
-3.001e+00
-3.001e+00
-3.001e+00
-3.001e+00
-3.001e+00
-3.001e+00
-3.001e+00
-3.001e+00
-3.001e+00
-3.001e+00
-3.001e+00
-3.001e+00
-2.766e+00
-3.343e+00
-3.001e+00
-3.001e+00
-3.001e+00
-3.001e+00
-3.001e+00
-3.001e+00
-3.001e+00
-3.001e+00
-3.001e+00
-3.001e+00
-3.001e+00
-3.001e+00
-3.001e+00
-3.001e+00
-3.001e+00
-3.001e+00
-3.001e+00
-3.001e+00
-3.001e+00
-2.766e+00
-3.332e+00
-2.994e+00
-2.994e+00
-2.994e+00
-2.994e+00
-2.994e+00
-2.994e+00
-2.994e+00
-2.994e+00
-2.994e+00
-2.994e+00
-2.994e+00
-2.994e+00
-2.994e+00
-2.994e+00
-2.994e+00
-2.994e+00
-2.994e+00
-2.994e+00
-2.993e+00
-2.760e+00
-1.395e+00
-1.405e+00
-1.405e+00
-1.405e+00
-1.405e+00
-1.405e+00
-1.405e+00
-1.405e+00
-1.405e+00
-1.405e+00
-1.405e+00
-1.405e+00
-1.405e+00
-1.405e+00
-1.405e+00
-1.405e+00
-1.405e+00
-1.405e+00
-1.405e+00
-1.405e+00
-1.411e+00
-1.395e+00
-1.405e+00
-1.405e+00
-1.405e+00
-1.405e+00
-1.405e+00
-1.405e+00
-1.405e+00
-1.405e+00
-1.405e+00
-1.405e+00
-1.405e+00
-1.405e+00
-1.405e+00
-1.405e+00
-1.405e+00
-1.405e+00
-1.405e+00
-1.405e+00
-1.405e+00
-1.411e+00
-1.395e+00
-1.405e+00
-1.405e+00
-1.405e+00
-1.405e+00
-1.405e+00
-1.405e+00
-1.405e+00
-1.405e+00
-1.405e+00
-1.405e+00
-1.405e+00
-1.405e+00
-1.405e+00
-1.405e+00
-1.405e+00
-1.405e+00
-1.405e+00
-1.405e+00
-1.405e+00
-1.411e+00
-1.395e+00
-1.405e+00
-1.405e+00
-1.405e+00
-1.405e+00
-1.405e+00
-1.405e+00
-1.405e+00
-1.405e+00
-1.405e+00
-1.405e+00
-1.405e+00
-1.405e+00
-1.405e+00
-1.405e+00
-1.405e+00
-1.405e+00
-1.405e+00
-1.405e+00
-1.405e+00
-1.411e+00
-1.395e+00
-1.405e+00
-1.405e+00
-1.405e+00
-1.405e+00
-1.405e+00
-1.405e+00
-1.405e+00
-1.405e+00
-1.405e+00
-1.405e+00
-1.405e+00
-1.405e+00
-1.405e+00
-1.405e+00
-1.405e+00
-1.405e+00
-1.405e+00
-1.405e+00
-1.405e+00
-1.411e+00
-1.395e+00
-1.405e+00
-1.405e+00
-1.405e+00
-1.405e+00
-1.405e+00
-1.405e+00
-1.405e+00
-1.405e+00
-1.405e+00
-1.405e+00
-1.405e+00
-1.405e+00
-1.405e+00
-1.405e+00
-1.405e+00
-1.405e+00
-1.405e+00
-1.405e+00
-1.405e+00
-1.411e+00
-1.395e+00
-1.405e+00
-1.405e+00
-1.405e+00
-1.405e+00
-1.405e+00
-1.405e+00
-1.405e+00
-1.405e+00
-1.405e+00
-1.405e+00
-1.405e+00
-1.405e+00
-1.405e+00
-1.405e+00
-1.405e+00
-1.405e+00
-1.405e+00
-1.405e+00
-1.405e+00
-1.411e+00
-1.395e+00
-1.405e+00
-1.405e+00
-1.405e+00
-1.405e+00
-1.405e+00
-1.405e+00
-1.405e+00
-1.405e+00
-1.405e+00
-1.405e+00
-1.405e+00
-1.405e+00
-1.405e+00
-1.405e+00
-1.405e+00
-1.405e+00
-1.405e+00
-1.405e+00
-1.405e+00
-1.411e+00
-1.395e+00
-1.405e+00
-1.405e+00
-1.405e+00
-1.405e+00
-1.405e+00
-1.405e+00
-1.405e+00
-1.405e+00
-1.405e+00
-1.405e+00
-1.405e+00
-1.405e+00
-1.405e+00
-1.405e+00
-1.405e+00
-1.405e+00
-1.405e+00
-1.405e+00
-1.405e+00
-1.411e+00
-1.395e+00
-1.405e+00
-1.405e+00
-1.405e+00
-1.405e+00
-1.405e+00
-1.405e+00
-1.405e+00
-1.405e+00
-1.405e+00
-1.405e+00
-1.405e+00
-1.405e+00
-1.405e+00
-1.405e+00
-1.405e+00
-1.405e+00
-1.405e+00
-1.405e+00
-1.405e+00
-1.411e+00
-1.405e+00
-1.411e+00
-1.411e+00
-1.411e+00
-1.411e+00
-1.411e+00
-1.411e+00
-1.411e+00
-1.411e+00
-1.411e+00
-1.411e+00
-1.411e+00
-1.411e+00
-1.411e+00
-1.411e+00
-1.411e+00
-1.411e+00
-1.411e+00
-1.411e+00
-1.411e+00
-1.416e+00
-1.495e+00
-1.495e+00
-1.495e+00
-1.495e+00
-1.495e+00
-1.495e+00
-1.495e+00
-1.495e+00
-1.495e+00
-1.495e+00
-1.495e+00
-1.495e+00
-1.495e+00
-1.495e+00
-1.495e+00
-1.495e+00
-1.495e+00
-1.495e+00
-1.495e+00
-1.495e+00
-1.495e+00
-1.495e+00
-1.495e+00
-1.495e+00
-1.495e+00
-1.495e+00
-1.495e+00
-1.495e+00
-1.495e+00
-1.495e+00
-1.495e+00
-1.495e+00
-1.495e+00
-1.495e+00
-1.495e+00
-1.495e+00
-1.495e+00
-1.495e+00
-1.495e+00
-1.495e+00
-1.495e+00
-1.495e+00
-1.495e+00
-1.495e+00
-1.495e+00
-1.495e+00
-1.495e+00
-1.495e+00
-1.495e+00
-1.495e+00
-1.495e+00
-1.495e+00
-1.495e+00
-1.495e+00
-1.495e+00
-1.495e+00
-1.495e+00
-1.495e+00
-1.495e+00
-1.495e+00
-1.495e+00
-1.495e+00
-1.495e+00
-1.495e+00
-1.495e+00
-1.495e+00
-1.495e+00
-1.495e+00
-1.495e+00
-1.495e+00
-1.495e+00
-1.495e+00
-1.495e+00
-1.495e+00
-1.495e+00
-1.495e+00
-1.495e+00
-1.495e+00
-1.495e+00
-1.495e+00
-1.495e+00
-1.495e+00
-1.495e+00
-1.495e+00
-1.495e+00
-1.495e+00
-1.495e+00
-1.495e+00
-1.495e+00
-1.495e+00
-1.495e+00
-1.495e+00
-1.495e+00
-1.495e+00
-1.495e+00
-1.495e+00
-1.495e+00
-1.495e+00
-1.495e+00
-1.495e+00
-1.495e+00
-1.495e+00
-1.495e+00
-1.495e+00
-1.495e+00
-1.495e+00
-1.495e+00
-1.495e+00
-1.495e+00
-1.495e+00
-1.495e+00
-1.495e+00
-1.495e+00
-1.495e+00
-1.495e+00
-1.495e+00
-1.495e+00
-1.495e+00
-1.495e+00
-1.495e+00
-1.495e+00
-1.495e+00
-1.495e+00
-1.495e+00
-1.495e+00
-1.495e+00
-1.495e+00
-1.495e+00
-1.495e+00
-1.495e+00
-1.495e+00
-1.495e+00
-1.495e+00
-1.495e+00
-1.495e+00
-1.495e+00
-1.495e+00
-1.495e+00
-1.495e+00
-1.495e+00
-1.495e+00
-1.495e+00
-1.495e+00
-1.495e+00
-1.495e+00
-1.495e+00
-1.495e+00
-1.495e+00
-1.495e+00
-1.495e+00
-1.495e+00
-1.495e+00
-1.495e+00
-1.495e+00
-1.495e+00
-1.495e+00
-1.495e+00
-1.495e+00
-1.495e+00
-1.495e+00
-1.495e+00
-1.495e+00
-1.495e+00
-1.495e+00
-1.495e+00
-1.495e+00
-1.495e+00
-1.495e+00
-1.495e+00
-1.495e+00
-1.495e+00
-1.495e+00
-1.495e+00
-1.495e+00
-1.495e+00
-1.495e+00
-1.495e+00
-1.495e+00
-1.495e+00
-1.495e+00
-1.495e+00
-1.495e+00
-1.495e+00
-1.495e+00
-1.495e+00
-1.495e+00
-1.495e+00
-1.495e+00
-1.495e+00
-1.495e+00
-1.495e+00
-1.495e+00
-1.495e+00
-1.495e+00
-1.495e+00
-1.495e+00
-1.495e+00
-1.495e+00
-1.495e+00
-1.495e+00
-1.495e+00
-1.495e+00
-1.495e+00
-1.495e+00
-1.495e+00
-1.495e+00
-1.495e+00
-1.495e+00
-1.495e+00
-1.494e+00
-1.160e+00
-1.160e+00
-1.160e+00
-1.160e+00
-1.160e+00
-1.160e+00
-1.160e+00
-1.160e+00
-1.160e+00
-1.160e+00
-1.160e+00
-1.160e+00
-1.160e+00
-1.160e+00
-1.160e+00
-1.160e+00
-1.160e+00
-1.160e+00
-1.160e+00
-1.160e+00
-1.160e+00
-1.158e+00
-1.158e+00
-1.158e+00
-1.158e+00
-1.158e+00
-1.158e+00
-1.158e+00
-1.158e+00
-1.158e+00
-1.158e+00
-1.158e+00
-1.158e+00
-1.158e+00
-1.158e+00
-1.158e+00
-1.158e+00
-1.158e+00
-1.158e+00
-1.158e+00
-1.158e+00
-1.158e+00
-1.158e+00
-1.158e+00
-1.158e+00
-1.158e+00
-1.158e+00
-1.158e+00
-1.158e+00
-1.158e+00
-1.158e+00
-1.158e+00
-1.158e+00
-1.158e+00
-1.158e+00
-1.158e+00
-1.158e+00
-1.158e+00
-1.158e+00
-1.158e+00
-1.158e+00
-1.158e+00
-1.158e+00
-1.158e+00
-1.158e+00
-1.158e+00
-1.158e+00
-1.158e+00
-1.158e+00
-1.158e+00
-1.158e+00
-1.158e+00
-1.158e+00
-1.158e+00
-1.158e+00
-1.158e+00
-1.158e+00
-1.158e+00
-1.158e+00
-1.158e+00
-1.158e+00
-1.158e+00
-1.158e+00
-1.158e+00
-1.158e+00
-1.158e+00
-1.158e+00
-1.158e+00
-1.158e+00
-1.158e+00
-1.158e+00
-1.158e+00
-1.158e+00
-1.158e+00
-1.158e+00
-1.158e+00
-1.158e+00
-1.158e+00
-1.158e+00
-1.158e+00
-1.158e+00
-1.158e+00
-1.158e+00
-1.158e+00
-1.158e+00
-1.158e+00
-1.158e+00
-1.158e+00
-1.158e+00
-1.158e+00
-1.158e+00
-1.158e+00
-1.158e+00
-1.158e+00
-1.158e+00
-1.158e+00
-1.158e+00
-1.158e+00
-1.158e+00
-1.158e+00
-1.158e+00
-1.158e+00
-1.158e+00
-1.158e+00
-1.158e+00
-1.158e+00
-1.158e+00
-1.158e+00
-1.158e+00
-1.158e+00
-1.158e+00
-1.158e+00
-1.158e+00
-1.158e+00
-1.158e+00
-1.158e+00
-1.158e+00
-1.158e+00
-1.158e+00
-1.158e+00
-1.158e+00
-1.158e+00
-1.158e+00
-1.158e+00
-1.158e+00
-1.158e+00
-1.158e+00
-1.158e+00
-1.158e+00
-1.158e+00
-1.158e+00
-1.158e+00
-1.158e+00
-1.158e+00
-1.158e+00
-1.158e+00
-1.158e+00
-1.158e+00
-1.158e+00
-1.158e+00
-1.158e+00
-1.158e+00
-1.158e+00
-1.158e+00
-1.158e+00
-1.158e+00
-1.158e+00
-1.158e+00
-1.158e+00
-1.158e+00
-1.158e+00
-1.158e+00
-1.158e+00
-1.158e+00
-1.158e+00
-1.158e+00
-1.158e+00
-1.158e+00
-1.158e+00
-1.158e+00
-1.158e+00
-1.158e+00
-1.158e+00
-1.158e+00
-1.158e+00
-1.158e+00
-1.158e+00
-1.158e+00
-1.158e+00
-1.158e+00
-1.158e+00
-1.158e+00
-1.158e+00
-1.158e+00
-1.158e+00
-1.158e+00
-1.158e+00
-1.158e+00
-1.158e+00
-1.158e+00
-1.158e+00
-1.158e+00
-1.158e+00
-1.158e+00
-1.158e+00
-1.158e+00
-1.158e+00
-1.158e+00
-1.158e+00
-1.158e+00
-1.158e+00
-1.158e+00
-1.158e+00
-1.158e+00
-1.158e+00
-1.158e+00
-1.158e+00
-1.158e+00
-1.158e+00
-1.158e+00
-1.158e+00
-1.158e+00
-1.158e+00
-1.158e+00
-1.158e+00
-1.158e+00
-1.158e+00
-1.158e+00
-1.158e+00
-1.158e+00
-1.158e+00
-9.075e-01
-9.036e-01
-9.035e-01
-9.035e-01
-9.035e-01
-9.035e-01
-9.035e-01
-9.035e-01
-9.035e-01
-9.035e-01
-9.035e-01
-9.035e-01
-9.035e-01
-9.035e-01
-9.035e-01
-9.035e-01
-9.035e-01
-9.035e-01
-9.035e-01
-9.035e-01
-8.981e-01
-9.036e-01
-8.989e-01
-8.986e-01
-8.986e-01
-8.986e-01
-8.986e-01
-8.986e-01
-8.986e-01
-8.986e-01
-8.986e-01
-8.986e-01
-8.986e-01
-8.986e-01
-8.986e-01
-8.986e-01
-8.986e-01
-8.986e-01
-8.986e-01
-8.986e-01
-8.984e-01
-8.947e-01
-9.035e-01
-8.986e-01
-8.984e-01
-8.984e-01
-8.984e-01
-8.984e-01
-8.984e-01
-8.984e-01
-8.984e-01
-8.984e-01
-8.984e-01
-8.984e-01
-8.984e-01
-8.984e-01
-8.984e-01
-8.984e-01
-8.984e-01
-8.984e-01
-8.984e-01
-8.984e-01
-8.944e-01
-9.035e-01
-8.986e-01
-8.984e-01
-8.984e-01
-8.984e-01
-8.984e-01
-8.984e-01
-8.984e-01
-8.984e-01
-8.984e-01
-8.984e-01
-8.984e-01
-8.984e-01
-8.984e-01
-8.984e-01
-8.984e-01
-8.984e-01
-8.984e-01
-8.984e-01
-8.984e-01
-8.944e-01
-9.035e-01
-8.986e-01
-8.984e-01
-8.984e-01
-8.984e-01
-8.984e-01
-8.984e-01
-8.984e-01
-8.984e-01
-8.984e-01
-8.984e-01
-8.984e-01
-8.984e-01
-8.984e-01
-8.984e-01
-8.984e-01
-8.984e-01
-8.984e-01
-8.984e-01
-8.984e-01
-8.944e-01
-9.035e-01
-8.986e-01
-8.984e-01
-8.984e-01
-8.984e-01
-8.984e-01
-8.984e-01
-8.984e-01
-8.984e-01
-8.984e-01
-8.984e-01
-8.984e-01
-8.984e-01
-8.984e-01
-8.984e-01
-8.984e-01
-8.984e-01
-8.984e-01
-8.984e-01
-8.984e-01
-8.944e-01
-9.035e-01
-8.986e-01
-8.984e-01
-8.984e-01
-8.984e-01
-8.984e-01
-8.984e-01
-8.984e-01
-8.984e-01
-8.984e-01
-8.984e-01
-8.984e-01
-8.984e-01
-8.984e-01
-8.984e-01
-8.984e-01
-8.984e-01
-8.984e-01
-8.984e-01
-8.984e-01
-8.944e-01
-9.035e-01
-8.986e-01
-8.984e-01
-8.984e-01
-8.984e-01
-8.984e-01
-8.984e-01
-8.984e-01
-8.984e-01
-8.984e-01
-8.984e-01
-8.984e-01
-8.984e-01
-8.984e-01
-8.984e-01
-8.984e-01
-8.984e-01
-8.984e-01
-8.984e-01
-8.984e-01
-8.944e-01
-9.035e-01
-8.985e-01
-8.984e-01
-8.984e-01
-8.984e-01
-8.984e-01
-8.984e-01
-8.984e-01
-8.984e-01
-8.984e-01
-8.984e-01
-8.984e-01
-8.984e-01
-8.984e-01
-8.984e-01
-8.984e-01
-8.984e-01
-8.984e-01
-8.984e-01
-8.982e-01
-8.943e-01
-9.022e-01
-8.968e-01
-8.964e-01
-8.964e-01
-8.964e-01
-8.964e-01
-8.964e-01
-8.964e-01
-8.964e-01
-8.964e-01
-8.964e-01
-8.964e-01
-8.964e-01
-8.964e-01
-8.964e-01
-8.964e-01
-8.964e-01
-8.964e-01
-8.964e-01
-8.962e-01
-8.922e-01
-8.617e-01
-8.621e-01
-8.622e-01
-8.622e-01
-8.622e-01
-8.622e-01
-8.622e-01
-8.622e-01
-8.622e-01
-8.622e-01
-8.622e-01
-8.622e-01
-8.622e-01
-8.622e-01
-8.622e-01
-8.622e-01
-8.622e-01
-8.622e-01
-8.622e-01
-8.622e-01
-8.622e-01
-8.600e-01
-8.600e-01
-8.600e-01
-8.600e-01
-8.600e-01
-8.600e-01
-8.600e-01
-8.600e-01
-8.600e-01
-8.600e-01
-8.600e-01
-8.600e-01
-8.600e-01
-8.600e-01
-8.600e-01
-8.600e-01
-8.600e-01
-8.600e-01
-8.600e-01
-8.600e-01
-8.600e-01
-8.600e-01
-8.600e-01
-8.600e-01
-8.600e-01
-8.600e-01
-8.600e-01
-8.600e-01
-8.600e-01
-8.600e-01
-8.600e-01
-8.600e-01
-8.600e-01
-8.600e-01
-8.600e-01
-8.600e-01
-8.600e-01
-8.600e-01
-8.600e-01
-8.600e-01
-8.600e-01
-8.600e-01
-8.600e-01
-8.600e-01
-8.600e-01
-8.600e-01
-8.600e-01
-8.600e-01
-8.600e-01
-8.600e-01
-8.600e-01
-8.600e-01
-8.600e-01
-8.600e-01
-8.600e-01
-8.600e-01
-8.600e-01
-8.600e-01
-8.600e-01
-8.600e-01
-8.600e-01
-8.600e-01
-8.600e-01
-8.600e-01
-8.600e-01
-8.600e-01
-8.600e-01
-8.600e-01
-8.600e-01
-8.600e-01
-8.600e-01
-8.600e-01
-8.600e-01
-8.600e-01
-8.600e-01
-8.600e-01
-8.600e-01
-8.600e-01
-8.600e-01
-8.600e-01
-8.600e-01
-8.600e-01
-8.600e-01
-8.600e-01
-8.600e-01
-8.600e-01
-8.600e-01
-8.600e-01
-8.600e-01
-8.600e-01
-8.600e-01
-8.600e-01
-8.600e-01
-8.600e-01
-8.600e-01
-8.600e-01
-8.600e-01
-8.600e-01
-8.600e-01
-8.600e-01
-8.600e-01
-8.600e-01
-8.600e-01
-8.600e-01
-8.600e-01
-8.600e-01
-8.600e-01
-8.600e-01
-8.600e-01
-8.600e-01
-8.600e-01
-8.600e-01
-8.600e-01
-8.600e-01
-8.600e-01
-8.600e-01
-8.600e-01
-8.600e-01
-8.600e-01
-8.600e-01
-8.600e-01
-8.600e-01
-8.600e-01
-8.600e-01
-8.600e-01
-8.600e-01
-8.600e-01
-8.600e-01
-8.600e-01
-8.600e-01
-8.600e-01
-8.600e-01
-8.600e-01
-8.600e-01
-8.600e-01
-8.600e-01
-8.600e-01
-8.600e-01
-8.600e-01
-8.600e-01
-8.600e-01
-8.600e-01
-8.600e-01
-8.600e-01
-8.600e-01
-8.600e-01
-8.600e-01
-8.600e-01
-8.600e-01
-8.600e-01
-8.600e-01
-8.600e-01
-8.600e-01
-8.600e-01
-8.600e-01
-8.600e-01
-8.600e-01
-8.600e-01
-8.600e-01
-8.600e-01
-8.600e-01
-8.600e-01
-8.600e-01
-8.600e-01
-8.600e-01
-8.600e-01
-8.600e-01
-8.600e-01
-8.600e-01
-8.600e-01
-8.600e-01
-8.600e-01
-8.600e-01
-8.600e-01
-8.600e-01
-8.600e-01
-8.600e-01
-8.600e-01
-8.600e-01
-8.600e-01
-8.600e-01
-8.600e-01
-8.600e-01
-8.600e-01
-8.600e-01
-8.600e-01
-8.600e-01
-8.600e-01
-8.600e-01
-8.600e-01
-8.600e-01
-8.600e-01
-8.600e-01
-8.600e-01
-8.600e-01
-8.600e-01
-8.600e-01
-8.600e-01
-8.600e-01
-8.600e-01
-8.600e-01
-8.600e-01
-8.600e-01
-8.600e-01
-8.600e-01
-8.600e-01
-8.600e-01
-8.600e-01
-8.600e-01
-8.600e-01
-2.600e-01
-2.600e-01
-2.600e-01
-2.600e-01
-2.600e-01
-2.600e-01
-2.600e-01
-2.600e-01
-2.600e-01
-2.600e-01
-2.600e-01
-2.600e-01
-2.600e-01
-2.600e-01
-2.600e-01
-2.600e-01
-2.600e-01
-2.600e-01
-2.600e-01
-2.600e-01
-2.600e-01
-2.600e-01
-2.600e-01
-2.600e-01
-2.600e-01
-2.600e-01
-2.600e-01
-2.600e-01
-2.600e-01
-2.600e-01
-2.600e-01
-2.600e-01
-2.600e-01
-2.600e-01
-2.600e-01
-2.600e-01
-2.600e-01
-2.600e-01
-2.600e-01
-2.600e-01
-2.600e-01
-2.600e-01
-2.600e-01
-2.600e-01
-2.600e-01
-2.600e-01
-2.600e-01
-2.600e-01
-2.600e-01
-2.600e-01
-2.600e-01
-2.600e-01
-2.600e-01
-2.600e-01
-2.600e-01
-2.600e-01
-2.600e-01
-2.600e-01
-2.600e-01
-2.600e-01
-2.600e-01
-2.600e-01
-2.600e-01
-2.600e-01
-2.600e-01
-2.600e-01
-2.600e-01
-2.600e-01
-2.600e-01
-2.600e-01
-2.600e-01
-2.600e-01
-2.600e-01
-2.600e-01
-2.600e-01
-2.600e-01
-2.600e-01
-2.600e-01
-2.600e-01
-2.600e-01
-2.600e-01
-2.600e-01
-2.600e-01
-2.600e-01
-2.600e-01
-2.600e-01
-2.600e-01
-2.600e-01
-2.600e-01
-2.600e-01
-2.600e-01
-2.600e-01
-2.600e-01
-2.600e-01
-2.600e-01
-2.600e-01
-2.600e-01
-2.600e-01
-2.600e-01
-2.600e-01
-2.600e-01
-2.600e-01
-2.600e-01
-2.600e-01
-2.600e-01
-2.600e-01
-2.600e-01
-2.600e-01
-2.600e-01
-2.600e-01
-2.600e-01
-2.600e-01
-2.600e-01
-2.600e-01
-2.600e-01
-2.600e-01
-2.600e-01
-2.600e-01
-2.600e-01
-2.600e-01
-2.600e-01
-2.600e-01
-2.600e-01
-2.600e-01
-2.600e-01
-2.600e-01
-2.600e-01
-2.600e-01
-2.600e-01
-2.600e-01
-2.600e-01
-2.600e-01
-2.600e-01
-2.600e-01
-2.600e-01
-2.600e-01
-2.600e-01
-2.600e-01
-2.600e-01
-2.600e-01
-2.600e-01
-2.600e-01
-2.600e-01
-2.600e-01
-2.600e-01
-2.600e-01
-2.600e-01
-2.600e-01
-2.600e-01
-2.600e-01
-2.600e-01
-2.600e-01
-2.600e-01
-2.600e-01
-2.600e-01
-2.600e-01
-2.600e-01
-2.600e-01
-2.600e-01
-2.600e-01
-2.600e-01
-2.600e-01
-2.600e-01
-2.600e-01
-2.600e-01
-2.600e-01
-2.600e-01
-2.600e-01
-2.600e-01
-2.600e-01
-2.600e-01
-2.600e-01
-2.600e-01
-2.600e-01
-2.600e-01
-2.600e-01
-2.600e-01
-2.600e-01
-2.600e-01
-2.600e-01
-2.600e-01
-2.600e-01
-2.600e-01
-2.600e-01
-2.600e-01
-2.600e-01
-2.600e-01
-2.600e-01
-2.600e-01
-2.600e-01
-2.600e-01
-2.600e-01
-2.600e-01
-2.600e-01
-2.600e-01
-2.600e-01
-2.600e-01
-2.600e-01
-2.600e-01
-2.600e-01
-2.600e-01
-2.600e-01
-2.600e-01
-2.600e-01
-2.600e-01
-2.600e-01
-2.600e-01
-2.600e-01
-2.600e-01
-2.600e-01
-2.600e-01
-2.600e-01
-2.600e-01
-2.600e-01
-2.600e-01
-2.600e-01
-2.600e-01
-2.600e-01
-2.600e-01
-2.600e-01
-2.600e-01
-2.600e-01
-2.600e-01
-2.600e-01
-2.600e-01
-2.600e-01
-2.600e-01
-2.600e-01
-2.600e-01
-2.600e-01
-2.600e-01
-2.600e-01
-2.600e-01
-2.600e-01
-2.600e-01
-2.600e-01
-2.600e-01
-2.600e-01
-2.600e-01
-2.600e-01
-2.600e-01
-2.600e-01
-2.600e-01
-2.600e-01
-2.600e-01
-2.600e-01
-2.600e-01
-2.600e-01
-2.600e-01
-2.600e-01
-2.600e-01
-2.600e-01
-2.600e-01
-2.600e-01
-2.600e-01
-2.600e-01
-2.600e-01
-2.600e-01
-2.600e-01
-2.600e-01
-2.600e-01
-2.600e-01
-2.600e-01
-2.600e-01
-2.600e-01
-2.600e-01
-2.600e-01
-2.600e-01
-2.600e-01
-2.600e-01
-2.600e-01
-2.600e-01
-2.600e-01
-2.600e-01
-2.600e-01
-2.600e-01
-2.600e-01
-2.600e-01
-2.600e-01
-2.600e-01
-2.600e-01
-2.600e-01
-2.600e-01
-2.600e-01
-2.600e-01
-2.600e-01
-2.600e-01
-2.600e-01
-2.600e-01
-2.600e-01
-2.600e-01
-2.600e-01
-2.600e-01
-2.600e-01
-2.600e-01
-2.600e-01
-2.600e-01
-2.600e-01
-2.600e-01
-2.600e-01
-2.600e-01
-2.600e-01
-2.600e-01
-2.600e-01
-2.600e-01
-2.600e-01
-2.600e-01
-2.600e-01
-2.600e-01
-2.600e-01
-2.600e-01
-2.600e-01
-2.600e-01
-2.600e-01
-2.600e-01
-2.600e-01
-2.600e-01
-2.600e-01
-2.600e-01
-2.600e-01
-2.600e-01
-2.600e-01
-2.600e-01
-2.600e-01
-2.600e-01
-2.600e-01
-2.600e-01
-2.600e-01
-2.600e-01
-2.600e-01
-2.600e-01
-2.600e-01
-2.600e-01
-2.600e-01
-2.600e-01
-2.600e-01
-2.600e-01
-2.600e-01
-2.600e-01
-2.600e-01
-2.600e-01
-2.600e-01
-2.600e-01
-2.600e-01
-2.600e-01
-2.600e-01
-2.600e-01
-2.600e-01
-2.600e-01
-2.600e-01
-2.600e-01
-2.600e-01
-2.600e-01
-2.600e-01
-2.600e-01
-2.600e-01
-2.600e-01
-2.600e-01
-2.600e-01
-2.600e-01
-2.600e-01
-2.600e-01
-2.600e-01
-2.600e-01
-2.600e-01
-2.600e-01
-2.600e-01
-2.600e-01
-2.600e-01
-2.600e-01
-2.600e-01
-2.600e-01
-2.600e-01
-2.600e-01
-2.600e-01
-2.600e-01
-2.600e-01
-2.600e-01
-2.600e-01
-2.600e-01
-2.600e-01
-2.600e-01
-2.600e-01
-2.600e-01
-2.600e-01
-2.600e-01
-2.600e-01
-2.600e-01
-2.600e-01
-2.600e-01
-2.600e-01
-2.600e-01
-2.600e-01
-2.600e-01
-2.600e-01
-2.600e-01
-2.600e-01
-2.600e-01
-2.600e-01
-2.600e-01
-2.600e-01
-2.600e-01
-2.600e-01
-2.600e-01
-2.600e-01
-2.600e-01
-2.600e-01
-2.600e-01
-2.600e-01
-2.600e-01
-2.600e-01
-2.600e-01
-2.600e-01
-2.600e-01
-2.600e-01
-2.600e-01
-2.600e-01
-2.600e-01
-2.597e-01
-2.597e-01
-2.600e-01
-2.600e-01
-2.600e-01
-2.600e-01
-2.600e-01
-2.600e-01
-2.600e-01
-2.600e-01
-2.600e-01
-2.600e-01
-2.600e-01
-2.600e-01
-2.600e-01
-2.600e-01
-2.600e-01
-2.600e-01
-2.600e-01
-2.600e-01
-2.600e-01
-2.597e-01
-2.590e-01
3.400e-01
3.400e-01
3.400e-01
3.400e-01
3.400e-01
3.400e-01
3.400e-01
3.400e-01
3.400e-01
3.400e-01
3.400e-01
3.400e-01
3.400e-01
3.400e-01
3.400e-01
3.400e-01
3.400e-01
3.400e-01
3.400e-01
3.400e-01
3.400e-01
3.400e-01
3.400e-01
3.400e-01
3.400e-01
3.400e-01
3.400e-01
3.400e-01
3.400e-01
3.400e-01
3.400e-01
3.400e-01
3.400e-01
3.400e-01
3.400e-01
3.400e-01
3.400e-01
3.400e-01
3.400e-01
3.400e-01
3.400e-01
3.400e-01
3.400e-01
3.400e-01
3.400e-01
3.400e-01
3.400e-01
3.400e-01
3.400e-01
3.400e-01
3.400e-01
3.400e-01
3.400e-01
3.400e-01
3.400e-01
3.400e-01
3.400e-01
3.400e-01
3.400e-01
3.400e-01
3.400e-01
3.400e-01
3.400e-01
3.400e-01
3.400e-01
3.400e-01
3.400e-01
3.400e-01
3.400e-01
3.400e-01
3.400e-01
3.400e-01
3.400e-01
3.400e-01
3.400e-01
3.400e-01
3.400e-01
3.400e-01
3.400e-01
3.400e-01
3.400e-01
3.400e-01
3.400e-01
3.400e-01
3.400e-01
3.400e-01
3.400e-01
3.400e-01
3.400e-01
3.400e-01
3.400e-01
3.400e-01
3.400e-01
3.400e-01
3.400e-01
3.400e-01
3.400e-01
3.400e-01
3.400e-01
3.400e-01
3.400e-01
3.400e-01
3.400e-01
3.400e-01
3.400e-01
3.400e-01
3.400e-01
3.400e-01
3.400e-01
3.400e-01
3.400e-01
3.400e-01
3.400e-01
3.400e-01
3.400e-01
3.400e-01
3.400e-01
3.400e-01
3.400e-01
3.400e-01
3.400e-01
3.400e-01
3.400e-01
3.400e-01
3.400e-01
3.400e-01
3.400e-01
3.400e-01
3.400e-01
3.400e-01
3.400e-01
3.400e-01
3.400e-01
3.400e-01
3.400e-01
3.400e-01
3.400e-01
3.400e-01
3.400e-01
3.400e-01
3.400e-01
3.400e-01
3.400e-01
3.400e-01
3.400e-01
3.400e-01
3.400e-01
3.400e-01
3.400e-01
3.400e-01
3.400e-01
3.400e-01
3.400e-01
3.400e-01
3.400e-01
3.400e-01
3.400e-01
3.400e-01
3.400e-01
3.400e-01
3.400e-01
3.400e-01
3.400e-01
3.400e-01
3.400e-01
3.400e-01
3.400e-01
3.400e-01
3.400e-01
3.400e-01
3.400e-01
3.400e-01
3.400e-01
3.400e-01
3.400e-01
3.400e-01
3.400e-01
3.400e-01
3.400e-01
3.400e-01
3.400e-01
3.400e-01
3.400e-01
3.400e-01
3.400e-01
3.400e-01
3.400e-01
3.400e-01
3.400e-01
3.400e-01
3.400e-01
3.400e-01
3.400e-01
3.400e-01
3.400e-01
3.400e-01
3.400e-01
3.400e-01
3.400e-01
3.400e-01
3.400e-01
3.400e-01
3.400e-01
3.400e-01
3.400e-01
3.400e-01
3.400e-01
3.400e-01
3.400e-01
3.400e-01
3.400e-01
3.400e-01
3.400e-01
3.400e-01
3.400e-01
3.400e-01
3.400e-01
3.400e-01
3.400e-01
3.400e-01
3.400e-01
3.400e-01
3.400e-01
3.400e-01
3.400e-01
3.400e-01
3.400e-01
3.400e-01
3.400e-01
3.400e-01
3.400e-01
3.400e-01
3.400e-01
3.400e-01
3.400e-01
3.400e-01
3.400e-01
3.400e-01
3.400e-01
3.400e-01
3.400e-01
3.400e-01
3.400e-01
3.400e-01
3.400e-01
3.400e-01
3.400e-01
3.400e-01
3.400e-01
3.400e-01
3.400e-01
3.400e-01
3.400e-01
3.400e-01
3.400e-01
3.400e-01
3.400e-01
3.400e-01
3.400e-01
3.400e-01
3.400e-01
3.400e-01
3.400e-01
3.400e-01
3.400e-01
3.400e-01
3.400e-01
3.400e-01
3.400e-01
3.400e-01
3.400e-01
3.400e-01
3.400e-01
3.400e-01
3.400e-01
3.400e-01
3.400e-01
3.400e-01
3.400e-01
3.400e-01
3.400e-01
3.400e-01
3.400e-01
3.400e-01
3.400e-01
3.400e-01
3.400e-01
3.400e-01
3.400e-01
3.400e-01
3.400e-01
3.400e-01
3.400e-01
3.400e-01
3.400e-01
3.400e-01
3.400e-01
3.400e-01
3.400e-01
3.400e-01
3.400e-01
3.400e-01
3.400e-01
3.400e-01
3.400e-01
3.400e-01
3.400e-01
3.400e-01
3.400e-01
3.400e-01
3.400e-01
3.400e-01
3.400e-01
3.400e-01
3.400e-01
3.400e-01
3.400e-01
3.400e-01
3.400e-01
3.400e-01
3.400e-01
3.400e-01
3.400e-01
3.400e-01
3.400e-01
3.400e-01
3.400e-01
3.400e-01
3.400e-01
3.400e-01
3.400e-01
3.400e-01
3.400e-01
3.400e-01
3.400e-01
3.400e-01
3.400e-01
3.400e-01
3.400e-01
3.400e-01
3.400e-01
3.400e-01
3.400e-01
3.400e-01
3.400e-01
3.400e-01
3.400e-01
3.400e-01
3.400e-01
3.400e-01
3.400e-01
3.400e-01
3.400e-01
3.400e-01
3.400e-01
3.400e-01
3.400e-01
3.400e-01
3.400e-01
3.400e-01
3.400e-01
3.400e-01
3.400e-01
3.400e-01
3.400e-01
3.400e-01
3.400e-01
3.400e-01
3.400e-01
3.400e-01
3.400e-01
3.400e-01
3.400e-01
3.400e-01
3.400e-01
3.400e-01
3.400e-01
3.400e-01
3.400e-01
3.400e-01
3.400e-01
3.400e-01
3.400e-01
3.400e-01
3.400e-01
3.400e-01
3.400e-01
3.400e-01
3.400e-01
3.400e-01
3.400e-01
3.400e-01
3.400e-01
3.400e-01
3.400e-01
3.400e-01
3.400e-01
3.400e-01
3.400e-01
3.400e-01
3.400e-01
3.400e-01
3.400e-01
3.400e-01
3.400e-01
3.400e-01
3.400e-01
3.400e-01
3.400e-01
3.400e-01
3.400e-01
3.400e-01
3.400e-01
3.400e-01
3.400e-01
3.400e-01
3.400e-01
3.400e-01
3.403e-01
3.403e-01
3.400e-01
3.400e-01
3.400e-01
3.400e-01
3.400e-01
3.400e-01
3.400e-01
3.400e-01
3.400e-01
3.400e-01
3.400e-01
3.400e-01
3.400e-01
3.400e-01
3.400e-01
3.400e-01
3.400e-01
3.400e-01
3.400e-01
3.403e-01
3.410e-01
1.000e+00
1.000e+00
1.000e+00
1.000e+00
1.000e+00
1.000e+00
1.000e+00
1.000e+00
1.000e+00
1.000e+00
1.000e+00
1.000e+00
1.000e+00
1.000e+00
1.000e+00
1.000e+00
1.000e+00
1.000e+00
1.000e+00
1.000e+00
1.000e+00
1.000e+00
1.000e+00
1.000e+00
1.000e+00
1.000e+00
1.000e+00
1.000e+00
1.000e+00
1.000e+00
1.000e+00
1.000e+00
1.000e+00
1.000e+00
1.000e+00
1.000e+00
1.000e+00
1.000e+00
1.000e+00
1.000e+00
1.000e+00
1.000e+00
1.000e+00
1.000e+00
1.000e+00
1.000e+00
1.000e+00
1.000e+00
1.000e+00
1.000e+00
1.000e+00
1.000e+00
1.000e+00
1.000e+00
1.000e+00
1.000e+00
1.000e+00
1.000e+00
1.000e+00
1.000e+00
1.000e+00
1.000e+00
1.000e+00
1.000e+00
1.000e+00
1.000e+00
1.000e+00
1.000e+00
1.000e+00
1.000e+00
1.000e+00
1.000e+00
1.000e+00
1.000e+00
1.000e+00
1.000e+00
1.000e+00
1.000e+00
1.000e+00
1.000e+00
1.000e+00
1.000e+00
1.000e+00
1.000e+00
1.000e+00
1.000e+00
1.000e+00
1.000e+00
1.000e+00
1.000e+00
1.000e+00
1.000e+00
1.000e+00
1.000e+00
1.000e+00
1.000e+00
1.000e+00
1.000e+00
1.000e+00
1.000e+00
1.000e+00
1.000e+00
1.000e+00
1.000e+00
1.000e+00
1.000e+00
1.000e+00
1.000e+00
1.000e+00
1.000e+00
1.000e+00
1.000e+00
1.000e+00
1.000e+00
1.000e+00
1.000e+00
1.000e+00
1.000e+00
1.000e+00
1.000e+00
1.000e+00
1.000e+00
1.000e+00
1.000e+00
1.000e+00
1.000e+00
1.000e+00
1.000e+00
1.000e+00
1.000e+00
1.000e+00
1.000e+00
1.000e+00
1.000e+00
1.000e+00
1.000e+00
1.000e+00
1.000e+00
1.000e+00
1.000e+00
1.000e+00
1.000e+00
1.000e+00
1.000e+00
1.000e+00
1.000e+00
1.000e+00
1.000e+00
1.000e+00
1.000e+00
1.000e+00
1.000e+00
1.000e+00
1.000e+00
1.000e+00
1.000e+00
1.000e+00
1.000e+00
1.000e+00
1.000e+00
1.000e+00
1.000e+00
1.000e+00
1.000e+00
1.000e+00
1.000e+00
1.000e+00
1.000e+00
1.000e+00
1.000e+00
1.000e+00
1.000e+00
1.000e+00
1.000e+00
1.000e+00
1.000e+00
1.000e+00
1.000e+00
1.000e+00
1.000e+00
1.000e+00
1.000e+00
1.000e+00
1.000e+00
1.000e+00
1.000e+00
1.000e+00
1.000e+00
1.000e+00
1.000e+00
1.000e+00
1.000e+00
1.000e+00
1.000e+00
1.000e+00
1.000e+00
1.000e+00
1.000e+00
1.000e+00
1.000e+00
1.000e+00
1.000e+00
1.000e+00
1.000e+00
1.000e+00
1.000e+00
1.000e+00
1.000e+00
1.000e+00
1.000e+00
1.000e+00
1.000e+00
1.000e+00
1.000e+00
1.000e+00
1.000e+00
1.000e+00
1.000e+00
1.000e+00
1.000e+00
1.000e+00
1.000e+00
1.000e+00
1.000e+00
1.000e+00
1.000e+00
1.000e+00
1.000e+00
1.000e+00
1.000e+00
1.000e+00
1.000e+00
1.000e+00
1.000e+00
1.000e+00
1.000e+00
1.000e+00
1.000e+00
1.000e+00
1.000e+00
1.000e+00
1.000e+00
1.000e+00
1.000e+00
1.000e+00
1.000e+00
1.000e+00
1.000e+00
1.000e+00
1.000e+00
1.000e+00
1.000e+00
1.000e+00
1.000e+00
1.000e+00
1.000e+00
1.000e+00
1.000e+00
1.000e+00
1.000e+00
1.000e+00
1.000e+00
1.000e+00
1.000e+00
1.000e+00
1.000e+00
1.000e+00
1.000e+00
1.000e+00
1.000e+00
1.000e+00
1.000e+00
1.000e+00
1.000e+00
1.000e+00
1.000e+00
1.000e+00
1.000e+00
1.000e+00
1.000e+00
1.000e+00
1.000e+00
1.000e+00
1.000e+00
1.000e+00
1.000e+00
1.000e+00
1.000e+00
1.000e+00
1.000e+00
1.000e+00
1.000e+00
1.000e+00
1.000e+00
1.000e+00
1.000e+00
1.000e+00
1.000e+00
1.000e+00
1.000e+00
1.000e+00
1.000e+00
1.000e+00
1.000e+00
1.000e+00
1.000e+00
1.000e+00
1.000e+00
1.000e+00
1.000e+00
1.000e+00
1.000e+00
1.000e+00
1.000e+00
1.000e+00
1.000e+00
1.000e+00
1.000e+00
1.000e+00
1.000e+00
1.000e+00
1.000e+00
1.000e+00
1.000e+00
1.000e+00
1.000e+00
1.000e+00
1.000e+00
1.000e+00
1.000e+00
1.000e+00
1.000e+00
1.000e+00
1.000e+00
1.000e+00
1.000e+00
1.000e+00
1.000e+00
1.000e+00
1.000e+00
1.000e+00
1.000e+00
1.000e+00
1.000e+00
1.000e+00
1.000e+00
1.000e+00
1.000e+00
1.000e+00
1.000e+00
1.000e+00
1.000e+00
1.000e+00
1.000e+00
1.000e+00
1.000e+00
1.000e+00
1.000e+00
1.000e+00
1.000e+00
1.000e+00
1.000e+00
1.000e+00
1.000e+00
1.000e+00
1.000e+00
1.000e+00
1.000e+00
1.000e+00
1.000e+00
1.000e+00
1.000e+00
1.000e+00
1.000e+00
1.000e+00
1.000e+00
1.000e+00
1.000e+00
1.000e+00
1.000e+00
1.000e+00
1.000e+00
1.000e+00
1.000e+00
1.000e+00
1.000e+00
1.000e+00
1.000e+00
1.000e+00
1.000e+00
1.000e+00
1.000e+00
1.000e+00
1.000e+00
1.000e+00
1.000e+00
1.000e+00
1.000e+00
1.000e+00
1.000e+00
1.000e+00
1.000e+00
1.000e+00
1.000e+00
1.000e+00
1.000e+00
1.000e+00
1.000e+00
1.000e+00
1.000e+00
1.000e+00
1.000e+00
1.000e+00
1.000e+00
1.000e+00
1.000e+00
1.000e+00
1.000e+00
1.000e+00
1.000e+00
1.000e+00
1.000e+00
1.000e+00
1.000e+00
1.000e+00
1.000e+00
1.000e+00
1.000e+00
1.000e+00
1.000e+00
1.000e+00
1.000e+00
1.000e+00
1.000e+00
1.000e+00
1.000e+00
1.000e+00
1.000e+00
1.000e+00
1.000e+00
1.001e+00
