#TIME      <--- WTDEPTH(NODVP(I)), I=1,2,...,NUMVP --->
   1.000000E+00   3.350194E-01
   2.000000E+00   3.350349E-01
   3.100000E+00   3.350538E-01
   4.310000E+00   3.350745E-01
   5.641000E+00   3.350974E-01
   7.105100E+00   3.351224E-01
   8.715610E+00   3.351499E-01
   1.048717E+01   3.351802E-01
   1.243589E+01   3.352133E-01
   1.457948E+01   3.352497E-01
   1.693742E+01   3.352896E-01
   1.953117E+01   3.353334E-01
   2.238428E+01   3.353815E-01
   2.552271E+01   3.354341E-01
   2.897498E+01   3.354917E-01
   3.277248E+01   3.355547E-01
   3.694973E+01   3.356237E-01
   4.154470E+01   3.356992E-01
   4.659917E+01   3.357815E-01
   5.215909E+01   3.358714E-01
   5.827500E+01   3.359694E-01
   6.500250E+01   3.360760E-01
   7.240275E+01   3.361919E-01
   8.054302E+01   3.363175E-01
   8.949733E+01   3.364536E-01
   9.934706E+01   3.366007E-01
   1.101818E+02   3.367611E-01
   1.220999E+02   3.369357E-01
   1.352099E+02   3.371235E-01
   1.496309E+02   3.373247E-01
   1.654940E+02   3.375387E-01
   1.829434E+02   3.377641E-01
   2.021378E+02   3.379976E-01
   2.232515E+02   3.382319E-01
   2.464767E+02   3.384650E-01
   2.720244E+02   3.386989E-01
   3.001268E+02   3.389250E-01
   3.001368E+02   3.384125E-01
