     IOPT   (1 PICARD, 2 NEWTON)             =      1
     NLRELX (0 NORELX,1 CONS RELX,2 VAR RELX)=      0
     KSLOPE (0 ANA, 1 KSL/ANA, 2 KSL/C-DIFF,
             3 LOC KSL/ANA, 4 LOC TAN-SLOPE) =      0
     TOLUNS (TOLERANCE FOR NONLINEAR ITER)   =     1.00000E-04
     TOLSWI (TOLERANCE FOR BC SWITCHING)     =     1.00000E+30
     L2NORM (0 INFINITY NORM, ELSE L2 NORM)  =      0

 nlinr  linr converg error norms  node   PNEW at   POLD at   resid error norms
  iter  iter       PL2      PINF IKMAX     IKMAX     IKMAX       FL2      FINF
 =============================================================================
                        (NSTEP:     1  DELTAT:   1.0000E+00  TIME:   1.0000E+00)
     1     1 1.440E-03 4.691E-05  3046 -4.46E+00 -4.46E+00 1.666E-07 4.166E-09
                        (NSTEP:     2  DELTAT:   1.1000E+00  TIME:   2.1000E+00)
     1     1 1.584E-03 5.160E-05  3046 -4.46E+00 -4.46E+00 1.666E-07 4.166E-09
                        (NSTEP:     3  DELTAT:   1.2100E+00  TIME:   3.3100E+00)
     1     1 1.742E-03 5.676E-05  3046 -4.46E+00 -4.46E+00 1.666E-07 4.166E-09
                        (NSTEP:     4  DELTAT:   1.3310E+00  TIME:   4.6410E+00)
     1     1 1.916E-03 6.244E-05  3046 -4.46E+00 -4.46E+00 1.666E-07 4.166E-09
                        (NSTEP:     5  DELTAT:   1.4641E+00  TIME:   6.1051E+00)
     1     1 2.108E-03 6.868E-05  3046 -4.46E+00 -4.46E+00 1.666E-07 4.166E-09
                        (NSTEP:     6  DELTAT:   1.6105E+00  TIME:   7.7156E+00)
     1     1 2.319E-03 7.555E-05  3046 -4.46E+00 -4.46E+00 1.666E-07 4.166E-09
                        (NSTEP:     7  DELTAT:   1.7716E+00  TIME:   9.4872E+00)
     1     1 2.551E-03 8.311E-05  3046 -4.46E+00 -4.46E+00 1.666E-07 4.166E-09
                        (NSTEP:     8  DELTAT:   1.9487E+00  TIME:   1.1436E+01)
     1     1 2.806E-03 9.143E-05  3046 -4.46E+00 -4.46E+00 1.666E-07 4.166E-09
                        (NSTEP:     9  DELTAT:   2.1436E+00  TIME:   1.3579E+01)
     1     1 3.086E-03 1.006E-04  3046 -4.46E+00 -4.46E+00 1.666E-07 4.166E-09
     2     1 5.454E-08 2.222E-09  2647 -4.38E+00 -4.38E+00 2.034E-12 5.247E-14
                        (NSTEP:    10  DELTAT:   2.3579E+00  TIME:   1.5937E+01)
     1     1 3.395E-03 1.106E-04  3046 -4.46E+00 -4.46E+00 1.666E-07 4.166E-09
     2     1 6.600E-08 2.689E-09  2647 -4.38E+00 -4.38E+00 2.238E-12 5.771E-14
                        (NSTEP:    11  DELTAT:   2.5937E+00  TIME:   1.8531E+01)
     1     1 3.735E-03 1.217E-04  3046 -4.46E+00 -4.46E+00 1.666E-07 4.166E-09
     2     1 7.986E-08 3.254E-09  2647 -4.38E+00 -4.38E+00 2.461E-12 6.348E-14
                        (NSTEP:    12  DELTAT:   2.8531E+00  TIME:   2.1384E+01)
     1     1 4.108E-03 1.339E-04  3046 -4.46E+00 -4.46E+00 1.666E-07 4.166E-09
     2     1 9.664E-08 3.938E-09  2647 -4.38E+00 -4.38E+00 2.707E-12 6.983E-14
                        (NSTEP:    13  DELTAT:   3.1384E+00  TIME:   2.4523E+01)
     1     1 4.519E-03 1.473E-04  3046 -4.46E+00 -4.46E+00 1.666E-07 4.166E-09
     2     1 1.169E-07 4.766E-09  2647 -4.38E+00 -4.38E+00 2.978E-12 7.681E-14
                        (NSTEP:    14  DELTAT:   3.4523E+00  TIME:   2.7975E+01)
     1     1 4.972E-03 1.620E-04  3046 -4.46E+00 -4.46E+00 1.666E-07 4.166E-09
     2     1 1.415E-07 5.767E-09  2647 -4.38E+00 -4.38E+00 3.276E-12 8.449E-14
                        (NSTEP:    15  DELTAT:   3.7975E+00  TIME:   3.1772E+01)
     1     1 5.469E-03 1.782E-04  3046 -4.46E+00 -4.46E+00 1.666E-07 4.166E-09
     2     1 1.712E-07 6.979E-09  2647 -4.38E+00 -4.38E+00 3.604E-12 9.293E-14
                        (NSTEP:    16  DELTAT:   4.1772E+00  TIME:   3.5950E+01)
     1     1 6.016E-03 1.960E-04  3046 -4.46E+00 -4.46E+00 1.666E-07 4.166E-09
     2     1 2.072E-07 8.445E-09  2647 -4.38E+00 -4.38E+00 3.964E-12 1.022E-13
                        (NSTEP:    17  DELTAT:   4.5950E+00  TIME:   4.0545E+01)
     1     1 6.618E-03 2.157E-04  3046 -4.46E+00 -4.46E+00 1.666E-07 4.166E-09
     2     1 2.507E-07 1.022E-08  2647 -4.38E+00 -4.38E+00 4.360E-12 1.124E-13
                        (NSTEP:    18  DELTAT:   5.0545E+00  TIME:   4.5599E+01)
     1     1 7.280E-03 2.372E-04  3046 -4.46E+00 -4.46E+00 1.666E-07 4.166E-09
     2     1 3.034E-07 1.237E-08  2647 -4.38E+00 -4.38E+00 4.796E-12 1.237E-13
                        (NSTEP:    19  DELTAT:   5.5599E+00  TIME:   5.1159E+01)
     1     1 8.009E-03 2.610E-04  3046 -4.46E+00 -4.46E+00 1.666E-07 4.166E-09
     2     1 3.671E-07 1.497E-08  2647 -4.38E+00 -4.38E+00 5.276E-12 1.360E-13
                        (NSTEP:    20  DELTAT:   6.1159E+00  TIME:   5.7275E+01)
     1     1 8.810E-03 2.871E-04  3046 -4.46E+00 -4.46E+00 1.666E-07 4.166E-09
     2     1 4.442E-07 1.811E-08  2647 -4.38E+00 -4.38E+00 5.803E-12 1.496E-13
                        (NSTEP:    21  DELTAT:   6.7275E+00  TIME:   6.4002E+01)
     1     1 9.692E-03 3.158E-04  3046 -4.46E+00 -4.46E+00 1.666E-07 4.166E-09
     2     1 5.375E-07 2.192E-08  2647 -4.38E+00 -4.38E+00 6.383E-12 1.646E-13
                        (NSTEP:    22  DELTAT:   7.4002E+00  TIME:   7.1403E+01)
     1     1 1.066E-02 3.474E-04  3046 -4.46E+00 -4.46E+00 1.666E-07 4.166E-09
     2     1 6.505E-07 2.653E-08  2647 -4.38E+00 -4.38E+00 7.021E-12 1.810E-13
                        (NSTEP:    23  DELTAT:   8.1403E+00  TIME:   7.9543E+01)
     1     1 1.173E-02 3.822E-04  3046 -4.46E+00 -4.46E+00 1.666E-07 4.166E-09
     2     1 7.871E-07 3.211E-08  2647 -4.38E+00 -4.38E+00 7.723E-12 1.991E-13
                        (NSTEP:    24  DELTAT:   8.9543E+00  TIME:   8.8497E+01)
     1     1 1.290E-02 4.205E-04  3046 -4.46E+00 -4.46E+00 1.666E-07 4.166E-09
     2     1 9.525E-07 3.886E-08  2647 -4.38E+00 -4.38E+00 8.495E-12 2.190E-13
                        (NSTEP:    25  DELTAT:   9.8497E+00  TIME:   9.8347E+01)
     1     1 1.420E-02 4.626E-04  3046 -4.46E+00 -4.46E+00 1.666E-07 4.166E-09
     2     1 1.153E-06 4.704E-08  2647 -4.38E+00 -4.38E+00 9.344E-12 2.409E-13
                        (NSTEP:    26  DELTAT:   1.0835E+01  TIME:   1.0918E+02)
     1     1 1.562E-02 5.089E-04  3046 -4.46E+00 -4.46E+00 1.666E-07 4.166E-09
     2     1 1.395E-06 5.694E-08  2647 -4.38E+00 -4.38E+00 1.028E-11 2.649E-13
                        (NSTEP:    27  DELTAT:   1.1918E+01  TIME:   1.2110E+02)
     1     1 1.718E-02 5.599E-04  3046 -4.46E+00 -4.46E+00 1.666E-07 4.166E-09
     2     1 1.688E-06 6.892E-08  2647 -4.38E+00 -4.38E+00 1.131E-11 2.914E-13
                        (NSTEP:    28  DELTAT:   1.3110E+01  TIME:   1.3421E+02)
     1     1 1.890E-02 6.160E-04  3046 -4.47E+00 -4.46E+00 1.666E-07 4.166E-09
     2     1 2.043E-06 8.342E-08  2647 -4.38E+00 -4.38E+00 1.244E-11 3.205E-13
                        (NSTEP:    29  DELTAT:   1.4421E+01  TIME:   1.4863E+02)
     1     1 2.080E-02 6.777E-04  3046 -4.47E+00 -4.47E+00 1.666E-07 4.166E-09
     2     1 2.472E-06 1.010E-07  2647 -4.38E+00 -4.38E+00 1.368E-11 3.524E-13
                        (NSTEP:    30  DELTAT:   1.5863E+01  TIME:   1.6449E+02)
     1     1 2.288E-02 7.456E-04  3046 -4.47E+00 -4.47E+00 1.666E-07 4.166E-09
     2     1 2.992E-06 1.222E-07  2647 -4.38E+00 -4.38E+00 1.505E-11 3.876E-13
                        (NSTEP:    31  DELTAT:   1.7449E+01  TIME:   1.8194E+02)
     1     1 2.517E-02 8.204E-04  3046 -4.47E+00 -4.47E+00 1.665E-07 4.166E-09
     2     1 3.621E-06 1.480E-07  2647 -4.38E+00 -4.38E+00 1.655E-11 4.263E-13
                        (NSTEP:    32  DELTAT:   1.9194E+01  TIME:   2.0114E+02)
     1     1 2.770E-02 9.026E-04  3046 -4.47E+00 -4.47E+00 1.665E-07 4.166E-09
     2     1 4.382E-06 1.792E-07  2647 -4.38E+00 -4.38E+00 1.820E-11 4.688E-13
                        (NSTEP:    33  DELTAT:   2.1114E+01  TIME:   2.2225E+02)
     1     1 3.047E-02 9.932E-04  3046 -4.47E+00 -4.47E+00 1.665E-07 4.166E-09
     2     1 5.303E-06 2.169E-07  2647 -4.38E+00 -4.38E+00 2.002E-11 5.156E-13
                        (NSTEP:    34  DELTAT:   2.3225E+01  TIME:   2.4548E+02)
     1     1 3.353E-02 1.093E-03  3046 -4.47E+00 -4.47E+00 1.665E-07 4.166E-09
     2     1 6.419E-06 2.627E-07  2647 -4.39E+00 -4.39E+00 2.202E-11 5.670E-13
                        (NSTEP:    35  DELTAT:   2.5548E+01  TIME:   2.7102E+02)
     1     1 3.689E-02 1.202E-03  3046 -4.47E+00 -4.47E+00 1.665E-07 4.166E-09
     2     1 7.769E-06 3.180E-07  2647 -4.39E+00 -4.39E+00 2.422E-11 6.235E-13
                        (NSTEP:    36  DELTAT:   2.8102E+01  TIME:   2.9913E+02)
     1     1 4.059E-02 1.323E-03  3046 -4.47E+00 -4.47E+00 1.665E-07 4.166E-09
     2     1 9.403E-06 3.851E-07  2647 -4.39E+00 -4.39E+00 2.664E-11 6.856E-13
                        (NSTEP:    37  DELTAT:   3.0913E+01  TIME:   3.3004E+02)
     1     1 4.467E-02 1.456E-03  3046 -4.47E+00 -4.47E+00 1.665E-07 4.166E-09
     2     1 1.138E-05 4.664E-07  2647 -4.39E+00 -4.39E+00 2.930E-11 7.539E-13
                        (NSTEP:    38  DELTAT:   3.4004E+01  TIME:   3.6404E+02)
     1     1 4.916E-02 1.602E-03  3046 -4.48E+00 -4.47E+00 1.665E-07 4.166E-09
     2     1 1.378E-05 5.649E-07  2647 -4.39E+00 -4.39E+00 3.223E-11 8.290E-13
                        (NSTEP:    39  DELTAT:   3.7404E+01  TIME:   4.0145E+02)
     1     1 5.409E-02 1.763E-03  3046 -4.48E+00 -4.48E+00 1.665E-07 4.166E-09
     2     1 1.668E-05 6.843E-07  2647 -4.39E+00 -4.39E+00 3.544E-11 9.115E-13
                        (NSTEP:    40  DELTAT:   4.1145E+01  TIME:   4.4259E+02)
     1     1 5.953E-02 1.941E-03  3046 -4.48E+00 -4.48E+00 1.665E-07 4.166E-09
     2     1 2.019E-05 8.290E-07  2647 -4.39E+00 -4.39E+00 3.898E-11 1.002E-12
                        (NSTEP:    41  DELTAT:   4.5259E+01  TIME:   4.8785E+02)
     1     1 6.552E-02 2.136E-03  3046 -4.48E+00 -4.48E+00 1.665E-07 4.166E-09
     2     1 2.444E-05 1.004E-06  2647 -4.40E+00 -4.40E+00 4.287E-11 1.102E-12
                        (NSTEP:    42  DELTAT:   4.9785E+01  TIME:   5.3764E+02)
     1     1 7.211E-02 2.351E-03  3046 -4.48E+00 -4.48E+00 1.665E-07 4.166E-09
     2     1 2.959E-05 1.217E-06  2647 -4.40E+00 -4.40E+00 4.715E-11 1.211E-12
                        (NSTEP:    43  DELTAT:   5.4764E+01  TIME:   5.9240E+02)
     1     1 7.937E-02 2.588E-03  3046 -4.49E+00 -4.48E+00 1.665E-07 4.166E-09
     2     1 3.582E-05 1.475E-06  2647 -4.40E+00 -4.40E+00 5.186E-11 1.332E-12
                        (NSTEP:    44  DELTAT:   6.0240E+01  TIME:   6.5264E+02)
     1     1 8.737E-02 2.849E-03  3046 -4.49E+00 -4.49E+00 1.665E-07 4.166E-09
     2     1 4.337E-05 1.788E-06  2647 -4.40E+00 -4.40E+00 5.703E-11 1.464E-12
                        (NSTEP:    45  DELTAT:   6.6264E+01  TIME:   7.1890E+02)
     1     1 9.618E-02 3.136E-03  3046 -4.49E+00 -4.49E+00 1.665E-07 4.166E-09
     2     1 5.252E-05 2.167E-06  2647 -4.41E+00 -4.41E+00 6.272E-11 1.609E-12
                        (NSTEP:    46  DELTAT:   7.2890E+01  TIME:   7.9180E+02)
     1     1 1.059E-01 3.453E-03  3046 -4.50E+00 -4.49E+00 1.665E-07 4.166E-09
     2     1 6.360E-05 2.628E-06  2647 -4.41E+00 -4.41E+00 6.897E-11 1.768E-12
                        (NSTEP:    47  DELTAT:   8.0180E+01  TIME:   8.7197E+02)
     1     1 1.166E-01 3.802E-03  3046 -4.50E+00 -4.50E+00 1.665E-07 4.166E-09
     2     1 7.702E-05 3.187E-06  2647 -4.41E+00 -4.41E+00 7.584E-11 1.944E-12
                        (NSTEP:    48  DELTAT:   8.8197E+01  TIME:   9.6017E+02)
     1     1 1.284E-01 4.187E-03  3046 -4.50E+00 -4.50E+00 1.665E-07 4.166E-09
     2     1 9.328E-05 3.866E-06  2647 -4.42E+00 -4.42E+00 8.340E-11 2.136E-12
                        (NSTEP:    49  DELTAT:   9.7017E+01  TIME:   1.0572E+03)
     1     1 1.414E-01 4.611E-03  3046 -4.51E+00 -4.50E+00 1.665E-07 4.166E-09
     2     1 1.130E-04 4.691E-06  2647 -4.42E+00 -4.42E+00 9.171E-11 2.347E-12
                        (NSTEP:    50  DELTAT:   1.0672E+02  TIME:   1.1639E+03)
     1     1 1.557E-01 5.079E-03  3046 -4.51E+00 -4.51E+00 1.665E-07 4.166E-09
     2     1 1.369E-04 5.693E-06  2647 -4.42E+00 -4.42E+00 1.008E-10 2.578E-12
                        (NSTEP:    51  DELTAT:   1.1739E+02  TIME:   1.2813E+03)
     1     1 1.715E-01 5.595E-03  3046 -4.52E+00 -4.51E+00 1.665E-07 4.166E-09
     2     1 1.658E-04 6.911E-06  2647 -4.43E+00 -4.43E+00 1.109E-10 2.832E-12
                        (NSTEP:    52  DELTAT:   1.2913E+02  TIME:   1.4104E+03)
     1     1 1.889E-01 6.164E-03  3046 -4.53E+00 -4.52E+00 1.665E-07 4.166E-09
     2     1 2.010E-04 8.393E-06  2647 -4.43E+00 -4.43E+00 1.219E-10 3.111E-12
                        (NSTEP:    53  DELTAT:   1.4204E+02  TIME:   1.5525E+03)
     1     1 2.081E-01 6.793E-03  3046 -4.53E+00 -4.53E+00 1.665E-07 4.166E-09
     2     1 2.435E-04 1.020E-05  2647 -4.44E+00 -4.44E+00 1.340E-10 3.416E-12
                        (NSTEP:    54  DELTAT:   1.5625E+02  TIME:   1.7087E+03)
     1     1 2.294E-01 7.487E-03  3046 -4.54E+00 -4.53E+00 1.665E-07 4.166E-09
     2     1 2.952E-04 1.239E-05  2647 -4.45E+00 -4.45E+00 1.474E-10 3.751E-12
                        (NSTEP:    55  DELTAT:   1.7187E+02  TIME:   1.8806E+03)
     1     1 2.528E-01 8.253E-03  3046 -4.55E+00 -4.54E+00 1.665E-07 4.166E-09
     2     1 3.579E-04 1.507E-05  2647 -4.45E+00 -4.45E+00 1.620E-10 4.119E-12
                        (NSTEP:    56  DELTAT:   1.8906E+02  TIME:   2.0697E+03)
     1     1 2.787E-01 9.100E-03  3046 -4.56E+00 -4.55E+00 1.665E-07 4.166E-09
     2     1 4.340E-04 1.833E-05  2647 -4.46E+00 -4.46E+00 1.781E-10 4.521E-12
                        (NSTEP:    57  DELTAT:   2.0797E+02  TIME:   2.2776E+03)
     1     1 3.073E-01 1.004E-02  3046 -4.57E+00 -4.56E+00 1.665E-07 4.166E-09
     2     1 5.264E-04 2.230E-05  2647 -4.47E+00 -4.47E+00 1.958E-10 4.965E-12
                        (NSTEP:    58  DELTAT:   2.2876E+02  TIME:   2.5064E+03)
     1     1 3.389E-01 1.107E-02  3046 -4.58E+00 -4.57E+00 1.664E-07 4.166E-09
     2     1 6.386E-04 2.716E-05  2647 -4.48E+00 -4.48E+00 2.152E-10 5.465E-12
                        (NSTEP:    59  DELTAT:   2.5164E+02  TIME:   2.7580E+03)
     1     1 3.739E-01 1.222E-02  3046 -4.59E+00 -4.58E+00 1.664E-07 4.166E-09
     2     1 7.749E-04 3.309E-05  2647 -4.49E+00 -4.49E+00 2.365E-10 6.015E-12
                        (NSTEP:    60  DELTAT:   2.7680E+02  TIME:   3.0348E+03)
     1     1 4.126E-01 1.349E-02  3046 -4.60E+00 -4.59E+00 1.664E-07 4.166E-09
     2     1 9.407E-04 4.034E-05  2647 -4.50E+00 -4.50E+00 2.600E-10 6.622E-12
                        (NSTEP:    61  DELTAT:   3.0448E+02  TIME:   3.3393E+03)
     1     1 4.554E-01 1.489E-02  3046 -4.62E+00 -4.60E+00 1.664E-07 4.166E-09
     2     1 1.142E-03 4.922E-05  2647 -4.52E+00 -4.52E+00 2.857E-10 7.290E-12
                        (NSTEP:    62  DELTAT:   3.3493E+02  TIME:   3.6742E+03)
     1     1 5.029E-01 1.645E-02  3046 -4.64E+00 -4.62E+00 1.664E-07 4.166E-09
     2     1 1.388E-03 6.010E-05  2647 -4.53E+00 -4.53E+00 3.140E-10 8.026E-12
                        (NSTEP:    63  DELTAT:   3.6842E+02  TIME:   4.0427E+03)
     1     1 5.556E-01 1.818E-02  3046 -4.65E+00 -4.64E+00 1.664E-07 4.166E-09
     2     1 1.687E-03 7.345E-05  2647 -4.55E+00 -4.55E+00 3.450E-10 8.837E-12
                        (NSTEP:    64  DELTAT:   4.0527E+02  TIME:   4.4479E+03)
     1     1 6.140E-01 2.011E-02  3046 -4.67E+00 -4.65E+00 1.664E-07 4.166E-09
     2     1 2.051E-03 8.984E-05  2647 -4.57E+00 -4.57E+00 3.791E-10 9.732E-12
                        (NSTEP:    65  DELTAT:   4.4579E+02  TIME:   4.8937E+03)
     1     1 6.789E-01 2.225E-02  3046 -4.70E+00 -4.67E+00 1.664E-07 4.166E-09
     2     1 2.495E-03 1.100E-04  2647 -4.59E+00 -4.59E+00 4.166E-10 1.072E-11
     3     1 6.070E-06 5.340E-07  2647 -4.59E+00 -4.59E+00 1.038E-12 4.998E-14
                        (NSTEP:    66  DELTAT:   4.9037E+02  TIME:   5.3841E+03)
     1     1 7.511E-01 2.463E-02  3046 -4.72E+00 -4.70E+00 1.663E-07 4.166E-09
     2     1 3.037E-03 1.348E-04  2647 -4.61E+00 -4.61E+00 4.577E-10 1.181E-11
     3     1 7.984E-06 7.095E-07  2647 -4.61E+00 -4.61E+00 1.229E-12 5.909E-14
                        (NSTEP:    67  DELTAT:   5.3941E+02  TIME:   5.9235E+03)
     1     1 8.315E-01 2.728E-02  3046 -4.75E+00 -4.72E+00 1.663E-07 4.166E-09
     2     1 3.700E-03 1.655E-04  2647 -4.63E+00 -4.63E+00 5.028E-10 1.300E-11
     3     1 1.049E-05 9.424E-07  2647 -4.63E+00 -4.63E+00 1.453E-12 6.971E-14
                        (NSTEP:    68  DELTAT:   5.9335E+02  TIME:   6.5168E+03)
     1     1 9.210E-01 3.024E-02  3046 -4.78E+00 -4.75E+00 1.663E-07 4.166E-09
     2     1 4.511E-03 2.033E-04  2647 -4.66E+00 -4.66E+00 5.524E-10 1.433E-11
     3     1 1.378E-05 1.252E-06  2647 -4.66E+00 -4.66E+00 1.715E-12 8.205E-14
                        (NSTEP:    69  DELTAT:   6.5268E+02  TIME:   7.1695E+03)
     1     1 1.021E+00 3.355E-02  3046 -4.81E+00 -4.78E+00 1.663E-07 4.166E-09
     2     1 5.505E-03 2.501E-04  2647 -4.69E+00 -4.69E+00 6.068E-10 1.579E-11
     3     1 1.809E-05 1.662E-06  2647 -4.69E+00 -4.69E+00 2.019E-12 9.634E-14
                        (NSTEP:    70  DELTAT:   7.1795E+02  TIME:   7.8875E+03)
     1     1 1.133E+00 3.726E-02  3046 -4.85E+00 -4.81E+00 1.662E-07 4.166E-09
     2     1 6.724E-03 3.082E-04  2647 -4.72E+00 -4.72E+00 6.666E-10 1.740E-11
     3     1 2.373E-05 2.206E-06  2647 -4.72E+00 -4.72E+00 2.371E-12 1.128E-13
                        (NSTEP:    71  DELTAT:   7.8975E+02  TIME:   8.6772E+03)
     1     1 1.258E+00 4.142E-02  3046 -4.89E+00 -4.85E+00 1.662E-07 4.165E-09
     2     1 8.222E-03 3.804E-04  2647 -4.76E+00 -4.76E+00 7.323E-10 1.918E-11
     3     1 3.111E-05 2.928E-06  2647 -4.76E+00 -4.76E+00 2.779E-12 1.317E-13
                        (NSTEP:    72  DELTAT:   4.6139E+02  TIME:   9.1386E+03)
     1     1 7.425E-01 2.451E-02  3046 -4.92E+00 -4.89E+00 1.662E-07 4.165E-09
     2     1 2.838E-03 1.325E-04  2647 -4.78E+00 -4.78E+00 4.287E-10 1.126E-11
     3     1 6.150E-06 5.837E-07  2647 -4.78E+00 -4.78E+00 9.284E-13 4.382E-14
                        (NSTEP:    73  DELTAT:   4.6139E+02  TIME:   9.6000E+03)
     1     1 7.470E-01 2.468E-02  3046 -4.94E+00 -4.92E+00 1.662E-07 4.164E-09
     2     1 2.858E-03 1.341E-04  2647 -4.80E+00 -4.80E+00 4.286E-10 1.128E-11
     3     1 6.100E-06 5.828E-07  2647 -4.80E+00 -4.80E+00 9.113E-13 4.290E-14
