1	0	INDP	IPOND
-2.000e+02
-2.000e+02
-2.000e+02
-2.000e+02
-2.000e+02
-2.000e+02
-2.000e+02
-2.000e+02
-2.000e+02
-2.000e+02
-2.000e+02
-2.000e+02
-2.000e+02
-2.000e+02
-2.000e+02
-2.000e+02
-2.000e+02
-2.000e+02
-2.000e+02
-1.998e+02
-1.692e+02
-2.000e+02
-1.699e+02
-1.699e+02
-1.699e+02
-1.699e+02
-1.699e+02
-1.699e+02
-1.699e+02
-1.699e+02
-1.699e+02
-1.699e+02
-1.699e+02
-1.699e+02
-1.699e+02
-1.699e+02
-1.699e+02
-1.699e+02
-1.699e+02
-1.699e+02
-1.695e+02
-5.759e+01
-2.000e+02
-1.699e+02
-1.698e+02
-1.698e+02
-1.698e+02
-1.698e+02
-1.698e+02
-1.698e+02
-1.698e+02
-1.698e+02
-1.698e+02
-1.698e+02
-1.698e+02
-1.698e+02
-1.698e+02
-1.698e+02
-1.698e+02
-1.698e+02
-1.698e+02
-1.693e+02
-5.826e+01
-2.000e+02
-1.699e+02
-1.698e+02
-1.698e+02
-1.698e+02
-1.698e+02
-1.698e+02
-1.698e+02
-1.698e+02
-1.698e+02
-1.698e+02
-1.698e+02
-1.698e+02
-1.698e+02
-1.698e+02
-1.698e+02
-1.698e+02
-1.698e+02
-1.698e+02
-1.693e+02
-5.826e+01
-2.000e+02
-1.699e+02
-1.698e+02
-1.698e+02
-1.698e+02
-1.698e+02
-1.698e+02
-1.698e+02
-1.698e+02
-1.698e+02
-1.698e+02
-1.698e+02
-1.698e+02
-1.698e+02
-1.698e+02
-1.698e+02
-1.698e+02
-1.698e+02
-1.698e+02
-1.693e+02
-5.826e+01
-2.000e+02
-1.699e+02
-1.698e+02
-1.698e+02
-1.698e+02
-1.698e+02
-1.698e+02
-1.698e+02
-1.698e+02
-1.698e+02
-1.698e+02
-1.698e+02
-1.698e+02
-1.698e+02
-1.698e+02
-1.698e+02
-1.698e+02
-1.698e+02
-1.698e+02
-1.693e+02
-5.826e+01
-2.000e+02
-1.699e+02
-1.698e+02
-1.698e+02
-1.698e+02
-1.698e+02
-1.698e+02
-1.698e+02
-1.698e+02
-1.698e+02
-1.698e+02
-1.698e+02
-1.698e+02
-1.698e+02
-1.698e+02
-1.698e+02
-1.698e+02
-1.698e+02
-1.698e+02
-1.693e+02
-5.826e+01
-2.000e+02
-1.699e+02
-1.698e+02
-1.698e+02
-1.698e+02
-1.698e+02
-1.698e+02
-1.698e+02
-1.698e+02
-1.698e+02
-1.698e+02
-1.698e+02
-1.698e+02
-1.698e+02
-1.698e+02
-1.698e+02
-1.698e+02
-1.698e+02
-1.698e+02
-1.693e+02
-5.826e+01
-2.000e+02
-1.699e+02
-1.698e+02
-1.698e+02
-1.698e+02
-1.698e+02
-1.698e+02
-1.698e+02
-1.698e+02
-1.698e+02
-1.698e+02
-1.698e+02
-1.698e+02
-1.698e+02
-1.698e+02
-1.698e+02
-1.698e+02
-1.698e+02
-1.698e+02
-1.693e+02
-5.826e+01
-2.000e+02
-1.705e+02
-1.706e+02
-1.706e+02
-1.706e+02
-1.706e+02
-1.706e+02
-1.706e+02
-1.706e+02
-1.706e+02
-1.706e+02
-1.706e+02
-1.706e+02
-1.706e+02
-1.706e+02
-1.706e+02
-1.706e+02
-1.706e+02
-1.706e+02
-1.703e+02
-5.773e+01
-2.002e+02
-2.001e+02
-2.000e+02
-2.000e+02
-2.000e+02
-2.000e+02
-2.000e+02
-2.000e+02
-2.000e+02
-2.000e+02
-2.000e+02
-2.000e+02
-2.000e+02
-2.000e+02
-2.000e+02
-2.000e+02
-2.000e+02
-2.000e+02
-2.000e+02
-2.000e+02
-2.001e+02
-2.086e+02
-2.015e+02
-2.014e+02
-2.014e+02
-2.014e+02
-2.014e+02
-2.014e+02
-2.014e+02
-2.014e+02
-2.014e+02
-2.014e+02
-2.014e+02
-2.014e+02
-2.014e+02
-2.014e+02
-2.014e+02
-2.014e+02
-2.014e+02
-2.014e+02
-2.014e+02
-2.002e+02
-2.085e+02
-2.015e+02
-2.014e+02
-2.014e+02
-2.014e+02
-2.014e+02
-2.014e+02
-2.014e+02
-2.014e+02
-2.014e+02
-2.014e+02
-2.014e+02
-2.014e+02
-2.014e+02
-2.014e+02
-2.014e+02
-2.014e+02
-2.014e+02
-2.014e+02
-2.014e+02
-2.002e+02
-2.085e+02
-2.015e+02
-2.014e+02
-2.014e+02
-2.014e+02
-2.014e+02
-2.014e+02
-2.014e+02
-2.014e+02
-2.014e+02
-2.014e+02
-2.014e+02
-2.014e+02
-2.014e+02
-2.014e+02
-2.014e+02
-2.014e+02
-2.014e+02
-2.014e+02
-2.014e+02
-2.002e+02
-2.085e+02
-2.015e+02
-2.014e+02
-2.014e+02
-2.014e+02
-2.014e+02
-2.014e+02
-2.014e+02
-2.014e+02
-2.014e+02
-2.014e+02
-2.014e+02
-2.014e+02
-2.014e+02
-2.014e+02
-2.014e+02
-2.014e+02
-2.014e+02
-2.014e+02
-2.014e+02
-2.002e+02
-2.085e+02
-2.015e+02
-2.014e+02
-2.014e+02
-2.014e+02
-2.014e+02
-2.014e+02
-2.014e+02
-2.014e+02
-2.014e+02
-2.014e+02
-2.014e+02
-2.014e+02
-2.014e+02
-2.014e+02
-2.014e+02
-2.014e+02
-2.014e+02
-2.014e+02
-2.014e+02
-2.002e+02
-2.085e+02
-2.015e+02
-2.014e+02
-2.014e+02
-2.014e+02
-2.014e+02
-2.014e+02
-2.014e+02
-2.014e+02
-2.014e+02
-2.014e+02
-2.014e+02
-2.014e+02
-2.014e+02
-2.014e+02
-2.014e+02
-2.014e+02
-2.014e+02
-2.014e+02
-2.014e+02
-2.002e+02
-2.085e+02
-2.015e+02
-2.014e+02
-2.014e+02
-2.014e+02
-2.014e+02
-2.014e+02
-2.014e+02
-2.014e+02
-2.014e+02
-2.014e+02
-2.014e+02
-2.014e+02
-2.014e+02
-2.014e+02
-2.014e+02
-2.014e+02
-2.014e+02
-2.014e+02
-2.014e+02
-2.002e+02
-2.086e+02
-2.015e+02
-2.014e+02
-2.014e+02
-2.014e+02
-2.014e+02
-2.014e+02
-2.014e+02
-2.014e+02
-2.014e+02
-2.014e+02
-2.014e+02
-2.014e+02
-2.014e+02
-2.014e+02
-2.014e+02
-2.014e+02
-2.014e+02
-2.014e+02
-2.014e+02
-2.002e+02
-2.089e+02
-2.014e+02
-2.014e+02
-2.014e+02
-2.014e+02
-2.014e+02
-2.014e+02
-2.014e+02
-2.014e+02
-2.014e+02
-2.014e+02
-2.014e+02
-2.014e+02
-2.014e+02
-2.014e+02
-2.014e+02
-2.014e+02
-2.014e+02
-2.014e+02
-2.014e+02
-2.002e+02
-2.014e+02
-2.002e+02
-2.002e+02
-2.002e+02
-2.002e+02
-2.002e+02
-2.002e+02
-2.002e+02
-2.002e+02
-2.002e+02
-2.002e+02
-2.002e+02
-2.002e+02
-2.002e+02
-2.002e+02
-2.002e+02
-2.002e+02
-2.002e+02
-2.002e+02
-2.002e+02
-2.002e+02
-1.993e+02
-1.967e+02
-1.966e+02
-1.966e+02
-1.966e+02
-1.966e+02
-1.966e+02
-1.966e+02
-1.966e+02
-1.966e+02
-1.966e+02
-1.966e+02
-1.966e+02
-1.966e+02
-1.966e+02
-1.966e+02
-1.966e+02
-1.966e+02
-1.966e+02
-1.970e+02
-1.665e+02
-1.967e+02
-1.666e+02
-1.666e+02
-1.666e+02
-1.666e+02
-1.666e+02
-1.666e+02
-1.666e+02
-1.666e+02
-1.666e+02
-1.666e+02
-1.666e+02
-1.666e+02
-1.666e+02
-1.666e+02
-1.666e+02
-1.666e+02
-1.666e+02
-1.666e+02
-1.666e+02
-1.002e+02
-1.966e+02
-1.666e+02
-1.666e+02
-1.666e+02
-1.666e+02
-1.666e+02
-1.666e+02
-1.666e+02
-1.666e+02
-1.666e+02
-1.666e+02
-1.666e+02
-1.666e+02
-1.666e+02
-1.666e+02
-1.666e+02
-1.666e+02
-1.666e+02
-1.666e+02
-1.665e+02
-1.002e+02
-1.966e+02
-1.666e+02
-1.666e+02
-1.666e+02
-1.666e+02
-1.666e+02
-1.666e+02
-1.666e+02
-1.666e+02
-1.666e+02
-1.666e+02
-1.666e+02
-1.666e+02
-1.666e+02
-1.666e+02
-1.666e+02
-1.666e+02
-1.666e+02
-1.666e+02
-1.665e+02
-1.002e+02
-1.966e+02
-1.666e+02
-1.666e+02
-1.666e+02
-1.666e+02
-1.666e+02
-1.666e+02
-1.666e+02
-1.666e+02
-1.666e+02
-1.666e+02
-1.666e+02
-1.666e+02
-1.666e+02
-1.666e+02
-1.666e+02
-1.666e+02
-1.666e+02
-1.666e+02
-1.665e+02
-9.999e+01
-1.966e+02
-1.666e+02
-1.666e+02
-1.666e+02
-1.666e+02
-1.666e+02
-1.666e+02
-1.666e+02
-1.666e+02
-1.666e+02
-1.666e+02
-1.666e+02
-1.666e+02
-1.666e+02
-1.666e+02
-1.666e+02
-1.666e+02
-1.666e+02
-1.666e+02
-1.665e+02
-9.999e+01
-1.966e+02
-1.666e+02
-1.666e+02
-1.666e+02
-1.666e+02
-1.666e+02
-1.666e+02
-1.666e+02
-1.666e+02
-1.666e+02
-1.666e+02
-1.666e+02
-1.666e+02
-1.666e+02
-1.666e+02
-1.666e+02
-1.666e+02
-1.666e+02
-1.666e+02
-1.665e+02
-9.999e+01
-1.966e+02
-1.666e+02
-1.666e+02
-1.666e+02
-1.666e+02
-1.666e+02
-1.666e+02
-1.666e+02
-1.666e+02
-1.666e+02
-1.666e+02
-1.666e+02
-1.666e+02
-1.666e+02
-1.666e+02
-1.666e+02
-1.666e+02
-1.666e+02
-1.666e+02
-1.665e+02
-9.999e+01
-1.966e+02
-1.666e+02
-1.666e+02
-1.666e+02
-1.666e+02
-1.666e+02
-1.666e+02
-1.666e+02
-1.666e+02
-1.666e+02
-1.666e+02
-1.666e+02
-1.666e+02
-1.666e+02
-1.666e+02
-1.666e+02
-1.666e+02
-1.666e+02
-1.666e+02
-1.665e+02
-9.998e+01
-1.967e+02
-1.671e+02
-1.673e+02
-1.673e+02
-1.673e+02
-1.673e+02
-1.673e+02
-1.673e+02
-1.673e+02
-1.673e+02
-1.673e+02
-1.673e+02
-1.673e+02
-1.673e+02
-1.673e+02
-1.673e+02
-1.673e+02
-1.673e+02
-1.673e+02
-1.671e+02
-1.012e+02
-2.002e+02
-2.001e+02
-2.000e+02
-2.000e+02
-2.000e+02
-2.000e+02
-2.000e+02
-2.000e+02
-2.000e+02
-2.000e+02
-2.000e+02
-2.000e+02
-2.000e+02
-2.000e+02
-2.000e+02
-2.000e+02
-2.000e+02
-2.000e+02
-2.000e+02
-2.000e+02
-2.001e+02
-2.093e+02
-2.014e+02
-2.014e+02
-2.014e+02
-2.014e+02
-2.014e+02
-2.014e+02
-2.014e+02
-2.014e+02
-2.014e+02
-2.014e+02
-2.014e+02
-2.014e+02
-2.014e+02
-2.014e+02
-2.014e+02
-2.014e+02
-2.014e+02
-2.014e+02
-2.014e+02
-2.005e+02
-2.093e+02
-2.014e+02
-2.014e+02
-2.014e+02
-2.014e+02
-2.014e+02
-2.014e+02
-2.014e+02
-2.014e+02
-2.014e+02
-2.014e+02
-2.014e+02
-2.014e+02
-2.014e+02
-2.014e+02
-2.014e+02
-2.014e+02
-2.014e+02
-2.014e+02
-2.014e+02
-2.005e+02
-2.093e+02
-2.014e+02
-2.014e+02
-2.014e+02
-2.014e+02
-2.014e+02
-2.014e+02
-2.014e+02
-2.014e+02
-2.014e+02
-2.014e+02
-2.014e+02
-2.014e+02
-2.014e+02
-2.014e+02
-2.014e+02
-2.014e+02
-2.014e+02
-2.014e+02
-2.014e+02
-2.005e+02
-2.093e+02
-2.014e+02
-2.014e+02
-2.014e+02
-2.014e+02
-2.014e+02
-2.014e+02
-2.014e+02
-2.014e+02
-2.014e+02
-2.014e+02
-2.014e+02
-2.014e+02
-2.014e+02
-2.014e+02
-2.014e+02
-2.014e+02
-2.014e+02
-2.014e+02
-2.014e+02
-2.005e+02
-2.093e+02
-2.014e+02
-2.014e+02
-2.014e+02
-2.014e+02
-2.014e+02
-2.014e+02
-2.014e+02
-2.014e+02
-2.014e+02
-2.014e+02
-2.014e+02
-2.014e+02
-2.014e+02
-2.014e+02
-2.014e+02
-2.014e+02
-2.014e+02
-2.014e+02
-2.014e+02
-2.005e+02
-2.093e+02
-2.014e+02
-2.014e+02
-2.014e+02
-2.014e+02
-2.014e+02
-2.014e+02
-2.014e+02
-2.014e+02
-2.014e+02
-2.014e+02
-2.014e+02
-2.014e+02
-2.014e+02
-2.014e+02
-2.014e+02
-2.014e+02
-2.014e+02
-2.014e+02
-2.014e+02
-2.005e+02
-2.093e+02
-2.014e+02
-2.014e+02
-2.014e+02
-2.014e+02
-2.014e+02
-2.014e+02
-2.014e+02
-2.014e+02
-2.014e+02
-2.014e+02
-2.014e+02
-2.014e+02
-2.014e+02
-2.014e+02
-2.014e+02
-2.014e+02
-2.014e+02
-2.014e+02
-2.014e+02
-2.005e+02
-2.093e+02
-2.014e+02
-2.014e+02
-2.014e+02
-2.014e+02
-2.014e+02
-2.014e+02
-2.014e+02
-2.014e+02
-2.014e+02
-2.014e+02
-2.014e+02
-2.014e+02
-2.014e+02
-2.014e+02
-2.014e+02
-2.014e+02
-2.014e+02
-2.014e+02
-2.014e+02
-2.005e+02
-2.095e+02
-2.014e+02
-2.014e+02
-2.014e+02
-2.014e+02
-2.014e+02
-2.014e+02
-2.014e+02
-2.014e+02
-2.014e+02
-2.014e+02
-2.014e+02
-2.014e+02
-2.014e+02
-2.014e+02
-2.014e+02
-2.014e+02
-2.014e+02
-2.014e+02
-2.014e+02
-2.005e+02
-2.014e+02
-2.005e+02
-2.005e+02
-2.005e+02
-2.005e+02
-2.005e+02
-2.005e+02
-2.005e+02
-2.005e+02
-2.005e+02
-2.005e+02
-2.005e+02
-2.005e+02
-2.005e+02
-2.005e+02
-2.005e+02
-2.005e+02
-2.005e+02
-2.005e+02
-2.005e+02
-2.004e+02
-1.927e+02
-1.852e+02
-1.851e+02
-1.851e+02
-1.851e+02
-1.851e+02
-1.851e+02
-1.851e+02
-1.851e+02
-1.851e+02
-1.851e+02
-1.851e+02
-1.851e+02
-1.851e+02
-1.851e+02
-1.851e+02
-1.851e+02
-1.851e+02
-1.851e+02
-1.856e+02
-1.567e+02
-1.852e+02
-1.567e+02
-1.567e+02
-1.567e+02
-1.567e+02
-1.567e+02
-1.567e+02
-1.567e+02
-1.567e+02
-1.567e+02
-1.567e+02
-1.567e+02
-1.567e+02
-1.567e+02
-1.567e+02
-1.567e+02
-1.567e+02
-1.567e+02
-1.567e+02
-1.567e+02
-1.169e+02
-1.851e+02
-1.567e+02
-1.567e+02
-1.567e+02
-1.567e+02
-1.567e+02
-1.567e+02
-1.567e+02
-1.567e+02
-1.567e+02
-1.567e+02
-1.567e+02
-1.567e+02
-1.567e+02
-1.567e+02
-1.567e+02
-1.567e+02
-1.567e+02
-1.567e+02
-1.567e+02
-1.168e+02
-1.851e+02
-1.567e+02
-1.567e+02
-1.567e+02
-1.567e+02
-1.567e+02
-1.567e+02
-1.567e+02
-1.567e+02
-1.567e+02
-1.567e+02
-1.567e+02
-1.567e+02
-1.567e+02
-1.567e+02
-1.567e+02
-1.567e+02
-1.567e+02
-1.567e+02
-1.567e+02
-1.168e+02
-1.851e+02
-1.567e+02
-1.567e+02
-1.567e+02
-1.567e+02
-1.567e+02
-1.567e+02
-1.567e+02
-1.567e+02
-1.567e+02
-1.567e+02
-1.567e+02
-1.567e+02
-1.567e+02
-1.567e+02
-1.567e+02
-1.567e+02
-1.567e+02
-1.567e+02
-1.567e+02
-1.168e+02
-1.851e+02
-1.567e+02
-1.567e+02
-1.567e+02
-1.567e+02
-1.567e+02
-1.567e+02
-1.567e+02
-1.567e+02
-1.567e+02
-1.567e+02
-1.567e+02
-1.567e+02
-1.567e+02
-1.567e+02
-1.567e+02
-1.567e+02
-1.567e+02
-1.567e+02
-1.567e+02
-1.168e+02
-1.851e+02
-1.567e+02
-1.567e+02
-1.567e+02
-1.567e+02
-1.567e+02
-1.567e+02
-1.567e+02
-1.567e+02
-1.567e+02
-1.567e+02
-1.567e+02
-1.567e+02
-1.567e+02
-1.567e+02
-1.567e+02
-1.567e+02
-1.567e+02
-1.567e+02
-1.567e+02
-1.168e+02
-1.851e+02
-1.567e+02
-1.567e+02
-1.567e+02
-1.567e+02
-1.567e+02
-1.567e+02
-1.567e+02
-1.567e+02
-1.567e+02
-1.567e+02
-1.567e+02
-1.567e+02
-1.567e+02
-1.567e+02
-1.567e+02
-1.567e+02
-1.567e+02
-1.567e+02
-1.567e+02
-1.168e+02
-1.851e+02
-1.567e+02
-1.567e+02
-1.567e+02
-1.567e+02
-1.567e+02
-1.567e+02
-1.567e+02
-1.567e+02
-1.567e+02
-1.567e+02
-1.567e+02
-1.567e+02
-1.567e+02
-1.567e+02
-1.567e+02
-1.567e+02
-1.567e+02
-1.566e+02
-1.566e+02
-1.168e+02
-1.852e+02
-1.575e+02
-1.576e+02
-1.576e+02
-1.576e+02
-1.576e+02
-1.576e+02
-1.576e+02
-1.576e+02
-1.576e+02
-1.576e+02
-1.576e+02
-1.576e+02
-1.576e+02
-1.576e+02
-1.576e+02
-1.576e+02
-1.576e+02
-1.575e+02
-1.576e+02
-1.182e+02
-2.001e+02
-2.000e+02
-2.000e+02
-2.000e+02
-2.000e+02
-2.000e+02
-2.000e+02
-2.000e+02
-2.000e+02
-2.000e+02
-2.000e+02
-2.000e+02
-2.000e+02
-2.000e+02
-2.000e+02
-2.000e+02
-2.000e+02
-2.000e+02
-2.000e+02
-2.000e+02
-2.001e+02
-2.010e+02
-2.005e+02
-2.005e+02
-2.005e+02
-2.005e+02
-2.005e+02
-2.005e+02
-2.005e+02
-2.005e+02
-2.005e+02
-2.005e+02
-2.005e+02
-2.005e+02
-2.005e+02
-2.005e+02
-2.005e+02
-2.005e+02
-2.005e+02
-2.005e+02
-2.005e+02
-2.004e+02
-2.010e+02
-2.005e+02
-2.005e+02
-2.005e+02
-2.005e+02
-2.005e+02
-2.005e+02
-2.005e+02
-2.005e+02
-2.005e+02
-2.005e+02
-2.005e+02
-2.005e+02
-2.005e+02
-2.005e+02
-2.005e+02
-2.005e+02
-2.005e+02
-2.005e+02
-2.005e+02
-2.004e+02
-2.010e+02
-2.005e+02
-2.005e+02
-2.005e+02
-2.005e+02
-2.005e+02
-2.005e+02
-2.005e+02
-2.005e+02
-2.005e+02
-2.005e+02
-2.005e+02
-2.005e+02
-2.005e+02
-2.005e+02
-2.005e+02
-2.005e+02
-2.005e+02
-2.005e+02
-2.005e+02
-2.004e+02
-2.010e+02
-2.005e+02
-2.005e+02
-2.005e+02
-2.005e+02
-2.005e+02
-2.005e+02
-2.005e+02
-2.005e+02
-2.005e+02
-2.005e+02
-2.005e+02
-2.005e+02
-2.005e+02
-2.005e+02
-2.005e+02
-2.005e+02
-2.005e+02
-2.005e+02
-2.005e+02
-2.004e+02
-2.010e+02
-2.005e+02
-2.005e+02
-2.005e+02
-2.005e+02
-2.005e+02
-2.005e+02
-2.005e+02
-2.005e+02
-2.005e+02
-2.005e+02
-2.005e+02
-2.005e+02
-2.005e+02
-2.005e+02
-2.005e+02
-2.005e+02
-2.005e+02
-2.005e+02
-2.005e+02
-2.004e+02
-2.010e+02
-2.005e+02
-2.005e+02
-2.005e+02
-2.005e+02
-2.005e+02
-2.005e+02
-2.005e+02
-2.005e+02
-2.005e+02
-2.005e+02
-2.005e+02
-2.005e+02
-2.005e+02
-2.005e+02
-2.005e+02
-2.005e+02
-2.005e+02
-2.005e+02
-2.005e+02
-2.004e+02
-2.010e+02
-2.005e+02
-2.005e+02
-2.005e+02
-2.005e+02
-2.005e+02
-2.005e+02
-2.005e+02
-2.005e+02
-2.005e+02
-2.005e+02
-2.005e+02
-2.005e+02
-2.005e+02
-2.005e+02
-2.005e+02
-2.005e+02
-2.005e+02
-2.005e+02
-2.005e+02
-2.004e+02
-2.010e+02
-2.005e+02
-2.005e+02
-2.005e+02
-2.005e+02
-2.005e+02
-2.005e+02
-2.005e+02
-2.005e+02
-2.005e+02
-2.005e+02
-2.005e+02
-2.005e+02
-2.005e+02
-2.005e+02
-2.005e+02
-2.005e+02
-2.005e+02
-2.005e+02
-2.005e+02
-2.004e+02
-2.010e+02
-2.005e+02
-2.005e+02
-2.005e+02
-2.005e+02
-2.005e+02
-2.005e+02
-2.005e+02
-2.005e+02
-2.005e+02
-2.005e+02
-2.005e+02
-2.005e+02
-2.005e+02
-2.005e+02
-2.005e+02
-2.005e+02
-2.005e+02
-2.005e+02
-2.005e+02
-2.004e+02
-2.005e+02
-2.004e+02
-2.004e+02
-2.004e+02
-2.004e+02
-2.004e+02
-2.004e+02
-2.004e+02
-2.004e+02
-2.004e+02
-2.004e+02
-2.004e+02
-2.004e+02
-2.004e+02
-2.004e+02
-2.004e+02
-2.004e+02
-2.004e+02
-2.004e+02
-2.004e+02
-2.002e+02
-1.755e+02
-1.648e+02
-1.647e+02
-1.647e+02
-1.647e+02
-1.647e+02
-1.647e+02
-1.647e+02
-1.647e+02
-1.647e+02
-1.647e+02
-1.647e+02
-1.647e+02
-1.647e+02
-1.647e+02
-1.647e+02
-1.647e+02
-1.647e+02
-1.647e+02
-1.649e+02
-1.382e+02
-1.648e+02
-1.383e+02
-1.382e+02
-1.382e+02
-1.382e+02
-1.382e+02
-1.382e+02
-1.382e+02
-1.382e+02
-1.382e+02
-1.382e+02
-1.382e+02
-1.382e+02
-1.382e+02
-1.382e+02
-1.382e+02
-1.382e+02
-1.382e+02
-1.382e+02
-1.382e+02
-1.095e+02
-1.647e+02
-1.382e+02
-1.382e+02
-1.382e+02
-1.382e+02
-1.382e+02
-1.382e+02
-1.382e+02
-1.382e+02
-1.382e+02
-1.382e+02
-1.382e+02
-1.382e+02
-1.382e+02
-1.382e+02
-1.382e+02
-1.382e+02
-1.382e+02
-1.382e+02
-1.382e+02
-1.095e+02
-1.647e+02
-1.382e+02
-1.382e+02
-1.382e+02
-1.382e+02
-1.382e+02
-1.382e+02
-1.382e+02
-1.382e+02
-1.382e+02
-1.382e+02
-1.382e+02
-1.382e+02
-1.382e+02
-1.382e+02
-1.382e+02
-1.382e+02
-1.382e+02
-1.382e+02
-1.382e+02
-1.095e+02
-1.647e+02
-1.382e+02
-1.382e+02
-1.382e+02
-1.382e+02
-1.382e+02
-1.382e+02
-1.382e+02
-1.382e+02
-1.382e+02
-1.382e+02
-1.382e+02
-1.382e+02
-1.382e+02
-1.382e+02
-1.382e+02
-1.382e+02
-1.382e+02
-1.382e+02
-1.382e+02
-1.095e+02
-1.647e+02
-1.382e+02
-1.382e+02
-1.382e+02
-1.382e+02
-1.382e+02
-1.382e+02
-1.382e+02
-1.382e+02
-1.382e+02
-1.382e+02
-1.382e+02
-1.382e+02
-1.382e+02
-1.382e+02
-1.382e+02
-1.382e+02
-1.382e+02
-1.382e+02
-1.382e+02
-1.095e+02
-1.647e+02
-1.382e+02
-1.382e+02
-1.382e+02
-1.382e+02
-1.382e+02
-1.382e+02
-1.382e+02
-1.382e+02
-1.382e+02
-1.382e+02
-1.382e+02
-1.382e+02
-1.382e+02
-1.382e+02
-1.382e+02
-1.382e+02
-1.382e+02
-1.382e+02
-1.382e+02
-1.095e+02
-1.647e+02
-1.382e+02
-1.382e+02
-1.382e+02
-1.382e+02
-1.382e+02
-1.382e+02
-1.382e+02
-1.382e+02
-1.382e+02
-1.382e+02
-1.382e+02
-1.382e+02
-1.382e+02
-1.382e+02
-1.382e+02
-1.382e+02
-1.382e+02
-1.382e+02
-1.382e+02
-1.095e+02
-1.649e+02
-1.382e+02
-1.382e+02
-1.382e+02
-1.382e+02
-1.382e+02
-1.382e+02
-1.382e+02
-1.382e+02
-1.382e+02
-1.382e+02
-1.382e+02
-1.382e+02
-1.382e+02
-1.382e+02
-1.382e+02
-1.382e+02
-1.382e+02
-1.382e+02
-1.382e+02
-1.095e+02
-1.650e+02
-1.388e+02
-1.389e+02
-1.389e+02
-1.389e+02
-1.389e+02
-1.389e+02
-1.389e+02
-1.389e+02
-1.389e+02
-1.389e+02
-1.389e+02
-1.389e+02
-1.389e+02
-1.389e+02
-1.389e+02
-1.389e+02
-1.389e+02
-1.389e+02
-1.389e+02
-1.102e+02
-2.001e+02
-2.001e+02
-2.001e+02
-2.001e+02
-2.001e+02
-2.001e+02
-2.001e+02
-2.001e+02
-2.001e+02
-2.001e+02
-2.001e+02
-2.001e+02
-2.001e+02
-2.001e+02
-2.001e+02
-2.001e+02
-2.001e+02
-2.001e+02
-2.001e+02
-2.001e+02
-2.001e+02
-2.001e+02
-2.001e+02
-2.001e+02
-2.001e+02
-2.001e+02
-2.001e+02
-2.001e+02
-2.001e+02
-2.001e+02
-2.001e+02
-2.001e+02
-2.001e+02
-2.001e+02
-2.001e+02
-2.001e+02
-2.001e+02
-2.001e+02
-2.001e+02
-2.001e+02
-2.001e+02
-2.001e+02
-2.001e+02
-2.001e+02
-2.001e+02
-2.001e+02
-2.001e+02
-2.001e+02
-2.001e+02
-2.001e+02
-2.001e+02
-2.001e+02
-2.001e+02
-2.001e+02
-2.001e+02
-2.001e+02
-2.001e+02
-2.001e+02
-2.001e+02
-2.001e+02
-2.001e+02
-2.001e+02
-2.001e+02
-2.001e+02
-2.001e+02
-2.001e+02
-2.001e+02
-2.001e+02
-2.001e+02
-2.001e+02
-2.001e+02
-2.001e+02
-2.001e+02
-2.001e+02
-2.001e+02
-2.001e+02
-2.001e+02
-2.001e+02
-2.001e+02
-2.001e+02
-2.001e+02
-2.001e+02
-2.001e+02
-2.001e+02
-2.001e+02
-2.001e+02
-2.001e+02
-2.001e+02
-2.001e+02
-2.001e+02
-2.001e+02
-2.001e+02
-2.001e+02
-2.001e+02
-2.001e+02
-2.001e+02
-2.001e+02
-2.001e+02
-2.001e+02
-2.001e+02
-2.001e+02
-2.001e+02
-2.001e+02
-2.001e+02
-2.001e+02
-2.001e+02
-2.001e+02
-2.001e+02
-2.001e+02
-2.001e+02
-2.001e+02
-2.001e+02
-2.001e+02
-2.001e+02
-2.001e+02
-2.001e+02
-2.001e+02
-2.001e+02
-2.001e+02
-2.001e+02
-2.001e+02
-2.001e+02
-2.001e+02
-2.001e+02
-2.001e+02
-2.001e+02
-2.001e+02
-2.001e+02
-2.001e+02
-2.001e+02
-2.001e+02
-2.001e+02
-2.001e+02
-2.001e+02
-2.001e+02
-2.001e+02
-2.001e+02
-2.001e+02
-2.001e+02
-2.001e+02
-2.001e+02
-2.001e+02
-2.001e+02
-2.001e+02
-2.001e+02
-2.001e+02
-2.001e+02
-2.001e+02
-2.001e+02
-2.001e+02
-2.001e+02
-2.001e+02
-2.001e+02
-2.001e+02
-2.001e+02
-2.001e+02
-2.001e+02
-2.001e+02
-2.001e+02
-2.001e+02
-2.001e+02
-2.001e+02
-2.001e+02
-2.001e+02
-2.001e+02
-2.001e+02
-2.001e+02
-2.001e+02
-2.001e+02
-2.001e+02
-2.001e+02
-2.001e+02
-2.001e+02
-2.001e+02
-2.001e+02
-2.001e+02
-2.001e+02
-2.001e+02
-2.001e+02
-2.001e+02
-2.001e+02
-2.001e+02
-2.001e+02
-2.001e+02
-2.001e+02
-2.001e+02
-2.001e+02
-2.001e+02
-2.001e+02
-2.001e+02
-2.001e+02
-2.001e+02
-2.001e+02
-2.001e+02
-2.001e+02
-2.001e+02
-2.001e+02
-2.001e+02
-2.001e+02
-2.001e+02
-2.001e+02
-2.001e+02
-2.001e+02
-2.001e+02
-2.001e+02
-2.001e+02
-2.001e+02
-2.001e+02
-2.001e+02
-2.001e+02
-2.001e+02
-2.001e+02
-2.001e+02
-2.001e+02
-2.001e+02
-2.001e+02
-2.001e+02
-2.001e+02
-2.001e+02
-2.001e+02
-2.001e+02
-2.001e+02
-2.001e+02
-2.001e+02
-2.001e+02
-2.001e+02
-2.001e+02
-2.001e+02
-2.001e+02
-2.001e+02
-2.001e+02
-1.418e+02
-1.304e+02
-1.304e+02
-1.304e+02
-1.304e+02
-1.304e+02
-1.304e+02
-1.304e+02
-1.304e+02
-1.304e+02
-1.304e+02
-1.304e+02
-1.304e+02
-1.304e+02
-1.304e+02
-1.304e+02
-1.304e+02
-1.304e+02
-1.304e+02
-1.304e+02
-1.074e+02
-1.304e+02
-1.074e+02
-1.074e+02
-1.074e+02
-1.074e+02
-1.074e+02
-1.074e+02
-1.074e+02
-1.074e+02
-1.074e+02
-1.074e+02
-1.074e+02
-1.074e+02
-1.074e+02
-1.074e+02
-1.074e+02
-1.074e+02
-1.074e+02
-1.074e+02
-1.074e+02
-8.707e+01
-1.304e+02
-1.074e+02
-1.074e+02
-1.074e+02
-1.074e+02
-1.074e+02
-1.074e+02
-1.074e+02
-1.074e+02
-1.074e+02
-1.074e+02
-1.074e+02
-1.074e+02
-1.074e+02
-1.074e+02
-1.074e+02
-1.074e+02
-1.074e+02
-1.074e+02
-1.074e+02
-8.707e+01
-1.304e+02
-1.074e+02
-1.074e+02
-1.074e+02
-1.074e+02
-1.074e+02
-1.074e+02
-1.074e+02
-1.074e+02
-1.074e+02
-1.074e+02
-1.074e+02
-1.074e+02
-1.074e+02
-1.074e+02
-1.074e+02
-1.074e+02
-1.074e+02
-1.074e+02
-1.074e+02
-8.707e+01
-1.304e+02
-1.074e+02
-1.074e+02
-1.074e+02
-1.074e+02
-1.074e+02
-1.074e+02
-1.074e+02
-1.074e+02
-1.074e+02
-1.074e+02
-1.074e+02
-1.074e+02
-1.074e+02
-1.074e+02
-1.074e+02
-1.074e+02
-1.074e+02
-1.074e+02
-1.074e+02
-8.707e+01
-1.304e+02
-1.074e+02
-1.074e+02
-1.074e+02
-1.074e+02
-1.074e+02
-1.074e+02
-1.074e+02
-1.074e+02
-1.074e+02
-1.074e+02
-1.074e+02
-1.074e+02
-1.074e+02
-1.074e+02
-1.074e+02
-1.074e+02
-1.074e+02
-1.074e+02
-1.074e+02
-8.707e+01
-1.304e+02
-1.074e+02
-1.074e+02
-1.074e+02
-1.074e+02
-1.074e+02
-1.074e+02
-1.074e+02
-1.074e+02
-1.074e+02
-1.074e+02
-1.074e+02
-1.074e+02
-1.074e+02
-1.074e+02
-1.074e+02
-1.074e+02
-1.074e+02
-1.074e+02
-1.074e+02
-8.707e+01
-1.304e+02
-1.074e+02
-1.074e+02
-1.074e+02
-1.074e+02
-1.074e+02
-1.074e+02
-1.074e+02
-1.074e+02
-1.074e+02
-1.074e+02
-1.074e+02
-1.074e+02
-1.074e+02
-1.074e+02
-1.074e+02
-1.074e+02
-1.074e+02
-1.074e+02
-1.074e+02
-8.707e+01
-1.304e+02
-1.074e+02
-1.074e+02
-1.074e+02
-1.074e+02
-1.074e+02
-1.074e+02
-1.074e+02
-1.074e+02
-1.074e+02
-1.074e+02
-1.074e+02
-1.074e+02
-1.074e+02
-1.074e+02
-1.074e+02
-1.074e+02
-1.074e+02
-1.074e+02
-1.074e+02
-8.707e+01
-1.307e+02
-1.078e+02
-1.078e+02
-1.078e+02
-1.078e+02
-1.078e+02
-1.078e+02
-1.078e+02
-1.078e+02
-1.078e+02
-1.078e+02
-1.078e+02
-1.078e+02
-1.078e+02
-1.078e+02
-1.078e+02
-1.078e+02
-1.078e+02
-1.078e+02
-1.078e+02
-8.762e+01
-2.000e+02
-2.000e+02
-2.000e+02
-2.000e+02
-2.000e+02
-2.000e+02
-2.000e+02
-2.000e+02
-2.000e+02
-2.000e+02
-2.000e+02
-2.000e+02
-2.000e+02
-2.000e+02
-2.000e+02
-2.000e+02
-2.000e+02
-2.000e+02
-2.000e+02
-2.000e+02
-2.000e+02
-2.000e+02
-2.000e+02
-2.000e+02
-2.000e+02
-2.000e+02
-2.000e+02
-2.000e+02
-2.000e+02
-2.000e+02
-2.000e+02
-2.000e+02
-2.000e+02
-2.000e+02
-2.000e+02
-2.000e+02
-2.000e+02
-2.000e+02
-2.000e+02
-2.000e+02
-2.000e+02
-2.001e+02
-2.000e+02
-2.000e+02
-2.000e+02
-2.000e+02
-2.000e+02
-2.000e+02
-2.000e+02
-2.000e+02
-2.000e+02
-2.000e+02
-2.000e+02
-2.000e+02
-2.000e+02
-2.000e+02
-2.000e+02
-2.000e+02
-2.000e+02
-2.000e+02
-2.000e+02
-2.000e+02
-2.001e+02
-2.000e+02
-2.000e+02
-2.000e+02
-2.000e+02
-2.000e+02
-2.000e+02
-2.000e+02
-2.000e+02
-2.000e+02
-2.000e+02
-2.000e+02
-2.000e+02
-2.000e+02
-2.000e+02
-2.000e+02
-2.000e+02
-2.000e+02
-2.000e+02
-2.000e+02
-2.000e+02
-2.001e+02
-2.000e+02
-2.000e+02
-2.000e+02
-2.000e+02
-2.000e+02
-2.000e+02
-2.000e+02
-2.000e+02
-2.000e+02
-2.000e+02
-2.000e+02
-2.000e+02
-2.000e+02
-2.000e+02
-2.000e+02
-2.000e+02
-2.000e+02
-2.000e+02
-2.000e+02
-2.000e+02
-2.001e+02
-2.000e+02
-2.000e+02
-2.000e+02
-2.000e+02
-2.000e+02
-2.000e+02
-2.000e+02
-2.000e+02
-2.000e+02
-2.000e+02
-2.000e+02
-2.000e+02
-2.000e+02
-2.000e+02
-2.000e+02
-2.000e+02
-2.000e+02
-2.000e+02
-2.000e+02
-2.000e+02
-2.001e+02
-2.000e+02
-2.000e+02
-2.000e+02
-2.000e+02
-2.000e+02
-2.000e+02
-2.000e+02
-2.000e+02
-2.000e+02
-2.000e+02
-2.000e+02
-2.000e+02
-2.000e+02
-2.000e+02
-2.000e+02
-2.000e+02
-2.000e+02
-2.000e+02
-2.000e+02
-2.000e+02
-2.001e+02
-2.000e+02
-2.000e+02
-2.000e+02
-2.000e+02
-2.000e+02
-2.000e+02
-2.000e+02
-2.000e+02
-2.000e+02
-2.000e+02
-2.000e+02
-2.000e+02
-2.000e+02
-2.000e+02
-2.000e+02
-2.000e+02
-2.000e+02
-2.000e+02
-2.000e+02
-2.000e+02
-2.001e+02
-2.000e+02
-2.000e+02
-2.000e+02
-2.000e+02
-2.000e+02
-2.000e+02
-2.000e+02
-2.000e+02
-2.000e+02
-2.000e+02
-2.000e+02
-2.000e+02
-2.000e+02
-2.000e+02
-2.000e+02
-2.000e+02
-2.000e+02
-2.000e+02
-2.000e+02
-2.000e+02
-2.001e+02
-2.000e+02
-2.000e+02
-2.000e+02
-2.000e+02
-2.000e+02
-2.000e+02
-2.000e+02
-2.000e+02
-2.000e+02
-2.000e+02
-2.000e+02
-2.000e+02
-2.000e+02
-2.000e+02
-2.000e+02
-2.000e+02
-2.000e+02
-2.000e+02
-2.000e+02
-2.000e+02
-2.001e+02
-2.000e+02
-2.001e+02
-2.001e+02
-2.001e+02
-2.001e+02
-2.001e+02
-2.001e+02
-2.001e+02
-2.001e+02
-2.001e+02
-2.001e+02
-2.001e+02
-2.001e+02
-2.001e+02
-2.001e+02
-2.001e+02
-2.001e+02
-2.001e+02
-2.001e+02
-2.001e+02
-2.001e+02
-7.669e+01
-7.550e+01
-7.550e+01
-7.550e+01
-7.550e+01
-7.550e+01
-7.550e+01
-7.550e+01
-7.550e+01
-7.550e+01
-7.550e+01
-7.550e+01
-7.550e+01
-7.550e+01
-7.550e+01
-7.550e+01
-7.550e+01
-7.550e+01
-7.550e+01
-7.556e+01
-7.326e+01
-7.550e+01
-7.326e+01
-7.313e+01
-7.313e+01
-7.313e+01
-7.313e+01
-7.313e+01
-7.313e+01
-7.313e+01
-7.313e+01
-7.313e+01
-7.313e+01
-7.313e+01
-7.313e+01
-7.313e+01
-7.313e+01
-7.313e+01
-7.313e+01
-7.313e+01
-7.313e+01
-7.117e+01
-7.550e+01
-7.313e+01
-7.313e+01
-7.313e+01
-7.313e+01
-7.313e+01
-7.313e+01
-7.313e+01
-7.313e+01
-7.313e+01
-7.313e+01
-7.313e+01
-7.313e+01
-7.313e+01
-7.313e+01
-7.313e+01
-7.313e+01
-7.313e+01
-7.313e+01
-7.313e+01
-7.076e+01
-7.550e+01
-7.313e+01
-7.313e+01
-7.313e+01
-7.313e+01
-7.313e+01
-7.313e+01
-7.313e+01
-7.313e+01
-7.313e+01
-7.313e+01
-7.313e+01
-7.313e+01
-7.313e+01
-7.313e+01
-7.313e+01
-7.313e+01
-7.313e+01
-7.313e+01
-7.313e+01
-7.076e+01
-7.550e+01
-7.313e+01
-7.313e+01
-7.313e+01
-7.313e+01
-7.313e+01
-7.313e+01
-7.313e+01
-7.313e+01
-7.313e+01
-7.313e+01
-7.313e+01
-7.313e+01
-7.313e+01
-7.313e+01
-7.313e+01
-7.313e+01
-7.313e+01
-7.313e+01
-7.313e+01
-7.076e+01
-7.550e+01
-7.313e+01
-7.313e+01
-7.313e+01
-7.313e+01
-7.313e+01
-7.313e+01
-7.313e+01
-7.313e+01
-7.313e+01
-7.313e+01
-7.313e+01
-7.313e+01
-7.313e+01
-7.313e+01
-7.313e+01
-7.313e+01
-7.313e+01
-7.313e+01
-7.313e+01
-7.076e+01
-7.550e+01
-7.313e+01
-7.313e+01
-7.313e+01
-7.313e+01
-7.313e+01
-7.313e+01
-7.313e+01
-7.313e+01
-7.313e+01
-7.313e+01
-7.313e+01
-7.313e+01
-7.313e+01
-7.313e+01
-7.313e+01
-7.313e+01
-7.313e+01
-7.313e+01
-7.313e+01
-7.076e+01
-7.550e+01
-7.313e+01
-7.313e+01
-7.313e+01
-7.313e+01
-7.313e+01
-7.313e+01
-7.313e+01
-7.313e+01
-7.313e+01
-7.313e+01
-7.313e+01
-7.313e+01
-7.313e+01
-7.313e+01
-7.313e+01
-7.313e+01
-7.313e+01
-7.313e+01
-7.313e+01
-7.076e+01
-7.550e+01
-7.313e+01
-7.313e+01
-7.313e+01
-7.313e+01
-7.313e+01
-7.313e+01
-7.313e+01
-7.313e+01
-7.313e+01
-7.313e+01
-7.313e+01
-7.313e+01
-7.313e+01
-7.313e+01
-7.313e+01
-7.313e+01
-7.313e+01
-7.313e+01
-7.313e+01
-7.076e+01
-7.504e+01
-7.331e+01
-7.328e+01
-7.328e+01
-7.328e+01
-7.328e+01
-7.328e+01
-7.328e+01
-7.328e+01
-7.328e+01
-7.328e+01
-7.328e+01
-7.328e+01
-7.328e+01
-7.328e+01
-7.328e+01
-7.328e+01
-7.328e+01
-7.328e+01
-7.328e+01
-7.121e+01
-1.994e+02
-1.993e+02
-1.993e+02
-1.993e+02
-1.993e+02
-1.993e+02
-1.993e+02
-1.993e+02
-1.993e+02
-1.993e+02
-1.993e+02
-1.993e+02
-1.993e+02
-1.993e+02
-1.993e+02
-1.993e+02
-1.993e+02
-1.993e+02
-1.993e+02
-1.993e+02
-1.992e+02
-1.995e+02
-1.994e+02
-1.994e+02
-1.994e+02
-1.994e+02
-1.994e+02
-1.994e+02
-1.994e+02
-1.994e+02
-1.994e+02
-1.994e+02
-1.994e+02
-1.994e+02
-1.994e+02
-1.994e+02
-1.994e+02
-1.994e+02
-1.994e+02
-1.994e+02
-1.994e+02
-1.992e+02
-1.995e+02
-1.994e+02
-1.994e+02
-1.994e+02
-1.994e+02
-1.994e+02
-1.994e+02
-1.994e+02
-1.994e+02
-1.994e+02
-1.994e+02
-1.994e+02
-1.994e+02
-1.994e+02
-1.994e+02
-1.994e+02
-1.994e+02
-1.994e+02
-1.994e+02
-1.994e+02
-1.992e+02
-1.995e+02
-1.994e+02
-1.994e+02
-1.994e+02
-1.994e+02
-1.994e+02
-1.994e+02
-1.994e+02
-1.994e+02
-1.994e+02
-1.994e+02
-1.994e+02
-1.994e+02
-1.994e+02
-1.994e+02
-1.994e+02
-1.994e+02
-1.994e+02
-1.994e+02
-1.994e+02
-1.992e+02
-1.995e+02
-1.994e+02
-1.994e+02
-1.994e+02
-1.994e+02
-1.994e+02
-1.994e+02
-1.994e+02
-1.994e+02
-1.994e+02
-1.994e+02
-1.994e+02
-1.994e+02
-1.994e+02
-1.994e+02
-1.994e+02
-1.994e+02
-1.994e+02
-1.994e+02
-1.994e+02
-1.992e+02
-1.995e+02
-1.994e+02
-1.994e+02
-1.994e+02
-1.994e+02
-1.994e+02
-1.994e+02
-1.994e+02
-1.994e+02
-1.994e+02
-1.994e+02
-1.994e+02
-1.994e+02
-1.994e+02
-1.994e+02
-1.994e+02
-1.994e+02
-1.994e+02
-1.994e+02
-1.994e+02
-1.992e+02
-1.995e+02
-1.994e+02
-1.994e+02
-1.994e+02
-1.994e+02
-1.994e+02
-1.994e+02
-1.994e+02
-1.994e+02
-1.994e+02
-1.994e+02
-1.994e+02
-1.994e+02
-1.994e+02
-1.994e+02
-1.994e+02
-1.994e+02
-1.994e+02
-1.994e+02
-1.994e+02
-1.992e+02
-1.995e+02
-1.994e+02
-1.994e+02
-1.994e+02
-1.994e+02
-1.994e+02
-1.994e+02
-1.994e+02
-1.994e+02
-1.994e+02
-1.994e+02
-1.994e+02
-1.994e+02
-1.994e+02
-1.994e+02
-1.994e+02
-1.994e+02
-1.994e+02
-1.994e+02
-1.994e+02
-1.992e+02
-1.995e+02
-1.994e+02
-1.994e+02
-1.994e+02
-1.994e+02
-1.994e+02
-1.994e+02
-1.994e+02
-1.994e+02
-1.994e+02
-1.994e+02
-1.994e+02
-1.994e+02
-1.994e+02
-1.994e+02
-1.994e+02
-1.994e+02
-1.994e+02
-1.994e+02
-1.994e+02
-1.992e+02
-1.995e+02
-1.994e+02
-1.994e+02
-1.994e+02
-1.994e+02
-1.994e+02
-1.994e+02
-1.994e+02
-1.994e+02
-1.994e+02
-1.994e+02
-1.994e+02
-1.994e+02
-1.994e+02
-1.994e+02
-1.994e+02
-1.994e+02
-1.994e+02
-1.994e+02
-1.994e+02
-1.992e+02
-1.994e+02
-1.993e+02
-1.992e+02
-1.992e+02
-1.992e+02
-1.992e+02
-1.992e+02
-1.992e+02
-1.992e+02
-1.992e+02
-1.992e+02
-1.992e+02
-1.992e+02
-1.992e+02
-1.992e+02
-1.992e+02
-1.992e+02
-1.992e+02
-1.992e+02
-1.992e+02
-1.991e+02
-1.348e+02
-9.687e+01
-9.685e+01
-9.685e+01
-9.685e+01
-9.685e+01
-9.685e+01
-9.685e+01
-9.685e+01
-9.685e+01
-9.685e+01
-9.685e+01
-9.685e+01
-9.685e+01
-9.685e+01
-9.685e+01
-9.685e+01
-9.685e+01
-9.685e+01
-9.663e+01
-4.901e+01
-9.687e+01
-4.912e+01
-4.912e+01
-4.912e+01
-4.912e+01
-4.912e+01
-4.912e+01
-4.912e+01
-4.912e+01
-4.912e+01
-4.912e+01
-4.912e+01
-4.912e+01
-4.912e+01
-4.912e+01
-4.912e+01
-4.912e+01
-4.912e+01
-4.912e+01
-4.902e+01
-2.876e+01
-9.685e+01
-4.912e+01
-4.912e+01
-4.912e+01
-4.912e+01
-4.912e+01
-4.912e+01
-4.912e+01
-4.912e+01
-4.912e+01
-4.912e+01
-4.912e+01
-4.912e+01
-4.912e+01
-4.912e+01
-4.912e+01
-4.912e+01
-4.912e+01
-4.912e+01
-4.911e+01
-2.881e+01
-9.685e+01
-4.912e+01
-4.912e+01
-4.912e+01
-4.912e+01
-4.912e+01
-4.912e+01
-4.912e+01
-4.912e+01
-4.912e+01
-4.912e+01
-4.912e+01
-4.912e+01
-4.912e+01
-4.912e+01
-4.912e+01
-4.912e+01
-4.912e+01
-4.912e+01
-4.911e+01
-2.881e+01
-9.685e+01
-4.912e+01
-4.912e+01
-4.912e+01
-4.912e+01
-4.912e+01
-4.912e+01
-4.912e+01
-4.912e+01
-4.912e+01
-4.912e+01
-4.912e+01
-4.912e+01
-4.912e+01
-4.912e+01
-4.912e+01
-4.912e+01
-4.912e+01
-4.912e+01
-4.911e+01
-2.881e+01
-9.685e+01
-4.912e+01
-4.912e+01
-4.912e+01
-4.912e+01
-4.912e+01
-4.912e+01
-4.912e+01
-4.912e+01
-4.912e+01
-4.912e+01
-4.912e+01
-4.912e+01
-4.912e+01
-4.912e+01
-4.912e+01
-4.912e+01
-4.912e+01
-4.912e+01
-4.911e+01
-2.881e+01
-9.685e+01
-4.912e+01
-4.912e+01
-4.912e+01
-4.912e+01
-4.912e+01
-4.912e+01
-4.912e+01
-4.912e+01
-4.912e+01
-4.912e+01
-4.912e+01
-4.912e+01
-4.912e+01
-4.912e+01
-4.912e+01
-4.912e+01
-4.912e+01
-4.912e+01
-4.911e+01
-2.881e+01
-9.685e+01
-4.912e+01
-4.912e+01
-4.912e+01
-4.912e+01
-4.912e+01
-4.912e+01
-4.912e+01
-4.912e+01
-4.912e+01
-4.912e+01
-4.912e+01
-4.912e+01
-4.912e+01
-4.912e+01
-4.912e+01
-4.912e+01
-4.912e+01
-4.912e+01
-4.911e+01
-2.881e+01
-9.685e+01
-4.912e+01
-4.912e+01
-4.912e+01
-4.912e+01
-4.912e+01
-4.912e+01
-4.912e+01
-4.912e+01
-4.912e+01
-4.912e+01
-4.912e+01
-4.912e+01
-4.912e+01
-4.912e+01
-4.912e+01
-4.912e+01
-4.912e+01
-4.912e+01
-4.911e+01
-2.881e+01
-9.711e+01
-4.904e+01
-4.904e+01
-4.904e+01
-4.904e+01
-4.904e+01
-4.904e+01
-4.904e+01
-4.904e+01
-4.904e+01
-4.904e+01
-4.904e+01
-4.904e+01
-4.904e+01
-4.904e+01
-4.904e+01
-4.904e+01
-4.904e+01
-4.904e+01
-4.902e+01
-2.880e+01
-1.943e+02
-1.935e+02
-1.935e+02
-1.935e+02
-1.935e+02
-1.935e+02
-1.935e+02
-1.935e+02
-1.935e+02
-1.935e+02
-1.935e+02
-1.935e+02
-1.935e+02
-1.935e+02
-1.935e+02
-1.935e+02
-1.935e+02
-1.935e+02
-1.935e+02
-1.935e+02
-1.923e+02
-1.939e+02
-1.925e+02
-1.923e+02
-1.923e+02
-1.923e+02
-1.923e+02
-1.923e+02
-1.923e+02
-1.923e+02
-1.923e+02
-1.923e+02
-1.923e+02
-1.923e+02
-1.923e+02
-1.923e+02
-1.923e+02
-1.923e+02
-1.923e+02
-1.923e+02
-1.923e+02
-1.903e+02
-1.938e+02
-1.924e+02
-1.921e+02
-1.921e+02
-1.921e+02
-1.921e+02
-1.921e+02
-1.921e+02
-1.921e+02
-1.921e+02
-1.921e+02
-1.921e+02
-1.921e+02
-1.921e+02
-1.921e+02
-1.921e+02
-1.921e+02
-1.921e+02
-1.921e+02
-1.921e+02
-1.900e+02
-1.938e+02
-1.924e+02
-1.921e+02
-1.921e+02
-1.921e+02
-1.921e+02
-1.921e+02
-1.921e+02
-1.921e+02
-1.921e+02
-1.921e+02
-1.921e+02
-1.921e+02
-1.921e+02
-1.921e+02
-1.921e+02
-1.921e+02
-1.921e+02
-1.921e+02
-1.921e+02
-1.900e+02
-1.938e+02
-1.924e+02
-1.921e+02
-1.921e+02
-1.921e+02
-1.921e+02
-1.921e+02
-1.921e+02
-1.921e+02
-1.921e+02
-1.921e+02
-1.921e+02
-1.921e+02
-1.921e+02
-1.921e+02
-1.921e+02
-1.921e+02
-1.921e+02
-1.921e+02
-1.921e+02
-1.900e+02
-1.938e+02
-1.924e+02
-1.921e+02
-1.921e+02
-1.921e+02
-1.921e+02
-1.921e+02
-1.921e+02
-1.921e+02
-1.921e+02
-1.921e+02
-1.921e+02
-1.921e+02
-1.921e+02
-1.921e+02
-1.921e+02
-1.921e+02
-1.921e+02
-1.921e+02
-1.921e+02
-1.900e+02
-1.938e+02
-1.924e+02
-1.921e+02
-1.921e+02
-1.921e+02
-1.921e+02
-1.921e+02
-1.921e+02
-1.921e+02
-1.921e+02
-1.921e+02
-1.921e+02
-1.921e+02
-1.921e+02
-1.921e+02
-1.921e+02
-1.921e+02
-1.921e+02
-1.921e+02
-1.921e+02
-1.900e+02
-1.938e+02
-1.924e+02
-1.921e+02
-1.921e+02
-1.921e+02
-1.921e+02
-1.921e+02
-1.921e+02
-1.921e+02
-1.921e+02
-1.921e+02
-1.921e+02
-1.921e+02
-1.921e+02
-1.921e+02
-1.921e+02
-1.921e+02
-1.921e+02
-1.921e+02
-1.921e+02
-1.900e+02
-1.938e+02
-1.924e+02
-1.921e+02
-1.921e+02
-1.921e+02
-1.921e+02
-1.921e+02
-1.921e+02
-1.921e+02
-1.921e+02
-1.921e+02
-1.921e+02
-1.921e+02
-1.921e+02
-1.921e+02
-1.921e+02
-1.921e+02
-1.921e+02
-1.921e+02
-1.921e+02
-1.900e+02
-1.938e+02
-1.924e+02
-1.921e+02
-1.921e+02
-1.921e+02
-1.921e+02
-1.921e+02
-1.921e+02
-1.921e+02
-1.921e+02
-1.921e+02
-1.921e+02
-1.921e+02
-1.921e+02
-1.921e+02
-1.921e+02
-1.921e+02
-1.921e+02
-1.921e+02
-1.921e+02
-1.900e+02
-1.926e+02
-1.905e+02
-1.901e+02
-1.900e+02
-1.900e+02
-1.900e+02
-1.900e+02
-1.900e+02
-1.900e+02
-1.900e+02
-1.900e+02
-1.900e+02
-1.900e+02
-1.900e+02
-1.900e+02
-1.900e+02
-1.900e+02
-1.900e+02
-1.900e+02
-1.900e+02
-1.882e+02
-2.459e+01
-2.435e+01
-2.435e+01
-2.435e+01
-2.435e+01
-2.435e+01
-2.435e+01
-2.435e+01
-2.435e+01
-2.435e+01
-2.435e+01
-2.435e+01
-2.435e+01
-2.435e+01
-2.435e+01
-2.435e+01
-2.435e+01
-2.435e+01
-2.435e+01
-2.437e+01
-2.403e+01
-2.435e+01
-2.398e+01
-2.398e+01
-2.398e+01
-2.398e+01
-2.398e+01
-2.398e+01
-2.398e+01
-2.398e+01
-2.398e+01
-2.398e+01
-2.398e+01
-2.398e+01
-2.398e+01
-2.398e+01
-2.398e+01
-2.398e+01
-2.398e+01
-2.398e+01
-2.398e+01
-2.356e+01
-2.435e+01
-2.398e+01
-2.398e+01
-2.398e+01
-2.398e+01
-2.398e+01
-2.398e+01
-2.398e+01
-2.398e+01
-2.398e+01
-2.398e+01
-2.398e+01
-2.398e+01
-2.398e+01
-2.398e+01
-2.398e+01
-2.398e+01
-2.398e+01
-2.398e+01
-2.398e+01
-2.350e+01
-2.435e+01
-2.398e+01
-2.398e+01
-2.398e+01
-2.398e+01
-2.398e+01
-2.398e+01
-2.398e+01
-2.398e+01
-2.398e+01
-2.398e+01
-2.398e+01
-2.398e+01
-2.398e+01
-2.398e+01
-2.398e+01
-2.398e+01
-2.398e+01
-2.398e+01
-2.398e+01
-2.350e+01
-2.435e+01
-2.398e+01
-2.398e+01
-2.398e+01
-2.398e+01
-2.398e+01
-2.398e+01
-2.398e+01
-2.398e+01
-2.398e+01
-2.398e+01
-2.398e+01
-2.398e+01
-2.398e+01
-2.398e+01
-2.398e+01
-2.398e+01
-2.398e+01
-2.398e+01
-2.398e+01
-2.350e+01
-2.435e+01
-2.398e+01
-2.398e+01
-2.398e+01
-2.398e+01
-2.398e+01
-2.398e+01
-2.398e+01
-2.398e+01
-2.398e+01
-2.398e+01
-2.398e+01
-2.398e+01
-2.398e+01
-2.398e+01
-2.398e+01
-2.398e+01
-2.398e+01
-2.398e+01
-2.398e+01
-2.350e+01
-2.435e+01
-2.398e+01
-2.398e+01
-2.398e+01
-2.398e+01
-2.398e+01
-2.398e+01
-2.398e+01
-2.398e+01
-2.398e+01
-2.398e+01
-2.398e+01
-2.398e+01
-2.398e+01
-2.398e+01
-2.398e+01
-2.398e+01
-2.398e+01
-2.398e+01
-2.398e+01
-2.350e+01
-2.435e+01
-2.398e+01
-2.398e+01
-2.398e+01
-2.398e+01
-2.398e+01
-2.398e+01
-2.398e+01
-2.398e+01
-2.398e+01
-2.398e+01
-2.398e+01
-2.398e+01
-2.398e+01
-2.398e+01
-2.398e+01
-2.398e+01
-2.398e+01
-2.398e+01
-2.398e+01
-2.350e+01
-2.435e+01
-2.398e+01
-2.398e+01
-2.398e+01
-2.398e+01
-2.398e+01
-2.398e+01
-2.398e+01
-2.398e+01
-2.398e+01
-2.398e+01
-2.398e+01
-2.398e+01
-2.398e+01
-2.398e+01
-2.398e+01
-2.398e+01
-2.398e+01
-2.398e+01
-2.398e+01
-2.350e+01
-2.434e+01
-2.387e+01
-2.382e+01
-2.382e+01
-2.382e+01
-2.382e+01
-2.382e+01
-2.382e+01
-2.382e+01
-2.382e+01
-2.382e+01
-2.382e+01
-2.382e+01
-2.382e+01
-2.382e+01
-2.382e+01
-2.382e+01
-2.382e+01
-2.382e+01
-2.382e+01
-2.340e+01
-1.374e+01
-1.297e+01
-1.294e+01
-1.294e+01
-1.294e+01
-1.294e+01
-1.294e+01
-1.294e+01
-1.294e+01
-1.294e+01
-1.294e+01
-1.294e+01
-1.294e+01
-1.294e+01
-1.294e+01
-1.294e+01
-1.294e+01
-1.294e+01
-1.294e+01
-1.294e+01
-1.216e+01
-1.333e+01
-1.213e+01
-1.209e+01
-1.209e+01
-1.209e+01
-1.209e+01
-1.209e+01
-1.209e+01
-1.209e+01
-1.209e+01
-1.209e+01
-1.209e+01
-1.209e+01
-1.209e+01
-1.209e+01
-1.209e+01
-1.209e+01
-1.209e+01
-1.209e+01
-1.209e+01
-1.103e+01
-1.333e+01
-1.218e+01
-1.213e+01
-1.214e+01
-1.214e+01
-1.214e+01
-1.214e+01
-1.214e+01
-1.214e+01
-1.214e+01
-1.214e+01
-1.214e+01
-1.214e+01
-1.214e+01
-1.214e+01
-1.214e+01
-1.214e+01
-1.214e+01
-1.214e+01
-1.214e+01
-1.108e+01
-1.333e+01
-1.218e+01
-1.213e+01
-1.214e+01
-1.214e+01
-1.214e+01
-1.214e+01
-1.214e+01
-1.214e+01
-1.214e+01
-1.214e+01
-1.214e+01
-1.214e+01
-1.214e+01
-1.214e+01
-1.214e+01
-1.214e+01
-1.214e+01
-1.214e+01
-1.212e+01
-1.108e+01
-1.333e+01
-1.218e+01
-1.213e+01
-1.214e+01
-1.214e+01
-1.214e+01
-1.214e+01
-1.214e+01
-1.214e+01
-1.214e+01
-1.214e+01
-1.214e+01
-1.214e+01
-1.214e+01
-1.214e+01
-1.214e+01
-1.214e+01
-1.214e+01
-1.214e+01
-1.212e+01
-1.108e+01
-1.333e+01
-1.218e+01
-1.213e+01
-1.214e+01
-1.214e+01
-1.214e+01
-1.214e+01
-1.214e+01
-1.214e+01
-1.214e+01
-1.214e+01
-1.214e+01
-1.214e+01
-1.214e+01
-1.214e+01
-1.214e+01
-1.214e+01
-1.214e+01
-1.214e+01
-1.212e+01
-1.108e+01
-1.333e+01
-1.218e+01
-1.213e+01
-1.214e+01
-1.214e+01
-1.214e+01
-1.214e+01
-1.214e+01
-1.214e+01
-1.214e+01
-1.214e+01
-1.214e+01
-1.214e+01
-1.214e+01
-1.214e+01
-1.214e+01
-1.214e+01
-1.214e+01
-1.214e+01
-1.212e+01
-1.108e+01
-1.333e+01
-1.218e+01
-1.213e+01
-1.214e+01
-1.214e+01
-1.214e+01
-1.214e+01
-1.214e+01
-1.214e+01
-1.214e+01
-1.214e+01
-1.214e+01
-1.214e+01
-1.214e+01
-1.214e+01
-1.214e+01
-1.214e+01
-1.214e+01
-1.214e+01
-1.212e+01
-1.108e+01
-1.333e+01
-1.218e+01
-1.213e+01
-1.214e+01
-1.214e+01
-1.214e+01
-1.214e+01
-1.214e+01
-1.214e+01
-1.214e+01
-1.214e+01
-1.214e+01
-1.214e+01
-1.214e+01
-1.214e+01
-1.214e+01
-1.214e+01
-1.214e+01
-1.214e+01
-1.212e+01
-1.108e+01
-1.334e+01
-1.217e+01
-1.212e+01
-1.212e+01
-1.212e+01
-1.212e+01
-1.212e+01
-1.212e+01
-1.212e+01
-1.212e+01
-1.212e+01
-1.212e+01
-1.212e+01
-1.212e+01
-1.212e+01
-1.212e+01
-1.212e+01
-1.212e+01
-1.212e+01
-1.212e+01
-1.108e+01
-1.218e+01
-1.113e+01
-1.107e+01
-1.108e+01
-1.108e+01
-1.108e+01
-1.108e+01
-1.108e+01
-1.108e+01
-1.108e+01
-1.108e+01
-1.108e+01
-1.108e+01
-1.108e+01
-1.108e+01
-1.108e+01
-1.108e+01
-1.108e+01
-1.108e+01
-1.108e+01
-1.062e+01
-3.811e+01
-2.448e+01
-2.448e+01
-2.448e+01
-2.448e+01
-2.448e+01
-2.448e+01
-2.448e+01
-2.448e+01
-2.448e+01
-2.448e+01
-2.448e+01
-2.448e+01
-2.448e+01
-2.448e+01
-2.448e+01
-2.448e+01
-2.448e+01
-2.448e+01
-2.444e+01
-1.362e+01
-2.448e+01
-1.363e+01
-1.363e+01
-1.363e+01
-1.363e+01
-1.363e+01
-1.363e+01
-1.363e+01
-1.363e+01
-1.363e+01
-1.363e+01
-1.363e+01
-1.363e+01
-1.363e+01
-1.363e+01
-1.363e+01
-1.363e+01
-1.363e+01
-1.363e+01
-1.363e+01
-9.387e+00
-2.448e+01
-1.363e+01
-1.363e+01
-1.363e+01
-1.363e+01
-1.363e+01
-1.363e+01
-1.363e+01
-1.363e+01
-1.363e+01
-1.363e+01
-1.363e+01
-1.363e+01
-1.363e+01
-1.363e+01
-1.363e+01
-1.363e+01
-1.363e+01
-1.363e+01
-1.363e+01
-9.393e+00
-2.448e+01
-1.363e+01
-1.363e+01
-1.363e+01
-1.363e+01
-1.363e+01
-1.363e+01
-1.363e+01
-1.363e+01
-1.363e+01
-1.363e+01
-1.363e+01
-1.363e+01
-1.363e+01
-1.363e+01
-1.363e+01
-1.363e+01
-1.363e+01
-1.363e+01
-1.363e+01
-9.393e+00
-2.448e+01
-1.363e+01
-1.363e+01
-1.363e+01
-1.363e+01
-1.363e+01
-1.363e+01
-1.363e+01
-1.363e+01
-1.363e+01
-1.363e+01
-1.363e+01
-1.363e+01
-1.363e+01
-1.363e+01
-1.363e+01
-1.363e+01
-1.363e+01
-1.363e+01
-1.363e+01
-9.393e+00
-2.448e+01
-1.363e+01
-1.363e+01
-1.363e+01
-1.363e+01
-1.363e+01
-1.363e+01
-1.363e+01
-1.363e+01
-1.363e+01
-1.363e+01
-1.363e+01
-1.363e+01
-1.363e+01
-1.363e+01
-1.363e+01
-1.363e+01
-1.363e+01
-1.363e+01
-1.363e+01
-9.393e+00
-2.448e+01
-1.363e+01
-1.363e+01
-1.363e+01
-1.363e+01
-1.363e+01
-1.363e+01
-1.363e+01
-1.363e+01
-1.363e+01
-1.363e+01
-1.363e+01
-1.363e+01
-1.363e+01
-1.363e+01
-1.363e+01
-1.363e+01
-1.363e+01
-1.363e+01
-1.363e+01
-9.393e+00
-2.448e+01
-1.363e+01
-1.363e+01
-1.363e+01
-1.363e+01
-1.363e+01
-1.363e+01
-1.363e+01
-1.363e+01
-1.363e+01
-1.363e+01
-1.363e+01
-1.363e+01
-1.363e+01
-1.363e+01
-1.363e+01
-1.363e+01
-1.363e+01
-1.363e+01
-1.363e+01
-9.393e+00
-2.448e+01
-1.363e+01
-1.363e+01
-1.363e+01
-1.363e+01
-1.363e+01
-1.363e+01
-1.363e+01
-1.363e+01
-1.363e+01
-1.363e+01
-1.363e+01
-1.363e+01
-1.363e+01
-1.363e+01
-1.363e+01
-1.363e+01
-1.363e+01
-1.363e+01
-1.363e+01
-9.393e+00
-2.332e+01
-1.346e+01
-1.346e+01
-1.346e+01
-1.346e+01
-1.346e+01
-1.346e+01
-1.346e+01
-1.346e+01
-1.346e+01
-1.346e+01
-1.346e+01
-1.346e+01
-1.346e+01
-1.346e+01
-1.346e+01
-1.346e+01
-1.346e+01
-1.346e+01
-1.345e+01
-9.377e+00
-2.054e+00
-2.199e+00
-2.200e+00
-2.200e+00
-2.200e+00
-2.200e+00
-2.200e+00
-2.200e+00
-2.200e+00
-2.200e+00
-2.200e+00
-2.200e+00
-2.200e+00
-2.200e+00
-2.200e+00
-2.200e+00
-2.200e+00
-2.200e+00
-2.200e+00
-2.200e+00
-2.217e+00
-2.075e+00
-2.229e+00
-2.239e+00
-2.239e+00
-2.239e+00
-2.239e+00
-2.239e+00
-2.239e+00
-2.239e+00
-2.239e+00
-2.239e+00
-2.239e+00
-2.239e+00
-2.239e+00
-2.239e+00
-2.239e+00
-2.239e+00
-2.239e+00
-2.239e+00
-2.239e+00
-2.259e+00
-2.075e+00
-2.229e+00
-2.238e+00
-2.238e+00
-2.238e+00
-2.238e+00
-2.238e+00
-2.238e+00
-2.238e+00
-2.238e+00
-2.238e+00
-2.238e+00
-2.238e+00
-2.238e+00
-2.238e+00
-2.238e+00
-2.238e+00
-2.238e+00
-2.238e+00
-2.238e+00
-2.257e+00
-2.075e+00
-2.229e+00
-2.238e+00
-2.238e+00
-2.238e+00
-2.238e+00
-2.238e+00
-2.238e+00
-2.238e+00
-2.238e+00
-2.238e+00
-2.238e+00
-2.238e+00
-2.238e+00
-2.238e+00
-2.238e+00
-2.238e+00
-2.238e+00
-2.238e+00
-2.238e+00
-2.257e+00
-2.075e+00
-2.229e+00
-2.238e+00
-2.238e+00
-2.238e+00
-2.238e+00
-2.238e+00
-2.238e+00
-2.238e+00
-2.238e+00
-2.238e+00
-2.238e+00
-2.238e+00
-2.238e+00
-2.238e+00
-2.238e+00
-2.238e+00
-2.238e+00
-2.238e+00
-2.238e+00
-2.257e+00
-2.075e+00
-2.229e+00
-2.238e+00
-2.238e+00
-2.238e+00
-2.238e+00
-2.238e+00
-2.238e+00
-2.238e+00
-2.238e+00
-2.238e+00
-2.238e+00
-2.238e+00
-2.238e+00
-2.238e+00
-2.238e+00
-2.238e+00
-2.238e+00
-2.238e+00
-2.238e+00
-2.257e+00
-2.075e+00
-2.229e+00
-2.238e+00
-2.238e+00
-2.238e+00
-2.238e+00
-2.238e+00
-2.238e+00
-2.238e+00
-2.238e+00
-2.238e+00
-2.238e+00
-2.238e+00
-2.238e+00
-2.238e+00
-2.238e+00
-2.238e+00
-2.238e+00
-2.238e+00
-2.238e+00
-2.257e+00
-2.075e+00
-2.229e+00
-2.238e+00
-2.238e+00
-2.238e+00
-2.238e+00
-2.238e+00
-2.238e+00
-2.238e+00
-2.238e+00
-2.238e+00
-2.238e+00
-2.238e+00
-2.238e+00
-2.238e+00
-2.238e+00
-2.238e+00
-2.238e+00
-2.238e+00
-2.238e+00
-2.257e+00
-2.075e+00
-2.229e+00
-2.238e+00
-2.238e+00
-2.238e+00
-2.238e+00
-2.238e+00
-2.238e+00
-2.238e+00
-2.238e+00
-2.238e+00
-2.238e+00
-2.238e+00
-2.238e+00
-2.238e+00
-2.238e+00
-2.238e+00
-2.238e+00
-2.238e+00
-2.238e+00
-2.257e+00
-2.074e+00
-2.229e+00
-2.238e+00
-2.238e+00
-2.238e+00
-2.238e+00
-2.238e+00
-2.238e+00
-2.238e+00
-2.238e+00
-2.238e+00
-2.238e+00
-2.238e+00
-2.238e+00
-2.238e+00
-2.238e+00
-2.238e+00
-2.238e+00
-2.238e+00
-2.239e+00
-2.257e+00
-2.228e+00
-2.254e+00
-2.257e+00
-2.257e+00
-2.257e+00
-2.257e+00
-2.257e+00
-2.257e+00
-2.257e+00
-2.257e+00
-2.257e+00
-2.257e+00
-2.257e+00
-2.257e+00
-2.257e+00
-2.257e+00
-2.257e+00
-2.257e+00
-2.257e+00
-2.257e+00
-2.258e+00
-5.394e+00
-5.384e+00
-5.384e+00
-5.384e+00
-5.384e+00
-5.384e+00
-5.384e+00
-5.384e+00
-5.384e+00
-5.384e+00
-5.384e+00
-5.384e+00
-5.384e+00
-5.384e+00
-5.384e+00
-5.384e+00
-5.384e+00
-5.384e+00
-5.384e+00
-5.384e+00
-5.377e+00
-5.384e+00
-5.377e+00
-5.370e+00
-5.370e+00
-5.370e+00
-5.370e+00
-5.370e+00
-5.370e+00
-5.370e+00
-5.370e+00
-5.370e+00
-5.370e+00
-5.370e+00
-5.370e+00
-5.370e+00
-5.370e+00
-5.370e+00
-5.370e+00
-5.370e+00
-5.370e+00
-5.351e+00
-5.384e+00
-5.370e+00
-5.370e+00
-5.370e+00
-5.370e+00
-5.370e+00
-5.370e+00
-5.370e+00
-5.370e+00
-5.370e+00
-5.370e+00
-5.370e+00
-5.370e+00
-5.370e+00
-5.370e+00
-5.370e+00
-5.370e+00
-5.370e+00
-5.370e+00
-5.370e+00
-5.348e+00
-5.384e+00
-5.370e+00
-5.370e+00
-5.370e+00
-5.370e+00
-5.370e+00
-5.370e+00
-5.370e+00
-5.370e+00
-5.370e+00
-5.370e+00
-5.370e+00
-5.370e+00
-5.370e+00
-5.370e+00
-5.370e+00
-5.370e+00
-5.370e+00
-5.370e+00
-5.370e+00
-5.348e+00
-5.384e+00
-5.370e+00
-5.370e+00
-5.370e+00
-5.370e+00
-5.370e+00
-5.370e+00
-5.370e+00
-5.370e+00
-5.370e+00
-5.370e+00
-5.370e+00
-5.370e+00
-5.370e+00
-5.370e+00
-5.370e+00
-5.370e+00
-5.370e+00
-5.370e+00
-5.370e+00
-5.348e+00
-5.384e+00
-5.370e+00
-5.370e+00
-5.370e+00
-5.370e+00
-5.370e+00
-5.370e+00
-5.370e+00
-5.370e+00
-5.370e+00
-5.370e+00
-5.370e+00
-5.370e+00
-5.370e+00
-5.370e+00
-5.370e+00
-5.370e+00
-5.370e+00
-5.370e+00
-5.370e+00
-5.348e+00
-5.384e+00
-5.370e+00
-5.370e+00
-5.370e+00
-5.370e+00
-5.370e+00
-5.370e+00
-5.370e+00
-5.370e+00
-5.370e+00
-5.370e+00
-5.370e+00
-5.370e+00
-5.370e+00
-5.370e+00
-5.370e+00
-5.370e+00
-5.370e+00
-5.370e+00
-5.370e+00
-5.348e+00
-5.384e+00
-5.370e+00
-5.370e+00
-5.370e+00
-5.370e+00
-5.370e+00
-5.370e+00
-5.370e+00
-5.370e+00
-5.370e+00
-5.370e+00
-5.370e+00
-5.370e+00
-5.370e+00
-5.370e+00
-5.370e+00
-5.370e+00
-5.370e+00
-5.370e+00
-5.370e+00
-5.348e+00
-5.384e+00
-5.370e+00
-5.370e+00
-5.370e+00
-5.370e+00
-5.370e+00
-5.370e+00
-5.370e+00
-5.370e+00
-5.370e+00
-5.370e+00
-5.370e+00
-5.370e+00
-5.370e+00
-5.370e+00
-5.370e+00
-5.370e+00
-5.370e+00
-5.370e+00
-5.370e+00
-5.348e+00
-5.408e+00
-5.345e+00
-5.345e+00
-5.345e+00
-5.345e+00
-5.345e+00
-5.345e+00
-5.345e+00
-5.345e+00
-5.345e+00
-5.345e+00
-5.345e+00
-5.345e+00
-5.345e+00
-5.345e+00
-5.345e+00
-5.345e+00
-5.345e+00
-5.345e+00
-5.345e+00
-5.326e+00
-1.552e+00
-1.552e+00
-1.552e+00
-1.552e+00
-1.552e+00
-1.552e+00
-1.552e+00
-1.552e+00
-1.552e+00
-1.552e+00
-1.552e+00
-1.552e+00
-1.552e+00
-1.552e+00
-1.552e+00
-1.552e+00
-1.552e+00
-1.552e+00
-1.552e+00
-1.552e+00
-1.548e+00
-1.550e+00
-1.552e+00
-1.552e+00
-1.552e+00
-1.552e+00
-1.552e+00
-1.552e+00
-1.552e+00
-1.552e+00
-1.552e+00
-1.552e+00
-1.552e+00
-1.552e+00
-1.552e+00
-1.552e+00
-1.552e+00
-1.552e+00
-1.552e+00
-1.552e+00
-1.552e+00
-1.552e+00
-1.550e+00
-1.552e+00
-1.552e+00
-1.552e+00
-1.552e+00
-1.552e+00
-1.552e+00
-1.552e+00
-1.552e+00
-1.552e+00
-1.552e+00
-1.552e+00
-1.552e+00
-1.552e+00
-1.552e+00
-1.552e+00
-1.552e+00
-1.552e+00
-1.552e+00
-1.552e+00
-1.552e+00
-1.550e+00
-1.552e+00
-1.552e+00
-1.552e+00
-1.552e+00
-1.552e+00
-1.552e+00
-1.552e+00
-1.552e+00
-1.552e+00
-1.552e+00
-1.552e+00
-1.552e+00
-1.552e+00
-1.552e+00
-1.552e+00
-1.552e+00
-1.552e+00
-1.552e+00
-1.552e+00
-1.552e+00
-1.550e+00
-1.552e+00
-1.552e+00
-1.552e+00
-1.552e+00
-1.552e+00
-1.552e+00
-1.552e+00
-1.552e+00
-1.552e+00
-1.552e+00
-1.552e+00
-1.552e+00
-1.552e+00
-1.552e+00
-1.552e+00
-1.552e+00
-1.552e+00
-1.552e+00
-1.552e+00
-1.552e+00
-1.550e+00
-1.552e+00
-1.552e+00
-1.552e+00
-1.552e+00
-1.552e+00
-1.552e+00
-1.552e+00
-1.552e+00
-1.552e+00
-1.552e+00
-1.552e+00
-1.552e+00
-1.552e+00
-1.552e+00
-1.552e+00
-1.552e+00
-1.552e+00
-1.552e+00
-1.552e+00
-1.552e+00
-1.550e+00
-1.552e+00
-1.552e+00
-1.552e+00
-1.552e+00
-1.552e+00
-1.552e+00
-1.552e+00
-1.552e+00
-1.552e+00
-1.552e+00
-1.552e+00
-1.552e+00
-1.552e+00
-1.552e+00
-1.552e+00
-1.552e+00
-1.552e+00
-1.552e+00
-1.552e+00
-1.552e+00
-1.550e+00
-1.552e+00
-1.552e+00
-1.552e+00
-1.552e+00
-1.552e+00
-1.552e+00
-1.552e+00
-1.552e+00
-1.552e+00
-1.552e+00
-1.552e+00
-1.552e+00
-1.552e+00
-1.552e+00
-1.552e+00
-1.552e+00
-1.552e+00
-1.552e+00
-1.552e+00
-1.552e+00
-1.550e+00
-1.552e+00
-1.552e+00
-1.552e+00
-1.552e+00
-1.552e+00
-1.552e+00
-1.552e+00
-1.552e+00
-1.552e+00
-1.552e+00
-1.552e+00
-1.552e+00
-1.552e+00
-1.552e+00
-1.552e+00
-1.552e+00
-1.552e+00
-1.552e+00
-1.552e+00
-1.552e+00
-1.551e+00
-1.552e+00
-1.552e+00
-1.552e+00
-1.552e+00
-1.552e+00
-1.552e+00
-1.552e+00
-1.552e+00
-1.552e+00
-1.552e+00
-1.552e+00
-1.552e+00
-1.552e+00
-1.552e+00
-1.552e+00
-1.552e+00
-1.552e+00
-1.552e+00
-1.552e+00
-1.552e+00
-1.552e+00
-1.552e+00
-1.552e+00
-1.552e+00
-1.552e+00
-1.552e+00
-1.552e+00
-1.552e+00
-1.552e+00
-1.552e+00
-1.552e+00
-1.552e+00
-1.552e+00
-1.552e+00
-1.552e+00
-1.552e+00
-1.552e+00
-1.552e+00
-1.552e+00
-1.552e+00
-1.552e+00
-3.549e+00
-3.311e+00
-3.311e+00
-3.311e+00
-3.311e+00
-3.311e+00
-3.311e+00
-3.311e+00
-3.311e+00
-3.311e+00
-3.311e+00
-3.311e+00
-3.311e+00
-3.311e+00
-3.311e+00
-3.311e+00
-3.311e+00
-3.311e+00
-3.311e+00
-3.311e+00
-2.975e+00
-3.311e+00
-2.975e+00
-2.975e+00
-2.975e+00
-2.975e+00
-2.975e+00
-2.975e+00
-2.975e+00
-2.975e+00
-2.975e+00
-2.975e+00
-2.975e+00
-2.975e+00
-2.975e+00
-2.975e+00
-2.975e+00
-2.975e+00
-2.975e+00
-2.975e+00
-2.975e+00
-2.748e+00
-3.311e+00
-2.975e+00
-2.975e+00
-2.975e+00
-2.975e+00
-2.975e+00
-2.975e+00
-2.975e+00
-2.975e+00
-2.975e+00
-2.975e+00
-2.975e+00
-2.975e+00
-2.975e+00
-2.975e+00
-2.975e+00
-2.975e+00
-2.975e+00
-2.975e+00
-2.975e+00
-2.748e+00
-3.311e+00
-2.975e+00
-2.975e+00
-2.975e+00
-2.975e+00
-2.975e+00
-2.975e+00
-2.975e+00
-2.975e+00
-2.975e+00
-2.975e+00
-2.975e+00
-2.975e+00
-2.975e+00
-2.975e+00
-2.975e+00
-2.975e+00
-2.975e+00
-2.975e+00
-2.975e+00
-2.748e+00
-3.311e+00
-2.975e+00
-2.975e+00
-2.975e+00
-2.975e+00
-2.975e+00
-2.975e+00
-2.975e+00
-2.975e+00
-2.975e+00
-2.975e+00
-2.975e+00
-2.975e+00
-2.975e+00
-2.975e+00
-2.975e+00
-2.975e+00
-2.975e+00
-2.975e+00
-2.975e+00
-2.748e+00
-3.311e+00
-2.975e+00
-2.975e+00
-2.975e+00
-2.975e+00
-2.975e+00
-2.975e+00
-2.975e+00
-2.975e+00
-2.975e+00
-2.975e+00
-2.975e+00
-2.975e+00
-2.975e+00
-2.975e+00
-2.975e+00
-2.975e+00
-2.975e+00
-2.975e+00
-2.975e+00
-2.748e+00
-3.311e+00
-2.975e+00
-2.975e+00
-2.975e+00
-2.975e+00
-2.975e+00
-2.975e+00
-2.975e+00
-2.975e+00
-2.975e+00
-2.975e+00
-2.975e+00
-2.975e+00
-2.975e+00
-2.975e+00
-2.975e+00
-2.975e+00
-2.975e+00
-2.975e+00
-2.975e+00
-2.748e+00
-3.311e+00
-2.975e+00
-2.975e+00
-2.975e+00
-2.975e+00
-2.975e+00
-2.975e+00
-2.975e+00
-2.975e+00
-2.975e+00
-2.975e+00
-2.975e+00
-2.975e+00
-2.975e+00
-2.975e+00
-2.975e+00
-2.975e+00
-2.975e+00
-2.975e+00
-2.975e+00
-2.748e+00
-3.311e+00
-2.975e+00
-2.975e+00
-2.975e+00
-2.975e+00
-2.975e+00
-2.975e+00
-2.975e+00
-2.975e+00
-2.975e+00
-2.975e+00
-2.975e+00
-2.975e+00
-2.975e+00
-2.975e+00
-2.975e+00
-2.975e+00
-2.975e+00
-2.975e+00
-2.975e+00
-2.748e+00
-3.312e+00
-2.975e+00
-2.975e+00
-2.975e+00
-2.975e+00
-2.975e+00
-2.975e+00
-2.975e+00
-2.975e+00
-2.975e+00
-2.975e+00
-2.975e+00
-2.975e+00
-2.975e+00
-2.975e+00
-2.975e+00
-2.975e+00
-2.975e+00
-2.975e+00
-2.975e+00
-2.745e+00
-1.441e+00
-1.441e+00
-1.441e+00
-1.441e+00
-1.441e+00
-1.441e+00
-1.441e+00
-1.441e+00
-1.441e+00
-1.441e+00
-1.441e+00
-1.441e+00
-1.441e+00
-1.441e+00
-1.441e+00
-1.441e+00
-1.441e+00
-1.441e+00
-1.441e+00
-1.441e+00
-1.444e+00
-1.437e+00
-1.440e+00
-1.440e+00
-1.440e+00
-1.440e+00
-1.440e+00
-1.440e+00
-1.440e+00
-1.440e+00
-1.440e+00
-1.440e+00
-1.440e+00
-1.440e+00
-1.440e+00
-1.440e+00
-1.440e+00
-1.440e+00
-1.440e+00
-1.440e+00
-1.440e+00
-1.442e+00
-1.437e+00
-1.440e+00
-1.440e+00
-1.440e+00
-1.440e+00
-1.440e+00
-1.440e+00
-1.440e+00
-1.440e+00
-1.440e+00
-1.440e+00
-1.440e+00
-1.440e+00
-1.440e+00
-1.440e+00
-1.440e+00
-1.440e+00
-1.440e+00
-1.440e+00
-1.440e+00
-1.442e+00
-1.437e+00
-1.440e+00
-1.440e+00
-1.440e+00
-1.440e+00
-1.440e+00
-1.440e+00
-1.440e+00
-1.440e+00
-1.440e+00
-1.440e+00
-1.440e+00
-1.440e+00
-1.440e+00
-1.440e+00
-1.440e+00
-1.440e+00
-1.440e+00
-1.440e+00
-1.440e+00
-1.442e+00
-1.437e+00
-1.440e+00
-1.440e+00
-1.440e+00
-1.440e+00
-1.440e+00
-1.440e+00
-1.440e+00
-1.440e+00
-1.440e+00
-1.440e+00
-1.440e+00
-1.440e+00
-1.440e+00
-1.440e+00
-1.440e+00
-1.440e+00
-1.440e+00
-1.440e+00
-1.440e+00
-1.442e+00
-1.437e+00
-1.440e+00
-1.440e+00
-1.440e+00
-1.440e+00
-1.440e+00
-1.440e+00
-1.440e+00
-1.440e+00
-1.440e+00
-1.440e+00
-1.440e+00
-1.440e+00
-1.440e+00
-1.440e+00
-1.440e+00
-1.440e+00
-1.440e+00
-1.440e+00
-1.440e+00
-1.442e+00
-1.437e+00
-1.440e+00
-1.440e+00
-1.440e+00
-1.440e+00
-1.440e+00
-1.440e+00
-1.440e+00
-1.440e+00
-1.440e+00
-1.440e+00
-1.440e+00
-1.440e+00
-1.440e+00
-1.440e+00
-1.440e+00
-1.440e+00
-1.440e+00
-1.440e+00
-1.440e+00
-1.442e+00
-1.437e+00
-1.440e+00
-1.440e+00
-1.440e+00
-1.440e+00
-1.440e+00
-1.440e+00
-1.440e+00
-1.440e+00
-1.440e+00
-1.440e+00
-1.440e+00
-1.440e+00
-1.440e+00
-1.440e+00
-1.440e+00
-1.440e+00
-1.440e+00
-1.440e+00
-1.440e+00
-1.442e+00
-1.437e+00
-1.440e+00
-1.440e+00
-1.440e+00
-1.440e+00
-1.440e+00
-1.440e+00
-1.440e+00
-1.440e+00
-1.440e+00
-1.440e+00
-1.440e+00
-1.440e+00
-1.440e+00
-1.440e+00
-1.440e+00
-1.440e+00
-1.440e+00
-1.440e+00
-1.440e+00
-1.442e+00
-1.437e+00
-1.440e+00
-1.440e+00
-1.440e+00
-1.440e+00
-1.440e+00
-1.440e+00
-1.440e+00
-1.440e+00
-1.440e+00
-1.440e+00
-1.440e+00
-1.440e+00
-1.440e+00
-1.440e+00
-1.440e+00
-1.440e+00
-1.440e+00
-1.440e+00
-1.440e+00
-1.442e+00
-1.440e+00
-1.442e+00
-1.442e+00
-1.442e+00
-1.442e+00
-1.442e+00
-1.442e+00
-1.442e+00
-1.442e+00
-1.442e+00
-1.442e+00
-1.442e+00
-1.442e+00
-1.442e+00
-1.442e+00
-1.442e+00
-1.442e+00
-1.442e+00
-1.442e+00
-1.442e+00
-1.444e+00
-1.424e+00
-1.424e+00
-1.424e+00
-1.424e+00
-1.424e+00
-1.424e+00
-1.424e+00
-1.424e+00
-1.424e+00
-1.424e+00
-1.424e+00
-1.424e+00
-1.424e+00
-1.424e+00
-1.424e+00
-1.424e+00
-1.424e+00
-1.424e+00
-1.424e+00
-1.424e+00
-1.423e+00
-1.424e+00
-1.423e+00
-1.423e+00
-1.423e+00
-1.423e+00
-1.423e+00
-1.423e+00
-1.423e+00
-1.423e+00
-1.423e+00
-1.423e+00
-1.423e+00
-1.423e+00
-1.423e+00
-1.423e+00
-1.423e+00
-1.423e+00
-1.423e+00
-1.423e+00
-1.423e+00
-1.423e+00
-1.424e+00
-1.423e+00
-1.423e+00
-1.423e+00
-1.423e+00
-1.423e+00
-1.423e+00
-1.423e+00
-1.423e+00
-1.423e+00
-1.423e+00
-1.423e+00
-1.423e+00
-1.423e+00
-1.423e+00
-1.423e+00
-1.423e+00
-1.423e+00
-1.423e+00
-1.423e+00
-1.423e+00
-1.424e+00
-1.423e+00
-1.423e+00
-1.423e+00
-1.423e+00
-1.423e+00
-1.423e+00
-1.423e+00
-1.423e+00
-1.423e+00
-1.423e+00
-1.423e+00
-1.423e+00
-1.423e+00
-1.423e+00
-1.423e+00
-1.423e+00
-1.423e+00
-1.423e+00
-1.423e+00
-1.423e+00
-1.424e+00
-1.423e+00
-1.423e+00
-1.423e+00
-1.423e+00
-1.423e+00
-1.423e+00
-1.423e+00
-1.423e+00
-1.423e+00
-1.423e+00
-1.423e+00
-1.423e+00
-1.423e+00
-1.423e+00
-1.423e+00
-1.423e+00
-1.423e+00
-1.423e+00
-1.423e+00
-1.423e+00
-1.424e+00
-1.423e+00
-1.423e+00
-1.423e+00
-1.423e+00
-1.423e+00
-1.423e+00
-1.423e+00
-1.423e+00
-1.423e+00
-1.423e+00
-1.423e+00
-1.423e+00
-1.423e+00
-1.423e+00
-1.423e+00
-1.423e+00
-1.423e+00
-1.423e+00
-1.423e+00
-1.423e+00
-1.424e+00
-1.423e+00
-1.423e+00
-1.423e+00
-1.423e+00
-1.423e+00
-1.423e+00
-1.423e+00
-1.423e+00
-1.423e+00
-1.423e+00
-1.423e+00
-1.423e+00
-1.423e+00
-1.423e+00
-1.423e+00
-1.423e+00
-1.423e+00
-1.423e+00
-1.423e+00
-1.423e+00
-1.424e+00
-1.423e+00
-1.423e+00
-1.423e+00
-1.423e+00
-1.423e+00
-1.423e+00
-1.423e+00
-1.423e+00
-1.423e+00
-1.423e+00
-1.423e+00
-1.423e+00
-1.423e+00
-1.423e+00
-1.423e+00
-1.423e+00
-1.423e+00
-1.423e+00
-1.423e+00
-1.423e+00
-1.424e+00
-1.423e+00
-1.423e+00
-1.423e+00
-1.423e+00
-1.423e+00
-1.423e+00
-1.423e+00
-1.423e+00
-1.423e+00
-1.423e+00
-1.423e+00
-1.423e+00
-1.423e+00
-1.423e+00
-1.423e+00
-1.423e+00
-1.423e+00
-1.423e+00
-1.423e+00
-1.423e+00
-1.424e+00
-1.423e+00
-1.423e+00
-1.423e+00
-1.423e+00
-1.423e+00
-1.423e+00
-1.423e+00
-1.423e+00
-1.423e+00
-1.423e+00
-1.423e+00
-1.423e+00
-1.423e+00
-1.423e+00
-1.423e+00
-1.423e+00
-1.423e+00
-1.423e+00
-1.423e+00
-1.422e+00
-1.160e+00
-1.160e+00
-1.160e+00
-1.160e+00
-1.160e+00
-1.160e+00
-1.160e+00
-1.160e+00
-1.160e+00
-1.160e+00
-1.160e+00
-1.160e+00
-1.160e+00
-1.160e+00
-1.160e+00
-1.160e+00
-1.160e+00
-1.160e+00
-1.160e+00
-1.160e+00
-1.160e+00
-1.160e+00
-1.160e+00
-1.160e+00
-1.160e+00
-1.160e+00
-1.160e+00
-1.160e+00
-1.160e+00
-1.160e+00
-1.160e+00
-1.160e+00
-1.160e+00
-1.160e+00
-1.160e+00
-1.160e+00
-1.160e+00
-1.160e+00
-1.160e+00
-1.160e+00
-1.160e+00
-1.160e+00
-1.160e+00
-1.160e+00
-1.160e+00
-1.160e+00
-1.160e+00
-1.160e+00
-1.160e+00
-1.160e+00
-1.160e+00
-1.160e+00
-1.160e+00
-1.160e+00
-1.160e+00
-1.160e+00
-1.160e+00
-1.160e+00
-1.160e+00
-1.160e+00
-1.160e+00
-1.160e+00
-1.160e+00
-1.160e+00
-1.160e+00
-1.160e+00
-1.160e+00
-1.160e+00
-1.160e+00
-1.160e+00
-1.160e+00
-1.160e+00
-1.160e+00
-1.160e+00
-1.160e+00
-1.160e+00
-1.160e+00
-1.160e+00
-1.160e+00
-1.160e+00
-1.160e+00
-1.160e+00
-1.160e+00
-1.160e+00
-1.160e+00
-1.160e+00
-1.160e+00
-1.160e+00
-1.160e+00
-1.160e+00
-1.160e+00
-1.160e+00
-1.160e+00
-1.160e+00
-1.160e+00
-1.160e+00
-1.160e+00
-1.160e+00
-1.160e+00
-1.160e+00
-1.160e+00
-1.160e+00
-1.160e+00
-1.160e+00
-1.160e+00
-1.160e+00
-1.160e+00
-1.160e+00
-1.160e+00
-1.160e+00
-1.160e+00
-1.160e+00
-1.160e+00
-1.160e+00
-1.160e+00
-1.160e+00
-1.160e+00
-1.160e+00
-1.160e+00
-1.160e+00
-1.160e+00
-1.160e+00
-1.160e+00
-1.160e+00
-1.160e+00
-1.160e+00
-1.160e+00
-1.160e+00
-1.160e+00
-1.160e+00
-1.160e+00
-1.160e+00
-1.160e+00
-1.160e+00
-1.160e+00
-1.160e+00
-1.160e+00
-1.160e+00
-1.160e+00
-1.160e+00
-1.160e+00
-1.160e+00
-1.160e+00
-1.160e+00
-1.160e+00
-1.160e+00
-1.160e+00
-1.160e+00
-1.160e+00
-1.160e+00
-1.160e+00
-1.160e+00
-1.160e+00
-1.160e+00
-1.160e+00
-1.160e+00
-1.160e+00
-1.160e+00
-1.160e+00
-1.160e+00
-1.160e+00
-1.160e+00
-1.160e+00
-1.160e+00
-1.160e+00
-1.160e+00
-1.160e+00
-1.160e+00
-1.160e+00
-1.160e+00
-1.160e+00
-1.160e+00
-1.160e+00
-1.160e+00
-1.160e+00
-1.160e+00
-1.160e+00
-1.160e+00
-1.160e+00
-1.160e+00
-1.160e+00
-1.160e+00
-1.160e+00
-1.160e+00
-1.160e+00
-1.160e+00
-1.160e+00
-1.160e+00
-1.160e+00
-1.160e+00
-1.160e+00
-1.160e+00
-1.160e+00
-1.160e+00
-1.160e+00
-1.160e+00
-1.160e+00
-1.160e+00
-1.160e+00
-1.160e+00
-1.160e+00
-1.160e+00
-1.160e+00
-1.160e+00
-1.160e+00
-1.160e+00
-1.160e+00
-1.160e+00
-1.160e+00
-1.160e+00
-1.160e+00
-1.160e+00
-1.160e+00
-1.160e+00
-1.160e+00
-1.160e+00
-1.160e+00
-1.160e+00
-1.160e+00
-1.160e+00
-1.160e+00
-1.160e+00
-1.160e+00
-1.160e+00
-1.160e+00
-1.160e+00
-1.160e+00
-1.160e+00
-1.160e+00
-1.160e+00
-1.160e+00
-8.589e-01
-8.591e-01
-8.591e-01
-8.591e-01
-8.591e-01
-8.591e-01
-8.591e-01
-8.591e-01
-8.591e-01
-8.591e-01
-8.591e-01
-8.591e-01
-8.591e-01
-8.591e-01
-8.591e-01
-8.591e-01
-8.591e-01
-8.591e-01
-8.591e-01
-8.591e-01
-8.595e-01
-8.591e-01
-8.594e-01
-8.594e-01
-8.594e-01
-8.594e-01
-8.594e-01
-8.594e-01
-8.594e-01
-8.594e-01
-8.594e-01
-8.594e-01
-8.594e-01
-8.594e-01
-8.594e-01
-8.594e-01
-8.594e-01
-8.594e-01
-8.594e-01
-8.594e-01
-8.595e-01
-8.598e-01
-8.591e-01
-8.594e-01
-8.594e-01
-8.594e-01
-8.594e-01
-8.594e-01
-8.594e-01
-8.594e-01
-8.594e-01
-8.594e-01
-8.594e-01
-8.594e-01
-8.594e-01
-8.594e-01
-8.594e-01
-8.594e-01
-8.594e-01
-8.594e-01
-8.594e-01
-8.595e-01
-8.598e-01
-8.591e-01
-8.594e-01
-8.594e-01
-8.594e-01
-8.594e-01
-8.594e-01
-8.594e-01
-8.594e-01
-8.594e-01
-8.594e-01
-8.594e-01
-8.594e-01
-8.594e-01
-8.594e-01
-8.594e-01
-8.594e-01
-8.594e-01
-8.594e-01
-8.594e-01
-8.595e-01
-8.598e-01
-8.591e-01
-8.594e-01
-8.594e-01
-8.594e-01
-8.594e-01
-8.594e-01
-8.594e-01
-8.594e-01
-8.594e-01
-8.594e-01
-8.594e-01
-8.594e-01
-8.594e-01
-8.594e-01
-8.594e-01
-8.594e-01
-8.594e-01
-8.594e-01
-8.594e-01
-8.595e-01
-8.598e-01
-8.591e-01
-8.594e-01
-8.594e-01
-8.594e-01
-8.594e-01
-8.594e-01
-8.594e-01
-8.594e-01
-8.594e-01
-8.594e-01
-8.594e-01
-8.594e-01
-8.594e-01
-8.594e-01
-8.594e-01
-8.594e-01
-8.594e-01
-8.594e-01
-8.594e-01
-8.595e-01
-8.598e-01
-8.591e-01
-8.594e-01
-8.594e-01
-8.594e-01
-8.594e-01
-8.594e-01
-8.594e-01
-8.594e-01
-8.594e-01
-8.594e-01
-8.594e-01
-8.594e-01
-8.594e-01
-8.594e-01
-8.594e-01
-8.594e-01
-8.594e-01
-8.594e-01
-8.594e-01
-8.595e-01
-8.598e-01
-8.591e-01
-8.594e-01
-8.594e-01
-8.594e-01
-8.594e-01
-8.594e-01
-8.594e-01
-8.594e-01
-8.594e-01
-8.594e-01
-8.594e-01
-8.594e-01
-8.594e-01
-8.594e-01
-8.594e-01
-8.594e-01
-8.594e-01
-8.594e-01
-8.594e-01
-8.595e-01
-8.598e-01
-8.591e-01
-8.594e-01
-8.594e-01
-8.594e-01
-8.594e-01
-8.594e-01
-8.594e-01
-8.594e-01
-8.594e-01
-8.594e-01
-8.594e-01
-8.594e-01
-8.594e-01
-8.594e-01
-8.594e-01
-8.594e-01
-8.594e-01
-8.594e-01
-8.594e-01
-8.595e-01
-8.598e-01
-8.593e-01
-8.595e-01
-8.595e-01
-8.595e-01
-8.595e-01
-8.595e-01
-8.595e-01
-8.595e-01
-8.595e-01
-8.595e-01
-8.595e-01
-8.595e-01
-8.595e-01
-8.595e-01
-8.595e-01
-8.595e-01
-8.595e-01
-8.595e-01
-8.595e-01
-8.595e-01
-8.599e-01
-8.599e-01
-8.599e-01
-8.599e-01
-8.599e-01
-8.599e-01
-8.599e-01
-8.599e-01
-8.599e-01
-8.599e-01
-8.599e-01
-8.599e-01
-8.599e-01
-8.599e-01
-8.599e-01
-8.599e-01
-8.599e-01
-8.599e-01
-8.599e-01
-8.599e-01
-8.599e-01
-8.599e-01
-8.600e-01
-8.600e-01
-8.600e-01
-8.600e-01
-8.600e-01
-8.600e-01
-8.600e-01
-8.600e-01
-8.600e-01
-8.600e-01
-8.600e-01
-8.600e-01
-8.600e-01
-8.600e-01
-8.600e-01
-8.600e-01
-8.600e-01
-8.600e-01
-8.600e-01
-8.600e-01
-8.600e-01
-8.600e-01
-8.600e-01
-8.600e-01
-8.600e-01
-8.600e-01
-8.600e-01
-8.600e-01
-8.600e-01
-8.600e-01
-8.600e-01
-8.600e-01
-8.600e-01
-8.600e-01
-8.600e-01
-8.600e-01
-8.600e-01
-8.600e-01
-8.600e-01
-8.600e-01
-8.600e-01
-8.600e-01
-8.600e-01
-8.600e-01
-8.600e-01
-8.600e-01
-8.600e-01
-8.600e-01
-8.600e-01
-8.600e-01
-8.600e-01
-8.600e-01
-8.600e-01
-8.600e-01
-8.600e-01
-8.600e-01
-8.600e-01
-8.600e-01
-8.600e-01
-8.600e-01
-8.600e-01
-8.600e-01
-8.600e-01
-8.600e-01
-8.600e-01
-8.600e-01
-8.600e-01
-8.600e-01
-8.600e-01
-8.600e-01
-8.600e-01
-8.600e-01
-8.600e-01
-8.600e-01
-8.600e-01
-8.600e-01
-8.600e-01
-8.600e-01
-8.600e-01
-8.600e-01
-8.600e-01
-8.600e-01
-8.600e-01
-8.600e-01
-8.600e-01
-8.600e-01
-8.600e-01
-8.600e-01
-8.600e-01
-8.600e-01
-8.600e-01
-8.600e-01
-8.600e-01
-8.600e-01
-8.600e-01
-8.600e-01
-8.600e-01
-8.600e-01
-8.600e-01
-8.600e-01
-8.600e-01
-8.600e-01
-8.600e-01
-8.600e-01
-8.600e-01
-8.600e-01
-8.600e-01
-8.600e-01
-8.600e-01
-8.600e-01
-8.600e-01
-8.600e-01
-8.600e-01
-8.600e-01
-8.600e-01
-8.600e-01
-8.600e-01
-8.600e-01
-8.600e-01
-8.600e-01
-8.600e-01
-8.600e-01
-8.600e-01
-8.600e-01
-8.600e-01
-8.600e-01
-8.600e-01
-8.600e-01
-8.600e-01
-8.600e-01
-8.600e-01
-8.600e-01
-8.600e-01
-8.600e-01
-8.600e-01
-8.600e-01
-8.600e-01
-8.600e-01
-8.600e-01
-8.600e-01
-8.600e-01
-8.600e-01
-8.600e-01
-8.600e-01
-8.600e-01
-8.600e-01
-8.600e-01
-8.600e-01
-8.600e-01
-8.600e-01
-8.600e-01
-8.600e-01
-8.600e-01
-8.600e-01
-8.600e-01
-8.600e-01
-8.600e-01
-8.600e-01
-8.600e-01
-8.600e-01
-8.600e-01
-8.600e-01
-8.600e-01
-8.600e-01
-8.600e-01
-8.600e-01
-8.600e-01
-8.600e-01
-8.600e-01
-8.600e-01
-8.600e-01
-8.600e-01
-8.600e-01
-8.600e-01
-8.600e-01
-8.600e-01
-8.600e-01
-8.600e-01
-8.600e-01
-8.600e-01
-8.600e-01
-8.600e-01
-8.600e-01
-8.600e-01
-8.600e-01
-8.600e-01
-8.600e-01
-8.600e-01
-8.600e-01
-8.600e-01
-8.600e-01
-8.600e-01
-8.600e-01
-8.600e-01
-8.600e-01
-8.600e-01
-8.600e-01
-8.600e-01
-8.600e-01
-8.600e-01
-8.600e-01
-8.600e-01
-8.600e-01
-8.600e-01
-8.600e-01
-8.600e-01
-8.600e-01
-8.600e-01
-8.600e-01
-8.600e-01
-2.600e-01
-2.600e-01
-2.600e-01
-2.600e-01
-2.600e-01
-2.600e-01
-2.600e-01
-2.600e-01
-2.600e-01
-2.600e-01
-2.600e-01
-2.600e-01
-2.600e-01
-2.600e-01
-2.600e-01
-2.600e-01
-2.600e-01
-2.600e-01
-2.600e-01
-2.600e-01
-2.600e-01
-2.600e-01
-2.600e-01
-2.600e-01
-2.600e-01
-2.600e-01
-2.600e-01
-2.600e-01
-2.600e-01
-2.600e-01
-2.600e-01
-2.600e-01
-2.600e-01
-2.600e-01
-2.600e-01
-2.600e-01
-2.600e-01
-2.600e-01
-2.600e-01
-2.600e-01
-2.600e-01
-2.600e-01
-2.600e-01
-2.600e-01
-2.600e-01
-2.600e-01
-2.600e-01
-2.600e-01
-2.600e-01
-2.600e-01
-2.600e-01
-2.600e-01
-2.600e-01
-2.600e-01
-2.600e-01
-2.600e-01
-2.600e-01
-2.600e-01
-2.600e-01
-2.600e-01
-2.600e-01
-2.600e-01
-2.600e-01
-2.600e-01
-2.600e-01
-2.600e-01
-2.600e-01
-2.600e-01
-2.600e-01
-2.600e-01
-2.600e-01
-2.600e-01
-2.600e-01
-2.600e-01
-2.600e-01
-2.600e-01
-2.600e-01
-2.600e-01
-2.600e-01
-2.600e-01
-2.600e-01
-2.600e-01
-2.600e-01
-2.600e-01
-2.600e-01
-2.600e-01
-2.600e-01
-2.600e-01
-2.600e-01
-2.600e-01
-2.600e-01
-2.600e-01
-2.600e-01
-2.600e-01
-2.600e-01
-2.600e-01
-2.600e-01
-2.600e-01
-2.600e-01
-2.600e-01
-2.600e-01
-2.600e-01
-2.600e-01
-2.600e-01
-2.600e-01
-2.600e-01
-2.600e-01
-2.600e-01
-2.600e-01
-2.600e-01
-2.600e-01
-2.600e-01
-2.600e-01
-2.600e-01
-2.600e-01
-2.600e-01
-2.600e-01
-2.600e-01
-2.600e-01
-2.600e-01
-2.600e-01
-2.600e-01
-2.600e-01
-2.600e-01
-2.600e-01
-2.600e-01
-2.600e-01
-2.600e-01
-2.600e-01
-2.600e-01
-2.600e-01
-2.600e-01
-2.600e-01
-2.600e-01
-2.600e-01
-2.600e-01
-2.600e-01
-2.600e-01
-2.600e-01
-2.600e-01
-2.600e-01
-2.600e-01
-2.600e-01
-2.600e-01
-2.600e-01
-2.600e-01
-2.600e-01
-2.600e-01
-2.600e-01
-2.600e-01
-2.600e-01
-2.600e-01
-2.600e-01
-2.600e-01
-2.600e-01
-2.600e-01
-2.600e-01
-2.600e-01
-2.600e-01
-2.600e-01
-2.600e-01
-2.600e-01
-2.600e-01
-2.600e-01
-2.600e-01
-2.600e-01
-2.600e-01
-2.600e-01
-2.600e-01
-2.600e-01
-2.600e-01
-2.600e-01
-2.600e-01
-2.600e-01
-2.600e-01
-2.600e-01
-2.600e-01
-2.600e-01
-2.600e-01
-2.600e-01
-2.600e-01
-2.600e-01
-2.600e-01
-2.600e-01
-2.600e-01
-2.600e-01
-2.600e-01
-2.600e-01
-2.600e-01
-2.600e-01
-2.600e-01
-2.600e-01
-2.600e-01
-2.600e-01
-2.600e-01
-2.600e-01
-2.600e-01
-2.600e-01
-2.600e-01
-2.600e-01
-2.600e-01
-2.600e-01
-2.600e-01
-2.600e-01
-2.600e-01
-2.600e-01
-2.600e-01
-2.600e-01
-2.600e-01
-2.600e-01
-2.600e-01
-2.600e-01
-2.600e-01
-2.600e-01
-2.600e-01
-2.600e-01
-2.600e-01
-2.600e-01
-2.600e-01
-2.600e-01
-2.600e-01
-2.600e-01
-2.600e-01
-2.600e-01
-2.600e-01
-2.600e-01
-2.600e-01
-2.600e-01
-2.600e-01
-2.600e-01
-2.600e-01
-2.600e-01
-2.600e-01
-2.600e-01
-2.600e-01
-2.600e-01
-2.600e-01
-2.600e-01
-2.600e-01
-2.600e-01
-2.600e-01
-2.600e-01
-2.600e-01
-2.600e-01
-2.600e-01
-2.600e-01
-2.600e-01
-2.600e-01
-2.600e-01
-2.600e-01
-2.600e-01
-2.600e-01
-2.600e-01
-2.600e-01
-2.600e-01
-2.600e-01
-2.600e-01
-2.600e-01
-2.600e-01
-2.600e-01
-2.600e-01
-2.600e-01
-2.600e-01
-2.600e-01
-2.600e-01
-2.600e-01
-2.600e-01
-2.600e-01
-2.600e-01
-2.600e-01
-2.600e-01
-2.600e-01
-2.600e-01
-2.600e-01
-2.600e-01
-2.600e-01
-2.600e-01
-2.600e-01
-2.600e-01
-2.600e-01
-2.600e-01
-2.600e-01
-2.600e-01
-2.600e-01
-2.600e-01
-2.600e-01
-2.600e-01
-2.600e-01
-2.600e-01
-2.600e-01
-2.600e-01
-2.600e-01
-2.600e-01
-2.600e-01
-2.600e-01
-2.600e-01
-2.600e-01
-2.600e-01
-2.600e-01
-2.600e-01
-2.600e-01
-2.600e-01
-2.600e-01
-2.600e-01
-2.600e-01
-2.600e-01
-2.600e-01
-2.600e-01
-2.600e-01
-2.600e-01
-2.600e-01
-2.600e-01
-2.600e-01
-2.600e-01
-2.600e-01
-2.600e-01
-2.600e-01
-2.600e-01
-2.600e-01
-2.600e-01
-2.600e-01
-2.600e-01
-2.600e-01
-2.600e-01
-2.600e-01
-2.600e-01
-2.600e-01
-2.600e-01
-2.600e-01
-2.600e-01
-2.600e-01
-2.600e-01
-2.600e-01
-2.600e-01
-2.600e-01
-2.600e-01
-2.600e-01
-2.600e-01
-2.600e-01
-2.600e-01
-2.600e-01
-2.600e-01
-2.600e-01
-2.600e-01
-2.600e-01
-2.600e-01
-2.600e-01
-2.600e-01
-2.600e-01
-2.600e-01
-2.600e-01
-2.600e-01
-2.600e-01
-2.600e-01
-2.600e-01
-2.600e-01
-2.600e-01
-2.600e-01
-2.600e-01
-2.600e-01
-2.600e-01
-2.600e-01
-2.600e-01
-2.600e-01
-2.600e-01
-2.600e-01
-2.600e-01
-2.600e-01
-2.600e-01
-2.600e-01
-2.600e-01
-2.600e-01
-2.600e-01
-2.600e-01
-2.600e-01
-2.600e-01
-2.600e-01
-2.600e-01
-2.600e-01
-2.600e-01
-2.600e-01
-2.600e-01
-2.600e-01
-2.600e-01
-2.600e-01
-2.600e-01
-2.600e-01
-2.600e-01
-2.600e-01
-2.600e-01
-2.600e-01
-2.600e-01
-2.600e-01
-2.600e-01
-2.600e-01
-2.600e-01
-2.600e-01
-2.600e-01
-2.600e-01
-2.600e-01
-2.600e-01
-2.600e-01
-2.600e-01
-2.600e-01
-2.600e-01
-2.600e-01
-2.600e-01
-2.600e-01
-2.600e-01
-2.600e-01
-2.600e-01
-2.600e-01
-2.600e-01
-2.600e-01
-2.600e-01
-2.600e-01
-2.600e-01
-2.600e-01
-2.597e-01
-2.597e-01
-2.600e-01
-2.600e-01
-2.600e-01
-2.600e-01
-2.600e-01
-2.600e-01
-2.600e-01
-2.600e-01
-2.600e-01
-2.600e-01
-2.600e-01
-2.600e-01
-2.600e-01
-2.600e-01
-2.600e-01
-2.600e-01
-2.600e-01
-2.600e-01
-2.600e-01
-2.597e-01
-2.590e-01
3.400e-01
3.400e-01
3.400e-01
3.400e-01
3.400e-01
3.400e-01
3.400e-01
3.400e-01
3.400e-01
3.400e-01
3.400e-01
3.400e-01
3.400e-01
3.400e-01
3.400e-01
3.400e-01
3.400e-01
3.400e-01
3.400e-01
3.400e-01
3.400e-01
3.400e-01
3.400e-01
3.400e-01
3.400e-01
3.400e-01
3.400e-01
3.400e-01
3.400e-01
3.400e-01
3.400e-01
3.400e-01
3.400e-01
3.400e-01
3.400e-01
3.400e-01
3.400e-01
3.400e-01
3.400e-01
3.400e-01
3.400e-01
3.400e-01
3.400e-01
3.400e-01
3.400e-01
3.400e-01
3.400e-01
3.400e-01
3.400e-01
3.400e-01
3.400e-01
3.400e-01
3.400e-01
3.400e-01
3.400e-01
3.400e-01
3.400e-01
3.400e-01
3.400e-01
3.400e-01
3.400e-01
3.400e-01
3.400e-01
3.400e-01
3.400e-01
3.400e-01
3.400e-01
3.400e-01
3.400e-01
3.400e-01
3.400e-01
3.400e-01
3.400e-01
3.400e-01
3.400e-01
3.400e-01
3.400e-01
3.400e-01
3.400e-01
3.400e-01
3.400e-01
3.400e-01
3.400e-01
3.400e-01
3.400e-01
3.400e-01
3.400e-01
3.400e-01
3.400e-01
3.400e-01
3.400e-01
3.400e-01
3.400e-01
3.400e-01
3.400e-01
3.400e-01
3.400e-01
3.400e-01
3.400e-01
3.400e-01
3.400e-01
3.400e-01
3.400e-01
3.400e-01
3.400e-01
3.400e-01
3.400e-01
3.400e-01
3.400e-01
3.400e-01
3.400e-01
3.400e-01
3.400e-01
3.400e-01
3.400e-01
3.400e-01
3.400e-01
3.400e-01
3.400e-01
3.400e-01
3.400e-01
3.400e-01
3.400e-01
3.400e-01
3.400e-01
3.400e-01
3.400e-01
3.400e-01
3.400e-01
3.400e-01
3.400e-01
3.400e-01
3.400e-01
3.400e-01
3.400e-01
3.400e-01
3.400e-01
3.400e-01
3.400e-01
3.400e-01
3.400e-01
3.400e-01
3.400e-01
3.400e-01
3.400e-01
3.400e-01
3.400e-01
3.400e-01
3.400e-01
3.400e-01
3.400e-01
3.400e-01
3.400e-01
3.400e-01
3.400e-01
3.400e-01
3.400e-01
3.400e-01
3.400e-01
3.400e-01
3.400e-01
3.400e-01
3.400e-01
3.400e-01
3.400e-01
3.400e-01
3.400e-01
3.400e-01
3.400e-01
3.400e-01
3.400e-01
3.400e-01
3.400e-01
3.400e-01
3.400e-01
3.400e-01
3.400e-01
3.400e-01
3.400e-01
3.400e-01
3.400e-01
3.400e-01
3.400e-01
3.400e-01
3.400e-01
3.400e-01
3.400e-01
3.400e-01
3.400e-01
3.400e-01
3.400e-01
3.400e-01
3.400e-01
3.400e-01
3.400e-01
3.400e-01
3.400e-01
3.400e-01
3.400e-01
3.400e-01
3.400e-01
3.400e-01
3.400e-01
3.400e-01
3.400e-01
3.400e-01
3.400e-01
3.400e-01
3.400e-01
3.400e-01
3.400e-01
3.400e-01
3.400e-01
3.400e-01
3.400e-01
3.400e-01
3.400e-01
3.400e-01
3.400e-01
3.400e-01
3.400e-01
3.400e-01
3.400e-01
3.400e-01
3.400e-01
3.400e-01
3.400e-01
3.400e-01
3.400e-01
3.400e-01
3.400e-01
3.400e-01
3.400e-01
3.400e-01
3.400e-01
3.400e-01
3.400e-01
3.400e-01
3.400e-01
3.400e-01
3.400e-01
3.400e-01
3.400e-01
3.400e-01
3.400e-01
3.400e-01
3.400e-01
3.400e-01
3.400e-01
3.400e-01
3.400e-01
3.400e-01
3.400e-01
3.400e-01
3.400e-01
3.400e-01
3.400e-01
3.400e-01
3.400e-01
3.400e-01
3.400e-01
3.400e-01
3.400e-01
3.400e-01
3.400e-01
3.400e-01
3.400e-01
3.400e-01
3.400e-01
3.400e-01
3.400e-01
3.400e-01
3.400e-01
3.400e-01
3.400e-01
3.400e-01
3.400e-01
3.400e-01
3.400e-01
3.400e-01
3.400e-01
3.400e-01
3.400e-01
3.400e-01
3.400e-01
3.400e-01
3.400e-01
3.400e-01
3.400e-01
3.400e-01
3.400e-01
3.400e-01
3.400e-01
3.400e-01
3.400e-01
3.400e-01
3.400e-01
3.400e-01
3.400e-01
3.400e-01
3.400e-01
3.400e-01
3.400e-01
3.400e-01
3.400e-01
3.400e-01
3.400e-01
3.400e-01
3.400e-01
3.400e-01
3.400e-01
3.400e-01
3.400e-01
3.400e-01
3.400e-01
3.400e-01
3.400e-01
3.400e-01
3.400e-01
3.400e-01
3.400e-01
3.400e-01
3.400e-01
3.400e-01
3.400e-01
3.400e-01
3.400e-01
3.400e-01
3.400e-01
3.400e-01
3.400e-01
3.400e-01
3.400e-01
3.400e-01
3.400e-01
3.400e-01
3.400e-01
3.400e-01
3.400e-01
3.400e-01
3.400e-01
3.400e-01
3.400e-01
3.400e-01
3.400e-01
3.400e-01
3.400e-01
3.400e-01
3.400e-01
3.400e-01
3.400e-01
3.400e-01
3.400e-01
3.400e-01
3.400e-01
3.400e-01
3.400e-01
3.400e-01
3.400e-01
3.400e-01
3.400e-01
3.400e-01
3.400e-01
3.400e-01
3.400e-01
3.400e-01
3.400e-01
3.400e-01
3.400e-01
3.400e-01
3.400e-01
3.400e-01
3.400e-01
3.400e-01
3.400e-01
3.400e-01
3.400e-01
3.400e-01
3.400e-01
3.400e-01
3.400e-01
3.400e-01
3.400e-01
3.400e-01
3.400e-01
3.400e-01
3.400e-01
3.400e-01
3.400e-01
3.400e-01
3.400e-01
3.400e-01
3.400e-01
3.400e-01
3.400e-01
3.400e-01
3.400e-01
3.400e-01
3.400e-01
3.400e-01
3.400e-01
3.400e-01
3.400e-01
3.400e-01
3.400e-01
3.400e-01
3.400e-01
3.400e-01
3.400e-01
3.400e-01
3.400e-01
3.400e-01
3.400e-01
3.400e-01
3.400e-01
3.400e-01
3.400e-01
3.400e-01
3.403e-01
3.403e-01
3.400e-01
3.400e-01
3.400e-01
3.400e-01
3.400e-01
3.400e-01
3.400e-01
3.400e-01
3.400e-01
3.400e-01
3.400e-01
3.400e-01
3.400e-01
3.400e-01
3.400e-01
3.400e-01
3.400e-01
3.400e-01
3.400e-01
3.403e-01
3.410e-01
1.000e+00
1.000e+00
1.000e+00
1.000e+00
1.000e+00
1.000e+00
1.000e+00
1.000e+00
1.000e+00
1.000e+00
1.000e+00
1.000e+00
1.000e+00
1.000e+00
1.000e+00
1.000e+00
1.000e+00
1.000e+00
1.000e+00
1.000e+00
1.000e+00
1.000e+00
1.000e+00
1.000e+00
1.000e+00
1.000e+00
1.000e+00
1.000e+00
1.000e+00
1.000e+00
1.000e+00
1.000e+00
1.000e+00
1.000e+00
1.000e+00
1.000e+00
1.000e+00
1.000e+00
1.000e+00
1.000e+00
1.000e+00
1.000e+00
1.000e+00
1.000e+00
1.000e+00
1.000e+00
1.000e+00
1.000e+00
1.000e+00
1.000e+00
1.000e+00
1.000e+00
1.000e+00
1.000e+00
1.000e+00
1.000e+00
1.000e+00
1.000e+00
1.000e+00
1.000e+00
1.000e+00
1.000e+00
1.000e+00
1.000e+00
1.000e+00
1.000e+00
1.000e+00
1.000e+00
1.000e+00
1.000e+00
1.000e+00
1.000e+00
1.000e+00
1.000e+00
1.000e+00
1.000e+00
1.000e+00
1.000e+00
1.000e+00
1.000e+00
1.000e+00
1.000e+00
1.000e+00
1.000e+00
1.000e+00
1.000e+00
1.000e+00
1.000e+00
1.000e+00
1.000e+00
1.000e+00
1.000e+00
1.000e+00
1.000e+00
1.000e+00
1.000e+00
1.000e+00
1.000e+00
1.000e+00
1.000e+00
1.000e+00
1.000e+00
1.000e+00
1.000e+00
1.000e+00
1.000e+00
1.000e+00
1.000e+00
1.000e+00
1.000e+00
1.000e+00
1.000e+00
1.000e+00
1.000e+00
1.000e+00
1.000e+00
1.000e+00
1.000e+00
1.000e+00
1.000e+00
1.000e+00
1.000e+00
1.000e+00
1.000e+00
1.000e+00
1.000e+00
1.000e+00
1.000e+00
1.000e+00
1.000e+00
1.000e+00
1.000e+00
1.000e+00
1.000e+00
1.000e+00
1.000e+00
1.000e+00
1.000e+00
1.000e+00
1.000e+00
1.000e+00
1.000e+00
1.000e+00
1.000e+00
1.000e+00
1.000e+00
1.000e+00
1.000e+00
1.000e+00
1.000e+00
1.000e+00
1.000e+00
1.000e+00
1.000e+00
1.000e+00
1.000e+00
1.000e+00
1.000e+00
1.000e+00
1.000e+00
1.000e+00
1.000e+00
1.000e+00
1.000e+00
1.000e+00
1.000e+00
1.000e+00
1.000e+00
1.000e+00
1.000e+00
1.000e+00
1.000e+00
1.000e+00
1.000e+00
1.000e+00
1.000e+00
1.000e+00
1.000e+00
1.000e+00
1.000e+00
1.000e+00
1.000e+00
1.000e+00
1.000e+00
1.000e+00
1.000e+00
1.000e+00
1.000e+00
1.000e+00
1.000e+00
1.000e+00
1.000e+00
1.000e+00
1.000e+00
1.000e+00
1.000e+00
1.000e+00
1.000e+00
1.000e+00
1.000e+00
1.000e+00
1.000e+00
1.000e+00
1.000e+00
1.000e+00
1.000e+00
1.000e+00
1.000e+00
1.000e+00
1.000e+00
1.000e+00
1.000e+00
1.000e+00
1.000e+00
1.000e+00
1.000e+00
1.000e+00
1.000e+00
1.000e+00
1.000e+00
1.000e+00
1.000e+00
1.000e+00
1.000e+00
1.000e+00
1.000e+00
1.000e+00
1.000e+00
1.000e+00
1.000e+00
1.000e+00
1.000e+00
1.000e+00
1.000e+00
1.000e+00
1.000e+00
1.000e+00
1.000e+00
1.000e+00
1.000e+00
1.000e+00
1.000e+00
1.000e+00
1.000e+00
1.000e+00
1.000e+00
1.000e+00
1.000e+00
1.000e+00
1.000e+00
1.000e+00
1.000e+00
1.000e+00
1.000e+00
1.000e+00
1.000e+00
1.000e+00
1.000e+00
1.000e+00
1.000e+00
1.000e+00
1.000e+00
1.000e+00
1.000e+00
1.000e+00
1.000e+00
1.000e+00
1.000e+00
1.000e+00
1.000e+00
1.000e+00
1.000e+00
1.000e+00
1.000e+00
1.000e+00
1.000e+00
1.000e+00
1.000e+00
1.000e+00
1.000e+00
1.000e+00
1.000e+00
1.000e+00
1.000e+00
1.000e+00
1.000e+00
1.000e+00
1.000e+00
1.000e+00
1.000e+00
1.000e+00
1.000e+00
1.000e+00
1.000e+00
1.000e+00
1.000e+00
1.000e+00
1.000e+00
1.000e+00
1.000e+00
1.000e+00
1.000e+00
1.000e+00
1.000e+00
1.000e+00
1.000e+00
1.000e+00
1.000e+00
1.000e+00
1.000e+00
1.000e+00
1.000e+00
1.000e+00
1.000e+00
1.000e+00
1.000e+00
1.000e+00
1.000e+00
1.000e+00
1.000e+00
1.000e+00
1.000e+00
1.000e+00
1.000e+00
1.000e+00
1.000e+00
1.000e+00
1.000e+00
1.000e+00
1.000e+00
1.000e+00
1.000e+00
1.000e+00
1.000e+00
1.000e+00
1.000e+00
1.000e+00
1.000e+00
1.000e+00
1.000e+00
1.000e+00
1.000e+00
1.000e+00
1.000e+00
1.000e+00
1.000e+00
1.000e+00
1.000e+00
1.000e+00
1.000e+00
1.000e+00
1.000e+00
1.000e+00
1.000e+00
1.000e+00
1.000e+00
1.000e+00
1.000e+00
1.000e+00
1.000e+00
1.000e+00
1.000e+00
1.000e+00
1.000e+00
1.000e+00
1.000e+00
1.000e+00
1.000e+00
1.000e+00
1.000e+00
1.000e+00
1.000e+00
1.000e+00
1.000e+00
1.000e+00
1.000e+00
1.000e+00
1.000e+00
1.000e+00
1.000e+00
1.000e+00
1.000e+00
1.000e+00
1.000e+00
1.000e+00
1.000e+00
1.000e+00
1.000e+00
1.000e+00
1.000e+00
1.000e+00
1.000e+00
1.000e+00
1.000e+00
1.000e+00
1.000e+00
1.000e+00
1.000e+00
1.000e+00
1.000e+00
1.000e+00
1.000e+00
1.000e+00
1.000e+00
1.000e+00
1.000e+00
1.000e+00
1.000e+00
1.000e+00
1.000e+00
1.000e+00
1.000e+00
1.000e+00
1.000e+00
1.000e+00
1.000e+00
1.000e+00
1.000e+00
1.000e+00
1.000e+00
1.000e+00
1.000e+00
1.000e+00
1.000e+00
1.000e+00
1.000e+00
1.000e+00
1.000e+00
1.000e+00
1.000e+00
1.000e+00
1.000e+00
1.000e+00
1.000e+00
1.000e+00
1.000e+00
1.000e+00
1.000e+00
1.000e+00
1.000e+00
1.001e+00
