1	0	INDP	IPOND
-5.403e-01
-5.298e-01
-5.295e-01
-5.295e-01
-5.295e-01
-5.295e-01
-5.295e-01
-5.295e-01
-5.295e-01
-5.295e-01
-5.295e-01
-5.295e-01
-5.295e-01
-5.295e-01
-5.295e-01
-5.295e-01
-5.295e-01
-5.296e-01
-5.303e-01
-5.265e-01
-5.083e-01
-5.306e-01
-5.119e-01
-5.112e-01
-5.112e-01
-5.112e-01
-5.112e-01
-5.112e-01
-5.112e-01
-5.112e-01
-5.112e-01
-5.112e-01
-5.112e-01
-5.112e-01
-5.112e-01
-5.112e-01
-5.112e-01
-5.112e-01
-5.111e-01
-5.116e-01
-5.095e-01
-4.916e-01
-5.305e-01
-5.114e-01
-5.102e-01
-5.102e-01
-5.102e-01
-5.102e-01
-5.102e-01
-5.102e-01
-5.102e-01
-5.102e-01
-5.102e-01
-5.102e-01
-5.102e-01
-5.102e-01
-5.102e-01
-5.102e-01
-5.102e-01
-5.102e-01
-5.106e-01
-5.086e-01
-4.894e-01
-5.305e-01
-5.114e-01
-5.102e-01
-5.102e-01
-5.102e-01
-5.102e-01
-5.102e-01
-5.102e-01
-5.102e-01
-5.102e-01
-5.102e-01
-5.102e-01
-5.102e-01
-5.102e-01
-5.102e-01
-5.102e-01
-5.102e-01
-5.101e-01
-5.106e-01
-5.086e-01
-4.893e-01
-5.305e-01
-5.114e-01
-5.102e-01
-5.102e-01
-5.102e-01
-5.102e-01
-5.102e-01
-5.102e-01
-5.102e-01
-5.102e-01
-5.102e-01
-5.102e-01
-5.102e-01
-5.102e-01
-5.102e-01
-5.102e-01
-5.102e-01
-5.101e-01
-5.106e-01
-5.086e-01
-4.893e-01
-5.305e-01
-5.114e-01
-5.102e-01
-5.102e-01
-5.102e-01
-5.102e-01
-5.102e-01
-5.102e-01
-5.102e-01
-5.102e-01
-5.102e-01
-5.102e-01
-5.102e-01
-5.102e-01
-5.102e-01
-5.102e-01
-5.102e-01
-5.101e-01
-5.106e-01
-5.086e-01
-4.893e-01
-5.305e-01
-5.114e-01
-5.102e-01
-5.102e-01
-5.102e-01
-5.102e-01
-5.102e-01
-5.102e-01
-5.102e-01
-5.102e-01
-5.102e-01
-5.102e-01
-5.102e-01
-5.102e-01
-5.102e-01
-5.102e-01
-5.102e-01
-5.101e-01
-5.106e-01
-5.086e-01
-4.893e-01
-5.305e-01
-5.114e-01
-5.102e-01
-5.102e-01
-5.102e-01
-5.102e-01
-5.102e-01
-5.102e-01
-5.102e-01
-5.102e-01
-5.102e-01
-5.102e-01
-5.102e-01
-5.102e-01
-5.102e-01
-5.102e-01
-5.102e-01
-5.101e-01
-5.106e-01
-5.086e-01
-4.893e-01
-5.305e-01
-5.114e-01
-5.102e-01
-5.102e-01
-5.102e-01
-5.102e-01
-5.102e-01
-5.102e-01
-5.102e-01
-5.102e-01
-5.102e-01
-5.102e-01
-5.102e-01
-5.102e-01
-5.102e-01
-5.102e-01
-5.102e-01
-5.101e-01
-5.106e-01
-5.086e-01
-4.893e-01
-5.305e-01
-5.114e-01
-5.102e-01
-5.102e-01
-5.102e-01
-5.102e-01
-5.102e-01
-5.102e-01
-5.102e-01
-5.102e-01
-5.102e-01
-5.102e-01
-5.102e-01
-5.102e-01
-5.102e-01
-5.102e-01
-5.102e-01
-5.101e-01
-5.106e-01
-5.086e-01
-4.893e-01
-5.305e-01
-5.114e-01
-5.102e-01
-5.102e-01
-5.102e-01
-5.102e-01
-5.102e-01
-5.102e-01
-5.102e-01
-5.102e-01
-5.102e-01
-5.102e-01
-5.102e-01
-5.102e-01
-5.102e-01
-5.102e-01
-5.102e-01
-5.101e-01
-5.106e-01
-5.086e-01
-4.893e-01
-5.305e-01
-5.114e-01
-5.102e-01
-5.102e-01
-5.102e-01
-5.102e-01
-5.102e-01
-5.102e-01
-5.102e-01
-5.102e-01
-5.102e-01
-5.102e-01
-5.102e-01
-5.102e-01
-5.102e-01
-5.102e-01
-5.102e-01
-5.101e-01
-5.106e-01
-5.086e-01
-4.893e-01
-5.305e-01
-5.114e-01
-5.102e-01
-5.102e-01
-5.102e-01
-5.102e-01
-5.102e-01
-5.102e-01
-5.102e-01
-5.102e-01
-5.102e-01
-5.102e-01
-5.102e-01
-5.102e-01
-5.102e-01
-5.102e-01
-5.102e-01
-5.101e-01
-5.106e-01
-5.086e-01
-4.893e-01
-5.305e-01
-5.114e-01
-5.102e-01
-5.102e-01
-5.102e-01
-5.102e-01
-5.102e-01
-5.102e-01
-5.102e-01
-5.102e-01
-5.102e-01
-5.102e-01
-5.102e-01
-5.102e-01
-5.102e-01
-5.102e-01
-5.102e-01
-5.101e-01
-5.106e-01
-5.086e-01
-4.893e-01
-5.305e-01
-5.114e-01
-5.102e-01
-5.102e-01
-5.102e-01
-5.102e-01
-5.102e-01
-5.102e-01
-5.102e-01
-5.102e-01
-5.102e-01
-5.102e-01
-5.102e-01
-5.102e-01
-5.102e-01
-5.102e-01
-5.102e-01
-5.101e-01
-5.106e-01
-5.086e-01
-4.893e-01
-5.305e-01
-5.114e-01
-5.102e-01
-5.102e-01
-5.102e-01
-5.102e-01
-5.102e-01
-5.102e-01
-5.102e-01
-5.102e-01
-5.102e-01
-5.102e-01
-5.102e-01
-5.102e-01
-5.102e-01
-5.102e-01
-5.102e-01
-5.101e-01
-5.106e-01
-5.086e-01
-4.893e-01
-5.305e-01
-5.114e-01
-5.102e-01
-5.102e-01
-5.102e-01
-5.102e-01
-5.102e-01
-5.102e-01
-5.102e-01
-5.102e-01
-5.102e-01
-5.102e-01
-5.102e-01
-5.102e-01
-5.102e-01
-5.102e-01
-5.102e-01
-5.101e-01
-5.106e-01
-5.086e-01
-4.893e-01
-5.305e-01
-5.114e-01
-5.102e-01
-5.101e-01
-5.101e-01
-5.101e-01
-5.101e-01
-5.101e-01
-5.101e-01
-5.101e-01
-5.101e-01
-5.101e-01
-5.101e-01
-5.101e-01
-5.101e-01
-5.101e-01
-5.101e-01
-5.101e-01
-5.106e-01
-5.086e-01
-4.893e-01
-5.311e-01
-5.118e-01
-5.106e-01
-5.106e-01
-5.106e-01
-5.106e-01
-5.106e-01
-5.106e-01
-5.106e-01
-5.106e-01
-5.106e-01
-5.106e-01
-5.106e-01
-5.106e-01
-5.106e-01
-5.106e-01
-5.106e-01
-5.106e-01
-5.110e-01
-5.088e-01
-4.894e-01
-5.278e-01
-5.097e-01
-5.085e-01
-5.086e-01
-5.086e-01
-5.085e-01
-5.085e-01
-5.085e-01
-5.085e-01
-5.085e-01
-5.085e-01
-5.085e-01
-5.085e-01
-5.085e-01
-5.085e-01
-5.086e-01
-5.086e-01
-5.085e-01
-5.088e-01
-5.071e-01
-4.890e-01
-5.092e-01
-4.926e-01
-4.900e-01
-4.900e-01
-4.900e-01
-4.900e-01
-4.900e-01
-4.900e-01
-4.900e-01
-4.900e-01
-4.900e-01
-4.900e-01
-4.900e-01
-4.900e-01
-4.900e-01
-4.900e-01
-4.900e-01
-4.900e-01
-4.901e-01
-4.895e-01
-4.800e-01
-5.336e-01
-5.237e-01
-5.235e-01
-5.235e-01
-5.235e-01
-5.235e-01
-5.235e-01
-5.235e-01
-5.235e-01
-5.235e-01
-5.235e-01
-5.235e-01
-5.235e-01
-5.235e-01
-5.235e-01
-5.235e-01
-5.235e-01
-5.235e-01
-5.242e-01
-5.204e-01
-5.033e-01
-5.245e-01
-5.070e-01
-5.062e-01
-5.062e-01
-5.062e-01
-5.062e-01
-5.062e-01
-5.062e-01
-5.062e-01
-5.062e-01
-5.062e-01
-5.062e-01
-5.062e-01
-5.062e-01
-5.062e-01
-5.062e-01
-5.062e-01
-5.061e-01
-5.067e-01
-5.045e-01
-4.875e-01
-5.245e-01
-5.064e-01
-5.052e-01
-5.052e-01
-5.052e-01
-5.052e-01
-5.052e-01
-5.052e-01
-5.052e-01
-5.052e-01
-5.052e-01
-5.052e-01
-5.052e-01
-5.052e-01
-5.052e-01
-5.052e-01
-5.052e-01
-5.052e-01
-5.057e-01
-5.036e-01
-4.853e-01
-5.244e-01
-5.065e-01
-5.052e-01
-5.052e-01
-5.052e-01
-5.052e-01
-5.052e-01
-5.052e-01
-5.052e-01
-5.052e-01
-5.052e-01
-5.052e-01
-5.052e-01
-5.052e-01
-5.052e-01
-5.052e-01
-5.052e-01
-5.051e-01
-5.057e-01
-5.036e-01
-4.852e-01
-5.244e-01
-5.065e-01
-5.052e-01
-5.052e-01
-5.052e-01
-5.052e-01
-5.052e-01
-5.052e-01
-5.052e-01
-5.052e-01
-5.052e-01
-5.052e-01
-5.052e-01
-5.052e-01
-5.052e-01
-5.052e-01
-5.052e-01
-5.051e-01
-5.057e-01
-5.036e-01
-4.852e-01
-5.244e-01
-5.065e-01
-5.052e-01
-5.052e-01
-5.052e-01
-5.052e-01
-5.052e-01
-5.052e-01
-5.052e-01
-5.052e-01
-5.052e-01
-5.052e-01
-5.052e-01
-5.052e-01
-5.052e-01
-5.052e-01
-5.052e-01
-5.052e-01
-5.057e-01
-5.036e-01
-4.852e-01
-5.244e-01
-5.065e-01
-5.052e-01
-5.052e-01
-5.052e-01
-5.052e-01
-5.052e-01
-5.052e-01
-5.052e-01
-5.052e-01
-5.052e-01
-5.052e-01
-5.052e-01
-5.052e-01
-5.052e-01
-5.052e-01
-5.052e-01
-5.052e-01
-5.057e-01
-5.036e-01
-4.852e-01
-5.244e-01
-5.065e-01
-5.052e-01
-5.052e-01
-5.052e-01
-5.052e-01
-5.052e-01
-5.052e-01
-5.052e-01
-5.052e-01
-5.052e-01
-5.052e-01
-5.052e-01
-5.052e-01
-5.052e-01
-5.052e-01
-5.052e-01
-5.052e-01
-5.057e-01
-5.036e-01
-4.852e-01
-5.244e-01
-5.065e-01
-5.052e-01
-5.052e-01
-5.052e-01
-5.052e-01
-5.052e-01
-5.052e-01
-5.052e-01
-5.052e-01
-5.052e-01
-5.052e-01
-5.052e-01
-5.052e-01
-5.052e-01
-5.052e-01
-5.052e-01
-5.052e-01
-5.057e-01
-5.036e-01
-4.852e-01
-5.244e-01
-5.065e-01
-5.052e-01
-5.052e-01
-5.052e-01
-5.052e-01
-5.052e-01
-5.052e-01
-5.052e-01
-5.052e-01
-5.052e-01
-5.052e-01
-5.052e-01
-5.052e-01
-5.052e-01
-5.052e-01
-5.052e-01
-5.052e-01
-5.057e-01
-5.036e-01
-4.852e-01
-5.244e-01
-5.065e-01
-5.052e-01
-5.052e-01
-5.052e-01
-5.052e-01
-5.052e-01
-5.052e-01
-5.052e-01
-5.052e-01
-5.052e-01
-5.052e-01
-5.052e-01
-5.052e-01
-5.052e-01
-5.052e-01
-5.052e-01
-5.052e-01
-5.057e-01
-5.036e-01
-4.852e-01
-5.244e-01
-5.065e-01
-5.052e-01
-5.052e-01
-5.052e-01
-5.052e-01
-5.052e-01
-5.052e-01
-5.052e-01
-5.052e-01
-5.052e-01
-5.052e-01
-5.052e-01
-5.052e-01
-5.052e-01
-5.052e-01
-5.052e-01
-5.052e-01
-5.057e-01
-5.036e-01
-4.852e-01
-5.244e-01
-5.065e-01
-5.052e-01
-5.052e-01
-5.052e-01
-5.052e-01
-5.052e-01
-5.052e-01
-5.052e-01
-5.052e-01
-5.052e-01
-5.052e-01
-5.052e-01
-5.052e-01
-5.052e-01
-5.052e-01
-5.052e-01
-5.052e-01
-5.057e-01
-5.036e-01
-4.852e-01
-5.244e-01
-5.065e-01
-5.052e-01
-5.052e-01
-5.052e-01
-5.052e-01
-5.052e-01
-5.052e-01
-5.052e-01
-5.052e-01
-5.052e-01
-5.052e-01
-5.052e-01
-5.052e-01
-5.052e-01
-5.052e-01
-5.052e-01
-5.052e-01
-5.057e-01
-5.036e-01
-4.852e-01
-5.244e-01
-5.065e-01
-5.052e-01
-5.052e-01
-5.052e-01
-5.052e-01
-5.052e-01
-5.052e-01
-5.052e-01
-5.052e-01
-5.052e-01
-5.052e-01
-5.052e-01
-5.052e-01
-5.052e-01
-5.052e-01
-5.052e-01
-5.051e-01
-5.057e-01
-5.036e-01
-4.852e-01
-5.244e-01
-5.065e-01
-5.052e-01
-5.052e-01
-5.052e-01
-5.052e-01
-5.052e-01
-5.052e-01
-5.052e-01
-5.052e-01
-5.052e-01
-5.052e-01
-5.052e-01
-5.052e-01
-5.052e-01
-5.052e-01
-5.052e-01
-5.052e-01
-5.057e-01
-5.036e-01
-4.852e-01
-5.244e-01
-5.065e-01
-5.052e-01
-5.052e-01
-5.052e-01
-5.052e-01
-5.052e-01
-5.052e-01
-5.052e-01
-5.052e-01
-5.052e-01
-5.052e-01
-5.052e-01
-5.052e-01
-5.052e-01
-5.052e-01
-5.052e-01
-5.052e-01
-5.057e-01
-5.036e-01
-4.852e-01
-5.245e-01
-5.065e-01
-5.052e-01
-5.051e-01
-5.052e-01
-5.051e-01
-5.051e-01
-5.051e-01
-5.051e-01
-5.051e-01
-5.051e-01
-5.051e-01
-5.051e-01
-5.051e-01
-5.052e-01
-5.051e-01
-5.052e-01
-5.051e-01
-5.057e-01
-5.036e-01
-4.852e-01
-5.251e-01
-5.068e-01
-5.057e-01
-5.057e-01
-5.057e-01
-5.057e-01
-5.057e-01
-5.057e-01
-5.057e-01
-5.057e-01
-5.057e-01
-5.057e-01
-5.057e-01
-5.057e-01
-5.057e-01
-5.057e-01
-5.057e-01
-5.057e-01
-5.060e-01
-5.038e-01
-4.853e-01
-5.218e-01
-5.047e-01
-5.035e-01
-5.036e-01
-5.036e-01
-5.035e-01
-5.035e-01
-5.035e-01
-5.035e-01
-5.035e-01
-5.035e-01
-5.035e-01
-5.035e-01
-5.035e-01
-5.035e-01
-5.037e-01
-5.037e-01
-5.035e-01
-5.038e-01
-5.021e-01
-4.849e-01
-5.042e-01
-4.885e-01
-4.859e-01
-4.858e-01
-4.858e-01
-4.859e-01
-4.859e-01
-4.859e-01
-4.859e-01
-4.859e-01
-4.859e-01
-4.859e-01
-4.859e-01
-4.859e-01
-4.859e-01
-4.858e-01
-4.858e-01
-4.859e-01
-4.860e-01
-4.854e-01
-4.762e-01
-5.250e-01
-5.171e-01
-5.168e-01
-5.168e-01
-5.168e-01
-5.168e-01
-5.168e-01
-5.168e-01
-5.168e-01
-5.168e-01
-5.168e-01
-5.168e-01
-5.168e-01
-5.168e-01
-5.168e-01
-5.168e-01
-5.168e-01
-5.168e-01
-5.175e-01
-5.136e-01
-4.997e-01
-5.179e-01
-5.036e-01
-5.028e-01
-5.029e-01
-5.029e-01
-5.029e-01
-5.029e-01
-5.029e-01
-5.029e-01
-5.029e-01
-5.029e-01
-5.029e-01
-5.029e-01
-5.029e-01
-5.029e-01
-5.029e-01
-5.029e-01
-5.027e-01
-5.033e-01
-5.010e-01
-4.868e-01
-5.178e-01
-5.031e-01
-5.018e-01
-5.018e-01
-5.018e-01
-5.018e-01
-5.018e-01
-5.018e-01
-5.018e-01
-5.018e-01
-5.018e-01
-5.018e-01
-5.018e-01
-5.018e-01
-5.018e-01
-5.018e-01
-5.018e-01
-5.018e-01
-5.022e-01
-5.000e-01
-4.845e-01
-5.178e-01
-5.031e-01
-5.018e-01
-5.018e-01
-5.018e-01
-5.018e-01
-5.018e-01
-5.018e-01
-5.018e-01
-5.018e-01
-5.018e-01
-5.018e-01
-5.018e-01
-5.018e-01
-5.018e-01
-5.018e-01
-5.018e-01
-5.017e-01
-5.022e-01
-5.000e-01
-4.844e-01
-5.178e-01
-5.031e-01
-5.018e-01
-5.018e-01
-5.018e-01
-5.018e-01
-5.018e-01
-5.018e-01
-5.018e-01
-5.018e-01
-5.018e-01
-5.018e-01
-5.018e-01
-5.018e-01
-5.018e-01
-5.018e-01
-5.018e-01
-5.017e-01
-5.022e-01
-5.000e-01
-4.844e-01
-5.178e-01
-5.031e-01
-5.018e-01
-5.018e-01
-5.018e-01
-5.018e-01
-5.018e-01
-5.018e-01
-5.018e-01
-5.018e-01
-5.018e-01
-5.018e-01
-5.018e-01
-5.018e-01
-5.018e-01
-5.018e-01
-5.018e-01
-5.017e-01
-5.022e-01
-5.000e-01
-4.844e-01
-5.178e-01
-5.031e-01
-5.018e-01
-5.018e-01
-5.018e-01
-5.018e-01
-5.018e-01
-5.018e-01
-5.018e-01
-5.018e-01
-5.018e-01
-5.018e-01
-5.018e-01
-5.018e-01
-5.018e-01
-5.018e-01
-5.018e-01
-5.017e-01
-5.022e-01
-5.000e-01
-4.844e-01
-5.178e-01
-5.031e-01
-5.018e-01
-5.018e-01
-5.018e-01
-5.018e-01
-5.018e-01
-5.018e-01
-5.018e-01
-5.018e-01
-5.018e-01
-5.018e-01
-5.018e-01
-5.018e-01
-5.018e-01
-5.018e-01
-5.018e-01
-5.017e-01
-5.022e-01
-5.000e-01
-4.844e-01
-5.178e-01
-5.031e-01
-5.018e-01
-5.018e-01
-5.018e-01
-5.018e-01
-5.018e-01
-5.018e-01
-5.018e-01
-5.018e-01
-5.018e-01
-5.018e-01
-5.018e-01
-5.018e-01
-5.018e-01
-5.018e-01
-5.018e-01
-5.017e-01
-5.022e-01
-5.000e-01
-4.844e-01
-5.178e-01
-5.031e-01
-5.018e-01
-5.018e-01
-5.018e-01
-5.018e-01
-5.018e-01
-5.018e-01
-5.018e-01
-5.018e-01
-5.018e-01
-5.018e-01
-5.018e-01
-5.018e-01
-5.018e-01
-5.018e-01
-5.018e-01
-5.017e-01
-5.022e-01
-5.000e-01
-4.844e-01
-5.178e-01
-5.031e-01
-5.018e-01
-5.018e-01
-5.018e-01
-5.018e-01
-5.018e-01
-5.018e-01
-5.018e-01
-5.018e-01
-5.018e-01
-5.018e-01
-5.018e-01
-5.018e-01
-5.018e-01
-5.018e-01
-5.018e-01
-5.017e-01
-5.022e-01
-5.000e-01
-4.844e-01
-5.178e-01
-5.031e-01
-5.018e-01
-5.018e-01
-5.018e-01
-5.018e-01
-5.018e-01
-5.018e-01
-5.018e-01
-5.018e-01
-5.018e-01
-5.018e-01
-5.018e-01
-5.018e-01
-5.018e-01
-5.018e-01
-5.018e-01
-5.017e-01
-5.022e-01
-5.000e-01
-4.844e-01
-5.178e-01
-5.031e-01
-5.018e-01
-5.018e-01
-5.018e-01
-5.018e-01
-5.018e-01
-5.018e-01
-5.018e-01
-5.018e-01
-5.018e-01
-5.018e-01
-5.018e-01
-5.018e-01
-5.018e-01
-5.018e-01
-5.018e-01
-5.017e-01
-5.022e-01
-5.000e-01
-4.844e-01
-5.178e-01
-5.031e-01
-5.018e-01
-5.018e-01
-5.018e-01
-5.018e-01
-5.018e-01
-5.018e-01
-5.018e-01
-5.018e-01
-5.018e-01
-5.018e-01
-5.018e-01
-5.018e-01
-5.018e-01
-5.018e-01
-5.018e-01
-5.017e-01
-5.022e-01
-5.000e-01
-4.844e-01
-5.178e-01
-5.031e-01
-5.018e-01
-5.018e-01
-5.018e-01
-5.018e-01
-5.018e-01
-5.018e-01
-5.018e-01
-5.018e-01
-5.018e-01
-5.018e-01
-5.018e-01
-5.018e-01
-5.018e-01
-5.018e-01
-5.018e-01
-5.017e-01
-5.022e-01
-5.000e-01
-4.844e-01
-5.178e-01
-5.031e-01
-5.018e-01
-5.018e-01
-5.018e-01
-5.018e-01
-5.018e-01
-5.018e-01
-5.018e-01
-5.018e-01
-5.018e-01
-5.018e-01
-5.018e-01
-5.018e-01
-5.018e-01
-5.018e-01
-5.018e-01
-5.017e-01
-5.022e-01
-5.000e-01
-4.844e-01
-5.178e-01
-5.031e-01
-5.018e-01
-5.018e-01
-5.018e-01
-5.018e-01
-5.018e-01
-5.018e-01
-5.018e-01
-5.018e-01
-5.018e-01
-5.018e-01
-5.018e-01
-5.018e-01
-5.018e-01
-5.018e-01
-5.018e-01
-5.017e-01
-5.022e-01
-5.000e-01
-4.844e-01
-5.178e-01
-5.031e-01
-5.018e-01
-5.017e-01
-5.017e-01
-5.017e-01
-5.017e-01
-5.017e-01
-5.017e-01
-5.017e-01
-5.017e-01
-5.017e-01
-5.017e-01
-5.017e-01
-5.017e-01
-5.017e-01
-5.017e-01
-5.017e-01
-5.022e-01
-5.000e-01
-4.844e-01
-5.184e-01
-5.034e-01
-5.022e-01
-5.022e-01
-5.022e-01
-5.022e-01
-5.022e-01
-5.022e-01
-5.022e-01
-5.022e-01
-5.022e-01
-5.022e-01
-5.022e-01
-5.022e-01
-5.022e-01
-5.022e-01
-5.022e-01
-5.022e-01
-5.025e-01
-5.002e-01
-4.845e-01
-5.151e-01
-5.012e-01
-5.000e-01
-5.000e-01
-5.000e-01
-4.999e-01
-5.000e-01
-5.000e-01
-5.000e-01
-5.000e-01
-5.000e-01
-5.000e-01
-5.000e-01
-5.000e-01
-4.999e-01
-5.001e-01
-5.001e-01
-4.999e-01
-5.003e-01
-4.985e-01
-4.840e-01
-5.007e-01
-4.879e-01
-4.851e-01
-4.850e-01
-4.850e-01
-4.850e-01
-4.851e-01
-4.851e-01
-4.851e-01
-4.851e-01
-4.851e-01
-4.851e-01
-4.851e-01
-4.851e-01
-4.851e-01
-4.850e-01
-4.850e-01
-4.851e-01
-4.852e-01
-4.845e-01
-4.766e-01
-5.290e-01
-5.243e-01
-5.240e-01
-5.240e-01
-5.240e-01
-5.240e-01
-5.240e-01
-5.240e-01
-5.240e-01
-5.240e-01
-5.240e-01
-5.240e-01
-5.240e-01
-5.240e-01
-5.240e-01
-5.240e-01
-5.240e-01
-5.241e-01
-5.245e-01
-5.205e-01
-5.125e-01
-5.252e-01
-5.170e-01
-5.162e-01
-5.162e-01
-5.162e-01
-5.162e-01
-5.162e-01
-5.162e-01
-5.162e-01
-5.162e-01
-5.162e-01
-5.162e-01
-5.162e-01
-5.162e-01
-5.162e-01
-5.162e-01
-5.162e-01
-5.161e-01
-5.165e-01
-5.139e-01
-5.056e-01
-5.251e-01
-5.164e-01
-5.152e-01
-5.151e-01
-5.151e-01
-5.151e-01
-5.151e-01
-5.151e-01
-5.151e-01
-5.151e-01
-5.151e-01
-5.151e-01
-5.151e-01
-5.151e-01
-5.151e-01
-5.151e-01
-5.151e-01
-5.151e-01
-5.155e-01
-5.129e-01
-5.032e-01
-5.251e-01
-5.165e-01
-5.151e-01
-5.151e-01
-5.151e-01
-5.151e-01
-5.151e-01
-5.151e-01
-5.151e-01
-5.151e-01
-5.151e-01
-5.151e-01
-5.151e-01
-5.151e-01
-5.151e-01
-5.151e-01
-5.151e-01
-5.150e-01
-5.154e-01
-5.128e-01
-5.030e-01
-5.251e-01
-5.165e-01
-5.151e-01
-5.151e-01
-5.151e-01
-5.151e-01
-5.151e-01
-5.151e-01
-5.151e-01
-5.151e-01
-5.151e-01
-5.151e-01
-5.151e-01
-5.151e-01
-5.151e-01
-5.151e-01
-5.151e-01
-5.149e-01
-5.154e-01
-5.128e-01
-5.030e-01
-5.251e-01
-5.165e-01
-5.151e-01
-5.151e-01
-5.151e-01
-5.151e-01
-5.151e-01
-5.151e-01
-5.151e-01
-5.151e-01
-5.151e-01
-5.151e-01
-5.151e-01
-5.151e-01
-5.151e-01
-5.151e-01
-5.151e-01
-5.150e-01
-5.154e-01
-5.128e-01
-5.030e-01
-5.251e-01
-5.165e-01
-5.151e-01
-5.151e-01
-5.151e-01
-5.151e-01
-5.151e-01
-5.151e-01
-5.151e-01
-5.151e-01
-5.151e-01
-5.151e-01
-5.151e-01
-5.151e-01
-5.151e-01
-5.151e-01
-5.151e-01
-5.150e-01
-5.154e-01
-5.128e-01
-5.030e-01
-5.251e-01
-5.165e-01
-5.151e-01
-5.151e-01
-5.151e-01
-5.151e-01
-5.151e-01
-5.151e-01
-5.151e-01
-5.151e-01
-5.151e-01
-5.151e-01
-5.151e-01
-5.151e-01
-5.151e-01
-5.151e-01
-5.151e-01
-5.150e-01
-5.154e-01
-5.128e-01
-5.030e-01
-5.251e-01
-5.165e-01
-5.151e-01
-5.151e-01
-5.151e-01
-5.151e-01
-5.151e-01
-5.151e-01
-5.151e-01
-5.151e-01
-5.151e-01
-5.151e-01
-5.151e-01
-5.151e-01
-5.151e-01
-5.151e-01
-5.151e-01
-5.150e-01
-5.154e-01
-5.128e-01
-5.030e-01
-5.251e-01
-5.165e-01
-5.151e-01
-5.151e-01
-5.151e-01
-5.151e-01
-5.151e-01
-5.151e-01
-5.151e-01
-5.151e-01
-5.151e-01
-5.151e-01
-5.151e-01
-5.151e-01
-5.151e-01
-5.151e-01
-5.151e-01
-5.150e-01
-5.154e-01
-5.128e-01
-5.030e-01
-5.251e-01
-5.165e-01
-5.151e-01
-5.151e-01
-5.151e-01
-5.151e-01
-5.151e-01
-5.151e-01
-5.151e-01
-5.151e-01
-5.151e-01
-5.151e-01
-5.151e-01
-5.151e-01
-5.151e-01
-5.151e-01
-5.151e-01
-5.150e-01
-5.154e-01
-5.128e-01
-5.030e-01
-5.251e-01
-5.165e-01
-5.151e-01
-5.151e-01
-5.151e-01
-5.151e-01
-5.151e-01
-5.151e-01
-5.151e-01
-5.151e-01
-5.151e-01
-5.151e-01
-5.151e-01
-5.151e-01
-5.151e-01
-5.151e-01
-5.151e-01
-5.150e-01
-5.154e-01
-5.128e-01
-5.030e-01
-5.251e-01
-5.165e-01
-5.151e-01
-5.151e-01
-5.151e-01
-5.151e-01
-5.151e-01
-5.151e-01
-5.151e-01
-5.151e-01
-5.151e-01
-5.151e-01
-5.151e-01
-5.151e-01
-5.151e-01
-5.151e-01
-5.151e-01
-5.150e-01
-5.154e-01
-5.128e-01
-5.030e-01
-5.251e-01
-5.165e-01
-5.151e-01
-5.151e-01
-5.151e-01
-5.151e-01
-5.151e-01
-5.151e-01
-5.151e-01
-5.151e-01
-5.151e-01
-5.151e-01
-5.151e-01
-5.151e-01
-5.151e-01
-5.151e-01
-5.151e-01
-5.150e-01
-5.154e-01
-5.128e-01
-5.030e-01
-5.251e-01
-5.165e-01
-5.151e-01
-5.151e-01
-5.151e-01
-5.151e-01
-5.151e-01
-5.151e-01
-5.151e-01
-5.151e-01
-5.151e-01
-5.151e-01
-5.151e-01
-5.151e-01
-5.151e-01
-5.151e-01
-5.151e-01
-5.150e-01
-5.154e-01
-5.128e-01
-5.030e-01
-5.251e-01
-5.165e-01
-5.151e-01
-5.151e-01
-5.151e-01
-5.151e-01
-5.151e-01
-5.151e-01
-5.151e-01
-5.151e-01
-5.151e-01
-5.151e-01
-5.151e-01
-5.151e-01
-5.151e-01
-5.151e-01
-5.151e-01
-5.150e-01
-5.154e-01
-5.128e-01
-5.030e-01
-5.251e-01
-5.165e-01
-5.151e-01
-5.151e-01
-5.151e-01
-5.151e-01
-5.151e-01
-5.151e-01
-5.151e-01
-5.151e-01
-5.151e-01
-5.151e-01
-5.151e-01
-5.151e-01
-5.151e-01
-5.151e-01
-5.150e-01
-5.150e-01
-5.154e-01
-5.128e-01
-5.030e-01
-5.252e-01
-5.165e-01
-5.151e-01
-5.150e-01
-5.150e-01
-5.150e-01
-5.150e-01
-5.150e-01
-5.150e-01
-5.150e-01
-5.150e-01
-5.150e-01
-5.150e-01
-5.150e-01
-5.150e-01
-5.150e-01
-5.150e-01
-5.150e-01
-5.154e-01
-5.128e-01
-5.030e-01
-5.255e-01
-5.167e-01
-5.155e-01
-5.154e-01
-5.154e-01
-5.154e-01
-5.154e-01
-5.154e-01
-5.154e-01
-5.154e-01
-5.154e-01
-5.154e-01
-5.154e-01
-5.154e-01
-5.154e-01
-5.154e-01
-5.154e-01
-5.154e-01
-5.156e-01
-5.130e-01
-5.031e-01
-5.221e-01
-5.142e-01
-5.129e-01
-5.129e-01
-5.129e-01
-5.128e-01
-5.128e-01
-5.128e-01
-5.128e-01
-5.128e-01
-5.128e-01
-5.128e-01
-5.128e-01
-5.128e-01
-5.128e-01
-5.130e-01
-5.130e-01
-5.128e-01
-5.131e-01
-5.110e-01
-5.025e-01
-5.137e-01
-5.069e-01
-5.041e-01
-5.039e-01
-5.039e-01
-5.039e-01
-5.039e-01
-5.039e-01
-5.039e-01
-5.039e-01
-5.039e-01
-5.039e-01
-5.039e-01
-5.039e-01
-5.039e-01
-5.039e-01
-5.039e-01
-5.039e-01
-5.040e-01
-5.031e-01
-4.984e-01
-5.734e-01
-5.749e-01
-5.747e-01
-5.747e-01
-5.747e-01
-5.747e-01
-5.747e-01
-5.747e-01
-5.747e-01
-5.747e-01
-5.747e-01
-5.747e-01
-5.747e-01
-5.747e-01
-5.747e-01
-5.747e-01
-5.747e-01
-5.748e-01
-5.747e-01
-5.705e-01
-5.756e-01
-5.760e-01
-5.806e-01
-5.804e-01
-5.805e-01
-5.805e-01
-5.805e-01
-5.805e-01
-5.805e-01
-5.805e-01
-5.805e-01
-5.805e-01
-5.805e-01
-5.805e-01
-5.805e-01
-5.805e-01
-5.805e-01
-5.805e-01
-5.804e-01
-5.804e-01
-5.775e-01
-5.850e-01
-5.761e-01
-5.808e-01
-5.804e-01
-5.804e-01
-5.804e-01
-5.804e-01
-5.804e-01
-5.804e-01
-5.804e-01
-5.804e-01
-5.804e-01
-5.804e-01
-5.804e-01
-5.804e-01
-5.804e-01
-5.804e-01
-5.803e-01
-5.804e-01
-5.803e-01
-5.773e-01
-5.846e-01
-5.760e-01
-5.808e-01
-5.804e-01
-5.802e-01
-5.802e-01
-5.802e-01
-5.802e-01
-5.802e-01
-5.802e-01
-5.802e-01
-5.802e-01
-5.802e-01
-5.802e-01
-5.802e-01
-5.802e-01
-5.802e-01
-5.802e-01
-5.802e-01
-5.802e-01
-5.773e-01
-5.843e-01
-5.760e-01
-5.808e-01
-5.804e-01
-5.802e-01
-5.802e-01
-5.802e-01
-5.802e-01
-5.802e-01
-5.802e-01
-5.802e-01
-5.802e-01
-5.802e-01
-5.802e-01
-5.802e-01
-5.802e-01
-5.802e-01
-5.802e-01
-5.801e-01
-5.802e-01
-5.773e-01
-5.843e-01
-5.760e-01
-5.808e-01
-5.804e-01
-5.802e-01
-5.802e-01
-5.802e-01
-5.802e-01
-5.802e-01
-5.802e-01
-5.802e-01
-5.802e-01
-5.802e-01
-5.802e-01
-5.802e-01
-5.802e-01
-5.802e-01
-5.802e-01
-5.802e-01
-5.802e-01
-5.773e-01
-5.843e-01
-5.760e-01
-5.808e-01
-5.804e-01
-5.802e-01
-5.802e-01
-5.802e-01
-5.802e-01
-5.802e-01
-5.802e-01
-5.802e-01
-5.802e-01
-5.802e-01
-5.802e-01
-5.802e-01
-5.802e-01
-5.802e-01
-5.802e-01
-5.803e-01
-5.802e-01
-5.773e-01
-5.843e-01
-5.760e-01
-5.808e-01
-5.804e-01
-5.802e-01
-5.802e-01
-5.802e-01
-5.802e-01
-5.802e-01
-5.802e-01
-5.802e-01
-5.802e-01
-5.802e-01
-5.802e-01
-5.802e-01
-5.802e-01
-5.802e-01
-5.802e-01
-5.803e-01
-5.802e-01
-5.773e-01
-5.843e-01
-5.760e-01
-5.808e-01
-5.804e-01
-5.802e-01
-5.802e-01
-5.802e-01
-5.802e-01
-5.802e-01
-5.802e-01
-5.802e-01
-5.802e-01
-5.802e-01
-5.802e-01
-5.802e-01
-5.802e-01
-5.802e-01
-5.802e-01
-5.803e-01
-5.802e-01
-5.773e-01
-5.843e-01
-5.760e-01
-5.808e-01
-5.804e-01
-5.802e-01
-5.802e-01
-5.802e-01
-5.802e-01
-5.802e-01
-5.802e-01
-5.802e-01
-5.802e-01
-5.802e-01
-5.802e-01
-5.802e-01
-5.802e-01
-5.802e-01
-5.802e-01
-5.803e-01
-5.802e-01
-5.773e-01
-5.843e-01
-5.760e-01
-5.808e-01
-5.804e-01
-5.802e-01
-5.802e-01
-5.802e-01
-5.802e-01
-5.802e-01
-5.802e-01
-5.802e-01
-5.802e-01
-5.802e-01
-5.802e-01
-5.802e-01
-5.802e-01
-5.802e-01
-5.802e-01
-5.803e-01
-5.802e-01
-5.773e-01
-5.843e-01
-5.760e-01
-5.808e-01
-5.804e-01
-5.802e-01
-5.802e-01
-5.802e-01
-5.802e-01
-5.802e-01
-5.802e-01
-5.802e-01
-5.802e-01
-5.802e-01
-5.802e-01
-5.802e-01
-5.802e-01
-5.802e-01
-5.802e-01
-5.803e-01
-5.802e-01
-5.773e-01
-5.843e-01
-5.760e-01
-5.808e-01
-5.804e-01
-5.802e-01
-5.802e-01
-5.802e-01
-5.802e-01
-5.802e-01
-5.802e-01
-5.802e-01
-5.802e-01
-5.802e-01
-5.802e-01
-5.802e-01
-5.802e-01
-5.802e-01
-5.802e-01
-5.803e-01
-5.802e-01
-5.773e-01
-5.843e-01
-5.760e-01
-5.808e-01
-5.804e-01
-5.802e-01
-5.802e-01
-5.802e-01
-5.802e-01
-5.802e-01
-5.802e-01
-5.802e-01
-5.802e-01
-5.802e-01
-5.802e-01
-5.802e-01
-5.802e-01
-5.802e-01
-5.802e-01
-5.803e-01
-5.802e-01
-5.773e-01
-5.843e-01
-5.760e-01
-5.808e-01
-5.804e-01
-5.802e-01
-5.802e-01
-5.802e-01
-5.802e-01
-5.802e-01
-5.802e-01
-5.802e-01
-5.802e-01
-5.802e-01
-5.802e-01
-5.802e-01
-5.802e-01
-5.802e-01
-5.802e-01
-5.802e-01
-5.802e-01
-5.773e-01
-5.843e-01
-5.760e-01
-5.808e-01
-5.804e-01
-5.802e-01
-5.802e-01
-5.802e-01
-5.802e-01
-5.802e-01
-5.802e-01
-5.802e-01
-5.802e-01
-5.802e-01
-5.802e-01
-5.802e-01
-5.802e-01
-5.802e-01
-5.802e-01
-5.803e-01
-5.802e-01
-5.773e-01
-5.843e-01
-5.760e-01
-5.808e-01
-5.804e-01
-5.802e-01
-5.802e-01
-5.802e-01
-5.802e-01
-5.802e-01
-5.802e-01
-5.802e-01
-5.802e-01
-5.802e-01
-5.802e-01
-5.802e-01
-5.802e-01
-5.802e-01
-5.801e-01
-5.802e-01
-5.802e-01
-5.773e-01
-5.843e-01
-5.762e-01
-5.809e-01
-5.804e-01
-5.802e-01
-5.802e-01
-5.802e-01
-5.802e-01
-5.802e-01
-5.802e-01
-5.802e-01
-5.802e-01
-5.802e-01
-5.802e-01
-5.802e-01
-5.802e-01
-5.802e-01
-5.802e-01
-5.803e-01
-5.802e-01
-5.773e-01
-5.843e-01
-5.759e-01
-5.807e-01
-5.803e-01
-5.802e-01
-5.801e-01
-5.801e-01
-5.801e-01
-5.801e-01
-5.801e-01
-5.801e-01
-5.801e-01
-5.801e-01
-5.801e-01
-5.801e-01
-5.801e-01
-5.801e-01
-5.801e-01
-5.802e-01
-5.800e-01
-5.772e-01
-5.844e-01
-5.725e-01
-5.781e-01
-5.776e-01
-5.775e-01
-5.775e-01
-5.774e-01
-5.774e-01
-5.774e-01
-5.774e-01
-5.774e-01
-5.774e-01
-5.774e-01
-5.774e-01
-5.774e-01
-5.774e-01
-5.775e-01
-5.775e-01
-5.774e-01
-5.775e-01
-5.753e-01
-5.834e-01
-5.774e-01
-5.870e-01
-5.861e-01
-5.857e-01
-5.857e-01
-5.857e-01
-5.857e-01
-5.857e-01
-5.857e-01
-5.857e-01
-5.857e-01
-5.857e-01
-5.857e-01
-5.857e-01
-5.857e-01
-5.857e-01
-5.857e-01
-5.858e-01
-5.858e-01
-5.845e-01
-5.909e-01
-7.235e-01
-7.417e-01
-7.425e-01
-7.425e-01
-7.425e-01
-7.425e-01
-7.425e-01
-7.425e-01
-7.425e-01
-7.425e-01
-7.425e-01
-7.425e-01
-7.425e-01
-7.425e-01
-7.425e-01
-7.425e-01
-7.425e-01
-7.427e-01
-7.409e-01
-7.412e-01
-7.873e-01
-7.429e-01
-7.842e-01
-7.877e-01
-7.879e-01
-7.880e-01
-7.880e-01
-7.880e-01
-7.880e-01
-7.880e-01
-7.880e-01
-7.880e-01
-7.880e-01
-7.880e-01
-7.880e-01
-7.880e-01
-7.879e-01
-7.880e-01
-7.880e-01
-7.866e-01
-7.887e-01
-8.563e-01
-7.440e-01
-7.882e-01
-7.931e-01
-7.934e-01
-7.934e-01
-7.934e-01
-7.934e-01
-7.934e-01
-7.934e-01
-7.934e-01
-7.934e-01
-7.934e-01
-7.934e-01
-7.934e-01
-7.934e-01
-7.934e-01
-7.934e-01
-7.935e-01
-7.918e-01
-7.944e-01
-8.691e-01
-7.440e-01
-7.884e-01
-7.934e-01
-7.937e-01
-7.937e-01
-7.937e-01
-7.937e-01
-7.937e-01
-7.937e-01
-7.937e-01
-7.937e-01
-7.937e-01
-7.937e-01
-7.937e-01
-7.937e-01
-7.937e-01
-7.937e-01
-7.937e-01
-7.921e-01
-7.947e-01
-8.700e-01
-7.440e-01
-7.884e-01
-7.935e-01
-7.937e-01
-7.937e-01
-7.937e-01
-7.937e-01
-7.937e-01
-7.937e-01
-7.937e-01
-7.937e-01
-7.937e-01
-7.937e-01
-7.937e-01
-7.937e-01
-7.937e-01
-7.937e-01
-7.936e-01
-7.921e-01
-7.947e-01
-8.700e-01
-7.440e-01
-7.884e-01
-7.935e-01
-7.937e-01
-7.937e-01
-7.937e-01
-7.937e-01
-7.937e-01
-7.937e-01
-7.937e-01
-7.937e-01
-7.937e-01
-7.937e-01
-7.937e-01
-7.937e-01
-7.937e-01
-7.937e-01
-7.938e-01
-7.921e-01
-7.947e-01
-8.700e-01
-7.440e-01
-7.884e-01
-7.935e-01
-7.937e-01
-7.937e-01
-7.937e-01
-7.937e-01
-7.937e-01
-7.937e-01
-7.937e-01
-7.937e-01
-7.937e-01
-7.937e-01
-7.937e-01
-7.937e-01
-7.937e-01
-7.937e-01
-7.938e-01
-7.921e-01
-7.947e-01
-8.700e-01
-7.440e-01
-7.884e-01
-7.935e-01
-7.937e-01
-7.937e-01
-7.937e-01
-7.937e-01
-7.937e-01
-7.937e-01
-7.937e-01
-7.937e-01
-7.937e-01
-7.937e-01
-7.937e-01
-7.937e-01
-7.937e-01
-7.937e-01
-7.938e-01
-7.921e-01
-7.947e-01
-8.700e-01
-7.440e-01
-7.884e-01
-7.935e-01
-7.937e-01
-7.937e-01
-7.937e-01
-7.937e-01
-7.937e-01
-7.937e-01
-7.937e-01
-7.937e-01
-7.937e-01
-7.937e-01
-7.937e-01
-7.937e-01
-7.937e-01
-7.937e-01
-7.938e-01
-7.921e-01
-7.947e-01
-8.700e-01
-7.440e-01
-7.884e-01
-7.935e-01
-7.937e-01
-7.937e-01
-7.937e-01
-7.937e-01
-7.937e-01
-7.937e-01
-7.937e-01
-7.937e-01
-7.937e-01
-7.937e-01
-7.937e-01
-7.937e-01
-7.937e-01
-7.937e-01
-7.938e-01
-7.921e-01
-7.947e-01
-8.700e-01
-7.440e-01
-7.884e-01
-7.935e-01
-7.937e-01
-7.937e-01
-7.937e-01
-7.937e-01
-7.937e-01
-7.937e-01
-7.937e-01
-7.937e-01
-7.937e-01
-7.937e-01
-7.937e-01
-7.937e-01
-7.937e-01
-7.937e-01
-7.938e-01
-7.921e-01
-7.947e-01
-8.700e-01
-7.440e-01
-7.884e-01
-7.935e-01
-7.937e-01
-7.937e-01
-7.937e-01
-7.937e-01
-7.937e-01
-7.937e-01
-7.937e-01
-7.937e-01
-7.937e-01
-7.937e-01
-7.937e-01
-7.937e-01
-7.937e-01
-7.937e-01
-7.938e-01
-7.921e-01
-7.947e-01
-8.700e-01
-7.440e-01
-7.884e-01
-7.935e-01
-7.937e-01
-7.937e-01
-7.937e-01
-7.937e-01
-7.937e-01
-7.937e-01
-7.937e-01
-7.937e-01
-7.937e-01
-7.937e-01
-7.937e-01
-7.937e-01
-7.937e-01
-7.937e-01
-7.938e-01
-7.921e-01
-7.947e-01
-8.700e-01
-7.440e-01
-7.884e-01
-7.935e-01
-7.937e-01
-7.937e-01
-7.937e-01
-7.937e-01
-7.937e-01
-7.937e-01
-7.937e-01
-7.937e-01
-7.937e-01
-7.937e-01
-7.937e-01
-7.937e-01
-7.937e-01
-7.937e-01
-7.938e-01
-7.921e-01
-7.947e-01
-8.700e-01
-7.440e-01
-7.884e-01
-7.935e-01
-7.937e-01
-7.937e-01
-7.937e-01
-7.937e-01
-7.937e-01
-7.937e-01
-7.937e-01
-7.937e-01
-7.937e-01
-7.937e-01
-7.937e-01
-7.937e-01
-7.937e-01
-7.937e-01
-7.937e-01
-7.921e-01
-7.947e-01
-8.700e-01
-7.440e-01
-7.884e-01
-7.935e-01
-7.937e-01
-7.937e-01
-7.937e-01
-7.937e-01
-7.937e-01
-7.937e-01
-7.937e-01
-7.937e-01
-7.937e-01
-7.937e-01
-7.937e-01
-7.937e-01
-7.937e-01
-7.937e-01
-7.938e-01
-7.921e-01
-7.947e-01
-8.700e-01
-7.440e-01
-7.885e-01
-7.935e-01
-7.937e-01
-7.937e-01
-7.937e-01
-7.937e-01
-7.937e-01
-7.937e-01
-7.937e-01
-7.937e-01
-7.937e-01
-7.937e-01
-7.937e-01
-7.937e-01
-7.937e-01
-7.936e-01
-7.938e-01
-7.921e-01
-7.947e-01
-8.700e-01
-7.441e-01
-7.885e-01
-7.935e-01
-7.937e-01
-7.937e-01
-7.937e-01
-7.937e-01
-7.937e-01
-7.937e-01
-7.937e-01
-7.937e-01
-7.937e-01
-7.937e-01
-7.937e-01
-7.937e-01
-7.937e-01
-7.938e-01
-7.939e-01
-7.922e-01
-7.948e-01
-8.700e-01
-7.423e-01
-7.870e-01
-7.918e-01
-7.921e-01
-7.921e-01
-7.921e-01
-7.921e-01
-7.921e-01
-7.921e-01
-7.921e-01
-7.921e-01
-7.921e-01
-7.921e-01
-7.921e-01
-7.921e-01
-7.921e-01
-7.921e-01
-7.921e-01
-7.906e-01
-7.939e-01
-8.696e-01
-7.440e-01
-7.901e-01
-7.954e-01
-7.957e-01
-7.957e-01
-7.956e-01
-7.956e-01
-7.956e-01
-7.956e-01
-7.956e-01
-7.956e-01
-7.956e-01
-7.956e-01
-7.956e-01
-7.956e-01
-7.957e-01
-7.957e-01
-7.956e-01
-7.947e-01
-7.980e-01
-8.735e-01
-7.907e-01
-8.600e-01
-8.724e-01
-8.731e-01
-8.731e-01
-8.731e-01
-8.731e-01
-8.731e-01
-8.731e-01
-8.731e-01
-8.731e-01
-8.731e-01
-8.731e-01
-8.731e-01
-8.731e-01
-8.731e-01
-8.732e-01
-8.732e-01
-8.727e-01
-8.755e-01
-9.345e-01
-1.095e+00
-1.136e+00
-1.137e+00
-1.137e+00
-1.137e+00
-1.137e+00
-1.137e+00
-1.137e+00
-1.137e+00
-1.137e+00
-1.137e+00
-1.137e+00
-1.137e+00
-1.137e+00
-1.137e+00
-1.137e+00
-1.137e+00
-1.137e+00
-1.137e+00
-1.160e+00
-1.214e+00
-1.136e+00
-1.190e+00
-1.193e+00
-1.193e+00
-1.193e+00
-1.193e+00
-1.193e+00
-1.193e+00
-1.193e+00
-1.193e+00
-1.193e+00
-1.193e+00
-1.193e+00
-1.193e+00
-1.193e+00
-1.193e+00
-1.193e+00
-1.193e+00
-1.194e+00
-1.209e+00
-1.240e+00
-1.138e+00
-1.193e+00
-1.199e+00
-1.199e+00
-1.199e+00
-1.199e+00
-1.199e+00
-1.199e+00
-1.199e+00
-1.199e+00
-1.199e+00
-1.199e+00
-1.199e+00
-1.199e+00
-1.199e+00
-1.199e+00
-1.199e+00
-1.199e+00
-1.198e+00
-1.215e+00
-1.245e+00
-1.138e+00
-1.193e+00
-1.199e+00
-1.199e+00
-1.199e+00
-1.199e+00
-1.199e+00
-1.199e+00
-1.199e+00
-1.199e+00
-1.199e+00
-1.199e+00
-1.199e+00
-1.199e+00
-1.199e+00
-1.199e+00
-1.199e+00
-1.199e+00
-1.199e+00
-1.215e+00
-1.245e+00
-1.138e+00
-1.193e+00
-1.199e+00
-1.199e+00
-1.199e+00
-1.199e+00
-1.199e+00
-1.199e+00
-1.199e+00
-1.199e+00
-1.199e+00
-1.199e+00
-1.199e+00
-1.199e+00
-1.199e+00
-1.199e+00
-1.199e+00
-1.199e+00
-1.199e+00
-1.215e+00
-1.245e+00
-1.138e+00
-1.193e+00
-1.199e+00
-1.199e+00
-1.199e+00
-1.199e+00
-1.199e+00
-1.199e+00
-1.199e+00
-1.199e+00
-1.199e+00
-1.199e+00
-1.199e+00
-1.199e+00
-1.199e+00
-1.199e+00
-1.199e+00
-1.199e+00
-1.199e+00
-1.215e+00
-1.245e+00
-1.138e+00
-1.193e+00
-1.199e+00
-1.199e+00
-1.199e+00
-1.199e+00
-1.199e+00
-1.199e+00
-1.199e+00
-1.199e+00
-1.199e+00
-1.199e+00
-1.199e+00
-1.199e+00
-1.199e+00
-1.199e+00
-1.199e+00
-1.199e+00
-1.199e+00
-1.215e+00
-1.245e+00
-1.138e+00
-1.193e+00
-1.199e+00
-1.199e+00
-1.199e+00
-1.199e+00
-1.199e+00
-1.199e+00
-1.199e+00
-1.199e+00
-1.199e+00
-1.199e+00
-1.199e+00
-1.199e+00
-1.199e+00
-1.199e+00
-1.199e+00
-1.199e+00
-1.199e+00
-1.215e+00
-1.245e+00
-1.138e+00
-1.193e+00
-1.199e+00
-1.199e+00
-1.199e+00
-1.199e+00
-1.199e+00
-1.199e+00
-1.199e+00
-1.199e+00
-1.199e+00
-1.199e+00
-1.199e+00
-1.199e+00
-1.199e+00
-1.199e+00
-1.199e+00
-1.199e+00
-1.199e+00
-1.215e+00
-1.245e+00
-1.138e+00
-1.193e+00
-1.199e+00
-1.199e+00
-1.199e+00
-1.199e+00
-1.199e+00
-1.199e+00
-1.199e+00
-1.199e+00
-1.199e+00
-1.199e+00
-1.199e+00
-1.199e+00
-1.199e+00
-1.199e+00
-1.199e+00
-1.199e+00
-1.199e+00
-1.215e+00
-1.245e+00
-1.138e+00
-1.193e+00
-1.199e+00
-1.199e+00
-1.199e+00
-1.199e+00
-1.199e+00
-1.199e+00
-1.199e+00
-1.199e+00
-1.199e+00
-1.199e+00
-1.199e+00
-1.199e+00
-1.199e+00
-1.199e+00
-1.199e+00
-1.199e+00
-1.199e+00
-1.215e+00
-1.245e+00
-1.138e+00
-1.193e+00
-1.199e+00
-1.199e+00
-1.199e+00
-1.199e+00
-1.199e+00
-1.199e+00
-1.199e+00
-1.199e+00
-1.199e+00
-1.199e+00
-1.199e+00
-1.199e+00
-1.199e+00
-1.199e+00
-1.199e+00
-1.199e+00
-1.199e+00
-1.215e+00
-1.245e+00
-1.138e+00
-1.193e+00
-1.199e+00
-1.199e+00
-1.199e+00
-1.199e+00
-1.199e+00
-1.199e+00
-1.199e+00
-1.199e+00
-1.199e+00
-1.199e+00
-1.199e+00
-1.199e+00
-1.199e+00
-1.199e+00
-1.199e+00
-1.199e+00
-1.199e+00
-1.215e+00
-1.245e+00
-1.138e+00
-1.193e+00
-1.199e+00
-1.199e+00
-1.199e+00
-1.199e+00
-1.199e+00
-1.199e+00
-1.199e+00
-1.199e+00
-1.199e+00
-1.199e+00
-1.199e+00
-1.199e+00
-1.199e+00
-1.199e+00
-1.199e+00
-1.199e+00
-1.199e+00
-1.215e+00
-1.245e+00
-1.138e+00
-1.193e+00
-1.199e+00
-1.199e+00
-1.199e+00
-1.199e+00
-1.199e+00
-1.199e+00
-1.199e+00
-1.199e+00
-1.199e+00
-1.199e+00
-1.199e+00
-1.199e+00
-1.199e+00
-1.199e+00
-1.199e+00
-1.199e+00
-1.199e+00
-1.215e+00
-1.245e+00
-1.138e+00
-1.193e+00
-1.199e+00
-1.199e+00
-1.199e+00
-1.199e+00
-1.199e+00
-1.199e+00
-1.199e+00
-1.199e+00
-1.199e+00
-1.199e+00
-1.199e+00
-1.199e+00
-1.199e+00
-1.199e+00
-1.199e+00
-1.199e+00
-1.199e+00
-1.215e+00
-1.245e+00
-1.138e+00
-1.193e+00
-1.199e+00
-1.199e+00
-1.199e+00
-1.199e+00
-1.199e+00
-1.199e+00
-1.199e+00
-1.199e+00
-1.199e+00
-1.199e+00
-1.199e+00
-1.199e+00
-1.199e+00
-1.199e+00
-1.199e+00
-1.199e+00
-1.199e+00
-1.215e+00
-1.245e+00
-1.137e+00
-1.193e+00
-1.199e+00
-1.199e+00
-1.199e+00
-1.199e+00
-1.199e+00
-1.199e+00
-1.199e+00
-1.199e+00
-1.199e+00
-1.199e+00
-1.199e+00
-1.199e+00
-1.199e+00
-1.199e+00
-1.199e+00
-1.199e+00
-1.198e+00
-1.215e+00
-1.245e+00
-1.138e+00
-1.194e+00
-1.198e+00
-1.199e+00
-1.199e+00
-1.199e+00
-1.199e+00
-1.199e+00
-1.199e+00
-1.199e+00
-1.199e+00
-1.199e+00
-1.199e+00
-1.199e+00
-1.199e+00
-1.199e+00
-1.199e+00
-1.199e+00
-1.198e+00
-1.216e+00
-1.246e+00
-1.163e+00
-1.211e+00
-1.216e+00
-1.216e+00
-1.216e+00
-1.216e+00
-1.216e+00
-1.216e+00
-1.216e+00
-1.216e+00
-1.216e+00
-1.216e+00
-1.216e+00
-1.216e+00
-1.216e+00
-1.216e+00
-1.216e+00
-1.216e+00
-1.216e+00
-1.227e+00
-1.250e+00
-1.216e+00
-1.241e+00
-1.248e+00
-1.248e+00
-1.248e+00
-1.248e+00
-1.248e+00
-1.248e+00
-1.248e+00
-1.248e+00
-1.248e+00
-1.248e+00
-1.248e+00
-1.248e+00
-1.248e+00
-1.248e+00
-1.248e+00
-1.248e+00
-1.248e+00
-1.250e+00
-1.258e+00
-1.276e+00
-1.276e+00
-1.276e+00
-1.276e+00
-1.276e+00
-1.276e+00
-1.276e+00
-1.276e+00
-1.276e+00
-1.276e+00
-1.276e+00
-1.276e+00
-1.276e+00
-1.276e+00
-1.276e+00
-1.276e+00
-1.276e+00
-1.276e+00
-1.277e+00
-1.279e+00
-1.280e+00
-1.276e+00
-1.277e+00
-1.278e+00
-1.278e+00
-1.278e+00
-1.278e+00
-1.278e+00
-1.278e+00
-1.278e+00
-1.278e+00
-1.278e+00
-1.278e+00
-1.278e+00
-1.278e+00
-1.278e+00
-1.278e+00
-1.278e+00
-1.278e+00
-1.278e+00
-1.280e+00
-1.279e+00
-1.277e+00
-1.277e+00
-1.278e+00
-1.278e+00
-1.278e+00
-1.278e+00
-1.278e+00
-1.278e+00
-1.278e+00
-1.278e+00
-1.278e+00
-1.278e+00
-1.278e+00
-1.278e+00
-1.278e+00
-1.278e+00
-1.278e+00
-1.278e+00
-1.278e+00
-1.280e+00
-1.279e+00
-1.277e+00
-1.277e+00
-1.278e+00
-1.278e+00
-1.278e+00
-1.278e+00
-1.278e+00
-1.278e+00
-1.278e+00
-1.278e+00
-1.278e+00
-1.278e+00
-1.278e+00
-1.278e+00
-1.278e+00
-1.278e+00
-1.278e+00
-1.278e+00
-1.278e+00
-1.280e+00
-1.279e+00
-1.277e+00
-1.277e+00
-1.278e+00
-1.278e+00
-1.278e+00
-1.278e+00
-1.278e+00
-1.278e+00
-1.278e+00
-1.278e+00
-1.278e+00
-1.278e+00
-1.278e+00
-1.278e+00
-1.278e+00
-1.278e+00
-1.278e+00
-1.278e+00
-1.278e+00
-1.280e+00
-1.279e+00
-1.277e+00
-1.277e+00
-1.278e+00
-1.278e+00
-1.278e+00
-1.278e+00
-1.278e+00
-1.278e+00
-1.278e+00
-1.278e+00
-1.278e+00
-1.278e+00
-1.278e+00
-1.278e+00
-1.278e+00
-1.278e+00
-1.278e+00
-1.278e+00
-1.278e+00
-1.280e+00
-1.279e+00
-1.277e+00
-1.277e+00
-1.278e+00
-1.278e+00
-1.278e+00
-1.278e+00
-1.278e+00
-1.278e+00
-1.278e+00
-1.278e+00
-1.278e+00
-1.278e+00
-1.278e+00
-1.278e+00
-1.278e+00
-1.278e+00
-1.278e+00
-1.278e+00
-1.278e+00
-1.280e+00
-1.279e+00
-1.277e+00
-1.277e+00
-1.278e+00
-1.278e+00
-1.278e+00
-1.278e+00
-1.278e+00
-1.278e+00
-1.278e+00
-1.278e+00
-1.278e+00
-1.278e+00
-1.278e+00
-1.278e+00
-1.278e+00
-1.278e+00
-1.278e+00
-1.278e+00
-1.278e+00
-1.280e+00
-1.279e+00
-1.277e+00
-1.277e+00
-1.278e+00
-1.278e+00
-1.278e+00
-1.278e+00
-1.278e+00
-1.278e+00
-1.278e+00
-1.278e+00
-1.278e+00
-1.278e+00
-1.278e+00
-1.278e+00
-1.278e+00
-1.278e+00
-1.278e+00
-1.278e+00
-1.278e+00
-1.280e+00
-1.279e+00
-1.277e+00
-1.277e+00
-1.278e+00
-1.278e+00
-1.278e+00
-1.278e+00
-1.278e+00
-1.278e+00
-1.278e+00
-1.278e+00
-1.278e+00
-1.278e+00
-1.278e+00
-1.278e+00
-1.278e+00
-1.278e+00
-1.278e+00
-1.278e+00
-1.278e+00
-1.280e+00
-1.279e+00
-1.277e+00
-1.277e+00
-1.278e+00
-1.278e+00
-1.278e+00
-1.278e+00
-1.278e+00
-1.278e+00
-1.278e+00
-1.278e+00
-1.278e+00
-1.278e+00
-1.278e+00
-1.278e+00
-1.278e+00
-1.278e+00
-1.278e+00
-1.278e+00
-1.278e+00
-1.280e+00
-1.279e+00
-1.277e+00
-1.277e+00
-1.278e+00
-1.278e+00
-1.278e+00
-1.278e+00
-1.278e+00
-1.278e+00
-1.278e+00
-1.278e+00
-1.278e+00
-1.278e+00
-1.278e+00
-1.278e+00
-1.278e+00
-1.278e+00
-1.278e+00
-1.278e+00
-1.278e+00
-1.280e+00
-1.279e+00
-1.277e+00
-1.277e+00
-1.278e+00
-1.278e+00
-1.278e+00
-1.278e+00
-1.278e+00
-1.278e+00
-1.278e+00
-1.278e+00
-1.278e+00
-1.278e+00
-1.278e+00
-1.278e+00
-1.278e+00
-1.278e+00
-1.278e+00
-1.278e+00
-1.278e+00
-1.280e+00
-1.279e+00
-1.277e+00
-1.277e+00
-1.278e+00
-1.278e+00
-1.278e+00
-1.278e+00
-1.278e+00
-1.278e+00
-1.278e+00
-1.278e+00
-1.278e+00
-1.278e+00
-1.278e+00
-1.278e+00
-1.278e+00
-1.278e+00
-1.278e+00
-1.278e+00
-1.278e+00
-1.280e+00
-1.279e+00
-1.277e+00
-1.277e+00
-1.278e+00
-1.278e+00
-1.278e+00
-1.278e+00
-1.278e+00
-1.278e+00
-1.278e+00
-1.278e+00
-1.278e+00
-1.278e+00
-1.278e+00
-1.278e+00
-1.278e+00
-1.278e+00
-1.278e+00
-1.278e+00
-1.278e+00
-1.280e+00
-1.279e+00
-1.277e+00
-1.277e+00
-1.278e+00
-1.278e+00
-1.278e+00
-1.278e+00
-1.278e+00
-1.278e+00
-1.278e+00
-1.278e+00
-1.278e+00
-1.278e+00
-1.278e+00
-1.278e+00
-1.278e+00
-1.278e+00
-1.278e+00
-1.278e+00
-1.278e+00
-1.280e+00
-1.279e+00
-1.277e+00
-1.277e+00
-1.278e+00
-1.278e+00
-1.278e+00
-1.278e+00
-1.278e+00
-1.278e+00
-1.278e+00
-1.278e+00
-1.278e+00
-1.278e+00
-1.278e+00
-1.278e+00
-1.278e+00
-1.278e+00
-1.278e+00
-1.278e+00
-1.278e+00
-1.280e+00
-1.279e+00
-1.276e+00
-1.277e+00
-1.278e+00
-1.278e+00
-1.278e+00
-1.278e+00
-1.278e+00
-1.278e+00
-1.278e+00
-1.278e+00
-1.278e+00
-1.278e+00
-1.278e+00
-1.278e+00
-1.278e+00
-1.278e+00
-1.278e+00
-1.278e+00
-1.278e+00
-1.280e+00
-1.279e+00
-1.277e+00
-1.278e+00
-1.278e+00
-1.278e+00
-1.278e+00
-1.278e+00
-1.278e+00
-1.278e+00
-1.278e+00
-1.278e+00
-1.278e+00
-1.278e+00
-1.278e+00
-1.278e+00
-1.278e+00
-1.278e+00
-1.278e+00
-1.278e+00
-1.278e+00
-1.280e+00
-1.279e+00
-1.279e+00
-1.280e+00
-1.280e+00
-1.280e+00
-1.280e+00
-1.280e+00
-1.280e+00
-1.280e+00
-1.280e+00
-1.280e+00
-1.280e+00
-1.280e+00
-1.280e+00
-1.280e+00
-1.280e+00
-1.280e+00
-1.280e+00
-1.280e+00
-1.280e+00
-1.280e+00
-1.279e+00
-1.280e+00
-1.279e+00
-1.279e+00
-1.279e+00
-1.279e+00
-1.279e+00
-1.279e+00
-1.279e+00
-1.279e+00
-1.279e+00
-1.279e+00
-1.279e+00
-1.279e+00
-1.279e+00
-1.279e+00
-1.279e+00
-1.279e+00
-1.279e+00
-1.279e+00
-1.279e+00
-1.279e+00
-1.287e+00
-1.260e+00
-1.260e+00
-1.260e+00
-1.260e+00
-1.260e+00
-1.260e+00
-1.260e+00
-1.260e+00
-1.260e+00
-1.260e+00
-1.260e+00
-1.260e+00
-1.260e+00
-1.260e+00
-1.260e+00
-1.260e+00
-1.260e+00
-1.260e+00
-1.260e+00
-1.217e+00
-1.260e+00
-1.217e+00
-1.217e+00
-1.217e+00
-1.217e+00
-1.217e+00
-1.217e+00
-1.217e+00
-1.217e+00
-1.217e+00
-1.217e+00
-1.217e+00
-1.217e+00
-1.217e+00
-1.217e+00
-1.217e+00
-1.217e+00
-1.217e+00
-1.217e+00
-1.217e+00
-1.188e+00
-1.260e+00
-1.217e+00
-1.217e+00
-1.217e+00
-1.217e+00
-1.217e+00
-1.217e+00
-1.217e+00
-1.217e+00
-1.217e+00
-1.217e+00
-1.217e+00
-1.217e+00
-1.217e+00
-1.217e+00
-1.217e+00
-1.217e+00
-1.217e+00
-1.217e+00
-1.217e+00
-1.188e+00
-1.260e+00
-1.217e+00
-1.217e+00
-1.217e+00
-1.217e+00
-1.217e+00
-1.217e+00
-1.217e+00
-1.217e+00
-1.217e+00
-1.217e+00
-1.217e+00
-1.217e+00
-1.217e+00
-1.217e+00
-1.217e+00
-1.217e+00
-1.217e+00
-1.217e+00
-1.217e+00
-1.188e+00
-1.260e+00
-1.217e+00
-1.217e+00
-1.217e+00
-1.217e+00
-1.217e+00
-1.217e+00
-1.217e+00
-1.217e+00
-1.217e+00
-1.217e+00
-1.217e+00
-1.217e+00
-1.217e+00
-1.217e+00
-1.217e+00
-1.217e+00
-1.217e+00
-1.217e+00
-1.217e+00
-1.188e+00
-1.260e+00
-1.217e+00
-1.217e+00
-1.217e+00
-1.217e+00
-1.217e+00
-1.217e+00
-1.217e+00
-1.217e+00
-1.217e+00
-1.217e+00
-1.217e+00
-1.217e+00
-1.217e+00
-1.217e+00
-1.217e+00
-1.217e+00
-1.217e+00
-1.217e+00
-1.217e+00
-1.188e+00
-1.260e+00
-1.217e+00
-1.217e+00
-1.217e+00
-1.217e+00
-1.217e+00
-1.217e+00
-1.217e+00
-1.217e+00
-1.217e+00
-1.217e+00
-1.217e+00
-1.217e+00
-1.217e+00
-1.217e+00
-1.217e+00
-1.217e+00
-1.217e+00
-1.217e+00
-1.217e+00
-1.188e+00
-1.260e+00
-1.217e+00
-1.217e+00
-1.217e+00
-1.217e+00
-1.217e+00
-1.217e+00
-1.217e+00
-1.217e+00
-1.217e+00
-1.217e+00
-1.217e+00
-1.217e+00
-1.217e+00
-1.217e+00
-1.217e+00
-1.217e+00
-1.217e+00
-1.217e+00
-1.217e+00
-1.188e+00
-1.260e+00
-1.217e+00
-1.217e+00
-1.217e+00
-1.217e+00
-1.217e+00
-1.217e+00
-1.217e+00
-1.217e+00
-1.217e+00
-1.217e+00
-1.217e+00
-1.217e+00
-1.217e+00
-1.217e+00
-1.217e+00
-1.217e+00
-1.217e+00
-1.217e+00
-1.217e+00
-1.188e+00
-1.260e+00
-1.217e+00
-1.217e+00
-1.217e+00
-1.217e+00
-1.217e+00
-1.217e+00
-1.217e+00
-1.217e+00
-1.217e+00
-1.217e+00
-1.217e+00
-1.217e+00
-1.217e+00
-1.217e+00
-1.217e+00
-1.217e+00
-1.217e+00
-1.217e+00
-1.217e+00
-1.188e+00
-1.260e+00
-1.217e+00
-1.217e+00
-1.217e+00
-1.217e+00
-1.217e+00
-1.217e+00
-1.217e+00
-1.217e+00
-1.217e+00
-1.217e+00
-1.217e+00
-1.217e+00
-1.217e+00
-1.217e+00
-1.217e+00
-1.217e+00
-1.217e+00
-1.217e+00
-1.217e+00
-1.188e+00
-1.260e+00
-1.217e+00
-1.217e+00
-1.217e+00
-1.217e+00
-1.217e+00
-1.217e+00
-1.217e+00
-1.217e+00
-1.217e+00
-1.217e+00
-1.217e+00
-1.217e+00
-1.217e+00
-1.217e+00
-1.217e+00
-1.217e+00
-1.217e+00
-1.217e+00
-1.217e+00
-1.188e+00
-1.260e+00
-1.217e+00
-1.217e+00
-1.217e+00
-1.217e+00
-1.217e+00
-1.217e+00
-1.217e+00
-1.217e+00
-1.217e+00
-1.217e+00
-1.217e+00
-1.217e+00
-1.217e+00
-1.217e+00
-1.217e+00
-1.217e+00
-1.217e+00
-1.217e+00
-1.217e+00
-1.188e+00
-1.260e+00
-1.217e+00
-1.217e+00
-1.217e+00
-1.217e+00
-1.217e+00
-1.217e+00
-1.217e+00
-1.217e+00
-1.217e+00
-1.217e+00
-1.217e+00
-1.217e+00
-1.217e+00
-1.217e+00
-1.217e+00
-1.217e+00
-1.217e+00
-1.217e+00
-1.217e+00
-1.188e+00
-1.260e+00
-1.217e+00
-1.217e+00
-1.217e+00
-1.217e+00
-1.217e+00
-1.217e+00
-1.217e+00
-1.217e+00
-1.217e+00
-1.217e+00
-1.217e+00
-1.217e+00
-1.217e+00
-1.217e+00
-1.217e+00
-1.217e+00
-1.217e+00
-1.217e+00
-1.217e+00
-1.188e+00
-1.260e+00
-1.217e+00
-1.217e+00
-1.217e+00
-1.217e+00
-1.217e+00
-1.217e+00
-1.217e+00
-1.217e+00
-1.217e+00
-1.217e+00
-1.217e+00
-1.217e+00
-1.217e+00
-1.217e+00
-1.217e+00
-1.217e+00
-1.217e+00
-1.217e+00
-1.217e+00
-1.188e+00
-1.260e+00
-1.217e+00
-1.217e+00
-1.217e+00
-1.217e+00
-1.217e+00
-1.217e+00
-1.217e+00
-1.217e+00
-1.217e+00
-1.217e+00
-1.217e+00
-1.217e+00
-1.217e+00
-1.217e+00
-1.217e+00
-1.217e+00
-1.217e+00
-1.217e+00
-1.217e+00
-1.188e+00
-1.260e+00
-1.217e+00
-1.217e+00
-1.217e+00
-1.217e+00
-1.217e+00
-1.217e+00
-1.217e+00
-1.217e+00
-1.217e+00
-1.217e+00
-1.217e+00
-1.217e+00
-1.217e+00
-1.217e+00
-1.217e+00
-1.217e+00
-1.217e+00
-1.217e+00
-1.217e+00
-1.188e+00
-1.260e+00
-1.217e+00
-1.217e+00
-1.217e+00
-1.217e+00
-1.217e+00
-1.217e+00
-1.217e+00
-1.217e+00
-1.217e+00
-1.217e+00
-1.217e+00
-1.217e+00
-1.217e+00
-1.217e+00
-1.217e+00
-1.217e+00
-1.217e+00
-1.217e+00
-1.217e+00
-1.188e+00
-1.260e+00
-1.217e+00
-1.217e+00
-1.217e+00
-1.217e+00
-1.217e+00
-1.217e+00
-1.217e+00
-1.217e+00
-1.217e+00
-1.217e+00
-1.217e+00
-1.217e+00
-1.217e+00
-1.217e+00
-1.217e+00
-1.217e+00
-1.217e+00
-1.217e+00
-1.217e+00
-1.188e+00
-1.217e+00
-1.188e+00
-1.188e+00
-1.188e+00
-1.188e+00
-1.188e+00
-1.188e+00
-1.188e+00
-1.188e+00
-1.188e+00
-1.188e+00
-1.188e+00
-1.188e+00
-1.188e+00
-1.188e+00
-1.188e+00
-1.188e+00
-1.188e+00
-1.188e+00
-1.188e+00
-1.177e+00
-1.106e+00
-1.106e+00
-1.106e+00
-1.106e+00
-1.106e+00
-1.106e+00
-1.106e+00
-1.106e+00
-1.106e+00
-1.106e+00
-1.106e+00
-1.106e+00
-1.106e+00
-1.106e+00
-1.106e+00
-1.106e+00
-1.106e+00
-1.106e+00
-1.106e+00
-1.106e+00
-1.106e+00
-1.106e+00
-1.106e+00
-1.106e+00
-1.106e+00
-1.106e+00
-1.106e+00
-1.106e+00
-1.106e+00
-1.106e+00
-1.106e+00
-1.106e+00
-1.106e+00
-1.106e+00
-1.106e+00
-1.106e+00
-1.106e+00
-1.106e+00
-1.106e+00
-1.106e+00
-1.106e+00
-1.106e+00
-1.106e+00
-1.106e+00
-1.106e+00
-1.106e+00
-1.106e+00
-1.106e+00
-1.106e+00
-1.106e+00
-1.106e+00
-1.106e+00
-1.106e+00
-1.106e+00
-1.106e+00
-1.106e+00
-1.106e+00
-1.106e+00
-1.106e+00
-1.106e+00
-1.106e+00
-1.106e+00
-1.106e+00
-1.106e+00
-1.106e+00
-1.106e+00
-1.106e+00
-1.106e+00
-1.106e+00
-1.106e+00
-1.106e+00
-1.106e+00
-1.106e+00
-1.106e+00
-1.106e+00
-1.106e+00
-1.106e+00
-1.106e+00
-1.106e+00
-1.106e+00
-1.106e+00
-1.106e+00
-1.106e+00
-1.106e+00
-1.106e+00
-1.106e+00
-1.106e+00
-1.106e+00
-1.106e+00
-1.106e+00
-1.106e+00
-1.106e+00
-1.106e+00
-1.106e+00
-1.106e+00
-1.106e+00
-1.106e+00
-1.106e+00
-1.106e+00
-1.106e+00
-1.106e+00
-1.106e+00
-1.106e+00
-1.106e+00
-1.106e+00
-1.106e+00
-1.106e+00
-1.106e+00
-1.106e+00
-1.106e+00
-1.106e+00
-1.106e+00
-1.106e+00
-1.106e+00
-1.106e+00
-1.106e+00
-1.106e+00
-1.106e+00
-1.106e+00
-1.106e+00
-1.106e+00
-1.106e+00
-1.106e+00
-1.106e+00
-1.106e+00
-1.106e+00
-1.106e+00
-1.106e+00
-1.106e+00
-1.106e+00
-1.106e+00
-1.106e+00
-1.106e+00
-1.106e+00
-1.106e+00
-1.106e+00
-1.106e+00
-1.106e+00
-1.106e+00
-1.106e+00
-1.106e+00
-1.106e+00
-1.106e+00
-1.106e+00
-1.106e+00
-1.106e+00
-1.106e+00
-1.106e+00
-1.106e+00
-1.106e+00
-1.106e+00
-1.106e+00
-1.106e+00
-1.106e+00
-1.106e+00
-1.106e+00
-1.106e+00
-1.106e+00
-1.106e+00
-1.106e+00
-1.106e+00
-1.106e+00
-1.106e+00
-1.106e+00
-1.106e+00
-1.106e+00
-1.106e+00
-1.106e+00
-1.106e+00
-1.106e+00
-1.106e+00
-1.106e+00
-1.106e+00
-1.106e+00
-1.106e+00
-1.106e+00
-1.106e+00
-1.106e+00
-1.106e+00
-1.106e+00
-1.106e+00
-1.106e+00
-1.106e+00
-1.106e+00
-1.106e+00
-1.106e+00
-1.106e+00
-1.106e+00
-1.106e+00
-1.106e+00
-1.106e+00
-1.106e+00
-1.106e+00
-1.106e+00
-1.106e+00
-1.106e+00
-1.106e+00
-1.106e+00
-1.106e+00
-1.106e+00
-1.106e+00
-1.106e+00
-1.106e+00
-1.106e+00
-1.106e+00
-1.106e+00
-1.106e+00
-1.106e+00
-1.106e+00
-1.106e+00
-1.106e+00
-1.106e+00
-1.106e+00
-1.106e+00
-1.106e+00
-1.106e+00
-1.106e+00
-1.106e+00
-1.106e+00
-1.106e+00
-1.106e+00
-1.106e+00
-1.106e+00
-1.106e+00
-1.106e+00
-1.106e+00
-1.106e+00
-1.106e+00
-1.106e+00
-1.106e+00
-1.106e+00
-1.106e+00
-1.106e+00
-1.106e+00
-1.106e+00
-1.106e+00
-1.106e+00
-1.106e+00
-1.106e+00
-1.106e+00
-1.106e+00
-1.106e+00
-1.106e+00
-1.106e+00
-1.106e+00
-1.106e+00
-1.106e+00
-1.106e+00
-1.106e+00
-1.106e+00
-1.106e+00
-1.106e+00
-1.106e+00
-1.106e+00
-1.106e+00
-1.106e+00
-1.106e+00
-1.106e+00
-1.106e+00
-1.106e+00
-1.106e+00
-1.106e+00
-1.106e+00
-1.106e+00
-1.106e+00
-1.106e+00
-1.106e+00
-1.106e+00
-1.106e+00
-1.106e+00
-1.106e+00
-1.106e+00
-1.106e+00
-1.106e+00
-1.106e+00
-1.106e+00
-1.106e+00
-1.106e+00
-1.106e+00
-1.106e+00
-1.106e+00
-1.106e+00
-1.106e+00
-1.106e+00
-1.106e+00
-1.106e+00
-1.106e+00
-1.106e+00
-1.106e+00
-1.106e+00
-1.106e+00
-1.106e+00
-1.106e+00
-1.106e+00
-1.106e+00
-1.106e+00
-1.106e+00
-1.106e+00
-1.106e+00
-1.106e+00
-1.106e+00
-1.106e+00
-1.106e+00
-1.106e+00
-1.106e+00
-1.106e+00
-1.106e+00
-1.106e+00
-1.106e+00
-1.106e+00
-1.106e+00
-1.106e+00
-1.106e+00
-1.106e+00
-1.106e+00
-1.106e+00
-1.106e+00
-1.106e+00
-1.106e+00
-1.106e+00
-1.106e+00
-1.106e+00
-1.106e+00
-1.106e+00
-1.106e+00
-1.106e+00
-1.106e+00
-1.106e+00
-1.106e+00
-1.106e+00
-1.106e+00
-1.106e+00
-1.106e+00
-1.106e+00
-1.106e+00
-1.106e+00
-1.106e+00
-1.106e+00
-1.106e+00
-1.106e+00
-1.106e+00
-1.106e+00
-1.106e+00
-1.106e+00
-1.106e+00
-1.106e+00
-1.106e+00
-1.106e+00
-1.106e+00
-1.106e+00
-1.106e+00
-1.106e+00
-1.106e+00
-1.106e+00
-1.106e+00
-1.106e+00
-1.106e+00
-1.106e+00
-1.106e+00
-1.106e+00
-1.106e+00
-1.106e+00
-1.106e+00
-1.106e+00
-1.106e+00
-1.106e+00
-1.106e+00
-1.106e+00
-1.106e+00
-1.106e+00
-1.106e+00
-1.106e+00
-1.106e+00
-1.106e+00
-1.106e+00
-1.106e+00
-1.106e+00
-1.106e+00
-1.106e+00
-1.106e+00
-1.106e+00
-1.106e+00
-1.106e+00
-1.106e+00
-1.106e+00
-1.106e+00
-1.106e+00
-1.106e+00
-1.106e+00
-1.106e+00
-1.106e+00
-1.106e+00
-1.106e+00
-1.106e+00
-1.106e+00
-1.106e+00
-1.106e+00
-1.106e+00
-1.106e+00
-1.106e+00
-1.106e+00
-1.106e+00
-1.106e+00
-1.106e+00
-1.106e+00
-1.106e+00
-1.106e+00
-1.106e+00
-1.106e+00
-1.106e+00
-1.106e+00
-1.106e+00
-1.106e+00
-1.106e+00
-1.106e+00
-1.106e+00
-1.106e+00
-1.106e+00
-1.106e+00
-1.106e+00
-1.106e+00
-1.106e+00
-1.106e+00
-1.106e+00
-1.106e+00
-1.106e+00
-1.106e+00
-1.106e+00
-1.106e+00
-1.106e+00
-1.106e+00
-1.106e+00
-1.106e+00
-1.106e+00
-1.106e+00
-1.106e+00
-1.106e+00
-1.106e+00
-1.106e+00
-1.106e+00
-1.106e+00
-1.045e+00
-1.042e+00
-1.042e+00
-1.042e+00
-1.042e+00
-1.042e+00
-1.042e+00
-1.042e+00
-1.042e+00
-1.042e+00
-1.042e+00
-1.042e+00
-1.042e+00
-1.042e+00
-1.042e+00
-1.042e+00
-1.042e+00
-1.042e+00
-1.042e+00
-1.042e+00
-1.037e+00
-1.042e+00
-1.037e+00
-1.037e+00
-1.037e+00
-1.037e+00
-1.037e+00
-1.037e+00
-1.037e+00
-1.037e+00
-1.037e+00
-1.037e+00
-1.037e+00
-1.037e+00
-1.037e+00
-1.037e+00
-1.037e+00
-1.037e+00
-1.037e+00
-1.037e+00
-1.037e+00
-1.033e+00
-1.042e+00
-1.037e+00
-1.037e+00
-1.037e+00
-1.037e+00
-1.037e+00
-1.037e+00
-1.037e+00
-1.037e+00
-1.037e+00
-1.037e+00
-1.037e+00
-1.037e+00
-1.037e+00
-1.037e+00
-1.037e+00
-1.037e+00
-1.037e+00
-1.037e+00
-1.037e+00
-1.033e+00
-1.042e+00
-1.037e+00
-1.037e+00
-1.037e+00
-1.037e+00
-1.037e+00
-1.037e+00
-1.037e+00
-1.037e+00
-1.037e+00
-1.037e+00
-1.037e+00
-1.037e+00
-1.037e+00
-1.037e+00
-1.037e+00
-1.037e+00
-1.037e+00
-1.037e+00
-1.037e+00
-1.033e+00
-1.042e+00
-1.037e+00
-1.037e+00
-1.037e+00
-1.037e+00
-1.037e+00
-1.037e+00
-1.037e+00
-1.037e+00
-1.037e+00
-1.037e+00
-1.037e+00
-1.037e+00
-1.037e+00
-1.037e+00
-1.037e+00
-1.037e+00
-1.037e+00
-1.037e+00
-1.037e+00
-1.033e+00
-1.042e+00
-1.037e+00
-1.037e+00
-1.037e+00
-1.037e+00
-1.037e+00
-1.037e+00
-1.037e+00
-1.037e+00
-1.037e+00
-1.037e+00
-1.037e+00
-1.037e+00
-1.037e+00
-1.037e+00
-1.037e+00
-1.037e+00
-1.037e+00
-1.037e+00
-1.037e+00
-1.033e+00
-1.042e+00
-1.037e+00
-1.037e+00
-1.037e+00
-1.037e+00
-1.037e+00
-1.037e+00
-1.037e+00
-1.037e+00
-1.037e+00
-1.037e+00
-1.037e+00
-1.037e+00
-1.037e+00
-1.037e+00
-1.037e+00
-1.037e+00
-1.037e+00
-1.037e+00
-1.037e+00
-1.033e+00
-1.042e+00
-1.037e+00
-1.037e+00
-1.037e+00
-1.037e+00
-1.037e+00
-1.037e+00
-1.037e+00
-1.037e+00
-1.037e+00
-1.037e+00
-1.037e+00
-1.037e+00
-1.037e+00
-1.037e+00
-1.037e+00
-1.037e+00
-1.037e+00
-1.037e+00
-1.037e+00
-1.033e+00
-1.042e+00
-1.037e+00
-1.037e+00
-1.037e+00
-1.037e+00
-1.037e+00
-1.037e+00
-1.037e+00
-1.037e+00
-1.037e+00
-1.037e+00
-1.037e+00
-1.037e+00
-1.037e+00
-1.037e+00
-1.037e+00
-1.037e+00
-1.037e+00
-1.037e+00
-1.037e+00
-1.033e+00
-1.042e+00
-1.037e+00
-1.037e+00
-1.037e+00
-1.037e+00
-1.037e+00
-1.037e+00
-1.037e+00
-1.037e+00
-1.037e+00
-1.037e+00
-1.037e+00
-1.037e+00
-1.037e+00
-1.037e+00
-1.037e+00
-1.037e+00
-1.037e+00
-1.037e+00
-1.037e+00
-1.033e+00
-1.042e+00
-1.037e+00
-1.037e+00
-1.037e+00
-1.037e+00
-1.037e+00
-1.037e+00
-1.037e+00
-1.037e+00
-1.037e+00
-1.037e+00
-1.037e+00
-1.037e+00
-1.037e+00
-1.037e+00
-1.037e+00
-1.037e+00
-1.037e+00
-1.037e+00
-1.037e+00
-1.033e+00
-1.042e+00
-1.037e+00
-1.037e+00
-1.037e+00
-1.037e+00
-1.037e+00
-1.037e+00
-1.037e+00
-1.037e+00
-1.037e+00
-1.037e+00
-1.037e+00
-1.037e+00
-1.037e+00
-1.037e+00
-1.037e+00
-1.037e+00
-1.037e+00
-1.037e+00
-1.037e+00
-1.033e+00
-1.042e+00
-1.037e+00
-1.037e+00
-1.037e+00
-1.037e+00
-1.037e+00
-1.037e+00
-1.037e+00
-1.037e+00
-1.037e+00
-1.037e+00
-1.037e+00
-1.037e+00
-1.037e+00
-1.037e+00
-1.037e+00
-1.037e+00
-1.037e+00
-1.037e+00
-1.037e+00
-1.033e+00
-1.042e+00
-1.037e+00
-1.037e+00
-1.037e+00
-1.037e+00
-1.037e+00
-1.037e+00
-1.037e+00
-1.037e+00
-1.037e+00
-1.037e+00
-1.037e+00
-1.037e+00
-1.037e+00
-1.037e+00
-1.037e+00
-1.037e+00
-1.037e+00
-1.037e+00
-1.037e+00
-1.033e+00
-1.042e+00
-1.037e+00
-1.037e+00
-1.037e+00
-1.037e+00
-1.037e+00
-1.037e+00
-1.037e+00
-1.037e+00
-1.037e+00
-1.037e+00
-1.037e+00
-1.037e+00
-1.037e+00
-1.037e+00
-1.037e+00
-1.037e+00
-1.037e+00
-1.037e+00
-1.037e+00
-1.033e+00
-1.042e+00
-1.037e+00
-1.037e+00
-1.037e+00
-1.037e+00
-1.037e+00
-1.037e+00
-1.037e+00
-1.037e+00
-1.037e+00
-1.037e+00
-1.037e+00
-1.037e+00
-1.037e+00
-1.037e+00
-1.037e+00
-1.037e+00
-1.037e+00
-1.037e+00
-1.037e+00
-1.033e+00
-1.042e+00
-1.037e+00
-1.037e+00
-1.037e+00
-1.037e+00
-1.037e+00
-1.037e+00
-1.037e+00
-1.037e+00
-1.037e+00
-1.037e+00
-1.037e+00
-1.037e+00
-1.037e+00
-1.037e+00
-1.037e+00
-1.037e+00
-1.037e+00
-1.037e+00
-1.037e+00
-1.033e+00
-1.042e+00
-1.037e+00
-1.037e+00
-1.037e+00
-1.037e+00
-1.037e+00
-1.037e+00
-1.037e+00
-1.037e+00
-1.037e+00
-1.037e+00
-1.037e+00
-1.037e+00
-1.037e+00
-1.037e+00
-1.037e+00
-1.037e+00
-1.037e+00
-1.037e+00
-1.037e+00
-1.033e+00
-1.042e+00
-1.037e+00
-1.037e+00
-1.037e+00
-1.037e+00
-1.037e+00
-1.037e+00
-1.037e+00
-1.037e+00
-1.037e+00
-1.037e+00
-1.037e+00
-1.037e+00
-1.037e+00
-1.037e+00
-1.037e+00
-1.037e+00
-1.037e+00
-1.037e+00
-1.037e+00
-1.033e+00
-1.042e+00
-1.037e+00
-1.037e+00
-1.037e+00
-1.037e+00
-1.037e+00
-1.037e+00
-1.037e+00
-1.037e+00
-1.037e+00
-1.037e+00
-1.037e+00
-1.037e+00
-1.037e+00
-1.037e+00
-1.037e+00
-1.037e+00
-1.037e+00
-1.037e+00
-1.037e+00
-1.033e+00
-1.037e+00
-1.033e+00
-1.033e+00
-1.033e+00
-1.033e+00
-1.033e+00
-1.033e+00
-1.033e+00
-1.033e+00
-1.033e+00
-1.033e+00
-1.033e+00
-1.033e+00
-1.033e+00
-1.033e+00
-1.033e+00
-1.033e+00
-1.033e+00
-1.033e+00
-1.033e+00
-1.032e+00
-1.000e+00
-1.000e+00
-1.000e+00
-1.000e+00
-1.000e+00
-1.000e+00
-1.000e+00
-1.000e+00
-1.000e+00
-1.000e+00
-1.000e+00
-1.000e+00
-1.000e+00
-1.000e+00
-1.000e+00
-1.000e+00
-1.000e+00
-1.000e+00
-1.000e+00
-1.000e+00
-1.000e+00
-1.000e+00
-1.000e+00
-1.000e+00
-1.000e+00
-1.000e+00
-1.000e+00
-1.000e+00
-1.000e+00
-1.000e+00
-1.000e+00
-1.000e+00
-1.000e+00
-1.000e+00
-1.000e+00
-1.000e+00
-1.000e+00
-1.000e+00
-1.000e+00
-1.000e+00
-1.000e+00
-1.000e+00
-1.000e+00
-1.000e+00
-1.000e+00
-1.000e+00
-1.000e+00
-1.000e+00
-1.000e+00
-1.000e+00
-1.000e+00
-1.000e+00
-1.000e+00
-1.000e+00
-1.000e+00
-1.000e+00
-1.000e+00
-1.000e+00
-1.000e+00
-1.000e+00
-1.000e+00
-1.000e+00
-1.000e+00
-1.000e+00
-1.000e+00
-1.000e+00
-1.000e+00
-1.000e+00
-1.000e+00
-1.000e+00
-1.000e+00
-1.000e+00
-1.000e+00
-1.000e+00
-1.000e+00
-1.000e+00
-1.000e+00
-1.000e+00
-1.000e+00
-1.000e+00
-1.000e+00
-1.000e+00
-1.000e+00
-1.000e+00
-1.000e+00
-1.000e+00
-1.000e+00
-1.000e+00
-1.000e+00
-1.000e+00
-1.000e+00
-1.000e+00
-1.000e+00
-1.000e+00
-1.000e+00
-1.000e+00
-1.000e+00
-1.000e+00
-1.000e+00
-1.000e+00
-1.000e+00
-1.000e+00
-1.000e+00
-1.000e+00
-1.000e+00
-1.000e+00
-1.000e+00
-1.000e+00
-1.000e+00
-1.000e+00
-1.000e+00
-1.000e+00
-1.000e+00
-1.000e+00
-1.000e+00
-1.000e+00
-1.000e+00
-1.000e+00
-1.000e+00
-1.000e+00
-1.000e+00
-1.000e+00
-1.000e+00
-1.000e+00
-1.000e+00
-1.000e+00
-1.000e+00
-1.000e+00
-1.000e+00
-1.000e+00
-1.000e+00
-1.000e+00
-1.000e+00
-1.000e+00
-1.000e+00
-1.000e+00
-1.000e+00
-1.000e+00
-1.000e+00
-1.000e+00
-1.000e+00
-1.000e+00
-1.000e+00
-1.000e+00
-1.000e+00
-1.000e+00
-1.000e+00
-1.000e+00
-1.000e+00
-1.000e+00
-1.000e+00
-1.000e+00
-1.000e+00
-1.000e+00
-1.000e+00
-1.000e+00
-1.000e+00
-1.000e+00
-1.000e+00
-1.000e+00
-1.000e+00
-1.000e+00
-1.000e+00
-1.000e+00
-1.000e+00
-1.000e+00
-1.000e+00
-1.000e+00
-1.000e+00
-1.000e+00
-1.000e+00
-1.000e+00
-1.000e+00
-1.000e+00
-1.000e+00
-1.000e+00
-1.000e+00
-1.000e+00
-1.000e+00
-1.000e+00
-1.000e+00
-1.000e+00
-1.000e+00
-1.000e+00
-1.000e+00
-1.000e+00
-1.000e+00
-1.000e+00
-1.000e+00
-1.000e+00
-1.000e+00
-1.000e+00
-1.000e+00
-1.000e+00
-1.000e+00
-1.000e+00
-1.000e+00
-1.000e+00
-1.000e+00
-1.000e+00
-1.000e+00
-1.000e+00
-1.000e+00
-1.000e+00
-1.000e+00
-1.000e+00
-1.000e+00
-1.000e+00
-1.000e+00
-1.000e+00
-1.000e+00
-1.000e+00
-1.000e+00
-1.000e+00
-1.000e+00
-1.000e+00
-1.000e+00
-1.000e+00
-1.000e+00
-1.000e+00
-1.000e+00
-1.000e+00
-1.000e+00
-1.000e+00
-1.000e+00
-1.000e+00
-1.000e+00
-1.000e+00
-1.000e+00
-1.000e+00
-1.000e+00
-1.000e+00
-1.000e+00
-1.000e+00
-1.000e+00
-1.000e+00
-1.000e+00
-1.000e+00
-1.000e+00
-1.000e+00
-1.000e+00
-1.000e+00
-1.000e+00
-1.000e+00
-1.000e+00
-1.000e+00
-1.000e+00
-1.000e+00
-1.000e+00
-1.000e+00
-1.000e+00
-1.000e+00
-1.000e+00
-1.000e+00
-1.000e+00
-1.000e+00
-1.000e+00
-1.000e+00
-1.000e+00
-1.000e+00
-1.000e+00
-1.000e+00
-1.000e+00
-1.000e+00
-1.000e+00
-1.000e+00
-1.000e+00
-1.000e+00
-1.000e+00
-1.000e+00
-1.000e+00
-1.000e+00
-1.000e+00
-1.000e+00
-1.000e+00
-1.000e+00
-1.000e+00
-1.000e+00
-1.000e+00
-1.000e+00
-1.000e+00
-1.000e+00
-1.000e+00
-1.000e+00
-1.000e+00
-1.000e+00
-1.000e+00
-1.000e+00
-1.000e+00
-1.000e+00
-1.000e+00
-1.000e+00
-1.000e+00
-1.000e+00
-1.000e+00
-1.000e+00
-1.000e+00
-1.000e+00
-1.000e+00
-1.000e+00
-1.000e+00
-1.000e+00
-1.000e+00
-1.000e+00
-1.000e+00
-1.000e+00
-1.000e+00
-1.000e+00
-1.000e+00
-1.000e+00
-1.000e+00
-1.000e+00
-1.000e+00
-1.000e+00
-1.000e+00
-1.000e+00
-1.000e+00
-1.000e+00
-1.000e+00
-1.000e+00
-1.000e+00
-1.000e+00
-1.000e+00
-1.000e+00
-1.000e+00
-1.000e+00
-1.000e+00
-1.000e+00
-1.000e+00
-1.000e+00
-1.000e+00
-1.000e+00
-1.000e+00
-1.000e+00
-1.000e+00
-1.000e+00
-1.000e+00
-1.000e+00
-1.000e+00
-1.000e+00
-1.000e+00
-1.000e+00
-1.000e+00
-1.000e+00
-1.000e+00
-1.000e+00
-1.000e+00
-1.000e+00
-1.000e+00
-1.000e+00
-1.000e+00
-1.000e+00
-1.000e+00
-1.000e+00
-1.000e+00
-1.000e+00
-1.000e+00
-1.000e+00
-1.000e+00
-1.000e+00
-1.000e+00
-1.000e+00
-1.000e+00
-1.000e+00
-1.000e+00
-1.000e+00
-1.000e+00
-1.000e+00
-1.000e+00
-1.000e+00
-1.000e+00
-1.000e+00
-1.000e+00
-1.000e+00
-1.000e+00
-1.000e+00
-1.000e+00
-1.000e+00
-1.000e+00
-1.000e+00
-1.000e+00
-1.000e+00
-1.000e+00
-1.000e+00
-1.000e+00
-1.000e+00
-1.000e+00
-1.000e+00
-1.000e+00
-1.000e+00
-1.000e+00
-1.000e+00
-1.000e+00
-1.000e+00
-1.000e+00
-1.000e+00
-1.000e+00
-1.000e+00
-1.000e+00
-1.000e+00
-1.000e+00
-1.000e+00
-1.000e+00
-1.000e+00
-1.000e+00
-1.000e+00
-1.000e+00
-1.000e+00
-1.000e+00
-1.000e+00
-1.000e+00
-1.000e+00
-1.000e+00
-1.000e+00
-1.000e+00
-1.000e+00
-1.000e+00
-1.000e+00
-1.000e+00
-1.000e+00
-1.000e+00
-1.000e+00
-1.000e+00
-1.000e+00
-1.000e+00
-1.000e+00
-1.000e+00
-1.000e+00
-1.000e+00
-1.000e+00
-1.000e+00
-1.000e+00
-1.000e+00
-1.000e+00
-1.000e+00
-1.000e+00
-1.000e+00
-1.000e+00
-1.000e+00
-1.000e+00
-1.000e+00
-1.000e+00
-1.000e+00
-1.000e+00
-1.000e+00
-1.000e+00
-1.000e+00
-1.000e+00
-1.000e+00
-1.000e+00
-1.000e+00
-1.000e+00
-1.000e+00
-1.000e+00
-1.000e+00
-1.000e+00
-1.000e+00
-1.000e+00
-1.000e+00
-1.000e+00
-1.000e+00
-1.000e+00
-1.000e+00
-1.000e+00
-1.000e+00
-1.000e+00
-1.000e+00
-1.000e+00
-1.000e+00
-1.000e+00
-1.000e+00
-1.000e+00
-1.000e+00
-1.000e+00
-1.000e+00
-1.000e+00
-1.000e+00
-1.000e+00
-1.000e+00
-1.000e+00
-1.000e+00
-1.000e+00
-1.000e+00
-1.000e+00
-1.000e+00
-1.000e+00
-1.000e+00
-1.000e+00
-1.000e+00
-1.000e+00
-1.000e+00
-1.000e+00
-1.000e+00
-1.000e+00
-1.000e+00
-1.000e+00
-1.000e+00
-1.000e+00
-1.000e+00
-1.000e+00
-1.000e+00
-1.000e+00
-1.000e+00
-1.000e+00
-1.000e+00
-1.000e+00
-1.000e+00
-1.000e+00
-1.000e+00
-1.000e+00
-1.000e+00
-1.000e+00
-1.000e+00
-1.000e+00
-1.000e+00
-1.000e+00
-1.000e+00
-1.000e+00
-1.000e+00
-1.000e+00
-1.000e+00
-1.000e+00
-1.000e+00
-1.000e+00
-1.000e+00
-1.000e+00
-1.000e+00
-1.000e+00
-1.000e+00
-1.000e+00
-1.000e+00
-1.000e+00
-1.000e+00
-1.000e+00
-1.000e+00
-1.000e+00
-1.000e+00
-1.000e+00
-1.000e+00
-1.000e+00
-1.000e+00
-1.000e+00
-1.000e+00
-1.000e+00
-1.000e+00
-1.000e+00
-1.000e+00
-1.000e+00
-1.000e+00
-1.000e+00
-1.000e+00
-1.000e+00
-1.000e+00
-1.000e+00
-1.000e+00
-1.000e+00
-1.000e+00
-1.000e+00
-1.000e+00
-1.000e+00
-1.000e+00
-1.000e+00
-1.000e+00
-1.000e+00
-1.000e+00
-1.000e+00
-1.000e+00
-1.000e+00
-1.000e+00
-1.000e+00
-1.000e+00
-1.000e+00
-1.000e+00
-1.000e+00
-1.000e+00
-1.000e+00
-1.000e+00
-1.000e+00
-1.000e+00
-1.000e+00
-1.000e+00
-1.000e+00
-1.000e+00
-1.000e+00
-1.000e+00
-1.000e+00
-1.000e+00
-1.000e+00
-1.000e+00
-1.000e+00
-1.000e+00
-1.000e+00
-1.000e+00
-1.000e+00
-1.000e+00
-1.000e+00
-1.000e+00
-1.000e+00
-1.000e+00
-1.000e+00
-1.000e+00
-1.000e+00
-1.000e+00
-1.000e+00
-1.000e+00
-1.000e+00
-1.000e+00
-1.000e+00
-1.000e+00
-1.000e+00
-1.000e+00
-1.000e+00
-1.000e+00
-1.000e+00
-1.000e+00
-1.000e+00
-1.000e+00
-1.000e+00
-1.000e+00
-1.000e+00
-1.000e+00
-1.000e+00
-1.000e+00
-1.000e+00
-1.000e+00
-1.000e+00
-1.000e+00
-1.000e+00
-1.000e+00
-1.000e+00
-1.000e+00
-1.000e+00
-1.000e+00
-1.000e+00
-1.000e+00
-1.000e+00
-1.000e+00
-1.000e+00
-1.000e+00
-1.000e+00
-1.000e+00
-1.000e+00
-1.000e+00
-1.000e+00
-1.000e+00
-1.000e+00
-1.000e+00
-1.000e+00
-1.000e+00
-1.000e+00
-1.000e+00
-1.000e+00
-1.000e+00
-1.000e+00
-1.000e+00
-1.000e+00
-1.000e+00
-1.000e+00
-1.000e+00
-1.000e+00
-1.000e+00
-1.000e+00
-1.000e+00
-1.000e+00
-1.000e+00
-1.000e+00
-1.000e+00
-1.000e+00
-1.000e+00
-1.000e+00
-1.000e+00
-1.000e+00
-1.000e+00
-1.000e+00
-1.000e+00
-1.000e+00
-1.000e+00
-1.000e+00
-1.000e+00
-1.000e+00
-1.000e+00
-1.000e+00
-1.000e+00
-1.000e+00
-1.000e+00
-1.000e+00
-1.000e+00
-1.000e+00
-1.000e+00
-1.000e+00
-1.000e+00
-1.000e+00
-1.000e+00
-1.000e+00
-1.000e+00
-1.000e+00
-1.000e+00
-1.000e+00
-1.000e+00
-1.000e+00
-1.000e+00
-1.000e+00
-1.000e+00
-1.000e+00
-1.000e+00
-1.000e+00
-1.000e+00
-1.000e+00
-1.000e+00
-1.000e+00
-1.000e+00
-1.000e+00
-1.000e+00
-1.000e+00
-1.000e+00
-1.000e+00
-1.000e+00
-1.000e+00
-1.000e+00
-1.000e+00
-1.000e+00
-1.000e+00
-1.000e+00
-1.000e+00
-1.000e+00
-1.000e+00
-1.000e+00
-1.000e+00
-1.000e+00
-1.000e+00
-1.000e+00
-1.000e+00
-1.000e+00
-1.000e+00
-1.000e+00
-1.000e+00
-1.000e+00
-1.000e+00
-1.000e+00
-1.000e+00
-1.000e+00
-1.000e+00
-1.000e+00
-1.000e+00
-1.000e+00
-1.000e+00
-1.000e+00
-1.000e+00
-1.000e+00
-1.000e+00
-1.000e+00
-1.000e+00
-1.000e+00
-1.000e+00
-1.000e+00
-1.000e+00
-1.000e+00
-1.000e+00
-1.000e+00
-1.000e+00
-1.000e+00
-1.000e+00
-1.000e+00
-1.000e+00
-1.000e+00
-1.000e+00
-1.000e+00
-1.000e+00
-1.000e+00
-1.000e+00
-1.000e+00
-1.000e+00
-1.000e+00
-1.000e+00
-1.000e+00
-1.000e+00
-1.000e+00
-1.000e+00
-1.000e+00
-1.000e+00
-1.000e+00
-1.000e+00
-1.000e+00
-1.000e+00
-1.000e+00
-1.000e+00
-1.000e+00
-1.000e+00
-1.000e+00
-1.000e+00
-1.000e+00
-1.000e+00
-1.000e+00
-1.000e+00
-1.000e+00
-1.000e+00
-1.000e+00
-1.000e+00
-1.000e+00
-1.000e+00
-1.000e+00
-1.000e+00
-1.000e+00
-1.000e+00
-1.000e+00
-1.000e+00
-1.000e+00
-1.000e+00
-1.000e+00
-1.000e+00
-1.000e+00
-1.000e+00
-1.000e+00
-1.000e+00
-1.000e+00
-1.000e+00
-1.000e+00
-1.000e+00
-1.000e+00
-1.000e+00
-1.000e+00
-1.000e+00
-1.000e+00
-1.000e+00
-1.000e+00
-1.000e+00
-1.000e+00
-1.000e+00
-1.000e+00
-1.000e+00
-1.000e+00
-1.000e+00
-1.000e+00
-1.000e+00
-1.000e+00
-1.000e+00
-1.000e+00
-1.000e+00
-1.000e+00
-1.000e+00
-1.000e+00
-1.000e+00
-1.000e+00
-1.000e+00
-1.000e+00
-1.000e+00
-1.000e+00
-1.000e+00
-1.000e+00
-1.000e+00
-1.000e+00
-1.000e+00
-1.000e+00
-1.000e+00
-1.000e+00
-1.000e+00
-1.000e+00
-1.000e+00
-1.000e+00
-1.000e+00
-1.000e+00
-1.000e+00
-1.000e+00
-1.000e+00
-1.000e+00
-1.000e+00
-1.000e+00
-1.000e+00
-1.000e+00
-1.000e+00
-1.000e+00
-1.000e+00
-1.000e+00
-1.000e+00
-1.000e+00
-1.000e+00
-1.000e+00
-1.000e+00
-1.000e+00
-1.000e+00
-1.000e+00
-1.000e+00
-1.000e+00
-1.000e+00
-1.000e+00
-1.000e+00
-1.000e+00
-1.000e+00
-1.000e+00
-1.000e+00
-1.000e+00
-1.000e+00
-1.000e+00
-1.000e+00
-1.000e+00
-1.000e+00
-1.000e+00
-1.000e+00
-1.000e+00
-1.000e+00
-1.000e+00
-1.000e+00
-1.000e+00
-1.000e+00
-1.000e+00
-1.000e+00
-1.000e+00
-1.000e+00
-1.000e+00
-1.000e+00
-1.000e+00
-1.000e+00
-1.000e+00
-1.000e+00
-1.000e+00
-1.000e+00
-1.000e+00
-1.000e+00
-1.000e+00
-1.000e+00
-1.000e+00
-1.000e+00
-1.000e+00
-1.000e+00
-1.000e+00
-1.000e+00
-1.000e+00
-1.000e+00
-1.000e+00
-1.000e+00
-1.000e+00
-1.000e+00
-1.000e+00
-1.000e+00
-1.000e+00
-1.000e+00
-1.000e+00
-1.000e+00
-1.000e+00
-1.000e+00
-1.000e+00
-1.000e+00
-1.000e+00
-1.000e+00
-1.000e+00
-1.000e+00
-1.000e+00
-1.000e+00
-1.000e+00
-1.000e+00
-1.000e+00
-1.000e+00
-1.000e+00
-1.000e+00
-1.000e+00
-1.000e+00
-1.000e+00
-1.000e+00
-1.000e+00
-1.000e+00
-1.000e+00
-1.000e+00
-1.000e+00
-1.000e+00
-1.000e+00
-1.000e+00
-1.000e+00
-1.000e+00
-1.000e+00
-1.000e+00
-1.000e+00
-1.000e+00
-1.000e+00
-1.000e+00
-1.000e+00
-1.000e+00
-1.000e+00
-1.000e+00
-1.000e+00
-1.000e+00
-1.000e+00
-1.000e+00
-1.000e+00
-1.000e+00
-1.000e+00
-1.000e+00
-1.000e+00
-1.000e+00
-1.000e+00
-1.000e+00
-1.000e+00
-1.000e+00
-1.000e+00
-1.000e+00
-1.000e+00
-1.000e+00
-1.000e+00
-1.000e+00
-1.000e+00
-1.000e+00
-1.000e+00
-1.000e+00
-1.000e+00
-1.000e+00
-1.000e+00
-1.000e+00
-1.000e+00
-1.000e+00
-1.000e+00
-1.000e+00
-1.000e+00
-1.000e+00
-1.000e+00
-1.000e+00
-1.000e+00
-1.000e+00
-1.000e+00
-1.000e+00
-1.000e+00
-1.000e+00
-1.000e+00
-1.000e+00
-1.000e+00
-1.000e+00
-1.000e+00
-1.000e+00
-1.000e+00
-1.000e+00
-1.000e+00
-1.000e+00
-1.000e+00
-1.000e+00
-1.000e+00
-1.000e+00
-1.000e+00
-1.000e+00
-1.000e+00
-1.000e+00
-1.000e+00
-1.000e+00
-1.000e+00
-1.000e+00
-1.000e+00
-1.000e+00
-1.000e+00
-1.000e+00
-1.000e+00
-1.000e+00
-1.000e+00
-1.000e+00
-1.000e+00
-1.000e+00
-1.000e+00
-1.000e+00
-1.000e+00
-1.000e+00
-1.000e+00
-1.000e+00
-1.000e+00
-1.000e+00
-1.000e+00
-1.000e+00
-1.000e+00
-1.000e+00
-1.000e+00
-1.000e+00
-1.000e+00
-1.000e+00
-1.000e+00
-1.000e+00
-1.000e+00
-1.000e+00
-1.000e+00
-1.000e+00
-1.000e+00
-1.000e+00
-1.000e+00
-1.000e+00
-1.000e+00
-1.000e+00
-1.000e+00
-1.000e+00
-1.000e+00
-1.000e+00
-1.000e+00
-1.000e+00
-1.000e+00
-1.000e+00
-1.000e+00
-1.000e+00
-1.000e+00
-1.000e+00
-1.000e+00
-1.000e+00
-1.000e+00
-1.000e+00
-1.000e+00
-1.000e+00
-1.000e+00
-1.000e+00
-1.000e+00
-1.000e+00
-1.000e+00
-1.000e+00
-1.000e+00
-1.000e+00
-1.000e+00
-1.000e+00
-1.000e+00
-1.000e+00
-1.000e+00
-1.000e+00
-1.000e+00
-1.000e+00
-1.000e+00
-1.000e+00
-1.000e+00
-1.000e+00
-1.000e+00
-1.000e+00
-1.000e+00
-1.000e+00
-1.000e+00
-1.000e+00
-1.000e+00
-1.000e+00
-1.000e+00
-1.000e+00
-1.000e+00
-1.000e+00
-1.000e+00
-1.000e+00
-1.000e+00
-1.000e+00
-1.000e+00
-1.000e+00
-1.000e+00
-1.000e+00
-1.000e+00
-1.000e+00
-1.000e+00
-1.000e+00
-1.000e+00
-1.000e+00
-1.000e+00
-1.000e+00
-1.000e+00
-1.000e+00
-1.000e+00
-1.000e+00
-1.000e+00
-1.000e+00
-1.000e+00
-1.000e+00
-1.000e+00
-1.000e+00
-1.000e+00
-1.000e+00
-1.000e+00
-1.000e+00
-1.000e+00
-1.000e+00
-1.000e+00
-1.000e+00
-1.000e+00
-1.000e+00
-1.000e+00
-1.000e+00
-1.000e+00
-1.000e+00
-1.000e+00
-1.000e+00
-1.000e+00
-1.000e+00
-1.000e+00
-1.000e+00
-1.000e+00
-1.000e+00
-1.000e+00
-1.000e+00
-1.000e+00
-1.000e+00
-1.000e+00
-1.000e+00
-1.000e+00
-1.000e+00
-1.000e+00
-1.000e+00
-1.000e+00
-1.000e+00
-1.000e+00
-1.000e+00
-1.000e+00
-1.000e+00
-1.000e+00
-1.000e+00
-1.000e+00
-1.000e+00
-1.000e+00
-1.000e+00
-1.000e+00
-1.000e+00
-1.000e+00
-1.000e+00
-1.000e+00
-1.000e+00
-1.000e+00
-1.000e+00
-1.000e+00
-1.000e+00
-1.000e+00
-1.000e+00
-1.000e+00
-1.000e+00
-1.000e+00
-1.000e+00
-1.000e+00
-1.000e+00
-1.000e+00
-1.000e+00
-1.000e+00
-1.000e+00
-1.000e+00
-1.000e+00
-1.000e+00
-1.000e+00
-1.000e+00
-1.000e+00
-1.000e+00
-1.000e+00
-1.000e+00
-1.000e+00
-1.000e+00
-1.000e+00
-1.000e+00
-1.000e+00
-1.000e+00
-1.000e+00
-1.000e+00
-1.000e+00
-1.000e+00
-1.000e+00
-1.000e+00
-1.000e+00
-1.000e+00
-1.000e+00
-1.000e+00
-1.000e+00
-1.000e+00
-1.000e+00
-1.000e+00
-1.000e+00
-1.000e+00
-1.000e+00
-1.000e+00
-1.000e+00
-1.000e+00
-1.000e+00
-1.000e+00
-1.000e+00
-1.000e+00
-1.000e+00
-1.000e+00
-1.000e+00
-1.000e+00
-1.000e+00
-1.000e+00
-1.000e+00
-1.000e+00
-1.000e+00
-1.000e+00
-1.000e+00
-1.000e+00
-1.000e+00
-1.000e+00
-1.000e+00
-1.000e+00
-1.000e+00
-1.000e+00
-1.000e+00
-1.000e+00
-1.000e+00
-1.000e+00
-1.000e+00
-1.000e+00
-1.000e+00
-1.000e+00
-1.000e+00
-1.000e+00
-1.000e+00
-1.000e+00
-1.000e+00
-1.000e+00
-1.000e+00
-1.000e+00
-1.000e+00
-1.000e+00
-1.000e+00
-1.000e+00
-1.000e+00
-1.000e+00
-1.000e+00
-1.000e+00
-1.000e+00
-1.000e+00
-1.000e+00
-1.000e+00
-1.000e+00
-1.000e+00
-1.000e+00
-1.000e+00
-1.000e+00
-1.000e+00
-1.000e+00
-1.000e+00
-1.000e+00
-1.000e+00
-1.000e+00
-1.000e+00
-1.000e+00
-1.000e+00
-1.000e+00
-1.000e+00
-1.000e+00
-1.000e+00
-1.000e+00
-1.000e+00
-1.000e+00
-1.000e+00
-1.000e+00
-1.000e+00
-1.000e+00
-1.000e+00
-1.000e+00
-1.000e+00
-1.000e+00
-1.000e+00
-1.000e+00
-1.000e+00
-1.000e+00
-1.000e+00
-1.000e+00
-1.000e+00
-1.000e+00
-1.000e+00
-1.000e+00
-1.000e+00
-1.000e+00
-1.000e+00
-1.000e+00
-1.000e+00
-1.000e+00
-1.000e+00
-1.000e+00
-1.000e+00
-1.000e+00
-1.000e+00
-1.000e+00
-1.000e+00
-1.000e+00
-1.000e+00
-1.000e+00
-1.000e+00
-1.000e+00
-1.000e+00
-1.000e+00
-1.000e+00
-1.000e+00
-1.000e+00
-1.000e+00
-1.000e+00
-1.000e+00
-1.000e+00
-1.000e+00
-1.000e+00
-1.000e+00
-1.000e+00
-1.000e+00
-1.000e+00
-1.000e+00
-1.000e+00
-1.000e+00
-1.000e+00
-1.000e+00
-1.000e+00
-1.000e+00
-1.000e+00
-1.000e+00
-1.000e+00
-1.000e+00
-1.000e+00
-1.000e+00
-1.000e+00
-1.000e+00
-1.000e+00
-1.000e+00
-1.000e+00
-1.000e+00
-1.000e+00
-1.000e+00
-1.000e+00
-1.000e+00
-1.000e+00
-1.000e+00
-1.000e+00
-1.000e+00
-1.000e+00
-1.000e+00
-1.000e+00
-1.000e+00
-1.000e+00
-1.000e+00
-1.000e+00
-1.000e+00
-1.000e+00
-1.000e+00
-1.000e+00
-1.000e+00
-1.000e+00
-1.000e+00
-1.000e+00
-1.000e+00
-1.000e+00
-1.000e+00
-1.000e+00
-1.000e+00
-1.000e+00
-1.000e+00
-1.000e+00
-1.000e+00
-1.000e+00
-1.000e+00
-1.000e+00
-1.000e+00
-1.000e+00
-1.000e+00
-1.000e+00
-1.000e+00
-1.000e+00
-1.000e+00
-1.000e+00
-1.000e+00
-1.000e+00
-1.000e+00
-1.000e+00
-1.000e+00
-1.000e+00
-1.000e+00
-1.000e+00
-1.000e+00
-1.000e+00
-1.000e+00
-1.000e+00
-1.000e+00
-1.000e+00
-1.000e+00
-1.000e+00
-1.000e+00
-1.000e+00
-1.000e+00
-1.000e+00
-1.000e+00
-1.000e+00
-1.000e+00
-1.000e+00
-1.000e+00
-1.000e+00
-1.000e+00
-1.000e+00
-1.000e+00
-1.000e+00
-1.000e+00
-1.000e+00
-1.000e+00
-1.000e+00
-1.000e+00
-1.000e+00
-1.000e+00
-1.000e+00
-1.000e+00
-1.000e+00
-1.000e+00
-1.000e+00
-1.000e+00
-1.000e+00
-1.000e+00
-1.000e+00
-1.000e+00
-1.000e+00
-1.000e+00
-1.000e+00
-1.000e+00
-1.000e+00
-1.000e+00
-1.000e+00
-1.000e+00
-1.000e+00
-1.000e+00
-1.000e+00
-1.000e+00
-1.000e+00
-1.000e+00
-1.000e+00
-1.000e+00
-1.000e+00
-1.000e+00
-1.000e+00
-1.000e+00
-1.000e+00
-1.000e+00
-1.000e+00
-1.000e+00
-1.000e+00
-1.000e+00
-1.000e+00
-1.000e+00
-1.000e+00
-1.000e+00
-1.000e+00
-1.000e+00
-1.000e+00
-1.000e+00
-1.000e+00
-1.000e+00
-1.000e+00
-1.000e+00
-1.000e+00
-1.000e+00
-1.000e+00
-1.000e+00
-1.000e+00
-1.000e+00
-1.000e+00
-1.000e+00
-1.000e+00
-1.000e+00
-1.000e+00
-1.000e+00
-1.000e+00
-1.000e+00
-1.000e+00
-1.000e+00
-1.000e+00
-1.000e+00
-1.000e+00
-1.000e+00
-1.000e+00
-1.000e+00
-1.000e+00
-1.000e+00
-1.000e+00
-1.000e+00
-1.000e+00
-1.000e+00
-1.000e+00
-1.000e+00
-1.000e+00
-1.000e+00
-1.000e+00
-1.000e+00
-1.000e+00
-1.000e+00
-1.000e+00
-1.000e+00
-1.000e+00
-1.000e+00
-1.000e+00
-1.000e+00
-1.000e+00
-1.000e+00
-1.000e+00
-1.000e+00
-1.000e+00
-1.000e+00
-1.000e+00
-1.000e+00
-1.000e+00
-1.000e+00
-1.000e+00
-1.000e+00
-1.000e+00
-1.000e+00
-1.000e+00
-1.000e+00
-1.000e+00
-1.000e+00
-1.000e+00
-1.000e+00
-1.000e+00
-1.000e+00
-1.000e+00
-1.000e+00
-1.000e+00
-1.000e+00
-1.000e+00
-1.000e+00
-1.000e+00
-1.000e+00
-1.000e+00
-1.000e+00
-1.000e+00
-1.000e+00
-1.000e+00
-1.000e+00
-1.000e+00
-1.000e+00
-1.000e+00
-1.000e+00
-1.000e+00
-1.000e+00
-1.000e+00
-1.000e+00
-1.000e+00
-1.000e+00
-1.000e+00
-1.000e+00
-1.000e+00
-1.000e+00
-1.000e+00
-1.000e+00
-1.000e+00
-1.000e+00
-1.000e+00
-1.000e+00
-1.000e+00
-1.000e+00
-1.000e+00
-1.000e+00
-1.000e+00
-1.000e+00
-1.000e+00
-1.000e+00
-1.000e+00
-1.000e+00
-1.000e+00
-1.000e+00
-1.000e+00
-1.000e+00
-1.000e+00
-1.000e+00
-1.000e+00
-1.000e+00
-1.000e+00
-1.000e+00
-1.000e+00
-1.000e+00
-1.000e+00
-1.000e+00
-1.000e+00
-1.000e+00
-1.000e+00
-1.000e+00
-1.000e+00
-1.000e+00
-1.000e+00
-1.000e+00
-1.000e+00
-1.000e+00
-1.000e+00
-1.000e+00
-1.000e+00
-1.000e+00
-1.000e+00
-1.000e+00
-1.000e+00
-1.000e+00
-1.000e+00
-1.000e+00
-1.000e+00
-1.000e+00
-1.000e+00
-1.000e+00
-1.000e+00
-1.000e+00
-1.000e+00
-1.000e+00
-1.000e+00
-1.000e+00
-1.000e+00
-1.000e+00
-1.000e+00
-1.000e+00
-1.000e+00
-1.000e+00
-1.000e+00
-1.000e+00
-1.000e+00
-1.000e+00
-1.000e+00
-1.000e+00
-1.000e+00
-1.000e+00
-1.000e+00
-1.000e+00
-1.000e+00
-1.000e+00
-1.000e+00
-1.000e+00
-1.000e+00
-1.000e+00
-1.000e+00
-1.000e+00
-1.000e+00
-1.000e+00
-1.000e+00
-1.000e+00
-1.000e+00
-1.000e+00
-1.000e+00
-1.000e+00
-1.000e+00
-1.000e+00
-1.000e+00
-1.000e+00
-1.000e+00
-1.000e+00
-1.000e+00
-1.000e+00
-1.000e+00
-1.000e+00
-1.000e+00
-1.000e+00
-1.000e+00
-1.000e+00
-1.000e+00
-1.000e+00
-1.000e+00
-1.000e+00
-1.000e+00
-1.000e+00
-1.000e+00
-1.000e+00
-1.000e+00
-1.000e+00
-1.000e+00
-1.000e+00
-1.000e+00
-1.000e+00
-1.000e+00
-1.000e+00
-1.000e+00
-1.000e+00
-1.000e+00
-1.000e+00
-1.000e+00
-1.000e+00
-1.000e+00
-1.000e+00
-1.000e+00
-1.000e+00
-1.000e+00
-1.000e+00
-1.000e+00
-1.000e+00
-1.000e+00
-1.000e+00
-1.000e+00
-1.000e+00
-1.000e+00
-1.000e+00
-1.000e+00
-1.000e+00
-1.000e+00
-1.000e+00
-9.988e-01
-9.988e-01
-9.988e-01
-9.988e-01
-9.988e-01
-9.988e-01
-9.988e-01
-9.988e-01
-9.988e-01
-9.988e-01
-9.988e-01
-9.988e-01
-9.988e-01
-9.988e-01
-9.988e-01
-9.988e-01
-9.988e-01
-9.988e-01
-9.988e-01
-9.988e-01
-9.982e-01
-9.988e-01
-9.982e-01
-9.982e-01
-9.982e-01
-9.982e-01
-9.982e-01
-9.982e-01
-9.982e-01
-9.982e-01
-9.982e-01
-9.982e-01
-9.982e-01
-9.982e-01
-9.982e-01
-9.982e-01
-9.982e-01
-9.982e-01
-9.982e-01
-9.982e-01
-9.982e-01
-9.976e-01
-9.988e-01
-9.982e-01
-9.982e-01
-9.982e-01
-9.982e-01
-9.982e-01
-9.982e-01
-9.982e-01
-9.982e-01
-9.982e-01
-9.982e-01
-9.982e-01
-9.982e-01
-9.982e-01
-9.982e-01
-9.982e-01
-9.982e-01
-9.982e-01
-9.982e-01
-9.982e-01
-9.976e-01
-9.988e-01
-9.982e-01
-9.982e-01
-9.982e-01
-9.982e-01
-9.982e-01
-9.982e-01
-9.982e-01
-9.982e-01
-9.982e-01
-9.982e-01
-9.982e-01
-9.982e-01
-9.982e-01
-9.982e-01
-9.982e-01
-9.982e-01
-9.982e-01
-9.982e-01
-9.982e-01
-9.976e-01
-9.988e-01
-9.982e-01
-9.982e-01
-9.982e-01
-9.982e-01
-9.982e-01
-9.982e-01
-9.982e-01
-9.982e-01
-9.982e-01
-9.982e-01
-9.982e-01
-9.982e-01
-9.982e-01
-9.982e-01
-9.982e-01
-9.982e-01
-9.982e-01
-9.982e-01
-9.982e-01
-9.976e-01
-9.988e-01
-9.982e-01
-9.982e-01
-9.982e-01
-9.982e-01
-9.982e-01
-9.982e-01
-9.982e-01
-9.982e-01
-9.982e-01
-9.982e-01
-9.982e-01
-9.982e-01
-9.982e-01
-9.982e-01
-9.982e-01
-9.982e-01
-9.982e-01
-9.982e-01
-9.982e-01
-9.976e-01
-9.988e-01
-9.982e-01
-9.982e-01
-9.982e-01
-9.982e-01
-9.982e-01
-9.982e-01
-9.982e-01
-9.982e-01
-9.982e-01
-9.982e-01
-9.982e-01
-9.982e-01
-9.982e-01
-9.982e-01
-9.982e-01
-9.982e-01
-9.982e-01
-9.982e-01
-9.982e-01
-9.976e-01
-9.988e-01
-9.982e-01
-9.982e-01
-9.982e-01
-9.982e-01
-9.982e-01
-9.982e-01
-9.982e-01
-9.982e-01
-9.982e-01
-9.982e-01
-9.982e-01
-9.982e-01
-9.982e-01
-9.982e-01
-9.982e-01
-9.982e-01
-9.982e-01
-9.982e-01
-9.982e-01
-9.976e-01
-9.988e-01
-9.982e-01
-9.982e-01
-9.982e-01
-9.982e-01
-9.982e-01
-9.982e-01
-9.982e-01
-9.982e-01
-9.982e-01
-9.982e-01
-9.982e-01
-9.982e-01
-9.982e-01
-9.982e-01
-9.982e-01
-9.982e-01
-9.982e-01
-9.982e-01
-9.982e-01
-9.976e-01
-9.988e-01
-9.982e-01
-9.982e-01
-9.982e-01
-9.982e-01
-9.982e-01
-9.982e-01
-9.982e-01
-9.982e-01
-9.982e-01
-9.982e-01
-9.982e-01
-9.982e-01
-9.982e-01
-9.982e-01
-9.982e-01
-9.982e-01
-9.982e-01
-9.982e-01
-9.982e-01
-9.976e-01
-9.988e-01
-9.982e-01
-9.982e-01
-9.982e-01
-9.982e-01
-9.982e-01
-9.982e-01
-9.982e-01
-9.982e-01
-9.982e-01
-9.982e-01
-9.982e-01
-9.982e-01
-9.982e-01
-9.982e-01
-9.982e-01
-9.982e-01
-9.982e-01
-9.982e-01
-9.982e-01
-9.976e-01
-9.988e-01
-9.982e-01
-9.982e-01
-9.982e-01
-9.982e-01
-9.982e-01
-9.982e-01
-9.982e-01
-9.982e-01
-9.982e-01
-9.982e-01
-9.982e-01
-9.982e-01
-9.982e-01
-9.982e-01
-9.982e-01
-9.982e-01
-9.982e-01
-9.982e-01
-9.982e-01
-9.976e-01
-9.988e-01
-9.982e-01
-9.982e-01
-9.982e-01
-9.982e-01
-9.982e-01
-9.982e-01
-9.982e-01
-9.982e-01
-9.982e-01
-9.982e-01
-9.982e-01
-9.982e-01
-9.982e-01
-9.982e-01
-9.982e-01
-9.982e-01
-9.982e-01
-9.982e-01
-9.982e-01
-9.976e-01
-9.988e-01
-9.982e-01
-9.982e-01
-9.982e-01
-9.982e-01
-9.982e-01
-9.982e-01
-9.982e-01
-9.982e-01
-9.982e-01
-9.982e-01
-9.982e-01
-9.982e-01
-9.982e-01
-9.982e-01
-9.982e-01
-9.982e-01
-9.982e-01
-9.982e-01
-9.982e-01
-9.976e-01
-9.988e-01
-9.982e-01
-9.982e-01
-9.982e-01
-9.982e-01
-9.982e-01
-9.982e-01
-9.982e-01
-9.982e-01
-9.982e-01
-9.982e-01
-9.982e-01
-9.982e-01
-9.982e-01
-9.982e-01
-9.982e-01
-9.982e-01
-9.982e-01
-9.982e-01
-9.982e-01
-9.976e-01
-9.988e-01
-9.982e-01
-9.982e-01
-9.982e-01
-9.982e-01
-9.982e-01
-9.982e-01
-9.982e-01
-9.982e-01
-9.982e-01
-9.982e-01
-9.982e-01
-9.982e-01
-9.982e-01
-9.982e-01
-9.982e-01
-9.982e-01
-9.982e-01
-9.982e-01
-9.982e-01
-9.976e-01
-9.988e-01
-9.982e-01
-9.982e-01
-9.982e-01
-9.982e-01
-9.982e-01
-9.982e-01
-9.982e-01
-9.982e-01
-9.982e-01
-9.982e-01
-9.982e-01
-9.982e-01
-9.982e-01
-9.982e-01
-9.982e-01
-9.982e-01
-9.982e-01
-9.982e-01
-9.982e-01
-9.976e-01
-9.988e-01
-9.982e-01
-9.982e-01
-9.982e-01
-9.982e-01
-9.982e-01
-9.982e-01
-9.982e-01
-9.982e-01
-9.982e-01
-9.982e-01
-9.982e-01
-9.982e-01
-9.982e-01
-9.982e-01
-9.982e-01
-9.982e-01
-9.982e-01
-9.982e-01
-9.982e-01
-9.976e-01
-9.988e-01
-9.982e-01
-9.982e-01
-9.982e-01
-9.982e-01
-9.982e-01
-9.982e-01
-9.982e-01
-9.982e-01
-9.982e-01
-9.982e-01
-9.982e-01
-9.982e-01
-9.982e-01
-9.982e-01
-9.982e-01
-9.982e-01
-9.982e-01
-9.982e-01
-9.982e-01
-9.976e-01
-9.988e-01
-9.982e-01
-9.982e-01
-9.982e-01
-9.982e-01
-9.982e-01
-9.982e-01
-9.982e-01
-9.982e-01
-9.982e-01
-9.982e-01
-9.982e-01
-9.982e-01
-9.982e-01
-9.982e-01
-9.982e-01
-9.982e-01
-9.982e-01
-9.982e-01
-9.982e-01
-9.976e-01
-9.982e-01
-9.976e-01
-9.976e-01
-9.976e-01
-9.976e-01
-9.976e-01
-9.976e-01
-9.976e-01
-9.976e-01
-9.976e-01
-9.976e-01
-9.976e-01
-9.976e-01
-9.976e-01
-9.976e-01
-9.976e-01
-9.976e-01
-9.976e-01
-9.976e-01
-9.976e-01
-9.970e-01
