2.03167517596086e+01
4.46029702473764e+01
2.85864766932366e+01
5.35412748656488e+01
4.26118918274197e+01
3.69030105172261e+01
3.16494682542971e+01
3.40631336142997e+01
4.12568785073462e+01
1.27413284163170e+01
-1.12231064655888e+01
-2.26044301301322e+00
1.79269995308499e+00
1.69837357481141e+01
2.67053710469504e+01
5.06420154312160e+01
2.12668309606154e+01
4.14200583701269e+01
2.22188867313658e+01
3.57751313672461e+01
3.79730381677822e+01
2.75956514362207e+01
3.20527854056251e+01
3.35766651299439e+01
3.05257034061802e+01
3.33271575386527e+01
3.34527554751556e+01
3.76739754614065e+01
2.42312322150920e+01
3.93276331240857e+01
3.77111254989600e+01
2.71620211280861e+01
1.63853684504279e+01
2.40247967792584e+01
1.56203846187484e+01
3.45888299673599e+01
3.27312775728791e+01
3.36268556218770e+01
3.87314159256861e+01
2.93687857907901e+01
1.84758825227377e+01
2.49162644980735e+01
4.37077328478196e+01
3.56435933497429e+01
3.29363093770621e+01
4.21538203315374e+01
3.13458960367116e+01
3.37213168915550e+01
5.95339397013911e+01
3.40156409730227e+01
4.19723012573933e+01
2.74753403915698e+01
4.85426746420450e+01
2.59867988602679e+01
2.77296588289124e+01
2.84671565917759e+01
3.08032144621728e+01
3.28532170234987e+01
2.71614170107041e+01
7.21052248586947e+00
1.68561602627525e+01
3.88257236779430e+01
2.89223763991392e+01
2.11319392901228e+01
3.15383675147040e+01
3.71278332262777e+01
3.48162971599912e+01
2.37135430432102e+01
2.75935083208278e+01
2.05294910712786e+01
3.10665736862708e+01
3.14981868205943e+01
3.00006114723607e+01
3.16490366637143e+01
3.31267046794791e+01
2.97492272529988e+01
3.08427478521793e+01
3.55268766204504e+01
2.99619735910397e+01
2.87919777279105e+01
3.05940740555960e+01
3.12901927508224e+01
2.66911811031112e+01
3.51032225661587e+01
3.17249168816959e+01
3.30482812666692e+01
3.42426890749822e+01
3.19531299047953e+01
3.16094061265485e+01
3.11296081963165e+01
3.03828688699902e+01
3.12633633038969e+01
3.05977833083784e+01
3.20777304690823e+01
3.11532156105951e+01
3.27428590065858e+01
3.14235965005565e+01
3.18244763557199e+01
3.20349585350149e+01
3.16826382113035e+01
3.32702212690623e+01
2.98449882717701e+01
3.30745687341717e+01
3.18569631150849e+01
3.17141751665016e+01
3.15010529099086e+01
3.26919955040026e+01
3.69408910579032e+01
3.33340432498377e+01
3.36286441848220e+01
3.35892813081647e+01
3.28676630430683e+01
3.06032167719876e+01
3.34980288217538e+01
3.01917372380783e+01
3.09883038309702e+01
3.63361672381024e+01
3.03859635083115e+01
3.39119311405900e+01
3.10266993356745e+01
3.31690283201331e+01
3.53464581978941e+01
2.82885984372030e+01
3.22402989175792e+01
3.08587729407299e+01
3.05910229815185e+01
3.28550670710410e+01
3.42151215314820e+01
3.22967323577426e+01
3.06897889295923e+01
2.74396951921182e+01
3.53843484665359e+01
3.08614690803238e+01
3.10178869696969e+01
3.03584956752458e+01
2.88984569716122e+01
1.83446153831765e+01
1.63809355754061e+01
2.61940375863874e+01
2.67845434627940e+01
2.91603451973391e+01
3.00561375549024e+01
2.88405619979444e+01
2.88866440276597e+01
3.19417365514265e+01
3.09930408656121e+01
3.10050938796329e+01
3.08329152340761e+01
3.18295136760000e+01
2.71278948831963e+01
3.17534137921964e+01
3.02052838032998e+01
3.13271225257395e+01
3.19696632065773e+01
3.11277872001878e+01
3.06084477876498e+01
3.00437448400256e+01
3.04343377900447e+01
3.01368640622070e+01
3.00372630458857e+01
3.09304058089837e+01
3.02902752456404e+01
3.12543113558159e+01
3.05741741153388e+01
3.07721785533929e+01
3.09123642804272e+01
3.04272278331261e+01
3.18221697111366e+01
3.05249693566852e+01
3.11854780315724e+01
3.15113172401874e+01
3.06087752442588e+01
3.05356393602039e+01
3.11350642517824e+01
3.28611850963616e+01
3.31016899706294e+01
3.25981836381628e+01
3.11272452409420e+01
3.16192110310257e+01
3.00046607929019e+01
3.21367303702668e+01
2.98651117215654e+01
3.03697672503949e+01
3.31706003231854e+01
2.98874962117003e+01
3.18195827078163e+01
3.01925724326978e+01
3.16499454629292e+01
3.27603070943081e+01
2.92297914640082e+01
3.05976349735238e+01
3.06358170932901e+01
2.99479002879870e+01
3.12112009108042e+01
3.24219080177331e+01
3.28407958848187e+01
3.05038714363523e+01
2.76206693537425e+01
3.11523256450070e+01
3.05389309917829e+01
2.94555539625375e+01
2.83552617081792e+01
2.61109176500827e+01
1.57727500898814e+01
1.32141742177589e+01
2.18745147460943e+01
2.59017107669622e+01
2.77459520457591e+01
2.76271997372587e+01
2.78202185633467e+01
3.01889463462801e+01
2.95720337898147e+01
3.01280389656111e+01
3.01538571598789e+01
3.06878227393169e+01
2.73851351525037e+01
3.03002298607242e+01
2.93912963945425e+01
3.01777606587341e+01
3.07289201765352e+01
3.00697104378207e+01
2.99827658044955e+01
2.93480410070651e+01
2.96544342518442e+01
2.97534984752910e+01
2.92485639995825e+01
3.00976449912010e+01
2.95515713756233e+01
3.03068848743183e+01
2.97229911380585e+01
2.99704091081997e+01
3.00829761871369e+01
2.96228486191284e+01
3.06142398181311e+01
2.99186329037468e+01
3.04282888587001e+01
3.02879008653112e+01
3.00698427510838e+01
2.96052716471694e+01
3.01285038115896e+01
3.12992208343036e+01
3.13840867863893e+01
3.13975183693191e+01
3.03545539569966e+01
3.03750556207424e+01
2.94523464424559e+01
3.10561577328191e+01
2.92899206367786e+01
2.97103586329365e+01
3.16015942546456e+01
2.94006298185288e+01
3.07446311805107e+01
2.93090540617028e+01
3.07097677002854e+01
3.13439149579421e+01
2.88274887503819e+01
3.01158129896584e+01
2.96450478898095e+01
2.94470153579526e+01
3.00333252462204e+01
3.08980933002227e+01
3.13722374511126e+01
2.98979703019610e+01
2.74034051509519e+01
2.96249634968252e+01
2.89806867745412e+01
2.82535149513330e+01
2.65102878427190e+01
2.36463820770542e+01
1.34045855555728e+01
1.06132442748966e+01
2.06794368772188e+01
2.46698438547503e+01
2.59897150214362e+01
2.67799150061074e+01
2.90529838692874e+01
2.87595642933179e+01
2.93496675697587e+01
2.96337386062566e+01
3.02565996962876e+01
2.75283319168928e+01
2.98454394953600e+01
2.89532588826228e+01
2.97525857917401e+01
3.01031578849806e+01
2.95945393591427e+01
2.96480209838052e+01
2.91704636203738e+01
2.92883831727502e+01
2.93651113958809e+01
2.91414086454073e+01
2.95055507237787e+01
2.92037078626836e+01
2.97573640904493e+01
2.93450104763489e+01
2.94166613273446e+01
2.95878125486520e+01
2.92272583571440e+01
2.98791413796662e+01
2.94171174268630e+01
2.98476264500415e+01
2.97349484414678e+01
2.93848052778368e+01
2.92240339375065e+01
2.93840290491417e+01
3.03739294646432e+01
3.03653889790852e+01
3.04621696823715e+01
2.97569265285395e+01
2.97279423217087e+01
2.88339636073542e+01
3.02837075997379e+01
2.88623787142334e+01
2.91102019046942e+01
3.06037326681386e+01
2.88742667481797e+01
2.99752375108869e+01
2.87510048055492e+01
2.97572186143554e+01
3.04588591813253e+01
2.84034604939098e+01
2.93261775664438e+01
2.91340210597509e+01
2.86006441864582e+01
2.92546795880017e+01
2.96890886081937e+01
3.00778067707616e+01
2.89711643731378e+01
2.69555512323437e+01
2.83781577911913e+01
2.75420036219267e+01
2.67146531908526e+01
2.49392652646162e+01
2.14296362790032e+01
1.15376531574636e+01
9.65269946141570e+00
1.94137451614189e+01
2.32375090894725e+01
2.52421387535884e+01
2.79599280895365e+01
2.81645273925171e+01
2.89317610859525e+01
2.93886307583085e+01
3.01221473600937e+01
2.80514718169843e+01
2.97934264711925e+01
2.90961447902241e+01
2.97259817321406e+01
3.01390129381306e+01
2.96156419581472e+01
2.97681535791790e+01
2.93936237476189e+01
2.94642303950749e+01
2.94278828696656e+01
2.92411498150794e+01
2.96533575832631e+01
2.91619614458744e+01
2.96851865929500e+01
2.93703576377365e+01
2.94115959995443e+01
2.94128756539488e+01
2.92363577418580e+01
2.96782671344225e+01
2.92906392360101e+01
2.95882982210001e+01
2.95505489661525e+01
2.92387815653691e+01
2.89524868279097e+01
2.92104341398117e+01
2.98592280663131e+01
2.98429908676918e+01
2.99829426165160e+01
2.94035098926205e+01
2.94240933103416e+01
2.86211056369333e+01
2.97178676450422e+01
2.86495322306257e+01
2.87943803762023e+01
2.99500979651456e+01
2.85824580430469e+01
2.94129356135899e+01
2.84358182742598e+01
2.91837685576512e+01
2.96658085528255e+01
2.81655334745557e+01
2.87678022135034e+01
2.85453333021285e+01
2.81558524382095e+01
2.84149959248774e+01
2.88895548806870e+01
2.90154182547783e+01
2.80699777736428e+01
2.63511753015400e+01
2.73274578444809e+01
2.62755634587565e+01
2.52211016913042e+01
2.32537768997723e+01
1.96130067926406e+01
1.00373320836225e+01
8.79603371858308e+00
1.80988484928946e+01
2.24440972814455e+01
2.62412237933541e+01
2.72665479926619e+01
2.85344421083631e+01
2.92571119248743e+01
3.01256525534242e+01
2.85960597604761e+01
3.01910415747745e+01
2.95109423599582e+01
3.01443880159043e+01
3.04988003174911e+01
3.01343824571077e+01
3.02511663165719e+01
2.99781439422335e+01
3.00278129819093e+01
2.99715920765948e+01
2.97175613349796e+01
3.00958124108255e+01
2.97255578518231e+01
2.99542262228479e+01
2.98146743437243e+01
2.98183869947365e+01
2.97401691450953e+01
2.95720521986631e+01
2.99135752811670e+01
2.96221190414909e+01
2.97482768095394e+01
2.97095820344180e+01
2.94786877007498e+01
2.91717914000838e+01
2.92708267672496e+01
2.99290830030360e+01
2.97063133716867e+01
2.99499249623282e+01
2.94144008113414e+01
2.94205963534701e+01
2.87335236971218e+01
2.96096022917576e+01
2.86371339506163e+01
2.87740662342101e+01
2.97104493157603e+01
2.85115663085353e+01
2.92009185611503e+01
2.83372600865222e+01
2.89273086700473e+01
2.92560247345242e+01
2.79922067965297e+01
2.85256892570710e+01
2.81934818555451e+01
2.77664035983585e+01
2.79921866365318e+01
2.81574776150625e+01
2.83173737423704e+01
2.73086853104994e+01
2.57685084738477e+01
2.63764563482428e+01
2.52066319268685e+01
2.39166062587103e+01
2.16820602289849e+01
1.79022720738343e+01
8.87652822077466e+00
8.00400446017363e+00
1.72236668525195e+01
2.31088755634045e+01
2.55394426596704e+01
2.76114004058567e+01
2.89575933074762e+01
3.00538989205796e+01
2.90351798637199e+01
3.06015303006263e+01
3.01590707452774e+01
3.07584488076558e+01
3.11258393853097e+01
3.08496121415082e+01
3.10899614379134e+01
3.08022487296006e+01
3.08673289506230e+01
3.08411699510749e+01
3.05752227771967e+01
3.08525194120581e+01
3.05465545141444e+01
3.07505345109827e+01
3.05342703275771e+01
3.06031457447378e+01
3.04432447176076e+01
3.03358379621256e+01
3.04783866721448e+01
3.03163193053761e+01
3.03557030790233e+01
3.02488036367731e+01
3.00380668546668e+01
2.97717560171040e+01
2.97906138349717e+01
3.02806673296427e+01
3.00898209281490e+01
3.02999273917233e+01
2.97947780151491e+01
2.97762574184917e+01
2.91401951999357e+01
2.98876344320426e+01
2.89946369857464e+01
2.90074140855469e+01
2.98505615077575e+01
2.87583194341321e+01
2.92880613325118e+01
2.85624868419114e+01
2.89494982143586e+01
2.91894791957508e+01
2.81146266498521e+01
2.84599172435410e+01
2.81619625679563e+01
2.76380187398801e+01
2.77269888137415e+01
2.78343887196653e+01
2.77461887590138e+01
2.68482779821609e+01
2.53160205299699e+01
2.55913116464169e+01
2.42896962029595e+01
2.28391804712609e+01
2.03365946483662e+01
1.64068413218792e+01
7.88476590746676e+00
7.44551724918961e+00
1.74659696545108e+01
2.23136574738493e+01
2.57212915468841e+01
2.79450992713264e+01
2.96719361056679e+01
2.91776361126849e+01
3.08770786418304e+01
3.06833831870387e+01
3.14771067709683e+01
3.18552469198323e+01
3.16694712453417e+01
3.20182479966995e+01
3.18620403342997e+01
3.18582207744471e+01
3.18929696400805e+01
3.16816922686403e+01
3.19151821718226e+01
3.15792435729148e+01
3.17760898557576e+01
3.16554082965363e+01
3.16081078965700e+01
3.14630411938439e+01
3.13933612763094e+01
3.14293797949325e+01
3.12662249614416e+01
3.12930283768644e+01
3.11770266260951e+01
3.09209514956270e+01
3.06549516598069e+01
3.06703846633637e+01
3.10510594310392e+01
3.07430294554252e+01
3.10712679138365e+01
3.05058910959155e+01
3.04680717411623e+01
2.98671566859935e+01
3.04918438294092e+01
2.96770807322219e+01
2.96068748443782e+01
3.03064055871909e+01
2.93144238754060e+01
2.97146898215064e+01
2.90616860083713e+01
2.93202699125202e+01
2.94192821695994e+01
2.85160425170933e+01
2.87200030882703e+01
2.83319335906911e+01
2.78204082124454e+01
2.77488313061343e+01
2.77160311195385e+01
2.75604914442505e+01
2.65311953214747e+01
2.51214833203821e+01
2.50249153555736e+01
2.35663790993342e+01
2.19646203437532e+01
1.92511708387633e+01
1.51743375176857e+01
7.06750023704082e+00
7.39685329225998e+00
1.66420689019050e+01
2.22668756118924e+01
2.58659916284021e+01
2.84664279120145e+01
2.88629465332119e+01
3.08008412306050e+01
3.09684801650428e+01
3.19746298123503e+01
3.25852052808580e+01
3.24987653802334e+01
3.29298263542499e+01
3.29206294010485e+01
3.30063800397848e+01
3.30128762498527e+01
3.28847749917037e+01
3.31647344104092e+01
3.28254112091338e+01
3.29482703739221e+01
3.29349953803591e+01
3.29245083316926e+01
3.26522921140995e+01
3.26835533326842e+01
3.26379102480636e+01
3.25093934235782e+01
3.24449857812602e+01
3.23731142988675e+01
3.21232264050416e+01
3.18033135100827e+01
3.17912869093340e+01
3.21458383535648e+01
3.17554684787479e+01
3.20730781491229e+01
3.15603580103590e+01
3.14553136458273e+01
3.08694400477892e+01
3.14072134339833e+01
3.06281968098662e+01
3.05063812626879e+01
3.11003209945559e+01
3.01314774644346e+01
3.04451977492991e+01
2.98406327776261e+01
2.99682477384713e+01
2.99838527654655e+01
2.91524163758881e+01
2.92612288144368e+01
2.88013796357844e+01
2.82051460828728e+01
2.80709663420550e+01
2.78788649477469e+01
2.75903512872906e+01
2.65379554439091e+01
2.50627553426254e+01
2.47532595246586e+01
2.30643498645297e+01
2.12970598376061e+01
1.83892775836316e+01
1.42044119088951e+01
6.41850722312255e+00
6.93013488675800e+00
1.63975094971847e+01
2.21912853627360e+01
2.61426875518097e+01
2.76353034045352e+01
3.02273345479758e+01
3.08341240173364e+01
3.21630516310406e+01
3.30236251783204e+01
3.32372479500921e+01
3.37783967804247e+01
3.38696204716166e+01
3.41000024876289e+01
3.42192076065336e+01
3.40872001416363e+01
3.44405450125178e+01
3.41927807532024e+01
3.42756812376671e+01
3.42721301050493e+01
3.43434730267783e+01
3.40856980343306e+01
3.40667864251396e+01
3.40329987676547e+01
3.39302851666430e+01
3.38352669138257e+01
3.37208051677929e+01
3.35251790583861e+01
3.32072965393621e+01
3.31215706535440e+01
3.34342664491147e+01
3.30446300036161e+01
3.33466988246920e+01
3.27940473284349e+01
3.27178080365016e+01
3.21095606506269e+01
3.25648227771017e+01
3.18206256824181e+01
3.16415297388657e+01
3.21631602097924e+01
3.12050581145112e+01
3.14218740886669e+01
3.08559731753047e+01
3.08720842879190e+01
3.07996401650429e+01
3.00433030547530e+01
3.00218336187009e+01
2.95134209783314e+01
2.88476878251276e+01
2.85847332465705e+01
2.83130537199050e+01
2.78743455251228e+01
2.67317863534683e+01
2.52552788799064e+01
2.46448889239495e+01
2.28280024010591e+01
2.08423708305521e+01
1.77336601794789e+01
1.34465845012099e+01
5.91762724388419e+00
6.72662858987915e+00
1.61562371013888e+01
2.22216849697124e+01
2.52655840733676e+01
2.86976047798183e+01
3.01479370156033e+01
3.18738508899342e+01
3.30971078331430e+01
3.36240440776020e+01
3.44683045751167e+01
3.47006340300781e+01
3.50257919812298e+01
3.53184645779708e+01
3.53201293463245e+01
3.56611562787831e+01
3.55226559977998e+01
3.56874414896484e+01
3.56931561281012e+01
3.57544938595300e+01
3.55827929158797e+01
3.56152206745416e+01
3.54847745210169e+01
3.54679285380226e+01
3.53594757458158e+01
3.52440929095957e+01
3.50191123240978e+01
3.47518120069723e+01
3.46528626097107e+01
3.48851499308713e+01
3.44778135750173e+01
3.48228449581088e+01
3.42349462243126e+01
3.41142282437667e+01
3.35537810347192e+01
3.39274959697113e+01
3.31829172824938e+01
3.29806431439174e+01
3.34264269804005e+01
3.24752954477133e+01
3.26137674140082e+01
3.20596669470766e+01
3.19811773760423e+01
3.18301850026690e+01
3.11098332514473e+01
3.10050477428225e+01
3.04059195777679e+01
2.96852881586045e+01
2.93185643423116e+01
2.89143400895561e+01
2.83862403336906e+01
2.71300006446107e+01
2.55890565758112e+01
2.47754998300261e+01
2.27400934679933e+01
2.06179898510205e+01
1.72723257535205e+01
1.28692464488180e+01
5.53108988998096e+00
6.53964281239392e+00
1.60010287386388e+01
2.13385362053225e+01
2.60095658086880e+01
2.84851864936067e+01
3.09903977184910e+01
3.26603227523547e+01
3.35985780116226e+01
3.47580929874996e+01
3.53226000444337e+01
3.58005198436741e+01
3.61984983643045e+01
3.64070929355306e+01
3.68703752249520e+01
3.67505084245115e+01
3.70199180892456e+01
3.71515200232029e+01
3.71986958687545e+01
3.70294897583437e+01
3.71766917082342e+01
3.70647462557930e+01
3.70074985230429e+01
3.69582670843030e+01
3.68495879678676e+01
3.66326466035462e+01
3.63393826598636e+01
3.62768277350869e+01
3.64965119036008e+01
3.60327795266064e+01
3.63791384626831e+01
3.58283855311304e+01
3.56642715950659e+01
3.50820742604316e+01
3.54473382033095e+01
3.46916509537615e+01
3.44475322001537e+01
3.48507200676874e+01
3.38861238137541e+01
3.39631809563265e+01
3.34087612485365e+01
3.32497652164623e+01
3.30248091284845e+01
3.23135767844536e+01
3.21305629150382e+01
3.14739154668143e+01
3.06579085099983e+01
3.02067453660078e+01
2.96965225425180e+01
2.90315502861514e+01
2.76992872063584e+01
2.60694459376746e+01
2.50397635901534e+01
2.28470787524482e+01
2.05193026545330e+01
1.70062477515120e+01
1.24503059994358e+01
5.23577148859717e+00
6.40163068473266e+00
1.52327170428177e+01
2.17715552486430e+01
2.56718143723251e+01
2.91012857979303e+01
3.15975129912763e+01
3.30381759061132e+01
3.45944675615727e+01
3.55095667546640e+01
3.63363644118913e+01
3.68977118332517e+01
3.72350531285014e+01
3.79010177091201e+01
3.79323950515877e+01
3.82200092430945e+01
3.84839367746666e+01
3.86487826721733e+01
3.84750967046207e+01
3.86379948430001e+01
3.86352452927911e+01
3.86268577819996e+01
3.85267291958117e+01
3.84868914929989e+01
3.82875088125841e+01
3.80025754845665e+01
3.79037235495983e+01
3.81632484408354e+01
3.77151454983537e+01
3.79986532052535e+01
3.74576721396858e+01
3.73251430465145e+01
3.67150849956619e+01
3.70190744282561e+01
3.62983082522909e+01
3.60253163037902e+01
3.63606665761994e+01
3.54062237191915e+01
3.54195786773495e+01
3.48583102011151e+01
3.46280809392488e+01
3.43445559863328e+01
3.36154506181553e+01
3.33573616064415e+01
3.26461486827631e+01
3.17612277879935e+01
3.11945126927519e+01
3.05961165170159e+01
2.98158142682293e+01
2.83616963386071e+01
2.66633718456499e+01
2.54337616633344e+01
2.30612762718710e+01
2.05746725042562e+01
1.68484640419012e+01
1.21804861657103e+01
5.01641965899307e+00
6.03549366095511e+00
1.53952916060029e+01
2.13511193020413e+01
2.60563177025054e+01
2.95145797486745e+01
3.18286604123535e+01
3.38760197641691e+01
3.52139928257790e+01
3.64148217539016e+01
3.73309335026589e+01
3.78589168702162e+01
3.86395089030464e+01
3.89099417508803e+01
3.93518506655686e+01
3.96509420808786e+01
3.99384795148698e+01
3.99088289297770e+01
4.00622970335606e+01
4.00806386178438e+01
4.02056021470547e+01
4.01469848281383e+01
4.00610318726061e+01
3.99390425909292e+01
3.96765218733978e+01
3.95738968838810e+01
3.98038788820515e+01
3.94215681109761e+01
3.97007818040812e+01
3.91179195526892e+01
3.89851780276776e+01
3.84205120331495e+01
3.86646252725980e+01
3.79174953749756e+01
3.76725128789639e+01
3.79513443880306e+01
3.69671744539028e+01
3.69559396513152e+01
3.63699513258524e+01
3.60773456657428e+01
3.57390023068640e+01
3.49940638745424e+01
3.46523299637391e+01
3.38827965352759e+01
3.29313964001328e+01
3.22788446856343e+01
3.15653791178971e+01
3.06819799398140e+01
2.91226167093919e+01
2.73105868632574e+01
2.59222505386702e+01
2.33765000928911e+01
2.07124197279586e+01
1.68135388413273e+01
1.19952748044457e+01
4.86458521170910e+00
6.04094836774890e+00
1.49823436481483e+01
2.15223735324564e+01
2.62781488723429e+01
2.95943835670324e+01
3.24853636528762e+01
3.43520211198582e+01
3.59830510245451e+01
3.72859118257750e+01
3.81959336515083e+01
3.91559425498157e+01
3.95687461551182e+01
4.02612800970182e+01
4.07259572511903e+01
4.10389721527526e+01
4.11578186431931e+01
4.14538054315112e+01
4.14684171739847e+01
4.16290297904363e+01
4.17080211111625e+01
4.16605985891728e+01
4.15012158218191e+01
4.13199371044701e+01
4.12311518348410e+01
4.14633363829130e+01
4.10792194357080e+01
4.13930818217977e+01
4.08368447093850e+01
4.06491819118688e+01
4.00932103965981e+01
4.03592310678146e+01
3.95760541927242e+01
3.93070114332711e+01
3.95780045769857e+01
3.85754405601679e+01
3.85062878155974e+01
3.79256580100359e+01
3.75661438940149e+01
3.71762381855280e+01
3.64005153614861e+01
3.60008070386148e+01
3.51595471440294e+01
3.41334225373582e+01
3.34036621009168e+01
3.26040847104038e+01
3.15894737183300e+01
2.99319503900480e+01
2.80187161525096e+01
2.64523764837425e+01
2.37603739371084e+01
2.09259822910628e+01
1.68455438028565e+01
1.18994156819660e+01
4.75215641629999e+00
5.83230897413810e+00
1.49899344513978e+01
2.15761123271864e+01
2.62192698331836e+01
3.00613917233963e+01
3.28056895301911e+01
3.49794963531249e+01
3.67098233847831e+01
3.80384593897488e+01
3.93686543698087e+01
3.99910131751892e+01
4.08295935931857e+01
4.15593873917487e+01
4.20321491600134e+01
4.22000618391151e+01
4.26359613069685e+01
4.28156910686982e+01
4.29724076826490e+01
4.30938019342894e+01
4.31829233435328e+01
4.30686525275723e+01
4.28541779446352e+01
4.28376785343563e+01
4.30947000171335e+01
4.27341525554449e+01
4.30091251475827e+01
4.25238174887050e+01
4.23528504018080e+01
4.17476688778864e+01
4.19998261525795e+01
4.12580830414943e+01
4.09622052622821e+01
4.11715213355703e+01
4.01930108122874e+01
4.00850978363180e+01
3.94654541172528e+01
3.90809805040591e+01
3.86320599926210e+01
3.78157014010560e+01
3.73564003279317e+01
3.64664614565098e+01
3.53512036067831e+01
3.45375716780864e+01
3.36632619178140e+01
3.25441218085068e+01
3.07600711061043e+01
2.87466735585715e+01
2.70312882483924e+01
2.41713520494701e+01
2.11887546100776e+01
1.69380024532374e+01
1.18538911586637e+01
4.67894936163139e+00
5.79079738084824e+00
1.49274158882099e+01
2.14136783816850e+01
2.65012663178206e+01
3.02271968049778e+01
3.32761834451927e+01
3.55572312444202e+01
3.73302147823659e+01
3.90714976468957e+01
4.00961973545749e+01
4.11491674456951e+01
4.20305694681972e+01
4.27695387930583e+01
4.31229694320737e+01
4.35942829212581e+01
4.39360259382571e+01
4.42642750891444e+01
4.43836479090956e+01
4.45114917354081e+01
4.45448500493906e+01
4.43783668847662e+01
4.43198040808885e+01
4.46591673228684e+01
4.43496643102114e+01
4.46049772761434e+01
4.41184777776308e+01
4.40070205924039e+01
4.34261748027876e+01
4.36078034209932e+01
4.28654688769479e+01
4.26255477256391e+01
4.27691852922033e+01
4.17578030028623e+01
4.16578076591409e+01
4.10124827688051e+01
4.05639797697210e+01
4.00979112889426e+01
3.92256294674361e+01
3.87049336036865e+01
3.77642393791396e+01
3.65817926388368e+01
3.56712924719044e+01
3.47152624238795e+01
3.35023537764303e+01
3.16150275419999e+01
2.94745302299515e+01
2.76220089996465e+01
2.46175232140594e+01
2.14687966708104e+01
1.70688139010664e+01
1.18531551474868e+01
4.62870145474756e+00
5.72791745786917e+00
1.47269715211603e+01
2.15319335981927e+01
2.65277291961051e+01
3.05404301898852e+01
3.36965898351583e+01
3.60433095482808e+01
3.82073300016922e+01
3.96808799544448e+01
4.11397816650773e+01
4.22416204246135e+01
4.31289289076749e+01
4.37789531701781e+01
4.44233303473211e+01
4.48200676658440e+01
4.53116878825058e+01
4.56159197071148e+01
4.57309860008839e+01
4.58123947054768e+01
4.58003872781778e+01
4.57813574514740e+01
4.60866965892633e+01
4.58831638817684e+01
4.61475567956010e+01
4.56787738539911e+01
4.55551982680231e+01
4.50404134550982e+01
4.52310747061662e+01
4.44265378833319e+01
4.41983628673089e+01
4.43636597258393e+01
4.33120691859302e+01
4.31651948267204e+01
4.25373775605616e+01
4.20440059812167e+01
4.15181360311800e+01
4.06276238961772e+01
4.00373588825819e+01
3.90416135078413e+01
3.77889531142103e+01
3.68061935994299e+01
3.57560772408115e+01
3.44410686887569e+01
3.24619126877869e+01
3.02133812167719e+01
2.82084275728606e+01
2.50676107121252e+01
2.17740813811714e+01
1.72141900683681e+01
1.18807667017800e+01
4.59835067236904e+00
5.61657399918234e+00
1.47246959390527e+01
2.14519828510006e+01
2.66928915988964e+01
3.08061201788307e+01
3.40402764935854e+01
3.67622522925419e+01
3.86867818158487e+01
4.05981815455790e+01
4.21130291284522e+01
4.32211172272819e+01
4.40425539752311e+01
4.49748633544711e+01
4.55668541590689e+01
4.61102949005353e+01
4.65892563926096e+01
4.68877754185887e+01
4.69596278602737e+01
4.70018881823477e+01
4.71325446332014e+01
4.74856884085257e+01
4.72689756747139e+01
4.75982532679913e+01
4.71783218788704e+01
4.70588347881329e+01
4.65380864217334e+01
4.67805354153042e+01
4.59935127582380e+01
4.57162714879743e+01
4.58575212299626e+01
4.48516974357247e+01
4.46540571233036e+01
4.39847397907572e+01
4.34941669722366e+01
4.29264319832769e+01
4.19702625547343e+01
4.13541022017450e+01
4.02932121006787e+01
3.89657917691481e+01
3.79093961508849e+01
3.67893258990915e+01
3.53609127849851e+01
3.32805048837641e+01
3.09355034722682e+01
2.88027203117769e+01
2.55104018816053e+01
2.20799184790950e+01
1.73807382108631e+01
1.19208643771363e+01
4.58115972073135e+00
5.58393431522822e+00
1.45950274526292e+01
2.14925379025998e+01
2.68175062759238e+01
3.10118406048116e+01
3.45951969119526e+01
3.71132107671642e+01
3.94633178506181e+01
4.14423227296532e+01
4.29667751077284e+01
4.40318979870180e+01
4.51221259646183e+01
4.60277069902914e+01
4.67645288133889e+01
4.73034150733807e+01
4.77735482981487e+01
4.80406435995410e+01
4.80738564292002e+01
4.82534273507663e+01
4.87670966103330e+01
4.86177491333671e+01
4.88929159624827e+01
4.85757618614488e+01
4.84957067126714e+01
4.79821582885780e+01
4.82051636867198e+01
4.74780430246602e+01
4.72348233088527e+01
4.72903239365293e+01
4.62811737425739e+01
4.61220658622790e+01
4.54052322017321e+01
4.48601081041267e+01
4.42984671604018e+01
4.32925386189162e+01
4.26049226944724e+01
4.15227963359172e+01
4.01110764047282e+01
3.89766151199091e+01
3.77863475923963e+01
3.62689911248689e+01
3.40757270793371e+01
3.16241083219367e+01
2.93801977555728e+01
2.59578159312250e+01
2.23779713757337e+01
1.75490260508214e+01
1.19779952718422e+01
4.57073636789958e+00
5.50591395795925e+00
1.45532947479428e+01
2.15035675821943e+01
2.68989915686507e+01
3.14044210968745e+01
3.48169025394975e+01
3.77482253093477e+01
4.01674614352503e+01
4.21638263220148e+01
4.36679626898682e+01
4.49903925924448e+01
4.60722783547372e+01
4.71246778427175e+01
4.78674596288487e+01
4.83917800083993e+01
4.88399564397235e+01
4.90768154673967e+01
4.92383016370472e+01
4.98084430442096e+01
4.98418879397786e+01
5.01471262791694e+01
4.98099556706298e+01
4.98228605502420e+01
4.93549614048403e+01
4.95713851988542e+01
4.88314250117754e+01
4.86627577623789e+01
4.87210086565477e+01
4.76442647493939e+01
4.74729500007533e+01
4.67984422067025e+01
4.61957151187673e+01
4.55808343596516e+01
4.45721194152152e+01
4.38318121032118e+01
4.26812385931236e+01
4.12303805280012e+01
4.00092498465622e+01
3.87438881416165e+01
3.71379479855962e+01
3.48553065928736e+01
3.22871270063443e+01
2.99259794963979e+01
2.63896400111927e+01
2.26806214581764e+01
1.77131992817476e+01
1.20385079186504e+01
4.56845580818192e+00
5.46425669530189e+00
1.44963137956133e+01
2.14875104409031e+01
2.71405950847727e+01
3.15056855371257e+01
3.53053375242177e+01
3.83129361360881e+01
4.07505441149426e+01
4.27494824938779e+01
4.45005350354551e+01
4.58329365240820e+01
4.70584289332991e+01
4.81304403201468e+01
4.88567537982959e+01
4.93646847374623e+01
4.97891476660255e+01
5.01531403430822e+01
5.07070460394108e+01
5.08174515256111e+01
5.12731592391234e+01
5.09983365368002e+01
5.09808538922670e+01
5.06116373660964e+01
5.08633884243653e+01
5.01216739032720e+01
4.99533102538558e+01
5.00576315281833e+01
4.90014376267182e+01
4.87543718512373e+01
4.80688007324605e+01
4.75012153293288e+01
4.68298191297024e+01
4.57583072295380e+01
4.50139407883220e+01
4.38121758284176e+01
4.22764301358164e+01
4.10143097208656e+01
3.96651784814412e+01
3.79666080681510e+01
3.55960870128020e+01
3.29328624867353e+01
3.04489225383650e+01
2.67931343178167e+01
2.29705450229378e+01
1.78831235522739e+01
1.20987300876965e+01
4.56904222264547e+00
5.41855254874046e+00
1.44264135360618e+01
2.16002668915061e+01
2.71396338370674e+01
3.18502819149452e+01
3.57288488422391e+01
3.87610847794511e+01
4.12141576507977e+01
4.34515784873588e+01
4.52308701592815e+01
4.67045516447653e+01
4.79577368126891e+01
4.90154091299579e+01
4.97332934583802e+01
5.02210543373167e+01
5.07699216535422e+01
5.15346135709103e+01
5.16431522873576e+01
5.21452534305630e+01
5.20540127657442e+01
5.20899362494195e+01
5.16947655042138e+01
5.20349124310829e+01
5.13353808798633e+01
5.11753228226579e+01
5.12533828691269e+01
5.02606058560821e+01
5.00288540704512e+01
4.92670557457578e+01
4.86806372999775e+01
4.80463958848067e+01
4.69089495920109e+01
4.61009462800904e+01
4.48975727362556e+01
4.32942669962919e+01
4.19457630754001e+01
4.05583633878995e+01
3.87601874343945e+01
3.62973845815732e+01
3.35416641430052e+01
3.09571819907816e+01
2.71774845418180e+01
2.32376358498163e+01
1.80454151225651e+01
1.21651481705526e+01
4.57088934638236e+00
5.37035312584190e+00
1.44457501140660e+01
2.15270960813469e+01
2.73511570491937e+01
3.21379929148497e+01
3.60447375123172e+01
3.91061771129785e+01
4.17823561954688e+01
4.40650557693354e+01
4.59842948740649e+01
4.74943790599973e+01
4.87319420544688e+01
4.97913391724761e+01
5.04945590707277e+01
5.11016935036870e+01
5.20556197899422e+01
5.23959810442267e+01
5.28654823317933e+01
5.28502588729089e+01
5.30630642530689e+01
5.27260732197372e+01
5.30289807581755e+01
5.24254068005776e+01
5.23186166127429e+01
5.23800470433673e+01
5.13765878276898e+01
5.12025197982228e+01
5.04567535783627e+01
4.97872545268053e+01
4.91344132194086e+01
4.80257743777065e+01
4.71521665138346e+01
4.58866741721772e+01
4.42666726371712e+01
4.28493759145987e+01
4.13785120925925e+01
3.95270586922841e+01
3.69650920492107e+01
3.41133182426928e+01
3.14328596008314e+01
2.75498587535602e+01
2.34904105318912e+01
1.81920962671889e+01
1.22287558709032e+01
4.57640361803785e+00
5.35658656532976e+00
1.43456372813288e+01
2.16256676514723e+01
2.75162154996027e+01
3.23304913315146e+01
3.62737237736716e+01
3.95443314318816e+01
4.22739381767354e+01
4.46968913437396e+01
4.66617762551241e+01
4.81571767766398e+01
4.94018937406779e+01
5.04542419716731e+01
5.12747076945738e+01
5.22859983718873e+01
5.28350538958781e+01
5.35143712863395e+01
5.34904353248321e+01
5.37719553168597e+01
5.36190847036458e+01
5.39705017736222e+01
5.33363375163242e+01
5.33334708716151e+01
5.34276083181349e+01
5.24213621005700e+01
5.22306623879103e+01
5.15436643726175e+01
5.08856580851315e+01
5.01492739391650e+01
4.90139286900846e+01
4.81694696032037e+01
4.68399326576953e+01
4.51445784490876e+01
4.37089643426723e+01
4.21714765018985e+01
4.02238375547108e+01
3.76079511970146e+01
3.46541747490695e+01
3.18759394122362e+01
2.78953109983874e+01
2.37355790411614e+01
1.83301377529019e+01
1.22839283137412e+01
4.58200194331494e+00
5.30032153771724e+00
1.43628370492477e+01
2.16901641468815e+01
2.76021526215065e+01
3.24528401198817e+01
3.65860705997099e+01
3.99186240563789e+01
4.27816896442388e+01
4.52593100028784e+01
4.72124666122497e+01
4.87209511845158e+01
4.99625702548409e+01
5.11315791775195e+01
5.23562575938780e+01
5.29788972008375e+01
5.38455877704331e+01
5.40590353538977e+01
5.43221291520848e+01
5.42451371150790e+01
5.47719960126497e+01
5.41937292198092e+01
5.41658614899558e+01
5.43459176601497e+01
5.33866845362920e+01
5.31867192415940e+01
5.24841734520498e+01
5.18806533176297e+01
5.11561117433975e+01
4.99297870869984e+01
4.90583508448925e+01
4.77590891210583e+01
4.59879763930399e+01
4.44764137302420e+01
4.29222476946015e+01
4.08962306547826e+01
3.81850062156222e+01
3.51729078850167e+01
3.22927968736486e+01
2.82137002375422e+01
2.39599139603419e+01
1.84645270444977e+01
1.23354900182106e+01
4.58556233504732e+00
5.28880669604106e+00
1.43600549434666e+01
2.16951014657551e+01
2.76345744853068e+01
3.26485907037964e+01
3.68463152482374e+01
4.03068243366909e+01
4.32270707081911e+01
4.56975711568223e+01
4.76701521698542e+01
4.91798501071434e+01
5.05342412009828e+01
5.21069215895684e+01
5.29610456338597e+01
5.38800675151062e+01
5.43059320169975e+01
5.48017226474645e+01
5.47106464357332e+01
5.53029005022610e+01
5.49107864541326e+01
5.49431292018288e+01
5.50810100237532e+01
5.42218361303413e+01
5.40635166234308e+01
5.33520354572925e+01
5.27291222854037e+01
5.20593387529009e+01
5.08382431964154e+01
4.98763164603970e+01
4.85508577145357e+01
4.67986883341189e+01
4.52113585326216e+01
4.35836935327794e+01
4.15293965833234e+01
3.87399677122164e+01
3.56314983195335e+01
3.26915041815684e+01
2.85109264887687e+01
2.41635722738475e+01
1.85851230466474e+01
1.23865491128151e+01
4.58877580681064e+00
5.27099845197767e+00
1.43204482353256e+01
2.16628344003521e+01
2.77298296608450e+01
3.28038027326502e+01
3.71197315108590e+01
4.06404606468601e+01
4.35543302268666e+01
4.60499560038883e+01
4.80281647615750e+01
4.96476510691954e+01
5.13986089554752e+01
5.26215575348119e+01
5.37549000868013e+01
5.42543176160799e+01
5.49561020171128e+01
5.51065301627465e+01
5.56721709700211e+01
5.53573236940965e+01
5.55784263607247e+01
5.57622937234350e+01
5.48745118072222e+01
5.48093291415137e+01
5.41411904093097e+01
5.35056376398299e+01
5.28165565850723e+01
5.16446159089137e+01
5.06881702879166e+01
4.92734554779567e+01
4.74857957209079e+01
4.59154735710599e+01
4.42146130522119e+01
4.20782157110549e+01
3.92595478362390e+01
3.60710067300016e+01
3.30367877119816e+01
2.87942173275436e+01
2.43518971158192e+01
1.86918576402393e+01
1.24303335144062e+01
4.59274716399526e+00
5.24066576384568e+00
1.42594711856369e+01
2.16810930970331e+01
2.77956677707428e+01
3.29719386940388e+01
3.73469164181189e+01
4.08637791000166e+01
4.38036533707389e+01
4.63092120818767e+01
4.83940223685647e+01
5.04014263750953e+01
5.18207399112039e+01
5.33079352114836e+01
5.40437248127219e+01
5.48106952537853e+01
5.51759979059419e+01
5.59738581709358e+01
5.56426899725232e+01
5.59408627613635e+01
5.63022070704984e+01
5.54734938523618e+01
5.53725060662619e+01
5.47996498175601e+01
5.42048778326661e+01
5.35026762073319e+01
5.23074804716571e+01
5.13995174337066e+01
4.99909306648239e+01
4.81069239858592e+01
4.65000684762856e+01
4.48166639325082e+01
4.25998469879988e+01
3.97009124660201e+01
3.64794598970841e+01
3.33669223348326e+01
2.90324577117402e+01
2.45308604161088e+01
1.87889006629736e+01
1.24666262263695e+01
4.59485933372727e+00
5.20375612450099e+00
1.42335768274791e+01
2.16803658206307e+01
2.78741135438996e+01
3.31026259041746e+01
3.74745878607223e+01
4.10179264058617e+01
4.39679105164248e+01
4.65757513102088e+01
4.90375591379815e+01
5.07324132482345e+01
5.23994968036624e+01
5.35118442617644e+01
5.45080209361187e+01
5.49463921512954e+01
5.59465377031948e+01
5.58625611793353e+01
5.61411879705320e+01
5.65689808234157e+01
5.59324829518106e+01
5.58831109843160e+01
5.52770836630215e+01
5.47744934019871e+01
5.41130611296562e+01
5.29013266045846e+01
5.19697310999784e+01
5.06100139340210e+01
4.87245363737650e+01
4.70221457416890e+01
4.53036145247795e+01
4.30958670053494e+01
4.01183774146392e+01
3.68171056354897e+01
3.36707721723947e+01
2.92594430064430e+01
2.46739134319264e+01
1.88807934778240e+01
1.24981604990877e+01
4.59500128628163e+00
5.18042567550925e+00
1.41976573176106e+01
2.16912170607739e+01
2.79241938256683e+01
3.31470624738567e+01
3.75424647314234e+01
4.10956593068813e+01
4.41396954887553e+01
4.71092245222605e+01
4.92794019011686e+01
5.12069842337681e+01
5.25195596947191e+01
5.38847313338359e+01
5.45616868982941e+01
5.56196394739339e+01
5.57552390206559e+01
5.62775929274699e+01
5.66749993361964e+01
5.61212834469250e+01
5.62547366971797e+01
5.57029573996270e+01
5.51650313256521e+01
5.45953429237548e+01
5.34219526432147e+01
5.24730926147594e+01
5.10914146690682e+01
4.92477920857996e+01
4.75426016521865e+01
4.57316246987066e+01
4.34832703381182e+01
4.05132106880115e+01
3.71344825303145e+01
3.39117508846764e+01
2.94655095206302e+01
2.48099478543581e+01
1.89468982311472e+01
1.25278958678917e+01
4.59413723538165e+00
5.15443901585740e+00
1.41711100055283e+01
2.16828052884790e+01
2.79036575536097e+01
3.31421465256011e+01
3.75436650230909e+01
4.11815905986895e+01
4.45646695344336e+01
4.72653297590986e+01
4.96532270492481e+01
5.12469129833852e+01
5.28019214460338e+01
5.38589898261921e+01
5.51401717297982e+01
5.53516476122768e+01
5.60860434653965e+01
5.67201583429674e+01
5.61516295726660e+01
5.63570533578776e+01
5.59919101556906e+01
5.55061177080031e+01
5.49012085872509e+01
5.38177076766001e+01
5.29058618292559e+01
5.15083156275664e+01
4.96388413721570e+01
4.79728760552130e+01
4.61597525073963e+01
4.38165656722994e+01
4.08077437056604e+01
3.74326438772084e+01
3.41364750044475e+01
2.96185435557767e+01
2.49304444383768e+01
1.90095367552991e+01
1.25419542288217e+01
4.59328292678212e+00
5.13256328983929e+00
1.41339251414304e+01
2.16216627250859e+01
2.78447389736524e+01
3.30816157590625e+01
3.75542554429914e+01
4.15043495323534e+01
4.46400230660862e+01
4.75424347152068e+01
4.96175510629013e+01
5.14427718548179e+01
5.27006982117196e+01
5.43437940474125e+01
5.47993424370488e+01
5.55992144540918e+01
5.64382528430230e+01
5.61237276555711e+01
5.63027647200071e+01
5.60151813408944e+01
5.57129318975329e+01
5.51596116418625e+01
5.40417284748320e+01
5.32168367625827e+01
5.18576601594044e+01
4.99691025179990e+01
4.82765549201202e+01
4.65020976283245e+01
4.41524659959879e+01
4.10535154378866e+01
3.76401136197716e+01
3.43457804534876e+01
2.97594214305386e+01
2.50083634729100e+01
1.90620885725174e+01
1.25551802878767e+01
4.58734282640141e+00
5.10758775036737e+00
1.40641223739070e+01
2.15333636051570e+01
2.77419918921165e+01
3.30312078465302e+01
3.77816719873992e+01
4.15079071922302e+01
4.48264257777061e+01
4.74377334630439e+01
4.97313795089902e+01
5.12713246171661e+01
5.30929370146913e+01
5.39351953166388e+01
5.49663718697782e+01
5.58634870546629e+01
5.57737930702357e+01
5.61933792231188e+01
5.58848538652459e+01
5.56576226411701e+01
5.52867275673544e+01
5.42209201959167e+01
5.33603913937506e+01
5.20890929813548e+01
5.02358140546525e+01
4.85232346885762e+01
4.67238369254400e+01
4.44084837016778e+01
4.13034888237474e+01
3.78047055659743e+01
3.44741998655886e+01
2.98887436938990e+01
2.50782098944103e+01
1.90837117874988e+01
1.25631317792375e+01
4.58169562953536e+00
5.07146073077874e+00
1.39784381217098e+01
2.14135180351474e+01
2.76497267353415e+01
3.31729621035105e+01
3.77239336232647e+01
4.16124828569669e+01
4.46611873018031e+01
4.74752328550675e+01
4.94960025751576e+01
5.15752360099414e+01
5.26237597987795e+01
5.40244835715077e+01
5.51466917080793e+01
5.51369402901591e+01
5.57643815480269e+01
5.57022672106291e+01
5.54522824226571e+01
5.51563468212418e+01
5.42732499921581e+01
5.34619315722090e+01
5.21587063012818e+01
5.03902304440041e+01
4.87104535200955e+01
4.68924254988922e+01
4.45514468959107e+01
4.14805498005689e+01
3.79750068791133e+01
3.45657328939202e+01
2.99495473669599e+01
2.51403939555001e+01
1.91009000672773e+01
1.25519069100986e+01
4.57466473296395e+00
5.03033000843171e+00
1.38739980242980e+01
2.13037229445637e+01
2.77198584448768e+01
3.30688176393495e+01
3.77572673919470e+01
4.13980335961627e+01
4.46299128874846e+01
4.71849126056554e+01
4.97160498307271e+01
5.10527303711141e+01
5.26389832313929e+01
5.41245404954215e+01
5.43629786026879e+01
5.50521885459298e+01
5.52056533707047e+01
5.51985977397994e+01
5.48798812075661e+01
5.40753840022459e+01
5.34408479196620e+01
5.21891891874450e+01
5.03904012170095e+01
4.87910003292765e+01
4.70057243287510e+01
4.46462417719313e+01
4.15540775597161e+01
3.80801862462967e+01
3.46646664487958e+01
2.99803098355909e+01
2.51469430531777e+01
1.91138594045805e+01
1.25390547025202e+01
4.56121304684982e+00
4.98312096801474e+00
1.37775731451382e+01
2.13204331488951e+01
2.75880414414706e+01
3.30445551374273e+01
3.75071767655658e+01
4.13083490622591e+01
4.42956148970984e+01
4.73262416875526e+01
4.91488025097790e+01
5.09991619774276e+01
5.26634871812313e+01
5.32911993757271e+01
5.42073716979363e+01
5.44320953390213e+01
5.46362519694682e+01
5.45585820610192e+01
5.37368695254941e+01
5.31761752014282e+01
5.21021423510354e+01
5.03549694197437e+01
4.87247957882609e+01
4.70182296535257e+01
4.46908708210619e+01
4.15846200688959e+01
3.80924355654268e+01
3.47062993007472e+01
3.00193868279339e+01
2.51302954731732e+01
1.90859183297865e+01
1.25246196302935e+01
4.54765694481506e+00
4.93935303190922e+00
1.37640804577912e+01
2.11843992277032e+01
2.75235195708410e+01
3.27770633406756e+01
3.73712757895026e+01
4.09427283039409e+01
4.43650549779366e+01
4.67263985455634e+01
4.90324903001919e+01
5.09540806042844e+01
5.17911358075485e+01
5.30698574139965e+01
5.35308504899014e+01
5.38032125234166e+01
5.39351738785883e+01
5.33573802302951e+01
5.27760489716934e+01
5.17800928031612e+01
5.02084740428128e+01
4.86265141399746e+01
4.68918738058486e+01
4.46419593030962e+01
4.15704815001855e+01
3.80672765640310e+01
3.46654651997937e+01
3.00106237702713e+01
2.51225406171973e+01
1.90419233653809e+01
1.24843966213197e+01
4.53398534066673e+00
4.92582477464991e+00
1.36535631167304e+01
2.11009899958478e+01
2.72601659259440e+01
3.26107151070068e+01
3.69896936838437e+01
4.09495893086516e+01
4.37469094959083e+01
4.65553144857499e+01
4.89244175022795e+01
5.00514740260406e+01
5.15106875587812e+01
5.23444524579002e+01
5.28482578027197e+01
5.30481377928212e+01
5.26852682307246e+01
5.23389146282764e+01
5.13287133193660e+01
4.98380801468261e+01
4.84235136510078e+01
4.67369016561763e+01
4.44635814527521e+01
4.14713674555002e+01
3.80032506066323e+01
3.45927948466655e+01
2.99323896813394e+01
2.50765542954362e+01
1.90062457489395e+01
1.24347925759744e+01
4.51146284523318e+00
4.87813040755103e+00
1.35779547510298e+01
2.08679007813950e+01
2.70824237678601e+01
3.22335283352408e+01
3.69447243434270e+01
4.03280659965736e+01
4.35306993849757e+01
4.63926098056877e+01
4.80021174283994e+01
4.97188868981036e+01
5.07469041241565e+01
5.16157519510990e+01
5.20447731281324e+01
5.17590407780527e+01
5.16177734722548e+01
5.08443008168712e+01
4.93458752902142e+01
4.80074611901525e+01
4.64837519053768e+01
4.42608354758090e+01
4.12542929158890e+01
3.78635859798237e+01
3.44869707171636e+01
2.98285341176838e+01
2.49742950104027e+01
1.89429768836967e+01
1.23917805245839e+01
4.48599134341477e+00
4.84330929209885e+00
1.34076431319497e+01
2.07017766846106e+01
2.67324608734070e+01
3.21501752891202e+01
3.63381176032405e+01
4.00778865115329e+01
4.33234421233694e+01
4.54658687357787e+01
4.76253133007306e+01
4.89250383291389e+01
4.99820887608030e+01
5.07721014979557e+01
5.07230025952160e+01
5.06512670027295e+01
5.00867737816362e+01
4.88248820526819e+01
4.74769265997082e+01
4.60289590306194e+01
4.39676665617633e+01
4.10166762374756e+01
3.76185110814200e+01
3.43146514016137e+01
2.96979481023040e+01
2.48524975017175e+01
1.88384726226562e+01
1.23317252760517e+01
4.46326747021091e+00
4.77526862460331e+00
1.32814659138160e+01
2.04061311991006e+01
2.66270429956360e+01
3.15823676359270e+01
3.60672034020062e+01
3.98371909801079e+01
4.24096016802535e+01
4.50552214724297e+01
4.68113920480857e+01
4.81329380296675e+01
4.91094636086812e+01
4.94282639072936e+01
4.95812295827939e+01
4.90944736958140e+01
4.80443811354236e+01
4.69216144334105e+01
4.54671860197492e+01
4.34861027074334e+01
4.06974853999828e+01
3.73567314721538e+01
3.40490766583239e+01
2.95118986329769e+01
2.47101876362794e+01
1.87206569554946e+01
1.22457303672508e+01
4.43481036944147e+00
4.72338824847684e+00
1.30735777588998e+01
2.02981676781789e+01
2.61237366755441e+01
3.13077035486247e+01
3.58062934799068e+01
3.89527968959221e+01
4.19771644603455e+01
4.42356097411330e+01
4.60022351539540e+01
4.72401412116838e+01
4.77582009836161e+01
4.82622723195746e+01
4.80054670422658e+01
4.70419132656710e+01
4.61199862696255e+01
4.48844539338310e+01
4.29062932239277e+01
4.02064444779604e+01
3.70228158898816e+01
3.37705468403850e+01
2.92475265147166e+01
2.45234330008088e+01
1.85887816073999e+01
1.21520900424566e+01
4.39743068854512e+00
4.64295391725427e+00
1.29867975959162e+01
1.98892943518325e+01
2.58643247555358e+01
3.10432475153321e+01
3.49718690401455e+01
3.85110723059848e+01
4.11680662852489e+01
4.34232267694126e+01
4.50997442655489e+01
4.58918742124388e+01
4.65812512915187e+01
4.66791310500146e+01
4.59503386096936e+01
4.51087113032831e+01
4.40691720464148e+01
4.23100785935801e+01
3.96270272550302e+01
3.65350307813056e+01
3.34289961366432e+01
2.89739152202458e+01
2.42733234401946e+01
1.84247355868159e+01
1.20503082426936e+01
4.35767038838139e+00
4.60589532712649e+00
1.27089359445541e+01
1.96673641140422e+01
2.56147753527423e+01
3.02856362870957e+01
3.45358049654902e+01
3.77274631256191e+01
4.03680432213973e+01
4.25257710792450e+01
4.37670972407421e+01
4.47136995872652e+01
4.50066968636247e+01
4.46351145291523e+01
4.40154616571747e+01
4.30569158879489e+01
4.14970663113749e+01
3.90348523484152e+01
3.59692957931420e+01
3.29508379255623e+01
2.86480832891552e+01
2.40173092752917e+01
1.82143303386607e+01
1.19285542663944e+01
4.31533632737415e+00
4.50154205952696e+00
1.25514973044704e+01
1.94541526666584e+01
2.49614836269747e+01
2.98741270484077e+01
3.37963012052725e+01
3.69548658446838e+01
3.94920754303021e+01
4.12270780369521e+01
4.25993593972406e+01
4.31585994892225e+01
4.29928373079070e+01
4.27116104609905e+01
4.19697184354846e+01
4.05015230436944e+01
3.82453348692582e+01
3.53942390462288e+01
3.24047235599023e+01
2.82070894306701e+01
2.37197028715341e+01
1.80009491921793e+01
1.17776404569072e+01
4.26621053402312e+00
4.44025300349378e+00
1.24005078673841e+01
1.89365800203483e+01
2.45946745841477e+01
2.92030799627437e+01
3.30693409441806e+01
3.61154148448135e+01
3.82475078673096e+01
4.00863762421453e+01
4.10769844412152e+01
4.11870861309736e+01
4.10988809349236e+01
4.06852307753579e+01
3.94391808280743e+01
3.72904624972551e+01
3.46427975893278e+01
3.18525348882060e+01
2.77099035231577e+01
2.33284088863610e+01
1.77576817487712e+01
1.16258101278545e+01
4.20702516489088e+00
4.38158699962343e+00
1.20568723058490e+01
1.86375348886553e+01
2.40165268854399e+01
2.85448748349907e+01
3.22849431567871e+01
3.49425243846745e+01
3.71520824979309e+01
3.86161148890936e+01
3.91629093117047e+01
3.93340907971615e+01
3.91104966612805e+01
3.81946629978970e+01
3.62768852248951e+01
3.37442926877481e+01
3.11439838908446e+01
2.72095741054612e+01
2.28924358680635e+01
1.74454180009410e+01
1.14555808900973e+01
4.14781994425308e+00
4.25529792185488e+00
1.18532714094252e+01
1.81799747748568e+01
2.34507891237627e+01
2.78394908484491e+01
3.12057469165792e+01
3.39084397844289e+01
3.57550589108189e+01
3.67819578147644e+01
3.73650339953418e+01
3.73950450105002e+01
3.66808473897292e+01
3.50987300373465e+01
3.27952570116966e+01
3.03057743646805e+01
2.65776083361252e+01
2.24557024825904e+01
1.71011095832848e+01
1.12415923551704e+01
4.08237228166963e+00
4.17879793737356e+00
1.15499333282794e+01
1.77334514708173e+01
2.28482527800384e+01
2.68826823036531e+01
3.02529039328851e+01
3.26025460450358e+01
3.40251281265541e+01
3.50604162680245e+01
3.54895225048465e+01
3.50392022646855e+01
3.36764559867733e+01
3.17002263560054e+01
2.94247492950652e+01
2.58370950154471e+01
2.19119944172437e+01
1.67578063349058e+01
1.10078847576696e+01
4.00170983099663e+00
4.06753737319567e+00
1.12546560011431e+01
1.72605336178893e+01
2.20416556699611e+01
2.60368751215100e+01
2.90606558732461e+01
3.09967835123756e+01
3.24027553296192e+01
3.32699052910456e+01
3.32235327902045e+01
3.21401402581209e+01
3.03878299987674e+01
2.84153326745783e+01
2.50623150690419e+01
2.12806251136979e+01
1.63357835052588e+01
1.07759103062149e+01
3.91436719858946e+00
3.95946015759201e+00
1.09435880335688e+01
1.66351848980687e+01
2.13279457469250e+01
2.49876861458966e+01
2.76044042922915e+01
2.94920634589946e+01
3.07202792573646e+01
3.11177534036871e+01
3.04476326234216e+01
2.89755636816206e+01
2.72139021546606e+01
2.41803540056125e+01
2.06229718882030e+01
1.58497090647585e+01
1.04940432208616e+01
3.82789744796890e+00
3.84620854774206e+00
1.05369819265037e+01
1.60814426380034e+01
2.04498076299112e+01
2.37143304252641e+01
2.62409297116126e+01
2.79359364278534e+01
2.87076317251577e+01
2.84930863026822e+01
2.74256210835756e+01
2.59259226020712e+01
2.31372736671845e+01
1.98789841916459e+01
1.53456680420816e+01
1.01719021982120e+01
3.72408846607438e+00
3.69976355486488e+00
1.01767384792181e+01
1.54053731555852e+01
1.93905459764803e+01
2.25232352432267e+01
2.48346533460578e+01
2.60833198559648e+01
2.62639835096435e+01
2.56431303818316e+01
2.45176898915698e+01
2.20230912573652e+01
1.90044538358187e+01
1.47787560672008e+01
9.83930597335487e+00
3.60633612386206e+00
3.56996243951640e+00
9.74012701080658e+00
1.45946300824869e+01
1.84006900531006e+01
2.12979862885019e+01
2.31682529388943e+01
2.38431637120276e+01
2.36172978112067e+01
2.29047126844518e+01
2.08092436737196e+01
1.80736383258328e+01
1.41160863305554e+01
9.46731357344119e+00
3.48517671220160e+00
3.41373815419865e+00
9.21950270979545e+00
1.38377251038411e+01
1.73850320831582e+01
1.98522405752520e+01
2.11610614348235e+01
2.14228480465766e+01
2.10777233257939e+01
1.94241833886794e+01
1.70631239648237e+01
1.34132841835987e+01
9.03479694432901e+00
3.35039739382492e+00
3.22847502674215e+00
8.73394866013518e+00
1.30630205580230e+01
1.61915974197966e+01
1.81177804898649e+01
1.89976947195726e+01
1.91037433990632e+01
1.78603855453497e+01
1.59143518486534e+01
1.26529620300108e+01
8.57772377428582e+00
3.19460631457383e+00
3.05588516086812e+00
8.23818673940489e+00
1.21565419199580e+01
1.47652593311861e+01
1.62527513845294e+01
1.69276689307542e+01
1.61749747716592e+01
1.46214012619857e+01
1.17916129058127e+01
8.08492668162228e+00
3.03044055152428e+00
2.88008646871559e+00
7.66042696191431e+00
1.10769582895032e+01
1.32350877947394e+01
1.44705867641645e+01
1.43214822635562e+01
1.32313526516983e+01
1.08250168666487e+01
7.52852219258386e+00
2.85400071163958e+00
2.67596943587148e+00
6.97473050606998e+00
9.92141648302478e+00
1.17748516943200e+01
1.22334504489143e+01
1.17062922400489e+01
9.78844087228080e+00
6.90594965421129e+00
2.65550597274088e+00
2.43458954477409e+00
6.24242072586133e+00
8.82018693529190e+00
9.94710586260974e+00
9.99210297878886e+00
8.65384803826593e+00
6.23996513102559e+00
2.43405860535015e+00
2.17736277440333e+00
5.54547317158925e+00
7.44569216775607e+00
8.11875065927651e+00
7.38121585464695e+00
5.51268998145265e+00
2.19770296382660e+00
1.93286578985645e+00
4.67795531251429e+00
6.07281718345262e+00
5.99308545216980e+00
4.69858375678036e+00
1.94014284410579e+00
1.62935913553871e+00
3.81277134438464e+00
4.47976150544708e+00
3.81230077318566e+00
1.65248071499130e+00
1.32709374253255e+00
2.81068244310394e+00
2.84773723464774e+00
1.33986666888158e+00
9.77644137162206e-01
1.78554563864929e+00
1.00019210179626e+00
6.20664350836284e-01
6.26724504304305e-01
2.17715009831740e-01
