3.44762707526700e+01
3.09719907397888e+01
4.06804484117797e+01
1.19098258122327e+01
3.35972195023577e+01
2.99875121468359e+01
2.20064510815283e+01
3.85209815594842e+01
3.32075254972180e+01
7.44300745529660e+01
1.24872002557632e+02
9.03694842783417e+01
9.48623453458627e+01
1.74526054417519e+01
4.47730855427543e+01
2.56962819475916e+01
3.17524070387422e+01
3.34765193683589e+01
3.82681109650274e+01
2.03881851456668e+01
3.52758818177811e+01
3.83282148499235e+01
3.26922588920330e+01
3.16834659290210e+01
3.19039156114520e+01
3.22290733438419e+01
3.07283007450831e+01
2.91000183999837e+01
2.90021596725415e+01
3.33302670856450e+01
3.51648377046437e+01
5.16868168158609e+01
5.35144665809338e+01
3.54948777032564e+01
3.50549968688379e+01
3.76424184938207e+01
3.59813608969025e+01
3.02448084561386e+01
3.55895298199089e+01
4.11072018972238e+01
7.26980087764136e+01
2.26699530510285e+01
1.96831080304050e+01
3.24120007190166e+01
3.19319261404895e+01
2.83094519852553e+01
3.89545526741724e+01
3.03135183120742e+01
-3.09893629349508e+00
4.37310907353932e+01
3.01654244054454e+01
1.79652427858328e+01
2.51059367992244e+01
3.26591688765243e+01
4.16192798300245e+01
3.15221002531659e+01
3.15534828488187e+01
3.59383335975478e+01
5.34692213844225e+01
8.05881212505045e+01
7.52160885771971e+01
2.45322778546612e+01
4.25640257222811e+01
3.34690976227949e+01
2.35172167556326e+01
3.20394664318009e+01
3.41976761286268e+01
2.46830623800883e+01
2.31474240065027e+01
2.31663894165734e+01
2.56720071846972e+01
3.21583748236504e+01
3.26371027065396e+01
3.09890537565700e+01
2.94309191922399e+01
3.27743348233824e+01
3.15256780971980e+01
3.11856343724441e+01
3.70418244181821e+01
4.38048998403647e+01
3.67464717639697e+01
3.83192343419252e+01
3.37965859737474e+01
3.55830599976263e+01
2.67579428893006e+01
3.54113266507931e+01
3.12326740413701e+01
3.33030582319378e+01
3.51376022032396e+01
3.05533656647164e+01
3.34825486351035e+01
2.99146771221356e+01
3.12739169504344e+01
3.09370422533759e+01
3.10957770239680e+01
3.17896521654023e+01
3.07735157939874e+01
3.26288415090112e+01
3.09545572108266e+01
3.22400692131736e+01
3.34285856973849e+01
3.28450854835695e+01
3.27386695818092e+01
3.36208371830070e+01
3.30631736615107e+01
3.21092194370281e+01
3.16986606513591e+01
3.18411954488132e+01
3.69808556654832e+01
3.58390715642061e+01
3.36174345917918e+01
3.31474815509893e+01
3.16775547855404e+01
3.14105570308671e+01
3.01038792975741e+01
3.33755661772855e+01
2.86642166633612e+01
3.43205723370412e+01
3.31096067389838e+01
2.95830904210885e+01
3.48574144277395e+01
2.82521255128664e+01
3.60396858947818e+01
3.27162678796408e+01
2.88910533471082e+01
3.25321569225304e+01
3.16107904528033e+01
3.35447445629195e+01
3.68622610582084e+01
3.50336744991441e+01
3.44713263787533e+01
3.06220492348140e+01
2.86985264785005e+01
3.36081520870931e+01
3.00840395951880e+01
2.73977404070082e+01
1.95747240369536e+01
1.76584512987860e+01
2.31463403779220e+01
3.00042401318756e+01
2.96872426525983e+01
2.92999991837106e+01
2.89228514095410e+01
3.05554281443642e+01
3.01077380974235e+01
2.94497878196642e+01
3.17033165176893e+01
3.44403415684642e+01
3.13816836193367e+01
3.28794448284394e+01
3.15397634448515e+01
3.11010806688274e+01
2.75971080513183e+01
3.27377595634793e+01
2.98149352603394e+01
3.26443654271620e+01
3.18594732159339e+01
2.99882583208433e+01
3.11786801489638e+01
2.97044391927311e+01
3.04727335788198e+01
3.02781922024187e+01
3.03050409470414e+01
3.08203008882446e+01
3.02000083170222e+01
3.13165215992061e+01
3.02925059976632e+01
3.07734986992982e+01
3.15909641670526e+01
3.10562712814819e+01
3.16735089688930e+01
3.13796338018112e+01
3.13557970463135e+01
3.12149410795131e+01
3.07129291371850e+01
3.09175672941444e+01
3.26477318569643e+01
3.36486083834809e+01
3.19933263895237e+01
3.15738889463786e+01
3.06260840082759e+01
3.05897097892407e+01
3.00415656189717e+01
3.16010523272579e+01
2.96219792776092e+01
3.16961974545766e+01
3.14139556758884e+01
3.00426781967533e+01
3.14808316887937e+01
2.92169783270432e+01
3.31105685389025e+01
3.09662045802799e+01
2.89947045202538e+01
3.13833577837963e+01
3.05460869230337e+01
3.10583111724592e+01
3.24344988387872e+01
3.34284616004045e+01
3.14665333342557e+01
2.86322260147502e+01
2.81518519581953e+01
3.02880162670707e+01
2.52181196108492e+01
1.55556800268976e+01
1.44167183545845e+01
2.11536919949126e+01
2.73429874180294e+01
2.78840474499621e+01
2.82030671892447e+01
2.79988171127830e+01
2.95923722588843e+01
2.90960476762501e+01
2.88591734680454e+01
3.00890761583001e+01
3.19937245133838e+01
2.99817256435221e+01
3.10607409465889e+01
3.01324558572716e+01
3.01092171636694e+01
2.76514863068780e+01
3.11946914608785e+01
2.94626161212297e+01
3.10097270553457e+01
3.06576680533816e+01
2.92769692927460e+01
3.02227294655351e+01
2.91672275073744e+01
2.97760760963827e+01
2.96141685844668e+01
2.96999266409020e+01
3.00407665252342e+01
2.96173948426003e+01
3.04556139395656e+01
2.95176663979708e+01
3.01253286755760e+01
3.03744264915923e+01
3.01306247105245e+01
3.06128453863914e+01
3.02242202370901e+01
3.04959956193225e+01
3.02549302043941e+01
2.98605467015994e+01
3.00627428879696e+01
3.13864223472529e+01
3.19565616050350e+01
3.07025018389555e+01
3.04623203566953e+01
2.98447211560401e+01
2.99863124148140e+01
2.92785404536746e+01
3.09053913810194e+01
2.91254477480900e+01
3.04885099403120e+01
3.07674258847700e+01
2.91734457316251e+01
3.06705815496304e+01
2.88738065906969e+01
3.14913449648920e+01
2.99938229593088e+01
2.85926876269573e+01
3.03393834096118e+01
2.95650825939453e+01
2.96022284527373e+01
3.09342456971529e+01
3.08793897354400e+01
2.93057922867583e+01
2.70210346028901e+01
2.57369769420120e+01
2.44119406067381e+01
1.30501967007095e+01
1.23553886928939e+01
1.94722325036208e+01
2.56650028184778e+01
2.68384181856529e+01
2.73919981815667e+01
2.76977833370173e+01
2.90114339418422e+01
2.87868927710858e+01
2.86286259871797e+01
2.96331003271074e+01
3.08992716549902e+01
2.94767274271112e+01
3.02156477577296e+01
2.97164570324185e+01
2.96296187039516e+01
2.77359806797916e+01
3.07608151357739e+01
2.90905815506082e+01
3.03357591338136e+01
2.99893251459740e+01
2.90494648085243e+01
2.96558490490694e+01
2.88999390601591e+01
2.94295517209399e+01
2.92827960117203e+01
2.92908031251998e+01
2.95839835520744e+01
2.92966665570025e+01
2.97706411070210e+01
2.92156781125520e+01
2.95209371251270e+01
2.97370056050099e+01
2.95259213724913e+01
2.98798941180982e+01
2.96527435303064e+01
2.98114506172726e+01
2.95389506634204e+01
2.93011762415752e+01
2.95083293208877e+01
3.04413569836964e+01
3.08127209149944e+01
2.98622712355236e+01
2.96931781627137e+01
2.92932911975545e+01
2.92199875537791e+01
2.89419985441983e+01
3.00864549881687e+01
2.85375755143803e+01
2.99386749436376e+01
2.97546323623627e+01
2.86940723329497e+01
2.97848091182077e+01
2.83653649174982e+01
3.02947763549926e+01
2.91432513302068e+01
2.79817119637928e+01
2.92537303323299e+01
2.83898620844452e+01
2.85479979342914e+01
2.91196596441568e+01
2.85875479092519e+01
2.69206568176079e+01
2.41100917270598e+01
2.04931760642737e+01
1.18607934455113e+01
1.09006504846511e+01
1.83339570987714e+01
2.46075904527799e+01
2.61609826068935e+01
2.71587753773883e+01
2.76759269532980e+01
2.89378176935798e+01
2.88293699265053e+01
2.89390190718849e+01
2.96514476761687e+01
3.05892292460959e+01
2.95418297817598e+01
3.01810119087236e+01
2.97388136007856e+01
2.95910857867810e+01
2.83678101702997e+01
3.05759507948338e+01
2.92530422218572e+01
3.01588938631680e+01
2.99563374697484e+01
2.91355646785582e+01
2.95707827060271e+01
2.90207205276023e+01
2.94908309181261e+01
2.92545964447341e+01
2.92703522564934e+01
2.95441699174905e+01
2.91732523829689e+01
2.96661337443024e+01
2.90932291281710e+01
2.93385288807930e+01
2.94746653796757e+01
2.92684840371834e+01
2.96325269230853e+01
2.93719922478630e+01
2.94128775123559e+01
2.92170995615465e+01
2.90470027575831e+01
2.91848111090670e+01
2.98950979960106e+01
3.01640222485735e+01
2.93621198402058e+01
2.92691951528752e+01
2.87861533425645e+01
2.89176168252068e+01
2.86114619322655e+01
2.94124146203599e+01
2.83250043240234e+01
2.92360047188793e+01
2.91778523861181e+01
2.81984835496340e+01
2.90514365299499e+01
2.78773070346051e+01
2.93355535564440e+01
2.83146282137539e+01
2.72520478395568e+01
2.80642314010334e+01
2.73611476695848e+01
2.70804052870520e+01
2.70638923454449e+01
2.59728670164956e+01
2.34570645242803e+01
1.86874109901744e+01
9.58518802785639e+00
9.93706085355267e+00
1.75155056511009e+01
2.38528519366902e+01
2.59070727137635e+01
2.71498433459345e+01
2.79068587970518e+01
2.91135879685659e+01
2.92851577161212e+01
2.94817655571260e+01
3.00279215203070e+01
3.08056429845337e+01
3.00867683323014e+01
3.05285810505375e+01
3.01035559687519e+01
3.01831775028760e+01
2.91036482196760e+01
3.09040024119336e+01
2.97688256237239e+01
3.04999337152711e+01
3.02952477584925e+01
2.95758690171001e+01
2.99425068188873e+01
2.95041687566392e+01
2.98540961276335e+01
2.95964276659735e+01
2.96511792999087e+01
2.97566936311256e+01
2.95225984517114e+01
2.98326381287477e+01
2.93458360773404e+01
2.94970449625538e+01
2.95627747413973e+01
2.94330843350646e+01
2.97026758969514e+01
2.94018525727609e+01
2.94208375375205e+01
2.92320688137265e+01
2.90634076365437e+01
2.91665469906176e+01
2.97147479447762e+01
2.98961192203484e+01
2.92296933905654e+01
2.89964701310772e+01
2.87046730670052e+01
2.87692162158609e+01
2.84072653237636e+01
2.91737395383255e+01
2.80637405139955e+01
2.89054511954429e+01
2.87138403133068e+01
2.78124811031185e+01
2.84834082769440e+01
2.74685538962166e+01
2.84736554986571e+01
2.74892763004748e+01
2.63984395775262e+01
2.69673488417843e+01
2.59687029435746e+01
2.52262715340504e+01
2.44941964985146e+01
2.23097281498465e+01
1.77232392465587e+01
8.42657077402644e+00
9.23520467421198e+00
1.68654930705440e+01
2.34155112718803e+01
2.57991932146052e+01
2.72843497681411e+01
2.82322120699560e+01
2.95775706636812e+01
2.98847630659150e+01
3.01617327061127e+01
3.06954797475165e+01
3.14147301855568e+01
3.08277626920364e+01
3.11435747360158e+01
3.09357187819842e+01
3.09358386970180e+01
3.00781233503807e+01
3.15692287281908e+01
3.06128657120534e+01
3.11424597874382e+01
3.09609118347120e+01
3.03736959730699e+01
3.06674062490154e+01
3.02316193727456e+01
3.05488476183749e+01
3.02999067793359e+01
3.02568557847612e+01
3.03960568773664e+01
3.01147055278059e+01
3.03596868450568e+01
2.99089107169613e+01
2.99659898590180e+01
3.00361011911177e+01
2.98928111360283e+01
3.00615332774537e+01
2.97941594205106e+01
2.97577705917429e+01
2.95375936546867e+01
2.93791307477884e+01
2.94499114249635e+01
2.98471166584919e+01
3.00085805315076e+01
2.92940178346617e+01
2.91174181611618e+01
2.88313364120020e+01
2.88034374019823e+01
2.85425265639603e+01
2.90108098728692e+01
2.80915025137625e+01
2.87264672421462e+01
2.84090793859107e+01
2.75588563713808e+01
2.80777879166972e+01
2.70779106847856e+01
2.76593230920536e+01
2.66096400236635e+01
2.55355812617686e+01
2.55646728592984e+01
2.41776565345971e+01
2.27859229041018e+01
2.08624053470805e+01
1.65628156095198e+01
7.75315877527917e+00
8.68723493799857e+00
1.64024551921628e+01
2.30931783262414e+01
2.57601473351776e+01
2.74638557564383e+01
2.87066193407339e+01
3.01240524650645e+01
3.05336682156809e+01
3.10025156612674e+01
3.15608529665120e+01
3.21670211977832e+01
3.17019504266546e+01
3.21159793866308e+01
3.18709584813301e+01
3.19095225700908e+01
3.12299985866413e+01
3.25180185715185e+01
3.16353314924885e+01
3.20344527183321e+01
3.19486289247350e+01
3.14285785958857e+01
3.15989991964585e+01
3.12179658823533e+01
3.15477007738233e+01
3.11901390873712e+01
3.12097792401285e+01
3.12616569879353e+01
3.09863220661823e+01
3.11765897557782e+01
3.07327181244424e+01
3.07564643237535e+01
3.07849927921275e+01
3.06079706881325e+01
3.07453135078862e+01
3.04704592179507e+01
3.03659306901010e+01
3.01277327240440e+01
2.99754754241409e+01
2.99832255464915e+01
3.03014786292021e+01
3.03330269039569e+01
2.97061892704583e+01
2.94702971280994e+01
2.91455945463791e+01
2.91507611193917e+01
2.87623435448515e+01
2.91489614660047e+01
2.82473271903539e+01
2.87011736841163e+01
2.82595171994953e+01
2.74334619267188e+01
2.77296195254643e+01
2.66641892818633e+01
2.68152375553202e+01
2.57200709120317e+01
2.43587363519643e+01
2.37669606168154e+01
2.17871168632505e+01
1.92966747393242e+01
1.52935218115476e+01
7.07535649964805e+00
8.27597736451298e+00
1.60169847656027e+01
2.28217727842431e+01
2.57421172902482e+01
2.77499378719694e+01
2.91879587162334e+01
3.06722921654144e+01
3.13006942908156e+01
3.19325916707871e+01
3.24528780956343e+01
3.30242646949033e+01
3.28019392164367e+01
3.31455119996520e+01
3.29507561206142e+01
3.30532420800534e+01
3.25149540107171e+01
3.36102346062084e+01
3.27935865374999e+01
3.31899617693284e+01
3.31461775482675e+01
3.26049951163458e+01
3.27488977660734e+01
3.24407869550683e+01
3.26768679421007e+01
3.23575978754057e+01
3.23371613567876e+01
3.23515839909612e+01
3.20823954208981e+01
3.22143638114621e+01
3.18093186334666e+01
3.17741173904387e+01
3.17432432355382e+01
3.15818549094185e+01
3.16648653802459e+01
3.13723310935817e+01
3.12151337087005e+01
3.09656294325417e+01
3.07794082872918e+01
3.07709938136700e+01
3.09319592141619e+01
3.09548669361105e+01
3.03255378320263e+01
2.99995583110338e+01
2.97181046057296e+01
2.95891445883622e+01
2.92068274137458e+01
2.94236054466665e+01
2.85044793618803e+01
2.87872027785809e+01
2.82300992789849e+01
2.73232880338610e+01
2.73599653988889e+01
2.61508046750136e+01
2.59321532935803e+01
2.45220936097745e+01
2.27419615025244e+01
2.13521888152257e+01
1.83549677493768e+01
1.40105102917317e+01
6.41393441643120e+00
7.93476426799990e+00
1.56693860820212e+01
2.25809057871740e+01
2.58103976194947e+01
2.80315283023947e+01
2.96208604885003e+01
3.13202446806598e+01
3.21183260689977e+01
3.28246830890186e+01
3.33722999480048e+01
3.40733386592739e+01
3.38988371155074e+01
3.42596819687602e+01
3.41546652074124e+01
3.43087104384023e+01
3.38422939332290e+01
3.48040375928028e+01
3.41329660855378e+01
3.45030708080942e+01
3.44177374002952e+01
3.39325579552989e+01
3.40918440472597e+01
3.37450882361730e+01
3.40152987606631e+01
3.36564593493629e+01
3.36203370209258e+01
3.36193753776442e+01
3.33371299994879e+01
3.34529909687647e+01
3.30567487590472e+01
3.29498599633448e+01
3.29077614755921e+01
3.27313637519877e+01
3.27618643586013e+01
3.24575269249736e+01
3.22639072446004e+01
3.19672029731575e+01
3.17861422857012e+01
3.16819686421566e+01
3.17833948636326e+01
3.17534868084731e+01
3.10782051790891e+01
3.07356919878191e+01
3.03569437891826e+01
3.02012246990424e+01
2.97328631156279e+01
2.97770196642668e+01
2.88124934274081e+01
2.89433799495678e+01
2.81927077648143e+01
2.71358612672992e+01
2.68703507601093e+01
2.54923846541092e+01
2.47218474931669e+01
2.28585128025392e+01
2.04574007657192e+01
1.78915046037748e+01
1.32173171258106e+01
5.78855649254318e+00
7.63702437062719e+00
1.53560784213686e+01
2.24288182179647e+01
2.58764285276933e+01
2.82642516711292e+01
3.01263325222166e+01
3.20065000807943e+01
3.28804626858754e+01
3.37038577710017e+01
3.44144360264166e+01
3.51100213163775e+01
3.50185722190110e+01
3.54652451173655e+01
3.54330668758496e+01
3.55900792611017e+01
3.51901194129394e+01
3.61540245420646e+01
3.55605652094485e+01
3.58476313047187e+01
3.58046672931457e+01
3.53939643885505e+01
3.54795127242956e+01
3.51994772723222e+01
3.54367143488147e+01
3.50588554191302e+01
3.50275157948887e+01
3.50019842572337e+01
3.47302889787114e+01
3.48206567062592e+01
3.44061884313647e+01
3.42757962980120e+01
3.41965547932362e+01
3.40052931354947e+01
3.39902162889873e+01
3.36847306678476e+01
3.34214553850705e+01
3.31221038076577e+01
3.28726513109635e+01
3.27338087411602e+01
3.27597917676264e+01
3.26447390439447e+01
3.19673663796930e+01
3.15101925009911e+01
3.11075620849145e+01
3.08521863101388e+01
3.02719062567580e+01
3.01456239085423e+01
2.91246511541757e+01
2.90271823348415e+01
2.80385485295861e+01
2.67705973830936e+01
2.61869438230955e+01
2.44330638311390e+01
2.30098978472071e+01
2.04958174812176e+01
1.71050203510898e+01
1.27800082163955e+01
5.38933718874336e+00
7.37665965415160e+00
1.51158229315040e+01
2.22914962580314e+01
2.59045390937124e+01
2.85702618629313e+01
3.06492407607343e+01
3.26339078302614e+01
3.36218269795599e+01
3.46685558805008e+01
3.54134575774266e+01
3.61581698655171e+01
3.61948895703631e+01
3.67152066283941e+01
3.67104442283554e+01
3.68776535734497e+01
3.66339768140527e+01
3.75705502243472e+01
3.69641022776128e+01
3.72750985361607e+01
3.72931315133912e+01
3.68580745224573e+01
3.69783985374608e+01
3.67041492837572e+01
3.69126702899447e+01
3.65455394379339e+01
3.65033983884143e+01
3.64795029178770e+01
3.62051489336513e+01
3.62468324062180e+01
3.58531844383172e+01
3.56775343204884e+01
3.55642825752377e+01
3.53630321865745e+01
3.53155222180423e+01
3.49688652771249e+01
3.46820780766977e+01
3.43176361536615e+01
3.40392540910168e+01
3.38544136584827e+01
3.37790440423157e+01
3.36172063945535e+01
3.28493769274519e+01
3.23479588364013e+01
3.18484695022662e+01
3.14663954046210e+01
3.07591355726416e+01
3.04767622744956e+01
2.93048179479030e+01
2.89309424261103e+01
2.76654347260471e+01
2.61408905147938e+01
2.50626431625469e+01
2.27964815890454e+01
2.05653151094755e+01
1.70474248453606e+01
1.21507240390337e+01
5.15108749977030e+00
7.16721821618399e+00
1.48988524552381e+01
2.21378087467467e+01
2.60097212179685e+01
2.88974371426735e+01
3.11089158079861e+01
3.32428739276696e+01
3.44374665200370e+01
3.55758912162888e+01
3.63947705733035e+01
3.72539369215874e+01
3.73874282235273e+01
3.79428806294592e+01
3.79741583613158e+01
3.82527555624378e+01
3.80984529277534e+01
3.89461652451516e+01
3.84130052479463e+01
3.87771440276446e+01
3.87605573741857e+01
3.83919637700869e+01
3.85035136791989e+01
3.82281942618685e+01
3.84378634476046e+01
3.80687607886809e+01
3.80324744271612e+01
3.80052126383256e+01
3.77008785827510e+01
3.77351489444428e+01
3.73313273787327e+01
3.71183261437221e+01
3.69770075291733e+01
3.67717494581070e+01
3.66550633582807e+01
3.63091689310147e+01
3.59436880841729e+01
3.55454010029487e+01
3.52325784879187e+01
3.49678108077462e+01
3.48236018500800e+01
3.45463708010543e+01
3.37361538503838e+01
3.31368668287044e+01
3.25042655585278e+01
3.19806264029919e+01
3.11504126964966e+01
3.06343788854483e+01
2.92494594065861e+01
2.85560803504198e+01
2.69747030262933e+01
2.50231490327143e+01
2.33191800375821e+01
2.03681737607288e+01
1.70191193194456e+01
1.20238673613102e+01
4.85219774019440e+00
6.98224981773067e+00
1.46838544841128e+01
2.20660599882357e+01
2.61430014473571e+01
2.91724761104672e+01
3.15496861032989e+01
3.39214787231409e+01
3.51965244697402e+01
3.64517139773176e+01
3.74057780272770e+01
3.83619755921014e+01
3.85389082071640e+01
3.91413882161831e+01
3.93084728674821e+01
3.96399880039327e+01
3.94899812202101e+01
4.03550687821506e+01
3.99065439494410e+01
4.02390348557213e+01
4.02743445447574e+01
3.99281809458328e+01
4.00228181625766e+01
3.97755456313610e+01
3.99716246377201e+01
3.96151178786109e+01
3.95792505294441e+01
3.95266889409879e+01
3.92247176958330e+01
3.92238979047521e+01
3.88131058475986e+01
3.85723840627314e+01
3.84071628519822e+01
3.81602082357819e+01
3.80169381452927e+01
3.76160639173855e+01
3.71941145054290e+01
3.67651749347703e+01
3.63816092930040e+01
3.60545890163477e+01
3.57882740796713e+01
3.54388860173019e+01
3.45304811351476e+01
3.38003668219214e+01
3.30161174124079e+01
3.23553544278102e+01
3.13166108876935e+01
3.05163734760002e+01
2.88702745078104e+01
2.78069079892545e+01
2.57575591862831e+01
2.32477423445324e+01
2.07510309671579e+01
1.68078304524315e+01
1.19241513839364e+01
4.75610181207127e+00
6.80987463449195e+00
1.45342104231921e+01
2.20309277250254e+01
2.62390346016819e+01
2.94379990578337e+01
3.20536530403308e+01
3.45472215903626e+01
3.59235992915403e+01
3.73478865150258e+01
3.84167148532919e+01
3.94234766481603e+01
3.96486720485084e+01
4.03998314693241e+01
4.06423870876670e+01
4.09467271878421e+01
4.08896270510990e+01
4.17971170384655e+01
4.13391311559363e+01
4.17268607442530e+01
4.17779764963727e+01
4.14349356858568e+01
4.15480922015555e+01
4.13119668070938e+01
4.15043068006730e+01
4.11566104578078e+01
4.10985824641523e+01
4.10527580744126e+01
4.07221011099248e+01
4.06921464745922e+01
4.02805101102513e+01
4.00141952457855e+01
3.97900104577422e+01
3.95395070722901e+01
3.93193974456707e+01
3.88758762089931e+01
3.84073957730213e+01
3.79117278080329e+01
3.74658876873067e+01
3.70279268763518e+01
3.66782784161302e+01
3.62067943060794e+01
3.51617754737517e+01
3.42876296265648e+01
3.33516165421503e+01
3.24672833329936e+01
3.11643995682299e+01
3.00406218668380e+01
2.80723156495511e+01
2.64877609125963e+01
2.38498710764115e+01
2.06259058266319e+01
1.70346309896322e+01
1.17178239239343e+01
4.67649372537966e+00
6.67697634090992e+00
1.44181270854387e+01
2.19762973736477e+01
2.63363385720925e+01
2.97666036832066e+01
3.25103988105750e+01
3.51431588956879e+01
3.66698984443680e+01
3.82389091137898e+01
3.93726171507111e+01
4.04399820508709e+01
4.08085736696609e+01
4.16492728531428e+01
4.18883566039047e+01
4.22572523000111e+01
4.23014062819255e+01
4.31710144202963e+01
4.27789833795158e+01
4.31949037841115e+01
4.32380876513265e+01
4.29313178842781e+01
4.30491218625951e+01
4.28278284358122e+01
4.30148501363032e+01
4.26563661299262e+01
4.26029588848152e+01
4.25326611993700e+01
4.21775557441266e+01
4.21282226720324e+01
4.17111119410776e+01
4.13868896279905e+01
4.11419754133004e+01
4.08376202568434e+01
4.05478253103005e+01
4.00729959706199e+01
3.95231716969535e+01
3.89652500140632e+01
3.84120340691803e+01
3.78933363024284e+01
3.74151325277233e+01
3.67820183377679e+01
3.55829979913484e+01
3.45658192262188e+01
3.33934460345303e+01
3.22286631992758e+01
3.06213189788597e+01
2.91119295880873e+01
2.66787661640786e+01
2.44426636227152e+01
2.10706300900194e+01
1.68598880255341e+01
1.18024786813479e+01
4.56270435840483e+00
6.56698629016040e+00
1.42977031452209e+01
2.19337646985845e+01
2.64966956244034e+01
3.00582539644561e+01
3.29412665054902e+01
3.57557250010166e+01
3.74122702603540e+01
3.90715490982188e+01
4.02786606948335e+01
4.15018299467227e+01
4.19530041774384e+01
4.28047009298955e+01
4.31301405358896e+01
4.35761775033265e+01
4.36326471463190e+01
4.45426034425017e+01
4.41893253415255e+01
4.46071388370208e+01
4.46786713088238e+01
4.43915281332062e+01
4.45166020624077e+01
4.43062430254029e+01
4.44709898592012e+01
4.41263870566052e+01
4.40451000192598e+01
4.39554506286413e+01
4.35863899856433e+01
4.35117207990634e+01
4.30539892485505e+01
4.27099412122782e+01
4.23969737096499e+01
4.20394626780606e+01
4.16968371195436e+01
4.11520245073986e+01
4.05223707821037e+01
3.98611289709956e+01
3.92263534178171e+01
3.85811211398636e+01
3.79339119204843e+01
3.71229534176636e+01
3.57718825323895e+01
3.45258480098748e+01
3.30601175484955e+01
3.15744578711085e+01
2.95968548425733e+01
2.75634879621378e+01
2.45445152999048e+01
2.15060619561417e+01
1.71392102065932e+01
1.16191524116047e+01
4.56245938957596e+00
6.46193898138140e+00
1.41926929116606e+01
2.19520473713688e+01
2.66319903589334e+01
3.03316970651316e+01
3.33900219187123e+01
3.63662170429855e+01
3.80987787064850e+01
3.98532624167983e+01
4.12246433083139e+01
4.25450697855722e+01
4.30004763415912e+01
4.39514634537597e+01
4.43722664728961e+01
4.48117225638977e+01
4.49468320736640e+01
4.58820925845131e+01
4.55334870203092e+01
4.59914326991235e+01
4.60763628432393e+01
4.58063083670544e+01
4.59367834745594e+01
4.57231977334048e+01
4.58871242212551e+01
4.55222097982590e+01
4.54178624796848e+01
4.53211982055920e+01
4.49271804425905e+01
4.47953370829893e+01
4.43322051108111e+01
4.39226411792170e+01
4.35397950621684e+01
4.31451678531997e+01
4.27135568783450e+01
4.20949240264506e+01
4.13485949429215e+01
4.06072173430427e+01
3.98449674546708e+01
3.90298394778676e+01
3.81990911820388e+01
3.72107559075549e+01
3.56211453389947e+01
3.40886916921298e+01
3.22934891525309e+01
3.04162539853859e+01
2.79364812012623e+01
2.52565449642237e+01
2.15158358915955e+01
1.74103723490546e+01
1.17455138345038e+01
4.46295444758284e+00
6.36950514763758e+00
1.41328097999314e+01
2.19576127797471e+01
2.67579019438186e+01
3.06250529906660e+01
3.38398719495405e+01
3.69224060099161e+01
3.87377996947025e+01
4.06719245074588e+01
4.21494355430599e+01
4.34908278981851e+01
4.40364662058365e+01
4.50947339460623e+01
4.55274929889599e+01
4.60267170633844e+01
4.62229517511475e+01
4.71496280016636e+01
4.68433486028908e+01
4.73266459441518e+01
4.74211682741800e+01
4.71649385985936e+01
4.72902088658312e+01
4.70898329412516e+01
4.72196532948299e+01
4.68391116952860e+01
4.67256412341260e+01
4.66072416831165e+01
4.61582210592963e+01
4.60051375767199e+01
4.54889683249746e+01
4.50092054878369e+01
4.45760523139980e+01
4.41054939061673e+01
4.35798712357556e+01
4.28509424162357e+01
4.20109381760591e+01
4.11436653081095e+01
4.02084445114164e+01
3.92087256582542e+01
3.81937599886854e+01
3.69414727074111e+01
3.50576674585224e+01
3.32025875682565e+01
3.10081237333584e+01
2.86084133495152e+01
2.55103041665694e+01
2.20445309174981e+01
1.73450709961926e+01
1.18702896911653e+01
4.48469617317021e+00
6.30184138975482e+00
1.40703386558550e+01
2.19624985724282e+01
2.69064425971329e+01
3.09241342665069e+01
3.42421353971536e+01
3.74336429419020e+01
3.94132223771727e+01
4.14689112362450e+01
4.29774909106238e+01
4.44227631392265e+01
4.50662651813970e+01
4.61492171706815e+01
4.66553024760265e+01
4.72037873984776e+01
4.74196465771378e+01
4.83793082960934e+01
4.80999079937137e+01
4.86017748714524e+01
4.87041751798352e+01
4.84527602797663e+01
4.85871885718945e+01
4.83648550566143e+01
4.84664461904657e+01
4.80854326559148e+01
4.79448972353687e+01
4.77754031462244e+01
4.73063922338374e+01
4.70863828032272e+01
4.65079814617219e+01
4.59794207577544e+01
4.54585220573840e+01
4.49029478068607e+01
4.42502072577741e+01
4.34308364673498e+01
4.24528082261500e+01
4.14123898544073e+01
4.02898179341524e+01
3.91040034525434e+01
3.78186680262005e+01
3.62446195026021e+01
3.40344831571755e+01
3.17813138662869e+01
2.90665756237966e+01
2.60275821977788e+01
2.21824482905664e+01
1.76910317146924e+01
1.17697548404981e+01
4.50579270633454e+00
6.23721429161405e+00
1.40123075358270e+01
2.19917278614508e+01
2.70654820330975e+01
3.11836351354453e+01
3.46061611697817e+01
3.79794207198046e+01
4.00691681225348e+01
4.21720122370719e+01
4.37908782291655e+01
4.53458683987202e+01
4.60078426186157e+01
4.71732807058471e+01
4.77442324294008e+01
4.82993566534154e+01
4.85731662160060e+01
4.95532643104795e+01
4.92916030456185e+01
4.98093409478502e+01
4.99142640242524e+01
4.96786903260257e+01
4.97868358609116e+01
4.95474674316797e+01
4.96385055110290e+01
4.92354150192410e+01
4.90404850287136e+01
4.88538349886317e+01
4.83197456753991e+01
4.80221564433234e+01
4.74030392555392e+01
4.67878634939725e+01
4.61697291103544e+01
4.54950611874659e+01
4.47361724823468e+01
4.37803210102390e+01
4.26173477249205e+01
4.13899209710912e+01
4.00776947143787e+01
3.86196582562361e+01
3.70060474990972e+01
3.50776051807231e+01
3.24691784471688e+01
2.96958012801909e+01
2.63521424589785e+01
2.25449428983699e+01
1.77300343033269e+01
1.19473693557698e+01
4.44513134927332e+00
6.17813368778131e+00
1.39736815833548e+01
2.20350406598970e+01
2.71946104784162e+01
3.14124512795558e+01
3.50047778240757e+01
3.85070825797794e+01
4.06372906997806e+01
4.28608710773399e+01
4.45945496646401e+01
4.61810329458512e+01
4.69176097151681e+01
4.81589757867503e+01
4.87486411880071e+01
4.93513262164727e+01
4.96676423400598e+01
5.06586825390928e+01
5.04126499316657e+01
5.09422218336005e+01
5.10590357705797e+01
5.08027642967698e+01
5.08898850327349e+01
5.06519498493990e+01
5.07091325259593e+01
5.02571972191978e+01
5.00415099543310e+01
4.97920633737426e+01
4.91807759389236e+01
4.88294603315869e+01
4.81298950370073e+01
4.74170292302827e+01
4.66700218600855e+01
4.58948918020109e+01
4.49851036757264e+01
4.38431409496821e+01
4.24833672244393e+01
4.10657672297705e+01
3.94782483380221e+01
3.76907637995385e+01
3.57178091086608e+01
3.33586205390782e+01
3.02371389634280e+01
2.68349232788700e+01
2.27435008475267e+01
1.79481203255158e+01
1.19227159875983e+01
4.49026315853843e+00
6.13065176260979e+00
1.39478269749304e+01
2.20588357552222e+01
2.73016881418909e+01
3.16754155935105e+01
3.53895792427291e+01
3.89525257543456e+01
4.11933992985781e+01
4.35402941612416e+01
4.53128088071911e+01
4.69823054795873e+01
4.77905814463519e+01
4.90592347722542e+01
4.97075520800350e+01
5.03444876011718e+01
5.06896237665553e+01
5.16906011328860e+01
5.14583240552644e+01
5.20062816016557e+01
5.20987640539797e+01
5.18267173337173e+01
5.19127706538438e+01
5.16490098797805e+01
5.16478840568673e+01
5.11801698664941e+01
5.08988666868408e+01
5.05717374756805e+01
4.99085780806643e+01
4.94645896935862e+01
4.86708576193920e+01
4.78295062041086e+01
4.69732257281459e+01
4.60511615763532e+01
4.49412057944974e+01
4.36009236251199e+01
4.20424775450638e+01
4.03483984499762e+01
3.84286978165248e+01
3.62830974677422e+01
3.38729100971787e+01
3.09677064677640e+01
2.72322702185819e+01
2.30815074736932e+01
1.80388734771029e+01
1.20195021652209e+01
4.46079339112923e+00
6.09128609781067e+00
1.39128956615250e+01
2.20693646326460e+01
2.74421273888142e+01
3.19290687246256e+01
3.57021320325595e+01
3.93874538899792e+01
4.17419275219106e+01
4.41381033671150e+01
4.59974651384333e+01
4.77482382353439e+01
4.85792850231837e+01
4.99141883854959e+01
5.06069528333078e+01
5.12645481712743e+01
5.16353967238550e+01
5.26472519830674e+01
5.24339333042784e+01
5.29622325226929e+01
5.30359992044822e+01
5.27692679594322e+01
5.28246964458760e+01
5.25114181007962e+01
5.24853214083219e+01
5.19565484952574e+01
5.15935609442216e+01
5.12143606113766e+01
5.04605703147643e+01
4.99094786181967e+01
4.89906212670167e+01
4.80401793543594e+01
4.70290967610106e+01
4.59083973428990e+01
4.45877824749488e+01
4.30457735992493e+01
4.12040324923640e+01
3.91767218945989e+01
3.68982793601938e+01
3.43170232497317e+01
3.13571934811503e+01
2.78028738205713e+01
2.33443518341166e+01
1.82437740238627e+01
1.20339128365631e+01
4.47809877682775e+00
6.05045287349069e+00
1.38727226588309e+01
2.21107742113420e+01
2.75782119099135e+01
3.21214306551074e+01
3.60079077066855e+01
3.98159260144832e+01
4.22149284344895e+01
4.47036839697114e+01
4.66493494894537e+01
4.84304742992738e+01
4.93240716425073e+01
5.07105927187550e+01
5.14318669683085e+01
5.21085264503199e+01
5.25061577294696e+01
5.35323547853434e+01
5.33004279207894e+01
5.38136921331387e+01
5.38913594185791e+01
5.35979301528693e+01
5.35999748985396e+01
5.32695410416454e+01
5.31740355028525e+01
5.25667347331817e+01
5.21489943240486e+01
5.16777991665374e+01
5.08185659007401e+01
5.01304093991739e+01
4.91049185676680e+01
4.79996078579812e+01
4.67825780200876e+01
4.54525157549750e+01
4.39187164579588e+01
4.20888012855559e+01
3.99087014568684e+01
3.75231042537768e+01
3.48083864927890e+01
3.16833410692984e+01
2.80735395889171e+01
2.37581138604869e+01
1.83886152176709e+01
1.21264785487037e+01
4.46583673264798e+00
6.00951437307222e+00
1.38545815371843e+01
2.21523336686990e+01
2.76653373901235e+01
3.23106998553142e+01
3.63104616909005e+01
4.01745081574827e+01
4.26587813824630e+01
4.52396996656055e+01
4.72204630510397e+01
4.90697387127751e+01
5.00125259277671e+01
5.14329953483853e+01
5.21800875978638e+01
5.28791274878933e+01
5.33043618634701e+01
5.43071839699947e+01
5.40621920215907e+01
5.45828937679917e+01
5.46307996441082e+01
5.42889705600405e+01
5.42696357278696e+01
5.38773455548052e+01
5.36937524422531e+01
5.30356939372500e+01
5.25236424692293e+01
5.19435703418447e+01
5.09502483111437e+01
5.01437885909507e+01
4.89649934163596e+01
4.76529022732609e+01
4.62211255020919e+01
4.46773297115885e+01
4.28455660858916e+01
4.06719840470986e+01
3.81315640449390e+01
3.53096224450891e+01
3.20540755767512e+01
2.82895145872108e+01
2.39206331403145e+01
1.86551397168077e+01
1.21810470923868e+01
4.48422689940431e+00
5.97975540197188e+00
1.38390032107199e+01
2.21581925715651e+01
2.77531742610768e+01
3.24997306367906e+01
3.65523040855923e+01
4.05064081710710e+01
4.30771241421625e+01
4.56990036540457e+01
4.77511351505883e+01
4.96544475394099e+01
5.06290080601924e+01
5.20798679794762e+01
5.28566188498066e+01
5.35782492964869e+01
5.39923239905298e+01
5.49766673140252e+01
5.47427175586736e+01
5.52346558602683e+01
5.52319988958838e+01
5.48735997316266e+01
5.47881327866756e+01
5.43141691455098e+01
5.40713021218847e+01
5.33225577040434e+01
5.26988059446151e+01
5.19806710498463e+01
5.08727546306531e+01
4.99013059379210e+01
4.85161705865077e+01
4.69894508311949e+01
4.53395524827981e+01
4.34964825844326e+01
4.13118165310024e+01
3.87730541943626e+01
3.57957860259372e+01
3.24353426351784e+01
2.85469146131465e+01
2.40391207091939e+01
1.87283177973201e+01
1.23177105611383e+01
4.48847405426568e+00
5.95266991754577e+00
1.38035610690393e+01
2.21678619278224e+01
2.78438351825803e+01
3.26377307949820e+01
3.67724486359233e+01
4.08167859571089e+01
4.34247728020271e+01
4.61210923562549e+01
4.82305901081032e+01
5.01687830267141e+01
5.11726135016565e+01
5.26575004268926e+01
5.34622111700617e+01
5.41683596986001e+01
5.45756245644648e+01
5.55657433016292e+01
5.53061081457951e+01
5.57481106073735e+01
5.57265632499158e+01
5.53071034103169e+01
5.51343367077260e+01
5.46079790148057e+01
5.42659755765899e+01
5.34085182007316e+01
5.26448185611596e+01
5.18070671840574e+01
5.05384509997448e+01
4.93484630990212e+01
4.77494310286101e+01
4.60046535679121e+01
4.40524959186327e+01
4.18547489928621e+01
3.92976710020284e+01
3.63157630393070e+01
3.28036786229262e+01
2.88156047744000e+01
2.41948863813640e+01
1.87693641628615e+01
1.23291459017595e+01
4.52421711583210e+00
5.91868541600710e+00
1.37726595172394e+01
2.21827439429317e+01
2.78940746013248e+01
3.27589585068140e+01
3.69760673451842e+01
4.10621202654756e+01
4.37394586859245e+01
4.64959586996477e+01
4.86431293491821e+01
5.06123655005466e+01
5.16504837557495e+01
5.31661814960868e+01
5.39602335348557e+01
5.46555745589926e+01
5.50800732698394e+01
5.60373562611192e+01
5.57327179153211e+01
5.61552269201523e+01
5.60702226229404e+01
5.55680463682267e+01
5.53376750178921e+01
5.47189027801688e+01
5.42586894387162e+01
5.32650742310474e+01
5.23801620230076e+01
5.13755184976913e+01
4.98932428147118e+01
4.84774978446579e+01
4.66609844697013e+01
4.46143894434893e+01
4.23062066731099e+01
3.97348322790691e+01
3.67279097874917e+01
3.32058075024957e+01
2.90740545506860e+01
2.43622344764451e+01
1.88415969275255e+01
1.23215172687797e+01
4.51493135467354e+00
5.88791673897268e+00
1.37469330528727e+01
2.21683610414941e+01
2.79327964401556e+01
3.28685258631679e+01
3.71233928958533e+01
4.12785614350576e+01
4.40119375356952e+01
4.68082290363090e+01
4.89888752058323e+01
5.09935726327842e+01
5.20625593795296e+01
5.35698217407351e+01
5.43572224200740e+01
5.50664362118985e+01
5.54684154273336e+01
5.63730819529762e+01
5.60546823736297e+01
5.64124346774166e+01
5.62412471393977e+01
5.56869383482303e+01
5.53586180235317e+01
5.46279215956720e+01
5.40220738878248e+01
5.29113371566549e+01
5.18582592354615e+01
5.06320759682539e+01
4.89308455810253e+01
4.72856444463940e+01
4.51677094389745e+01
4.27662111678549e+01
4.00855747866281e+01
3.70622519028149e+01
3.35111305916142e+01
2.93652266293190e+01
2.45226702277779e+01
1.89248813339033e+01
1.23360796519657e+01
4.49937596201215e+00
5.86047279652501e+00
1.37050147626285e+01
2.21474774284029e+01
2.79645762902038e+01
3.29308743407096e+01
3.72473291104668e+01
4.14576780372029e+01
4.42275125347498e+01
4.70584028911777e+01
4.92767091013973e+01
5.13117524146063e+01
5.23738244178904e+01
5.38753676985248e+01
5.46803782043218e+01
5.53633850220652e+01
5.57237006955463e+01
5.66052756805302e+01
5.62292528027189e+01
5.64978432960119e+01
5.62712445924151e+01
5.56248789156375e+01
5.51780647942799e+01
5.43088099640146e+01
5.35757710853747e+01
5.23013507702276e+01
5.10256944679231e+01
4.95718558430610e+01
4.76491650328724e+01
4.56903986491099e+01
4.32184481758265e+01
4.04472934914849e+01
3.73172878896590e+01
3.37490994237975e+01
2.95725669784422e+01
2.47130515454178e+01
1.90044034071491e+01
1.23593885604304e+01
4.49266396116626e+00
5.82733909677206e+00
1.36608068245238e+01
2.21237430594445e+01
2.79589483188263e+01
3.29752003866798e+01
3.73403281080561e+01
4.15853730449338e+01
4.43869276216502e+01
4.72556582192119e+01
4.95057595237170e+01
5.15328871772436e+01
5.25913873484243e+01
5.41103542946708e+01
5.48920148902506e+01
5.55303382603779e+01
5.58779837250991e+01
5.66916841201640e+01
5.62344875280196e+01
5.64440763655324e+01
5.61217027075013e+01
5.53628100219418e+01
5.47708600000892e+01
5.37817304517790e+01
5.28742685956555e+01
5.13822033347352e+01
4.98787654132886e+01
4.81936064510718e+01
4.59669750511994e+01
4.36418836915571e+01
4.08024196671745e+01
3.75852147646955e+01
3.39164066381785e+01
2.97238218990495e+01
2.48348862880839e+01
1.91092147800210e+01
1.23817170039325e+01
4.48983428733622e+00
5.79423651153034e+00
1.36165753181038e+01
2.20728531876586e+01
2.79406929832037e+01
3.29948742443041e+01
3.73895167012277e+01
4.16626243631615e+01
4.44991837346826e+01
4.73989358919936e+01
4.96433706907973e+01
5.16643228767131e+01
5.27425980028520e+01
5.42372627290249e+01
5.49772516343313e+01
5.55994172806232e+01
5.58903387674244e+01
5.66103293558450e+01
5.61037520855786e+01
5.62132120674417e+01
5.57735865083118e+01
5.48766818995154e+01
5.41576618455186e+01
5.30019752250752e+01
5.18650415286891e+01
5.01514303007469e+01
4.84170587347382e+01
4.64168706780393e+01
4.38358158688935e+01
4.11312359109331e+01
3.78482117454641e+01
3.40979814037327e+01
2.98144556612637e+01
2.49122426527534e+01
1.91626639940656e+01
1.24218644938873e+01
4.48714272871507e+00
5.76195921692626e+00
1.35572165558882e+01
2.20143581944026e+01
2.79041614048948e+01
3.29784076067659e+01
3.73959348396225e+01
4.16984901486135e+01
4.45631506956369e+01
4.74571385206882e+01
4.96969199057216e+01
5.17333576575792e+01
5.27907074191158e+01
5.42420869118185e+01
5.49678859882337e+01
5.55304181254228e+01
5.57390879899968e+01
5.63952809369480e+01
5.57999023308665e+01
5.57863454010362e+01
5.52037501628959e+01
5.41875167624699e+01
5.32943457117482e+01
5.19177686215662e+01
5.05466353441887e+01
4.86093806025002e+01
4.65612981657904e+01
4.41943762127788e+01
4.12487639620226e+01
3.80880932569551e+01
3.42765022027298e+01
2.99200430390288e+01
2.49406231468013e+01
1.91840128524332e+01
1.24299945595692e+01
4.49154988497757e+00
5.72424806048081e+00
1.34947082176524e+01
2.19437250694175e+01
2.78395165624115e+01
3.29267914323784e+01
3.73678680106678e+01
4.16916476180323e+01
4.45497761201130e+01
4.74375776897694e+01
4.96931026062087e+01
5.17038095976078e+01
5.27227095910853e+01
5.41563628764155e+01
5.48248322062061e+01
5.53018386935022e+01
5.54584683244456e+01
5.60098713668101e+01
5.53042261559371e+01
5.51414240610930e+01
5.44336467073878e+01
5.32519961309204e+01
5.21297163256903e+01
5.05288062899362e+01
4.89203038548427e+01
4.66779637333862e+01
4.42656591297355e+01
4.15210627539430e+01
3.81366779528188e+01
3.44355355630289e+01
3.00244590405988e+01
2.49836456233235e+01
1.91691935874959e+01
1.24186323058403e+01
4.48481462165541e+00
5.68596504780362e+00
1.34262202215240e+01
2.18531110522494e+01
2.77476224010149e+01
3.28474678431009e+01
3.73040692729961e+01
4.16149699836711e+01
4.44660999658193e+01
4.73660540403625e+01
4.95969605832288e+01
5.15635745473825e+01
5.25693270733253e+01
5.39420136531329e+01
5.45269637904447e+01
5.49482805510362e+01
5.50129798129945e+01
5.54355752247211e+01
5.45958799322126e+01
5.43001936780238e+01
5.34205472099699e+01
5.20197472892666e+01
5.06644426007308e+01
4.88370196385547e+01
4.69087506506137e+01
4.43127321923747e+01
4.15267503345144e+01
3.83287249696171e+01
3.44254131104391e+01
3.01132968319976e+01
2.50272253983876e+01
1.91674196013599e+01
1.23851507205445e+01
4.47167592604566e+00
5.64587131173809e+00
1.33468620135700e+01
2.17431755802551e+01
2.76348018162610e+01
3.27391949651265e+01
3.71802554623525e+01
4.14752484781755e+01
4.43364157962887e+01
4.72091112373216e+01
4.93973430692055e+01
5.13427446314385e+01
5.22940154320736e+01
5.35783112770110e+01
5.41088593629385e+01
5.44349990095712e+01
5.43845533076551e+01
5.46523388813765e+01
5.36966902793484e+01
5.32207689710929e+01
5.21147275464269e+01
5.04923757266601e+01
4.89012639396480e+01
4.67666070589627e+01
4.44687570735507e+01
4.15119601069242e+01
3.82777668629639e+01
3.45455062489140e+01
3.00574493061178e+01
2.50593457128261e+01
1.91674309458738e+01
1.23612953751354e+01
4.45098596187331e+00
5.60195027476076e+00
1.32570220353606e+01
2.16188800368275e+01
2.74999024843508e+01
3.25807486086728e+01
3.70026200031073e+01
4.12954818244298e+01
4.41294274899799e+01
4.69565271720400e+01
4.91232399101852e+01
5.10060438547393e+01
5.18767601277115e+01
5.30997572964134e+01
5.35367851849727e+01
5.37442363142652e+01
5.35543855038427e+01
5.36822630416462e+01
5.25658724674164e+01
5.18543373384498e+01
5.05186319049717e+01
4.86733605908639e+01
4.67654396130447e+01
4.42758222952481e+01
4.16000813932473e+01
3.82101365890684e+01
3.44493992818574e+01
3.01162426639576e+01
2.49736581643527e+01
1.91599861571257e+01
1.23396432672396e+01
4.43426435090431e+00
5.55430595668142e+00
1.31597240365403e+01
2.14792325973582e+01
2.73251051310492e+01
3.23776081391902e+01
3.67918099944521e+01
4.10462773146007e+01
4.38358683131332e+01
4.66359711302285e+01
4.87411570966019e+01
5.05340820098392e+01
5.13513553316027e+01
5.24736085425083e+01
5.27934768728581e+01
5.28581844461190e+01
5.25443903559614e+01
5.24852449946120e+01
5.11558275818340e+01
5.02041651245900e+01
4.86364473143428e+01
4.64893725586108e+01
4.42165125710768e+01
4.13659018219778e+01
3.82383813052506e+01
3.43404075760613e+01
2.99890297614856e+01
2.49843404413195e+01
1.90644341050605e+01
1.23141885826755e+01
4.41872781947934e+00
5.50412375696214e+00
1.30542923096551e+01
2.13102895537417e+01
2.71150465979218e+01
3.21478643285325e+01
3.65215514893600e+01
4.07193040585735e+01
4.34815669194132e+01
4.62158626739702e+01
4.82325839456438e+01
4.99600835316935e+01
5.06864812827386e+01
5.16830650015779e+01
5.18621154224035e+01
5.17987307412312e+01
5.13159017166489e+01
5.10144722711824e+01
4.94705510512205e+01
4.82751177991948e+01
4.63959353226567e+01
4.39014044273915e+01
4.12570712788389e+01
3.79740160779688e+01
3.43188732059507e+01
2.98525728546692e+01
2.48427781859066e+01
1.90435188929469e+01
1.22333286507820e+01
4.40220469752054e+00
5.45109632509109e+00
1.29322304537347e+01
2.11156786062787e+01
2.68848770317922e+01
3.18685316907348e+01
3.61845938714980e+01
4.03387182791192e+01
4.30373295543900e+01
4.56787232384124e+01
4.76296662398300e+01
4.92539172941330e+01
4.98660537501250e+01
5.07122995688744e+01
5.07643977099311e+01
5.05282701023771e+01
4.98237479639707e+01
4.92746025451139e+01
4.75155791518243e+01
4.59964315349744e+01
4.37593267391002e+01
4.09133238207649e+01
3.78255991703841e+01
3.40378987065297e+01
2.97934771833958e+01
2.46953381164784e+01
1.89081688737291e+01
1.22012109412935e+01
4.36633194676065e+00
5.39174998287514e+00
1.27957422550606e+01
2.09072026600927e+01
2.66153381302582e+01
3.15334272091093e+01
3.58024820678475e+01
3.98775194589844e+01
4.24869811250103e+01
4.50553043520687e+01
4.69038932597001e+01
4.84001156149451e+01
4.88753663011257e+01
4.95827741578904e+01
4.94639887989439e+01
4.90028653239467e+01
4.80731366028933e+01
4.72717017957186e+01
4.52220092113645e+01
4.33317393798330e+01
4.07316355784989e+01
3.74651870142719e+01
3.38619344335069e+01
2.95118571931574e+01
2.46131958551348e+01
1.87697932796409e+01
1.20968408630794e+01
4.34820868121992e+00
5.32695843085374e+00
1.26519741168237e+01
2.06698264377705e+01
2.63013426604630e+01
3.11613025362774e+01
3.53513247380089e+01
3.93207076735310e+01
4.18592602013307e+01
4.43188471818526e+01
4.60406298037911e+01
4.73848979480646e+01
4.77352536616708e+01
4.82594149870739e+01
4.79184131080650e+01
4.72282443914419e+01
4.60705733587771e+01
4.49381226177694e+01
4.25550871617145e+01
4.02871469932316e+01
3.72542235516479e+01
3.34991607041374e+01
2.93224700340166e+01
2.43494097642583e+01
1.86821789003541e+01
1.19915313304265e+01
4.30471045040063e+00
5.25958305073475e+00
1.24917938667098e+01
2.03996449315055e+01
2.59585195479798e+01
3.07314546161438e+01
3.48178581222497e+01
3.86952474261865e+01
4.11295291168398e+01
4.34556122830343e+01
4.50272201730347e+01
4.62286310347284e+01
4.64123842779817e+01
4.67012537609679e+01
4.61338335609265e+01
4.52113952932364e+01
4.37508744933542e+01
4.22402794818079e+01
3.95219368444848e+01
3.68056088848785e+01
3.32712055456170e+01
2.89738463423756e+01
2.41629380433731e+01
1.84583350729009e+01
1.19194833378732e+01
4.26125858948842e+00
5.18591128070705e+00
1.23128422719932e+01
2.01087794252325e+01
2.55696833070137e+01
3.02324396119668e+01
3.42261484282445e+01
3.79784265336894e+01
4.02851601841874e+01
4.24540508488749e+01
4.38832253299963e+01
4.48994081010536e+01
4.48678023423214e+01
4.49148137846940e+01
4.41175386608963e+01
4.28889594972549e+01
4.10822148988139e+01
3.91861402945068e+01
3.60674467582590e+01
3.28334332997794e+01
2.87430704640984e+01
2.38473186914962e+01
1.82941827495792e+01
1.17615483903100e+01
4.22994613568689e+00
5.10497529111902e+00
1.21224496637343e+01
1.97839259342313e+01
2.51253381907603e+01
2.96851848683453e+01
3.35561957445989e+01
3.71586385282657e+01
3.93157577652739e+01
4.13327698311632e+01
4.25786446273182e+01
4.33599803138924e+01
4.31082188209414e+01
4.29076939784997e+01
4.18083829051134e+01
4.02305630921894e+01
3.80732726587359e+01
3.57219530651271e+01
3.21403962478341e+01
2.83331438192584e+01
2.36298981074783e+01
1.80338042357612e+01
1.16424539607758e+01
4.16852584214091e+00
5.01970353836143e+00
1.19125823866916e+01
1.94177565104634e+01
2.46429322083686e+01
2.90724503101191e+01
3.27978046486536e+01
3.62265780566132e+01
3.82386150185072e+01
4.00637668635341e+01
4.10784778570175e+01
4.16172315103776e+01
4.11413366127345e+01
4.06209514533825e+01
3.91775000361352e+01
3.72455507488563e+01
3.46725982593637e+01
3.17982931936968e+01
2.77055221429988e+01
2.32669654933483e+01
1.78487384844021e+01
1.14631162655633e+01
4.12119278279867e+00
4.92683889801419e+00
1.16788377715778e+01
1.90238017474488e+01
2.41082158511056e+01
2.83854806671095e+01
3.19429782566212e+01
3.51983843673733e+01
3.70281166279263e+01
3.86144175595917e+01
3.93896493123629e+01
3.96789582966386e+01
3.89111793131611e+01
3.80272300121143e+01
3.62347339541380e+01
3.38843140785133e+01
3.08334389371257e+01
2.73815406749297e+01
2.27273913068568e+01
1.75551086110958e+01
1.13324056328574e+01
4.05288006735903e+00
4.82461538678665e+00
1.14293914896661e+01
1.85910816780014e+01
2.35139618706109e+01
2.76175032124316e+01
3.10060548538897e+01
3.40506034006758e+01
3.56544178662674e+01
3.69915772748410e+01
3.75199295574103e+01
3.74916728518527e+01
3.63921783876924e+01
3.51368085296883e+01
3.29325097345553e+01
3.01022275147077e+01
2.65244157919694e+01
2.24379892363069e+01
1.71298004658043e+01
1.11336407094697e+01
4.00206127963957e+00
4.71628776730832e+00
1.11576328585823e+01
1.81140658917721e+01
2.28546897467484e+01
2.67809595717599e+01
2.99665179975572e+01
3.27559573086462e+01
3.41240957123097e+01
3.52028629207076e+01
3.54190952478179e+01
3.50313099837628e+01
3.35947593735335e+01
3.19041631438211e+01
2.92284808936779e+01
2.58697649537349e+01
2.17141463158137e+01
1.68940399153731e+01
1.08523838121127e+01
3.92751990260611e+00
4.59918802008681e+00
1.08602658494994e+01
1.75885785627773e+01
2.21407289836724e+01
2.58582731664102e+01
2.88005365668381e+01
3.13207983563668e+01
3.24443865352877e+01
3.32014923527840e+01
3.30649167112838e+01
3.23084496516168e+01
3.04759917484494e+01
2.82891615419292e+01
2.50949641544112e+01
2.11574699715890e+01
1.63329255578909e+01
1.06919301154699e+01
3.82423649438440e+00
4.47198289504514e+00
1.05348305165081e+01
1.70226363465848e+01
2.13576377280321e+01
2.48290433465357e+01
2.75139144451081e+01
2.97520824687738e+01
3.05725715765441e+01
3.09670786142691e+01
3.04679426907235e+01
2.92823250993777e+01
2.69983758437582e+01
2.42659474271055e+01
2.05044338102155e+01
1.58987429720992e+01
1.03266175014500e+01
3.76381904633038e+00
4.33366593289912e+00
1.01861424270913e+01
1.64051778671510e+01
2.04887014850157e+01
2.36984269965260e+01
2.61129663525669e+01
2.80107657029153e+01
2.84902603347660e+01
2.85099537985950e+01
2.75901674802228e+01
2.59176507585258e+01
2.31380611113655e+01
1.98088722223781e+01
1.53935991070381e+01
1.00424081065530e+01
3.63162632879294e+00
4.18616569940324e+00
9.80761972649059e+00
1.57234396860990e+01
1.95382804807497e+01
2.24719655130669e+01
2.45636151407542e+01
2.60803446579874e+01
2.62072683126895e+01
2.57949664645138e+01
2.43989926981089e+01
2.21922735987514e+01
1.88714399586178e+01
1.48578901188883e+01
9.71429328131533e+00
3.52829738004612e+00
4.02681415222789e+00
9.39165357561796e+00
1.49808597898677e+01
1.85110425683319e+01
2.11205506504712e+01
2.28516458302033e+01
2.39702276169904e+01
2.36917044548001e+01
2.27922057106423e+01
2.08742460646602e+01
1.80842959327154e+01
1.41423494263784e+01
9.36777431038900e+00
3.40986077240228e+00
3.85258372481088e+00
8.94035974579932e+00
1.41810977910559e+01
1.73831592196889e+01
1.96321920636716e+01
2.09856164182167e+01
2.16514754811454e+01
2.09165880217773e+01
1.94834073017036e+01
1.69960547389258e+01
1.35408201443621e+01
8.90887492581794e+00
3.28527870776145e+00
3.66428940212478e+00
8.45596720763351e+00
1.33059795090738e+01
1.61449280060603e+01
1.80143937021837e+01
1.89404231633739e+01
1.90998459533764e+01
1.78656639041935e+01
1.58506572292831e+01
1.27154756052335e+01
8.52269620196728e+00
3.12163595616827e+00
3.46279825817412e+00
7.92768224453198e+00
1.23481838762514e+01
1.48026666333194e+01
1.62458623258223e+01
1.66951990301400e+01
1.63009461308741e+01
1.45229765827326e+01
1.18489994336832e+01
7.99667793513349e+00
2.98382235813766e+00
3.24380104314098e+00
7.35120330498579e+00
1.13126839703718e+01
1.33390291947629e+01
1.43089615017825e+01
1.42377226848278e+01
1.32407105907267e+01
1.08479900045209e+01
7.44581688810224e+00
2.79738116423495e+00
3.00556719363640e+00
6.72955902998569e+00
1.01863345157509e+01
1.17397654473878e+01
1.21934934549621e+01
1.15561003308553e+01
9.88261919074397e+00
6.81152885267137e+00
2.60263411926583e+00
2.74929282707798e+00
6.05498804797164e+00
8.95837498161092e+00
9.99671551503436e+00
9.88954318006398e+00
8.61886134247572e+00
6.20068667489185e+00
2.37910637497211e+00
2.47185485559150e+00
5.32118605435119e+00
7.62274690670394e+00
8.10195898636607e+00
7.37052391927166e+00
5.40381082609625e+00
2.16414281092412e+00
2.17072462983609e+00
4.52461478040219e+00
6.17355396781909e+00
6.03397788055590e+00
4.61784368576016e+00
1.88465986120641e+00
1.84448648231567e+00
3.66188332533871e+00
4.59460631427924e+00
3.77782189425499e+00
1.60941709121436e+00
1.49177135651373e+00
2.72348061050858e+00
2.87470673642845e+00
1.31575777039779e+00
1.10874504195923e+00
1.70287904159797e+00
1.00055375946467e+00
6.92804882763589e-01
5.92310970943317e-01
2.40824848134900e-01
