      0  0.00000000E+00     NSTEP   TIME
 SURFACE NODE =   441  X =   1.0000E+01  Y =   0.0000E+00
              Z  PRESSURE HEAD             SW           CKRW        QTRANIE
   3.350000E-01  -1.000000E+00   4.201155E-01   1.784599E-06   0.000000E+00   0.000000E+00
   3.290000E-01  -1.000000E+00   4.201155E-01   1.784599E-06   0.000000E+00   0.000000E+00
   3.170000E-01  -1.000000E+00   4.201155E-01   1.784599E-06   0.000000E+00   0.000000E+00
   2.990000E-01  -1.000000E+00   4.201155E-01   1.784599E-06   0.000000E+00   0.000000E+00
   2.750000E-01  -1.000000E+00   4.201155E-01   1.784599E-06   0.000000E+00   0.000000E+00
   2.450000E-01  -1.000000E+00   4.201155E-01   1.784599E-06   0.000000E+00   0.000000E+00
   2.150000E-01  -1.000000E+00   4.201155E-01   1.784599E-06   0.000000E+00   0.000000E+00
   1.550000E-01  -1.000000E+00   4.201155E-01   1.784599E-06   0.000000E+00   0.000000E+00
   9.500000E-02  -1.000000E+00   4.201155E-01   1.784599E-06   0.000000E+00   0.000000E+00
  -5.500000E-02  -1.000000E+00   4.201155E-01   1.784599E-06   0.000000E+00   0.000000E+00
  -2.050000E-01  -1.000000E+00   4.201155E-01   1.784599E-06   0.000000E+00   0.000000E+00
  -5.050000E-01  -1.000000E+00   4.201155E-01   1.784599E-06   0.000000E+00   0.000000E+00
  -8.050000E-01  -1.000000E+00   4.201155E-01   1.784599E-06   0.000000E+00   0.000000E+00
  -1.405000E+00  -1.000000E+00   4.201155E-01   1.784599E-06   0.000000E+00   0.000000E+00
  -2.005000E+00  -1.000000E+00   4.201155E-01   1.784599E-06   0.000000E+00   0.000000E+00
  -2.665000E+00  -1.000000E+00   4.201155E-01   1.784599E-06   0.000000E+00   0.000000E+00
      1  1.00000000E-02     NSTEP   TIME
 SURFACE NODE =   441  X =   1.0000E+01  Y =   0.0000E+00
              Z  PRESSURE HEAD             SW           CKRW        QTRANIE
   3.350000E-01  -9.999820E-01   4.201167E-01   1.784700E-06   0.000000E+00   0.000000E+00
   3.290000E-01  -1.000000E+00   4.201155E-01   1.784599E-06   0.000000E+00   0.000000E+00
   3.170000E-01  -1.000000E+00   4.201155E-01   1.784599E-06   0.000000E+00   0.000000E+00
   2.990000E-01  -1.000000E+00   4.201155E-01   1.784599E-06   0.000000E+00   0.000000E+00
   2.750000E-01  -1.000000E+00   4.201155E-01   1.784599E-06   0.000000E+00   0.000000E+00
   2.450000E-01  -1.000000E+00   4.201155E-01   1.784599E-06   0.000000E+00   0.000000E+00
   2.150000E-01  -1.000000E+00   4.201155E-01   1.784599E-06   0.000000E+00   0.000000E+00
   1.550000E-01  -1.000000E+00   4.201155E-01   1.784599E-06   0.000000E+00   0.000000E+00
   9.500000E-02  -1.000000E+00   4.201155E-01   1.784599E-06   0.000000E+00   0.000000E+00
  -5.500000E-02  -1.000000E+00   4.201155E-01   1.784599E-06   0.000000E+00   0.000000E+00
  -2.050000E-01  -1.000000E+00   4.201155E-01   1.784599E-06   0.000000E+00   0.000000E+00
  -5.050000E-01  -1.000000E+00   4.201155E-01   1.784599E-06   0.000000E+00   0.000000E+00
  -8.050000E-01  -1.000000E+00   4.201155E-01   1.784599E-06   0.000000E+00   0.000000E+00
  -1.405000E+00  -1.000000E+00   4.201155E-01   1.784599E-06   0.000000E+00   0.000000E+00
  -2.005000E+00  -1.000000E+00   4.201155E-01   1.784599E-06   0.000000E+00   0.000000E+00
  -2.665000E+00  -1.000000E+00   4.201155E-01   1.784599E-06   0.000000E+00   0.000000E+00
   1023  9.60501532E+03     NSTEP   TIME
 SURFACE NODE =   441  X =   1.0000E+01  Y =   0.0000E+00
              Z  PRESSURE HEAD             SW           CKRW        QTRANIE
   3.350000E-01  -1.666186E-01   6.007770E-01   4.504737E-04   0.000000E+00   0.000000E+00
   3.290000E-01  -1.865784E-01   5.853435E-01   3.212006E-04   0.000000E+00   0.000000E+00
   3.170000E-01  -2.686980E-01   5.394599E-01   1.062384E-04   0.000000E+00   0.000000E+00
   2.990000E-01  -6.640403E-01   4.503708E-01   6.431833E-06   0.000000E+00   0.000000E+00
   2.750000E-01  -9.879682E-01   4.209332E-01   1.853653E-06   0.000000E+00   0.000000E+00
   2.450000E-01  -9.998283E-01   4.201271E-01   1.785561E-06   0.000000E+00   0.000000E+00
   2.150000E-01  -9.999988E-01   4.201156E-01   1.784606E-06   0.000000E+00   0.000000E+00
   1.550000E-01  -1.000000E+00   4.201155E-01   1.784599E-06   0.000000E+00   0.000000E+00
   9.500000E-02  -1.000000E+00   4.201155E-01   1.784599E-06   0.000000E+00   0.000000E+00
  -5.500000E-02  -1.000000E+00   4.201155E-01   1.784599E-06   0.000000E+00   0.000000E+00
  -2.050000E-01  -1.000000E+00   4.201155E-01   1.784599E-06   0.000000E+00   0.000000E+00
  -5.050000E-01  -1.000000E+00   4.201155E-01   1.784599E-06   0.000000E+00   0.000000E+00
  -8.050000E-01  -1.000000E+00   4.201155E-01   1.784599E-06   0.000000E+00   0.000000E+00
  -1.405000E+00  -1.000000E+00   4.201155E-01   1.784599E-06   0.000000E+00   0.000000E+00
  -2.005000E+00  -1.000000E+00   4.201155E-01   1.784599E-06   0.000000E+00   0.000000E+00
  -2.665000E+00  -9.994732E-01   4.201510E-01   1.787551E-06   0.000000E+00   0.000000E+00
   1983  1.92050153E+04     NSTEP   TIME
 SURFACE NODE =   441  X =   1.0000E+01  Y =   0.0000E+00
              Z  PRESSURE HEAD             SW           CKRW        QTRANIE
   3.350000E-01  -2.485348E-01   5.487707E-01   1.348315E-04   6.636269E-11   0.000000E+00
   3.290000E-01  -2.453243E-01   5.503492E-01   1.402845E-04   1.967097E-10   0.000000E+00
   3.170000E-01  -2.524597E-01   5.468785E-01   1.285370E-04   3.200281E-10   0.000000E+00
   2.990000E-01  -3.186524E-01   5.200517E-01   6.293680E-05   4.319808E-10   0.000000E+00
   2.750000E-01  -6.836981E-01   4.480290E-01   5.871230E-06   5.287333E-10   0.000000E+00
   2.450000E-01  -9.897099E-01   4.208140E-01   1.843442E-06   5.519235E-10   0.000000E+00
   2.150000E-01  -1.005556E+00   4.197427E-01   1.753854E-06   7.769312E-10   0.000000E+00
   1.550000E-01  -1.005957E+00   4.197159E-01   1.751661E-06   9.090648E-10   0.000000E+00
   9.500000E-02  -1.004282E+00   4.198279E-01   1.760842E-06   1.388593E-09   0.000000E+00
  -5.500000E-02  -1.003589E+00   4.198743E-01   1.764659E-06   1.370405E-09   0.000000E+00
  -2.050000E-01  -1.001995E+00   4.199813E-01   1.773480E-06   1.334210E-09   0.000000E+00
  -5.050000E-01  -1.000599E+00   4.200751E-01   1.781250E-06   4.583915E-10   0.000000E+00
  -8.050000E-01  -1.000000E+00   4.201155E-01   1.784599E-06   0.000000E+00   0.000000E+00
  -1.405000E+00  -1.000000E+00   4.201155E-01   1.784599E-06   0.000000E+00   0.000000E+00
  -2.005000E+00  -1.000000E+00   4.201155E-01   1.784599E-06   0.000000E+00   0.000000E+00
  -2.665000E+00  -9.989472E-01   4.201865E-01   1.790505E-06   0.000000E+00   0.000000E+00
   2943  2.88050153E+04     NSTEP   TIME
 SURFACE NODE =   441  X =   1.0000E+01  Y =   0.0000E+00
              Z  PRESSURE HEAD             SW           CKRW        QTRANIE
   3.350000E-01  -3.203315E-01   5.194739E-01   6.192628E-05   6.636269E-11   0.000000E+00
   3.290000E-01  -3.165337E-01   5.207869E-01   6.424310E-05   1.967097E-10   0.000000E+00
   3.170000E-01  -3.187752E-01   5.200093E-01   6.286217E-05   3.200281E-10   0.000000E+00
   2.990000E-01  -3.528684E-01   5.090523E-01   4.594880E-05   4.319808E-10   0.000000E+00
   2.750000E-01  -5.298672E-01   4.695314E-01   1.300997E-05   5.287333E-10   0.000000E+00
   2.450000E-01  -9.603399E-01   4.228667E-01   2.026079E-06   5.519235E-10   0.000000E+00
   2.150000E-01  -1.050831E+00   4.168120E-01   1.527546E-06   7.769312E-10   0.000000E+00
   1.550000E-01  -1.054908E+00   4.165570E-01   1.509098E-06   9.090648E-10   0.000000E+00
   9.500000E-02  -1.039294E+00   4.175412E-01   1.581379E-06   1.388593E-09   0.000000E+00
  -5.500000E-02  -1.032729E+00   4.179614E-01   1.613129E-06   1.370405E-09   0.000000E+00
  -2.050000E-01  -1.018042E+00   4.189157E-01   1.687265E-06   1.334210E-09   0.000000E+00
  -5.050000E-01  -1.005377E+00   4.197547E-01   1.754835E-06   4.583915E-10   0.000000E+00
  -8.050000E-01  -1.000002E+00   4.201153E-01   1.784588E-06   0.000000E+00   0.000000E+00
  -1.405000E+00  -1.000000E+00   4.201155E-01   1.784599E-06   0.000000E+00   0.000000E+00
  -2.005000E+00  -1.000000E+00   4.201155E-01   1.784599E-06   0.000000E+00   0.000000E+00
  -2.665000E+00  -9.984217E-01   4.202219E-01   1.793462E-06   0.000000E+00   0.000000E+00
   3903  3.84050153E+04     NSTEP   TIME
 SURFACE NODE =   441  X =   1.0000E+01  Y =   0.0000E+00
              Z  PRESSURE HEAD             SW           CKRW        QTRANIE
   3.350000E-01  -3.704353E-01   5.039702E-01   3.954128E-05   6.636269E-11   0.000000E+00
   3.290000E-01  -3.664461E-01   5.050941E-01   4.088780E-05   1.967097E-10   0.000000E+00
   3.170000E-01  -3.669945E-01   5.049386E-01   4.069915E-05   3.200281E-10   0.000000E+00
   2.990000E-01  -3.917255E-01   4.982484E-01   3.326031E-05   4.319808E-10   0.000000E+00
   2.750000E-01  -5.063448E-01   4.736170E-01   1.498662E-05   5.287333E-10   0.000000E+00
   2.450000E-01  -8.995368E-01   4.274200E-01   2.487177E-06   5.519235E-10   0.000000E+00
   2.150000E-01  -1.093650E+00   4.142038E-01   1.347623E-06   7.769312E-10   0.000000E+00
   1.550000E-01  -1.106973E+00   4.134223E-01   1.297376E-06   9.090648E-10   0.000000E+00
   9.500000E-02  -1.076232E+00   4.152466E-01   1.417252E-06   1.388593E-09   0.000000E+00
  -5.500000E-02  -1.063098E+00   4.160493E-01   1.472922E-06   1.370405E-09   0.000000E+00
  -2.050000E-01  -1.034490E+00   4.178483E-01   1.604529E-06   1.334210E-09   0.000000E+00
  -5.050000E-01  -1.010199E+00   4.194334E-01   1.728696E-06   4.583915E-10   0.000000E+00
  -8.050000E-01  -1.000007E+00   4.201150E-01   1.784559E-06   0.000000E+00   0.000000E+00
  -1.405000E+00  -1.000000E+00   4.201155E-01   1.784599E-06   0.000000E+00   0.000000E+00
  -2.005000E+00  -1.000000E+00   4.201155E-01   1.784598E-06   0.000000E+00   0.000000E+00
  -2.665000E+00  -9.978967E-01   4.202574E-01   1.796423E-06   0.000000E+00   0.000000E+00
   4863  4.80050153E+04     NSTEP   TIME
 SURFACE NODE =   441  X =   1.0000E+01  Y =   0.0000E+00
              Z  PRESSURE HEAD             SW           CKRW        QTRANIE
   3.350000E-01  -4.125892E-01   4.930522E-01   2.831893E-05   6.636269E-11   0.000000E+00
   3.290000E-01  -4.085061E-01   4.940395E-01   2.920591E-05   1.967097E-10   0.000000E+00
   3.170000E-01  -4.080870E-01   4.941416E-01   2.929901E-05   3.200281E-10   0.000000E+00
   2.990000E-01  -4.281320E-01   4.894172E-01   2.524933E-05   4.319808E-10   0.000000E+00
   2.750000E-01  -5.179722E-01   4.715643E-01   1.396357E-05   5.287333E-10   0.000000E+00
   2.450000E-01  -8.543564E-01   4.311021E-01   2.923046E-06   5.519235E-10   0.000000E+00
   2.150000E-01  -1.133073E+00   4.119301E-01   1.205874E-06   7.769312E-10   0.000000E+00
   1.550000E-01  -1.162355E+00   4.103142E-01   1.113064E-06   9.090648E-10   0.000000E+00
   9.500000E-02  -1.115216E+00   4.129456E-01   1.267517E-06   1.388593E-09   0.000000E+00
  -5.500000E-02  -1.094765E+00   4.141379E-01   1.343321E-06   1.370405E-09   0.000000E+00
  -2.050000E-01  -1.051352E+00   4.167793E-01   1.525173E-06   1.334210E-09   0.000000E+00
  -5.050000E-01  -1.015065E+00   4.191114E-01   1.702831E-06   4.583915E-10   0.000000E+00
  -8.050000E-01  -1.000016E+00   4.201144E-01   1.784512E-06   0.000000E+00   0.000000E+00
  -1.405000E+00  -1.000000E+00   4.201155E-01   1.784599E-06   0.000000E+00   0.000000E+00
  -2.005000E+00  -1.000000E+00   4.201155E-01   1.784598E-06   0.000000E+00   0.000000E+00
  -2.665000E+00  -9.973722E-01   4.202929E-01   1.799388E-06   0.000000E+00   0.000000E+00
   5823  5.76050153E+04     NSTEP   TIME
 SURFACE NODE =   441  X =   1.0000E+01  Y =   0.0000E+00
              Z  PRESSURE HEAD             SW           CKRW        QTRANIE
   3.350000E-01  -4.510773E-01   4.843802E-01   2.147027E-05   6.636269E-11   0.000000E+00
   3.290000E-01  -4.469729E-01   4.852542E-01   2.208875E-05   1.967097E-10   0.000000E+00
   3.170000E-01  -4.460586E-01   4.854504E-01   2.222970E-05   3.200281E-10   0.000000E+00
   2.990000E-01  -4.636437E-01   4.817734E-01   1.971281E-05   4.319808E-10   0.000000E+00
   2.750000E-01  -5.414483E-01   4.676138E-01   1.216220E-05   5.287333E-10   0.000000E+00
   2.450000E-01  -8.325748E-01   4.329793E-01   3.169354E-06   5.519235E-10   0.000000E+00
   2.150000E-01  -1.169987E+00   4.099027E-01   1.090428E-06   7.769312E-10   0.000000E+00
   1.550000E-01  -1.221309E+00   4.072333E-01   9.529334E-07   9.090648E-10   0.000000E+00
   9.500000E-02  -1.156373E+00   4.106395E-01   1.131236E-06   1.388593E-09   0.000000E+00
  -5.500000E-02  -1.127803E+00   4.122274E-01   1.223647E-06   1.370405E-09   0.000000E+00
