1	0	INDP	IPOND
-1.036e+02
-6.157e+01
-6.098e+01
-6.098e+01
-6.098e+01
-6.098e+01
-6.098e+01
-6.098e+01
-6.098e+01
-6.098e+01
-6.098e+01
-6.098e+01
-6.098e+01
-6.098e+01
-6.098e+01
-6.098e+01
-6.098e+01
-6.098e+01
-6.088e+01
-4.677e+01
-1.915e+01
-6.157e+01
-1.929e+01
-1.926e+01
-1.926e+01
-1.926e+01
-1.926e+01
-1.926e+01
-1.926e+01
-1.926e+01
-1.926e+01
-1.926e+01
-1.926e+01
-1.926e+01
-1.926e+01
-1.926e+01
-1.926e+01
-1.926e+01
-1.926e+01
-1.926e+01
-1.916e+01
-1.068e+01
-6.098e+01
-1.926e+01
-1.923e+01
-1.923e+01
-1.923e+01
-1.923e+01
-1.923e+01
-1.923e+01
-1.923e+01
-1.923e+01
-1.923e+01
-1.923e+01
-1.923e+01
-1.923e+01
-1.923e+01
-1.923e+01
-1.923e+01
-1.923e+01
-1.923e+01
-1.913e+01
-1.075e+01
-6.098e+01
-1.926e+01
-1.923e+01
-1.923e+01
-1.923e+01
-1.923e+01
-1.923e+01
-1.923e+01
-1.923e+01
-1.923e+01
-1.923e+01
-1.923e+01
-1.923e+01
-1.923e+01
-1.923e+01
-1.923e+01
-1.923e+01
-1.923e+01
-1.923e+01
-1.913e+01
-1.075e+01
-6.098e+01
-1.926e+01
-1.923e+01
-1.923e+01
-1.923e+01
-1.923e+01
-1.923e+01
-1.923e+01
-1.923e+01
-1.923e+01
-1.923e+01
-1.923e+01
-1.923e+01
-1.923e+01
-1.923e+01
-1.923e+01
-1.923e+01
-1.923e+01
-1.923e+01
-1.913e+01
-1.075e+01
-6.098e+01
-1.926e+01
-1.923e+01
-1.923e+01
-1.923e+01
-1.923e+01
-1.923e+01
-1.923e+01
-1.923e+01
-1.923e+01
-1.923e+01
-1.923e+01
-1.923e+01
-1.923e+01
-1.923e+01
-1.923e+01
-1.923e+01
-1.923e+01
-1.923e+01
-1.913e+01
-1.075e+01
-6.098e+01
-1.926e+01
-1.923e+01
-1.923e+01
-1.923e+01
-1.923e+01
-1.923e+01
-1.923e+01
-1.923e+01
-1.923e+01
-1.923e+01
-1.923e+01
-1.923e+01
-1.923e+01
-1.923e+01
-1.923e+01
-1.923e+01
-1.923e+01
-1.923e+01
-1.913e+01
-1.075e+01
-6.098e+01
-1.926e+01
-1.923e+01
-1.923e+01
-1.923e+01
-1.923e+01
-1.923e+01
-1.923e+01
-1.923e+01
-1.923e+01
-1.923e+01
-1.923e+01
-1.923e+01
-1.923e+01
-1.923e+01
-1.923e+01
-1.923e+01
-1.923e+01
-1.923e+01
-1.913e+01
-1.075e+01
-6.128e+01
-1.926e+01
-1.923e+01
-1.923e+01
-1.923e+01
-1.923e+01
-1.923e+01
-1.923e+01
-1.923e+01
-1.923e+01
-1.923e+01
-1.923e+01
-1.923e+01
-1.923e+01
-1.923e+01
-1.923e+01
-1.923e+01
-1.923e+01
-1.923e+01
-1.913e+01
-1.075e+01
-7.127e+01
-1.950e+01
-1.947e+01
-1.947e+01
-1.947e+01
-1.947e+01
-1.947e+01
-1.947e+01
-1.947e+01
-1.947e+01
-1.947e+01
-1.947e+01
-1.947e+01
-1.947e+01
-1.947e+01
-1.947e+01
-1.947e+01
-1.947e+01
-1.947e+01
-1.941e+01
-1.074e+01
-2.000e+02
-2.000e+02
-2.000e+02
-2.000e+02
-2.000e+02
-2.000e+02
-2.000e+02
-2.000e+02
-2.000e+02
-2.000e+02
-2.000e+02
-2.000e+02
-2.000e+02
-2.000e+02
-2.000e+02
-2.000e+02
-2.000e+02
-2.000e+02
-2.000e+02
-2.000e+02
-2.000e+02
-2.041e+02
-2.054e+02
-2.054e+02
-2.054e+02
-2.054e+02
-2.054e+02
-2.054e+02
-2.054e+02
-2.054e+02
-2.054e+02
-2.054e+02
-2.054e+02
-2.054e+02
-2.054e+02
-2.054e+02
-2.054e+02
-2.054e+02
-2.054e+02
-2.054e+02
-2.055e+02
-2.002e+02
-2.041e+02
-2.054e+02
-2.054e+02
-2.054e+02
-2.054e+02
-2.054e+02
-2.054e+02
-2.054e+02
-2.054e+02
-2.054e+02
-2.054e+02
-2.054e+02
-2.054e+02
-2.054e+02
-2.054e+02
-2.054e+02
-2.054e+02
-2.054e+02
-2.054e+02
-2.055e+02
-2.002e+02
-2.041e+02
-2.054e+02
-2.054e+02
-2.054e+02
-2.054e+02
-2.054e+02
-2.054e+02
-2.054e+02
-2.054e+02
-2.054e+02
-2.054e+02
-2.054e+02
-2.054e+02
-2.054e+02
-2.054e+02
-2.054e+02
-2.054e+02
-2.054e+02
-2.054e+02
-2.055e+02
-2.002e+02
-2.041e+02
-2.054e+02
-2.054e+02
-2.054e+02
-2.054e+02
-2.054e+02
-2.054e+02
-2.054e+02
-2.054e+02
-2.054e+02
-2.054e+02
-2.054e+02
-2.054e+02
-2.054e+02
-2.054e+02
-2.054e+02
-2.054e+02
-2.054e+02
-2.054e+02
-2.055e+02
-2.002e+02
-2.041e+02
-2.054e+02
-2.054e+02
-2.054e+02
-2.054e+02
-2.054e+02
-2.054e+02
-2.054e+02
-2.054e+02
-2.054e+02
-2.054e+02
-2.054e+02
-2.054e+02
-2.054e+02
-2.054e+02
-2.054e+02
-2.054e+02
-2.054e+02
-2.054e+02
-2.055e+02
-2.002e+02
-2.041e+02
-2.054e+02
-2.054e+02
-2.054e+02
-2.054e+02
-2.054e+02
-2.054e+02
-2.054e+02
-2.054e+02
-2.054e+02
-2.054e+02
-2.054e+02
-2.054e+02
-2.054e+02
-2.054e+02
-2.054e+02
-2.054e+02
-2.054e+02
-2.054e+02
-2.055e+02
-2.002e+02
-2.041e+02
-2.054e+02
-2.054e+02
-2.054e+02
-2.054e+02
-2.054e+02
-2.054e+02
-2.054e+02
-2.054e+02
-2.054e+02
-2.054e+02
-2.054e+02
-2.054e+02
-2.054e+02
-2.054e+02
-2.054e+02
-2.054e+02
-2.054e+02
-2.054e+02
-2.055e+02
-2.002e+02
-2.041e+02
-2.054e+02
-2.054e+02
-2.054e+02
-2.054e+02
-2.054e+02
-2.054e+02
-2.054e+02
-2.054e+02
-2.054e+02
-2.054e+02
-2.054e+02
-2.054e+02
-2.054e+02
-2.054e+02
-2.054e+02
-2.054e+02
-2.054e+02
-2.054e+02
-2.055e+02
-2.002e+02
-2.043e+02
-2.055e+02
-2.055e+02
-2.055e+02
-2.055e+02
-2.055e+02
-2.055e+02
-2.055e+02
-2.055e+02
-2.055e+02
-2.055e+02
-2.055e+02
-2.055e+02
-2.055e+02
-2.055e+02
-2.055e+02
-2.055e+02
-2.055e+02
-2.055e+02
-2.055e+02
-2.003e+02
-2.055e+02
-2.001e+02
-2.002e+02
-2.002e+02
-2.002e+02
-2.002e+02
-2.002e+02
-2.002e+02
-2.002e+02
-2.002e+02
-2.002e+02
-2.002e+02
-2.002e+02
-2.002e+02
-2.002e+02
-2.002e+02
-2.002e+02
-2.002e+02
-2.002e+02
-2.003e+02
-2.000e+02
-5.699e+01
-3.517e+01
-3.512e+01
-3.512e+01
-3.512e+01
-3.512e+01
-3.512e+01
-3.512e+01
-3.512e+01
-3.512e+01
-3.512e+01
-3.512e+01
-3.512e+01
-3.512e+01
-3.512e+01
-3.512e+01
-3.512e+01
-3.512e+01
-3.515e+01
-3.651e+01
-1.876e+01
-3.517e+01
-1.877e+01
-1.876e+01
-1.876e+01
-1.876e+01
-1.876e+01
-1.876e+01
-1.876e+01
-1.876e+01
-1.876e+01
-1.876e+01
-1.876e+01
-1.876e+01
-1.876e+01
-1.876e+01
-1.876e+01
-1.876e+01
-1.877e+01
-1.877e+01
-1.876e+01
-1.265e+01
-3.512e+01
-1.876e+01
-1.876e+01
-1.876e+01
-1.876e+01
-1.876e+01
-1.876e+01
-1.876e+01
-1.876e+01
-1.876e+01
-1.876e+01
-1.876e+01
-1.876e+01
-1.876e+01
-1.876e+01
-1.876e+01
-1.876e+01
-1.876e+01
-1.876e+01
-1.873e+01
-1.262e+01
-3.512e+01
-1.876e+01
-1.876e+01
-1.876e+01
-1.876e+01
-1.876e+01
-1.876e+01
-1.876e+01
-1.876e+01
-1.876e+01
-1.876e+01
-1.876e+01
-1.876e+01
-1.876e+01
-1.876e+01
-1.876e+01
-1.876e+01
-1.876e+01
-1.876e+01
-1.873e+01
-1.262e+01
-3.512e+01
-1.876e+01
-1.876e+01
-1.876e+01
-1.876e+01
-1.876e+01
-1.876e+01
-1.876e+01
-1.876e+01
-1.876e+01
-1.876e+01
-1.876e+01
-1.876e+01
-1.876e+01
-1.876e+01
-1.876e+01
-1.876e+01
-1.876e+01
-1.876e+01
-1.873e+01
-1.262e+01
-3.512e+01
-1.876e+01
-1.876e+01
-1.876e+01
-1.876e+01
-1.876e+01
-1.876e+01
-1.876e+01
-1.876e+01
-1.876e+01
-1.876e+01
-1.876e+01
-1.876e+01
-1.876e+01
-1.876e+01
-1.876e+01
-1.876e+01
-1.876e+01
-1.876e+01
-1.873e+01
-1.262e+01
-3.512e+01
-1.876e+01
-1.876e+01
-1.876e+01
-1.876e+01
-1.876e+01
-1.876e+01
-1.876e+01
-1.876e+01
-1.876e+01
-1.876e+01
-1.876e+01
-1.876e+01
-1.876e+01
-1.876e+01
-1.876e+01
-1.876e+01
-1.876e+01
-1.876e+01
-1.873e+01
-1.262e+01
-3.512e+01
-1.876e+01
-1.876e+01
-1.876e+01
-1.876e+01
-1.876e+01
-1.876e+01
-1.876e+01
-1.876e+01
-1.876e+01
-1.876e+01
-1.876e+01
-1.876e+01
-1.876e+01
-1.876e+01
-1.876e+01
-1.876e+01
-1.876e+01
-1.876e+01
-1.873e+01
-1.262e+01
-3.511e+01
-1.876e+01
-1.876e+01
-1.876e+01
-1.876e+01
-1.876e+01
-1.876e+01
-1.876e+01
-1.876e+01
-1.876e+01
-1.876e+01
-1.876e+01
-1.876e+01
-1.876e+01
-1.876e+01
-1.876e+01
-1.876e+01
-1.876e+01
-1.876e+01
-1.873e+01
-1.262e+01
-3.534e+01
-1.895e+01
-1.897e+01
-1.897e+01
-1.897e+01
-1.897e+01
-1.897e+01
-1.897e+01
-1.897e+01
-1.897e+01
-1.897e+01
-1.897e+01
-1.897e+01
-1.897e+01
-1.897e+01
-1.897e+01
-1.897e+01
-1.897e+01
-1.897e+01
-1.895e+01
-1.278e+01
-2.000e+02
-2.000e+02
-2.000e+02
-2.000e+02
-2.000e+02
-2.000e+02
-2.000e+02
-2.000e+02
-2.000e+02
-2.000e+02
-2.000e+02
-2.000e+02
-2.000e+02
-2.000e+02
-2.000e+02
-2.000e+02
-2.000e+02
-2.000e+02
-2.000e+02
-2.000e+02
-2.000e+02
-2.050e+02
-2.054e+02
-2.054e+02
-2.054e+02
-2.054e+02
-2.054e+02
-2.054e+02
-2.054e+02
-2.054e+02
-2.054e+02
-2.054e+02
-2.054e+02
-2.054e+02
-2.054e+02
-2.054e+02
-2.054e+02
-2.054e+02
-2.054e+02
-2.054e+02
-2.054e+02
-2.050e+02
-2.050e+02
-2.054e+02
-2.054e+02
-2.054e+02
-2.054e+02
-2.054e+02
-2.054e+02
-2.054e+02
-2.054e+02
-2.054e+02
-2.054e+02
-2.054e+02
-2.054e+02
-2.054e+02
-2.054e+02
-2.054e+02
-2.054e+02
-2.054e+02
-2.054e+02
-2.054e+02
-2.050e+02
-2.050e+02
-2.054e+02
-2.054e+02
-2.054e+02
-2.054e+02
-2.054e+02
-2.054e+02
-2.054e+02
-2.054e+02
-2.054e+02
-2.054e+02
-2.054e+02
-2.054e+02
-2.054e+02
-2.054e+02
-2.054e+02
-2.054e+02
-2.054e+02
-2.054e+02
-2.054e+02
-2.050e+02
-2.050e+02
-2.054e+02
-2.054e+02
-2.054e+02
-2.054e+02
-2.054e+02
-2.054e+02
-2.054e+02
-2.054e+02
-2.054e+02
-2.054e+02
-2.054e+02
-2.054e+02
-2.054e+02
-2.054e+02
-2.054e+02
-2.054e+02
-2.054e+02
-2.054e+02
-2.054e+02
-2.050e+02
-2.050e+02
-2.054e+02
-2.054e+02
-2.054e+02
-2.054e+02
-2.054e+02
-2.054e+02
-2.054e+02
-2.054e+02
-2.054e+02
-2.054e+02
-2.054e+02
-2.054e+02
-2.054e+02
-2.054e+02
-2.054e+02
-2.054e+02
-2.054e+02
-2.054e+02
-2.054e+02
-2.050e+02
-2.050e+02
-2.054e+02
-2.054e+02
-2.054e+02
-2.054e+02
-2.054e+02
-2.054e+02
-2.054e+02
-2.054e+02
-2.054e+02
-2.054e+02
-2.054e+02
-2.054e+02
-2.054e+02
-2.054e+02
-2.054e+02
-2.054e+02
-2.054e+02
-2.054e+02
-2.054e+02
-2.050e+02
-2.050e+02
-2.054e+02
-2.054e+02
-2.054e+02
-2.054e+02
-2.054e+02
-2.054e+02
-2.054e+02
-2.054e+02
-2.054e+02
-2.054e+02
-2.054e+02
-2.054e+02
-2.054e+02
-2.054e+02
-2.054e+02
-2.054e+02
-2.054e+02
-2.054e+02
-2.054e+02
-2.050e+02
-2.050e+02
-2.054e+02
-2.054e+02
-2.054e+02
-2.054e+02
-2.054e+02
-2.054e+02
-2.054e+02
-2.054e+02
-2.054e+02
-2.054e+02
-2.054e+02
-2.054e+02
-2.054e+02
-2.054e+02
-2.054e+02
-2.054e+02
-2.054e+02
-2.054e+02
-2.054e+02
-2.050e+02
-2.050e+02
-2.054e+02
-2.054e+02
-2.054e+02
-2.054e+02
-2.054e+02
-2.054e+02
-2.054e+02
-2.054e+02
-2.054e+02
-2.054e+02
-2.054e+02
-2.054e+02
-2.054e+02
-2.054e+02
-2.054e+02
-2.054e+02
-2.054e+02
-2.054e+02
-2.054e+02
-2.050e+02
-2.054e+02
-2.050e+02
-2.050e+02
-2.050e+02
-2.050e+02
-2.050e+02
-2.050e+02
-2.050e+02
-2.050e+02
-2.050e+02
-2.050e+02
-2.050e+02
-2.050e+02
-2.050e+02
-2.050e+02
-2.050e+02
-2.050e+02
-2.050e+02
-2.050e+02
-2.050e+02
-2.040e+02
-2.798e+01
-2.314e+01
-2.314e+01
-2.314e+01
-2.314e+01
-2.314e+01
-2.314e+01
-2.314e+01
-2.314e+01
-2.314e+01
-2.314e+01
-2.314e+01
-2.314e+01
-2.314e+01
-2.314e+01
-2.314e+01
-2.314e+01
-2.314e+01
-2.314e+01
-2.338e+01
-1.719e+01
-2.314e+01
-1.717e+01
-1.717e+01
-1.717e+01
-1.717e+01
-1.717e+01
-1.717e+01
-1.717e+01
-1.717e+01
-1.717e+01
-1.717e+01
-1.717e+01
-1.717e+01
-1.717e+01
-1.717e+01
-1.717e+01
-1.717e+01
-1.717e+01
-1.717e+01
-1.719e+01
-1.362e+01
-2.314e+01
-1.717e+01
-1.717e+01
-1.717e+01
-1.717e+01
-1.717e+01
-1.717e+01
-1.717e+01
-1.717e+01
-1.717e+01
-1.717e+01
-1.717e+01
-1.717e+01
-1.717e+01
-1.717e+01
-1.717e+01
-1.717e+01
-1.717e+01
-1.718e+01
-1.718e+01
-1.362e+01
-2.314e+01
-1.717e+01
-1.717e+01
-1.717e+01
-1.717e+01
-1.717e+01
-1.717e+01
-1.717e+01
-1.717e+01
-1.717e+01
-1.717e+01
-1.717e+01
-1.717e+01
-1.717e+01
-1.717e+01
-1.717e+01
-1.717e+01
-1.717e+01
-1.718e+01
-1.718e+01
-1.362e+01
-2.314e+01
-1.717e+01
-1.717e+01
-1.717e+01
-1.717e+01
-1.717e+01
-1.717e+01
-1.717e+01
-1.717e+01
-1.717e+01
-1.717e+01
-1.717e+01
-1.717e+01
-1.717e+01
-1.717e+01
-1.717e+01
-1.717e+01
-1.717e+01
-1.718e+01
-1.718e+01
-1.362e+01
-2.314e+01
-1.717e+01
-1.717e+01
-1.717e+01
-1.717e+01
-1.717e+01
-1.717e+01
-1.717e+01
-1.717e+01
-1.717e+01
-1.717e+01
-1.717e+01
-1.717e+01
-1.717e+01
-1.717e+01
-1.717e+01
-1.717e+01
-1.717e+01
-1.718e+01
-1.718e+01
-1.362e+01
-2.314e+01
-1.717e+01
-1.717e+01
-1.717e+01
-1.717e+01
-1.717e+01
-1.717e+01
-1.717e+01
-1.717e+01
-1.717e+01
-1.717e+01
-1.717e+01
-1.717e+01
-1.717e+01
-1.717e+01
-1.717e+01
-1.717e+01
-1.717e+01
-1.718e+01
-1.718e+01
-1.362e+01
-2.314e+01
-1.717e+01
-1.717e+01
-1.717e+01
-1.717e+01
-1.717e+01
-1.717e+01
-1.717e+01
-1.717e+01
-1.717e+01
-1.717e+01
-1.717e+01
-1.717e+01
-1.717e+01
-1.717e+01
-1.717e+01
-1.717e+01
-1.717e+01
-1.718e+01
-1.718e+01
-1.362e+01
-2.314e+01
-1.717e+01
-1.717e+01
-1.717e+01
-1.717e+01
-1.717e+01
-1.717e+01
-1.717e+01
-1.717e+01
-1.717e+01
-1.717e+01
-1.717e+01
-1.717e+01
-1.717e+01
-1.717e+01
-1.717e+01
-1.717e+01
-1.717e+01
-1.718e+01
-1.719e+01
-1.362e+01
-2.309e+01
-1.729e+01
-1.729e+01
-1.729e+01
-1.729e+01
-1.729e+01
-1.729e+01
-1.729e+01
-1.729e+01
-1.729e+01
-1.729e+01
-1.729e+01
-1.729e+01
-1.729e+01
-1.729e+01
-1.729e+01
-1.729e+01
-1.729e+01
-1.729e+01
-1.732e+01
-1.379e+01
-2.000e+02
-2.000e+02
-2.000e+02
-2.000e+02
-2.000e+02
-2.000e+02
-2.000e+02
-2.000e+02
-2.000e+02
-2.000e+02
-2.000e+02
-2.000e+02
-2.000e+02
-2.000e+02
-2.000e+02
-2.000e+02
-2.000e+02
-2.000e+02
-2.000e+02
-2.000e+02
-2.000e+02
-2.054e+02
-2.051e+02
-2.052e+02
-2.052e+02
-2.052e+02
-2.052e+02
-2.052e+02
-2.052e+02
-2.052e+02
-2.052e+02
-2.052e+02
-2.052e+02
-2.052e+02
-2.052e+02
-2.052e+02
-2.052e+02
-2.052e+02
-2.052e+02
-2.052e+02
-2.052e+02
-2.033e+02
-2.054e+02
-2.052e+02
-2.052e+02
-2.052e+02
-2.052e+02
-2.052e+02
-2.052e+02
-2.052e+02
-2.052e+02
-2.052e+02
-2.052e+02
-2.052e+02
-2.052e+02
-2.052e+02
-2.052e+02
-2.052e+02
-2.052e+02
-2.052e+02
-2.052e+02
-2.052e+02
-2.033e+02
-2.054e+02
-2.052e+02
-2.052e+02
-2.052e+02
-2.052e+02
-2.052e+02
-2.052e+02
-2.052e+02
-2.052e+02
-2.052e+02
-2.052e+02
-2.052e+02
-2.052e+02
-2.052e+02
-2.052e+02
-2.052e+02
-2.052e+02
-2.052e+02
-2.052e+02
-2.052e+02
-2.033e+02
-2.054e+02
-2.052e+02
-2.052e+02
-2.052e+02
-2.052e+02
-2.052e+02
-2.052e+02
-2.052e+02
-2.052e+02
-2.052e+02
-2.052e+02
-2.052e+02
-2.052e+02
-2.052e+02
-2.052e+02
-2.052e+02
-2.052e+02
-2.052e+02
-2.052e+02
-2.052e+02
-2.033e+02
-2.054e+02
-2.052e+02
-2.052e+02
-2.052e+02
-2.052e+02
-2.052e+02
-2.052e+02
-2.052e+02
-2.052e+02
-2.052e+02
-2.052e+02
-2.052e+02
-2.052e+02
-2.052e+02
-2.052e+02
-2.052e+02
-2.052e+02
-2.052e+02
-2.052e+02
-2.052e+02
-2.033e+02
-2.054e+02
-2.052e+02
-2.052e+02
-2.052e+02
-2.052e+02
-2.052e+02
-2.052e+02
-2.052e+02
-2.052e+02
-2.052e+02
-2.052e+02
-2.052e+02
-2.052e+02
-2.052e+02
-2.052e+02
-2.052e+02
-2.052e+02
-2.052e+02
-2.052e+02
-2.052e+02
-2.033e+02
-2.054e+02
-2.052e+02
-2.052e+02
-2.052e+02
-2.052e+02
-2.052e+02
-2.052e+02
-2.052e+02
-2.052e+02
-2.052e+02
-2.052e+02
-2.052e+02
-2.052e+02
-2.052e+02
-2.052e+02
-2.052e+02
-2.052e+02
-2.052e+02
-2.052e+02
-2.052e+02
-2.033e+02
-2.054e+02
-2.052e+02
-2.052e+02
-2.052e+02
-2.052e+02
-2.052e+02
-2.052e+02
-2.052e+02
-2.052e+02
-2.052e+02
-2.052e+02
-2.052e+02
-2.052e+02
-2.052e+02
-2.052e+02
-2.052e+02
-2.052e+02
-2.052e+02
-2.052e+02
-2.052e+02
-2.033e+02
-2.054e+02
-2.052e+02
-2.052e+02
-2.052e+02
-2.052e+02
-2.052e+02
-2.052e+02
-2.052e+02
-2.052e+02
-2.052e+02
-2.052e+02
-2.052e+02
-2.052e+02
-2.052e+02
-2.052e+02
-2.052e+02
-2.052e+02
-2.052e+02
-2.052e+02
-2.052e+02
-2.033e+02
-2.052e+02
-2.033e+02
-2.033e+02
-2.033e+02
-2.033e+02
-2.033e+02
-2.033e+02
-2.033e+02
-2.033e+02
-2.033e+02
-2.033e+02
-2.033e+02
-2.033e+02
-2.033e+02
-2.033e+02
-2.033e+02
-2.033e+02
-2.033e+02
-2.033e+02
-2.033e+02
-2.013e+02
-1.949e+01
-1.770e+01
-1.772e+01
-1.772e+01
-1.772e+01
-1.772e+01
-1.772e+01
-1.772e+01
-1.772e+01
-1.772e+01
-1.772e+01
-1.772e+01
-1.772e+01
-1.772e+01
-1.772e+01
-1.772e+01
-1.772e+01
-1.772e+01
-1.772e+01
-1.772e+01
-1.494e+01
-1.770e+01
-1.494e+01
-1.494e+01
-1.494e+01
-1.494e+01
-1.494e+01
-1.494e+01
-1.494e+01
-1.494e+01
-1.494e+01
-1.494e+01
-1.494e+01
-1.494e+01
-1.494e+01
-1.494e+01
-1.494e+01
-1.494e+01
-1.494e+01
-1.494e+01
-1.494e+01
-1.292e+01
-1.772e+01
-1.494e+01
-1.494e+01
-1.494e+01
-1.494e+01
-1.494e+01
-1.494e+01
-1.494e+01
-1.494e+01
-1.494e+01
-1.494e+01
-1.494e+01
-1.494e+01
-1.494e+01
-1.494e+01
-1.494e+01
-1.494e+01
-1.494e+01
-1.494e+01
-1.494e+01
-1.292e+01
-1.772e+01
-1.494e+01
-1.494e+01
-1.494e+01
-1.494e+01
-1.494e+01
-1.494e+01
-1.494e+01
-1.494e+01
-1.494e+01
-1.494e+01
-1.494e+01
-1.494e+01
-1.494e+01
-1.494e+01
-1.494e+01
-1.494e+01
-1.494e+01
-1.494e+01
-1.494e+01
-1.292e+01
-1.772e+01
-1.494e+01
-1.494e+01
-1.494e+01
-1.494e+01
-1.494e+01
-1.494e+01
-1.494e+01
-1.494e+01
-1.494e+01
-1.494e+01
-1.494e+01
-1.494e+01
-1.494e+01
-1.494e+01
-1.494e+01
-1.494e+01
-1.494e+01
-1.494e+01
-1.494e+01
-1.292e+01
-1.772e+01
-1.494e+01
-1.494e+01
-1.494e+01
-1.494e+01
-1.494e+01
-1.494e+01
-1.494e+01
-1.494e+01
-1.494e+01
-1.494e+01
-1.494e+01
-1.494e+01
-1.494e+01
-1.494e+01
-1.494e+01
-1.494e+01
-1.494e+01
-1.494e+01
-1.494e+01
-1.292e+01
-1.772e+01
-1.494e+01
-1.494e+01
-1.494e+01
-1.494e+01
-1.494e+01
-1.494e+01
-1.494e+01
-1.494e+01
-1.494e+01
-1.494e+01
-1.494e+01
-1.494e+01
-1.494e+01
-1.494e+01
-1.494e+01
-1.494e+01
-1.494e+01
-1.494e+01
-1.494e+01
-1.292e+01
-1.772e+01
-1.494e+01
-1.494e+01
-1.494e+01
-1.494e+01
-1.494e+01
-1.494e+01
-1.494e+01
-1.494e+01
-1.494e+01
-1.494e+01
-1.494e+01
-1.494e+01
-1.494e+01
-1.494e+01
-1.494e+01
-1.494e+01
-1.494e+01
-1.494e+01
-1.494e+01
-1.292e+01
-1.770e+01
-1.492e+01
-1.494e+01
-1.494e+01
-1.494e+01
-1.494e+01
-1.494e+01
-1.494e+01
-1.494e+01
-1.494e+01
-1.494e+01
-1.494e+01
-1.494e+01
-1.494e+01
-1.494e+01
-1.494e+01
-1.494e+01
-1.494e+01
-1.494e+01
-1.494e+01
-1.292e+01
-1.776e+01
-1.502e+01
-1.503e+01
-1.503e+01
-1.503e+01
-1.503e+01
-1.503e+01
-1.503e+01
-1.503e+01
-1.503e+01
-1.503e+01
-1.503e+01
-1.503e+01
-1.503e+01
-1.503e+01
-1.503e+01
-1.503e+01
-1.503e+01
-1.503e+01
-1.503e+01
-1.302e+01
-2.000e+02
-2.000e+02
-2.000e+02
-2.000e+02
-2.000e+02
-2.000e+02
-2.000e+02
-2.000e+02
-2.000e+02
-2.000e+02
-2.000e+02
-2.000e+02
-2.000e+02
-2.000e+02
-2.000e+02
-2.000e+02
-2.000e+02
-2.000e+02
-2.000e+02
-2.000e+02
-1.999e+02
-2.000e+02
-2.000e+02
-2.000e+02
-2.000e+02
-2.000e+02
-2.000e+02
-2.000e+02
-2.000e+02
-2.000e+02
-2.000e+02
-2.000e+02
-2.000e+02
-2.000e+02
-2.000e+02
-2.000e+02
-2.000e+02
-2.000e+02
-2.000e+02
-2.000e+02
-2.000e+02
-2.000e+02
-2.000e+02
-2.000e+02
-2.000e+02
-2.000e+02
-2.000e+02
-2.000e+02
-2.000e+02
-2.000e+02
-2.000e+02
-2.000e+02
-2.000e+02
-2.000e+02
-2.000e+02
-2.000e+02
-2.000e+02
-2.000e+02
-2.000e+02
-2.000e+02
-2.000e+02
-2.000e+02
-2.000e+02
-2.000e+02
-2.000e+02
-2.000e+02
-2.000e+02
-2.000e+02
-2.000e+02
-2.000e+02
-2.000e+02
-2.000e+02
-2.000e+02
-2.000e+02
-2.000e+02
-2.000e+02
-2.000e+02
-2.000e+02
-2.000e+02
-2.000e+02
-2.000e+02
-2.000e+02
-2.000e+02
-2.000e+02
-2.000e+02
-2.000e+02
-2.000e+02
-2.000e+02
-2.000e+02
-2.000e+02
-2.000e+02
-2.000e+02
-2.000e+02
-2.000e+02
-2.000e+02
-2.000e+02
-2.000e+02
-2.000e+02
-2.000e+02
-2.000e+02
-2.000e+02
-2.000e+02
-2.000e+02
-2.000e+02
-2.000e+02
-2.000e+02
-2.000e+02
-2.000e+02
-2.000e+02
-2.000e+02
-2.000e+02
-2.000e+02
-2.000e+02
-2.000e+02
-2.000e+02
-2.000e+02
-2.000e+02
-2.000e+02
-2.000e+02
-2.000e+02
-2.000e+02
-2.000e+02
-2.000e+02
-2.000e+02
-2.000e+02
-2.000e+02
-2.000e+02
-2.000e+02
-2.000e+02
-2.000e+02
-2.000e+02
-2.000e+02
-2.000e+02
-2.000e+02
-2.000e+02
-2.000e+02
-2.000e+02
-2.000e+02
-2.000e+02
-2.000e+02
-2.000e+02
-2.000e+02
-2.000e+02
-2.000e+02
-2.000e+02
-2.000e+02
-2.000e+02
-2.000e+02
-2.000e+02
-2.000e+02
-2.000e+02
-2.000e+02
-2.000e+02
-2.000e+02
-2.000e+02
-2.000e+02
-2.000e+02
-2.000e+02
-2.000e+02
-2.000e+02
-2.000e+02
-2.000e+02
-2.000e+02
-2.000e+02
-2.000e+02
-2.000e+02
-2.000e+02
-2.000e+02
-2.000e+02
-2.000e+02
-2.000e+02
-2.000e+02
-2.000e+02
-2.000e+02
-2.000e+02
-2.000e+02
-2.000e+02
-2.000e+02
-2.000e+02
-2.000e+02
-2.000e+02
-2.000e+02
-2.000e+02
-2.000e+02
-2.000e+02
-2.000e+02
-2.000e+02
-2.000e+02
-2.000e+02
-2.000e+02
-2.000e+02
-2.000e+02
-2.000e+02
-2.000e+02
-2.000e+02
-2.000e+02
-2.000e+02
-2.000e+02
-2.000e+02
-2.000e+02
-2.000e+02
-2.000e+02
-2.000e+02
-2.000e+02
-2.000e+02
-2.000e+02
-2.000e+02
-2.000e+02
-2.000e+02
-2.000e+02
-2.000e+02
-2.000e+02
-2.000e+02
-2.000e+02
-2.000e+02
-2.000e+02
-2.000e+02
-2.000e+02
-2.000e+02
-2.000e+02
-2.000e+02
-2.000e+02
-2.000e+02
-2.000e+02
-2.000e+02
-2.000e+02
-2.000e+02
-2.000e+02
-2.000e+02
-2.000e+02
-2.000e+02
-1.496e+01
-1.407e+01
-1.409e+01
-1.409e+01
-1.409e+01
-1.409e+01
-1.409e+01
-1.409e+01
-1.409e+01
-1.409e+01
-1.409e+01
-1.409e+01
-1.409e+01
-1.409e+01
-1.409e+01
-1.409e+01
-1.409e+01
-1.409e+01
-1.409e+01
-1.409e+01
-1.262e+01
-1.407e+01
-1.262e+01
-1.262e+01
-1.262e+01
-1.262e+01
-1.262e+01
-1.262e+01
-1.262e+01
-1.262e+01
-1.262e+01
-1.262e+01
-1.262e+01
-1.262e+01
-1.262e+01
-1.262e+01
-1.262e+01
-1.262e+01
-1.262e+01
-1.262e+01
-1.262e+01
-1.144e+01
-1.409e+01
-1.262e+01
-1.262e+01
-1.262e+01
-1.262e+01
-1.262e+01
-1.262e+01
-1.262e+01
-1.262e+01
-1.262e+01
-1.262e+01
-1.262e+01
-1.262e+01
-1.262e+01
-1.262e+01
-1.262e+01
-1.262e+01
-1.262e+01
-1.262e+01
-1.262e+01
-1.144e+01
-1.409e+01
-1.262e+01
-1.262e+01
-1.262e+01
-1.262e+01
-1.262e+01
-1.262e+01
-1.262e+01
-1.262e+01
-1.262e+01
-1.262e+01
-1.262e+01
-1.262e+01
-1.262e+01
-1.262e+01
-1.262e+01
-1.262e+01
-1.262e+01
-1.262e+01
-1.262e+01
-1.144e+01
-1.409e+01
-1.262e+01
-1.262e+01
-1.262e+01
-1.262e+01
-1.262e+01
-1.262e+01
-1.262e+01
-1.262e+01
-1.262e+01
-1.262e+01
-1.262e+01
-1.262e+01
-1.262e+01
-1.262e+01
-1.262e+01
-1.262e+01
-1.262e+01
-1.262e+01
-1.262e+01
-1.144e+01
-1.409e+01
-1.262e+01
-1.262e+01
-1.262e+01
-1.262e+01
-1.262e+01
-1.262e+01
-1.262e+01
-1.262e+01
-1.262e+01
-1.262e+01
-1.262e+01
-1.262e+01
-1.262e+01
-1.262e+01
-1.262e+01
-1.262e+01
-1.262e+01
-1.262e+01
-1.262e+01
-1.144e+01
-1.409e+01
-1.262e+01
-1.262e+01
-1.262e+01
-1.262e+01
-1.262e+01
-1.262e+01
-1.262e+01
-1.262e+01
-1.262e+01
-1.262e+01
-1.262e+01
-1.262e+01
-1.262e+01
-1.262e+01
-1.262e+01
-1.262e+01
-1.262e+01
-1.262e+01
-1.262e+01
-1.144e+01
-1.409e+01
-1.262e+01
-1.262e+01
-1.262e+01
-1.262e+01
-1.262e+01
-1.262e+01
-1.262e+01
-1.262e+01
-1.262e+01
-1.262e+01
-1.262e+01
-1.262e+01
-1.262e+01
-1.262e+01
-1.262e+01
-1.262e+01
-1.262e+01
-1.262e+01
-1.262e+01
-1.144e+01
-1.408e+01
-1.262e+01
-1.262e+01
-1.262e+01
-1.262e+01
-1.262e+01
-1.262e+01
-1.262e+01
-1.262e+01
-1.262e+01
-1.262e+01
-1.262e+01
-1.262e+01
-1.262e+01
-1.262e+01
-1.262e+01
-1.262e+01
-1.262e+01
-1.262e+01
-1.262e+01
-1.144e+01
-1.411e+01
-1.267e+01
-1.267e+01
-1.267e+01
-1.267e+01
-1.267e+01
-1.267e+01
-1.267e+01
-1.267e+01
-1.267e+01
-1.267e+01
-1.267e+01
-1.267e+01
-1.267e+01
-1.267e+01
-1.267e+01
-1.267e+01
-1.267e+01
-1.267e+01
-1.267e+01
-1.149e+01
-2.000e+02
-1.995e+02
-1.994e+02
-1.994e+02
-1.994e+02
-1.994e+02
-1.994e+02
-1.994e+02
-1.994e+02
-1.994e+02
-1.994e+02
-1.994e+02
-1.994e+02
-1.994e+02
-1.994e+02
-1.994e+02
-1.994e+02
-1.994e+02
-1.994e+02
-1.994e+02
-1.982e+02
-2.000e+02
-2.000e+02
-2.000e+02
-2.000e+02
-2.000e+02
-2.000e+02
-2.000e+02
-2.000e+02
-2.000e+02
-2.000e+02
-2.000e+02
-2.000e+02
-2.000e+02
-2.000e+02
-2.000e+02
-2.000e+02
-2.000e+02
-2.000e+02
-2.000e+02
-2.000e+02
-2.000e+02
-2.000e+02
-2.000e+02
-2.000e+02
-2.000e+02
-2.000e+02
-2.000e+02
-2.000e+02
-2.000e+02
-2.000e+02
-2.000e+02
-2.000e+02
-2.000e+02
-2.000e+02
-2.000e+02
-2.000e+02
-2.000e+02
-2.000e+02
-2.000e+02
-2.000e+02
-2.000e+02
-2.000e+02
-2.000e+02
-2.000e+02
-2.000e+02
-2.000e+02
-2.000e+02
-2.000e+02
-2.000e+02
-2.000e+02
-2.000e+02
-2.000e+02
-2.000e+02
-2.000e+02
-2.000e+02
-2.000e+02
-2.000e+02
-2.000e+02
-2.000e+02
-2.000e+02
-2.000e+02
-2.000e+02
-2.000e+02
-2.000e+02
-2.000e+02
-2.000e+02
-2.000e+02
-2.000e+02
-2.000e+02
-2.000e+02
-2.000e+02
-2.000e+02
-2.000e+02
-2.000e+02
-2.000e+02
-2.000e+02
-2.000e+02
-2.000e+02
-2.000e+02
-2.000e+02
-2.000e+02
-2.000e+02
-2.000e+02
-2.000e+02
-2.000e+02
-2.000e+02
-2.000e+02
-2.000e+02
-2.000e+02
-2.000e+02
-2.000e+02
-2.000e+02
-2.000e+02
-2.000e+02
-2.000e+02
-2.000e+02
-2.000e+02
-2.000e+02
-2.000e+02
-2.000e+02
-2.000e+02
-2.000e+02
-2.000e+02
-2.000e+02
-2.000e+02
-2.000e+02
-2.000e+02
-2.000e+02
-2.000e+02
-2.000e+02
-2.000e+02
-2.000e+02
-2.000e+02
-2.000e+02
-2.000e+02
-2.000e+02
-2.000e+02
-2.000e+02
-2.000e+02
-2.000e+02
-2.000e+02
-2.000e+02
-2.000e+02
-2.000e+02
-2.000e+02
-2.000e+02
-2.000e+02
-2.000e+02
-2.000e+02
-2.000e+02
-2.000e+02
-2.000e+02
-2.000e+02
-2.000e+02
-2.000e+02
-2.000e+02
-2.000e+02
-2.000e+02
-2.000e+02
-2.000e+02
-2.000e+02
-2.000e+02
-2.000e+02
-2.000e+02
-2.000e+02
-2.000e+02
-2.000e+02
-2.000e+02
-2.000e+02
-2.000e+02
-2.000e+02
-2.000e+02
-2.000e+02
-2.000e+02
-2.000e+02
-2.000e+02
-2.000e+02
-2.000e+02
-2.000e+02
-2.000e+02
-2.000e+02
-2.000e+02
-2.000e+02
-2.000e+02
-2.000e+02
-2.000e+02
-2.000e+02
-2.000e+02
-2.000e+02
-2.000e+02
-2.000e+02
-2.000e+02
-2.000e+02
-2.000e+02
-2.000e+02
-2.000e+02
-2.000e+02
-2.000e+02
-2.000e+02
-2.000e+02
-2.000e+02
-2.000e+02
-2.000e+02
-2.000e+02
-2.000e+02
-2.000e+02
-2.000e+02
-2.000e+02
-2.000e+02
-2.000e+02
-2.000e+02
-2.000e+02
-2.000e+02
-2.000e+02
-2.000e+02
-2.000e+02
-2.000e+02
-2.000e+02
-2.000e+02
-2.000e+02
-2.000e+02
-2.000e+02
-2.000e+02
-2.000e+02
-2.000e+02
-2.000e+02
-2.000e+02
-2.000e+02
-2.000e+02
-2.000e+02
-1.072e+01
-1.060e+01
-1.060e+01
-1.060e+01
-1.060e+01
-1.060e+01
-1.060e+01
-1.060e+01
-1.060e+01
-1.060e+01
-1.060e+01
-1.060e+01
-1.060e+01
-1.060e+01
-1.060e+01
-1.060e+01
-1.060e+01
-1.060e+01
-1.060e+01
-1.060e+01
-1.044e+01
-1.060e+01
-1.044e+01
-1.043e+01
-1.043e+01
-1.043e+01
-1.043e+01
-1.043e+01
-1.043e+01
-1.043e+01
-1.043e+01
-1.043e+01
-1.043e+01
-1.043e+01
-1.043e+01
-1.043e+01
-1.043e+01
-1.043e+01
-1.043e+01
-1.043e+01
-1.043e+01
-1.025e+01
-1.060e+01
-1.043e+01
-1.043e+01
-1.043e+01
-1.043e+01
-1.043e+01
-1.043e+01
-1.043e+01
-1.043e+01
-1.043e+01
-1.043e+01
-1.043e+01
-1.043e+01
-1.043e+01
-1.043e+01
-1.043e+01
-1.043e+01
-1.043e+01
-1.043e+01
-1.043e+01
-1.024e+01
-1.060e+01
-1.043e+01
-1.043e+01
-1.043e+01
-1.043e+01
-1.043e+01
-1.043e+01
-1.043e+01
-1.043e+01
-1.043e+01
-1.043e+01
-1.043e+01
-1.043e+01
-1.043e+01
-1.043e+01
-1.043e+01
-1.043e+01
-1.043e+01
-1.043e+01
-1.043e+01
-1.024e+01
-1.060e+01
-1.043e+01
-1.043e+01
-1.043e+01
-1.043e+01
-1.043e+01
-1.043e+01
-1.043e+01
-1.043e+01
-1.043e+01
-1.043e+01
-1.043e+01
-1.043e+01
-1.043e+01
-1.043e+01
-1.043e+01
-1.043e+01
-1.043e+01
-1.043e+01
-1.043e+01
-1.024e+01
-1.060e+01
-1.043e+01
-1.043e+01
-1.043e+01
-1.043e+01
-1.043e+01
-1.043e+01
-1.043e+01
-1.043e+01
-1.043e+01
-1.043e+01
-1.043e+01
-1.043e+01
-1.043e+01
-1.043e+01
-1.043e+01
-1.043e+01
-1.043e+01
-1.043e+01
-1.043e+01
-1.024e+01
-1.060e+01
-1.043e+01
-1.043e+01
-1.043e+01
-1.043e+01
-1.043e+01
-1.043e+01
-1.043e+01
-1.043e+01
-1.043e+01
-1.043e+01
-1.043e+01
-1.043e+01
-1.043e+01
-1.043e+01
-1.043e+01
-1.043e+01
-1.043e+01
-1.043e+01
-1.043e+01
-1.024e+01
-1.060e+01
-1.043e+01
-1.043e+01
-1.043e+01
-1.043e+01
-1.043e+01
-1.043e+01
-1.043e+01
-1.043e+01
-1.043e+01
-1.043e+01
-1.043e+01
-1.043e+01
-1.043e+01
-1.043e+01
-1.043e+01
-1.043e+01
-1.043e+01
-1.043e+01
-1.043e+01
-1.024e+01
-1.060e+01
-1.043e+01
-1.043e+01
-1.043e+01
-1.043e+01
-1.043e+01
-1.043e+01
-1.043e+01
-1.043e+01
-1.043e+01
-1.043e+01
-1.043e+01
-1.043e+01
-1.043e+01
-1.043e+01
-1.043e+01
-1.043e+01
-1.043e+01
-1.043e+01
-1.043e+01
-1.024e+01
-1.057e+01
-1.044e+01
-1.044e+01
-1.044e+01
-1.044e+01
-1.044e+01
-1.044e+01
-1.044e+01
-1.044e+01
-1.044e+01
-1.044e+01
-1.044e+01
-1.044e+01
-1.044e+01
-1.044e+01
-1.044e+01
-1.044e+01
-1.044e+01
-1.044e+01
-1.044e+01
-1.027e+01
-1.959e+02
-1.879e+02
-1.838e+02
-1.838e+02
-1.838e+02
-1.838e+02
-1.838e+02
-1.838e+02
-1.838e+02
-1.838e+02
-1.838e+02
-1.838e+02
-1.838e+02
-1.838e+02
-1.838e+02
-1.838e+02
-1.838e+02
-1.838e+02
-1.838e+02
-1.838e+02
-1.701e+02
-1.984e+02
-1.979e+02
-1.978e+02
-1.978e+02
-1.978e+02
-1.978e+02
-1.978e+02
-1.978e+02
-1.978e+02
-1.978e+02
-1.978e+02
-1.978e+02
-1.978e+02
-1.978e+02
-1.978e+02
-1.978e+02
-1.978e+02
-1.978e+02
-1.978e+02
-1.978e+02
-1.961e+02
-1.984e+02
-1.978e+02
-1.977e+02
-1.977e+02
-1.977e+02
-1.977e+02
-1.977e+02
-1.977e+02
-1.977e+02
-1.977e+02
-1.977e+02
-1.977e+02
-1.977e+02
-1.977e+02
-1.977e+02
-1.977e+02
-1.977e+02
-1.977e+02
-1.977e+02
-1.977e+02
-1.959e+02
-1.984e+02
-1.978e+02
-1.977e+02
-1.977e+02
-1.977e+02
-1.977e+02
-1.977e+02
-1.977e+02
-1.977e+02
-1.977e+02
-1.977e+02
-1.977e+02
-1.977e+02
-1.977e+02
-1.977e+02
-1.977e+02
-1.977e+02
-1.977e+02
-1.977e+02
-1.977e+02
-1.959e+02
-1.984e+02
-1.978e+02
-1.977e+02
-1.977e+02
-1.977e+02
-1.977e+02
-1.977e+02
-1.977e+02
-1.977e+02
-1.977e+02
-1.977e+02
-1.977e+02
-1.977e+02
-1.977e+02
-1.977e+02
-1.977e+02
-1.977e+02
-1.977e+02
-1.977e+02
-1.977e+02
-1.959e+02
-1.984e+02
-1.978e+02
-1.977e+02
-1.977e+02
-1.977e+02
-1.977e+02
-1.977e+02
-1.977e+02
-1.977e+02
-1.977e+02
-1.977e+02
-1.977e+02
-1.977e+02
-1.977e+02
-1.977e+02
-1.977e+02
-1.977e+02
-1.977e+02
-1.977e+02
-1.977e+02
-1.959e+02
-1.984e+02
-1.978e+02
-1.977e+02
-1.977e+02
-1.977e+02
-1.977e+02
-1.977e+02
-1.977e+02
-1.977e+02
-1.977e+02
-1.977e+02
-1.977e+02
-1.977e+02
-1.977e+02
-1.977e+02
-1.977e+02
-1.977e+02
-1.977e+02
-1.977e+02
-1.977e+02
-1.959e+02
-1.984e+02
-1.978e+02
-1.977e+02
-1.977e+02
-1.977e+02
-1.977e+02
-1.977e+02
-1.977e+02
-1.977e+02
-1.977e+02
-1.977e+02
-1.977e+02
-1.977e+02
-1.977e+02
-1.977e+02
-1.977e+02
-1.977e+02
-1.977e+02
-1.977e+02
-1.977e+02
-1.959e+02
-1.984e+02
-1.978e+02
-1.977e+02
-1.977e+02
-1.977e+02
-1.977e+02
-1.977e+02
-1.977e+02
-1.977e+02
-1.977e+02
-1.977e+02
-1.977e+02
-1.977e+02
-1.977e+02
-1.977e+02
-1.977e+02
-1.977e+02
-1.977e+02
-1.977e+02
-1.977e+02
-1.959e+02
-1.984e+02
-1.978e+02
-1.977e+02
-1.977e+02
-1.977e+02
-1.977e+02
-1.977e+02
-1.977e+02
-1.977e+02
-1.977e+02
-1.977e+02
-1.977e+02
-1.977e+02
-1.977e+02
-1.977e+02
-1.977e+02
-1.977e+02
-1.977e+02
-1.977e+02
-1.977e+02
-1.959e+02
-1.979e+02
-1.965e+02
-1.959e+02
-1.959e+02
-1.959e+02
-1.959e+02
-1.959e+02
-1.959e+02
-1.959e+02
-1.959e+02
-1.959e+02
-1.959e+02
-1.959e+02
-1.959e+02
-1.959e+02
-1.959e+02
-1.959e+02
-1.959e+02
-1.959e+02
-1.959e+02
-1.940e+02
-1.376e+01
-1.153e+01
-1.152e+01
-1.152e+01
-1.152e+01
-1.152e+01
-1.152e+01
-1.152e+01
-1.152e+01
-1.152e+01
-1.152e+01
-1.152e+01
-1.152e+01
-1.152e+01
-1.152e+01
-1.152e+01
-1.152e+01
-1.152e+01
-1.152e+01
-1.150e+01
-8.767e+00
-1.153e+01
-8.771e+00
-8.772e+00
-8.772e+00
-8.772e+00
-8.772e+00
-8.772e+00
-8.772e+00
-8.772e+00
-8.772e+00
-8.772e+00
-8.772e+00
-8.772e+00
-8.772e+00
-8.772e+00
-8.772e+00
-8.772e+00
-8.772e+00
-8.772e+00
-8.771e+00
-7.181e+00
-1.152e+01
-8.772e+00
-8.772e+00
-8.772e+00
-8.772e+00
-8.772e+00
-8.772e+00
-8.772e+00
-8.772e+00
-8.772e+00
-8.772e+00
-8.772e+00
-8.772e+00
-8.772e+00
-8.772e+00
-8.772e+00
-8.772e+00
-8.772e+00
-8.772e+00
-8.772e+00
-7.195e+00
-1.152e+01
-8.772e+00
-8.772e+00
-8.772e+00
-8.772e+00
-8.772e+00
-8.772e+00
-8.772e+00
-8.772e+00
-8.772e+00
-8.772e+00
-8.772e+00
-8.772e+00
-8.772e+00
-8.772e+00
-8.772e+00
-8.772e+00
-8.772e+00
-8.772e+00
-8.772e+00
-7.195e+00
-1.152e+01
-8.772e+00
-8.772e+00
-8.772e+00
-8.772e+00
-8.772e+00
-8.772e+00
-8.772e+00
-8.772e+00
-8.772e+00
-8.772e+00
-8.772e+00
-8.772e+00
-8.772e+00
-8.772e+00
-8.772e+00
-8.772e+00
-8.772e+00
-8.772e+00
-8.772e+00
-7.195e+00
-1.152e+01
-8.772e+00
-8.772e+00
-8.772e+00
-8.772e+00
-8.772e+00
-8.772e+00
-8.772e+00
-8.772e+00
-8.772e+00
-8.772e+00
-8.772e+00
-8.772e+00
-8.772e+00
-8.772e+00
-8.772e+00
-8.772e+00
-8.772e+00
-8.772e+00
-8.772e+00
-7.195e+00
-1.152e+01
-8.772e+00
-8.772e+00
-8.772e+00
-8.772e+00
-8.772e+00
-8.772e+00
-8.772e+00
-8.772e+00
-8.772e+00
-8.772e+00
-8.772e+00
-8.772e+00
-8.772e+00
-8.772e+00
-8.772e+00
-8.772e+00
-8.772e+00
-8.772e+00
-8.772e+00
-7.195e+00
-1.152e+01
-8.772e+00
-8.772e+00
-8.772e+00
-8.772e+00
-8.772e+00
-8.772e+00
-8.772e+00
-8.772e+00
-8.772e+00
-8.772e+00
-8.772e+00
-8.772e+00
-8.772e+00
-8.772e+00
-8.772e+00
-8.772e+00
-8.772e+00
-8.772e+00
-8.772e+00
-7.195e+00
-1.152e+01
-8.772e+00
-8.772e+00
-8.772e+00
-8.772e+00
-8.772e+00
-8.772e+00
-8.772e+00
-8.772e+00
-8.772e+00
-8.772e+00
-8.772e+00
-8.772e+00
-8.772e+00
-8.772e+00
-8.772e+00
-8.772e+00
-8.772e+00
-8.772e+00
-8.772e+00
-7.195e+00
-1.156e+01
-8.772e+00
-8.774e+00
-8.774e+00
-8.774e+00
-8.774e+00
-8.774e+00
-8.774e+00
-8.774e+00
-8.774e+00
-8.774e+00
-8.774e+00
-8.774e+00
-8.774e+00
-8.774e+00
-8.774e+00
-8.774e+00
-8.774e+00
-8.774e+00
-8.772e+00
-7.185e+00
-6.426e+01
-4.016e+01
-4.098e+01
-4.098e+01
-4.098e+01
-4.098e+01
-4.098e+01
-4.098e+01
-4.098e+01
-4.098e+01
-4.098e+01
-4.098e+01
-4.098e+01
-4.098e+01
-4.098e+01
-4.098e+01
-4.098e+01
-4.098e+01
-4.098e+01
-4.089e+01
-2.808e+01
-5.801e+01
-3.434e+01
-3.435e+01
-3.435e+01
-3.435e+01
-3.435e+01
-3.435e+01
-3.435e+01
-3.435e+01
-3.435e+01
-3.435e+01
-3.435e+01
-3.435e+01
-3.435e+01
-3.435e+01
-3.435e+01
-3.435e+01
-3.435e+01
-3.435e+01
-3.432e+01
-2.266e+01
-5.810e+01
-3.440e+01
-3.440e+01
-3.440e+01
-3.440e+01
-3.440e+01
-3.440e+01
-3.440e+01
-3.440e+01
-3.440e+01
-3.440e+01
-3.440e+01
-3.440e+01
-3.440e+01
-3.440e+01
-3.440e+01
-3.440e+01
-3.440e+01
-3.440e+01
-3.436e+01
-2.271e+01
-5.810e+01
-3.440e+01
-3.440e+01
-3.440e+01
-3.440e+01
-3.440e+01
-3.440e+01
-3.440e+01
-3.440e+01
-3.440e+01
-3.440e+01
-3.440e+01
-3.440e+01
-3.440e+01
-3.440e+01
-3.440e+01
-3.440e+01
-3.440e+01
-3.440e+01
-3.436e+01
-2.271e+01
-5.810e+01
-3.440e+01
-3.440e+01
-3.440e+01
-3.440e+01
-3.440e+01
-3.440e+01
-3.440e+01
-3.440e+01
-3.440e+01
-3.440e+01
-3.440e+01
-3.440e+01
-3.440e+01
-3.440e+01
-3.440e+01
-3.440e+01
-3.440e+01
-3.440e+01
-3.436e+01
-2.271e+01
-5.810e+01
-3.440e+01
-3.440e+01
-3.440e+01
-3.440e+01
-3.440e+01
-3.440e+01
-3.440e+01
-3.440e+01
-3.440e+01
-3.440e+01
-3.440e+01
-3.440e+01
-3.440e+01
-3.440e+01
-3.440e+01
-3.440e+01
-3.440e+01
-3.440e+01
-3.436e+01
-2.271e+01
-5.810e+01
-3.440e+01
-3.440e+01
-3.440e+01
-3.440e+01
-3.440e+01
-3.440e+01
-3.440e+01
-3.440e+01
-3.440e+01
-3.440e+01
-3.440e+01
-3.440e+01
-3.440e+01
-3.440e+01
-3.440e+01
-3.440e+01
-3.440e+01
-3.440e+01
-3.436e+01
-2.271e+01
-5.810e+01
-3.440e+01
-3.440e+01
-3.440e+01
-3.440e+01
-3.440e+01
-3.440e+01
-3.440e+01
-3.440e+01
-3.440e+01
-3.440e+01
-3.440e+01
-3.440e+01
-3.440e+01
-3.440e+01
-3.440e+01
-3.440e+01
-3.440e+01
-3.440e+01
-3.436e+01
-2.271e+01
-5.810e+01
-3.440e+01
-3.440e+01
-3.440e+01
-3.440e+01
-3.440e+01
-3.440e+01
-3.440e+01
-3.440e+01
-3.440e+01
-3.440e+01
-3.440e+01
-3.440e+01
-3.440e+01
-3.440e+01
-3.440e+01
-3.440e+01
-3.440e+01
-3.440e+01
-3.436e+01
-2.271e+01
-5.798e+01
-3.433e+01
-3.436e+01
-3.436e+01
-3.436e+01
-3.436e+01
-3.436e+01
-3.436e+01
-3.436e+01
-3.436e+01
-3.436e+01
-3.436e+01
-3.436e+01
-3.436e+01
-3.436e+01
-3.436e+01
-3.436e+01
-3.436e+01
-3.436e+01
-3.433e+01
-2.271e+01
-3.429e+01
-2.263e+01
-2.270e+01
-2.271e+01
-2.271e+01
-2.271e+01
-2.271e+01
-2.271e+01
-2.271e+01
-2.271e+01
-2.271e+01
-2.271e+01
-2.271e+01
-2.271e+01
-2.271e+01
-2.271e+01
-2.271e+01
-2.271e+01
-2.271e+01
-2.271e+01
-1.923e+01
-6.599e+00
-6.572e+00
-6.572e+00
-6.572e+00
-6.572e+00
-6.572e+00
-6.572e+00
-6.572e+00
-6.572e+00
-6.572e+00
-6.572e+00
-6.572e+00
-6.572e+00
-6.572e+00
-6.572e+00
-6.572e+00
-6.572e+00
-6.572e+00
-6.572e+00
-6.574e+00
-6.517e+00
-6.572e+00
-6.515e+00
-6.515e+00
-6.515e+00
-6.515e+00
-6.515e+00
-6.515e+00
-6.515e+00
-6.515e+00
-6.515e+00
-6.515e+00
-6.515e+00
-6.515e+00
-6.515e+00
-6.515e+00
-6.515e+00
-6.515e+00
-6.515e+00
-6.515e+00
-6.515e+00
-6.462e+00
-6.572e+00
-6.515e+00
-6.512e+00
-6.512e+00
-6.512e+00
-6.512e+00
-6.512e+00
-6.512e+00
-6.512e+00
-6.512e+00
-6.512e+00
-6.512e+00
-6.512e+00
-6.512e+00
-6.512e+00
-6.512e+00
-6.512e+00
-6.512e+00
-6.512e+00
-6.515e+00
-6.459e+00
-6.572e+00
-6.515e+00
-6.512e+00
-6.512e+00
-6.512e+00
-6.512e+00
-6.512e+00
-6.512e+00
-6.512e+00
-6.512e+00
-6.512e+00
-6.512e+00
-6.512e+00
-6.512e+00
-6.512e+00
-6.512e+00
-6.512e+00
-6.512e+00
-6.512e+00
-6.515e+00
-6.459e+00
-6.572e+00
-6.515e+00
-6.512e+00
-6.512e+00
-6.512e+00
-6.512e+00
-6.512e+00
-6.512e+00
-6.512e+00
-6.512e+00
-6.512e+00
-6.512e+00
-6.512e+00
-6.512e+00
-6.512e+00
-6.512e+00
-6.512e+00
-6.512e+00
-6.512e+00
-6.515e+00
-6.459e+00
-6.572e+00
-6.515e+00
-6.512e+00
-6.512e+00
-6.512e+00
-6.512e+00
-6.512e+00
-6.512e+00
-6.512e+00
-6.512e+00
-6.512e+00
-6.512e+00
-6.512e+00
-6.512e+00
-6.512e+00
-6.512e+00
-6.512e+00
-6.512e+00
-6.512e+00
-6.515e+00
-6.459e+00
-6.572e+00
-6.515e+00
-6.512e+00
-6.512e+00
-6.512e+00
-6.512e+00
-6.512e+00
-6.512e+00
-6.512e+00
-6.512e+00
-6.512e+00
-6.512e+00
-6.512e+00
-6.512e+00
-6.512e+00
-6.512e+00
-6.512e+00
-6.512e+00
-6.512e+00
-6.515e+00
-6.459e+00
-6.572e+00
-6.515e+00
-6.512e+00
-6.512e+00
-6.512e+00
-6.512e+00
-6.512e+00
-6.512e+00
-6.512e+00
-6.512e+00
-6.512e+00
-6.512e+00
-6.512e+00
-6.512e+00
-6.512e+00
-6.512e+00
-6.512e+00
-6.512e+00
-6.512e+00
-6.515e+00
-6.459e+00
-6.572e+00
-6.515e+00
-6.512e+00
-6.512e+00
-6.512e+00
-6.512e+00
-6.512e+00
-6.512e+00
-6.512e+00
-6.512e+00
-6.512e+00
-6.512e+00
-6.512e+00
-6.512e+00
-6.512e+00
-6.512e+00
-6.512e+00
-6.512e+00
-6.512e+00
-6.515e+00
-6.459e+00
-6.561e+00
-6.503e+00
-6.496e+00
-6.496e+00
-6.496e+00
-6.496e+00
-6.496e+00
-6.496e+00
-6.496e+00
-6.496e+00
-6.496e+00
-6.496e+00
-6.496e+00
-6.496e+00
-6.496e+00
-6.496e+00
-6.496e+00
-6.496e+00
-6.496e+00
-6.503e+00
-6.453e+00
-3.442e+00
-3.384e+00
-3.389e+00
-3.389e+00
-3.389e+00
-3.389e+00
-3.389e+00
-3.389e+00
-3.389e+00
-3.389e+00
-3.389e+00
-3.389e+00
-3.389e+00
-3.389e+00
-3.389e+00
-3.389e+00
-3.389e+00
-3.389e+00
-3.389e+00
-3.387e+00
-3.343e+00
-3.476e+00
-3.402e+00
-3.405e+00
-3.405e+00
-3.405e+00
-3.405e+00
-3.405e+00
-3.405e+00
-3.405e+00
-3.405e+00
-3.405e+00
-3.405e+00
-3.405e+00
-3.405e+00
-3.405e+00
-3.405e+00
-3.405e+00
-3.405e+00
-3.405e+00
-3.407e+00
-3.343e+00
-3.475e+00
-3.402e+00
-3.404e+00
-3.404e+00
-3.404e+00
-3.404e+00
-3.404e+00
-3.404e+00
-3.404e+00
-3.404e+00
-3.404e+00
-3.404e+00
-3.404e+00
-3.404e+00
-3.404e+00
-3.404e+00
-3.404e+00
-3.404e+00
-3.404e+00
-3.407e+00
-3.344e+00
-3.475e+00
-3.402e+00
-3.404e+00
-3.404e+00
-3.404e+00
-3.404e+00
-3.404e+00
-3.404e+00
-3.404e+00
-3.404e+00
-3.404e+00
-3.404e+00
-3.404e+00
-3.404e+00
-3.404e+00
-3.404e+00
-3.404e+00
-3.404e+00
-3.404e+00
-3.407e+00
-3.344e+00
-3.475e+00
-3.402e+00
-3.404e+00
-3.404e+00
-3.404e+00
-3.404e+00
-3.404e+00
-3.404e+00
-3.404e+00
-3.404e+00
-3.404e+00
-3.404e+00
-3.404e+00
-3.404e+00
-3.404e+00
-3.404e+00
-3.404e+00
-3.404e+00
-3.404e+00
-3.407e+00
-3.344e+00
-3.475e+00
-3.402e+00
-3.404e+00
-3.404e+00
-3.404e+00
-3.404e+00
-3.404e+00
-3.404e+00
-3.404e+00
-3.404e+00
-3.404e+00
-3.404e+00
-3.404e+00
-3.404e+00
-3.404e+00
-3.404e+00
-3.404e+00
-3.404e+00
-3.404e+00
-3.407e+00
-3.344e+00
-3.475e+00
-3.402e+00
-3.404e+00
-3.404e+00
-3.404e+00
-3.404e+00
-3.404e+00
-3.404e+00
-3.404e+00
-3.404e+00
-3.404e+00
-3.404e+00
-3.404e+00
-3.404e+00
-3.404e+00
-3.404e+00
-3.404e+00
-3.404e+00
-3.404e+00
-3.407e+00
-3.344e+00
-3.475e+00
-3.402e+00
-3.404e+00
-3.404e+00
-3.404e+00
-3.404e+00
-3.404e+00
-3.404e+00
-3.404e+00
-3.404e+00
-3.404e+00
-3.404e+00
-3.404e+00
-3.404e+00
-3.404e+00
-3.404e+00
-3.404e+00
-3.404e+00
-3.404e+00
-3.407e+00
-3.344e+00
-3.475e+00
-3.402e+00
-3.404e+00
-3.404e+00
-3.404e+00
-3.404e+00
-3.404e+00
-3.404e+00
-3.404e+00
-3.404e+00
-3.404e+00
-3.404e+00
-3.404e+00
-3.404e+00
-3.404e+00
-3.404e+00
-3.404e+00
-3.404e+00
-3.404e+00
-3.407e+00
-3.344e+00
-3.475e+00
-3.404e+00
-3.407e+00
-3.407e+00
-3.407e+00
-3.407e+00
-3.407e+00
-3.407e+00
-3.407e+00
-3.407e+00
-3.407e+00
-3.407e+00
-3.407e+00
-3.407e+00
-3.407e+00
-3.407e+00
-3.407e+00
-3.407e+00
-3.407e+00
-3.408e+00
-3.344e+00
-3.403e+00
-3.338e+00
-3.344e+00
-3.344e+00
-3.344e+00
-3.344e+00
-3.344e+00
-3.344e+00
-3.344e+00
-3.344e+00
-3.344e+00
-3.344e+00
-3.344e+00
-3.344e+00
-3.344e+00
-3.344e+00
-3.344e+00
-3.344e+00
-3.344e+00
-3.344e+00
-3.316e+00
-7.510e+00
-6.390e+00
-6.390e+00
-6.390e+00
-6.390e+00
-6.390e+00
-6.390e+00
-6.390e+00
-6.390e+00
-6.390e+00
-6.390e+00
-6.390e+00
-6.390e+00
-6.390e+00
-6.390e+00
-6.390e+00
-6.390e+00
-6.390e+00
-6.390e+00
-6.388e+00
-5.065e+00
-6.390e+00
-5.065e+00
-5.065e+00
-5.065e+00
-5.065e+00
-5.065e+00
-5.065e+00
-5.065e+00
-5.065e+00
-5.065e+00
-5.065e+00
-5.065e+00
-5.065e+00
-5.065e+00
-5.065e+00
-5.065e+00
-5.065e+00
-5.065e+00
-5.065e+00
-5.065e+00
-4.317e+00
-6.390e+00
-5.065e+00
-5.065e+00
-5.065e+00
-5.065e+00
-5.065e+00
-5.065e+00
-5.065e+00
-5.065e+00
-5.065e+00
-5.065e+00
-5.065e+00
-5.065e+00
-5.065e+00
-5.065e+00
-5.065e+00
-5.065e+00
-5.065e+00
-5.065e+00
-5.065e+00
-4.317e+00
-6.390e+00
-5.065e+00
-5.065e+00
-5.065e+00
-5.065e+00
-5.065e+00
-5.065e+00
-5.065e+00
-5.065e+00
-5.065e+00
-5.065e+00
-5.065e+00
-5.065e+00
-5.065e+00
-5.065e+00
-5.065e+00
-5.065e+00
-5.065e+00
-5.065e+00
-5.065e+00
-4.317e+00
-6.390e+00
-5.065e+00
-5.065e+00
-5.065e+00
-5.065e+00
-5.065e+00
-5.065e+00
-5.065e+00
-5.065e+00
-5.065e+00
-5.065e+00
-5.065e+00
-5.065e+00
-5.065e+00
-5.065e+00
-5.065e+00
-5.065e+00
-5.065e+00
-5.065e+00
-5.065e+00
-4.317e+00
-6.390e+00
-5.065e+00
-5.065e+00
-5.065e+00
-5.065e+00
-5.065e+00
-5.065e+00
-5.065e+00
-5.065e+00
-5.065e+00
-5.065e+00
-5.065e+00
-5.065e+00
-5.065e+00
-5.065e+00
-5.065e+00
-5.065e+00
-5.065e+00
-5.065e+00
-5.065e+00
-4.317e+00
-6.390e+00
-5.065e+00
-5.065e+00
-5.065e+00
-5.065e+00
-5.065e+00
-5.065e+00
-5.065e+00
-5.065e+00
-5.065e+00
-5.065e+00
-5.065e+00
-5.065e+00
-5.065e+00
-5.065e+00
-5.065e+00
-5.065e+00
-5.065e+00
-5.065e+00
-5.065e+00
-4.317e+00
-6.390e+00
-5.065e+00
-5.065e+00
-5.065e+00
-5.065e+00
-5.065e+00
-5.065e+00
-5.065e+00
-5.065e+00
-5.065e+00
-5.065e+00
-5.065e+00
-5.065e+00
-5.065e+00
-5.065e+00
-5.065e+00
-5.065e+00
-5.065e+00
-5.065e+00
-5.065e+00
-4.317e+00
-6.390e+00
-5.065e+00
-5.065e+00
-5.065e+00
-5.065e+00
-5.065e+00
-5.065e+00
-5.065e+00
-5.065e+00
-5.065e+00
-5.065e+00
-5.065e+00
-5.065e+00
-5.065e+00
-5.065e+00
-5.065e+00
-5.065e+00
-5.065e+00
-5.065e+00
-5.065e+00
-4.317e+00
-6.312e+00
-5.052e+00
-5.052e+00
-5.052e+00
-5.052e+00
-5.052e+00
-5.052e+00
-5.052e+00
-5.052e+00
-5.052e+00
-5.052e+00
-5.052e+00
-5.052e+00
-5.052e+00
-5.052e+00
-5.052e+00
-5.052e+00
-5.052e+00
-5.052e+00
-5.052e+00
-4.316e+00
-1.819e+00
-1.806e+00
-1.807e+00
-1.807e+00
-1.807e+00
-1.807e+00
-1.807e+00
-1.807e+00
-1.807e+00
-1.807e+00
-1.807e+00
-1.807e+00
-1.807e+00
-1.807e+00
-1.807e+00
-1.807e+00
-1.807e+00
-1.807e+00
-1.807e+00
-1.807e+00
-1.800e+00
-1.822e+00
-1.813e+00
-1.814e+00
-1.814e+00
-1.814e+00
-1.814e+00
-1.814e+00
-1.814e+00
-1.814e+00
-1.814e+00
-1.814e+00
-1.814e+00
-1.814e+00
-1.814e+00
-1.814e+00
-1.814e+00
-1.814e+00
-1.814e+00
-1.814e+00
-1.814e+00
-1.812e+00
-1.822e+00
-1.813e+00
-1.814e+00
-1.814e+00
-1.814e+00
-1.814e+00
-1.814e+00
-1.814e+00
-1.814e+00
-1.814e+00
-1.814e+00
-1.814e+00
-1.814e+00
-1.814e+00
-1.814e+00
-1.814e+00
-1.814e+00
-1.814e+00
-1.814e+00
-1.814e+00
-1.811e+00
-1.822e+00
-1.813e+00
-1.814e+00
-1.814e+00
-1.814e+00
-1.814e+00
-1.814e+00
-1.814e+00
-1.814e+00
-1.814e+00
-1.814e+00
-1.814e+00
-1.814e+00
-1.814e+00
-1.814e+00
-1.814e+00
-1.814e+00
-1.814e+00
-1.814e+00
-1.814e+00
-1.811e+00
-1.822e+00
-1.813e+00
-1.814e+00
-1.814e+00
-1.814e+00
-1.814e+00
-1.814e+00
-1.814e+00
-1.814e+00
-1.814e+00
-1.814e+00
-1.814e+00
-1.814e+00
-1.814e+00
-1.814e+00
-1.814e+00
-1.814e+00
-1.814e+00
-1.814e+00
-1.814e+00
-1.811e+00
-1.822e+00
-1.813e+00
-1.814e+00
-1.814e+00
-1.814e+00
-1.814e+00
-1.814e+00
-1.814e+00
-1.814e+00
-1.814e+00
-1.814e+00
-1.814e+00
-1.814e+00
-1.814e+00
-1.814e+00
-1.814e+00
-1.814e+00
-1.814e+00
-1.814e+00
-1.814e+00
-1.811e+00
-1.822e+00
-1.813e+00
-1.814e+00
-1.814e+00
-1.814e+00
-1.814e+00
-1.814e+00
-1.814e+00
-1.814e+00
-1.814e+00
-1.814e+00
-1.814e+00
-1.814e+00
-1.814e+00
-1.814e+00
-1.814e+00
-1.814e+00
-1.814e+00
-1.814e+00
-1.814e+00
-1.811e+00
-1.822e+00
-1.813e+00
-1.814e+00
-1.814e+00
-1.814e+00
-1.814e+00
-1.814e+00
-1.814e+00
-1.814e+00
-1.814e+00
-1.814e+00
-1.814e+00
-1.814e+00
-1.814e+00
-1.814e+00
-1.814e+00
-1.814e+00
-1.814e+00
-1.814e+00
-1.814e+00
-1.811e+00
-1.822e+00
-1.813e+00
-1.814e+00
-1.814e+00
-1.814e+00
-1.814e+00
-1.814e+00
-1.814e+00
-1.814e+00
-1.814e+00
-1.814e+00
-1.814e+00
-1.814e+00
-1.814e+00
-1.814e+00
-1.814e+00
-1.814e+00
-1.814e+00
-1.813e+00
-1.814e+00
-1.811e+00
-1.822e+00
-1.813e+00
-1.814e+00
-1.814e+00
-1.814e+00
-1.814e+00
-1.814e+00
-1.814e+00
-1.814e+00
-1.814e+00
-1.814e+00
-1.814e+00
-1.814e+00
-1.814e+00
-1.814e+00
-1.814e+00
-1.814e+00
-1.814e+00
-1.814e+00
-1.814e+00
-1.811e+00
-1.813e+00
-1.809e+00
-1.811e+00
-1.811e+00
-1.811e+00
-1.811e+00
-1.811e+00
-1.811e+00
-1.811e+00
-1.811e+00
-1.811e+00
-1.811e+00
-1.811e+00
-1.811e+00
-1.811e+00
-1.811e+00
-1.811e+00
-1.811e+00
-1.811e+00
-1.811e+00
-1.810e+00
-3.123e+00
-3.123e+00
-3.123e+00
-3.123e+00
-3.123e+00
-3.123e+00
-3.123e+00
-3.123e+00
-3.123e+00
-3.123e+00
-3.123e+00
-3.123e+00
-3.123e+00
-3.123e+00
-3.123e+00
-3.123e+00
-3.123e+00
-3.123e+00
-3.123e+00
-3.123e+00
-3.123e+00
-3.123e+00
-3.123e+00
-3.121e+00
-3.121e+00
-3.121e+00
-3.121e+00
-3.121e+00
-3.121e+00
-3.121e+00
-3.121e+00
-3.121e+00
-3.121e+00
-3.121e+00
-3.121e+00
-3.121e+00
-3.121e+00
-3.121e+00
-3.121e+00
-3.121e+00
-3.123e+00
-3.115e+00
-3.123e+00
-3.121e+00
-3.121e+00
-3.121e+00
-3.121e+00
-3.121e+00
-3.121e+00
-3.121e+00
-3.121e+00
-3.121e+00
-3.121e+00
-3.121e+00
-3.121e+00
-3.121e+00
-3.121e+00
-3.121e+00
-3.121e+00
-3.121e+00
-3.121e+00
-3.121e+00
-3.115e+00
-3.123e+00
-3.121e+00
-3.121e+00
-3.121e+00
-3.121e+00
-3.121e+00
-3.121e+00
-3.121e+00
-3.121e+00
-3.121e+00
-3.121e+00
-3.121e+00
-3.121e+00
-3.121e+00
-3.121e+00
-3.121e+00
-3.121e+00
-3.121e+00
-3.121e+00
-3.121e+00
-3.115e+00
-3.123e+00
-3.121e+00
-3.121e+00
-3.121e+00
-3.121e+00
-3.121e+00
-3.121e+00
-3.121e+00
-3.121e+00
-3.121e+00
-3.121e+00
-3.121e+00
-3.121e+00
-3.121e+00
-3.121e+00
-3.121e+00
-3.121e+00
-3.121e+00
-3.121e+00
-3.121e+00
-3.115e+00
-3.123e+00
-3.121e+00
-3.121e+00
-3.121e+00
-3.121e+00
-3.121e+00
-3.121e+00
-3.121e+00
-3.121e+00
-3.121e+00
-3.121e+00
-3.121e+00
-3.121e+00
-3.121e+00
-3.121e+00
-3.121e+00
-3.121e+00
-3.121e+00
-3.121e+00
-3.121e+00
-3.115e+00
-3.123e+00
-3.121e+00
-3.121e+00
-3.121e+00
-3.121e+00
-3.121e+00
-3.121e+00
-3.121e+00
-3.121e+00
-3.121e+00
-3.121e+00
-3.121e+00
-3.121e+00
-3.121e+00
-3.121e+00
-3.121e+00
-3.121e+00
-3.121e+00
-3.121e+00
-3.121e+00
-3.115e+00
-3.123e+00
-3.121e+00
-3.121e+00
-3.121e+00
-3.121e+00
-3.121e+00
-3.121e+00
-3.121e+00
-3.121e+00
-3.121e+00
-3.121e+00
-3.121e+00
-3.121e+00
-3.121e+00
-3.121e+00
-3.121e+00
-3.121e+00
-3.121e+00
-3.121e+00
-3.121e+00
-3.115e+00
-3.123e+00
-3.121e+00
-3.121e+00
-3.121e+00
-3.121e+00
-3.121e+00
-3.121e+00
-3.121e+00
-3.121e+00
-3.121e+00
-3.121e+00
-3.121e+00
-3.121e+00
-3.121e+00
-3.121e+00
-3.121e+00
-3.121e+00
-3.121e+00
-3.121e+00
-3.121e+00
-3.115e+00
-3.130e+00
-3.122e+00
-3.122e+00
-3.122e+00
-3.122e+00
-3.122e+00
-3.122e+00
-3.122e+00
-3.122e+00
-3.122e+00
-3.122e+00
-3.122e+00
-3.122e+00
-3.122e+00
-3.122e+00
-3.122e+00
-3.122e+00
-3.122e+00
-3.122e+00
-3.122e+00
-3.115e+00
-1.618e+00
-1.618e+00
-1.618e+00
-1.618e+00
-1.618e+00
-1.618e+00
-1.618e+00
-1.618e+00
-1.618e+00
-1.618e+00
-1.618e+00
-1.618e+00
-1.618e+00
-1.618e+00
-1.618e+00
-1.618e+00
-1.618e+00
-1.618e+00
-1.618e+00
-1.618e+00
-1.618e+00
-1.618e+00
-1.618e+00
-1.618e+00
-1.618e+00
-1.618e+00
-1.618e+00
-1.618e+00
-1.618e+00
-1.618e+00
-1.618e+00
-1.618e+00
-1.618e+00
-1.618e+00
-1.618e+00
-1.618e+00
-1.618e+00
-1.618e+00
-1.618e+00
-1.618e+00
-1.618e+00
-1.618e+00
-1.618e+00
-1.618e+00
-1.618e+00
-1.618e+00
-1.618e+00
-1.618e+00
-1.618e+00
-1.618e+00
-1.618e+00
-1.618e+00
-1.618e+00
-1.618e+00
-1.618e+00
-1.618e+00
-1.618e+00
-1.618e+00
-1.618e+00
-1.618e+00
-1.618e+00
-1.618e+00
-1.618e+00
-1.618e+00
-1.618e+00
-1.618e+00
-1.618e+00
-1.618e+00
-1.618e+00
-1.618e+00
-1.618e+00
-1.618e+00
-1.618e+00
-1.618e+00
-1.618e+00
-1.618e+00
-1.618e+00
-1.618e+00
-1.618e+00
-1.618e+00
-1.618e+00
-1.618e+00
-1.618e+00
-1.618e+00
-1.618e+00
-1.618e+00
-1.618e+00
-1.618e+00
-1.618e+00
-1.618e+00
-1.618e+00
-1.618e+00
-1.618e+00
-1.618e+00
-1.618e+00
-1.618e+00
-1.618e+00
-1.618e+00
-1.618e+00
-1.618e+00
-1.618e+00
-1.618e+00
-1.618e+00
-1.618e+00
-1.618e+00
-1.618e+00
-1.618e+00
-1.618e+00
-1.618e+00
-1.618e+00
-1.618e+00
-1.618e+00
-1.618e+00
-1.618e+00
-1.618e+00
-1.618e+00
-1.618e+00
-1.618e+00
-1.618e+00
-1.618e+00
-1.618e+00
-1.618e+00
-1.618e+00
-1.618e+00
-1.618e+00
-1.618e+00
-1.618e+00
-1.618e+00
-1.618e+00
-1.618e+00
-1.618e+00
-1.618e+00
-1.618e+00
-1.618e+00
-1.618e+00
-1.618e+00
-1.618e+00
-1.618e+00
-1.618e+00
-1.618e+00
-1.618e+00
-1.618e+00
-1.618e+00
-1.618e+00
-1.618e+00
-1.618e+00
-1.618e+00
-1.618e+00
-1.618e+00
-1.618e+00
-1.618e+00
-1.618e+00
-1.618e+00
-1.618e+00
-1.618e+00
-1.618e+00
-1.618e+00
-1.618e+00
-1.618e+00
-1.618e+00
-1.618e+00
-1.618e+00
-1.618e+00
-1.618e+00
-1.618e+00
-1.618e+00
-1.618e+00
-1.618e+00
-1.618e+00
-1.618e+00
-1.618e+00
-1.618e+00
-1.618e+00
-1.618e+00
-1.618e+00
-1.618e+00
-1.618e+00
-1.618e+00
-1.618e+00
-1.618e+00
-1.618e+00
-1.618e+00
-1.618e+00
-1.618e+00
-1.618e+00
-1.618e+00
-1.618e+00
-1.618e+00
-1.618e+00
-1.618e+00
-1.618e+00
-1.618e+00
-1.618e+00
-1.618e+00
-1.618e+00
-1.618e+00
-1.618e+00
-1.618e+00
-1.618e+00
-1.618e+00
-1.618e+00
-1.618e+00
-1.618e+00
-1.618e+00
-1.618e+00
-1.618e+00
-1.618e+00
-1.618e+00
-1.618e+00
-1.618e+00
-1.618e+00
-1.618e+00
-1.618e+00
-1.618e+00
-1.618e+00
-1.618e+00
-1.618e+00
-1.618e+00
-1.618e+00
-1.618e+00
-1.618e+00
-1.618e+00
-1.618e+00
-1.618e+00
-1.618e+00
-1.618e+00
-1.618e+00
-1.618e+00
-1.618e+00
-1.618e+00
-1.618e+00
-2.388e+00
-2.308e+00
-2.308e+00
-2.308e+00
-2.308e+00
-2.308e+00
-2.308e+00
-2.308e+00
-2.308e+00
-2.308e+00
-2.308e+00
-2.308e+00
-2.308e+00
-2.308e+00
-2.308e+00
-2.308e+00
-2.308e+00
-2.308e+00
-2.308e+00
-2.308e+00
-2.185e+00
-2.308e+00
-2.185e+00
-2.185e+00
-2.185e+00
-2.185e+00
-2.185e+00
-2.185e+00
-2.185e+00
-2.185e+00
-2.185e+00
-2.185e+00
-2.185e+00
-2.185e+00
-2.185e+00
-2.185e+00
-2.185e+00
-2.185e+00
-2.185e+00
-2.185e+00
-2.185e+00
-2.089e+00
-2.308e+00
-2.185e+00
-2.185e+00
-2.185e+00
-2.185e+00
-2.185e+00
-2.185e+00
-2.185e+00
-2.185e+00
-2.185e+00
-2.185e+00
-2.185e+00
-2.185e+00
-2.185e+00
-2.185e+00
-2.185e+00
-2.185e+00
-2.185e+00
-2.185e+00
-2.185e+00
-2.089e+00
-2.308e+00
-2.185e+00
-2.185e+00
-2.185e+00
-2.185e+00
-2.185e+00
-2.185e+00
-2.185e+00
-2.185e+00
-2.185e+00
-2.185e+00
-2.185e+00
-2.185e+00
-2.185e+00
-2.185e+00
-2.185e+00
-2.185e+00
-2.185e+00
-2.185e+00
-2.185e+00
-2.089e+00
-2.308e+00
-2.185e+00
-2.185e+00
-2.185e+00
-2.185e+00
-2.185e+00
-2.185e+00
-2.185e+00
-2.185e+00
-2.185e+00
-2.185e+00
-2.185e+00
-2.185e+00
-2.185e+00
-2.185e+00
-2.185e+00
-2.185e+00
-2.185e+00
-2.185e+00
-2.185e+00
-2.089e+00
-2.308e+00
-2.185e+00
-2.185e+00
-2.185e+00
-2.185e+00
-2.185e+00
-2.185e+00
-2.185e+00
-2.185e+00
-2.185e+00
-2.185e+00
-2.185e+00
-2.185e+00
-2.185e+00
-2.185e+00
-2.185e+00
-2.185e+00
-2.185e+00
-2.185e+00
-2.185e+00
-2.089e+00
-2.308e+00
-2.185e+00
-2.185e+00
-2.185e+00
-2.185e+00
-2.185e+00
-2.185e+00
-2.185e+00
-2.185e+00
-2.185e+00
-2.185e+00
-2.185e+00
-2.185e+00
-2.185e+00
-2.185e+00
-2.185e+00
-2.185e+00
-2.185e+00
-2.185e+00
-2.185e+00
-2.089e+00
-2.308e+00
-2.185e+00
-2.185e+00
-2.185e+00
-2.185e+00
-2.185e+00
-2.185e+00
-2.185e+00
-2.185e+00
-2.185e+00
-2.185e+00
-2.185e+00
-2.185e+00
-2.185e+00
-2.185e+00
-2.185e+00
-2.185e+00
-2.185e+00
-2.185e+00
-2.185e+00
-2.089e+00
-2.308e+00
-2.185e+00
-2.185e+00
-2.185e+00
-2.185e+00
-2.185e+00
-2.185e+00
-2.185e+00
-2.185e+00
-2.185e+00
-2.185e+00
-2.185e+00
-2.185e+00
-2.185e+00
-2.185e+00
-2.185e+00
-2.185e+00
-2.185e+00
-2.185e+00
-2.185e+00
-2.089e+00
-2.308e+00
-2.185e+00
-2.185e+00
-2.185e+00
-2.185e+00
-2.185e+00
-2.185e+00
-2.185e+00
-2.185e+00
-2.185e+00
-2.185e+00
-2.185e+00
-2.185e+00
-2.185e+00
-2.185e+00
-2.185e+00
-2.185e+00
-2.185e+00
-2.185e+00
-2.185e+00
-2.089e+00
-1.462e+00
-1.463e+00
-1.463e+00
-1.463e+00
-1.463e+00
-1.463e+00
-1.463e+00
-1.463e+00
-1.463e+00
-1.463e+00
-1.463e+00
-1.463e+00
-1.463e+00
-1.463e+00
-1.463e+00
-1.463e+00
-1.463e+00
-1.463e+00
-1.463e+00
-1.463e+00
-1.463e+00
-1.462e+00
-1.463e+00
-1.463e+00
-1.463e+00
-1.463e+00
-1.463e+00
-1.463e+00
-1.463e+00
-1.463e+00
-1.463e+00
-1.463e+00
-1.463e+00
-1.463e+00
-1.463e+00
-1.463e+00
-1.463e+00
-1.463e+00
-1.463e+00
-1.463e+00
-1.463e+00
-1.463e+00
-1.462e+00
-1.463e+00
-1.463e+00
-1.463e+00
-1.463e+00
-1.463e+00
-1.463e+00
-1.463e+00
-1.463e+00
-1.463e+00
-1.463e+00
-1.463e+00
-1.463e+00
-1.463e+00
-1.463e+00
-1.463e+00
-1.463e+00
-1.463e+00
-1.463e+00
-1.463e+00
-1.463e+00
-1.462e+00
-1.463e+00
-1.463e+00
-1.463e+00
-1.463e+00
-1.463e+00
-1.463e+00
-1.463e+00
-1.463e+00
-1.463e+00
-1.463e+00
-1.463e+00
-1.463e+00
-1.463e+00
-1.463e+00
-1.463e+00
-1.463e+00
-1.463e+00
-1.463e+00
-1.463e+00
-1.463e+00
-1.462e+00
-1.463e+00
-1.463e+00
-1.463e+00
-1.463e+00
-1.463e+00
-1.463e+00
-1.463e+00
-1.463e+00
-1.463e+00
-1.463e+00
-1.463e+00
-1.463e+00
-1.463e+00
-1.463e+00
-1.463e+00
-1.463e+00
-1.463e+00
-1.463e+00
-1.463e+00
-1.463e+00
-1.462e+00
-1.463e+00
-1.463e+00
-1.463e+00
-1.463e+00
-1.463e+00
-1.463e+00
-1.463e+00
-1.463e+00
-1.463e+00
-1.463e+00
-1.463e+00
-1.463e+00
-1.463e+00
-1.463e+00
-1.463e+00
-1.463e+00
-1.463e+00
-1.463e+00
-1.463e+00
-1.463e+00
-1.462e+00
-1.463e+00
-1.463e+00
-1.463e+00
-1.463e+00
-1.463e+00
-1.463e+00
-1.463e+00
-1.463e+00
-1.463e+00
-1.463e+00
-1.463e+00
-1.463e+00
-1.463e+00
-1.463e+00
-1.463e+00
-1.463e+00
-1.463e+00
-1.463e+00
-1.463e+00
-1.463e+00
-1.462e+00
-1.463e+00
-1.463e+00
-1.463e+00
-1.463e+00
-1.463e+00
-1.463e+00
-1.463e+00
-1.463e+00
-1.463e+00
-1.463e+00
-1.463e+00
-1.463e+00
-1.463e+00
-1.463e+00
-1.463e+00
-1.463e+00
-1.463e+00
-1.463e+00
-1.463e+00
-1.463e+00
-1.462e+00
-1.463e+00
-1.463e+00
-1.463e+00
-1.463e+00
-1.463e+00
-1.463e+00
-1.463e+00
-1.463e+00
-1.463e+00
-1.463e+00
-1.463e+00
-1.463e+00
-1.463e+00
-1.463e+00
-1.463e+00
-1.463e+00
-1.463e+00
-1.463e+00
-1.463e+00
-1.463e+00
-1.462e+00
-1.463e+00
-1.463e+00
-1.463e+00
-1.463e+00
-1.463e+00
-1.463e+00
-1.463e+00
-1.463e+00
-1.463e+00
-1.463e+00
-1.463e+00
-1.463e+00
-1.463e+00
-1.463e+00
-1.463e+00
-1.463e+00
-1.463e+00
-1.463e+00
-1.463e+00
-1.463e+00
-1.463e+00
-1.463e+00
-1.463e+00
-1.463e+00
-1.463e+00
-1.463e+00
-1.463e+00
-1.463e+00
-1.463e+00
-1.463e+00
-1.463e+00
-1.463e+00
-1.463e+00
-1.463e+00
-1.463e+00
-1.463e+00
-1.463e+00
-1.463e+00
-1.463e+00
-1.463e+00
-1.463e+00
-1.292e+00
-1.292e+00
-1.292e+00
-1.292e+00
-1.292e+00
-1.292e+00
-1.292e+00
-1.292e+00
-1.292e+00
-1.292e+00
-1.292e+00
-1.292e+00
-1.292e+00
-1.292e+00
-1.292e+00
-1.292e+00
-1.292e+00
-1.292e+00
-1.292e+00
-1.292e+00
-1.292e+00
-1.292e+00
-1.292e+00
-1.292e+00
-1.292e+00
-1.292e+00
-1.292e+00
-1.292e+00
-1.292e+00
-1.292e+00
-1.292e+00
-1.292e+00
-1.292e+00
-1.292e+00
-1.292e+00
-1.292e+00
-1.292e+00
-1.292e+00
-1.292e+00
-1.292e+00
-1.292e+00
-1.292e+00
-1.292e+00
-1.292e+00
-1.292e+00
-1.292e+00
-1.292e+00
-1.292e+00
-1.292e+00
-1.292e+00
-1.292e+00
-1.292e+00
-1.292e+00
-1.292e+00
-1.292e+00
-1.292e+00
-1.292e+00
-1.292e+00
-1.292e+00
-1.292e+00
-1.292e+00
-1.292e+00
-1.292e+00
-1.292e+00
-1.292e+00
-1.292e+00
-1.292e+00
-1.292e+00
-1.292e+00
-1.292e+00
-1.292e+00
-1.292e+00
-1.292e+00
-1.292e+00
-1.292e+00
-1.292e+00
-1.292e+00
-1.292e+00
-1.292e+00
-1.292e+00
-1.292e+00
-1.292e+00
-1.292e+00
-1.292e+00
-1.292e+00
-1.292e+00
-1.292e+00
-1.292e+00
-1.292e+00
-1.292e+00
-1.292e+00
-1.292e+00
-1.292e+00
-1.292e+00
-1.292e+00
-1.292e+00
-1.292e+00
-1.292e+00
-1.292e+00
-1.292e+00
-1.292e+00
-1.292e+00
-1.292e+00
-1.292e+00
-1.292e+00
-1.292e+00
-1.292e+00
-1.292e+00
-1.292e+00
-1.292e+00
-1.292e+00
-1.292e+00
-1.292e+00
-1.292e+00
-1.292e+00
-1.292e+00
-1.292e+00
-1.292e+00
-1.292e+00
-1.292e+00
-1.292e+00
-1.292e+00
-1.292e+00
-1.292e+00
-1.292e+00
-1.292e+00
-1.292e+00
-1.292e+00
-1.292e+00
-1.292e+00
-1.292e+00
-1.292e+00
-1.292e+00
-1.292e+00
-1.292e+00
-1.292e+00
-1.292e+00
-1.292e+00
-1.292e+00
-1.292e+00
-1.292e+00
-1.292e+00
-1.292e+00
-1.292e+00
-1.292e+00
-1.292e+00
-1.292e+00
-1.292e+00
-1.292e+00
-1.292e+00
-1.292e+00
-1.292e+00
-1.292e+00
-1.292e+00
-1.292e+00
-1.292e+00
-1.292e+00
-1.292e+00
-1.292e+00
-1.292e+00
-1.292e+00
-1.292e+00
-1.292e+00
-1.292e+00
-1.292e+00
-1.292e+00
-1.292e+00
-1.292e+00
-1.292e+00
-1.292e+00
-1.292e+00
-1.292e+00
-1.292e+00
-1.292e+00
-1.292e+00
-1.292e+00
-1.292e+00
-1.292e+00
-1.292e+00
-1.292e+00
-1.292e+00
-1.292e+00
-1.292e+00
-1.292e+00
-1.292e+00
-1.292e+00
-1.292e+00
-1.292e+00
-1.292e+00
-1.292e+00
-1.292e+00
-1.292e+00
-1.292e+00
-1.292e+00
-1.292e+00
-1.292e+00
-1.292e+00
-1.292e+00
-1.292e+00
-1.292e+00
-1.292e+00
-1.292e+00
-1.292e+00
-1.292e+00
-1.292e+00
-1.292e+00
-1.292e+00
-1.292e+00
-1.292e+00
-1.292e+00
-1.160e+00
-1.160e+00
-1.160e+00
-1.160e+00
-1.160e+00
-1.160e+00
-1.160e+00
-1.160e+00
-1.160e+00
-1.160e+00
-1.160e+00
-1.160e+00
-1.160e+00
-1.160e+00
-1.160e+00
-1.160e+00
-1.160e+00
-1.160e+00
-1.160e+00
-1.160e+00
-1.160e+00
-1.160e+00
-1.160e+00
-1.160e+00
-1.160e+00
-1.160e+00
-1.160e+00
-1.160e+00
-1.160e+00
-1.160e+00
-1.160e+00
-1.160e+00
-1.160e+00
-1.160e+00
-1.160e+00
-1.160e+00
-1.160e+00
-1.160e+00
-1.160e+00
-1.160e+00
-1.160e+00
-1.160e+00
-1.160e+00
-1.160e+00
-1.160e+00
-1.160e+00
-1.160e+00
-1.160e+00
-1.160e+00
-1.160e+00
-1.160e+00
-1.160e+00
-1.160e+00
-1.160e+00
-1.160e+00
-1.160e+00
-1.160e+00
-1.160e+00
-1.160e+00
-1.160e+00
-1.160e+00
-1.160e+00
-1.160e+00
-1.160e+00
-1.160e+00
-1.160e+00
-1.160e+00
-1.160e+00
-1.160e+00
-1.160e+00
-1.160e+00
-1.160e+00
-1.160e+00
-1.160e+00
-1.160e+00
-1.160e+00
-1.160e+00
-1.160e+00
-1.160e+00
-1.160e+00
-1.160e+00
-1.160e+00
-1.160e+00
-1.160e+00
-1.160e+00
-1.160e+00
-1.160e+00
-1.160e+00
-1.160e+00
-1.160e+00
-1.160e+00
-1.160e+00
-1.160e+00
-1.160e+00
-1.160e+00
-1.160e+00
-1.160e+00
-1.160e+00
-1.160e+00
-1.160e+00
-1.160e+00
-1.160e+00
-1.160e+00
-1.160e+00
-1.160e+00
-1.160e+00
-1.160e+00
-1.160e+00
-1.160e+00
-1.160e+00
-1.160e+00
-1.160e+00
-1.160e+00
-1.160e+00
-1.160e+00
-1.160e+00
-1.160e+00
-1.160e+00
-1.160e+00
-1.160e+00
-1.160e+00
-1.160e+00
-1.160e+00
-1.160e+00
-1.160e+00
-1.160e+00
-1.160e+00
-1.160e+00
-1.160e+00
-1.160e+00
-1.160e+00
-1.160e+00
-1.160e+00
-1.160e+00
-1.160e+00
-1.160e+00
-1.160e+00
-1.160e+00
-1.160e+00
-1.160e+00
-1.160e+00
-1.160e+00
-1.160e+00
-1.160e+00
-1.160e+00
-1.160e+00
-1.160e+00
-1.160e+00
-1.160e+00
-1.160e+00
-1.160e+00
-1.160e+00
-1.160e+00
-1.160e+00
-1.160e+00
-1.160e+00
-1.160e+00
-1.160e+00
-1.160e+00
-1.160e+00
-1.160e+00
-1.160e+00
-1.160e+00
-1.160e+00
-1.160e+00
-1.160e+00
-1.160e+00
-1.160e+00
-1.160e+00
-1.160e+00
-1.160e+00
-1.160e+00
-1.160e+00
-1.160e+00
-1.160e+00
-1.160e+00
-1.160e+00
-1.160e+00
-1.160e+00
-1.160e+00
-1.160e+00
-1.160e+00
-1.160e+00
-1.160e+00
-1.160e+00
-1.160e+00
-1.160e+00
-1.160e+00
-1.160e+00
-1.160e+00
-1.160e+00
-1.160e+00
-1.160e+00
-1.160e+00
-1.160e+00
-1.160e+00
-1.160e+00
-1.160e+00
-1.160e+00
-1.160e+00
-1.160e+00
-1.160e+00
-1.160e+00
-1.160e+00
-1.160e+00
-1.160e+00
-1.160e+00
-1.160e+00
-1.160e+00
-1.160e+00
-1.160e+00
-1.160e+00
-1.160e+00
-1.160e+00
-1.160e+00
-1.160e+00
-1.160e+00
-1.160e+00
-1.160e+00
-1.160e+00
-1.160e+00
-1.160e+00
-1.160e+00
-1.160e+00
-1.160e+00
-1.160e+00
-1.160e+00
-1.160e+00
-1.160e+00
-1.160e+00
-1.160e+00
-8.608e-01
-8.608e-01
-8.608e-01
-8.608e-01
-8.608e-01
-8.608e-01
-8.608e-01
-8.608e-01
-8.608e-01
-8.608e-01
-8.608e-01
-8.608e-01
-8.608e-01
-8.608e-01
-8.608e-01
-8.608e-01
-8.608e-01
-8.608e-01
-8.608e-01
-8.608e-01
-8.608e-01
-8.608e-01
-8.608e-01
-8.608e-01
-8.608e-01
-8.608e-01
-8.608e-01
-8.608e-01
-8.608e-01
-8.608e-01
-8.608e-01
-8.608e-01
-8.608e-01
-8.608e-01
-8.608e-01
-8.608e-01
-8.608e-01
-8.608e-01
-8.608e-01
-8.608e-01
-8.608e-01
-8.609e-01
-8.608e-01
-8.608e-01
-8.608e-01
-8.608e-01
-8.608e-01
-8.608e-01
-8.608e-01
-8.608e-01
-8.608e-01
-8.608e-01
-8.608e-01
-8.608e-01
-8.608e-01
-8.608e-01
-8.608e-01
-8.608e-01
-8.608e-01
-8.608e-01
-8.608e-01
-8.608e-01
-8.609e-01
-8.608e-01
-8.608e-01
-8.608e-01
-8.608e-01
-8.608e-01
-8.608e-01
-8.608e-01
-8.608e-01
-8.608e-01
-8.608e-01
-8.608e-01
-8.608e-01
-8.608e-01
-8.608e-01
-8.608e-01
-8.608e-01
-8.608e-01
-8.608e-01
-8.608e-01
-8.608e-01
-8.609e-01
-8.608e-01
-8.608e-01
-8.608e-01
-8.608e-01
-8.608e-01
-8.608e-01
-8.608e-01
-8.608e-01
-8.608e-01
-8.608e-01
-8.608e-01
-8.608e-01
-8.608e-01
-8.608e-01
-8.608e-01
-8.608e-01
-8.608e-01
-8.608e-01
-8.608e-01
-8.608e-01
-8.609e-01
-8.608e-01
-8.608e-01
-8.608e-01
-8.608e-01
-8.608e-01
-8.608e-01
-8.608e-01
-8.608e-01
-8.608e-01
-8.608e-01
-8.608e-01
-8.608e-01
-8.608e-01
-8.608e-01
-8.608e-01
-8.608e-01
-8.608e-01
-8.608e-01
-8.608e-01
-8.608e-01
-8.609e-01
-8.608e-01
-8.608e-01
-8.608e-01
-8.608e-01
-8.608e-01
-8.608e-01
-8.608e-01
-8.608e-01
-8.608e-01
-8.608e-01
-8.608e-01
-8.608e-01
-8.608e-01
-8.608e-01
-8.608e-01
-8.608e-01
-8.608e-01
-8.608e-01
-8.608e-01
-8.608e-01
-8.609e-01
-8.608e-01
-8.608e-01
-8.608e-01
-8.608e-01
-8.608e-01
-8.608e-01
-8.608e-01
-8.608e-01
-8.608e-01
-8.608e-01
-8.608e-01
-8.608e-01
-8.608e-01
-8.608e-01
-8.608e-01
-8.608e-01
-8.608e-01
-8.608e-01
-8.608e-01
-8.608e-01
-8.609e-01
-8.608e-01
-8.608e-01
-8.608e-01
-8.608e-01
-8.608e-01
-8.608e-01
-8.608e-01
-8.608e-01
-8.608e-01
-8.608e-01
-8.608e-01
-8.608e-01
-8.608e-01
-8.608e-01
-8.608e-01
-8.608e-01
-8.608e-01
-8.608e-01
-8.608e-01
-8.608e-01
-8.609e-01
-8.608e-01
-8.608e-01
-8.607e-01
-8.607e-01
-8.607e-01
-8.607e-01
-8.607e-01
-8.607e-01
-8.607e-01
-8.607e-01
-8.607e-01
-8.607e-01
-8.607e-01
-8.607e-01
-8.607e-01
-8.607e-01
-8.607e-01
-8.607e-01
-8.607e-01
-8.607e-01
-8.608e-01
-8.600e-01
-8.600e-01
-8.600e-01
-8.600e-01
-8.600e-01
-8.600e-01
-8.600e-01
-8.600e-01
-8.600e-01
-8.600e-01
-8.600e-01
-8.600e-01
-8.600e-01
-8.600e-01
-8.600e-01
-8.600e-01
-8.600e-01
-8.600e-01
-8.600e-01
-8.600e-01
-8.600e-01
-8.600e-01
-8.600e-01
-8.600e-01
-8.600e-01
-8.600e-01
-8.600e-01
-8.600e-01
-8.600e-01
-8.600e-01
-8.600e-01
-8.600e-01
-8.600e-01
-8.600e-01
-8.600e-01
-8.600e-01
-8.600e-01
-8.600e-01
-8.600e-01
-8.600e-01
-8.600e-01
-8.600e-01
-8.600e-01
-8.600e-01
-8.600e-01
-8.600e-01
-8.600e-01
-8.600e-01
-8.600e-01
-8.600e-01
-8.600e-01
-8.600e-01
-8.600e-01
-8.600e-01
-8.600e-01
-8.600e-01
-8.600e-01
-8.600e-01
-8.600e-01
-8.600e-01
-8.600e-01
-8.600e-01
-8.600e-01
-8.600e-01
-8.600e-01
-8.600e-01
-8.600e-01
-8.600e-01
-8.600e-01
-8.600e-01
-8.600e-01
-8.600e-01
-8.600e-01
-8.600e-01
-8.600e-01
-8.600e-01
-8.600e-01
-8.600e-01
-8.600e-01
-8.600e-01
-8.600e-01
-8.600e-01
-8.600e-01
-8.600e-01
-8.600e-01
-8.600e-01
-8.600e-01
-8.600e-01
-8.600e-01
-8.600e-01
-8.600e-01
-8.600e-01
-8.600e-01
-8.600e-01
-8.600e-01
-8.600e-01
-8.600e-01
-8.600e-01
-8.600e-01
-8.600e-01
-8.600e-01
-8.600e-01
-8.600e-01
-8.600e-01
-8.600e-01
-8.600e-01
-8.600e-01
-8.600e-01
-8.600e-01
-8.600e-01
-8.600e-01
-8.600e-01
-8.600e-01
-8.600e-01
-8.600e-01
-8.600e-01
-8.600e-01
-8.600e-01
-8.600e-01
-8.600e-01
-8.600e-01
-8.600e-01
-8.600e-01
-8.600e-01
-8.600e-01
-8.600e-01
-8.600e-01
-8.600e-01
-8.600e-01
-8.600e-01
-8.600e-01
-8.600e-01
-8.600e-01
-8.600e-01
-8.600e-01
-8.600e-01
-8.600e-01
-8.600e-01
-8.600e-01
-8.600e-01
-8.600e-01
-8.600e-01
-8.600e-01
-8.600e-01
-8.600e-01
-8.600e-01
-8.600e-01
-8.600e-01
-8.600e-01
-8.600e-01
-8.600e-01
-8.600e-01
-8.600e-01
-8.600e-01
-8.600e-01
-8.600e-01
-8.600e-01
-8.600e-01
-8.600e-01
-8.600e-01
-8.600e-01
-8.600e-01
-8.600e-01
-8.600e-01
-8.600e-01
-8.600e-01
-8.600e-01
-8.600e-01
-8.600e-01
-8.600e-01
-8.600e-01
-8.600e-01
-8.600e-01
-8.600e-01
-8.600e-01
-8.600e-01
-8.600e-01
-8.600e-01
-8.600e-01
-8.600e-01
-8.600e-01
-8.600e-01
-8.600e-01
-8.600e-01
-8.600e-01
-8.600e-01
-8.600e-01
-8.600e-01
-8.600e-01
-8.600e-01
-8.600e-01
-8.600e-01
-8.600e-01
-8.600e-01
-8.600e-01
-8.600e-01
-8.600e-01
-8.600e-01
-8.600e-01
-8.600e-01
-8.600e-01
-8.600e-01
-8.600e-01
-8.600e-01
-8.600e-01
-8.600e-01
-8.600e-01
-8.600e-01
-8.600e-01
-8.600e-01
-8.600e-01
-8.600e-01
-8.600e-01
-8.600e-01
-8.600e-01
-8.600e-01
-8.600e-01
-8.600e-01
-8.600e-01
-8.600e-01
-8.600e-01
-8.600e-01
-8.600e-01
-8.600e-01
-8.600e-01
-8.600e-01
-8.600e-01
-8.600e-01
-8.600e-01
-8.600e-01
-8.600e-01
-2.600e-01
-2.600e-01
-2.600e-01
-2.600e-01
-2.600e-01
-2.600e-01
-2.600e-01
-2.600e-01
-2.600e-01
-2.600e-01
-2.600e-01
-2.600e-01
-2.600e-01
-2.600e-01
-2.600e-01
-2.600e-01
-2.600e-01
-2.600e-01
-2.600e-01
-2.600e-01
-2.600e-01
-2.600e-01
-2.600e-01
-2.600e-01
-2.600e-01
-2.600e-01
-2.600e-01
-2.600e-01
-2.600e-01
-2.600e-01
-2.600e-01
-2.600e-01
-2.600e-01
-2.600e-01
-2.600e-01
-2.600e-01
-2.600e-01
-2.600e-01
-2.600e-01
-2.600e-01
-2.600e-01
-2.600e-01
-2.600e-01
-2.600e-01
-2.600e-01
-2.600e-01
-2.600e-01
-2.600e-01
-2.600e-01
-2.600e-01
-2.600e-01
-2.600e-01
-2.600e-01
-2.600e-01
-2.600e-01
-2.600e-01
-2.600e-01
-2.600e-01
-2.600e-01
-2.600e-01
-2.600e-01
-2.600e-01
-2.600e-01
-2.600e-01
-2.600e-01
-2.600e-01
-2.600e-01
-2.600e-01
-2.600e-01
-2.600e-01
-2.600e-01
-2.600e-01
-2.600e-01
-2.600e-01
-2.600e-01
-2.600e-01
-2.600e-01
-2.600e-01
-2.600e-01
-2.600e-01
-2.600e-01
-2.600e-01
-2.600e-01
-2.600e-01
-2.600e-01
-2.600e-01
-2.600e-01
-2.600e-01
-2.600e-01
-2.600e-01
-2.600e-01
-2.600e-01
-2.600e-01
-2.600e-01
-2.600e-01
-2.600e-01
-2.600e-01
-2.600e-01
-2.600e-01
-2.600e-01
-2.600e-01
-2.600e-01
-2.600e-01
-2.600e-01
-2.600e-01
-2.600e-01
-2.600e-01
-2.600e-01
-2.600e-01
-2.600e-01
-2.600e-01
-2.600e-01
-2.600e-01
-2.600e-01
-2.600e-01
-2.600e-01
-2.600e-01
-2.600e-01
-2.600e-01
-2.600e-01
-2.600e-01
-2.600e-01
-2.600e-01
-2.600e-01
-2.600e-01
-2.600e-01
-2.600e-01
-2.600e-01
-2.600e-01
-2.600e-01
-2.600e-01
-2.600e-01
-2.600e-01
-2.600e-01
-2.600e-01
-2.600e-01
-2.600e-01
-2.600e-01
-2.600e-01
-2.600e-01
-2.600e-01
-2.600e-01
-2.600e-01
-2.600e-01
-2.600e-01
-2.600e-01
-2.600e-01
-2.600e-01
-2.600e-01
-2.600e-01
-2.600e-01
-2.600e-01
-2.600e-01
-2.600e-01
-2.600e-01
-2.600e-01
-2.600e-01
-2.600e-01
-2.600e-01
-2.600e-01
-2.600e-01
-2.600e-01
-2.600e-01
-2.600e-01
-2.600e-01
-2.600e-01
-2.600e-01
-2.600e-01
-2.600e-01
-2.600e-01
-2.600e-01
-2.600e-01
-2.600e-01
-2.600e-01
-2.600e-01
-2.600e-01
-2.600e-01
-2.600e-01
-2.600e-01
-2.600e-01
-2.600e-01
-2.600e-01
-2.600e-01
-2.600e-01
-2.600e-01
-2.600e-01
-2.600e-01
-2.600e-01
-2.600e-01
-2.600e-01
-2.600e-01
-2.600e-01
-2.600e-01
-2.600e-01
-2.600e-01
-2.600e-01
-2.600e-01
-2.600e-01
-2.600e-01
-2.600e-01
-2.600e-01
-2.600e-01
-2.600e-01
-2.600e-01
-2.600e-01
-2.600e-01
-2.600e-01
-2.600e-01
-2.600e-01
-2.600e-01
-2.600e-01
-2.600e-01
-2.600e-01
-2.600e-01
-2.600e-01
-2.600e-01
-2.600e-01
-2.600e-01
-2.600e-01
-2.600e-01
-2.600e-01
-2.600e-01
-2.600e-01
-2.600e-01
-2.600e-01
-2.600e-01
-2.600e-01
-2.600e-01
-2.600e-01
-2.600e-01
-2.600e-01
-2.600e-01
-2.600e-01
-2.600e-01
-2.600e-01
-2.600e-01
-2.600e-01
-2.600e-01
-2.600e-01
-2.600e-01
-2.600e-01
-2.600e-01
-2.600e-01
-2.600e-01
-2.600e-01
-2.600e-01
-2.600e-01
-2.600e-01
-2.600e-01
-2.600e-01
-2.600e-01
-2.600e-01
-2.600e-01
-2.600e-01
-2.600e-01
-2.600e-01
-2.600e-01
-2.600e-01
-2.600e-01
-2.600e-01
-2.600e-01
-2.600e-01
-2.600e-01
-2.600e-01
-2.600e-01
-2.600e-01
-2.600e-01
-2.600e-01
-2.600e-01
-2.600e-01
-2.600e-01
-2.600e-01
-2.600e-01
-2.600e-01
-2.600e-01
-2.600e-01
-2.600e-01
-2.600e-01
-2.600e-01
-2.600e-01
-2.600e-01
-2.600e-01
-2.600e-01
-2.600e-01
-2.600e-01
-2.600e-01
-2.600e-01
-2.600e-01
-2.600e-01
-2.600e-01
-2.600e-01
-2.600e-01
-2.600e-01
-2.600e-01
-2.600e-01
-2.600e-01
-2.600e-01
-2.600e-01
-2.600e-01
-2.600e-01
-2.600e-01
-2.600e-01
-2.600e-01
-2.600e-01
-2.600e-01
-2.600e-01
-2.600e-01
-2.600e-01
-2.600e-01
-2.600e-01
-2.600e-01
-2.600e-01
-2.600e-01
-2.600e-01
-2.600e-01
-2.600e-01
-2.600e-01
-2.600e-01
-2.600e-01
-2.600e-01
-2.600e-01
-2.600e-01
-2.600e-01
-2.600e-01
-2.600e-01
-2.600e-01
-2.600e-01
-2.600e-01
-2.600e-01
-2.600e-01
-2.600e-01
-2.600e-01
-2.600e-01
-2.600e-01
-2.600e-01
-2.600e-01
-2.600e-01
-2.600e-01
-2.600e-01
-2.600e-01
-2.600e-01
-2.600e-01
-2.600e-01
-2.600e-01
-2.600e-01
-2.600e-01
-2.600e-01
-2.600e-01
-2.600e-01
-2.600e-01
-2.600e-01
-2.600e-01
-2.600e-01
-2.600e-01
-2.600e-01
-2.600e-01
-2.600e-01
-2.600e-01
-2.600e-01
-2.600e-01
-2.600e-01
-2.600e-01
-2.600e-01
-2.600e-01
-2.600e-01
-2.600e-01
-2.600e-01
-2.600e-01
-2.600e-01
-2.600e-01
-2.600e-01
-2.600e-01
-2.600e-01
-2.600e-01
-2.600e-01
-2.600e-01
-2.600e-01
-2.600e-01
-2.600e-01
-2.600e-01
-2.600e-01
-2.600e-01
-2.600e-01
-2.600e-01
-2.600e-01
-2.600e-01
-2.600e-01
-2.600e-01
-2.600e-01
-2.600e-01
-2.600e-01
-2.600e-01
-2.600e-01
-2.600e-01
-2.600e-01
-2.600e-01
-2.600e-01
-2.600e-01
-2.600e-01
-2.600e-01
-2.600e-01
-2.600e-01
-2.600e-01
-2.600e-01
-2.600e-01
-2.600e-01
-2.600e-01
-2.600e-01
-2.600e-01
-2.600e-01
-2.600e-01
-2.600e-01
-2.600e-01
-2.600e-01
-2.600e-01
-2.600e-01
-2.600e-01
-2.600e-01
-2.597e-01
-2.597e-01
-2.600e-01
-2.600e-01
-2.600e-01
-2.600e-01
-2.600e-01
-2.600e-01
-2.600e-01
-2.600e-01
-2.600e-01
-2.600e-01
-2.600e-01
-2.600e-01
-2.600e-01
-2.600e-01
-2.600e-01
-2.600e-01
-2.600e-01
-2.600e-01
-2.600e-01
-2.597e-01
-2.590e-01
3.400e-01
3.400e-01
3.400e-01
3.400e-01
3.400e-01
3.400e-01
3.400e-01
3.400e-01
3.400e-01
3.400e-01
3.400e-01
3.400e-01
3.400e-01
3.400e-01
3.400e-01
3.400e-01
3.400e-01
3.400e-01
3.400e-01
3.400e-01
3.400e-01
3.400e-01
3.400e-01
3.400e-01
3.400e-01
3.400e-01
3.400e-01
3.400e-01
3.400e-01
3.400e-01
3.400e-01
3.400e-01
3.400e-01
3.400e-01
3.400e-01
3.400e-01
3.400e-01
3.400e-01
3.400e-01
3.400e-01
3.400e-01
3.400e-01
3.400e-01
3.400e-01
3.400e-01
3.400e-01
3.400e-01
3.400e-01
3.400e-01
3.400e-01
3.400e-01
3.400e-01
3.400e-01
3.400e-01
3.400e-01
3.400e-01
3.400e-01
3.400e-01
3.400e-01
3.400e-01
3.400e-01
3.400e-01
3.400e-01
3.400e-01
3.400e-01
3.400e-01
3.400e-01
3.400e-01
3.400e-01
3.400e-01
3.400e-01
3.400e-01
3.400e-01
3.400e-01
3.400e-01
3.400e-01
3.400e-01
3.400e-01
3.400e-01
3.400e-01
3.400e-01
3.400e-01
3.400e-01
3.400e-01
3.400e-01
3.400e-01
3.400e-01
3.400e-01
3.400e-01
3.400e-01
3.400e-01
3.400e-01
3.400e-01
3.400e-01
3.400e-01
3.400e-01
3.400e-01
3.400e-01
3.400e-01
3.400e-01
3.400e-01
3.400e-01
3.400e-01
3.400e-01
3.400e-01
3.400e-01
3.400e-01
3.400e-01
3.400e-01
3.400e-01
3.400e-01
3.400e-01
3.400e-01
3.400e-01
3.400e-01
3.400e-01
3.400e-01
3.400e-01
3.400e-01
3.400e-01
3.400e-01
3.400e-01
3.400e-01
3.400e-01
3.400e-01
3.400e-01
3.400e-01
3.400e-01
3.400e-01
3.400e-01
3.400e-01
3.400e-01
3.400e-01
3.400e-01
3.400e-01
3.400e-01
3.400e-01
3.400e-01
3.400e-01
3.400e-01
3.400e-01
3.400e-01
3.400e-01
3.400e-01
3.400e-01
3.400e-01
3.400e-01
3.400e-01
3.400e-01
3.400e-01
3.400e-01
3.400e-01
3.400e-01
3.400e-01
3.400e-01
3.400e-01
3.400e-01
3.400e-01
3.400e-01
3.400e-01
3.400e-01
3.400e-01
3.400e-01
3.400e-01
3.400e-01
3.400e-01
3.400e-01
3.400e-01
3.400e-01
3.400e-01
3.400e-01
3.400e-01
3.400e-01
3.400e-01
3.400e-01
3.400e-01
3.400e-01
3.400e-01
3.400e-01
3.400e-01
3.400e-01
3.400e-01
3.400e-01
3.400e-01
3.400e-01
3.400e-01
3.400e-01
3.400e-01
3.400e-01
3.400e-01
3.400e-01
3.400e-01
3.400e-01
3.400e-01
3.400e-01
3.400e-01
3.400e-01
3.400e-01
3.400e-01
3.400e-01
3.400e-01
3.400e-01
3.400e-01
3.400e-01
3.400e-01
3.400e-01
3.400e-01
3.400e-01
3.400e-01
3.400e-01
3.400e-01
3.400e-01
3.400e-01
3.400e-01
3.400e-01
3.400e-01
3.400e-01
3.400e-01
3.400e-01
3.400e-01
3.400e-01
3.400e-01
3.400e-01
3.400e-01
3.400e-01
3.400e-01
3.400e-01
3.400e-01
3.400e-01
3.400e-01
3.400e-01
3.400e-01
3.400e-01
3.400e-01
3.400e-01
3.400e-01
3.400e-01
3.400e-01
3.400e-01
3.400e-01
3.400e-01
3.400e-01
3.400e-01
3.400e-01
3.400e-01
3.400e-01
3.400e-01
3.400e-01
3.400e-01
3.400e-01
3.400e-01
3.400e-01
3.400e-01
3.400e-01
3.400e-01
3.400e-01
3.400e-01
3.400e-01
3.400e-01
3.400e-01
3.400e-01
3.400e-01
3.400e-01
3.400e-01
3.400e-01
3.400e-01
3.400e-01
3.400e-01
3.400e-01
3.400e-01
3.400e-01
3.400e-01
3.400e-01
3.400e-01
3.400e-01
3.400e-01
3.400e-01
3.400e-01
3.400e-01
3.400e-01
3.400e-01
3.400e-01
3.400e-01
3.400e-01
3.400e-01
3.400e-01
3.400e-01
3.400e-01
3.400e-01
3.400e-01
3.400e-01
3.400e-01
3.400e-01
3.400e-01
3.400e-01
3.400e-01
3.400e-01
3.400e-01
3.400e-01
3.400e-01
3.400e-01
3.400e-01
3.400e-01
3.400e-01
3.400e-01
3.400e-01
3.400e-01
3.400e-01
3.400e-01
3.400e-01
3.400e-01
3.400e-01
3.400e-01
3.400e-01
3.400e-01
3.400e-01
3.400e-01
3.400e-01
3.400e-01
3.400e-01
3.400e-01
3.400e-01
3.400e-01
3.400e-01
3.400e-01
3.400e-01
3.400e-01
3.400e-01
3.400e-01
3.400e-01
3.400e-01
3.400e-01
3.400e-01
3.400e-01
3.400e-01
3.400e-01
3.400e-01
3.400e-01
3.400e-01
3.400e-01
3.400e-01
3.400e-01
3.400e-01
3.400e-01
3.400e-01
3.400e-01
3.400e-01
3.400e-01
3.400e-01
3.400e-01
3.400e-01
3.400e-01
3.400e-01
3.400e-01
3.400e-01
3.400e-01
3.400e-01
3.400e-01
3.400e-01
3.400e-01
3.400e-01
3.400e-01
3.400e-01
3.400e-01
3.400e-01
3.400e-01
3.400e-01
3.400e-01
3.400e-01
3.400e-01
3.400e-01
3.400e-01
3.400e-01
3.400e-01
3.400e-01
3.400e-01
3.400e-01
3.400e-01
3.400e-01
3.400e-01
3.400e-01
3.400e-01
3.400e-01
3.400e-01
3.400e-01
3.400e-01
3.400e-01
3.400e-01
3.400e-01
3.400e-01
3.400e-01
3.400e-01
3.400e-01
3.400e-01
3.400e-01
3.400e-01
3.400e-01
3.400e-01
3.400e-01
3.400e-01
3.400e-01
3.400e-01
3.400e-01
3.400e-01
3.400e-01
3.400e-01
3.400e-01
3.400e-01
3.400e-01
3.400e-01
3.400e-01
3.400e-01
3.400e-01
3.400e-01
3.400e-01
3.400e-01
3.400e-01
3.400e-01
3.403e-01
3.403e-01
3.400e-01
3.400e-01
3.400e-01
3.400e-01
3.400e-01
3.400e-01
3.400e-01
3.400e-01
3.400e-01
3.400e-01
3.400e-01
3.400e-01
3.400e-01
3.400e-01
3.400e-01
3.400e-01
3.400e-01
3.400e-01
3.400e-01
3.403e-01
3.410e-01
1.000e+00
1.000e+00
1.000e+00
1.000e+00
1.000e+00
1.000e+00
1.000e+00
1.000e+00
1.000e+00
1.000e+00
1.000e+00
1.000e+00
1.000e+00
1.000e+00
1.000e+00
1.000e+00
1.000e+00
1.000e+00
1.000e+00
1.000e+00
1.000e+00
1.000e+00
1.000e+00
1.000e+00
1.000e+00
1.000e+00
1.000e+00
1.000e+00
1.000e+00
1.000e+00
1.000e+00
1.000e+00
1.000e+00
1.000e+00
1.000e+00
1.000e+00
1.000e+00
1.000e+00
1.000e+00
1.000e+00
1.000e+00
1.000e+00
1.000e+00
1.000e+00
1.000e+00
1.000e+00
1.000e+00
1.000e+00
1.000e+00
1.000e+00
1.000e+00
1.000e+00
1.000e+00
1.000e+00
1.000e+00
1.000e+00
1.000e+00
1.000e+00
1.000e+00
1.000e+00
1.000e+00
1.000e+00
1.000e+00
1.000e+00
1.000e+00
1.000e+00
1.000e+00
1.000e+00
1.000e+00
1.000e+00
1.000e+00
1.000e+00
1.000e+00
1.000e+00
1.000e+00
1.000e+00
1.000e+00
1.000e+00
1.000e+00
1.000e+00
1.000e+00
1.000e+00
1.000e+00
1.000e+00
1.000e+00
1.000e+00
1.000e+00
1.000e+00
1.000e+00
1.000e+00
1.000e+00
1.000e+00
1.000e+00
1.000e+00
1.000e+00
1.000e+00
1.000e+00
1.000e+00
1.000e+00
1.000e+00
1.000e+00
1.000e+00
1.000e+00
1.000e+00
1.000e+00
1.000e+00
1.000e+00
1.000e+00
1.000e+00
1.000e+00
1.000e+00
1.000e+00
1.000e+00
1.000e+00
1.000e+00
1.000e+00
1.000e+00
1.000e+00
1.000e+00
1.000e+00
1.000e+00
1.000e+00
1.000e+00
1.000e+00
1.000e+00
1.000e+00
1.000e+00
1.000e+00
1.000e+00
1.000e+00
1.000e+00
1.000e+00
1.000e+00
1.000e+00
1.000e+00
1.000e+00
1.000e+00
1.000e+00
1.000e+00
1.000e+00
1.000e+00
1.000e+00
1.000e+00
1.000e+00
1.000e+00
1.000e+00
1.000e+00
1.000e+00
1.000e+00
1.000e+00
1.000e+00
1.000e+00
1.000e+00
1.000e+00
1.000e+00
1.000e+00
1.000e+00
1.000e+00
1.000e+00
1.000e+00
1.000e+00
1.000e+00
1.000e+00
1.000e+00
1.000e+00
1.000e+00
1.000e+00
1.000e+00
1.000e+00
1.000e+00
1.000e+00
1.000e+00
1.000e+00
1.000e+00
1.000e+00
1.000e+00
1.000e+00
1.000e+00
1.000e+00
1.000e+00
1.000e+00
1.000e+00
1.000e+00
1.000e+00
1.000e+00
1.000e+00
1.000e+00
1.000e+00
1.000e+00
1.000e+00
1.000e+00
1.000e+00
1.000e+00
1.000e+00
1.000e+00
1.000e+00
1.000e+00
1.000e+00
1.000e+00
1.000e+00
1.000e+00
1.000e+00
1.000e+00
1.000e+00
1.000e+00
1.000e+00
1.000e+00
1.000e+00
1.000e+00
1.000e+00
1.000e+00
1.000e+00
1.000e+00
1.000e+00
1.000e+00
1.000e+00
1.000e+00
1.000e+00
1.000e+00
1.000e+00
1.000e+00
1.000e+00
1.000e+00
1.000e+00
1.000e+00
1.000e+00
1.000e+00
1.000e+00
1.000e+00
1.000e+00
1.000e+00
1.000e+00
1.000e+00
1.000e+00
1.000e+00
1.000e+00
1.000e+00
1.000e+00
1.000e+00
1.000e+00
1.000e+00
1.000e+00
1.000e+00
1.000e+00
1.000e+00
1.000e+00
1.000e+00
1.000e+00
1.000e+00
1.000e+00
1.000e+00
1.000e+00
1.000e+00
1.000e+00
1.000e+00
1.000e+00
1.000e+00
1.000e+00
1.000e+00
1.000e+00
1.000e+00
1.000e+00
1.000e+00
1.000e+00
1.000e+00
1.000e+00
1.000e+00
1.000e+00
1.000e+00
1.000e+00
1.000e+00
1.000e+00
1.000e+00
1.000e+00
1.000e+00
1.000e+00
1.000e+00
1.000e+00
1.000e+00
1.000e+00
1.000e+00
1.000e+00
1.000e+00
1.000e+00
1.000e+00
1.000e+00
1.000e+00
1.000e+00
1.000e+00
1.000e+00
1.000e+00
1.000e+00
1.000e+00
1.000e+00
1.000e+00
1.000e+00
1.000e+00
1.000e+00
1.000e+00
1.000e+00
1.000e+00
1.000e+00
1.000e+00
1.000e+00
1.000e+00
1.000e+00
1.000e+00
1.000e+00
1.000e+00
1.000e+00
1.000e+00
1.000e+00
1.000e+00
1.000e+00
1.000e+00
1.000e+00
1.000e+00
1.000e+00
1.000e+00
1.000e+00
1.000e+00
1.000e+00
1.000e+00
1.000e+00
1.000e+00
1.000e+00
1.000e+00
1.000e+00
1.000e+00
1.000e+00
1.000e+00
1.000e+00
1.000e+00
1.000e+00
1.000e+00
1.000e+00
1.000e+00
1.000e+00
1.000e+00
1.000e+00
1.000e+00
1.000e+00
1.000e+00
1.000e+00
1.000e+00
1.000e+00
1.000e+00
1.000e+00
1.000e+00
1.000e+00
1.000e+00
1.000e+00
1.000e+00
1.000e+00
1.000e+00
1.000e+00
1.000e+00
1.000e+00
1.000e+00
1.000e+00
1.000e+00
1.000e+00
1.000e+00
1.000e+00
1.000e+00
1.000e+00
1.000e+00
1.000e+00
1.000e+00
1.000e+00
1.000e+00
1.000e+00
1.000e+00
1.000e+00
1.000e+00
1.000e+00
1.000e+00
1.000e+00
1.000e+00
1.000e+00
1.000e+00
1.000e+00
1.000e+00
1.000e+00
1.000e+00
1.000e+00
1.000e+00
1.000e+00
1.000e+00
1.000e+00
1.000e+00
1.000e+00
1.000e+00
1.000e+00
1.000e+00
1.000e+00
1.000e+00
1.000e+00
1.000e+00
1.000e+00
1.000e+00
1.000e+00
1.000e+00
1.000e+00
1.000e+00
1.000e+00
1.000e+00
1.000e+00
1.000e+00
1.000e+00
1.000e+00
1.000e+00
1.000e+00
1.000e+00
1.000e+00
1.000e+00
1.000e+00
1.000e+00
1.000e+00
1.000e+00
1.000e+00
1.000e+00
1.000e+00
1.000e+00
1.000e+00
1.000e+00
1.000e+00
1.000e+00
1.000e+00
1.000e+00
1.000e+00
1.000e+00
1.000e+00
1.000e+00
1.000e+00
1.000e+00
1.000e+00
1.000e+00
1.000e+00
1.000e+00
1.001e+00
