21
# x y z
0	0	0
0.5	0	0
1	0	0
1.5	0	0
2	0	0
2.5	0	0
3	0	0
3.5	0	0
4	0	0
4.5	0	0
5	0	0
5.5	0	0
6	0	0
6.5	0	0
7	0	0
7.5	0	0
8	0	0
8.5	0	0
9	0	0
9.5	0	0
10	0	0
171
# a b m n err i ip iperr k r rhoa u valid 
1	2	3	4	1.00019149539647e-02	0.00000000000000e+00	0.00000000000000e+00	0.00000000000000e+00	-9.42477796076938e+00	0.00000000000000e+00	4.88705817457568e+00	0.00000000000000e+00	1
2	3	4	5	1.00015167595140e-02	0.00000000000000e+00	0.00000000000000e+00	0.00000000000000e+00	-9.42477796076938e+00	0.00000000000000e+00	6.18328933597113e+00	0.00000000000000e+00	1
3	4	5	6	1.00014292107263e-02	0.00000000000000e+00	0.00000000000000e+00	0.00000000000000e+00	-9.42477796076938e+00	0.00000000000000e+00	6.57316878971944e+00	0.00000000000000e+00	1
4	5	6	7	1.00013997248673e-02	0.00000000000000e+00	0.00000000000000e+00	0.00000000000000e+00	-9.42477796076938e+00	0.00000000000000e+00	6.61511612183328e+00	0.00000000000000e+00	1
5	6	7	8	1.00014157963967e-02	0.00000000000000e+00	0.00000000000000e+00	0.00000000000000e+00	-9.42477796076938e+00	0.00000000000000e+00	6.67063315576432e+00	0.00000000000000e+00	1
6	7	8	9	1.00013976022862e-02	0.00000000000000e+00	0.00000000000000e+00	0.00000000000000e+00	-9.42477796076938e+00	0.00000000000000e+00	6.60788433109219e+00	0.00000000000000e+00	1
7	8	9	10	1.00013915570620e-02	0.00000000000000e+00	0.00000000000000e+00	0.00000000000000e+00	-9.42477796076938e+00	0.00000000000000e+00	6.73508206489762e+00	0.00000000000000e+00	1
8	9	10	11	1.00013712863284e-02	0.00000000000000e+00	0.00000000000000e+00	0.00000000000000e+00	-9.42477796076938e+00	0.00000000000000e+00	6.89612670768965e+00	0.00000000000000e+00	1
9	10	11	12	1.00013721173557e-02	0.00000000000000e+00	0.00000000000000e+00	0.00000000000000e+00	-9.42477796076938e+00	0.00000000000000e+00	6.97518495914059e+00	0.00000000000000e+00	1
10	11	12	13	1.00013854018380e-02	0.00000000000000e+00	0.00000000000000e+00	0.00000000000000e+00	-9.42477796076938e+00	0.00000000000000e+00	6.70965703307794e+00	0.00000000000000e+00	1
11	12	13	14	1.00013814447166e-02	0.00000000000000e+00	0.00000000000000e+00	0.00000000000000e+00	-9.42477796076938e+00	0.00000000000000e+00	6.91965950744588e+00	0.00000000000000e+00	1
12	13	14	15	1.00013772704291e-02	0.00000000000000e+00	0.00000000000000e+00	0.00000000000000e+00	-9.42477796076938e+00	0.00000000000000e+00	6.82395794021647e+00	0.00000000000000e+00	1
13	14	15	16	1.00013769043970e-02	0.00000000000000e+00	0.00000000000000e+00	0.00000000000000e+00	-9.42477796076938e+00	0.00000000000000e+00	6.80659240472301e+00	0.00000000000000e+00	1
14	15	16	17	1.00013906266323e-02	0.00000000000000e+00	0.00000000000000e+00	0.00000000000000e+00	-9.42477796076938e+00	0.00000000000000e+00	6.85777712454718e+00	0.00000000000000e+00	1
15	16	17	18	1.00013989153299e-02	0.00000000000000e+00	0.00000000000000e+00	0.00000000000000e+00	-9.42477796076938e+00	0.00000000000000e+00	6.85165269516820e+00	0.00000000000000e+00	1
16	17	18	19	1.00014183509004e-02	0.00000000000000e+00	0.00000000000000e+00	0.00000000000000e+00	-9.42477796076938e+00	0.00000000000000e+00	6.53248896739366e+00	0.00000000000000e+00	1
17	18	19	20	1.00014881363615e-02	0.00000000000000e+00	0.00000000000000e+00	0.00000000000000e+00	-9.42477796076938e+00	0.00000000000000e+00	6.28896646617342e+00	0.00000000000000e+00	1
18	19	20	21	1.00018641930429e-02	0.00000000000000e+00	0.00000000000000e+00	0.00000000000000e+00	-9.42477796076938e+00	0.00000000000000e+00	5.08516604153811e+00	0.00000000000000e+00	1
1	2	4	5	1.00099135030392e-02	0.00000000000000e+00	0.00000000000000e+00	0.00000000000000e+00	-3.76991118430775e+01	0.00000000000000e+00	3.84004105585194e+00	0.00000000000000e+00	1
2	3	5	6	1.00064377443392e-02	0.00000000000000e+00	0.00000000000000e+00	0.00000000000000e+00	-3.76991118430775e+01	0.00000000000000e+00	5.78461584627309e+00	0.00000000000000e+00	1
3	4	6	7	1.00058072624814e-02	0.00000000000000e+00	0.00000000000000e+00	0.00000000000000e+00	-3.76991118430775e+01	0.00000000000000e+00	6.40536752775076e+00	0.00000000000000e+00	1
4	5	7	8	1.00055393809397e-02	0.00000000000000e+00	0.00000000000000e+00	0.00000000000000e+00	-3.76991118430775e+01	0.00000000000000e+00	6.80555526413054e+00	0.00000000000000e+00	1
5	6	8	9	1.00053933632294e-02	0.00000000000000e+00	0.00000000000000e+00	0.00000000000000e+00	-3.76991118430775e+01	0.00000000000000e+00	6.89796525342882e+00	0.00000000000000e+00	1
6	7	9	10	1.00053409381509e-02	0.00000000000000e+00	0.00000000000000e+00	0.00000000000000e+00	-3.76991118430775e+01	0.00000000000000e+00	7.03170942859582e+00	0.00000000000000e+00	1
7	8	10	11	1.00052061410135e-02	0.00000000000000e+00	0.00000000000000e+00	0.00000000000000e+00	-3.76991118430775e+01	0.00000000000000e+00	7.33294262295081e+00	0.00000000000000e+00	1
8	9	11	12	1.00052264034099e-02	0.00000000000000e+00	0.00000000000000e+00	0.00000000000000e+00	-3.76991118430775e+01	0.00000000000000e+00	7.22191214992990e+00	0.00000000000000e+00	1
9	10	12	13	1.00051373169026e-02	0.00000000000000e+00	0.00000000000000e+00	0.00000000000000e+00	-3.76991118430775e+01	0.00000000000000e+00	7.34915013953086e+00	0.00000000000000e+00	1
10	11	13	14	1.00051767762460e-02	0.00000000000000e+00	0.00000000000000e+00	0.00000000000000e+00	-3.76991118430775e+01	0.00000000000000e+00	7.08171311992731e+00	0.00000000000000e+00	1
11	12	14	15	1.00051125587350e-02	0.00000000000000e+00	0.00000000000000e+00	0.00000000000000e+00	-3.76991118430775e+01	0.00000000000000e+00	7.34749432868894e+00	0.00000000000000e+00	1
12	13	15	16	1.00051548290916e-02	0.00000000000000e+00	0.00000000000000e+00	0.00000000000000e+00	-3.76991118430775e+01	0.00000000000000e+00	7.31392296984959e+00	0.00000000000000e+00	1
13	14	16	17	1.00051581599618e-02	0.00000000000000e+00	0.00000000000000e+00	0.00000000000000e+00	-3.76991118430775e+01	0.00000000000000e+00	7.41673328272886e+00	0.00000000000000e+00	1
14	15	17	18	1.00052617550651e-02	0.00000000000000e+00	0.00000000000000e+00	0.00000000000000e+00	-3.76991118430775e+01	0.00000000000000e+00	7.09609421480015e+00	0.00000000000000e+00	1
15	16	18	19	1.00054405253336e-02	0.00000000000000e+00	0.00000000000000e+00	0.00000000000000e+00	-3.76991118430775e+01	0.00000000000000e+00	7.02145589568327e+00	0.00000000000000e+00	1
16	17	19	20	1.00060045752757e-02	0.00000000000000e+00	0.00000000000000e+00	0.00000000000000e+00	-3.76991118430775e+01	0.00000000000000e+00	6.21646501385301e+00	0.00000000000000e+00	1
17	18	20	21	1.00091649865882e-02	0.00000000000000e+00	0.00000000000000e+00	0.00000000000000e+00	-3.76991118430775e+01	0.00000000000000e+00	4.13279902638780e+00	0.00000000000000e+00	1
1	2	5	6	1.00276109033689e-02	0.00000000000000e+00	0.00000000000000e+00	0.00000000000000e+00	-9.42477796076939e+01	0.00000000000000e+00	3.41312677017599e+00	0.00000000000000e+00	1
2	3	6	7	1.00156486758339e-02	0.00000000000000e+00	0.00000000000000e+00	0.00000000000000e+00	-9.42477796076939e+01	0.00000000000000e+00	6.04487107249849e+00	0.00000000000000e+00	1
3	4	7	8	1.00133382260989e-02	0.00000000000000e+00	0.00000000000000e+00	0.00000000000000e+00	-9.42477796076939e+01	0.00000000000000e+00	7.14513294680326e+00	0.00000000000000e+00	1
4	5	8	9	1.00123275969510e-02	0.00000000000000e+00	0.00000000000000e+00	0.00000000000000e+00	-9.42477796076939e+01	0.00000000000000e+00	7.64462554276612e+00	0.00000000000000e+00	1
5	6	9	10	1.00118711202143e-02	0.00000000000000e+00	0.00000000000000e+00	0.00000000000000e+00	-9.42477796076939e+01	0.00000000000000e+00	7.97631491511678e+00	0.00000000000000e+00	1
6	7	10	11	1.00115235486379e-02	0.00000000000000e+00	0.00000000000000e+00	0.00000000000000e+00	-9.42477796076939e+01	0.00000000000000e+00	8.28214964882941e+00	0.00000000000000e+00	1
7	8	11	12	1.00113459451908e-02	0.00000000000000e+00	0.00000000000000e+00	0.00000000000000e+00	-9.42477796076939e+01	0.00000000000000e+00	8.23175366876397e+00	0.00000000000000e+00	1
8	9	12	13	1.00112097638646e-02	0.00000000000000e+00	0.00000000000000e+00	0.00000000000000e+00	-9.42477796076939e+01	0.00000000000000e+00	8.32105228741265e+00	0.00000000000000e+00	1
9	10	13	14	1.00111251284469e-02	0.00000000000000e+00	0.00000000000000e+00	0.00000000000000e+00	-9.42477796076939e+01	0.00000000000000e+00	8.51992735559058e+00	0.00000000000000e+00	1
10	11	14	15	1.00111151342157e-02	0.00000000000000e+00	0.00000000000000e+00	0.00000000000000e+00	-9.42477796076939e+01	0.00000000000000e+00	8.53369871814295e+00	0.00000000000000e+00	1
11	12	15	16	1.00111398138650e-02	0.00000000000000e+00	0.00000000000000e+00	0.00000000000000e+00	-9.42477796076939e+01	0.00000000000000e+00	8.48245047044915e+00	0.00000000000000e+00	1
12	13	16	17	1.00112886124025e-02	0.00000000000000e+00	0.00000000000000e+00	0.00000000000000e+00	-9.42477796076939e+01	0.00000000000000e+00	8.44865511920429e+00	0.00000000000000e+00	1
13	14	17	18	1.00115956985360e-02	0.00000000000000e+00	0.00000000000000e+00	0.00000000000000e+00	-9.42477796076939e+01	0.00000000000000e+00	8.04268246450292e+00	0.00000000000000e+00	1
14	15	18	19	1.00123063256023e-02	0.00000000000000e+00	0.00000000000000e+00	0.00000000000000e+00	-9.42477796076939e+01	0.00000000000000e+00	7.66920908067185e+00	0.00000000000000e+00	1
15	16	19	20	1.00142610082304e-02	0.00000000000000e+00	0.00000000000000e+00	0.00000000000000e+00	-9.42477796076939e+01	0.00000000000000e+00	6.49423570128508e+00	0.00000000000000e+00	1
16	17	20	21	1.00247030129689e-02	0.00000000000000e+00	0.00000000000000e+00	0.00000000000000e+00	-9.42477796076939e+01	0.00000000000000e+00	3.81023829855220e+00	0.00000000000000e+00	1
1	2	6	7	1.00568228117563e-02	0.00000000000000e+00	0.00000000000000e+00	0.00000000000000e+00	-1.88495559215387e+02	0.00000000000000e+00	3.27353993093160e+00	0.00000000000000e+00	1
2	3	7	8	1.00293041999909e-02	0.00000000000000e+00	0.00000000000000e+00	0.00000000000000e+00	-1.88495559215387e+02	0.00000000000000e+00	6.29229728447575e+00	0.00000000000000e+00	1
3	4	8	9	1.00238990398689e-02	0.00000000000000e+00	0.00000000000000e+00	0.00000000000000e+00	-1.88495559215387e+02	0.00000000000000e+00	7.80286792410330e+00	0.00000000000000e+00	1
4	5	9	10	1.00217306635593e-02	0.00000000000000e+00	0.00000000000000e+00	0.00000000000000e+00	-1.88495559215387e+02	0.00000000000000e+00	8.67129134192102e+00	0.00000000000000e+00	1
5	6	10	11	1.00205594496085e-02	0.00000000000000e+00	0.00000000000000e+00	0.00000000000000e+00	-1.88495559215387e+02	0.00000000000000e+00	9.30303760756228e+00	0.00000000000000e+00	1
6	7	11	12	1.00199916386842e-02	0.00000000000000e+00	0.00000000000000e+00	0.00000000000000e+00	-1.88495559215387e+02	0.00000000000000e+00	9.51154125033716e+00	0.00000000000000e+00	1
7	8	12	13	1.00195227183256e-02	0.00000000000000e+00	0.00000000000000e+00	0.00000000000000e+00	-1.88495559215387e+02	0.00000000000000e+00	9.72000528724842e+00	0.00000000000000e+00	1
8	9	13	14	1.00193694889189e-02	0.00000000000000e+00	0.00000000000000e+00	0.00000000000000e+00	-1.88495559215387e+02	0.00000000000000e+00	9.79957539397145e+00	0.00000000000000e+00	1
9	10	14	15	1.00192426805300e-02	0.00000000000000e+00	0.00000000000000e+00	0.00000000000000e+00	-1.88495559215387e+02	0.00000000000000e+00	9.77089198733891e+00	0.00000000000000e+00	1
10	11	15	16	1.00194526140434e-02	0.00000000000000e+00	0.00000000000000e+00	0.00000000000000e+00	-1.88495559215387e+02	0.00000000000000e+00	9.74513101024978e+00	0.00000000000000e+00	1
11	12	16	17	1.00197548831737e-02	0.00000000000000e+00	0.00000000000000e+00	0.00000000000000e+00	-1.88495559215387e+02	0.00000000000000e+00	9.57082097619674e+00	0.00000000000000e+00	1
12	13	17	18	1.00205998370707e-02	0.00000000000000e+00	0.00000000000000e+00	0.00000000000000e+00	-1.88495559215387e+02	0.00000000000000e+00	9.05864760495177e+00	0.00000000000000e+00	1
13	14	18	19	1.00222711837299e-02	0.00000000000000e+00	0.00000000000000e+00	0.00000000000000e+00	-1.88495559215387e+02	0.00000000000000e+00	8.25528677937585e+00	0.00000000000000e+00	1
14	15	19	20	1.00268992191139e-02	0.00000000000000e+00	0.00000000000000e+00	0.00000000000000e+00	-1.88495559215387e+02	0.00000000000000e+00	7.02520118672045e+00	0.00000000000000e+00	1
15	16	20	21	1.00509753319214e-02	0.00000000000000e+00	0.00000000000000e+00	0.00000000000000e+00	-1.88495559215387e+02	0.00000000000000e+00	3.72614228693621e+00	0.00000000000000e+00	1
1	2	7	8	1.00989180865874e-02	0.00000000000000e+00	0.00000000000000e+00	0.00000000000000e+00	-3.29867228626927e+02	0.00000000000000e+00	3.28142480286013e+00	0.00000000000000e+00	1
2	3	8	9	1.00478324457726e-02	0.00000000000000e+00	0.00000000000000e+00	0.00000000000000e+00	-3.29867228626927e+02	0.00000000000000e+00	6.91002988986895e+00	0.00000000000000e+00	1
3	4	9	10	1.00379959474342e-02	0.00000000000000e+00	0.00000000000000e+00	0.00000000000000e+00	-3.29867228626927e+02	0.00000000000000e+00	8.68907182496909e+00	0.00000000000000e+00	1
4	5	10	11	1.00338765542443e-02	0.00000000000000e+00	0.00000000000000e+00	0.00000000000000e+00	-3.29867228626927e+02	0.00000000000000e+00	9.79991084456144e+00	0.00000000000000e+00	1
5	6	11	12	1.00319797282822e-02	0.00000000000000e+00	0.00000000000000e+00	0.00000000000000e+00	-3.29867228626927e+02	0.00000000000000e+00	1.02330689895868e+01	0.00000000000000e+00	1
6	7	12	13	1.00308271705542e-02	0.00000000000000e+00	0.00000000000000e+00	0.00000000000000e+00	-3.29867228626927e+02	0.00000000000000e+00	1.07833103947450e+01	0.00000000000000e+00	1
7	8	13	14	1.00302214156629e-02	0.00000000000000e+00	0.00000000000000e+00	0.00000000000000e+00	-3.29867228626927e+02	0.00000000000000e+00	1.07014555218885e+01	0.00000000000000e+00	1
8	9	14	15	1.00300167420041e-02	0.00000000000000e+00	0.00000000000000e+00	0.00000000000000e+00	-3.29867228626927e+02	0.00000000000000e+00	1.08468100986654e+01	0.00000000000000e+00	1
9	10	15	16	1.00302090061725e-02	0.00000000000000e+00	0.00000000000000e+00	0.00000000000000e+00	-3.29867228626927e+02	0.00000000000000e+00	1.08019219846285e+01	0.00000000000000e+00	1
10	11	16	17	1.00309856365411e-02	0.00000000000000e+00	0.00000000000000e+00	0.00000000000000e+00	-3.29867228626927e+02	0.00000000000000e+00	1.06490883846134e+01	0.00000000000000e+00	1
11	12	17	18	1.00324828653317e-02	0.00000000000000e+00	0.00000000000000e+00	0.00000000000000e+00	-3.29867228626927e+02	0.00000000000000e+00	1.02339819126808e+01	0.00000000000000e+00	1
12	13	18	19	1.00358249066200e-02	0.00000000000000e+00	0.00000000000000e+00	0.00000000000000e+00	-3.29867228626927e+02	0.00000000000000e+00	9.12723886674015e+00	0.00000000000000e+00	1
13	14	19	20	1.00445235577587e-02	0.00000000000000e+00	0.00000000000000e+00	0.00000000000000e+00	-3.29867228626927e+02	0.00000000000000e+00	7.42120357673951e+00	0.00000000000000e+00	1
14	15	20	21	1.00900382283655e-02	0.00000000000000e+00	0.00000000000000e+00	0.00000000000000e+00	-3.29867228626927e+02	0.00000000000000e+00	3.68713800957723e+00	0.00000000000000e+00	1
1	2	8	9	1.01556510980386e-02	0.00000000000000e+00	0.00000000000000e+00	0.00000000000000e+00	-5.27787565803085e+02	0.00000000000000e+00	3.42808603878109e+00	0.00000000000000e+00	1
2	3	9	10	1.00723240372312e-02	0.00000000000000e+00	0.00000000000000e+00	0.00000000000000e+00	-5.27787565803085e+02	0.00000000000000e+00	7.27675538819745e+00	0.00000000000000e+00	1
3	4	10	11	1.00560140602826e-02	0.00000000000000e+00	0.00000000000000e+00	0.00000000000000e+00	-5.27787565803085e+02	0.00000000000000e+00	9.56973134132405e+00	0.00000000000000e+00	1
4	5	11	12	1.00496137647404e-02	0.00000000000000e+00	0.00000000000000e+00	0.00000000000000e+00	-5.27787565803085e+02	0.00000000000000e+00	1.05461669694957e+01	0.00000000000000e+00	1
5	6	12	13	1.00463963416377e-02	0.00000000000000e+00	0.00000000000000e+00	0.00000000000000e+00	-5.27787565803085e+02	0.00000000000000e+00	1.13436693304631e+01	0.00000000000000e+00	1
6	7	13	14	1.00447976507770e-02	0.00000000000000e+00	0.00000000000000e+00	0.00000000000000e+00	-5.27787565803085e+02	0.00000000000000e+00	1.17714809299161e+01	0.00000000000000e+00	1
7	8	14	15	1.00439970660651e-02	0.00000000000000e+00	0.00000000000000e+00	0.00000000000000e+00	-5.27787565803085e+02	0.00000000000000e+00	1.19695130727784e+01	0.00000000000000e+00	1
8	9	15	16	1.00442184953098e-02	0.00000000000000e+00	0.00000000000000e+00	0.00000000000000e+00	-5.27787565803085e+02	0.00000000000000e+00	1.16753148249327e+01	0.00000000000000e+00	1
9	10	16	17	1.00452482469550e-02	0.00000000000000e+00	0.00000000000000e+00	0.00000000000000e+00	-5.27787565803085e+02	0.00000000000000e+00	1.17704608696320e+01	0.00000000000000e+00	1
10	11	17	18	1.00479388386982e-02	0.00000000000000e+00	0.00000000000000e+00	0.00000000000000e+00	-5.27787565803085e+02	0.00000000000000e+00	1.10926079699264e+01	0.00000000000000e+00	1
11	12	18	19	1.00533748851206e-02	0.00000000000000e+00	0.00000000000000e+00	0.00000000000000e+00	-5.27787565803085e+02	0.00000000000000e+00	9.83112581582879e+00	0.00000000000000e+00	1
12	13	19	20	1.00680627414987e-02	0.00000000000000e+00	0.00000000000000e+00	0.00000000000000e+00	-5.27787565803085e+02	0.00000000000000e+00	7.72562214213692e+00	0.00000000000000e+00	1
13	14	20	21	1.01437227377463e-02	0.00000000000000e+00	0.00000000000000e+00	0.00000000000000e+00	-5.27787565803085e+02	0.00000000000000e+00	3.70078655652534e+00	0.00000000000000e+00	1
1	2	9	10	1.02304331513357e-02	0.00000000000000e+00	0.00000000000000e+00	0.00000000000000e+00	-7.91681348704633e+02	0.00000000000000e+00	3.39693667507617e+00	0.00000000000000e+00	1
2	3	10	11	1.01035010023536e-02	0.00000000000000e+00	0.00000000000000e+00	0.00000000000000e+00	-7.91681348704633e+02	0.00000000000000e+00	7.70573282371085e+00	0.00000000000000e+00	1
3	4	11	12	1.00792164970891e-02	0.00000000000000e+00	0.00000000000000e+00	0.00000000000000e+00	-7.91681348704633e+02	0.00000000000000e+00	9.99071445976907e+00	0.00000000000000e+00	1
4	5	12	13	1.00693623423095e-02	0.00000000000000e+00	0.00000000000000e+00	0.00000000000000e+00	-7.91681348704633e+02	0.00000000000000e+00	1.12672929830655e+01	0.00000000000000e+00	1
5	6	13	14	1.00648657745345e-02	0.00000000000000e+00	0.00000000000000e+00	0.00000000000000e+00	-7.91681348704633e+02	0.00000000000000e+00	1.22454978321918e+01	0.00000000000000e+00	1
6	7	14	15	1.00626955387007e-02	0.00000000000000e+00	0.00000000000000e+00	0.00000000000000e+00	-7.91681348704633e+02	0.00000000000000e+00	1.25584602326527e+01	0.00000000000000e+00	1
7	8	15	16	1.00622918793337e-02	0.00000000000000e+00	0.00000000000000e+00	0.00000000000000e+00	-7.91681348704633e+02	0.00000000000000e+00	1.25746848869090e+01	0.00000000000000e+00	1
8	9	16	17	1.00636874313731e-02	0.00000000000000e+00	0.00000000000000e+00	0.00000000000000e+00	-7.91681348704633e+02	0.00000000000000e+00	1.23336894594621e+01	0.00000000000000e+00	1
9	10	17	18	1.00674102975831e-02	0.00000000000000e+00	0.00000000000000e+00	0.00000000000000e+00	-7.91681348704633e+02	0.00000000000000e+00	1.17296500131235e+01	0.00000000000000e+00	1
10	11	18	19	1.00760201783015e-02	0.00000000000000e+00	0.00000000000000e+00	0.00000000000000e+00	-7.91681348704633e+02	0.00000000000000e+00	1.03577532574521e+01	0.00000000000000e+00	1
11	12	19	20	1.00983151218890e-02	0.00000000000000e+00	0.00000000000000e+00	0.00000000000000e+00	-7.91681348704633e+02	0.00000000000000e+00	8.06593569325919e+00	0.00000000000000e+00	1
12	13	20	21	1.02150045360763e-02	0.00000000000000e+00	0.00000000000000e+00	0.00000000000000e+00	-7.91681348704633e+02	0.00000000000000e+00	3.71600768154135e+00	0.00000000000000e+00	1
1	2	10	11	1.03254745489507e-02	0.00000000000000e+00	0.00000000000000e+00	0.00000000000000e+00	-1.13097335529232e+03	0.00000000000000e+00	3.51995167774132e+00	0.00000000000000e+00	1
2	3	11	12	1.01435181435342e-02	0.00000000000000e+00	0.00000000000000e+00	0.00000000000000e+00	-1.13097335529232e+03	0.00000000000000e+00	7.97260094390677e+00	0.00000000000000e+00	1
3	4	12	13	1.01082373503633e-02	0.00000000000000e+00	0.00000000000000e+00	0.00000000000000e+00	-1.13097335529232e+03	0.00000000000000e+00	1.03777993731222e+01	0.00000000000000e+00	1
4	5	13	14	1.00945761695555e-02	0.00000000000000e+00	0.00000000000000e+00	0.00000000000000e+00	-1.13097335529232e+03	0.00000000000000e+00	1.20649561969936e+01	0.00000000000000e+00	1
5	6	14	15	1.00884691365334e-02	0.00000000000000e+00	0.00000000000000e+00	0.00000000000000e+00	-1.13097335529232e+03	0.00000000000000e+00	1.25515781270363e+01	0.00000000000000e+00	1
6	7	15	16	1.00864303831193e-02	0.00000000000000e+00	0.00000000000000e+00	0.00000000000000e+00	-1.13097335529232e+03	0.00000000000000e+00	1.31270121637057e+01	0.00000000000000e+00	1
7	8	16	17	1.00874101802886e-02	0.00000000000000e+00	0.00000000000000e+00	0.00000000000000e+00	-1.13097335529232e+03	0.00000000000000e+00	1.28996741486791e+01	0.00000000000000e+00	1
8	9	17	18	1.00924964943194e-02	0.00000000000000e+00	0.00000000000000e+00	0.00000000000000e+00	-1.13097335529232e+03	0.00000000000000e+00	1.23411362566187e+01	0.00000000000000e+00	1
9	10	18	19	1.01044418058603e-02	0.00000000000000e+00	0.00000000000000e+00	0.00000000000000e+00	-1.13097335529232e+03	0.00000000000000e+00	1.07341375801049e+01	0.00000000000000e+00	1
10	11	19	20	1.01372205155497e-02	0.00000000000000e+00	0.00000000000000e+00	0.00000000000000e+00	-1.13097335529232e+03	0.00000000000000e+00	8.31773796643169e+00	0.00000000000000e+00	1
11	12	20	21	1.03063860916716e-02	0.00000000000000e+00	0.00000000000000e+00	0.00000000000000e+00	-1.13097335529232e+03	0.00000000000000e+00	3.69679951282534e+00	0.00000000000000e+00	1
1	2	11	12	1.04472829980963e-02	0.00000000000000e+00	0.00000000000000e+00	0.00000000000000e+00	-1.55508836352695e+03	0.00000000000000e+00	3.46116922049545e+00	0.00000000000000e+00	1
2	3	12	13	1.01934725957511e-02	0.00000000000000e+00	0.00000000000000e+00	0.00000000000000e+00	-1.55508836352695e+03	0.00000000000000e+00	8.04134572456332e+00	0.00000000000000e+00	1
3	4	13	14	1.01452078703907e-02	0.00000000000000e+00	0.00000000000000e+00	0.00000000000000e+00	-1.55508836352695e+03	0.00000000000000e+00	1.05834017737830e+01	0.00000000000000e+00	1
4	5	14	15	1.01267541288017e-02	0.00000000000000e+00	0.00000000000000e+00	0.00000000000000e+00	-1.55508836352695e+03	0.00000000000000e+00	1.22505791779581e+01	0.00000000000000e+00	1
5	6	15	16	1.01197526776265e-02	0.00000000000000e+00	0.00000000000000e+00	0.00000000000000e+00	-1.55508836352695e+03	0.00000000000000e+00	1.31254864368724e+01	0.00000000000000e+00	1
6	7	16	17	1.01190763472397e-02	0.00000000000000e+00	0.00000000000000e+00	0.00000000000000e+00	-1.55508836352695e+03	0.00000000000000e+00	1.32582773563145e+01	0.00000000000000e+00	1
7	8	17	18	1.01247239338174e-02	0.00000000000000e+00	0.00000000000000e+00	0.00000000000000e+00	-1.55508836352695e+03	0.00000000000000e+00	1.25806550402073e+01	0.00000000000000e+00	1
8	9	18	19	1.01409859481515e-02	0.00000000000000e+00	0.00000000000000e+00	0.00000000000000e+00	-1.55508836352695e+03	0.00000000000000e+00	1.10424195557390e+01	0.00000000000000e+00	1
9	10	19	20	1.01859551302950e-02	0.00000000000000e+00	0.00000000000000e+00	0.00000000000000e+00	-1.55508836352695e+03	0.00000000000000e+00	8.33878167721086e+00	0.00000000000000e+00	1
10	11	20	21	1.04237487872949e-02	0.00000000000000e+00	0.00000000000000e+00	0.00000000000000e+00	-1.55508836352695e+03	0.00000000000000e+00	3.68784820757387e+00	0.00000000000000e+00	1
1	2	12	13	1.05991983920728e-02	0.00000000000000e+00	0.00000000000000e+00	0.00000000000000e+00	-2.07345115136928e+03	0.00000000000000e+00	3.45587639045991e+00	0.00000000000000e+00	1
2	3	13	14	1.02570282474210e-02	0.00000000000000e+00	0.00000000000000e+00	0.00000000000000e+00	-2.07345115136928e+03	0.00000000000000e+00	8.21675910854085e+00	0.00000000000000e+00	1
3	4	14	15	1.01923479425502e-02	0.00000000000000e+00	0.00000000000000e+00	0.00000000000000e+00	-2.07345115136928e+03	0.00000000000000e+00	1.07564517623914e+01	0.00000000000000e+00	1
4	5	15	16	1.01693996787365e-02	0.00000000000000e+00	0.00000000000000e+00	0.00000000000000e+00	-2.07345115136928e+03	0.00000000000000e+00	1.22269352875690e+01	0.00000000000000e+00	1
5	6	16	17	1.01628510562732e-02	0.00000000000000e+00	0.00000000000000e+00	0.00000000000000e+00	-2.07345115136928e+03	0.00000000000000e+00	1.28046560652747e+01	0.00000000000000e+00	1
6	7	17	18	1.01677389068647e-02	0.00000000000000e+00	0.00000000000000e+00	0.00000000000000e+00	-2.07345115136928e+03	0.00000000000000e+00	1.22129416734164e+01	0.00000000000000e+00	1
7	8	18	19	1.01878913224805e-02	0.00000000000000e+00	0.00000000000000e+00	0.00000000000000e+00	-2.07345115136928e+03	0.00000000000000e+00	1.09827808576453e+01	0.00000000000000e+00	1
8	9	19	20	1.02485452070622e-02	0.00000000000000e+00	0.00000000000000e+00	0.00000000000000e+00	-2.07345115136928e+03	0.00000000000000e+00	8.19337915531742e+00	0.00000000000000e+00	1
9	10	20	21	1.05706312356564e-02	0.00000000000000e+00	0.00000000000000e+00	0.00000000000000e+00	-2.07345115136928e+03	0.00000000000000e+00	3.63346738787883e+00	0.00000000000000e+00	1
1	2	13	14	1.07923596576643e-02	0.00000000000000e+00	0.00000000000000e+00	0.00000000000000e+00	-2.69548649677999e+03	0.00000000000000e+00	3.32217546048593e+00	0.00000000000000e+00	1
2	3	14	15	1.03380285613480e-02	0.00000000000000e+00	0.00000000000000e+00	0.00000000000000e+00	-2.69548649677999e+03	0.00000000000000e+00	8.00913357726306e+00	0.00000000000000e+00	1
3	4	15	16	1.02548296115896e-02	0.00000000000000e+00	0.00000000000000e+00	0.00000000000000e+00	-2.69548649677999e+03	0.00000000000000e+00	1.05934918887587e+01	0.00000000000000e+00	1
4	5	16	17	1.02282359060007e-02	0.00000000000000e+00	0.00000000000000e+00	0.00000000000000e+00	-2.69548649677999e+03	0.00000000000000e+00	1.18172497247479e+01	0.00000000000000e+00	1
5	6	17	18	1.02272771773236e-02	0.00000000000000e+00	0.00000000000000e+00	0.00000000000000e+00	-2.69548649677999e+03	0.00000000000000e+00	1.18003219322967e+01	0.00000000000000e+00	1
6	7	18	19	1.02505021104677e-02	0.00000000000000e+00	0.00000000000000e+00	0.00000000000000e+00	-2.69548649677999e+03	0.00000000000000e+00	1.06481414786122e+01	0.00000000000000e+00	1
7	8	19	20	1.03288420101870e-02	0.00000000000000e+00	0.00000000000000e+00	0.00000000000000e+00	-2.69548649677999e+03	0.00000000000000e+00	8.23240477536274e+00	0.00000000000000e+00	1
8	9	20	21	1.07591685348780e-02	0.00000000000000e+00	0.00000000000000e+00	0.00000000000000e+00	-2.69548649677999e+03	0.00000000000000e+00	3.52110999811744e+00	0.00000000000000e+00	1
1	2	14	15	1.10384918662000e-02	0.00000000000000e+00	0.00000000000000e+00	0.00000000000000e+00	-3.43061917772011e+03	0.00000000000000e+00	3.35589561844575e+00	0.00000000000000e+00	1
2	3	15	16	1.04454093350841e-02	0.00000000000000e+00	0.00000000000000e+00	0.00000000000000e+00	-3.43061917772011e+03	0.00000000000000e+00	7.91832839669697e+00	0.00000000000000e+00	1
3	4	16	17	1.03411320560001e-02	0.00000000000000e+00	0.00000000000000e+00	0.00000000000000e+00	-3.43061917772011e+03	0.00000000000000e+00	1.00978310470583e+01	0.00000000000000e+00	1
4	5	17	18	1.03163925039668e-02	0.00000000000000e+00	0.00000000000000e+00	0.00000000000000e+00	-3.43061917772011e+03	0.00000000000000e+00	1.08962704337199e+01	0.00000000000000e+00	1
5	6	18	19	1.03372512983232e-02	0.00000000000000e+00	0.00000000000000e+00	0.00000000000000e+00	-3.43061917772011e+03	0.00000000000000e+00	1.02580884272145e+01	0.00000000000000e+00	1
6	7	19	20	1.04360392963644e-02	0.00000000000000e+00	0.00000000000000e+00	0.00000000000000e+00	-3.43061917772011e+03	0.00000000000000e+00	7.82637587961244e+00	0.00000000000000e+00	1
7	8	20	21	1.10009895455392e-02	0.00000000000000e+00	0.00000000000000e+00	0.00000000000000e+00	-3.43061917772011e+03	0.00000000000000e+00	3.43268957961669e+00	0.00000000000000e+00	1
1	2	15	16	1.13648246516237e-02	0.00000000000000e+00	0.00000000000000e+00	0.00000000000000e+00	-4.28827397215005e+03	0.00000000000000e+00	3.14339455469617e+00	0.00000000000000e+00	1
2	3	16	17	1.05938491020901e-02	0.00000000000000e+00	0.00000000000000e+00	0.00000000000000e+00	-4.28827397215005e+03	0.00000000000000e+00	7.17426907339222e+00	0.00000000000000e+00	1
3	4	17	18	1.04706709576294e-02	0.00000000000000e+00	0.00000000000000e+00	0.00000000000000e+00	-4.28827397215005e+03	0.00000000000000e+00	9.17784342491745e+00	0.00000000000000e+00	1
4	5	18	19	1.04672996918899e-02	0.00000000000000e+00	0.00000000000000e+00	0.00000000000000e+00	-4.28827397215005e+03	0.00000000000000e+00	9.27054358631069e+00	0.00000000000000e+00	1
5	6	19	20	1.05846714285654e-02	0.00000000000000e+00	0.00000000000000e+00	0.00000000000000e+00	-4.28827397215005e+03	0.00000000000000e+00	7.28552028820555e+00	0.00000000000000e+00	1
6	7	20	21	1.13238517430433e-02	0.00000000000000e+00	0.00000000000000e+00	0.00000000000000e+00	-4.28827397215005e+03	0.00000000000000e+00	3.20847982560853e+00	0.00000000000000e+00	1
1	2	16	17	1.18161265490657e-02	0.00000000000000e+00	0.00000000000000e+00	0.00000000000000e+00	-5.27787565803078e+03	0.00000000000000e+00	2.89103484721958e+00	0.00000000000000e+00	1
2	3	17	18	1.08169199479173e-02	0.00000000000000e+00	0.00000000000000e+00	0.00000000000000e+00	-5.27787565803078e+03	0.00000000000000e+00	6.36534136259885e+00	0.00000000000000e+00	1
3	4	18	19	1.06928771957767e-02	0.00000000000000e+00	0.00000000000000e+00	0.00000000000000e+00	-5.27787565803078e+03	0.00000000000000e+00	7.51369588130695e+00	0.00000000000000e+00	1
4	5	19	20	1.08077279183476e-02	0.00000000000000e+00	0.00000000000000e+00	0.00000000000000e+00	-5.27787565803078e+03	0.00000000000000e+00	6.59497141493056e+00	0.00000000000000e+00	1
5	6	20	21	1.17716739247575e-02	0.00000000000000e+00	0.00000000000000e+00	0.00000000000000e+00	-5.27787565803078e+03	0.00000000000000e+00	3.01111583985502e+00	0.00000000000000e+00	1
1	2	17	18	1.24947336765244e-02	0.00000000000000e+00	0.00000000000000e+00	0.00000000000000e+00	-6.40884901332322e+03	0.00000000000000e+00	2.54606953437147e+00	0.00000000000000e+00	1
2	3	18	19	1.12000861441442e-02	0.00000000000000e+00	0.00000000000000e+00	0.00000000000000e+00	-6.40884901332322e+03	0.00000000000000e+00	5.34965947611853e+00	0.00000000000000e+00	1
3	4	19	20	1.11951252779871e-02	0.00000000000000e+00	0.00000000000000e+00	0.00000000000000e+00	-6.40884901332322e+03	0.00000000000000e+00	5.43204387890467e+00	0.00000000000000e+00	1
4	5	20	21	1.24440902781840e-02	0.00000000000000e+00	0.00000000000000e+00	0.00000000000000e+00	-6.40884901332322e+03	0.00000000000000e+00	2.60592485840930e+00	0.00000000000000e+00	1
1	2	18	19	1.36611491578459e-02	0.00000000000000e+00	0.00000000000000e+00	0.00000000000000e+00	-7.69061881598807e+03	0.00000000000000e+00	2.14854565494215e+00	0.00000000000000e+00	1
2	3	19	20	1.20672368067060e-02	0.00000000000000e+00	0.00000000000000e+00	0.00000000000000e+00	-7.69061881598807e+03	0.00000000000000e+00	3.73962410102875e+00	0.00000000000000e+00	1
3	4	20	21	1.36126475602453e-02	0.00000000000000e+00	0.00000000000000e+00	0.00000000000000e+00	-7.69061881598807e+03	0.00000000000000e+00	2.14116960931238e+00	0.00000000000000e+00	1
1	2	19	20	1.63025123288444e-02	0.00000000000000e+00	0.00000000000000e+00	0.00000000000000e+00	-9.13260984398527e+03	0.00000000000000e+00	1.47235269482218e+00	0.00000000000000e+00	1
2	3	20	21	1.62448604696479e-02	0.00000000000000e+00	0.00000000000000e+00	0.00000000000000e+00	-9.13260984398527e+03	0.00000000000000e+00	1.48564673321428e+00	0.00000000000000e+00	1
1	2	20	21	2.90331312356849e-02	0.00000000000000e+00	0.00000000000000e+00	0.00000000000000e+00	-1.07442468752768e+04	0.00000000000000e+00	5.47053192370142e-01	0.00000000000000e+00	1
0
