#       1
#          TIME              381
  1.00000000E+00  0.00000000E+00  0.00000000E+00  0.00000000E+00  0.00000000E+00
  2.10000000E+00  0.00000000E+00  0.00000000E+00  0.00000000E+00  0.00000000E+00
  3.31000000E+00  0.00000000E+00  0.00000000E+00  0.00000000E+00  0.00000000E+00
  4.64100000E+00  0.00000000E+00  0.00000000E+00  0.00000000E+00  0.00000000E+00
  6.10510000E+00  0.00000000E+00  0.00000000E+00  0.00000000E+00  0.00000000E+00
  7.71561000E+00  0.00000000E+00  0.00000000E+00  0.00000000E+00  0.00000000E+00
  9.48717100E+00  0.00000000E+00  0.00000000E+00  0.00000000E+00  0.00000000E+00
  1.14358881E+01  0.00000000E+00  0.00000000E+00  0.00000000E+00  0.00000000E+00
  1.35794769E+01  0.00000000E+00  0.00000000E+00  0.00000000E+00  0.00000000E+00
  1.59374246E+01  0.00000000E+00  0.00000000E+00  0.00000000E+00  0.00000000E+00
  1.85311671E+01  0.00000000E+00  0.00000000E+00  0.00000000E+00  0.00000000E+00
  2.13842838E+01  0.00000000E+00  0.00000000E+00  0.00000000E+00  0.00000000E+00
  2.45227121E+01  0.00000000E+00  0.00000000E+00  0.00000000E+00  0.00000000E+00
  2.79749834E+01  0.00000000E+00  0.00000000E+00  0.00000000E+00  0.00000000E+00
  3.17724817E+01  0.00000000E+00  0.00000000E+00  0.00000000E+00  0.00000000E+00
  3.59497299E+01  0.00000000E+00  0.00000000E+00  0.00000000E+00  0.00000000E+00
  4.05447028E+01  0.00000000E+00  0.00000000E+00  0.00000000E+00  0.00000000E+00
  4.55991731E+01  0.00000000E+00  0.00000000E+00  0.00000000E+00  0.00000000E+00
  5.11590904E+01  0.00000000E+00  0.00000000E+00  0.00000000E+00  0.00000000E+00
  5.72749995E+01  0.00000000E+00  0.00000000E+00  0.00000000E+00  0.00000000E+00
  6.40024994E+01  0.00000000E+00  0.00000000E+00  0.00000000E+00  0.00000000E+00
  7.14027494E+01  0.00000000E+00  0.00000000E+00  0.00000000E+00  0.00000000E+00
  7.95430243E+01  0.00000000E+00  0.00000000E+00  0.00000000E+00  0.00000000E+00
  8.84973268E+01  0.00000000E+00  0.00000000E+00  0.00000000E+00  0.00000000E+00
  9.83470594E+01  0.00000000E+00  0.00000000E+00  0.00000000E+00  0.00000000E+00
  1.09181765E+02  0.00000000E+00  0.00000000E+00  0.00000000E+00  0.00000000E+00
  1.21099942E+02  0.00000000E+00  0.00000000E+00  0.00000000E+00  0.00000000E+00
  1.34209936E+02  0.00000000E+00  0.00000000E+00  0.00000000E+00  0.00000000E+00
  1.48630930E+02  0.00000000E+00  0.00000000E+00  0.00000000E+00  0.00000000E+00
  1.64494023E+02  0.00000000E+00  0.00000000E+00  0.00000000E+00  0.00000000E+00
  1.81943425E+02  0.00000000E+00  0.00000000E+00  0.00000000E+00  0.00000000E+00
  2.01137767E+02  0.00000000E+00  0.00000000E+00  0.00000000E+00  0.00000000E+00
  2.22251544E+02  0.00000000E+00  0.00000000E+00  0.00000000E+00  0.00000000E+00
  2.45476699E+02  0.00000000E+00  0.00000000E+00  0.00000000E+00  0.00000000E+00
  2.71024368E+02  0.00000000E+00  0.00000000E+00  0.00000000E+00  0.00000000E+00
  2.99126805E+02  0.00000000E+00  0.00000000E+00  0.00000000E+00  0.00000000E+00
  3.30039486E+02  0.00000000E+00  0.00000000E+00  0.00000000E+00  0.00000000E+00
  3.64043434E+02  0.00000000E+00  0.00000000E+00  0.00000000E+00  0.00000000E+00
  4.01447778E+02  0.00000000E+00  0.00000000E+00  0.00000000E+00  0.00000000E+00
  4.42592556E+02  0.00000000E+00  0.00000000E+00  0.00000000E+00  0.00000000E+00
  4.87851811E+02  0.00000000E+00  0.00000000E+00  0.00000000E+00  0.00000000E+00
  5.37636992E+02  0.00000000E+00  0.00000000E+00  0.00000000E+00  0.00000000E+00
  5.92400692E+02  0.00000000E+00  0.00000000E+00  0.00000000E+00  0.00000000E+00
  6.52640761E+02  0.00000000E+00  0.00000000E+00  0.00000000E+00  0.00000000E+00
  7.18904837E+02  0.00000000E+00  0.00000000E+00  0.00000000E+00  0.00000000E+00
  7.91795321E+02  0.00000000E+00  0.00000000E+00  0.00000000E+00  0.00000000E+00
  8.71974853E+02  0.00000000E+00  0.00000000E+00  0.00000000E+00  0.00000000E+00
  9.60172338E+02  0.00000000E+00  0.00000000E+00  0.00000000E+00  0.00000000E+00
  1.05718957E+03  0.00000000E+00  0.00000000E+00  0.00000000E+00  0.00000000E+00
  1.16390853E+03  0.00000000E+00  0.00000000E+00  0.00000000E+00  0.00000000E+00
  1.28129938E+03  0.00000000E+00  0.00000000E+00  0.00000000E+00  0.00000000E+00
  1.41042932E+03  0.00000000E+00  0.00000000E+00  0.00000000E+00  0.00000000E+00
  1.55247225E+03  0.00000000E+00  0.00000000E+00  0.00000000E+00  0.00000000E+00
  1.70871948E+03  0.00000000E+00  0.00000000E+00  0.00000000E+00  0.00000000E+00
  1.88059142E+03  0.00000000E+00  0.00000000E+00  0.00000000E+00  0.00000000E+00
  2.06965057E+03  0.00000000E+00  0.00000000E+00  0.00000000E+00  0.00000000E+00
  2.27761562E+03  0.00000000E+00  0.00000000E+00  0.00000000E+00  0.00000000E+00
  2.50637719E+03  0.00000000E+00  0.00000000E+00  0.00000000E+00  0.00000000E+00
  2.75801490E+03  0.00000000E+00  0.00000000E+00  0.00000000E+00  0.00000000E+00
  3.03481640E+03  0.00000000E+00  0.00000000E+00  0.00000000E+00  0.00000000E+00
  3.33929803E+03  0.00000000E+00  0.00000000E+00  0.00000000E+00  0.00000000E+00
  3.67422784E+03  0.00000000E+00  0.00000000E+00  0.00000000E+00  0.00000000E+00
  4.04265062E+03  0.00000000E+00  0.00000000E+00  0.00000000E+00  0.00000000E+00
  4.44791568E+03  0.00000000E+00  0.00000000E+00  0.00000000E+00  0.00000000E+00
  4.89370725E+03  0.00000000E+00  0.00000000E+00  0.00000000E+00  0.00000000E+00
  5.38407798E+03  0.00000000E+00  0.00000000E+00  0.00000000E+00  0.00000000E+00
  5.92348578E+03  0.00000000E+00  0.00000000E+00  0.00000000E+00  0.00000000E+00
  6.51683435E+03  0.00000000E+00  0.00000000E+00  0.00000000E+00  0.00000000E+00
  7.16951779E+03  0.00000000E+00  0.00000000E+00  0.00000000E+00  0.00000000E+00
  7.88746957E+03  0.00000000E+00  0.00000000E+00  0.00000000E+00  0.00000000E+00
  8.67721652E+03  0.00000000E+00  0.00000000E+00  0.00000000E+00  0.00000000E+00
  9.54593818E+03  0.00000000E+00  0.00000000E+00  0.00000000E+00  0.00000000E+00
  1.05015320E+04  0.00000000E+00  0.00000000E+00  0.00000000E+00  0.00000000E+00
  1.14571258E+04  0.00000000E+00  0.00000000E+00  0.00000000E+00  0.00000000E+00
  1.24127196E+04  0.00000000E+00  0.00000000E+00  0.00000000E+00  0.00000000E+00
  1.33683134E+04  0.00000000E+00  0.00000000E+00  0.00000000E+00  0.00000000E+00
  1.43239073E+04  0.00000000E+00  0.00000000E+00  0.00000000E+00  0.00000000E+00
  1.52795011E+04  0.00000000E+00  0.00000000E+00  0.00000000E+00  0.00000000E+00
  1.62350949E+04  0.00000000E+00  0.00000000E+00  0.00000000E+00  0.00000000E+00
  1.71906887E+04  0.00000000E+00  0.00000000E+00  0.00000000E+00  0.00000000E+00
  1.81462825E+04  0.00000000E+00  0.00000000E+00  0.00000000E+00  0.00000000E+00
  1.91018764E+04  0.00000000E+00  0.00000000E+00  0.00000000E+00  0.00000000E+00
  2.00574702E+04  0.00000000E+00  0.00000000E+00  0.00000000E+00  0.00000000E+00
  2.10130640E+04  0.00000000E+00  0.00000000E+00  0.00000000E+00  0.00000000E+00
  2.19686578E+04  0.00000000E+00  0.00000000E+00  0.00000000E+00  0.00000000E+00
  2.29242516E+04  0.00000000E+00  0.00000000E+00  0.00000000E+00  0.00000000E+00
  2.38798454E+04  0.00000000E+00  0.00000000E+00  0.00000000E+00  0.00000000E+00
  2.48354393E+04  0.00000000E+00  0.00000000E+00  0.00000000E+00  0.00000000E+00
  2.57910331E+04  0.00000000E+00  0.00000000E+00  0.00000000E+00  0.00000000E+00
  2.67466269E+04  0.00000000E+00  0.00000000E+00  0.00000000E+00  0.00000000E+00
  2.77022207E+04  0.00000000E+00  0.00000000E+00  0.00000000E+00  0.00000000E+00
  2.87022207E+04  0.00000000E+00  0.00000000E+00  0.00000000E+00  0.00000000E+00
  2.97022207E+04  0.00000000E+00  0.00000000E+00  0.00000000E+00  0.00000000E+00
  3.07022207E+04  0.00000000E+00  0.00000000E+00  0.00000000E+00  0.00000000E+00
  3.17022207E+04  0.00000000E+00  0.00000000E+00  0.00000000E+00  0.00000000E+00
  3.27022207E+04  0.00000000E+00  0.00000000E+00  0.00000000E+00  0.00000000E+00
  3.37022207E+04  0.00000000E+00  0.00000000E+00  0.00000000E+00  0.00000000E+00
  3.47022207E+04  0.00000000E+00  0.00000000E+00  0.00000000E+00  0.00000000E+00
  3.57022207E+04  0.00000000E+00  0.00000000E+00  0.00000000E+00  0.00000000E+00
  3.67022207E+04  0.00000000E+00  0.00000000E+00  0.00000000E+00  0.00000000E+00
  3.77022207E+04  0.00000000E+00  0.00000000E+00  0.00000000E+00  0.00000000E+00
  3.87022207E+04  0.00000000E+00  0.00000000E+00  0.00000000E+00  0.00000000E+00
  3.97022207E+04  0.00000000E+00  0.00000000E+00  0.00000000E+00  0.00000000E+00
  4.07022207E+04  0.00000000E+00  0.00000000E+00  0.00000000E+00  0.00000000E+00
  4.17022207E+04  0.00000000E+00  0.00000000E+00  0.00000000E+00  0.00000000E+00
  4.27022207E+04  0.00000000E+00  0.00000000E+00  0.00000000E+00  0.00000000E+00
  4.37022207E+04  0.00000000E+00  0.00000000E+00  0.00000000E+00  0.00000000E+00
  4.47022207E+04  0.00000000E+00  0.00000000E+00  0.00000000E+00  0.00000000E+00
  4.57022207E+04  0.00000000E+00  0.00000000E+00  0.00000000E+00  0.00000000E+00
  4.67022207E+04  0.00000000E+00  0.00000000E+00  0.00000000E+00  0.00000000E+00
  4.77022207E+04  0.00000000E+00  0.00000000E+00  0.00000000E+00  0.00000000E+00
  4.87022207E+04  0.00000000E+00  0.00000000E+00  0.00000000E+00  0.00000000E+00
  4.97022207E+04  0.00000000E+00  0.00000000E+00  0.00000000E+00  0.00000000E+00
  5.07022207E+04  0.00000000E+00  0.00000000E+00  0.00000000E+00  0.00000000E+00
  5.17022207E+04  0.00000000E+00  0.00000000E+00  0.00000000E+00  0.00000000E+00
  5.27022207E+04  0.00000000E+00  0.00000000E+00  0.00000000E+00  0.00000000E+00
  5.37022207E+04  0.00000000E+00  0.00000000E+00  0.00000000E+00  0.00000000E+00
  5.47022207E+04  0.00000000E+00  0.00000000E+00  0.00000000E+00  0.00000000E+00
  5.57022207E+04  0.00000000E+00  0.00000000E+00  0.00000000E+00  0.00000000E+00
  5.67022207E+04  0.00000000E+00  0.00000000E+00  0.00000000E+00  0.00000000E+00
  5.77022207E+04  0.00000000E+00  0.00000000E+00  0.00000000E+00  0.00000000E+00
  5.87022207E+04  0.00000000E+00  0.00000000E+00  0.00000000E+00  0.00000000E+00
  5.97022207E+04  0.00000000E+00  0.00000000E+00  0.00000000E+00  0.00000000E+00
  6.07022207E+04  0.00000000E+00  0.00000000E+00  0.00000000E+00  0.00000000E+00
  6.17022207E+04  0.00000000E+00  0.00000000E+00  0.00000000E+00  0.00000000E+00
  6.27022207E+04  0.00000000E+00  0.00000000E+00  0.00000000E+00  0.00000000E+00
  6.37022207E+04  0.00000000E+00  0.00000000E+00  0.00000000E+00  0.00000000E+00
  6.47022207E+04  0.00000000E+00  0.00000000E+00  0.00000000E+00  0.00000000E+00
  6.57022207E+04  0.00000000E+00  0.00000000E+00  0.00000000E+00  0.00000000E+00
  6.67022207E+04  0.00000000E+00  0.00000000E+00  0.00000000E+00  0.00000000E+00
  6.77022207E+04  0.00000000E+00  0.00000000E+00  0.00000000E+00  0.00000000E+00
  6.87022207E+04  0.00000000E+00  0.00000000E+00  0.00000000E+00  0.00000000E+00
  6.97022207E+04  0.00000000E+00  0.00000000E+00  0.00000000E+00  0.00000000E+00
  7.07022207E+04  0.00000000E+00  0.00000000E+00  0.00000000E+00  0.00000000E+00
  7.17022207E+04  0.00000000E+00  0.00000000E+00  0.00000000E+00  0.00000000E+00
  7.27022207E+04  0.00000000E+00  0.00000000E+00  0.00000000E+00  0.00000000E+00
  7.37022207E+04  0.00000000E+00  0.00000000E+00  0.00000000E+00  0.00000000E+00
  7.47022207E+04  0.00000000E+00  0.00000000E+00  0.00000000E+00  0.00000000E+00
  7.57022207E+04  0.00000000E+00  0.00000000E+00  0.00000000E+00  0.00000000E+00
  7.67022207E+04  0.00000000E+00  0.00000000E+00  0.00000000E+00  0.00000000E+00
  7.77022207E+04  0.00000000E+00  0.00000000E+00  0.00000000E+00  0.00000000E+00
  7.87022207E+04  0.00000000E+00  0.00000000E+00  0.00000000E+00  0.00000000E+00
  7.97022207E+04  0.00000000E+00  0.00000000E+00  0.00000000E+00  0.00000000E+00
  8.07022207E+04  0.00000000E+00  0.00000000E+00  0.00000000E+00  0.00000000E+00
  8.17022207E+04  0.00000000E+00  0.00000000E+00  0.00000000E+00  0.00000000E+00
  8.27022207E+04  0.00000000E+00  0.00000000E+00  0.00000000E+00  0.00000000E+00
  8.37022207E+04  0.00000000E+00  0.00000000E+00  0.00000000E+00  0.00000000E+00
  8.47022207E+04  0.00000000E+00  0.00000000E+00  0.00000000E+00  0.00000000E+00
  8.57022207E+04  0.00000000E+00  0.00000000E+00  0.00000000E+00  0.00000000E+00
  8.67022207E+04  0.00000000E+00  0.00000000E+00  0.00000000E+00  0.00000000E+00
  8.77022207E+04  0.00000000E+00  0.00000000E+00  0.00000000E+00  0.00000000E+00
  8.87022207E+04  0.00000000E+00  0.00000000E+00  0.00000000E+00  0.00000000E+00
  8.97022207E+04  0.00000000E+00  0.00000000E+00  0.00000000E+00  0.00000000E+00
  9.07022207E+04  0.00000000E+00  0.00000000E+00  0.00000000E+00  0.00000000E+00
  9.17022207E+04  0.00000000E+00  0.00000000E+00  0.00000000E+00  0.00000000E+00
  9.27022207E+04  0.00000000E+00  0.00000000E+00  0.00000000E+00  0.00000000E+00
  9.37022207E+04  0.00000000E+00  0.00000000E+00  0.00000000E+00  0.00000000E+00
  9.47022207E+04  0.00000000E+00  0.00000000E+00  0.00000000E+00  0.00000000E+00
  9.57022207E+04  0.00000000E+00  0.00000000E+00  0.00000000E+00  0.00000000E+00
  9.67022207E+04  0.00000000E+00  0.00000000E+00  0.00000000E+00  0.00000000E+00
  9.77022207E+04  0.00000000E+00  0.00000000E+00  0.00000000E+00  0.00000000E+00
  9.87022207E+04  0.00000000E+00  0.00000000E+00  0.00000000E+00  0.00000000E+00
  9.97022207E+04  0.00000000E+00  0.00000000E+00  0.00000000E+00  0.00000000E+00
  1.00702221E+05  0.00000000E+00  0.00000000E+00  0.00000000E+00  0.00000000E+00
  1.01702221E+05  0.00000000E+00  0.00000000E+00  0.00000000E+00  0.00000000E+00
  1.02702221E+05  0.00000000E+00  0.00000000E+00  0.00000000E+00  0.00000000E+00
  1.03702221E+05  0.00000000E+00  0.00000000E+00  0.00000000E+00  0.00000000E+00
  1.04702221E+05  0.00000000E+00  0.00000000E+00  0.00000000E+00  0.00000000E+00
  1.05702221E+05  0.00000000E+00  0.00000000E+00  0.00000000E+00  0.00000000E+00
  1.06702221E+05  0.00000000E+00  0.00000000E+00  0.00000000E+00  0.00000000E+00
  1.07702221E+05  0.00000000E+00  0.00000000E+00  0.00000000E+00  0.00000000E+00
  1.08702221E+05  0.00000000E+00  0.00000000E+00  0.00000000E+00  0.00000000E+00
  1.09702221E+05  0.00000000E+00  0.00000000E+00  0.00000000E+00  0.00000000E+00
  1.10702221E+05  0.00000000E+00  0.00000000E+00  0.00000000E+00  0.00000000E+00
  1.11702221E+05  0.00000000E+00  0.00000000E+00  0.00000000E+00  0.00000000E+00
  1.12702221E+05  0.00000000E+00  0.00000000E+00  0.00000000E+00  0.00000000E+00
  1.13702221E+05  0.00000000E+00  0.00000000E+00  0.00000000E+00  0.00000000E+00
  1.14702221E+05  0.00000000E+00  0.00000000E+00  0.00000000E+00  0.00000000E+00
  1.15702221E+05  0.00000000E+00  0.00000000E+00  0.00000000E+00  0.00000000E+00
  1.16702221E+05  0.00000000E+00  0.00000000E+00  0.00000000E+00  0.00000000E+00
  1.17702221E+05  0.00000000E+00  0.00000000E+00  0.00000000E+00  0.00000000E+00
  1.18702221E+05  0.00000000E+00  0.00000000E+00  0.00000000E+00  0.00000000E+00
  1.19702221E+05  0.00000000E+00  0.00000000E+00  0.00000000E+00  0.00000000E+00
  1.20702221E+05  0.00000000E+00  0.00000000E+00  0.00000000E+00  0.00000000E+00
  1.21702221E+05  0.00000000E+00  0.00000000E+00  0.00000000E+00  0.00000000E+00
  1.22702221E+05  0.00000000E+00  0.00000000E+00  0.00000000E+00  0.00000000E+00
  1.23702221E+05  0.00000000E+00  0.00000000E+00  0.00000000E+00  0.00000000E+00
  1.24702221E+05  0.00000000E+00  0.00000000E+00  0.00000000E+00  0.00000000E+00
  1.25702221E+05  0.00000000E+00  0.00000000E+00  0.00000000E+00  0.00000000E+00
  1.26702221E+05  0.00000000E+00  0.00000000E+00  0.00000000E+00  0.00000000E+00
  1.27702221E+05  0.00000000E+00  0.00000000E+00  0.00000000E+00  0.00000000E+00
  1.28702221E+05  0.00000000E+00  0.00000000E+00  0.00000000E+00  0.00000000E+00
  1.29702221E+05  0.00000000E+00  0.00000000E+00  0.00000000E+00  0.00000000E+00
  1.30702221E+05  0.00000000E+00  0.00000000E+00  0.00000000E+00  0.00000000E+00
  1.31702221E+05  0.00000000E+00  0.00000000E+00  0.00000000E+00  0.00000000E+00
  1.32702221E+05  0.00000000E+00  0.00000000E+00  0.00000000E+00  0.00000000E+00
  1.33702221E+05  0.00000000E+00  0.00000000E+00  0.00000000E+00  0.00000000E+00
  1.34702221E+05  0.00000000E+00  0.00000000E+00  0.00000000E+00  0.00000000E+00
  1.35702221E+05  0.00000000E+00  0.00000000E+00  0.00000000E+00  0.00000000E+00
  1.36702221E+05  0.00000000E+00  0.00000000E+00  0.00000000E+00  0.00000000E+00
  1.37702221E+05  0.00000000E+00  0.00000000E+00  0.00000000E+00  0.00000000E+00
  1.38702221E+05  0.00000000E+00  0.00000000E+00  0.00000000E+00  0.00000000E+00
  1.39702221E+05  0.00000000E+00  0.00000000E+00  0.00000000E+00  0.00000000E+00
  1.40702221E+05  0.00000000E+00  0.00000000E+00  0.00000000E+00  0.00000000E+00
  1.41702221E+05  0.00000000E+00  0.00000000E+00  0.00000000E+00  0.00000000E+00
  1.42702221E+05  0.00000000E+00  0.00000000E+00  0.00000000E+00  0.00000000E+00
  1.43702221E+05  0.00000000E+00  0.00000000E+00  0.00000000E+00  0.00000000E+00
  1.44702221E+05  0.00000000E+00  0.00000000E+00  0.00000000E+00  0.00000000E+00
  1.45702221E+05  0.00000000E+00  0.00000000E+00  0.00000000E+00  0.00000000E+00
  1.46702221E+05  0.00000000E+00  0.00000000E+00  0.00000000E+00  0.00000000E+00
  1.47702221E+05  0.00000000E+00  0.00000000E+00  0.00000000E+00  0.00000000E+00
  1.48702221E+05  0.00000000E+00  0.00000000E+00  0.00000000E+00  0.00000000E+00
  1.49702221E+05  0.00000000E+00  0.00000000E+00  0.00000000E+00  0.00000000E+00
  1.50702221E+05  0.00000000E+00  0.00000000E+00  0.00000000E+00  0.00000000E+00
  1.51702221E+05  0.00000000E+00  0.00000000E+00  0.00000000E+00  0.00000000E+00
  1.52702221E+05  0.00000000E+00  0.00000000E+00  0.00000000E+00  0.00000000E+00
  1.53702221E+05  0.00000000E+00  0.00000000E+00  0.00000000E+00  0.00000000E+00
  1.54702221E+05  0.00000000E+00  0.00000000E+00  0.00000000E+00  0.00000000E+00
  1.55702221E+05  0.00000000E+00  0.00000000E+00  0.00000000E+00  0.00000000E+00
  1.56702221E+05  0.00000000E+00  0.00000000E+00  0.00000000E+00  0.00000000E+00
  1.57702221E+05  0.00000000E+00  0.00000000E+00  0.00000000E+00  0.00000000E+00
  1.58702221E+05  0.00000000E+00  0.00000000E+00  0.00000000E+00  0.00000000E+00
  1.59702221E+05  0.00000000E+00  0.00000000E+00  0.00000000E+00  0.00000000E+00
  1.60702221E+05  0.00000000E+00  0.00000000E+00  0.00000000E+00  0.00000000E+00
  1.61702221E+05  0.00000000E+00  0.00000000E+00  0.00000000E+00  0.00000000E+00
  1.62702221E+05  0.00000000E+00  0.00000000E+00  0.00000000E+00  0.00000000E+00
  1.63702221E+05  0.00000000E+00  0.00000000E+00  0.00000000E+00  0.00000000E+00
  1.64702221E+05  0.00000000E+00  0.00000000E+00  0.00000000E+00  0.00000000E+00
  1.65702221E+05  0.00000000E+00  0.00000000E+00  0.00000000E+00  0.00000000E+00
  1.66702221E+05  0.00000000E+00  0.00000000E+00  0.00000000E+00  0.00000000E+00
  1.67702221E+05  0.00000000E+00  0.00000000E+00  0.00000000E+00  0.00000000E+00
  1.68702221E+05  0.00000000E+00  0.00000000E+00  0.00000000E+00  0.00000000E+00
  1.69702221E+05  0.00000000E+00  0.00000000E+00  0.00000000E+00  0.00000000E+00
  1.70702221E+05  0.00000000E+00  0.00000000E+00  0.00000000E+00  0.00000000E+00
  1.71702221E+05  0.00000000E+00  0.00000000E+00  0.00000000E+00  0.00000000E+00
  1.72702221E+05  0.00000000E+00  0.00000000E+00  0.00000000E+00  0.00000000E+00
  1.73702221E+05  0.00000000E+00  0.00000000E+00  0.00000000E+00  0.00000000E+00
  1.74702221E+05  0.00000000E+00  0.00000000E+00  0.00000000E+00  0.00000000E+00
  1.75702221E+05  0.00000000E+00  0.00000000E+00  0.00000000E+00  0.00000000E+00
  1.76702221E+05  0.00000000E+00  0.00000000E+00  0.00000000E+00  0.00000000E+00
  1.77702221E+05  0.00000000E+00  0.00000000E+00  0.00000000E+00  0.00000000E+00
  1.78702221E+05  0.00000000E+00  0.00000000E+00  0.00000000E+00  0.00000000E+00
  1.79702221E+05  0.00000000E+00  0.00000000E+00  0.00000000E+00  0.00000000E+00
  1.80702221E+05  0.00000000E+00  0.00000000E+00  0.00000000E+00  0.00000000E+00
  1.81702221E+05  0.00000000E+00  0.00000000E+00  0.00000000E+00  0.00000000E+00
  1.82702221E+05  0.00000000E+00  0.00000000E+00  0.00000000E+00  0.00000000E+00
  1.83702221E+05  0.00000000E+00  0.00000000E+00  0.00000000E+00  0.00000000E+00
  1.84702221E+05  0.00000000E+00  0.00000000E+00  0.00000000E+00  0.00000000E+00
  1.85702221E+05  0.00000000E+00  0.00000000E+00  0.00000000E+00  0.00000000E+00
  1.86702221E+05  0.00000000E+00  0.00000000E+00  0.00000000E+00  0.00000000E+00
  1.87702221E+05  0.00000000E+00  0.00000000E+00  0.00000000E+00  0.00000000E+00
  1.88702221E+05  0.00000000E+00  0.00000000E+00  0.00000000E+00  0.00000000E+00
  1.89702221E+05  0.00000000E+00  0.00000000E+00  0.00000000E+00  0.00000000E+00
  1.90702221E+05  0.00000000E+00  0.00000000E+00  0.00000000E+00  0.00000000E+00
  1.91702221E+05  0.00000000E+00  0.00000000E+00  0.00000000E+00  0.00000000E+00
  1.92702221E+05  0.00000000E+00  0.00000000E+00  0.00000000E+00  0.00000000E+00
  1.93702221E+05  0.00000000E+00  0.00000000E+00  0.00000000E+00  0.00000000E+00
  1.94702221E+05  0.00000000E+00  0.00000000E+00  0.00000000E+00  0.00000000E+00
  1.95702221E+05  0.00000000E+00  0.00000000E+00  0.00000000E+00  0.00000000E+00
  1.96702221E+05  0.00000000E+00  0.00000000E+00  0.00000000E+00  0.00000000E+00
  1.97702221E+05  0.00000000E+00  0.00000000E+00  0.00000000E+00  0.00000000E+00
  1.98702221E+05  0.00000000E+00  0.00000000E+00  0.00000000E+00  0.00000000E+00
  1.99702221E+05  0.00000000E+00  0.00000000E+00  0.00000000E+00  0.00000000E+00
  2.00702221E+05  0.00000000E+00  0.00000000E+00  0.00000000E+00  0.00000000E+00
  2.01702221E+05  0.00000000E+00  0.00000000E+00  0.00000000E+00  0.00000000E+00
  2.02702221E+05  0.00000000E+00  0.00000000E+00  0.00000000E+00  0.00000000E+00
  2.03702221E+05  0.00000000E+00  0.00000000E+00  0.00000000E+00  0.00000000E+00
  2.04702221E+05  0.00000000E+00  0.00000000E+00  0.00000000E+00  0.00000000E+00
  2.05702221E+05  0.00000000E+00  0.00000000E+00  0.00000000E+00  0.00000000E+00
  2.06702221E+05  0.00000000E+00  0.00000000E+00  0.00000000E+00  0.00000000E+00
  2.07702221E+05  0.00000000E+00  0.00000000E+00  0.00000000E+00  0.00000000E+00
  2.08702221E+05  0.00000000E+00  0.00000000E+00  0.00000000E+00  0.00000000E+00
  2.09702221E+05  0.00000000E+00  0.00000000E+00  0.00000000E+00  0.00000000E+00
  2.10702221E+05  0.00000000E+00  0.00000000E+00  0.00000000E+00  0.00000000E+00
  2.11702221E+05  0.00000000E+00  0.00000000E+00  0.00000000E+00  0.00000000E+00
  2.12702221E+05  0.00000000E+00  0.00000000E+00  0.00000000E+00  0.00000000E+00
  2.13702221E+05  0.00000000E+00  0.00000000E+00  0.00000000E+00  0.00000000E+00
  2.14702221E+05  0.00000000E+00  0.00000000E+00  0.00000000E+00  0.00000000E+00
  2.15702221E+05  0.00000000E+00  0.00000000E+00  0.00000000E+00  0.00000000E+00
  2.16702221E+05  0.00000000E+00  0.00000000E+00  0.00000000E+00  0.00000000E+00
  2.17702221E+05  0.00000000E+00  0.00000000E+00  0.00000000E+00  0.00000000E+00
  2.18702221E+05  0.00000000E+00  0.00000000E+00  0.00000000E+00  0.00000000E+00
  2.19702221E+05  0.00000000E+00  0.00000000E+00  0.00000000E+00  0.00000000E+00
  2.20702221E+05  0.00000000E+00  0.00000000E+00  0.00000000E+00  0.00000000E+00
  2.21702221E+05  0.00000000E+00  0.00000000E+00  0.00000000E+00  0.00000000E+00
  2.22702221E+05  0.00000000E+00  0.00000000E+00  0.00000000E+00  0.00000000E+00
  2.23702221E+05  0.00000000E+00  0.00000000E+00  0.00000000E+00  0.00000000E+00
  2.24702221E+05  0.00000000E+00  0.00000000E+00  0.00000000E+00  0.00000000E+00
  2.25702221E+05  0.00000000E+00  0.00000000E+00  0.00000000E+00  0.00000000E+00
  2.26702221E+05  0.00000000E+00  0.00000000E+00  0.00000000E+00  0.00000000E+00
  2.27702221E+05  0.00000000E+00  0.00000000E+00  0.00000000E+00  0.00000000E+00
  2.28702221E+05  0.00000000E+00  0.00000000E+00  0.00000000E+00  0.00000000E+00
  2.29702221E+05  0.00000000E+00  0.00000000E+00  0.00000000E+00  0.00000000E+00
  2.30702221E+05  0.00000000E+00  0.00000000E+00  0.00000000E+00  0.00000000E+00
  2.31702221E+05  0.00000000E+00  0.00000000E+00  0.00000000E+00  0.00000000E+00
  2.32702221E+05  0.00000000E+00  0.00000000E+00  0.00000000E+00  0.00000000E+00
  2.33702221E+05  0.00000000E+00  0.00000000E+00  0.00000000E+00  0.00000000E+00
  2.34702221E+05  0.00000000E+00  0.00000000E+00  0.00000000E+00  0.00000000E+00
  2.35702221E+05  0.00000000E+00  0.00000000E+00  0.00000000E+00  0.00000000E+00
  2.36702221E+05  0.00000000E+00  0.00000000E+00  0.00000000E+00  0.00000000E+00
  2.37702221E+05  0.00000000E+00  0.00000000E+00  0.00000000E+00  0.00000000E+00
  2.38702221E+05  0.00000000E+00  0.00000000E+00  0.00000000E+00  0.00000000E+00
  2.39702221E+05  0.00000000E+00  0.00000000E+00  0.00000000E+00  0.00000000E+00
  2.40702221E+05  0.00000000E+00  0.00000000E+00  0.00000000E+00  0.00000000E+00
  2.41702221E+05  0.00000000E+00  0.00000000E+00  0.00000000E+00  0.00000000E+00
  2.42702221E+05  0.00000000E+00  0.00000000E+00  0.00000000E+00  0.00000000E+00
  2.43702221E+05  0.00000000E+00  0.00000000E+00  0.00000000E+00  0.00000000E+00
  2.44702221E+05  0.00000000E+00  0.00000000E+00  0.00000000E+00  0.00000000E+00
  2.45702221E+05  0.00000000E+00  0.00000000E+00  0.00000000E+00  0.00000000E+00
  2.46702221E+05  0.00000000E+00  0.00000000E+00  0.00000000E+00  0.00000000E+00
  2.47702221E+05  0.00000000E+00  0.00000000E+00  0.00000000E+00  0.00000000E+00
  2.48702221E+05  0.00000000E+00  0.00000000E+00  0.00000000E+00  0.00000000E+00
  2.49702221E+05  0.00000000E+00  0.00000000E+00  0.00000000E+00  0.00000000E+00
  2.50702221E+05  0.00000000E+00  0.00000000E+00  0.00000000E+00  0.00000000E+00
  2.51351110E+05  0.00000000E+00  0.00000000E+00  0.00000000E+00  0.00000000E+00
  2.52000000E+05  0.00000000E+00  0.00000000E+00  0.00000000E+00  0.00000000E+00
