#NSTP            DELTAT         TIME    POT. FLUX    ACT. FLUX    OVL. FLUX    RET. FLUX    SEEP FLUX    REC. FLUX     REC.VOL.
         1  1.00000E+00  1.00000E+00 -2.00000E-05  0.00000E+00  0.00000E+00  0.00000E+00  0.00000E+00  1.08967E-08  1.08967E-10
         2  1.10000E+00  2.10000E+00 -2.00000E-05  0.00000E+00  0.00000E+00  0.00000E+00  0.00000E+00  1.11525E-08  2.31645E-10
         3  1.21000E+00  3.31000E+00 -2.00000E-05  0.00000E+00  0.00000E+00  0.00000E+00  0.00000E+00  1.11450E-08  3.66499E-10
         4  1.33100E+00  4.64100E+00 -2.00000E-05  0.00000E+00  0.00000E+00  0.00000E+00  0.00000E+00  1.11254E-08  5.14578E-10
         5  1.46410E+00  6.10510E+00 -2.00000E-05  0.00000E+00  0.00000E+00  0.00000E+00  0.00000E+00  1.11034E-08  6.77143E-10
         6  1.61051E+00  7.71561E+00 -2.00000E-05  0.00000E+00  0.00000E+00  0.00000E+00  0.00000E+00  1.10793E-08  8.55577E-10
         7  1.77156E+00  9.48717E+00 -2.00000E-05  0.00000E+00  0.00000E+00  0.00000E+00  0.00000E+00  1.10528E-08  1.05138E-09
         8  1.94872E+00  1.14359E+01 -2.00000E-05  0.00000E+00  0.00000E+00  0.00000E+00  0.00000E+00  1.10237E-08  1.26621E-09
         9  2.14359E+00  1.35795E+01 -2.00000E-05  0.00000E+00  0.00000E+00  0.00000E+00  0.00000E+00  1.09919E-08  1.50183E-09
        10  2.35795E+00  1.59374E+01 -2.00000E-05  0.00000E+00  0.00000E+00  0.00000E+00  0.00000E+00  1.09569E-08  1.76018E-09
        11  2.59374E+00  1.85312E+01 -2.00000E-05  0.00000E+00  0.00000E+00  0.00000E+00  0.00000E+00  1.09186E-08  2.04339E-09
        12  2.85312E+00  2.13843E+01 -2.00000E-05  0.00000E+00  0.00000E+00  0.00000E+00  0.00000E+00  1.08767E-08  2.35371E-09
        13  3.13843E+00  2.45227E+01 -2.00000E-05  0.00000E+00  0.00000E+00  0.00000E+00  0.00000E+00  1.08307E-08  2.69363E-09
        14  3.45227E+00  2.79750E+01 -2.00000E-05  0.00000E+00  0.00000E+00  0.00000E+00  0.00000E+00  1.07805E-08  3.06580E-09
        15  3.79750E+00  3.17725E+01 -2.00000E-05  0.00000E+00  0.00000E+00  0.00000E+00  0.00000E+00  1.07254E-08  3.47309E-09
        16  4.17725E+00  3.59497E+01 -2.00000E-05  0.00000E+00  0.00000E+00  0.00000E+00  0.00000E+00  1.06653E-08  3.91861E-09
        17  4.59497E+00  4.05447E+01 -2.00000E-05  0.00000E+00  0.00000E+00  0.00000E+00  0.00000E+00  1.05995E-08  4.40565E-09
        18  5.05447E+00  4.55992E+01 -2.00000E-05  0.00000E+00  0.00000E+00  0.00000E+00  0.00000E+00  1.05277E-08  4.93777E-09
        19  5.55992E+00  5.11591E+01 -2.00000E-05  0.00000E+00  0.00000E+00  0.00000E+00  0.00000E+00  1.04494E-08  5.51875E-09
        20  6.11591E+00  5.72750E+01 -2.00000E-05  0.00000E+00  0.00000E+00  0.00000E+00  0.00000E+00  1.03639E-08  6.15260E-09
        21  6.72750E+00  6.40025E+01 -2.00000E-05  0.00000E+00  0.00000E+00  0.00000E+00  0.00000E+00  1.02708E-08  6.84357E-09
        22  7.40025E+00  7.14027E+01 -2.00000E-05  0.00000E+00  0.00000E+00  0.00000E+00  0.00000E+00  1.01695E-08  7.59613E-09
        23  8.14027E+00  7.95430E+01 -2.00000E-05  0.00000E+00  0.00000E+00  0.00000E+00  0.00000E+00  1.00593E-08  8.41499E-09
        24  8.95430E+00  8.84973E+01 -2.00000E-05  0.00000E+00  0.00000E+00  0.00000E+00  0.00000E+00  9.93973E-09  9.30502E-09
        25  9.84973E+00  9.83471E+01 -2.00000E-05  0.00000E+00  0.00000E+00  0.00000E+00  0.00000E+00  9.81001E-09  1.02713E-08
        26  1.08347E+01  1.09182E+02 -2.00000E-05  0.00000E+00  0.00000E+00  0.00000E+00  0.00000E+00  9.66953E-09  1.13189E-08
        27  1.19182E+01  1.21100E+02 -2.00000E-05  0.00000E+00  0.00000E+00  0.00000E+00  0.00000E+00  9.51764E-09  1.24533E-08
        28  1.31100E+01  1.34210E+02 -2.00000E-05  0.00000E+00  0.00000E+00  0.00000E+00  0.00000E+00  9.35369E-09  1.36795E-08
        29  1.44210E+01  1.48631E+02 -2.00000E-05  0.00000E+00  0.00000E+00  0.00000E+00  0.00000E+00  9.17705E-09  1.50030E-08
        30  1.58631E+01  1.64494E+02 -2.00000E-05  0.00000E+00  0.00000E+00  0.00000E+00  0.00000E+00  8.98715E-09  1.64286E-08
        31  1.74494E+01  1.81943E+02 -2.00000E-05  0.00000E+00  0.00000E+00  0.00000E+00  0.00000E+00  8.78347E-09  1.79613E-08
        32  1.91943E+01  2.01138E+02 -2.00000E-05  0.00000E+00  0.00000E+00  0.00000E+00  0.00000E+00  8.56552E-09  1.96054E-08
        33  2.11138E+01  2.22252E+02 -2.00000E-05  0.00000E+00  0.00000E+00  0.00000E+00  0.00000E+00  8.33297E-09  2.13648E-08
        34  2.32252E+01  2.45477E+02 -2.00000E-05  0.00000E+00  0.00000E+00  0.00000E+00  0.00000E+00  8.08559E-09  2.32427E-08
        35  2.55477E+01  2.71024E+02 -2.00000E-05  0.00000E+00  0.00000E+00  0.00000E+00  0.00000E+00  7.82330E-09  2.52413E-08
        36  2.81024E+01  2.99127E+02 -2.00000E-05  0.00000E+00  0.00000E+00  0.00000E+00  0.00000E+00  7.54617E-09  2.73620E-08
        37  3.09127E+01  3.30039E+02 -2.00000E-05  0.00000E+00  0.00000E+00  0.00000E+00  0.00000E+00  7.25448E-09  2.96045E-08
        38  3.40039E+01  3.64043E+02 -2.00000E-05  0.00000E+00  0.00000E+00  0.00000E+00  0.00000E+00  6.94874E-09  3.19674E-08
        39  3.74043E+01  4.01448E+02 -2.00000E-05  0.00000E+00  0.00000E+00  0.00000E+00  0.00000E+00  6.62978E-09  3.44472E-08
        40  4.11448E+01  4.42593E+02 -2.00000E-05  0.00000E+00  0.00000E+00  0.00000E+00  0.00000E+00  6.29880E-09  3.70388E-08
        41  4.52593E+01  4.87852E+02 -2.00000E-05  0.00000E+00  0.00000E+00  0.00000E+00  0.00000E+00  6.01786E-09  3.97625E-08
        42  4.97852E+01  5.37637E+02 -2.00000E-05  0.00000E+00  0.00000E+00  0.00000E+00  0.00000E+00  5.72782E-09  4.26141E-08
        43  5.47637E+01  5.92401E+02 -2.00000E-05  0.00000E+00  0.00000E+00  0.00000E+00  0.00000E+00  5.42533E-09  4.55852E-08
        44  6.02401E+01  6.52641E+02 -2.00000E-05  0.00000E+00  0.00000E+00  0.00000E+00  0.00000E+00  5.11171E-09  4.86645E-08
        45  6.62641E+01  7.18905E+02 -2.00000E-05  0.00000E+00  0.00000E+00  0.00000E+00  0.00000E+00  4.84771E-09  5.18768E-08
        46  7.28905E+01  7.91795E+02 -2.00000E-05  0.00000E+00  0.00000E+00  0.00000E+00  0.00000E+00  4.57696E-09  5.52130E-08
        47  8.01795E+01  8.71975E+02 -2.00000E-05  0.00000E+00  0.00000E+00  0.00000E+00  0.00000E+00  4.29538E-09  5.86570E-08
        48  8.81975E+01  9.60172E+02 -2.00000E-05  0.00000E+00  0.00000E+00  0.00000E+00  0.00000E+00  4.00494E-09  6.21892E-08
        49  9.70172E+01  1.05719E+03 -2.00000E-05  0.00000E+00  0.00000E+00  0.00000E+00  0.00000E+00  3.70773E-09  6.57864E-08
        50  1.06719E+02  1.16391E+03 -2.00000E-05  0.00000E+00  0.00000E+00  0.00000E+00  0.00000E+00  3.41907E-09  6.94352E-08
        51  1.17391E+02  1.28130E+03 -2.00000E-05  0.00000E+00  0.00000E+00  0.00000E+00  0.00000E+00  3.14981E-09  7.31328E-08
        52  1.29130E+02  1.41043E+03 -2.00000E-05  0.00000E+00  0.00000E+00  0.00000E+00  0.00000E+00  2.89080E-09  7.68656E-08
        53  1.42043E+02  1.55247E+03 -2.00000E-05  0.00000E+00  0.00000E+00  0.00000E+00  0.00000E+00  2.65702E-09  8.06397E-08
        54  1.56247E+02  1.70872E+03 -2.00000E-05  0.00000E+00  0.00000E+00  0.00000E+00  0.00000E+00  2.41885E-09  8.44191E-08
        55  1.71872E+02  1.88059E+03 -2.00000E-05  0.00000E+00  0.00000E+00  0.00000E+00  0.00000E+00  2.18891E-09  8.81813E-08
        56  1.89059E+02  2.06965E+03 -2.00000E-05  0.00000E+00  0.00000E+00  0.00000E+00  0.00000E+00  1.98216E-09  9.19287E-08
        57  2.07965E+02  2.27762E+03 -2.00000E-05  0.00000E+00  0.00000E+00  0.00000E+00  0.00000E+00  1.78707E-09  9.56452E-08
        58  2.28762E+02  2.50638E+03 -2.00000E-05  0.00000E+00  0.00000E+00  0.00000E+00  0.00000E+00  1.59933E-09  9.93038E-08
        59  2.51638E+02  2.75801E+03 -2.00000E-05  0.00000E+00  0.00000E+00  0.00000E+00  0.00000E+00  1.42770E-09  1.02896E-07
        60  2.76801E+02  3.03482E+03 -2.00000E-05  0.00000E+00  0.00000E+00  0.00000E+00  0.00000E+00  1.26749E-09  1.06405E-07
        61  3.04482E+02  3.33930E+03 -2.00000E-05  0.00000E+00  0.00000E+00  0.00000E+00  0.00000E+00  1.11807E-09  1.09809E-07
        62  3.34930E+02  3.67423E+03 -2.00000E-05  0.00000E+00  0.00000E+00  0.00000E+00  0.00000E+00  9.80485E-10  1.13093E-07
        63  3.68423E+02  4.04265E+03 -2.00000E-05  0.00000E+00  0.00000E+00  0.00000E+00  0.00000E+00  8.55118E-10  1.16244E-07
        64  4.05265E+02  4.44792E+03 -2.00000E-05  0.00000E+00  0.00000E+00  0.00000E+00  0.00000E+00  7.43021E-10  1.19255E-07
        65  4.45792E+02  4.89371E+03 -2.00000E-05  0.00000E+00  0.00000E+00  0.00000E+00  0.00000E+00  6.48554E-10  1.22146E-07
        66  4.90371E+02  5.38408E+03 -2.00000E-05  0.00000E+00  0.00000E+00  0.00000E+00  0.00000E+00  5.68280E-10  1.24933E-07
        67  5.39408E+02  5.92349E+03 -2.00000E-05  0.00000E+00  0.00000E+00  0.00000E+00  0.00000E+00  5.05163E-10  1.27658E-07
        68  5.93349E+02  6.51683E+03 -2.00000E-05  0.00000E+00  0.00000E+00  0.00000E+00  0.00000E+00  4.55447E-10  1.30360E-07
        69  6.52683E+02  7.16952E+03 -2.00000E-05  0.00000E+00  0.00000E+00  0.00000E+00  0.00000E+00  4.14453E-10  1.33065E-07
        70  7.17952E+02  7.88747E+03 -2.00000E-05  0.00000E+00  0.00000E+00  0.00000E+00  0.00000E+00  3.80847E-10  1.35799E-07
        71  7.89747E+02  8.67722E+03 -2.00000E-05  0.00000E+00  0.00000E+00  0.00000E+00  0.00000E+00  3.54810E-10  1.38601E-07
        72  8.68722E+02  9.54594E+03 -2.00000E-05  0.00000E+00  0.00000E+00  0.00000E+00  0.00000E+00  3.35845E-10  1.41519E-07
        73  9.55594E+02  1.05015E+04 -2.00000E-05  0.00000E+00  0.00000E+00  0.00000E+00  0.00000E+00  3.23691E-10  1.44612E-07
        74  9.55594E+02  1.14571E+04 -2.00000E-05  0.00000E+00  0.00000E+00  0.00000E+00  0.00000E+00  3.18476E-10  1.47655E-07
        75  9.55594E+02  1.24127E+04 -2.00000E-05  0.00000E+00  0.00000E+00  0.00000E+00  0.00000E+00  3.19719E-10  1.50711E-07
        76  9.55594E+02  1.33683E+04 -2.00000E-05  0.00000E+00  0.00000E+00  0.00000E+00  0.00000E+00  3.27177E-10  1.53837E-07
        77  9.55594E+02  1.43239E+04 -2.00000E-05  0.00000E+00  0.00000E+00  0.00000E+00  0.00000E+00  3.40796E-10  1.57094E-07
        78  9.55594E+02  1.52795E+04 -2.00000E-05  0.00000E+00  0.00000E+00  0.00000E+00  0.00000E+00  3.60428E-10  1.60538E-07
        79  9.55594E+02  1.62351E+04 -2.00000E-05  0.00000E+00  0.00000E+00  0.00000E+00  0.00000E+00  3.86580E-10  1.64232E-07
        80  9.55594E+02  1.71907E+04 -2.00000E-05  0.00000E+00  0.00000E+00  0.00000E+00  0.00000E+00  4.19051E-10  1.68237E-07
        81  9.55594E+02  1.81463E+04 -2.00000E-05  0.00000E+00  0.00000E+00  0.00000E+00  0.00000E+00  4.57944E-10  1.72613E-07
        82  9.55594E+02  1.91019E+04 -2.00000E-05  0.00000E+00  0.00000E+00  0.00000E+00  0.00000E+00  5.03271E-10  1.77422E-07
        83  9.55594E+02  2.00575E+04 -2.00000E-05  0.00000E+00  0.00000E+00  0.00000E+00  0.00000E+00  5.54046E-10  1.82716E-07
        84  9.55594E+02  2.10131E+04 -2.00000E-05  0.00000E+00  0.00000E+00  0.00000E+00  0.00000E+00  6.06975E-10  1.88517E-07
        85  9.55594E+02  2.19687E+04 -2.00000E-05  0.00000E+00  0.00000E+00  0.00000E+00  0.00000E+00  6.60031E-10  1.94824E-07
        86  9.55594E+02  2.29243E+04 -2.00000E-05  0.00000E+00  0.00000E+00  0.00000E+00  0.00000E+00  7.13073E-10  2.01638E-07
        87  9.55594E+02  2.38798E+04 -2.00000E-05  0.00000E+00  0.00000E+00  0.00000E+00  0.00000E+00  7.66363E-10  2.08961E-07
        88  9.55594E+02  2.48354E+04 -2.00000E-05  0.00000E+00  0.00000E+00  0.00000E+00  0.00000E+00  8.19448E-10  2.16792E-07
        89  9.55594E+02  2.57910E+04 -2.00000E-05  0.00000E+00  0.00000E+00  0.00000E+00  0.00000E+00  8.72251E-10  2.25127E-07
        90  9.55594E+02  2.67466E+04 -2.00000E-05  0.00000E+00  0.00000E+00  0.00000E+00  0.00000E+00  9.24736E-10  2.33964E-07
        91  9.55594E+02  2.77022E+04 -2.00000E-05  0.00000E+00  0.00000E+00  0.00000E+00  0.00000E+00  9.76929E-10  2.43299E-07
        92  1.00000E+03  2.87022E+04 -2.00000E-05  0.00000E+00  0.00000E+00  0.00000E+00  0.00000E+00  1.03126E-09  2.53612E-07
        93  1.00000E+03  2.97022E+04 -2.00000E-05  0.00000E+00  0.00000E+00  0.00000E+00  0.00000E+00  1.08532E-09  2.64465E-07
        94  1.00000E+03  3.07022E+04 -2.00000E-05  0.00000E+00  0.00000E+00  0.00000E+00  0.00000E+00  1.13914E-09  2.75856E-07
        95  1.00000E+03  3.17022E+04 -2.00000E-05  0.00000E+00  0.00000E+00  0.00000E+00  0.00000E+00  1.19275E-09  2.87784E-07
        96  1.00000E+03  3.27022E+04 -2.00000E-05  0.00000E+00  0.00000E+00  0.00000E+00  0.00000E+00  1.24615E-09  3.00245E-07
        97  1.00000E+03  3.37022E+04 -2.00000E-05  0.00000E+00  0.00000E+00  0.00000E+00  0.00000E+00  1.29938E-09  3.13239E-07
        98  1.00000E+03  3.47022E+04 -2.00000E-05  0.00000E+00  0.00000E+00  0.00000E+00  0.00000E+00  1.35244E-09  3.26763E-07
        99  1.00000E+03  3.57022E+04 -2.00000E-05  0.00000E+00  0.00000E+00  0.00000E+00  0.00000E+00  1.40536E-09  3.40817E-07
       100  1.00000E+03  3.67022E+04 -2.00000E-05  0.00000E+00  0.00000E+00  0.00000E+00  0.00000E+00  1.45814E-09  3.55398E-07
       101  1.00000E+03  3.77022E+04 -1.82644E-05  0.00000E+00  0.00000E+00  0.00000E+00  0.00000E+00  1.51012E-09  3.70500E-07
       102  1.00000E+03  3.87022E+04 -1.55661E-05  0.00000E+00  0.00000E+00  0.00000E+00  0.00000E+00  1.56044E-09  3.86104E-07
       103  1.00000E+03  3.97022E+04 -1.28677E-05  0.00000E+00  0.00000E+00  0.00000E+00  0.00000E+00  1.60843E-09  4.02188E-07
       104  1.00000E+03  4.07022E+04 -1.01694E-05  0.00000E+00  0.00000E+00  0.00000E+00  0.00000E+00  1.65354E-09  4.18724E-07
       105  1.00000E+03  4.17022E+04 -7.47107E-06  0.00000E+00  0.00000E+00  0.00000E+00  0.00000E+00  1.69533E-09  4.35677E-07
       106  1.00000E+03  4.27022E+04 -4.77274E-06  0.00000E+00  0.00000E+00  0.00000E+00  0.00000E+00  1.73340E-09  4.53011E-07
       107  1.00000E+03  4.37022E+04 -2.07442E-06  0.00000E+00  0.00000E+00  0.00000E+00  0.00000E+00  1.76740E-09  4.70685E-07
       108  1.00000E+03  4.47022E+04  0.00000E+00  0.00000E+00  0.00000E+00  0.00000E+00  0.00000E+00  1.79727E-09  4.88658E-07
       109  1.00000E+03  4.57022E+04  0.00000E+00  0.00000E+00  0.00000E+00  0.00000E+00  0.00000E+00  1.82375E-09  5.06895E-07
       110  1.00000E+03  4.67022E+04  0.00000E+00  0.00000E+00  0.00000E+00  0.00000E+00  0.00000E+00  1.84732E-09  5.25368E-07
       111  1.00000E+03  4.77022E+04  0.00000E+00  0.00000E+00  0.00000E+00  0.00000E+00  0.00000E+00  1.86837E-09  5.44052E-07
       112  1.00000E+03  4.87022E+04  0.00000E+00  0.00000E+00  0.00000E+00  0.00000E+00  0.00000E+00  1.88719E-09  5.62924E-07
       113  1.00000E+03  4.97022E+04  0.00000E+00  0.00000E+00  0.00000E+00  0.00000E+00  0.00000E+00  1.90404E-09  5.81964E-07
       114  1.00000E+03  5.07022E+04  0.00000E+00  0.00000E+00  0.00000E+00  0.00000E+00  0.00000E+00  1.91913E-09  6.01156E-07
       115  1.00000E+03  5.17022E+04  0.00000E+00  0.00000E+00  0.00000E+00  0.00000E+00  0.00000E+00  1.93264E-09  6.20482E-07
       116  1.00000E+03  5.27022E+04  0.00000E+00  0.00000E+00  0.00000E+00  0.00000E+00  0.00000E+00  1.94473E-09  6.39929E-07
       117  1.00000E+03  5.37022E+04  0.00000E+00  0.00000E+00  0.00000E+00  0.00000E+00  0.00000E+00  1.95555E-09  6.59485E-07
       118  1.00000E+03  5.47022E+04  0.00000E+00  0.00000E+00  0.00000E+00  0.00000E+00  0.00000E+00  1.96522E-09  6.79137E-07
       119  1.00000E+03  5.57022E+04  0.00000E+00  0.00000E+00  0.00000E+00  0.00000E+00  0.00000E+00  1.97385E-09  6.98875E-07
       120  1.00000E+03  5.67022E+04  0.00000E+00  0.00000E+00  0.00000E+00  0.00000E+00  0.00000E+00  1.98155E-09  7.18691E-07
       121  1.00000E+03  5.77022E+04  0.00000E+00  0.00000E+00  0.00000E+00  0.00000E+00  0.00000E+00  1.98841E-09  7.38575E-07
       122  1.00000E+03  5.87022E+04  0.00000E+00  0.00000E+00  0.00000E+00  0.00000E+00  0.00000E+00  1.99451E-09  7.58520E-07
       123  1.00000E+03  5.97022E+04  0.00000E+00  0.00000E+00  0.00000E+00  0.00000E+00  0.00000E+00  1.99992E-09  7.78519E-07
       124  1.00000E+03  6.07022E+04  0.00000E+00  0.00000E+00  0.00000E+00  0.00000E+00  0.00000E+00  2.00472E-09  7.98567E-07
       125  1.00000E+03  6.17022E+04  0.00000E+00  0.00000E+00  0.00000E+00  0.00000E+00  0.00000E+00  2.00895E-09  8.18656E-07
       126  1.00000E+03  6.27022E+04  0.00000E+00  0.00000E+00  0.00000E+00  0.00000E+00  0.00000E+00  2.01268E-09  8.38783E-07
       127  1.00000E+03  6.37022E+04  0.00000E+00  0.00000E+00  0.00000E+00  0.00000E+00  0.00000E+00  2.01595E-09  8.58942E-07
       128  1.00000E+03  6.47022E+04  0.00000E+00  0.00000E+00  0.00000E+00  0.00000E+00  0.00000E+00  2.01882E-09  8.79131E-07
       129  1.00000E+03  6.57022E+04  0.00000E+00  0.00000E+00  0.00000E+00  0.00000E+00  0.00000E+00  2.02131E-09  8.99344E-07
       130  1.00000E+03  6.67022E+04  0.00000E+00  0.00000E+00  0.00000E+00  0.00000E+00  0.00000E+00  2.02346E-09  9.19578E-07
       131  1.00000E+03  6.77022E+04 -2.68813E-06  0.00000E+00  0.00000E+00  0.00000E+00  0.00000E+00  2.02636E-09  9.39842E-07
       132  1.00000E+03  6.87022E+04 -5.38646E-06  0.00000E+00  0.00000E+00  0.00000E+00  0.00000E+00  2.03082E-09  9.60150E-07
       133  1.00000E+03  6.97022E+04 -8.08478E-06  0.00000E+00  0.00000E+00  0.00000E+00  0.00000E+00  2.03748E-09  9.80525E-07
       134  1.00000E+03  7.07022E+04 -1.07831E-05  0.00000E+00  0.00000E+00  0.00000E+00  0.00000E+00  2.04688E-09  1.00099E-06
       135  1.00000E+03  7.17022E+04 -1.34814E-05  0.00000E+00  0.00000E+00  0.00000E+00  0.00000E+00  2.05947E-09  1.02159E-06
       136  1.00000E+03  7.27022E+04 -1.61798E-05  0.00000E+00  0.00000E+00  0.00000E+00  0.00000E+00  2.07566E-09  1.04235E-06
       137  1.00000E+03  7.37022E+04 -1.88781E-05  0.00000E+00  0.00000E+00  0.00000E+00  0.00000E+00  2.09580E-09  1.06330E-06
       138  1.00000E+03  7.47022E+04 -2.00000E-05  0.00000E+00  0.00000E+00  0.00000E+00  0.00000E+00  2.11959E-09  1.08450E-06
       139  1.00000E+03  7.57022E+04 -2.00000E-05  0.00000E+00  0.00000E+00  0.00000E+00  0.00000E+00  2.14641E-09  1.10596E-06
       140  1.00000E+03  7.67022E+04 -2.00000E-05  0.00000E+00  0.00000E+00  0.00000E+00  0.00000E+00  2.17582E-09  1.12772E-06
       141  1.00000E+03  7.77022E+04 -2.00000E-05  0.00000E+00  0.00000E+00  0.00000E+00  0.00000E+00  2.20749E-09  1.14980E-06
       142  1.00000E+03  7.87022E+04 -2.00000E-05  0.00000E+00  0.00000E+00  0.00000E+00  0.00000E+00  2.24116E-09  1.17221E-06
       143  1.00000E+03  7.97022E+04 -2.00000E-05  0.00000E+00  0.00000E+00  0.00000E+00  0.00000E+00  2.27661E-09  1.19497E-06
       144  1.00000E+03  8.07022E+04 -2.00000E-05  0.00000E+00  0.00000E+00  0.00000E+00  0.00000E+00  2.31363E-09  1.21811E-06
       145  1.00000E+03  8.17022E+04 -2.00000E-05  0.00000E+00  0.00000E+00  0.00000E+00  0.00000E+00  2.35208E-09  1.24163E-06
       146  1.00000E+03  8.27022E+04 -2.00000E-05  0.00000E+00  0.00000E+00  0.00000E+00  0.00000E+00  2.39180E-09  1.26555E-06
       147  1.00000E+03  8.37022E+04 -2.00000E-05  0.00000E+00  0.00000E+00  0.00000E+00  0.00000E+00  2.43267E-09  1.28988E-06
       148  1.00000E+03  8.47022E+04 -2.00000E-05  0.00000E+00  0.00000E+00  0.00000E+00  0.00000E+00  2.47457E-09  1.31462E-06
       149  1.00000E+03  8.57022E+04 -2.00000E-05  0.00000E+00  0.00000E+00  0.00000E+00  0.00000E+00  2.51740E-09  1.33980E-06
       150  1.00000E+03  8.67022E+04 -2.00000E-05  0.00000E+00  0.00000E+00  0.00000E+00  0.00000E+00  2.56107E-09  1.36541E-06
       151  1.00000E+03  8.77022E+04 -2.00000E-05  0.00000E+00  0.00000E+00  0.00000E+00  0.00000E+00  2.60549E-09  1.39146E-06
       152  1.00000E+03  8.87022E+04 -2.00000E-05  0.00000E+00  0.00000E+00  0.00000E+00  0.00000E+00  2.65060E-09  1.41797E-06
       153  1.00000E+03  8.97022E+04 -2.00000E-05  0.00000E+00  0.00000E+00  0.00000E+00  0.00000E+00  2.69633E-09  1.44493E-06
       154  1.00000E+03  9.07022E+04 -2.00000E-05  0.00000E+00  0.00000E+00  0.00000E+00  0.00000E+00  2.74261E-09  1.47236E-06
       155  1.00000E+03  9.17022E+04 -2.00000E-05  0.00000E+00  0.00000E+00  0.00000E+00  0.00000E+00  2.78939E-09  1.50025E-06
       156  1.00000E+03  9.27022E+04 -2.00000E-05  0.00000E+00  0.00000E+00  0.00000E+00  0.00000E+00  2.83663E-09  1.52862E-06
       157  1.00000E+03  9.37022E+04 -2.00000E-05  0.00000E+00  0.00000E+00  0.00000E+00  0.00000E+00  2.88428E-09  1.55746E-06
       158  1.00000E+03  9.47022E+04 -2.00000E-05  0.00000E+00  0.00000E+00  0.00000E+00  0.00000E+00  2.93229E-09  1.58678E-06
       159  1.00000E+03  9.57022E+04 -2.00000E-05  0.00000E+00  0.00000E+00  0.00000E+00  0.00000E+00  2.98064E-09  1.61659E-06
       160  1.00000E+03  9.67022E+04 -2.00000E-05  0.00000E+00  0.00000E+00  0.00000E+00  0.00000E+00  3.02928E-09  1.64688E-06
       161  1.00000E+03  9.77022E+04 -2.00000E-05  0.00000E+00  0.00000E+00  0.00000E+00  0.00000E+00  3.07820E-09  1.67766E-06
       162  1.00000E+03  9.87022E+04 -2.00000E-05  0.00000E+00  0.00000E+00  0.00000E+00  0.00000E+00  3.12736E-09  1.70894E-06
       163  1.00000E+03  9.97022E+04 -2.00000E-05  0.00000E+00  0.00000E+00  0.00000E+00  0.00000E+00  3.17674E-09  1.74070E-06
       164  1.00000E+03  1.00702E+05 -2.00000E-05  0.00000E+00  0.00000E+00  0.00000E+00  0.00000E+00  3.22632E-09  1.77297E-06
       165  1.00000E+03  1.01702E+05 -2.00000E-05  0.00000E+00  0.00000E+00  0.00000E+00  0.00000E+00  3.27608E-09  1.80573E-06
       166  1.00000E+03  1.02702E+05 -2.00000E-05  0.00000E+00  0.00000E+00  0.00000E+00  0.00000E+00  3.32600E-09  1.83899E-06
       167  1.00000E+03  1.03702E+05 -2.00000E-05  0.00000E+00  0.00000E+00  0.00000E+00  0.00000E+00  3.37607E-09  1.87275E-06
       168  1.00000E+03  1.04702E+05 -2.00000E-05  0.00000E+00  0.00000E+00  0.00000E+00  0.00000E+00  3.42626E-09  1.90701E-06
       169  1.00000E+03  1.05702E+05 -2.00000E-05  0.00000E+00  0.00000E+00  0.00000E+00  0.00000E+00  3.47658E-09  1.94178E-06
       170  1.00000E+03  1.06702E+05 -2.00000E-05  0.00000E+00  0.00000E+00  0.00000E+00  0.00000E+00  3.52700E-09  1.97705E-06
       171  1.00000E+03  1.07702E+05 -2.00000E-05  0.00000E+00  0.00000E+00  0.00000E+00  0.00000E+00  3.57751E-09  2.01282E-06
       172  1.00000E+03  1.08702E+05 -2.00000E-05  0.00000E+00  0.00000E+00  0.00000E+00  0.00000E+00  3.62811E-09  2.04910E-06
       173  1.00000E+03  1.09702E+05 -2.00000E-05  0.00000E+00  0.00000E+00  0.00000E+00  0.00000E+00  3.67879E-09  2.08589E-06
       174  1.00000E+03  1.10702E+05 -2.00000E-05  0.00000E+00  0.00000E+00  0.00000E+00  0.00000E+00  3.72954E-09  2.12319E-06
       175  1.00000E+03  1.11702E+05 -1.85801E-05  0.00000E+00  0.00000E+00  0.00000E+00  0.00000E+00  3.77978E-09  2.16098E-06
       176  1.00000E+03  1.12702E+05 -1.58818E-05  0.00000E+00  0.00000E+00  0.00000E+00  0.00000E+00  3.82859E-09  2.19927E-06
       177  1.00000E+03  1.13702E+05 -1.31834E-05  0.00000E+00  0.00000E+00  0.00000E+00  0.00000E+00  3.87524E-09  2.23802E-06
       178  1.00000E+03  1.14702E+05 -1.04851E-05  0.00000E+00  0.00000E+00  0.00000E+00  0.00000E+00  3.91916E-09  2.27721E-06
       179  1.00000E+03  1.15702E+05 -7.78678E-06  0.00000E+00  0.00000E+00  0.00000E+00  0.00000E+00  3.95986E-09  2.31681E-06
       180  1.00000E+03  1.16702E+05 -5.08845E-06  0.00000E+00  0.00000E+00  0.00000E+00  0.00000E+00  3.99692E-09  2.35678E-06
       181  1.00000E+03  1.17702E+05 -2.39012E-06  0.00000E+00  0.00000E+00  0.00000E+00  0.00000E+00  4.02998E-09  2.39708E-06
       182  1.00000E+03  1.18702E+05  0.00000E+00  0.00000E+00  0.00000E+00  0.00000E+00  0.00000E+00  4.05882E-09  2.43767E-06
       183  1.00000E+03  1.19702E+05  0.00000E+00  0.00000E+00  0.00000E+00  0.00000E+00  0.00000E+00  4.08421E-09  2.47851E-06
       184  1.00000E+03  1.20702E+05  0.00000E+00  0.00000E+00  0.00000E+00  0.00000E+00  0.00000E+00  4.10667E-09  2.51958E-06
       185  1.00000E+03  1.21702E+05  0.00000E+00  0.00000E+00  0.00000E+00  0.00000E+00  0.00000E+00  4.12659E-09  2.56085E-06
       186  1.00000E+03  1.22702E+05  0.00000E+00  0.00000E+00  0.00000E+00  0.00000E+00  0.00000E+00  4.14427E-09  2.60229E-06
       187  1.00000E+03  1.23702E+05  0.00000E+00  0.00000E+00  0.00000E+00  0.00000E+00  0.00000E+00  4.15997E-09  2.64389E-06
       188  1.00000E+03  1.24702E+05  0.00000E+00  0.00000E+00  0.00000E+00  0.00000E+00  0.00000E+00  4.17390E-09  2.68563E-06
       189  1.00000E+03  1.25702E+05  0.00000E+00  0.00000E+00  0.00000E+00  0.00000E+00  0.00000E+00  4.18625E-09  2.72749E-06
       190  1.00000E+03  1.26702E+05  0.00000E+00  0.00000E+00  0.00000E+00  0.00000E+00  0.00000E+00  4.19717E-09  2.76946E-06
       191  1.00000E+03  1.27702E+05  0.00000E+00  0.00000E+00  0.00000E+00  0.00000E+00  0.00000E+00  4.20682E-09  2.81153E-06
       192  1.00000E+03  1.28702E+05  0.00000E+00  0.00000E+00  0.00000E+00  0.00000E+00  0.00000E+00  4.21532E-09  2.85368E-06
       193  1.00000E+03  1.29702E+05  0.00000E+00  0.00000E+00  0.00000E+00  0.00000E+00  0.00000E+00  4.22278E-09  2.89591E-06
       194  1.00000E+03  1.30702E+05  0.00000E+00  0.00000E+00  0.00000E+00  0.00000E+00  0.00000E+00  4.22930E-09  2.93820E-06
       195  1.00000E+03  1.31702E+05  0.00000E+00  0.00000E+00  0.00000E+00  0.00000E+00  0.00000E+00  4.23498E-09  2.98055E-06
       196  1.00000E+03  1.32702E+05  0.00000E+00  0.00000E+00  0.00000E+00  0.00000E+00  0.00000E+00  4.23991E-09  3.02295E-06
       197  1.00000E+03  1.33702E+05  0.00000E+00  0.00000E+00  0.00000E+00  0.00000E+00  0.00000E+00  4.24414E-09  3.06539E-06
       198  1.00000E+03  1.34702E+05  0.00000E+00  0.00000E+00  0.00000E+00  0.00000E+00  0.00000E+00  4.24776E-09  3.10787E-06
       199  1.00000E+03  1.35702E+05  0.00000E+00  0.00000E+00  0.00000E+00  0.00000E+00  0.00000E+00  4.25082E-09  3.15038E-06
       200  1.00000E+03  1.36702E+05  0.00000E+00  0.00000E+00  0.00000E+00  0.00000E+00  0.00000E+00  4.25337E-09  3.19291E-06
       201  1.00000E+03  1.37702E+05  0.00000E+00  0.00000E+00  0.00000E+00  0.00000E+00  0.00000E+00  4.25547E-09  3.23547E-06
       202  1.00000E+03  1.38702E+05  0.00000E+00  0.00000E+00  0.00000E+00  0.00000E+00  0.00000E+00  4.25716E-09  3.27804E-06
       203  1.00000E+03  1.39702E+05  0.00000E+00  0.00000E+00  0.00000E+00  0.00000E+00  0.00000E+00  4.25847E-09  3.32062E-06
       204  1.00000E+03  1.40702E+05  0.00000E+00  0.00000E+00  0.00000E+00  0.00000E+00  0.00000E+00  4.25945E-09  3.36322E-06
       205  1.00000E+03  1.41702E+05 -2.37005E-06  0.00000E+00  0.00000E+00  0.00000E+00  0.00000E+00  4.26108E-09  3.40583E-06
       206  1.00000E+03  1.42702E+05 -5.06874E-06  0.00000E+00  0.00000E+00  0.00000E+00  0.00000E+00  4.26420E-09  3.44847E-06
       207  1.00000E+03  1.43702E+05 -7.76743E-06  0.00000E+00  0.00000E+00  0.00000E+00  0.00000E+00  4.26950E-09  3.49117E-06
       208  1.00000E+03  1.44702E+05 -1.04661E-05  0.00000E+00  0.00000E+00  0.00000E+00  0.00000E+00  4.27754E-09  3.53394E-06
       209  1.00000E+03  1.45702E+05 -1.31648E-05  0.00000E+00  0.00000E+00  0.00000E+00  0.00000E+00  4.28879E-09  3.57683E-06
       210  1.00000E+03  1.46702E+05 -1.58635E-05  0.00000E+00  0.00000E+00  0.00000E+00  0.00000E+00  4.30367E-09  3.61987E-06
       211  1.00000E+03  1.47702E+05 -1.85622E-05  0.00000E+00  0.00000E+00  0.00000E+00  0.00000E+00  4.32254E-09  3.66309E-06
       212  1.00000E+03  1.48702E+05 -2.00000E-05  0.00000E+00  0.00000E+00  0.00000E+00  0.00000E+00  4.34522E-09  3.70654E-06
       213  1.00000E+03  1.49702E+05 -2.00000E-05  0.00000E+00  0.00000E+00  0.00000E+00  0.00000E+00  4.37106E-09  3.75025E-06
       214  1.00000E+03  1.50702E+05 -2.00000E-05  0.00000E+00  0.00000E+00  0.00000E+00  0.00000E+00  4.39959E-09  3.79425E-06
       215  1.00000E+03  1.51702E+05 -2.00000E-05  0.00000E+00  0.00000E+00  0.00000E+00  0.00000E+00  4.43047E-09  3.83855E-06
       216  1.00000E+03  1.52702E+05 -2.00000E-05  0.00000E+00  0.00000E+00  0.00000E+00  0.00000E+00  4.46341E-09  3.88319E-06
       217  1.00000E+03  1.53702E+05 -2.00000E-05  0.00000E+00  0.00000E+00  0.00000E+00  0.00000E+00  4.49818E-09  3.92817E-06
       218  1.00000E+03  1.54702E+05 -2.00000E-05  0.00000E+00  0.00000E+00  0.00000E+00  0.00000E+00  4.53460E-09  3.97352E-06
       219  1.00000E+03  1.55702E+05 -2.00000E-05  0.00000E+00  0.00000E+00  0.00000E+00  0.00000E+00  4.57247E-09  4.01924E-06
       220  1.00000E+03  1.56702E+05 -2.00000E-05  0.00000E+00  0.00000E+00  0.00000E+00  0.00000E+00  4.61167E-09  4.06536E-06
       221  1.00000E+03  1.57702E+05 -2.00000E-05  0.00000E+00  0.00000E+00  0.00000E+00  0.00000E+00  4.65204E-09  4.11188E-06
       222  1.00000E+03  1.58702E+05 -2.00000E-05  0.00000E+00  0.00000E+00  0.00000E+00  0.00000E+00  4.69349E-09  4.15881E-06
       223  1.00000E+03  1.59702E+05 -2.00000E-05  0.00000E+00  0.00000E+00  0.00000E+00  0.00000E+00  4.73589E-09  4.20617E-06
       224  1.00000E+03  1.60702E+05 -2.00000E-05  0.00000E+00  0.00000E+00  0.00000E+00  0.00000E+00  4.77916E-09  4.25396E-06
       225  1.00000E+03  1.61702E+05 -2.00000E-05  0.00000E+00  0.00000E+00  0.00000E+00  0.00000E+00  4.82320E-09  4.30220E-06
       226  1.00000E+03  1.62702E+05 -2.00000E-05  0.00000E+00  0.00000E+00  0.00000E+00  0.00000E+00  4.86796E-09  4.35088E-06
       227  1.00000E+03  1.63702E+05 -2.00000E-05  0.00000E+00  0.00000E+00  0.00000E+00  0.00000E+00  4.91334E-09  4.40001E-06
       228  1.00000E+03  1.64702E+05 -2.00000E-05  0.00000E+00  0.00000E+00  0.00000E+00  0.00000E+00  4.95930E-09  4.44960E-06
       229  1.00000E+03  1.65702E+05 -2.00000E-05  0.00000E+00  0.00000E+00  0.00000E+00  0.00000E+00  5.00577E-09  4.49966E-06
       230  1.00000E+03  1.66702E+05 -2.00000E-05  0.00000E+00  0.00000E+00  0.00000E+00  0.00000E+00  5.05271E-09  4.55019E-06
       231  1.00000E+03  1.67702E+05 -2.00000E-05  0.00000E+00  0.00000E+00  0.00000E+00  0.00000E+00  5.10007E-09  4.60119E-06
       232  1.00000E+03  1.68702E+05 -2.00000E-05  0.00000E+00  0.00000E+00  0.00000E+00  0.00000E+00  5.14781E-09  4.65267E-06
       233  1.00000E+03  1.69702E+05 -2.00000E-05  0.00000E+00  0.00000E+00  0.00000E+00  0.00000E+00  5.19589E-09  4.70462E-06
       234  1.00000E+03  1.70702E+05 -2.00000E-05  0.00000E+00  0.00000E+00  0.00000E+00  0.00000E+00  5.24427E-09  4.75707E-06
       235  1.00000E+03  1.71702E+05 -2.00000E-05  0.00000E+00  0.00000E+00  0.00000E+00  0.00000E+00  5.29294E-09  4.81000E-06
       236  1.00000E+03  1.72702E+05 -2.00000E-05  0.00000E+00  0.00000E+00  0.00000E+00  0.00000E+00  5.34185E-09  4.86342E-06
       237  1.00000E+03  1.73702E+05 -2.00000E-05  0.00000E+00  0.00000E+00  0.00000E+00  0.00000E+00  5.39099E-09  4.91732E-06
       238  1.00000E+03  1.74702E+05 -2.00000E-05  0.00000E+00  0.00000E+00  0.00000E+00  0.00000E+00  5.44033E-09  4.97173E-06
       239  1.00000E+03  1.75702E+05 -2.00000E-05  0.00000E+00  0.00000E+00  0.00000E+00  0.00000E+00  5.48986E-09  5.02663E-06
       240  1.00000E+03  1.76702E+05 -2.00000E-05  0.00000E+00  0.00000E+00  0.00000E+00  0.00000E+00  5.53955E-09  5.08202E-06
       241  1.00000E+03  1.77702E+05 -2.00000E-05  0.00000E+00  0.00000E+00  0.00000E+00  0.00000E+00  5.58938E-09  5.13792E-06
       242  1.00000E+03  1.78702E+05 -2.00000E-05  0.00000E+00  0.00000E+00  0.00000E+00  0.00000E+00  5.63935E-09  5.19431E-06
       243  1.00000E+03  1.79702E+05 -2.00000E-05  0.00000E+00  0.00000E+00  0.00000E+00  0.00000E+00  5.68944E-09  5.25120E-06
       244  1.00000E+03  1.80702E+05 -2.00000E-05  0.00000E+00  0.00000E+00  0.00000E+00  0.00000E+00  5.73964E-09  5.30860E-06
       245  1.00000E+03  1.81702E+05 -2.00000E-05  0.00000E+00  0.00000E+00  0.00000E+00  0.00000E+00  5.78993E-09  5.36650E-06
       246  1.00000E+03  1.82702E+05 -2.00000E-05  0.00000E+00  0.00000E+00  0.00000E+00  0.00000E+00  5.84031E-09  5.42490E-06
       247  1.00000E+03  1.83702E+05 -2.00000E-05  0.00000E+00  0.00000E+00  0.00000E+00  0.00000E+00  5.89077E-09  5.48381E-06
       248  1.00000E+03  1.84702E+05 -2.00000E-05  0.00000E+00  0.00000E+00  0.00000E+00  0.00000E+00  5.94129E-09  5.54322E-06
       249  1.00000E+03  1.85702E+05 -1.88985E-05  0.00000E+00  0.00000E+00  0.00000E+00  0.00000E+00  5.99143E-09  5.60314E-06
       250  1.00000E+03  1.86702E+05 -1.62002E-05  0.00000E+00  0.00000E+00  0.00000E+00  0.00000E+00  6.04020E-09  5.66354E-06
       251  1.00000E+03  1.87702E+05 -1.35018E-05  0.00000E+00  0.00000E+00  0.00000E+00  0.00000E+00  6.08685E-09  5.72441E-06
       252  1.00000E+03  1.88702E+05 -1.08035E-05  0.00000E+00  0.00000E+00  0.00000E+00  0.00000E+00  6.13077E-09  5.78572E-06
       253  1.00000E+03  1.89702E+05 -8.10518E-06  0.00000E+00  0.00000E+00  0.00000E+00  0.00000E+00  6.17147E-09  5.84743E-06
       254  1.00000E+03  1.90702E+05 -5.40685E-06  0.00000E+00  0.00000E+00  0.00000E+00  0.00000E+00  6.20849E-09  5.90952E-06
       255  1.00000E+03  1.91702E+05 -2.70852E-06  0.00000E+00  0.00000E+00  0.00000E+00  0.00000E+00  6.24148E-09  5.97193E-06
       256  1.00000E+03  1.92702E+05 -1.01977E-08  0.00000E+00  0.00000E+00  0.00000E+00  0.00000E+00  6.27008E-09  6.03463E-06
       257  1.00000E+03  1.93702E+05  0.00000E+00  0.00000E+00  0.00000E+00  0.00000E+00  0.00000E+00  6.29510E-09  6.09758E-06
       258  1.00000E+03  1.94702E+05  0.00000E+00  0.00000E+00  0.00000E+00  0.00000E+00  0.00000E+00  6.31708E-09  6.16075E-06
       259  1.00000E+03  1.95702E+05  0.00000E+00  0.00000E+00  0.00000E+00  0.00000E+00  0.00000E+00  6.33643E-09  6.22412E-06
       260  1.00000E+03  1.96702E+05  0.00000E+00  0.00000E+00  0.00000E+00  0.00000E+00  0.00000E+00  6.35347E-09  6.28765E-06
       261  1.00000E+03  1.97702E+05  0.00000E+00  0.00000E+00  0.00000E+00  0.00000E+00  0.00000E+00  6.36847E-09  6.35134E-06
       262  1.00000E+03  1.98702E+05  0.00000E+00  0.00000E+00  0.00000E+00  0.00000E+00  0.00000E+00  6.38164E-09  6.41515E-06
       263  1.00000E+03  1.99702E+05  0.00000E+00  0.00000E+00  0.00000E+00  0.00000E+00  0.00000E+00  6.39318E-09  6.47909E-06
       264  1.00000E+03  2.00702E+05  0.00000E+00  0.00000E+00  0.00000E+00  0.00000E+00  0.00000E+00  6.40326E-09  6.54312E-06
       265  1.00000E+03  2.01702E+05  0.00000E+00  0.00000E+00  0.00000E+00  0.00000E+00  0.00000E+00  6.41202E-09  6.60724E-06
       266  1.00000E+03  2.02702E+05  0.00000E+00  0.00000E+00  0.00000E+00  0.00000E+00  0.00000E+00  6.41959E-09  6.67143E-06
       267  1.00000E+03  2.03702E+05  0.00000E+00  0.00000E+00  0.00000E+00  0.00000E+00  0.00000E+00  6.42609E-09  6.73569E-06
       268  1.00000E+03  2.04702E+05  0.00000E+00  0.00000E+00  0.00000E+00  0.00000E+00  0.00000E+00  6.43164E-09  6.80001E-06
       269  1.00000E+03  2.05702E+05  0.00000E+00  0.00000E+00  0.00000E+00  0.00000E+00  0.00000E+00  6.43631E-09  6.86437E-06
       270  1.00000E+03  2.06702E+05  0.00000E+00  0.00000E+00  0.00000E+00  0.00000E+00  0.00000E+00  6.44021E-09  6.92878E-06
       271  1.00000E+03  2.07702E+05  0.00000E+00  0.00000E+00  0.00000E+00  0.00000E+00  0.00000E+00  6.44340E-09  6.99321E-06
       272  1.00000E+03  2.08702E+05  0.00000E+00  0.00000E+00  0.00000E+00  0.00000E+00  0.00000E+00  6.44595E-09  7.05767E-06
       273  1.00000E+03  2.09702E+05  0.00000E+00  0.00000E+00  0.00000E+00  0.00000E+00  0.00000E+00  6.44792E-09  7.12215E-06
       274  1.00000E+03  2.10702E+05  0.00000E+00  0.00000E+00  0.00000E+00  0.00000E+00  0.00000E+00  6.44938E-09  7.18664E-06
       275  1.00000E+03  2.11702E+05  0.00000E+00  0.00000E+00  0.00000E+00  0.00000E+00  0.00000E+00  6.45037E-09  7.25115E-06
       276  1.00000E+03  2.12702E+05  0.00000E+00  0.00000E+00  0.00000E+00  0.00000E+00  0.00000E+00  6.45094E-09  7.31566E-06
       277  1.00000E+03  2.13702E+05  0.00000E+00  0.00000E+00  0.00000E+00  0.00000E+00  0.00000E+00  6.45113E-09  7.38017E-06
       278  1.00000E+03  2.14702E+05  0.00000E+00  0.00000E+00  0.00000E+00  0.00000E+00  0.00000E+00  6.45097E-09  7.44468E-06
       279  1.00000E+03  2.15702E+05 -2.05402E-06  0.00000E+00  0.00000E+00  0.00000E+00  0.00000E+00  6.45134E-09  7.50919E-06
       280  1.00000E+03  2.16702E+05 -4.75235E-06  0.00000E+00  0.00000E+00  0.00000E+00  0.00000E+00  6.45314E-09  7.57372E-06
       281  1.00000E+03  2.17702E+05 -7.45068E-06  0.00000E+00  0.00000E+00  0.00000E+00  0.00000E+00  6.45709E-09  7.63829E-06
       282  1.00000E+03  2.18702E+05 -1.01490E-05  0.00000E+00  0.00000E+00  0.00000E+00  0.00000E+00  6.46376E-09  7.70293E-06
       283  1.00000E+03  2.19702E+05 -1.28473E-05  0.00000E+00  0.00000E+00  0.00000E+00  0.00000E+00  6.47364E-09  7.76767E-06
       284  1.00000E+03  2.20702E+05 -1.55457E-05  0.00000E+00  0.00000E+00  0.00000E+00  0.00000E+00  6.48718E-09  7.83254E-06
       285  1.00000E+03  2.21702E+05 -1.82440E-05  0.00000E+00  0.00000E+00  0.00000E+00  0.00000E+00  6.50474E-09  7.89759E-06
       286  1.00000E+03  2.22702E+05 -2.00000E-05  0.00000E+00  0.00000E+00  0.00000E+00  0.00000E+00  6.52627E-09  7.96285E-06
       287  1.00000E+03  2.23702E+05 -2.00000E-05  0.00000E+00  0.00000E+00  0.00000E+00  0.00000E+00  6.55109E-09  8.02836E-06
       288  1.00000E+03  2.24702E+05 -2.00000E-05  0.00000E+00  0.00000E+00  0.00000E+00  0.00000E+00  6.57869E-09  8.09415E-06
       289  1.00000E+03  2.25702E+05 -2.00000E-05  0.00000E+00  0.00000E+00  0.00000E+00  0.00000E+00  6.60872E-09  8.16023E-06
       290  1.00000E+03  2.26702E+05 -2.00000E-05  0.00000E+00  0.00000E+00  0.00000E+00  0.00000E+00  6.64088E-09  8.22664E-06
       291  1.00000E+03  2.27702E+05 -2.00000E-05  0.00000E+00  0.00000E+00  0.00000E+00  0.00000E+00  6.67493E-09  8.29339E-06
       292  1.00000E+03  2.28702E+05 -2.00000E-05  0.00000E+00  0.00000E+00  0.00000E+00  0.00000E+00  6.71067E-09  8.36050E-06
       293  1.00000E+03  2.29702E+05 -2.00000E-05  0.00000E+00  0.00000E+00  0.00000E+00  0.00000E+00  6.74792E-09  8.42798E-06
       294  1.00000E+03  2.30702E+05 -2.00000E-05  0.00000E+00  0.00000E+00  0.00000E+00  0.00000E+00  6.78652E-09  8.49584E-06
       295  1.00000E+03  2.31702E+05 -2.00000E-05  0.00000E+00  0.00000E+00  0.00000E+00  0.00000E+00  6.82635E-09  8.56411E-06
       296  1.00000E+03  2.32702E+05 -2.00000E-05  0.00000E+00  0.00000E+00  0.00000E+00  0.00000E+00  6.86727E-09  8.63278E-06
       297  1.00000E+03  2.33702E+05 -2.00000E-05  0.00000E+00  0.00000E+00  0.00000E+00  0.00000E+00  6.90918E-09  8.70187E-06
       298  1.00000E+03  2.34702E+05 -2.00000E-05  0.00000E+00  0.00000E+00  0.00000E+00  0.00000E+00  6.95198E-09  8.77139E-06
       299  1.00000E+03  2.35702E+05 -2.00000E-05  0.00000E+00  0.00000E+00  0.00000E+00  0.00000E+00  6.99558E-09  8.84135E-06
       300  1.00000E+03  2.36702E+05 -2.00000E-05  0.00000E+00  0.00000E+00  0.00000E+00  0.00000E+00  7.03990E-09  8.91175E-06
       301  1.00000E+03  2.37702E+05 -2.00000E-05  0.00000E+00  0.00000E+00  0.00000E+00  0.00000E+00  7.08488E-09  8.98259E-06
       302  1.00000E+03  2.38702E+05 -2.00000E-05  0.00000E+00  0.00000E+00  0.00000E+00  0.00000E+00  7.13044E-09  9.05390E-06
       303  1.00000E+03  2.39702E+05 -2.00000E-05  0.00000E+00  0.00000E+00  0.00000E+00  0.00000E+00  7.17653E-09  9.12566E-06
       304  1.00000E+03  2.40702E+05 -2.00000E-05  0.00000E+00  0.00000E+00  0.00000E+00  0.00000E+00  7.22311E-09  9.19789E-06
       305  1.00000E+03  2.41702E+05 -2.00000E-05  0.00000E+00  0.00000E+00  0.00000E+00  0.00000E+00  7.27011E-09  9.27060E-06
       306  1.00000E+03  2.42702E+05 -2.00000E-05  0.00000E+00  0.00000E+00  0.00000E+00  0.00000E+00  7.31750E-09  9.34377E-06
       307  1.00000E+03  2.43702E+05 -2.00000E-05  0.00000E+00  0.00000E+00  0.00000E+00  0.00000E+00  7.36524E-09  9.41742E-06
       308  1.00000E+03  2.44702E+05 -2.00000E-05  0.00000E+00  0.00000E+00  0.00000E+00  0.00000E+00  7.41330E-09  9.49156E-06
       309  1.00000E+03  2.45702E+05 -2.00000E-05  0.00000E+00  0.00000E+00  0.00000E+00  0.00000E+00  7.46164E-09  9.56617E-06
       310  1.00000E+03  2.46702E+05 -2.00000E-05  0.00000E+00  0.00000E+00  0.00000E+00  0.00000E+00  7.51023E-09  9.64127E-06
       311  1.00000E+03  2.47702E+05 -2.00000E-05  0.00000E+00  0.00000E+00  0.00000E+00  0.00000E+00  7.55906E-09  9.71687E-06
       312  1.00000E+03  2.48702E+05 -2.00000E-05  0.00000E+00  0.00000E+00  0.00000E+00  0.00000E+00  7.60809E-09  9.79295E-06
       313  1.00000E+03  2.49702E+05 -2.00000E-05  0.00000E+00  0.00000E+00  0.00000E+00  0.00000E+00  7.65731E-09  9.86952E-06
       314  1.00000E+03  2.50702E+05 -2.00000E-05  0.00000E+00  0.00000E+00  0.00000E+00  0.00000E+00  7.70670E-09  9.94659E-06
       315  6.48890E+02  2.51351E+05 -2.00000E-05  0.00000E+00  0.00000E+00  0.00000E+00  0.00000E+00  7.73882E-09  9.99680E-06
       316  6.48890E+02  2.52000E+05 -2.00000E-05  0.00000E+00  0.00000E+00  0.00000E+00  0.00000E+00  7.77099E-09  1.00472E-05
