#INITIAL VOLUME OF WATER IN THE SUBSURFACE =   1.02949E+02
#NSTEP       DELTAT         TIME  NLIN   AVG.LIN       STORE1       STORE2       DSTORE   CUM.DSTORE       VIN  CUM.VIN       VOUT    CUM.VOUT   VIN+VOUT   CUM. VIN  M.BAL.ERR   REL. MBE   CUM. MBE      CUM.
#                                 ITER.    ITER.                             (>0 x inc)                                                                      + VOUT  (Vi+Vo-Ds)        (%)             ABS(MBE)
     1 1.000000E+00 1.000000E+00     2 1.450E+01 1.029495E+02 1.029495E+02 -1.99996E-05 -1.99996E-05 0.000E+00 0.000E+00 -1.000E-05 -1.000E-05 -1.000E-05 -1.000E-05  1.000E-05 -1.000E+02  1.000E-05 1.000E-05
     2 1.100000E+00 2.100000E+00     2 1.250E+01 1.029494E+02 1.029494E+02 -2.19995E-05 -4.19991E-05 0.000E+00 0.000E+00  0.000E+00 -1.000E-05  0.000E+00 -1.000E-05  2.200E-05  0.000E+00  3.200E-05 3.200E-05
     3 1.210000E+00 3.310000E+00     2 1.150E+01 1.029494E+02 1.029494E+02 -2.41994E-05 -6.61985E-05 0.000E+00 0.000E+00  0.000E+00 -1.000E-05  0.000E+00 -1.000E-05  2.420E-05  0.000E+00  5.620E-05 5.620E-05
     4 1.331000E+00 4.641000E+00     2 1.150E+01 1.029494E+02 1.029494E+02 -2.66193E-05 -9.28178E-05 0.000E+00 0.000E+00  0.000E+00 -1.000E-05  0.000E+00 -1.000E-05  2.662E-05  0.000E+00  8.282E-05 8.282E-05
     5 1.464100E+00 6.105100E+00     2 1.150E+01 1.029493E+02 1.029493E+02 -2.92811E-05 -1.22099E-04 0.000E+00 0.000E+00  0.000E+00 -1.000E-05  0.000E+00 -1.000E-05  2.928E-05  0.000E+00  1.121E-04 1.121E-04
     6 1.610510E+00 7.715610E+00     2 1.150E+01 1.029493E+02 1.029493E+02 -3.22091E-05 -1.54308E-04 0.000E+00 0.000E+00  0.000E+00 -1.000E-05  0.000E+00 -1.000E-05  3.221E-05  0.000E+00  1.443E-04 1.443E-04
     7 1.771561E+00 9.487171E+00     2 1.200E+01 1.029493E+02 1.029493E+02 -3.54299E-05 -1.89738E-04 0.000E+00 0.000E+00  0.000E+00 -1.000E-05  0.000E+00 -1.000E-05  3.543E-05  0.000E+00  1.797E-04 1.797E-04
     8 1.948717E+00 1.143589E+01     2 1.200E+01 1.029492E+02 1.029492E+02 -3.89728E-05 -2.28711E-04 0.000E+00 0.000E+00  0.000E+00 -1.000E-05  0.000E+00 -1.000E-05  3.897E-05  0.000E+00  2.187E-04 2.187E-04
     9 2.143589E+00 1.357948E+01     2 1.200E+01 1.029492E+02 1.029492E+02 -4.28699E-05 -2.71581E-04 0.000E+00 0.000E+00  0.000E+00 -1.000E-05  0.000E+00 -1.000E-05  4.287E-05  0.000E+00  2.616E-04 2.616E-04
    10 2.357948E+00 1.593742E+01     2 1.200E+01 1.029492E+02 1.029492E+02 -4.71567E-05 -3.18737E-04 0.000E+00 0.000E+00  0.000E+00 -1.000E-05  0.000E+00 -1.000E-05  4.716E-05  0.000E+00  3.087E-04 3.087E-04
    11 2.593742E+00 1.853117E+01     2 1.200E+01 1.029491E+02 1.029491E+02 -5.18721E-05 -3.70609E-04 0.000E+00 0.000E+00  0.000E+00 -1.000E-05  0.000E+00 -1.000E-05  5.187E-05  0.000E+00  3.606E-04 3.606E-04
    12 2.853117E+00 2.138428E+01     2 1.200E+01 1.029490E+02 1.029490E+02 -5.70590E-05 -4.27668E-04 0.000E+00 0.000E+00  0.000E+00 -1.000E-05  0.000E+00 -1.000E-05  5.706E-05  0.000E+00  4.177E-04 4.177E-04
    13 3.138428E+00 2.452271E+01     2 1.250E+01 1.029490E+02 1.029490E+02 -6.27645E-05 -4.90433E-04 0.000E+00 0.000E+00  0.000E+00 -1.000E-05  0.000E+00 -1.000E-05  6.276E-05  0.000E+00  4.804E-04 4.804E-04
    14 3.452271E+00 2.797498E+01     2 1.250E+01 1.029489E+02 1.029489E+02 -6.90405E-05 -5.59473E-04 0.000E+00 0.000E+00  0.000E+00 -1.000E-05  0.000E+00 -1.000E-05  6.904E-05  0.000E+00  5.495E-04 5.495E-04
    15 3.797498E+00 3.177248E+01     2 1.250E+01 1.029488E+02 1.029488E+02 -7.59440E-05 -6.35417E-04 0.000E+00 0.000E+00  0.000E+00 -1.000E-05  0.000E+00 -1.000E-05  7.594E-05  0.000E+00  6.254E-04 6.254E-04
    16 4.177248E+00 3.594973E+01     2 1.250E+01 1.029488E+02 1.029488E+02 -8.35378E-05 -7.18955E-04 0.000E+00 0.000E+00  0.000E+00 -1.000E-05  0.000E+00 -1.000E-05  8.354E-05  0.000E+00  7.090E-04 7.090E-04
    17 4.594973E+00 4.054470E+01     2 1.250E+01 1.029487E+02 1.029487E+02 -9.18908E-05 -8.10846E-04 0.000E+00 0.000E+00  0.000E+00 -1.000E-05  0.000E+00 -1.000E-05  9.189E-05  0.000E+00  8.008E-04 8.008E-04
    18 5.054470E+00 4.559917E+01     2 1.250E+01 1.029486E+02 1.029486E+02 -1.01079E-04 -9.11925E-04 0.000E+00 0.000E+00  0.000E+00 -1.000E-05  0.000E+00 -1.000E-05  1.011E-04  0.000E+00  9.019E-04 9.019E-04
    19 5.559917E+00 5.115909E+01     2 1.250E+01 1.029484E+02 1.029484E+02 -1.11186E-04 -1.02311E-03 0.000E+00 0.000E+00  0.000E+00 -1.000E-05  0.000E+00 -1.000E-05  1.112E-04  0.000E+00  1.013E-03 1.013E-03
    20 6.115909E+00 5.727500E+01     2 1.300E+01 1.029483E+02 1.029483E+02 -1.22303E-04 -1.14541E-03 0.000E+00 0.000E+00  0.000E+00 -1.000E-05  0.000E+00 -1.000E-05  1.223E-04  0.000E+00  1.135E-03 1.135E-03
    21 6.727500E+00 6.400250E+01     2 1.300E+01 1.029482E+02 1.029482E+02 -1.34531E-04 -1.27994E-03 0.000E+00 0.000E+00  0.000E+00 -1.000E-05  0.000E+00 -1.000E-05  1.345E-04  0.000E+00  1.270E-03 1.270E-03
    22 7.400250E+00 7.140275E+01     2 1.300E+01 1.029480E+02 1.029480E+02 -1.47983E-04 -1.42793E-03 0.000E+00 0.000E+00  0.000E+00 -1.000E-05  0.000E+00 -1.000E-05  1.480E-04  0.000E+00  1.418E-03 1.418E-03
    23 8.140275E+00 7.954302E+01     2 1.300E+01 1.029479E+02 1.029479E+02 -1.62778E-04 -1.59071E-03 0.000E+00 0.000E+00  0.000E+00 -1.000E-05  0.000E+00 -1.000E-05  1.628E-04  0.000E+00  1.581E-03 1.581E-03
    24 8.954302E+00 8.849733E+01     2 1.350E+01 1.029477E+02 1.029477E+02 -1.79053E-04 -1.76976E-03 0.000E+00 0.000E+00  0.000E+00 -1.000E-05  0.000E+00 -1.000E-05  1.791E-04  0.000E+00  1.760E-03 1.760E-03
    25 9.849733E+00 9.834706E+01     2 1.350E+01 1.029475E+02 1.029475E+02 -1.96955E-04 -1.96671E-03 0.000E+00 0.000E+00  0.000E+00 -1.000E-05  0.000E+00 -1.000E-05  1.970E-04  0.000E+00  1.957E-03 1.957E-03
    26 1.083471E+01 1.091818E+02     2 1.350E+01 1.029473E+02 1.029473E+02 -2.16646E-04 -2.18336E-03 0.000E+00 0.000E+00  0.000E+00 -1.000E-05  0.000E+00 -1.000E-05  2.166E-04  0.000E+00  2.173E-03 2.173E-03
    27 1.191818E+01 1.210999E+02     2 1.350E+01 1.029471E+02 1.029471E+02 -2.38305E-04 -2.42166E-03 0.000E+00 0.000E+00  0.000E+00 -1.000E-05  0.000E+00 -1.000E-05  2.383E-04  0.000E+00  2.412E-03 2.412E-03
    28 1.310999E+01 1.342099E+02     2 1.350E+01 1.029468E+02 1.029468E+02 -2.62129E-04 -2.68379E-03 0.000E+00 0.000E+00  0.000E+00 -1.000E-05  0.000E+00 -1.000E-05  2.621E-04  0.000E+00  2.674E-03 2.674E-03
    29 1.442099E+01 1.486309E+02     2 1.350E+01 1.029465E+02 1.029465E+02 -2.88334E-04 -2.97213E-03 0.000E+00 0.000E+00  0.000E+00 -1.000E-05  0.000E+00 -1.000E-05  2.883E-04  0.000E+00  2.962E-03 2.962E-03
    30 1.586309E+01 1.644940E+02     2 1.350E+01 1.029462E+02 1.029462E+02 -3.17159E-04 -3.28929E-03 0.000E+00 0.000E+00  0.000E+00 -1.000E-05  0.000E+00 -1.000E-05  3.172E-04  0.000E+00  3.279E-03 3.279E-03
    31 1.744940E+01 1.819434E+02     2 1.350E+01 1.029458E+02 1.029458E+02 -3.48863E-04 -3.63815E-03 0.000E+00 0.000E+00  0.000E+00 -1.000E-05  0.000E+00 -1.000E-05  3.489E-04  0.000E+00  3.628E-03 3.628E-03
    32 1.919434E+01 2.011378E+02     2 1.350E+01 1.029454E+02 1.029454E+02 -3.83736E-04 -4.02189E-03 0.000E+00 0.000E+00  0.000E+00 -1.000E-05  0.000E+00 -1.000E-05  3.837E-04  0.000E+00  4.012E-03 4.012E-03
    33 2.111378E+01 2.222515E+02     2 1.350E+01 1.029450E+02 1.029450E+02 -4.22092E-04 -4.44398E-03 0.000E+00 0.000E+00  0.000E+00 -1.000E-05  0.000E+00 -1.000E-05  4.221E-04  0.000E+00  4.434E-03 4.434E-03
    34 2.322515E+01 2.454767E+02     2 1.350E+01 1.029446E+02 1.029446E+02 -4.64281E-04 -4.90826E-03 0.000E+00 0.000E+00  0.000E+00 -1.000E-05  0.000E+00 -1.000E-05  4.643E-04  0.000E+00  4.898E-03 4.898E-03
    35 2.554767E+01 2.710244E+02     2 1.350E+01 1.029441E+02 1.029441E+02 -5.10685E-04 -5.41894E-03 0.000E+00 0.000E+00  0.000E+00 -1.000E-05  0.000E+00 -1.000E-05  5.107E-04  0.000E+00  5.409E-03 5.409E-03
    36 2.810244E+01 2.991268E+02     2 1.350E+01 1.029435E+02 1.029435E+02 -5.61724E-04 -5.98067E-03 0.000E+00 0.000E+00  0.000E+00 -1.000E-05  0.000E+00 -1.000E-05  5.617E-04  0.000E+00  5.971E-03 5.971E-03
    37 3.091268E+01 3.300395E+02     2 1.400E+01 1.029429E+02 1.029429E+02 -6.17860E-04 -6.59853E-03 0.000E+00 0.000E+00  0.000E+00 -1.000E-05  0.000E+00 -1.000E-05  6.179E-04  0.000E+00  6.589E-03 6.589E-03
    38 3.400395E+01 3.640434E+02     2 1.400E+01 1.029422E+02 1.029422E+02 -6.79603E-04 -7.27813E-03 0.000E+00 0.000E+00  0.000E+00 -1.000E-05  0.000E+00 -1.000E-05  6.796E-04  0.000E+00  7.268E-03 7.268E-03
    39 3.740434E+01 4.014478E+02     2 1.400E+01 1.029414E+02 1.029414E+02 -7.47511E-04 -8.02564E-03 0.000E+00 0.000E+00  0.000E+00 -1.000E-05  0.000E+00 -1.000E-05  7.475E-04  0.000E+00  8.016E-03 8.016E-03
    40 4.114478E+01 4.425926E+02     2 1.400E+01 1.029406E+02 1.029406E+02 -8.22198E-04 -8.84784E-03 0.000E+00 0.000E+00  0.000E+00 -1.000E-05  0.000E+00 -1.000E-05  8.222E-04  0.000E+00  8.838E-03 8.838E-03
    41 4.525926E+01 4.878518E+02     2 1.400E+01 1.029397E+02 1.029397E+02 -9.04340E-04 -9.75218E-03 0.000E+00 0.000E+00  0.000E+00 -1.000E-05  0.000E+00 -1.000E-05  9.043E-04  0.000E+00  9.742E-03 9.742E-03
    42 4.978518E+01 5.376370E+02     2 1.400E+01 1.029387E+02 1.029387E+02 -9.94681E-04 -1.07469E-02 0.000E+00 0.000E+00  0.000E+00 -1.000E-05  0.000E+00 -1.000E-05  9.947E-04  0.000E+00  1.074E-02 1.074E-02
    43 5.476370E+01 5.924007E+02     2 1.400E+01 1.029376E+02 1.029376E+02 -1.09403E-03 -1.18409E-02 0.000E+00 0.000E+00  0.000E+00 -1.000E-05  0.000E+00 -1.000E-05  1.094E-03  0.000E+00  1.183E-02 1.183E-02
    44 6.024007E+01 6.526408E+02     2 1.350E+01 1.029364E+02 1.029364E+02 -1.20330E-03 -1.30442E-02 0.000E+00 0.000E+00  0.000E+00 -1.000E-05  0.000E+00 -1.000E-05  1.203E-03  0.000E+00  1.303E-02 1.303E-02
    45 6.626408E+01 7.189048E+02     3 1.333E+01 1.029351E+02 1.029351E+02 -1.32528E-03 -1.43695E-02 0.000E+00 0.000E+00  0.000E+00 -1.000E-05  0.000E+00 -1.000E-05  1.325E-03  0.000E+00  1.436E-02 1.436E-02
    46 7.289048E+01 7.917953E+02     3 1.300E+01 1.029336E+02 1.029336E+02 -1.45781E-03 -1.58273E-02 0.000E+00 0.000E+00  0.000E+00 -1.000E-05  0.000E+00 -1.000E-05  1.458E-03  0.000E+00  1.582E-02 1.582E-02
    47 8.017953E+01 8.719749E+02     3 1.300E+01 1.029320E+02 1.029320E+02 -1.60359E-03 -1.74309E-02 0.000E+00 0.000E+00  0.000E+00 -1.000E-05  0.000E+00 -1.000E-05  1.604E-03  0.000E+00  1.742E-02 1.742E-02
    48 8.819749E+01 9.601723E+02     3 1.300E+01 1.029303E+02 1.029303E+02 -1.76395E-03 -1.91948E-02 0.000E+00 0.000E+00  0.000E+00 -1.000E-05  0.000E+00 -1.000E-05  1.764E-03  0.000E+00  1.918E-02 1.918E-02
    49 9.701723E+01 1.057190E+03     3 1.300E+01 1.029283E+02 1.029283E+02 -1.94034E-03 -2.11352E-02 0.000E+00 0.000E+00  0.000E+00 -1.000E-05  0.000E+00 -1.000E-05  1.940E-03  0.000E+00  2.113E-02 2.113E-02
    50 1.067190E+02 1.163909E+03     3 1.267E+01 1.029262E+02 1.029262E+02 -2.13438E-03 -2.32695E-02 0.000E+00 0.000E+00  0.000E+00 -1.000E-05  0.000E+00 -1.000E-05  2.134E-03  0.000E+00  2.326E-02 2.326E-02
    51 1.173909E+02 1.281299E+03     3 1.300E+01 1.029239E+02 1.029239E+02 -2.34782E-03 -2.56174E-02 0.000E+00 0.000E+00  0.000E+00 -1.000E-05  0.000E+00 -1.000E-05  2.348E-03  0.000E+00  2.561E-02 2.561E-02
    52 1.291299E+02 1.410429E+03     3 1.233E+01 1.029213E+02 1.029213E+02 -2.58260E-03 -2.82000E-02 0.000E+00 0.000E+00  0.000E+00 -1.000E-05  0.000E+00 -1.000E-05  2.583E-03  0.000E+00  2.819E-02 2.819E-02
    53 1.420429E+02 1.552472E+03     3 1.233E+01 1.029184E+02 1.029184E+02 -2.84086E-03 -3.10408E-02 0.000E+00 0.000E+00  0.000E+00 -1.000E-05  0.000E+00 -1.000E-05  2.841E-03  0.000E+00  3.103E-02 3.103E-02
    54 1.562472E+02 1.708719E+03     3 1.233E+01 1.029153E+02 1.029153E+02 -3.12494E-03 -3.41658E-02 0.000E+00 0.000E+00  0.000E+00 -1.000E-05  0.000E+00 -1.000E-05  3.125E-03  0.000E+00  3.416E-02 3.416E-02
    55 1.718719E+02 1.880591E+03     3 1.233E+01 1.029119E+02 1.029119E+02 -3.43744E-03 -3.76032E-02 0.000E+00 0.000E+00  0.000E+00 -1.000E-05  0.000E+00 -1.000E-05  3.437E-03  0.000E+00  3.759E-02 3.759E-02
    56 1.890591E+02 2.069651E+03     3 1.233E+01 1.029081E+02 1.029081E+02 -3.78118E-03 -4.13844E-02 0.000E+00 0.000E+00  0.000E+00 -1.000E-05  0.000E+00 -1.000E-05  3.781E-03  0.000E+00  4.137E-02 4.137E-02
    57 2.079651E+02 2.277616E+03     3 1.167E+01 1.029039E+02 1.029039E+02 -4.15930E-03 -4.55437E-02 0.000E+00 0.000E+00  0.000E+00 -1.000E-05  0.000E+00 -1.000E-05  4.159E-03  0.000E+00  4.553E-02 4.553E-02
    58 2.287616E+02 2.506377E+03     3 1.167E+01 1.028994E+02 1.028994E+02 -4.57523E-03 -5.01189E-02 0.000E+00 0.000E+00  0.000E+00 -1.000E-05  0.000E+00 -1.000E-05  4.575E-03  0.000E+00  5.011E-02 5.011E-02
    59 2.516377E+02 2.758015E+03     3 1.133E+01 1.028943E+02 1.028943E+02 -5.03275E-03 -5.51517E-02 0.000E+00 0.000E+00  0.000E+00 -1.000E-05  0.000E+00 -1.000E-05  5.033E-03  0.000E+00  5.514E-02 5.514E-02
    60 2.768015E+02 3.034816E+03     3 1.167E+01 1.028888E+02 1.028888E+02 -5.53602E-03 -6.06877E-02 0.000E+00 0.000E+00  0.000E+00 -1.000E-05  0.000E+00 -1.000E-05  5.536E-03  0.000E+00  6.068E-02 6.068E-02
    61 3.044816E+02 3.339298E+03     3 1.167E+01 1.028827E+02 1.028827E+02 -6.08962E-03 -6.67773E-02 0.000E+00 0.000E+00  0.000E+00 -1.000E-05  0.000E+00 -1.000E-05  6.090E-03  0.000E+00  6.677E-02 6.677E-02
    62 3.349298E+02 3.674228E+03     3 1.167E+01 1.028760E+02 1.028760E+02 -6.69858E-03 -7.34759E-02 0.000E+00 0.000E+00  0.000E+00 -1.000E-05  0.000E+00 -1.000E-05  6.699E-03  0.000E+00  7.347E-02 7.347E-02
    63 3.684228E+02 4.042651E+03     3 1.133E+01 1.028686E+02 1.028686E+02 -7.36844E-03 -8.08443E-02 0.000E+00 0.000E+00  0.000E+00 -1.000E-05  0.000E+00 -1.000E-05  7.368E-03  0.000E+00  8.083E-02 8.083E-02
    64 4.052651E+02 4.447916E+03     4 1.200E+01 1.028605E+02 1.028605E+02 -8.10530E-03 -8.89496E-02 0.000E+00 0.000E+00  0.000E+00 -1.000E-05  0.000E+00 -1.000E-05  8.105E-03  0.000E+00  8.894E-02 8.894E-02
    65 4.457916E+02 4.893707E+03     4 1.200E+01 1.028516E+02 1.028516E+02 -8.91583E-03 -9.78655E-02 0.000E+00 0.000E+00  0.000E+00 -1.000E-05  0.000E+00 -1.000E-05  8.916E-03  0.000E+00  9.786E-02 9.786E-02
    66 4.903707E+02 5.384078E+03     4 1.175E+01 1.028418E+02 1.028418E+02 -9.80741E-03 -1.07673E-01 0.000E+00 0.000E+00  0.000E+00 -1.000E-05  0.000E+00 -1.000E-05  9.807E-03  0.000E+00  1.077E-01 1.077E-01
    67 5.394078E+02 5.923486E+03     4 1.100E+01 1.028310E+02 1.028310E+02 -1.07882E-02 -1.18461E-01 0.000E+00 0.000E+00  0.000E+00 -1.000E-05  0.000E+00 -1.000E-05  1.079E-02  0.000E+00  1.185E-01 1.185E-01
    68 5.933486E+02 6.516834E+03     4 1.150E+01 1.028192E+02 1.028191E+02 -1.18670E-02 -1.30328E-01 0.000E+00 0.000E+00  0.000E+00 -1.000E-05  0.000E+00 -1.000E-05  1.187E-02  0.000E+00  1.303E-01 1.303E-01
    69 6.526834E+02 7.169518E+03     4 1.125E+01 1.028061E+02 1.028061E+02 -1.30536E-02 -1.43382E-01 0.000E+00 0.000E+00  0.000E+00 -1.000E-05  0.000E+00 -1.000E-05  1.305E-02  0.000E+00  1.434E-01 1.434E-01
    70 7.179518E+02 7.887470E+03     4 1.100E+01 1.027918E+02 1.027917E+02 -1.43590E-02 -1.57741E-01 0.000E+00 0.000E+00  0.000E+00 -1.000E-05  0.000E+00 -1.000E-05  1.436E-02  0.000E+00  1.577E-01 1.577E-01
    71 7.897470E+02 8.677217E+03     4 1.125E+01 1.027760E+02 1.027759E+02 -1.57947E-02 -1.73535E-01 0.000E+00 0.000E+00  0.000E+00 -1.000E-05  0.000E+00 -1.000E-05  1.579E-02  0.000E+00  1.735E-01 1.735E-01
    72 8.687217E+02 9.545938E+03     4 1.150E+01 1.027586E+02 1.027586E+02 -1.73724E-02 -1.90908E-01 0.000E+00 0.000E+00  0.000E+00 -1.000E-05  0.000E+00 -1.000E-05  1.737E-02  0.000E+00  1.909E-01 1.909E-01
    73 9.555938E+02 1.050153E+04     5 1.320E+01 1.027395E+02 1.027395E+02 -1.91053E-02 -2.10013E-01 0.000E+00 0.000E+00  0.000E+00 -1.000E-05  0.000E+00 -1.000E-05  1.911E-02  0.000E+00  2.100E-01 2.100E-01
    74 9.555938E+02 1.145713E+04     5 1.280E+01 1.027204E+02 1.027204E+02 -1.90988E-02 -2.29112E-01 0.000E+00 0.000E+00  0.000E+00 -1.000E-05  0.000E+00 -1.000E-05  1.910E-02  0.000E+00  2.291E-01 2.291E-01
    75 9.555938E+02 1.241272E+04     5 1.320E+01 1.027013E+02 1.027013E+02 -1.90887E-02 -2.48201E-01 0.000E+00 0.000E+00  0.000E+00 -1.000E-05  0.000E+00 -1.000E-05  1.909E-02  0.000E+00  2.482E-01 2.482E-01
    76 9.555938E+02 1.336831E+04     5 1.300E+01 1.026823E+02 1.026822E+02 -1.90769E-02 -2.67277E-01 0.000E+00 0.000E+00  0.000E+00 -1.000E-05  0.000E+00 -1.000E-05  1.908E-02  0.000E+00  2.673E-01 2.673E-01
    77 9.555938E+02 1.432391E+04     5 1.320E+01 1.026632E+02 1.026631E+02 -1.90629E-02 -2.86340E-01 0.000E+00 0.000E+00  0.000E+00 -1.000E-05  0.000E+00 -1.000E-05  1.906E-02  0.000E+00  2.863E-01 2.863E-01
    78 9.555938E+02 1.527950E+04     5 1.300E+01 1.026442E+02 1.026441E+02 -1.90445E-02 -3.05385E-01 0.000E+00 0.000E+00  0.000E+00 -1.000E-05  0.000E+00 -1.000E-05  1.904E-02  0.000E+00  3.054E-01 3.054E-01
    79 9.555938E+02 1.623509E+04     5 1.300E+01 1.026252E+02 1.026251E+02 -1.90227E-02 -3.24408E-01 0.000E+00 0.000E+00  0.000E+00 -1.000E-05  0.000E+00 -1.000E-05  1.902E-02  0.000E+00  3.244E-01 3.244E-01
    80 9.555938E+02 1.719069E+04     5 1.260E+01 1.026062E+02 1.026061E+02 -1.89967E-02 -3.43404E-01 0.000E+00 0.000E+00  0.000E+00 -1.000E-05  0.000E+00 -1.000E-05  1.900E-02  0.000E+00  3.434E-01 3.434E-01
    81 9.555938E+02 1.814628E+04     5 1.280E+01 1.025873E+02 1.025871E+02 -1.89655E-02 -3.62370E-01 0.000E+00 0.000E+00  0.000E+00 -1.000E-05  0.000E+00 -1.000E-05  1.897E-02  0.000E+00  3.624E-01 3.624E-01
    82 9.555938E+02 1.910188E+04     5 1.280E+01 1.025684E+02 1.025682E+02 -1.89276E-02 -3.81297E-01 0.000E+00 0.000E+00  0.000E+00 -1.000E-05  0.000E+00 -1.000E-05  1.893E-02  0.000E+00  3.813E-01 3.813E-01
    83 9.555938E+02 2.005747E+04     5 1.260E+01 1.025495E+02 1.025493E+02 -1.88800E-02 -4.00177E-01 0.000E+00 0.000E+00  0.000E+00 -1.000E-05  0.000E+00 -1.000E-05  1.888E-02  0.000E+00  4.002E-01 4.002E-01
    84 9.555938E+02 2.101306E+04     5 1.280E+01 1.025307E+02 1.025305E+02 -1.88217E-02 -4.18999E-01 0.000E+00 0.000E+00  0.000E+00 -1.000E-05  0.000E+00 -1.000E-05  1.882E-02  0.000E+00  4.190E-01 4.190E-01
    85 9.555938E+02 2.196866E+04     5 1.300E+01 1.025120E+02 1.025117E+02 -1.87496E-02 -4.37749E-01 0.000E+00 0.000E+00  0.000E+00 -1.000E-05  0.000E+00 -1.000E-05  1.875E-02  0.000E+00  4.377E-01 4.377E-01
    86 9.555938E+02 2.292425E+04     5 1.280E+01 1.024934E+02 1.024931E+02 -1.86588E-02 -4.56407E-01 0.000E+00 0.000E+00  0.000E+00 -1.000E-05  0.000E+00 -1.000E-05  1.866E-02  0.000E+00  4.564E-01 4.564E-01
    87 9.555938E+02 2.387985E+04     5 1.300E+01 1.024749E+02 1.024745E+02 -1.85433E-02 -4.74951E-01 0.000E+00 0.000E+00  0.000E+00 -1.000E-05  0.000E+00 -1.000E-05  1.854E-02  0.000E+00  4.749E-01 4.749E-01
    88 9.555938E+02 2.483544E+04     5 1.300E+01 1.024566E+02 1.024561E+02 -1.83961E-02 -4.93347E-01 0.000E+00 0.000E+00  0.000E+00 -1.000E-05  0.000E+00 -1.000E-05  1.840E-02  0.000E+00  4.933E-01 4.933E-01
    89 9.555938E+02 2.579103E+04     5 1.300E+01 1.024384E+02 1.024379E+02 -1.82104E-02 -5.11557E-01 0.000E+00 0.000E+00  0.000E+00 -1.000E-05  0.000E+00 -1.000E-05  1.821E-02  0.000E+00  5.115E-01 5.115E-01
    90 9.555938E+02 2.674663E+04     5 1.320E+01 1.024205E+02 1.024199E+02 -1.79826E-02 -5.29540E-01 0.000E+00 0.000E+00  0.000E+00 -1.000E-05  0.000E+00 -1.000E-05  1.798E-02  0.000E+00  5.295E-01 5.295E-01
    91 9.555938E+02 2.770222E+04     4 1.100E+01 1.024029E+02 1.024022E+02 -1.77144E-02 -5.47254E-01 0.000E+00 0.000E+00  0.000E+00 -1.000E-05  0.000E+00 -1.000E-05  1.771E-02  0.000E+00  5.472E-01 5.472E-01
    92 1.000000E+03 2.870222E+04     4 1.125E+01 1.023848E+02 1.023840E+02 -1.82266E-02 -5.65481E-01 0.000E+00 0.000E+00  0.000E+00 -1.000E-05  0.000E+00 -1.000E-05  1.823E-02  0.000E+00  5.655E-01 5.655E-01
    93 1.000000E+03 2.970222E+04     4 1.150E+01 1.023670E+02 1.023661E+02 -1.78840E-02 -5.83365E-01 0.000E+00 0.000E+00  0.000E+00 -1.000E-05  0.000E+00 -1.000E-05  1.788E-02  0.000E+00  5.834E-01 5.834E-01
    94 1.000000E+03 3.070222E+04     4 1.150E+01 1.023496E+02 1.023486E+02 -1.75409E-02 -6.00906E-01 0.000E+00 0.000E+00  0.000E+00 -1.000E-05  0.000E+00 -1.000E-05  1.754E-02  0.000E+00  6.009E-01 6.009E-01
    95 1.000000E+03 3.170222E+04     4 1.150E+01 1.023325E+02 1.023314E+02 -1.72074E-02 -6.18113E-01 0.000E+00 0.000E+00  0.000E+00 -1.000E-05  0.000E+00 -1.000E-05  1.721E-02  0.000E+00  6.181E-01 6.181E-01
    96 1.000000E+03 3.270222E+04     4 1.125E+01 1.023157E+02 1.023145E+02 -1.68901E-02 -6.35003E-01 0.000E+00 0.000E+00  0.000E+00 -1.000E-05  0.000E+00 -1.000E-05  1.689E-02  0.000E+00  6.350E-01 6.350E-01
    97 1.000000E+03 3.370222E+04     4 1.175E+01 1.022993E+02 1.022979E+02 -1.65923E-02 -6.51595E-01 0.000E+00 0.000E+00  0.000E+00 -1.000E-05  0.000E+00 -1.000E-05  1.659E-02  0.000E+00  6.516E-01 6.516E-01
    98 1.000000E+03 3.470222E+04     4 1.200E+01 1.022831E+02 1.022816E+02 -1.63115E-02 -6.67907E-01 0.000E+00 0.000E+00  0.000E+00 -1.000E-05  0.000E+00 -1.000E-05  1.631E-02  0.000E+00  6.679E-01 6.679E-01
    99 1.000000E+03 3.570222E+04     4 1.200E+01 1.022671E+02 1.022655E+02 -1.60440E-02 -6.83951E-01 0.000E+00 0.000E+00  0.000E+00 -1.000E-05  0.000E+00 -1.000E-05  1.604E-02  0.000E+00  6.839E-01 6.839E-01
   100 1.000000E+03 3.670222E+04     4 1.200E+01 1.022514E+02 1.022497E+02 -1.57897E-02 -6.99741E-01 0.000E+00 0.000E+00  0.000E+00 -1.000E-05  0.000E+00 -1.000E-05  1.579E-02  0.000E+00  6.997E-01 6.997E-01
   101 1.000000E+03 3.770222E+04     4 1.250E+01 1.022373E+02 1.022355E+02 -1.42031E-02 -7.13944E-01 0.000E+00 0.000E+00  0.000E+00 -1.000E-05  0.000E+00 -1.000E-05  1.420E-02  0.000E+00  7.139E-01 7.139E-01
   102 1.000000E+03 3.870222E+04     4 1.275E+01 1.022254E+02 1.022236E+02 -1.19532E-02 -7.25897E-01 0.000E+00 0.000E+00  0.000E+00 -1.000E-05  0.000E+00 -1.000E-05  1.195E-02  0.000E+00  7.259E-01 7.259E-01
   103 1.000000E+03 3.970222E+04     4 1.300E+01 1.022157E+02 1.022138E+02 -9.78514E-03 -7.35682E-01 0.000E+00 0.000E+00  0.000E+00 -1.000E-05  0.000E+00 -1.000E-05  9.785E-03  0.000E+00  7.357E-01 7.357E-01
   104 1.000000E+03 4.070222E+04     4 1.375E+01 1.022080E+02 1.022061E+02 -7.67545E-03 -7.43357E-01 0.000E+00 0.000E+00  0.000E+00 -1.000E-05  0.000E+00 -1.000E-05  7.675E-03  0.000E+00  7.433E-01 7.433E-01
   105 1.000000E+03 4.170222E+04     4 1.450E+01 1.022025E+02 1.022005E+02 -5.60725E-03 -7.48965E-01 0.000E+00 0.000E+00  0.000E+00 -1.000E-05  0.000E+00 -1.000E-05  5.607E-03  0.000E+00  7.490E-01 7.490E-01
   106 1.000000E+03 4.270222E+04     4 1.575E+01 1.021989E+02 1.021969E+02 -3.56797E-03 -7.52533E-01 0.000E+00 0.000E+00  0.000E+00 -1.000E-05  0.000E+00 -1.000E-05  3.568E-03  0.000E+00  7.525E-01 7.525E-01
   107 1.000000E+03 4.370222E+04     3 1.533E+01 1.021974E+02 1.021954E+02 -1.54715E-03 -7.54080E-01 0.000E+00 0.000E+00  0.000E+00 -1.000E-05  0.000E+00 -1.000E-05  1.547E-03  0.000E+00  7.541E-01 7.541E-01
   108 1.000000E+03 4.470222E+04     3 1.833E+01 1.021974E+02 1.021954E+02 -8.92777E-08 -7.54080E-01 0.000E+00 0.000E+00  0.000E+00 -1.000E-05  0.000E+00 -1.000E-05  8.928E-08  0.000E+00  7.541E-01 7.541E-01
   109 1.000000E+03 4.570222E+04     3 1.800E+01 1.021974E+02 1.021954E+02 -8.58736E-08 -7.54080E-01 0.000E+00 0.000E+00  0.000E+00 -1.000E-05  0.000E+00 -1.000E-05  8.587E-08  0.000E+00  7.541E-01 7.541E-01
   110 1.000000E+03 4.670222E+04     3 1.767E+01 1.021974E+02 1.021954E+02 -8.28389E-08 -7.54080E-01 0.000E+00 0.000E+00  0.000E+00 -1.000E-05  0.000E+00 -1.000E-05  8.284E-08  0.000E+00  7.541E-01 7.541E-01
   111 1.000000E+03 4.770222E+04     3 1.767E+01 1.021974E+02 1.021954E+02 -8.00856E-08 -7.54080E-01 0.000E+00 0.000E+00  0.000E+00 -1.000E-05  0.000E+00 -1.000E-05  8.009E-08  0.000E+00  7.541E-01 7.541E-01
   112 1.000000E+03 4.870222E+04     3 1.800E+01 1.021974E+02 1.021954E+02 -7.75537E-08 -7.54080E-01 0.000E+00 0.000E+00  0.000E+00 -1.000E-05  0.000E+00 -1.000E-05  7.755E-08  0.000E+00  7.541E-01 7.541E-01
   113 1.000000E+03 4.970222E+04     3 1.833E+01 1.021974E+02 1.021954E+02 -7.52011E-08 -7.54080E-01 0.000E+00 0.000E+00  0.000E+00 -1.000E-05  0.000E+00 -1.000E-05  7.520E-08  0.000E+00  7.541E-01 7.541E-01
   114 1.000000E+03 5.070222E+04     3 1.833E+01 1.021974E+02 1.021954E+02 -7.29977E-08 -7.54080E-01 0.000E+00 0.000E+00  0.000E+00 -1.000E-05  0.000E+00 -1.000E-05  7.300E-08  0.000E+00  7.541E-01 7.541E-01
   115 1.000000E+03 5.170222E+04     3 1.833E+01 1.021974E+02 1.021954E+02 -7.09215E-08 -7.54080E-01 0.000E+00 0.000E+00  0.000E+00 -1.000E-05  0.000E+00 -1.000E-05  7.092E-08  0.000E+00  7.541E-01 7.541E-01
   116 1.000000E+03 5.270222E+04     3 1.800E+01 1.021973E+02 1.021954E+02 -6.89559E-08 -7.54080E-01 0.000E+00 0.000E+00  0.000E+00 -1.000E-05  0.000E+00 -1.000E-05  6.896E-08  0.000E+00  7.541E-01 7.541E-01
   117 1.000000E+03 5.370222E+04     3 1.800E+01 1.021973E+02 1.021954E+02 -6.70882E-08 -7.54081E-01 0.000E+00 0.000E+00  0.000E+00 -1.000E-05  0.000E+00 -1.000E-05  6.709E-08  0.000E+00  7.541E-01 7.541E-01
   118 1.000000E+03 5.470222E+04     3 1.800E+01 1.021973E+02 1.021954E+02 -6.53086E-08 -7.54081E-01 0.000E+00 0.000E+00  0.000E+00 -1.000E-05  0.000E+00 -1.000E-05  6.531E-08  0.000E+00  7.541E-01 7.541E-01
   119 1.000000E+03 5.570222E+04     3 1.800E+01 1.021973E+02 1.021954E+02 -6.36090E-08 -7.54081E-01 0.000E+00 0.000E+00  0.000E+00 -1.000E-05  0.000E+00 -1.000E-05  6.361E-08  0.000E+00  7.541E-01 7.541E-01
   120 1.000000E+03 5.670222E+04     3 1.800E+01 1.021973E+02 1.021954E+02 -6.19827E-08 -7.54081E-01 0.000E+00 0.000E+00  0.000E+00 -1.000E-05  0.000E+00 -1.000E-05  6.198E-08  0.000E+00  7.541E-01 7.541E-01
   121 1.000000E+03 5.770222E+04     3 1.833E+01 1.021973E+02 1.021954E+02 -6.04242E-08 -7.54081E-01 0.000E+00 0.000E+00  0.000E+00 -1.000E-05  0.000E+00 -1.000E-05  6.042E-08  0.000E+00  7.541E-01 7.541E-01
   122 1.000000E+03 5.870222E+04     3 1.800E+01 1.021973E+02 1.021954E+02 -5.89288E-08 -7.54081E-01 0.000E+00 0.000E+00  0.000E+00 -1.000E-05  0.000E+00 -1.000E-05  5.893E-08  0.000E+00  7.541E-01 7.541E-01
   123 1.000000E+03 5.970222E+04     3 1.833E+01 1.021973E+02 1.021954E+02 -5.74922E-08 -7.54081E-01 0.000E+00 0.000E+00  0.000E+00 -1.000E-05  0.000E+00 -1.000E-05  5.749E-08  0.000E+00  7.541E-01 7.541E-01
   124 1.000000E+03 6.070222E+04     3 1.800E+01 1.021973E+02 1.021954E+02 -5.61109E-08 -7.54081E-01 0.000E+00 0.000E+00  0.000E+00 -1.000E-05  0.000E+00 -1.000E-05  5.611E-08  0.000E+00  7.541E-01 7.541E-01
   125 1.000000E+03 6.170222E+04     3 1.833E+01 1.021973E+02 1.021954E+02 -5.47815E-08 -7.54081E-01 0.000E+00 0.000E+00  0.000E+00 -1.000E-05  0.000E+00 -1.000E-05  5.478E-08  0.000E+00  7.541E-01 7.541E-01
   126 1.000000E+03 6.270222E+04     3 1.833E+01 1.021973E+02 1.021954E+02 -5.35013E-08 -7.54081E-01 0.000E+00 0.000E+00  0.000E+00 -1.000E-05  0.000E+00 -1.000E-05  5.350E-08  0.000E+00  7.541E-01 7.541E-01
   127 1.000000E+03 6.370222E+04     3 1.833E+01 1.021973E+02 1.021954E+02 -5.22674E-08 -7.54081E-01 0.000E+00 0.000E+00  0.000E+00 -1.000E-05  0.000E+00 -1.000E-05  5.227E-08  0.000E+00  7.541E-01 7.541E-01
   128 1.000000E+03 6.470222E+04     3 1.867E+01 1.021973E+02 1.021954E+02 -5.10774E-08 -7.54081E-01 0.000E+00 0.000E+00  0.000E+00 -1.000E-05  0.000E+00 -1.000E-05  5.108E-08  0.000E+00  7.541E-01 7.541E-01
   129 1.000000E+03 6.570222E+04     3 1.867E+01 1.021973E+02 1.021954E+02 -4.99292E-08 -7.54081E-01 0.000E+00 0.000E+00  0.000E+00 -1.000E-05  0.000E+00 -1.000E-05  4.993E-08  0.000E+00  7.541E-01 7.541E-01
   130 1.000000E+03 6.670222E+04     3 1.833E+01 1.021973E+02 1.021954E+02 -4.88207E-08 -7.54081E-01 0.000E+00 0.000E+00  0.000E+00 -1.000E-05  0.000E+00 -1.000E-05  4.882E-08  0.000E+00  7.541E-01 7.541E-01
   131 1.000000E+03 6.770222E+04     3 1.467E+01 1.021953E+02 1.021934E+02 -2.01552E-03 -7.56097E-01 0.000E+00 0.000E+00  0.000E+00 -1.000E-05  0.000E+00 -1.000E-05  2.016E-03  0.000E+00  7.561E-01 7.561E-01
   132 1.000000E+03 6.870222E+04     4 1.500E+01 1.021913E+02 1.021893E+02 -4.03246E-03 -7.60129E-01 0.000E+00 0.000E+00  0.000E+00 -1.000E-05  0.000E+00 -1.000E-05  4.032E-03  0.000E+00  7.601E-01 7.601E-01
   133 1.000000E+03 6.970222E+04     4 1.450E+01 1.021853E+02 1.021833E+02 -6.03254E-03 -7.66162E-01 0.000E+00 0.000E+00  0.000E+00 -1.000E-05  0.000E+00 -1.000E-05  6.033E-03  0.000E+00  7.662E-01 7.662E-01
   134 1.000000E+03 7.070222E+04     4 1.375E+01 1.021774E+02 1.021753E+02 -8.00498E-03 -7.74167E-01 0.000E+00 0.000E+00  0.000E+00 -1.000E-05  0.000E+00 -1.000E-05  8.005E-03  0.000E+00  7.742E-01 7.742E-01
   135 1.000000E+03 7.170222E+04     4 1.350E+01 1.021675E+02 1.021654E+02 -9.93915E-03 -7.84106E-01 0.000E+00 0.000E+00  0.000E+00 -1.000E-05  0.000E+00 -1.000E-05  9.939E-03  0.000E+00  7.841E-01 7.841E-01
   136 1.000000E+03 7.270222E+04     4 1.275E+01 1.021557E+02 1.021535E+02 -1.18248E-02 -7.95931E-01 0.000E+00 0.000E+00  0.000E+00 -1.000E-05  0.000E+00 -1.000E-05  1.182E-02  0.000E+00  7.959E-01 7.959E-01
   137 1.000000E+03 7.370222E+04     4 1.275E+01 1.021422E+02 1.021399E+02 -1.36525E-02 -8.09583E-01 0.000E+00 0.000E+00  0.000E+00 -1.000E-05  0.000E+00 -1.000E-05  1.365E-02  0.000E+00  8.096E-01 8.096E-01
   138 1.000000E+03 7.470222E+04     4 1.225E+01 1.021280E+02 1.021256E+02 -1.42890E-02 -8.23872E-01 0.000E+00 0.000E+00  0.000E+00 -1.000E-05  0.000E+00 -1.000E-05  1.429E-02  0.000E+00  8.239E-01 8.239E-01
   139 1.000000E+03 7.570222E+04     4 1.250E+01 1.021139E+02 1.021115E+02 -1.41129E-02 -8.37985E-01 0.000E+00 0.000E+00  0.000E+00 -1.000E-05  0.000E+00 -1.000E-05  1.411E-02  0.000E+00  8.380E-01 8.380E-01
   140 1.000000E+03 7.670222E+04     4 1.275E+01 1.021000E+02 1.020975E+02 -1.39511E-02 -8.51936E-01 0.000E+00 0.000E+00  0.000E+00 -1.000E-05  0.000E+00 -1.000E-05  1.395E-02  0.000E+00  8.519E-01 8.519E-01
   141 1.000000E+03 7.770222E+04     4 1.250E+01 1.020863E+02 1.020837E+02 -1.38065E-02 -8.65743E-01 0.000E+00 0.000E+00  0.000E+00 -1.000E-05  0.000E+00 -1.000E-05  1.381E-02  0.000E+00  8.657E-01 8.657E-01
   142 1.000000E+03 7.870222E+04     4 1.275E+01 1.020727E+02 1.020700E+02 -1.36799E-02 -8.79423E-01 0.000E+00 0.000E+00  0.000E+00 -1.000E-05  0.000E+00 -1.000E-05  1.368E-02  0.000E+00  8.794E-01 8.794E-01
   143 1.000000E+03 7.970222E+04     4 1.275E+01 1.020592E+02 1.020565E+02 -1.35697E-02 -8.92992E-01 0.000E+00 0.000E+00  0.000E+00 -1.000E-05  0.000E+00 -1.000E-05  1.357E-02  0.000E+00  8.930E-01 8.930E-01
   144 1.000000E+03 8.070222E+04     4 1.275E+01 1.020458E+02 1.020430E+02 -1.34728E-02 -9.06465E-01 0.000E+00 0.000E+00  0.000E+00 -1.000E-05  0.000E+00 -1.000E-05  1.347E-02  0.000E+00  9.065E-01 9.065E-01
   145 1.000000E+03 8.170222E+04     4 1.275E+01 1.020324E+02 1.020296E+02 -1.33851E-02 -9.19850E-01 0.000E+00 0.000E+00  0.000E+00 -1.000E-05  0.000E+00 -1.000E-05  1.339E-02  0.000E+00  9.198E-01 9.198E-01
   146 1.000000E+03 8.270222E+04     4 1.275E+01 1.020192E+02 1.020163E+02 -1.33025E-02 -9.33153E-01 0.000E+00 0.000E+00  0.000E+00 -1.000E-05  0.000E+00 -1.000E-05  1.330E-02  0.000E+00  9.331E-01 9.331E-01
   147 1.000000E+03 8.370222E+04     4 1.300E+01 1.020060E+02 1.020031E+02 -1.32216E-02 -9.46374E-01 0.000E+00 0.000E+00  0.000E+00 -1.000E-05  0.000E+00 -1.000E-05  1.322E-02  0.000E+00  9.464E-01 9.464E-01
   148 1.000000E+03 8.470222E+04     4 1.275E+01 1.019929E+02 1.019900E+02 -1.31398E-02 -9.59514E-01 0.000E+00 0.000E+00  0.000E+00 -1.000E-05  0.000E+00 -1.000E-05  1.314E-02  0.000E+00  9.595E-01 9.595E-01
   149 1.000000E+03 8.570222E+04     4 1.300E+01 1.019799E+02 1.019769E+02 -1.30554E-02 -9.72570E-01 0.000E+00 0.000E+00  0.000E+00 -1.000E-05  0.000E+00 -1.000E-05  1.306E-02  0.000E+00  9.726E-01 9.726E-01
   150 1.000000E+03 8.670222E+04     4 1.300E+01 1.019670E+02 1.019639E+02 -1.29675E-02 -9.85537E-01 0.000E+00 0.000E+00  0.000E+00 -1.000E-05  0.000E+00 -1.000E-05  1.297E-02  0.000E+00  9.855E-01 9.855E-01
   151 1.000000E+03 8.770222E+04     4 1.325E+01 1.019542E+02 1.019511E+02 -1.28760E-02 -9.98413E-01 0.000E+00 0.000E+00  0.000E+00 -1.000E-05  0.000E+00 -1.000E-05  1.288E-02  0.000E+00  9.984E-01 9.984E-01
   152 1.000000E+03 8.870222E+04     4 1.350E+01 1.019415E+02 1.019383E+02 -1.27817E-02 -1.01119E+00 0.000E+00 0.000E+00  0.000E+00 -1.000E-05  0.000E+00 -1.000E-05  1.278E-02  0.000E+00  1.011E+00 1.011E+00
   153 1.000000E+03 8.970222E+04     4 1.350E+01 1.019289E+02 1.019256E+02 -1.26860E-02 -1.02388E+00 0.000E+00 0.000E+00  0.000E+00 -1.000E-05  0.000E+00 -1.000E-05  1.269E-02  0.000E+00  1.024E+00 1.024E+00
   154 1.000000E+03 9.070222E+04     4 1.350E+01 1.019163E+02 1.019130E+02 -1.25907E-02 -1.03647E+00 0.000E+00 0.000E+00  0.000E+00 -1.000E-05  0.000E+00 -1.000E-05  1.259E-02  0.000E+00  1.036E+00 1.036E+00
   155 1.000000E+03 9.170222E+04     4 1.375E+01 1.019039E+02 1.019005E+02 -1.24979E-02 -1.04897E+00 0.000E+00 0.000E+00  0.000E+00 -1.000E-05  0.000E+00 -1.000E-05  1.250E-02  0.000E+00  1.049E+00 1.049E+00
   156 1.000000E+03 9.270222E+04     4 1.400E+01 1.018915E+02 1.018881E+02 -1.24096E-02 -1.06138E+00 0.000E+00 0.000E+00  0.000E+00 -1.000E-05  0.000E+00 -1.000E-05  1.241E-02  0.000E+00  1.061E+00 1.061E+00
   157 1.000000E+03 9.370222E+04     4 1.375E+01 1.018793E+02 1.018758E+02 -1.23275E-02 -1.07371E+00 0.000E+00 0.000E+00  0.000E+00 -1.000E-05  0.000E+00 -1.000E-05  1.233E-02  0.000E+00  1.074E+00 1.074E+00
   158 1.000000E+03 9.470222E+04     4 1.400E+01 1.018671E+02 1.018635E+02 -1.22523E-02 -1.08596E+00 0.000E+00 0.000E+00  0.000E+00 -1.000E-05  0.000E+00 -1.000E-05  1.225E-02  0.000E+00  1.086E+00 1.086E+00
   159 1.000000E+03 9.570222E+04     4 1.375E+01 1.018549E+02 1.018513E+02 -1.21842E-02 -1.09814E+00 0.000E+00 0.000E+00  0.000E+00 -1.000E-05  0.000E+00 -1.000E-05  1.218E-02  0.000E+00  1.098E+00 1.098E+00
   160 1.000000E+03 9.670222E+04     4 1.375E+01 1.018429E+02 1.018392E+02 -1.21227E-02 -1.11027E+00 0.000E+00 0.000E+00  0.000E+00 -1.000E-05  0.000E+00 -1.000E-05  1.212E-02  0.000E+00  1.110E+00 1.110E+00
   161 1.000000E+03 9.770222E+04     4 1.375E+01 1.018308E+02 1.018271E+02 -1.20671E-02 -1.12233E+00 0.000E+00 0.000E+00  0.000E+00 -1.000E-05  0.000E+00 -1.000E-05  1.207E-02  0.000E+00  1.122E+00 1.122E+00
   162 1.000000E+03 9.870222E+04     4 1.400E+01 1.018189E+02 1.018151E+02 -1.20162E-02 -1.13435E+00 0.000E+00 0.000E+00  0.000E+00 -1.000E-05  0.000E+00 -1.000E-05  1.202E-02  0.000E+00  1.134E+00 1.134E+00
   163 1.000000E+03 9.970222E+04     4 1.375E+01 1.018069E+02 1.018032E+02 -1.19688E-02 -1.14632E+00 0.000E+00 0.000E+00  0.000E+00 -1.000E-05  0.000E+00 -1.000E-05  1.197E-02  0.000E+00  1.146E+00 1.146E+00
   164 1.000000E+03 1.007022E+05     4 1.375E+01 1.017950E+02 1.017912E+02 -1.19237E-02 -1.15824E+00 0.000E+00 0.000E+00  0.000E+00 -1.000E-05  0.000E+00 -1.000E-05  1.192E-02  0.000E+00  1.158E+00 1.158E+00
   165 1.000000E+03 1.017022E+05     4 1.375E+01 1.017832E+02 1.017794E+02 -1.18796E-02 -1.17012E+00 0.000E+00 0.000E+00  0.000E+00 -1.000E-05  0.000E+00 -1.000E-05  1.188E-02  0.000E+00  1.170E+00 1.170E+00
   166 1.000000E+03 1.027022E+05     4 1.375E+01 1.017714E+02 1.017675E+02 -1.18359E-02 -1.18196E+00 0.000E+00 0.000E+00  0.000E+00 -1.000E-05  0.000E+00 -1.000E-05  1.184E-02  0.000E+00  1.182E+00 1.182E+00
   167 1.000000E+03 1.037022E+05     4 1.375E+01 1.017597E+02 1.017557E+02 -1.17917E-02 -1.19375E+00 0.000E+00 0.000E+00  0.000E+00 -1.000E-05  0.000E+00 -1.000E-05  1.179E-02  0.000E+00  1.194E+00 1.194E+00
   168 1.000000E+03 1.047022E+05     4 1.375E+01 1.017480E+02 1.017440E+02 -1.17465E-02 -1.20550E+00 0.000E+00 0.000E+00  0.000E+00 -1.000E-05  0.000E+00 -1.000E-05  1.175E-02  0.000E+00  1.205E+00 1.205E+00
   169 1.000000E+03 1.057022E+05     4 1.375E+01 1.017363E+02 1.017323E+02 -1.16996E-02 -1.21719E+00 0.000E+00 0.000E+00  0.000E+00 -1.000E-05  0.000E+00 -1.000E-05  1.170E-02  0.000E+00  1.217E+00 1.217E+00
   170 1.000000E+03 1.067022E+05     4 1.375E+01 1.017247E+02 1.017206E+02 -1.16508E-02 -1.22885E+00 0.000E+00 0.000E+00  0.000E+00 -1.000E-05  0.000E+00 -1.000E-05  1.165E-02  0.000E+00  1.229E+00 1.229E+00
   171 1.000000E+03 1.077022E+05     4 1.375E+01 1.017131E+02 1.017090E+02 -1.15998E-02 -1.24045E+00 0.000E+00 0.000E+00  0.000E+00 -1.000E-05  0.000E+00 -1.000E-05  1.160E-02  0.000E+00  1.240E+00 1.240E+00
   172 1.000000E+03 1.087022E+05     4 1.375E+01 1.017017E+02 1.016975E+02 -1.15465E-02 -1.25199E+00 0.000E+00 0.000E+00  0.000E+00 -1.000E-05  0.000E+00 -1.000E-05  1.155E-02  0.000E+00  1.252E+00 1.252E+00
   173 1.000000E+03 1.097022E+05     4 1.350E+01 1.016902E+02 1.016860E+02 -1.14910E-02 -1.26348E+00 0.000E+00 0.000E+00  0.000E+00 -1.000E-05  0.000E+00 -1.000E-05  1.149E-02  0.000E+00  1.263E+00 1.263E+00
   174 1.000000E+03 1.107022E+05     4 1.350E+01 1.016788E+02 1.016746E+02 -1.14335E-02 -1.27492E+00 0.000E+00 0.000E+00  0.000E+00 -1.000E-05  0.000E+00 -1.000E-05  1.143E-02  0.000E+00  1.275E+00 1.275E+00
   175 1.000000E+03 1.117022E+05     4 1.375E+01 1.016683E+02 1.016640E+02 -1.05667E-02 -1.28548E+00 0.000E+00 0.000E+00  0.000E+00 -1.000E-05  0.000E+00 -1.000E-05  1.057E-02  0.000E+00  1.285E+00 1.285E+00
   176 1.000000E+03 1.127022E+05     4 1.425E+01 1.016594E+02 1.016550E+02 -8.98789E-03 -1.29447E+00 0.000E+00 0.000E+00  0.000E+00 -1.000E-05  0.000E+00 -1.000E-05  8.988E-03  0.000E+00  1.294E+00 1.294E+00
   177 1.000000E+03 1.137022E+05     4 1.450E+01 1.016520E+02 1.016476E+02 -7.42986E-03 -1.30190E+00 0.000E+00 0.000E+00  0.000E+00 -1.000E-05  0.000E+00 -1.000E-05  7.430E-03  0.000E+00  1.302E+00 1.302E+00
   178 1.000000E+03 1.147022E+05     4 1.425E+01 1.016461E+02 1.016417E+02 -5.88934E-03 -1.30779E+00 0.000E+00 0.000E+00  0.000E+00 -1.000E-05  0.000E+00 -1.000E-05  5.889E-03  0.000E+00  1.308E+00 1.308E+00
   179 1.000000E+03 1.157022E+05     4 1.575E+01 1.016418E+02 1.016373E+02 -4.36268E-03 -1.31215E+00 0.000E+00 0.000E+00  0.000E+00 -1.000E-05  0.000E+00 -1.000E-05  4.363E-03  0.000E+00  1.312E+00 1.312E+00
   180 1.000000E+03 1.167022E+05     4 1.700E+01 1.016389E+02 1.016345E+02 -2.84610E-03 -1.31500E+00 0.000E+00 0.000E+00  0.000E+00 -1.000E-05  0.000E+00 -1.000E-05  2.846E-03  0.000E+00  1.315E+00 1.315E+00
   181 1.000000E+03 1.177022E+05     4 1.750E+01 1.016376E+02 1.016331E+02 -1.33580E-03 -1.31633E+00 0.000E+00 0.000E+00  0.000E+00 -1.000E-05  0.000E+00 -1.000E-05  1.336E-03  0.000E+00  1.316E+00 1.316E+00
   182 1.000000E+03 1.187022E+05     3 1.867E+01 1.016376E+02 1.016331E+02 -2.66530E-07 -1.31634E+00 0.000E+00 0.000E+00  0.000E+00 -1.000E-05  0.000E+00 -1.000E-05  2.665E-07  0.000E+00  1.316E+00 1.316E+00
   183 1.000000E+03 1.197022E+05     3 1.833E+01 1.016376E+02 1.016331E+02 -2.61549E-07 -1.31634E+00 0.000E+00 0.000E+00  0.000E+00 -1.000E-05  0.000E+00 -1.000E-05  2.615E-07  0.000E+00  1.316E+00 1.316E+00
   184 1.000000E+03 1.207022E+05     3 1.867E+01 1.016376E+02 1.016331E+02 -2.56717E-07 -1.31634E+00 0.000E+00 0.000E+00  0.000E+00 -1.000E-05  0.000E+00 -1.000E-05  2.567E-07  0.000E+00  1.316E+00 1.316E+00
   185 1.000000E+03 1.217022E+05     3 1.833E+01 1.016376E+02 1.016331E+02 -2.52028E-07 -1.31634E+00 0.000E+00 0.000E+00  0.000E+00 -1.000E-05  0.000E+00 -1.000E-05  2.520E-07  0.000E+00  1.316E+00 1.316E+00
   186 1.000000E+03 1.227022E+05     3 1.800E+01 1.016376E+02 1.016331E+02 -2.47475E-07 -1.31634E+00 0.000E+00 0.000E+00  0.000E+00 -1.000E-05  0.000E+00 -1.000E-05  2.475E-07  0.000E+00  1.316E+00 1.316E+00
   187 1.000000E+03 1.237022E+05     3 1.833E+01 1.016376E+02 1.016331E+02 -2.43054E-07 -1.31634E+00 0.000E+00 0.000E+00  0.000E+00 -1.000E-05  0.000E+00 -1.000E-05  2.431E-07  0.000E+00  1.316E+00 1.316E+00
   188 1.000000E+03 1.247022E+05     3 1.800E+01 1.016376E+02 1.016331E+02 -2.38759E-07 -1.31634E+00 0.000E+00 0.000E+00  0.000E+00 -1.000E-05  0.000E+00 -1.000E-05  2.388E-07  0.000E+00  1.316E+00 1.316E+00
   189 1.000000E+03 1.257022E+05     3 1.833E+01 1.016376E+02 1.016331E+02 -2.34585E-07 -1.31634E+00 0.000E+00 0.000E+00  0.000E+00 -1.000E-05  0.000E+00 -1.000E-05  2.346E-07  0.000E+00  1.316E+00 1.316E+00
   190 1.000000E+03 1.267022E+05     3 1.833E+01 1.016376E+02 1.016331E+02 -2.30528E-07 -1.31634E+00 0.000E+00 0.000E+00  0.000E+00 -1.000E-05  0.000E+00 -1.000E-05  2.305E-07  0.000E+00  1.316E+00 1.316E+00
   191 1.000000E+03 1.277022E+05     3 1.800E+01 1.016376E+02 1.016331E+02 -2.26583E-07 -1.31634E+00 0.000E+00 0.000E+00  0.000E+00 -1.000E-05  0.000E+00 -1.000E-05  2.266E-07  0.000E+00  1.316E+00 1.316E+00
   192 1.000000E+03 1.287022E+05     3 1.800E+01 1.016376E+02 1.016331E+02 -2.22746E-07 -1.31634E+00 0.000E+00 0.000E+00  0.000E+00 -1.000E-05  0.000E+00 -1.000E-05  2.227E-07  0.000E+00  1.316E+00 1.316E+00
   193 1.000000E+03 1.297022E+05     3 1.800E+01 1.016375E+02 1.016331E+02 -2.19014E-07 -1.31634E+00 0.000E+00 0.000E+00  0.000E+00 -1.000E-05  0.000E+00 -1.000E-05  2.190E-07  0.000E+00  1.316E+00 1.316E+00
   194 1.000000E+03 1.307022E+05     3 1.800E+01 1.016375E+02 1.016331E+02 -2.15381E-07 -1.31634E+00 0.000E+00 0.000E+00  0.000E+00 -1.000E-05  0.000E+00 -1.000E-05  2.154E-07  0.000E+00  1.316E+00 1.316E+00
   195 1.000000E+03 1.317022E+05     3 1.833E+01 1.016375E+02 1.016331E+02 -2.11845E-07 -1.31634E+00 0.000E+00 0.000E+00  0.000E+00 -1.000E-05  0.000E+00 -1.000E-05  2.118E-07  0.000E+00  1.316E+00 1.316E+00
   196 1.000000E+03 1.327022E+05     3 1.800E+01 1.016375E+02 1.016331E+02 -2.08403E-07 -1.31634E+00 0.000E+00 0.000E+00  0.000E+00 -1.000E-05  0.000E+00 -1.000E-05  2.084E-07  0.000E+00  1.316E+00 1.316E+00
   197 1.000000E+03 1.337022E+05     3 1.800E+01 1.016375E+02 1.016331E+02 -2.05049E-07 -1.31634E+00 0.000E+00 0.000E+00  0.000E+00 -1.000E-05  0.000E+00 -1.000E-05  2.050E-07  0.000E+00  1.316E+00 1.316E+00
   198 1.000000E+03 1.347022E+05     3 1.833E+01 1.016375E+02 1.016331E+02 -2.01783E-07 -1.31634E+00 0.000E+00 0.000E+00  0.000E+00 -1.000E-05  0.000E+00 -1.000E-05  2.018E-07  0.000E+00  1.316E+00 1.316E+00
   199 1.000000E+03 1.357022E+05     3 1.800E+01 1.016375E+02 1.016331E+02 -1.98600E-07 -1.31634E+00 0.000E+00 0.000E+00  0.000E+00 -1.000E-05  0.000E+00 -1.000E-05  1.986E-07  0.000E+00  1.316E+00 1.316E+00
   200 1.000000E+03 1.367022E+05     3 1.833E+01 1.016375E+02 1.016331E+02 -1.95497E-07 -1.31634E+00 0.000E+00 0.000E+00  0.000E+00 -1.000E-05  0.000E+00 -1.000E-05  1.955E-07  0.000E+00  1.316E+00 1.316E+00
   201 1.000000E+03 1.377022E+05     3 1.800E+01 1.016375E+02 1.016331E+02 -1.92473E-07 -1.31634E+00 0.000E+00 0.000E+00  0.000E+00 -1.000E-05  0.000E+00 -1.000E-05  1.925E-07  0.000E+00  1.316E+00 1.316E+00
   202 1.000000E+03 1.387022E+05     3 1.800E+01 1.016375E+02 1.016331E+02 -1.89523E-07 -1.31634E+00 0.000E+00 0.000E+00  0.000E+00 -1.000E-05  0.000E+00 -1.000E-05  1.895E-07  0.000E+00  1.316E+00 1.316E+00
   203 1.000000E+03 1.397022E+05     3 1.767E+01 1.016375E+02 1.016331E+02 -1.86646E-07 -1.31634E+00 0.000E+00 0.000E+00  0.000E+00 -1.000E-05  0.000E+00 -1.000E-05  1.866E-07  0.000E+00  1.316E+00 1.316E+00
   204 1.000000E+03 1.407022E+05     3 1.767E+01 1.016375E+02 1.016331E+02 -1.83840E-07 -1.31634E+00 0.000E+00 0.000E+00  0.000E+00 -1.000E-05  0.000E+00 -1.000E-05  1.838E-07  0.000E+00  1.316E+00 1.316E+00
   205 1.000000E+03 1.417022E+05     3 1.667E+01 1.016362E+02 1.016318E+02 -1.34011E-03 -1.31768E+00 0.000E+00 0.000E+00  0.000E+00 -1.000E-05  0.000E+00 -1.000E-05  1.340E-03  0.000E+00  1.318E+00 1.318E+00
   206 1.000000E+03 1.427022E+05     4 1.700E+01 1.016333E+02 1.016289E+02 -2.86506E-03 -1.32055E+00 0.000E+00 0.000E+00  0.000E+00 -1.000E-05  0.000E+00 -1.000E-05  2.865E-03  0.000E+00  1.321E+00 1.321E+00
   207 1.000000E+03 1.437022E+05     4 1.575E+01 1.016289E+02 1.016245E+02 -4.38561E-03 -1.32493E+00 0.000E+00 0.000E+00  0.000E+00 -1.000E-05  0.000E+00 -1.000E-05  4.386E-03  0.000E+00  1.325E+00 1.325E+00
   208 1.000000E+03 1.447022E+05     4 1.475E+01 1.016231E+02 1.016186E+02 -5.89798E-03 -1.33083E+00 0.000E+00 0.000E+00  0.000E+00 -1.000E-05  0.000E+00 -1.000E-05  5.898E-03  0.000E+00  1.331E+00 1.331E+00
   209 1.000000E+03 1.457022E+05     4 1.450E+01 1.016157E+02 1.016112E+02 -7.39834E-03 -1.33823E+00 0.000E+00 0.000E+00  0.000E+00 -1.000E-05  0.000E+00 -1.000E-05  7.398E-03  0.000E+00  1.338E+00 1.338E+00
   210 1.000000E+03 1.467022E+05     4 1.450E+01 1.016069E+02 1.016024E+02 -8.88282E-03 -1.34711E+00 0.000E+00 0.000E+00  0.000E+00 -1.000E-05  0.000E+00 -1.000E-05  8.883E-03  0.000E+00  1.347E+00 1.347E+00
   211 1.000000E+03 1.477022E+05     4 1.450E+01 1.015966E+02 1.015920E+02 -1.03476E-02 -1.35746E+00 0.000E+00 0.000E+00  0.000E+00 -1.000E-05  0.000E+00 -1.000E-05  1.035E-02  0.000E+00  1.357E+00 1.357E+00
   212 1.000000E+03 1.487022E+05     4 1.450E+01 1.015856E+02 1.015809E+02 -1.10900E-02 -1.36855E+00 0.000E+00 0.000E+00  0.000E+00 -1.000E-05  0.000E+00 -1.000E-05  1.109E-02  0.000E+00  1.369E+00 1.369E+00
   213 1.000000E+03 1.497022E+05     4 1.425E+01 1.015746E+02 1.015699E+02 -1.10270E-02 -1.37957E+00 0.000E+00 0.000E+00  0.000E+00 -1.000E-05  0.000E+00 -1.000E-05  1.103E-02  0.000E+00  1.380E+00 1.380E+00
   214 1.000000E+03 1.507022E+05     4 1.450E+01 1.015637E+02 1.015589E+02 -1.09661E-02 -1.39054E+00 0.000E+00 0.000E+00  0.000E+00 -1.000E-05  0.000E+00 -1.000E-05  1.097E-02  0.000E+00  1.391E+00 1.391E+00
   215 1.000000E+03 1.517022E+05     4 1.450E+01 1.015528E+02 1.015480E+02 -1.09075E-02 -1.40145E+00 0.000E+00 0.000E+00  0.000E+00 -1.000E-05  0.000E+00 -1.000E-05  1.091E-02  0.000E+00  1.401E+00 1.401E+00
   216 1.000000E+03 1.527022E+05     4 1.450E+01 1.015420E+02 1.015372E+02 -1.08519E-02 -1.41230E+00 0.000E+00 0.000E+00  0.000E+00 -1.000E-05  0.000E+00 -1.000E-05  1.085E-02  0.000E+00  1.412E+00 1.412E+00
   217 1.000000E+03 1.537022E+05     4 1.450E+01 1.015313E+02 1.015264E+02 -1.07994E-02 -1.42310E+00 0.000E+00 0.000E+00  0.000E+00 -1.000E-05  0.000E+00 -1.000E-05  1.080E-02  0.000E+00  1.423E+00 1.423E+00
   218 1.000000E+03 1.547022E+05     4 1.450E+01 1.015206E+02 1.015156E+02 -1.07501E-02 -1.43385E+00 0.000E+00 0.000E+00  0.000E+00 -1.000E-05  0.000E+00 -1.000E-05  1.075E-02  0.000E+00  1.434E+00 1.434E+00
   219 1.000000E+03 1.557022E+05     4 1.450E+01 1.015099E+02 1.015049E+02 -1.07042E-02 -1.44455E+00 0.000E+00 0.000E+00  0.000E+00 -1.000E-05  0.000E+00 -1.000E-05  1.070E-02  0.000E+00  1.445E+00 1.445E+00
   220 1.000000E+03 1.567022E+05     4 1.425E+01 1.014993E+02 1.014943E+02 -1.06614E-02 -1.45522E+00 0.000E+00 0.000E+00  0.000E+00 -1.000E-05  0.000E+00 -1.000E-05  1.066E-02  0.000E+00  1.455E+00 1.455E+00
   221 1.000000E+03 1.577022E+05     4 1.450E+01 1.014887E+02 1.014836E+02 -1.06217E-02 -1.46584E+00 0.000E+00 0.000E+00  0.000E+00 -1.000E-05  0.000E+00 -1.000E-05  1.062E-02  0.000E+00  1.466E+00 1.466E+00
   222 1.000000E+03 1.587022E+05     4 1.450E+01 1.014782E+02 1.014730E+02 -1.05848E-02 -1.47642E+00 0.000E+00 0.000E+00  0.000E+00 -1.000E-05  0.000E+00 -1.000E-05  1.058E-02  0.000E+00  1.476E+00 1.476E+00
   223 1.000000E+03 1.597022E+05     4 1.450E+01 1.014677E+02 1.014625E+02 -1.05504E-02 -1.48697E+00 0.000E+00 0.000E+00  0.000E+00 -1.000E-05  0.000E+00 -1.000E-05  1.055E-02  0.000E+00  1.487E+00 1.487E+00
   224 1.000000E+03 1.607022E+05     4 1.450E+01 1.014572E+02 1.014520E+02 -1.05184E-02 -1.49749E+00 0.000E+00 0.000E+00  0.000E+00 -1.000E-05  0.000E+00 -1.000E-05  1.052E-02  0.000E+00  1.497E+00 1.497E+00
   225 1.000000E+03 1.617022E+05     4 1.450E+01 1.014467E+02 1.014415E+02 -1.04883E-02 -1.50798E+00 0.000E+00 0.000E+00  0.000E+00 -1.000E-05  0.000E+00 -1.000E-05  1.049E-02  0.000E+00  1.508E+00 1.508E+00
   226 1.000000E+03 1.627022E+05     4 1.450E+01 1.014363E+02 1.014310E+02 -1.04599E-02 -1.51844E+00 0.000E+00 0.000E+00  0.000E+00 -1.000E-05  0.000E+00 -1.000E-05  1.046E-02  0.000E+00  1.518E+00 1.518E+00
   227 1.000000E+03 1.637022E+05     4 1.450E+01 1.014259E+02 1.014206E+02 -1.04329E-02 -1.52887E+00 0.000E+00 0.000E+00  0.000E+00 -1.000E-05  0.000E+00 -1.000E-05  1.043E-02  0.000E+00  1.529E+00 1.529E+00
   228 1.000000E+03 1.647022E+05     4 1.475E+01 1.014155E+02 1.014102E+02 -1.04071E-02 -1.53928E+00 0.000E+00 0.000E+00  0.000E+00 -1.000E-05  0.000E+00 -1.000E-05  1.041E-02  0.000E+00  1.539E+00 1.539E+00
   229 1.000000E+03 1.657022E+05     4 1.450E+01 1.014052E+02 1.013998E+02 -1.03820E-02 -1.54966E+00 0.000E+00 0.000E+00  0.000E+00 -1.000E-05  0.000E+00 -1.000E-05  1.038E-02  0.000E+00  1.550E+00 1.550E+00
   230 1.000000E+03 1.667022E+05     4 1.475E+01 1.013949E+02 1.013895E+02 -1.03574E-02 -1.56002E+00 0.000E+00 0.000E+00  0.000E+00 -1.000E-05  0.000E+00 -1.000E-05  1.036E-02  0.000E+00  1.560E+00 1.560E+00
   231 1.000000E+03 1.677022E+05     4 1.450E+01 1.013846E+02 1.013791E+02 -1.03334E-02 -1.57035E+00 0.000E+00 0.000E+00  0.000E+00 -1.000E-05  0.000E+00 -1.000E-05  1.033E-02  0.000E+00  1.570E+00 1.570E+00
   232 1.000000E+03 1.687022E+05     4 1.475E+01 1.013743E+02 1.013688E+02 -1.03095E-02 -1.58066E+00 0.000E+00 0.000E+00  0.000E+00 -1.000E-05  0.000E+00 -1.000E-05  1.031E-02  0.000E+00  1.581E+00 1.581E+00
   233 1.000000E+03 1.697022E+05     4 1.475E+01 1.013640E+02 1.013585E+02 -1.02858E-02 -1.59095E+00 0.000E+00 0.000E+00  0.000E+00 -1.000E-05  0.000E+00 -1.000E-05  1.029E-02  0.000E+00  1.591E+00 1.591E+00
   234 1.000000E+03 1.707022E+05     4 1.475E+01 1.013538E+02 1.013483E+02 -1.02621E-02 -1.60121E+00 0.000E+00 0.000E+00  0.000E+00 -1.000E-05  0.000E+00 -1.000E-05  1.026E-02  0.000E+00  1.601E+00 1.601E+00
   235 1.000000E+03 1.717022E+05     4 1.475E+01 1.013436E+02 1.013380E+02 -1.02381E-02 -1.61145E+00 0.000E+00 0.000E+00  0.000E+00 -1.000E-05  0.000E+00 -1.000E-05  1.024E-02  0.000E+00  1.611E+00 1.611E+00
   236 1.000000E+03 1.727022E+05     4 1.475E+01 1.013334E+02 1.013278E+02 -1.02138E-02 -1.62166E+00 0.000E+00 0.000E+00  0.000E+00 -1.000E-05  0.000E+00 -1.000E-05  1.021E-02  0.000E+00  1.622E+00 1.622E+00
   237 1.000000E+03 1.737022E+05     4 1.475E+01 1.013233E+02 1.013176E+02 -1.01890E-02 -1.63185E+00 0.000E+00 0.000E+00  0.000E+00 -1.000E-05  0.000E+00 -1.000E-05  1.019E-02  0.000E+00  1.632E+00 1.632E+00
   238 1.000000E+03 1.747022E+05     4 1.475E+01 1.013132E+02 1.013075E+02 -1.01636E-02 -1.64201E+00 0.000E+00 0.000E+00  0.000E+00 -1.000E-05  0.000E+00 -1.000E-05  1.016E-02  0.000E+00  1.642E+00 1.642E+00
   239 1.000000E+03 1.757022E+05     4 1.475E+01 1.013031E+02 1.012973E+02 -1.01375E-02 -1.65215E+00 0.000E+00 0.000E+00  0.000E+00 -1.000E-05  0.000E+00 -1.000E-05  1.014E-02  0.000E+00  1.652E+00 1.652E+00
   240 1.000000E+03 1.767022E+05     4 1.500E+01 1.012930E+02 1.012872E+02 -1.01107E-02 -1.66226E+00 0.000E+00 0.000E+00  0.000E+00 -1.000E-05  0.000E+00 -1.000E-05  1.011E-02  0.000E+00  1.662E+00 1.662E+00
   241 1.000000E+03 1.777022E+05     4 1.475E+01 1.012830E+02 1.012771E+02 -1.00830E-02 -1.67234E+00 0.000E+00 0.000E+00  0.000E+00 -1.000E-05  0.000E+00 -1.000E-05  1.008E-02  0.000E+00  1.672E+00 1.672E+00
   242 1.000000E+03 1.787022E+05     4 1.500E+01 1.012730E+02 1.012671E+02 -1.00543E-02 -1.68240E+00 0.000E+00 0.000E+00  0.000E+00 -1.000E-05  0.000E+00 -1.000E-05  1.005E-02  0.000E+00  1.682E+00 1.682E+00
   243 1.000000E+03 1.797022E+05     4 1.475E+01 1.012630E+02 1.012570E+02 -1.00246E-02 -1.69242E+00 0.000E+00 0.000E+00  0.000E+00 -1.000E-05  0.000E+00 -1.000E-05  1.002E-02  0.000E+00  1.692E+00 1.692E+00
   244 1.000000E+03 1.807022E+05     4 1.500E+01 1.012530E+02 1.012471E+02 -9.99377E-03 -1.70242E+00 0.000E+00 0.000E+00  0.000E+00 -1.000E-05  0.000E+00 -1.000E-05  9.994E-03  0.000E+00  1.702E+00 1.702E+00
   245 1.000000E+03 1.817022E+05     4 1.500E+01 1.012431E+02 1.012371E+02 -9.96177E-03 -1.71238E+00 0.000E+00 0.000E+00  0.000E+00 -1.000E-05  0.000E+00 -1.000E-05  9.962E-03  0.000E+00  1.712E+00 1.712E+00
   246 1.000000E+03 1.827022E+05     4 1.500E+01 1.012333E+02 1.012272E+02 -9.92855E-03 -1.72231E+00 0.000E+00 0.000E+00  0.000E+00 -1.000E-05  0.000E+00 -1.000E-05  9.929E-03  0.000E+00  1.722E+00 1.722E+00
   247 1.000000E+03 1.837022E+05     4 1.525E+01 1.012234E+02 1.012173E+02 -9.89405E-03 -1.73220E+00 0.000E+00 0.000E+00  0.000E+00 -1.000E-05  0.000E+00 -1.000E-05  9.894E-03  0.000E+00  1.732E+00 1.732E+00
   248 1.000000E+03 1.847022E+05     4 1.500E+01 1.012136E+02 1.012074E+02 -9.85822E-03 -1.74206E+00 0.000E+00 0.000E+00  0.000E+00 -1.000E-05  0.000E+00 -1.000E-05  9.858E-03  0.000E+00  1.742E+00 1.742E+00
   249 1.000000E+03 1.857022E+05     4 1.500E+01 1.012044E+02 1.011981E+02 -9.28014E-03 -1.75134E+00 0.000E+00 0.000E+00  0.000E+00 -1.000E-05  0.000E+00 -1.000E-05  9.280E-03  0.000E+00  1.751E+00 1.751E+00
   250 1.000000E+03 1.867022E+05     4 1.550E+01 1.011965E+02 1.011902E+02 -7.92576E-03 -1.75927E+00 0.000E+00 0.000E+00  0.000E+00 -1.000E-05  0.000E+00 -1.000E-05  7.926E-03  0.000E+00  1.759E+00 1.759E+00
   251 1.000000E+03 1.877022E+05     4 1.600E+01 1.011900E+02 1.011836E+02 -6.58422E-03 -1.76585E+00 0.000E+00 0.000E+00  0.000E+00 -1.000E-05  0.000E+00 -1.000E-05  6.584E-03  0.000E+00  1.766E+00 1.766E+00
   252 1.000000E+03 1.887022E+05     3 1.567E+01 1.011848E+02 1.011784E+02 -5.25389E-03 -1.77110E+00 0.000E+00 0.000E+00  0.000E+00 -1.000E-05  0.000E+00 -1.000E-05  5.254E-03  0.000E+00  1.771E+00 1.771E+00
   253 1.000000E+03 1.897022E+05     3 1.600E+01 1.011809E+02 1.011744E+02 -3.93294E-03 -1.77504E+00 0.000E+00 0.000E+00  0.000E+00 -1.000E-05  0.000E+00 -1.000E-05  3.933E-03  0.000E+00  1.775E+00 1.775E+00
   254 1.000000E+03 1.907022E+05     3 1.633E+01 1.011783E+02 1.011718E+02 -2.61930E-03 -1.77766E+00 0.000E+00 0.000E+00  0.000E+00 -1.000E-05  0.000E+00 -1.000E-05  2.619E-03  0.000E+00  1.778E+00 1.778E+00
   255 1.000000E+03 1.917022E+05     3 1.733E+01 1.011770E+02 1.011705E+02 -1.31076E-03 -1.77897E+00 0.000E+00 0.000E+00  0.000E+00 -1.000E-05  0.000E+00 -1.000E-05  1.311E-03  0.000E+00  1.779E+00 1.779E+00
   256 1.000000E+03 1.927022E+05     3 1.767E+01 1.011769E+02 1.011705E+02 -4.98557E-06 -1.77897E+00 0.000E+00 0.000E+00  0.000E+00 -1.000E-05  0.000E+00 -1.000E-05  4.986E-06  0.000E+00  1.779E+00 1.779E+00
   257 1.000000E+03 1.937022E+05     3 1.767E+01 1.011769E+02 1.011705E+02 -5.31306E-08 -1.77897E+00 0.000E+00 0.000E+00  0.000E+00 -1.000E-05  0.000E+00 -1.000E-05  5.313E-08  0.000E+00  1.779E+00 1.779E+00
   258 1.000000E+03 1.947022E+05     3 1.767E+01 1.011769E+02 1.011705E+02 -5.34309E-08 -1.77897E+00 0.000E+00 0.000E+00  0.000E+00 -1.000E-05  0.000E+00 -1.000E-05  5.343E-08  0.000E+00  1.779E+00 1.779E+00
   259 1.000000E+03 1.957022E+05     3 1.767E+01 1.011769E+02 1.011705E+02 -5.37322E-08 -1.77897E+00 0.000E+00 0.000E+00  0.000E+00 -1.000E-05  0.000E+00 -1.000E-05  5.373E-08  0.000E+00  1.779E+00 1.779E+00
   260 1.000000E+03 1.967022E+05     3 1.767E+01 1.011769E+02 1.011705E+02 -5.40344E-08 -1.77897E+00 0.000E+00 0.000E+00  0.000E+00 -1.000E-05  0.000E+00 -1.000E-05  5.403E-08  0.000E+00  1.779E+00 1.779E+00
   261 1.000000E+03 1.977022E+05     3 1.767E+01 1.011769E+02 1.011705E+02 -5.43373E-08 -1.77897E+00 0.000E+00 0.000E+00  0.000E+00 -1.000E-05  0.000E+00 -1.000E-05  5.434E-08  0.000E+00  1.779E+00 1.779E+00
   262 1.000000E+03 1.987022E+05     3 1.767E+01 1.011769E+02 1.011705E+02 -5.46409E-08 -1.77897E+00 0.000E+00 0.000E+00  0.000E+00 -1.000E-05  0.000E+00 -1.000E-05  5.464E-08  0.000E+00  1.779E+00 1.779E+00
   263 1.000000E+03 1.997022E+05     3 1.767E+01 1.011769E+02 1.011705E+02 -5.49449E-08 -1.77897E+00 0.000E+00 0.000E+00  0.000E+00 -1.000E-05  0.000E+00 -1.000E-05  5.494E-08  0.000E+00  1.779E+00 1.779E+00
   264 1.000000E+03 2.007022E+05     3 1.767E+01 1.011769E+02 1.011705E+02 -5.52491E-08 -1.77897E+00 0.000E+00 0.000E+00  0.000E+00 -1.000E-05  0.000E+00 -1.000E-05  5.525E-08  0.000E+00  1.779E+00 1.779E+00
   265 1.000000E+03 2.017022E+05     3 1.767E+01 1.011769E+02 1.011705E+02 -5.55536E-08 -1.77897E+00 0.000E+00 0.000E+00  0.000E+00 -1.000E-05  0.000E+00 -1.000E-05  5.555E-08  0.000E+00  1.779E+00 1.779E+00
   266 1.000000E+03 2.027022E+05     3 1.767E+01 1.011769E+02 1.011705E+02 -5.58580E-08 -1.77897E+00 0.000E+00 0.000E+00  0.000E+00 -1.000E-05  0.000E+00 -1.000E-05  5.586E-08  0.000E+00  1.779E+00 1.779E+00
   267 1.000000E+03 2.037022E+05     3 1.767E+01 1.011769E+02 1.011705E+02 -5.61624E-08 -1.77897E+00 0.000E+00 0.000E+00  0.000E+00 -1.000E-05  0.000E+00 -1.000E-05  5.616E-08  0.000E+00  1.779E+00 1.779E+00
   268 1.000000E+03 2.047022E+05     3 1.767E+01 1.011769E+02 1.011705E+02 -5.64666E-08 -1.77897E+00 0.000E+00 0.000E+00  0.000E+00 -1.000E-05  0.000E+00 -1.000E-05  5.647E-08  0.000E+00  1.779E+00 1.779E+00
   269 1.000000E+03 2.057022E+05     3 1.767E+01 1.011769E+02 1.011705E+02 -5.67704E-08 -1.77897E+00 0.000E+00 0.000E+00  0.000E+00 -1.000E-05  0.000E+00 -1.000E-05  5.677E-08  0.000E+00  1.779E+00 1.779E+00
   270 1.000000E+03 2.067022E+05     3 1.733E+01 1.011769E+02 1.011705E+02 -5.70737E-08 -1.77897E+00 0.000E+00 0.000E+00  0.000E+00 -1.000E-05  0.000E+00 -1.000E-05  5.707E-08  0.000E+00  1.779E+00 1.779E+00
   271 1.000000E+03 2.077022E+05     3 1.733E+01 1.011769E+02 1.011705E+02 -5.73764E-08 -1.77897E+00 0.000E+00 0.000E+00  0.000E+00 -1.000E-05  0.000E+00 -1.000E-05  5.738E-08  0.000E+00  1.779E+00 1.779E+00
   272 1.000000E+03 2.087022E+05     3 1.733E+01 1.011769E+02 1.011705E+02 -5.76785E-08 -1.77897E+00 0.000E+00 0.000E+00  0.000E+00 -1.000E-05  0.000E+00 -1.000E-05  5.768E-08  0.000E+00  1.779E+00 1.779E+00
   273 1.000000E+03 2.097022E+05     3 1.733E+01 1.011769E+02 1.011705E+02 -5.79798E-08 -1.77897E+00 0.000E+00 0.000E+00  0.000E+00 -1.000E-05  0.000E+00 -1.000E-05  5.798E-08  0.000E+00  1.779E+00 1.779E+00
   274 1.000000E+03 2.107022E+05     3 1.733E+01 1.011769E+02 1.011705E+02 -5.82801E-08 -1.77897E+00 0.000E+00 0.000E+00  0.000E+00 -1.000E-05  0.000E+00 -1.000E-05  5.828E-08  0.000E+00  1.779E+00 1.779E+00
   275 1.000000E+03 2.117022E+05     3 1.767E+01 1.011769E+02 1.011705E+02 -5.85795E-08 -1.77897E+00 0.000E+00 0.000E+00  0.000E+00 -1.000E-05  0.000E+00 -1.000E-05  5.858E-08  0.000E+00  1.779E+00 1.779E+00
   276 1.000000E+03 2.127022E+05     3 1.733E+01 1.011769E+02 1.011705E+02 -5.88777E-08 -1.77897E+00 0.000E+00 0.000E+00  0.000E+00 -1.000E-05  0.000E+00 -1.000E-05  5.888E-08  0.000E+00  1.779E+00 1.779E+00
   277 1.000000E+03 2.137022E+05     3 1.733E+01 1.011769E+02 1.011705E+02 -5.91748E-08 -1.77897E+00 0.000E+00 0.000E+00  0.000E+00 -1.000E-05  0.000E+00 -1.000E-05  5.917E-08  0.000E+00  1.779E+00 1.779E+00
   278 1.000000E+03 2.147022E+05     3 1.767E+01 1.011769E+02 1.011705E+02 -5.94706E-08 -1.77897E+00 0.000E+00 0.000E+00  0.000E+00 -1.000E-05  0.000E+00 -1.000E-05  5.947E-08  0.000E+00  1.779E+00 1.779E+00
   279 1.000000E+03 2.157022E+05     3 1.700E+01 1.011759E+02 1.011695E+02 -9.98221E-04 -1.77997E+00 0.000E+00 0.000E+00  0.000E+00 -1.000E-05  0.000E+00 -1.000E-05  9.982E-04  0.000E+00  1.780E+00 1.780E+00
   280 1.000000E+03 2.167022E+05     3 1.600E+01 1.011736E+02 1.011672E+02 -2.30871E-03 -1.78228E+00 0.000E+00 0.000E+00  0.000E+00 -1.000E-05  0.000E+00 -1.000E-05  2.309E-03  0.000E+00  1.782E+00 1.782E+00
   281 1.000000E+03 2.177022E+05     3 1.567E+01 1.011700E+02 1.011636E+02 -3.61565E-03 -1.78590E+00 0.000E+00 0.000E+00  0.000E+00 -1.000E-05  0.000E+00 -1.000E-05  3.616E-03  0.000E+00  1.786E+00 1.786E+00
   282 1.000000E+03 2.187022E+05     3 1.500E+01 1.011652E+02 1.011587E+02 -4.91609E-03 -1.79081E+00 0.000E+00 0.000E+00  0.000E+00 -1.000E-05  0.000E+00 -1.000E-05  4.916E-03  0.000E+00  1.791E+00 1.791E+00
   283 1.000000E+03 2.197022E+05     4 1.550E+01 1.011590E+02 1.011525E+02 -6.20704E-03 -1.79702E+00 0.000E+00 0.000E+00  0.000E+00 -1.000E-05  0.000E+00 -1.000E-05  6.207E-03  0.000E+00  1.797E+00 1.797E+00
   284 1.000000E+03 2.207022E+05     4 1.525E+01 1.011516E+02 1.011450E+02 -7.48543E-03 -1.80450E+00 0.000E+00 0.000E+00  0.000E+00 -1.000E-05  0.000E+00 -1.000E-05  7.485E-03  0.000E+00  1.804E+00 1.804E+00
   285 1.000000E+03 2.217022E+05     4 1.500E+01 1.011429E+02 1.011362E+02 -8.74816E-03 -1.81325E+00 0.000E+00 0.000E+00  0.000E+00 -1.000E-05  0.000E+00 -1.000E-05  8.748E-03  0.000E+00  1.813E+00 1.813E+00
   286 1.000000E+03 2.227022E+05     4 1.525E+01 1.011334E+02 1.011267E+02 -9.54243E-03 -1.82279E+00 0.000E+00 0.000E+00  0.000E+00 -1.000E-05  0.000E+00 -1.000E-05  9.542E-03  0.000E+00  1.823E+00 1.823E+00
   287 1.000000E+03 2.237022E+05     4 1.525E+01 1.011240E+02 1.011172E+02 -9.48948E-03 -1.83228E+00 0.000E+00 0.000E+00  0.000E+00 -1.000E-05  0.000E+00 -1.000E-05  9.489E-03  0.000E+00  1.832E+00 1.832E+00
   288 1.000000E+03 2.247022E+05     4 1.525E+01 1.011147E+02 1.011078E+02 -9.43614E-03 -1.84172E+00 0.000E+00 0.000E+00  0.000E+00 -1.000E-05  0.000E+00 -1.000E-05  9.436E-03  0.000E+00  1.842E+00 1.842E+00
   289 1.000000E+03 2.257022E+05     4 1.525E+01 1.011054E+02 1.010984E+02 -9.38238E-03 -1.85110E+00 0.000E+00 0.000E+00  0.000E+00 -1.000E-05  0.000E+00 -1.000E-05  9.382E-03  0.000E+00  1.851E+00 1.851E+00
   290 1.000000E+03 2.267022E+05     4 1.525E+01 1.010961E+02 1.010890E+02 -9.32814E-03 -1.86043E+00 0.000E+00 0.000E+00  0.000E+00 -1.000E-05  0.000E+00 -1.000E-05  9.328E-03  0.000E+00  1.860E+00 1.860E+00
   291 1.000000E+03 2.277022E+05     4 1.525E+01 1.010869E+02 1.010798E+02 -9.27343E-03 -1.86970E+00 0.000E+00 0.000E+00  0.000E+00 -1.000E-05  0.000E+00 -1.000E-05  9.273E-03  0.000E+00  1.870E+00 1.870E+00
   292 1.000000E+03 2.287022E+05     4 1.550E+01 1.010778E+02 1.010705E+02 -9.21826E-03 -1.87892E+00 0.000E+00 0.000E+00  0.000E+00 -1.000E-05  0.000E+00 -1.000E-05  9.218E-03  0.000E+00  1.879E+00 1.879E+00
   293 1.000000E+03 2.297022E+05     4 1.525E+01 1.010687E+02 1.010614E+02 -9.16265E-03 -1.88809E+00 0.000E+00 0.000E+00  0.000E+00 -1.000E-05  0.000E+00 -1.000E-05  9.163E-03  0.000E+00  1.888E+00 1.888E+00
   294 1.000000E+03 2.307022E+05     4 1.525E+01 1.010597E+02 1.010523E+02 -9.10664E-03 -1.89719E+00 0.000E+00 0.000E+00  0.000E+00 -1.000E-05  0.000E+00 -1.000E-05  9.107E-03  0.000E+00  1.897E+00 1.897E+00
   295 1.000000E+03 2.317022E+05     4 1.525E+01 1.010508E+02 1.010432E+02 -9.05029E-03 -1.90624E+00 0.000E+00 0.000E+00  0.000E+00 -1.000E-05  0.000E+00 -1.000E-05  9.050E-03  0.000E+00  1.906E+00 1.906E+00
   296 1.000000E+03 2.327022E+05     4 1.525E+01 1.010419E+02 1.010342E+02 -8.99364E-03 -1.91524E+00 0.000E+00 0.000E+00  0.000E+00 -1.000E-05  0.000E+00 -1.000E-05  8.994E-03  0.000E+00  1.915E+00 1.915E+00
   297 1.000000E+03 2.337022E+05     4 1.525E+01 1.010330E+02 1.010253E+02 -8.93676E-03 -1.92417E+00 0.000E+00 0.000E+00  0.000E+00 -1.000E-05  0.000E+00 -1.000E-05  8.937E-03  0.000E+00  1.924E+00 1.924E+00
   298 1.000000E+03 2.347022E+05     4 1.525E+01 1.010242E+02 1.010164E+02 -8.87969E-03 -1.93305E+00 0.000E+00 0.000E+00  0.000E+00 -1.000E-05  0.000E+00 -1.000E-05  8.880E-03  0.000E+00  1.933E+00 1.933E+00
   299 1.000000E+03 2.357022E+05     4 1.525E+01 1.010155E+02 1.010076E+02 -8.82250E-03 -1.94187E+00 0.000E+00 0.000E+00  0.000E+00 -1.000E-05  0.000E+00 -1.000E-05  8.822E-03  0.000E+00  1.942E+00 1.942E+00
   300 1.000000E+03 2.367022E+05     4 1.525E+01 1.010068E+02 1.009988E+02 -8.76524E-03 -1.95064E+00 0.000E+00 0.000E+00  0.000E+00 -1.000E-05  0.000E+00 -1.000E-05  8.765E-03  0.000E+00  1.951E+00 1.951E+00
   301 1.000000E+03 2.377022E+05     4 1.525E+01 1.009982E+02 1.009901E+02 -8.70799E-03 -1.95935E+00 0.000E+00 0.000E+00  0.000E+00 -1.000E-05  0.000E+00 -1.000E-05  8.708E-03  0.000E+00  1.959E+00 1.959E+00
   302 1.000000E+03 2.387022E+05     4 1.500E+01 1.009897E+02 1.009815E+02 -8.65080E-03 -1.96800E+00 0.000E+00 0.000E+00  0.000E+00 -1.000E-05  0.000E+00 -1.000E-05  8.651E-03  0.000E+00  1.968E+00 1.968E+00
   303 1.000000E+03 2.397022E+05     4 1.550E+01 1.009812E+02 1.009729E+02 -8.59371E-03 -1.97659E+00 0.000E+00 0.000E+00  0.000E+00 -1.000E-05  0.000E+00 -1.000E-05  8.594E-03  0.000E+00  1.977E+00 1.977E+00
   304 1.000000E+03 2.407022E+05     4 1.550E+01 1.009727E+02 1.009643E+02 -8.53679E-03 -1.98513E+00 0.000E+00 0.000E+00  0.000E+00 -1.000E-05  0.000E+00 -1.000E-05  8.537E-03  0.000E+00  1.985E+00 1.985E+00
   305 1.000000E+03 2.417022E+05     4 1.525E+01 1.009643E+02 1.009559E+02 -8.48006E-03 -1.99361E+00 0.000E+00 0.000E+00  0.000E+00 -1.000E-05  0.000E+00 -1.000E-05  8.480E-03  0.000E+00  1.994E+00 1.994E+00
   306 1.000000E+03 2.427022E+05     3 1.433E+01 1.009560E+02 1.009474E+02 -8.42355E-03 -2.00203E+00 0.000E+00 0.000E+00  0.000E+00 -1.000E-05  0.000E+00 -1.000E-05  8.424E-03  0.000E+00  2.002E+00 2.002E+00
   307 1.000000E+03 2.437022E+05     3 1.467E+01 1.009477E+02 1.009391E+02 -8.36735E-03 -2.01040E+00 0.000E+00 0.000E+00  0.000E+00 -1.000E-05  0.000E+00 -1.000E-05  8.367E-03  0.000E+00  2.010E+00 2.010E+00
   308 1.000000E+03 2.447022E+05     3 1.433E+01 1.009395E+02 1.009308E+02 -8.31147E-03 -2.01871E+00 0.000E+00 0.000E+00  0.000E+00 -1.000E-05  0.000E+00 -1.000E-05  8.311E-03  0.000E+00  2.019E+00 2.019E+00
   309 1.000000E+03 2.457022E+05     3 1.467E+01 1.009313E+02 1.009225E+02 -8.25593E-03 -2.02697E+00 0.000E+00 0.000E+00  0.000E+00 -1.000E-05  0.000E+00 -1.000E-05  8.256E-03  0.000E+00  2.027E+00 2.027E+00
   310 1.000000E+03 2.467022E+05     3 1.433E+01 1.009232E+02 1.009143E+02 -8.20077E-03 -2.03517E+00 0.000E+00 0.000E+00  0.000E+00 -1.000E-05  0.000E+00 -1.000E-05  8.201E-03  0.000E+00  2.035E+00 2.035E+00
   311 1.000000E+03 2.477022E+05     3 1.467E+01 1.009152E+02 1.009062E+02 -8.14600E-03 -2.04331E+00 0.000E+00 0.000E+00  0.000E+00 -1.000E-05  0.000E+00 -1.000E-05  8.146E-03  0.000E+00  2.043E+00 2.043E+00
   312 1.000000E+03 2.487022E+05     3 1.433E+01 1.009072E+02 1.008981E+02 -8.09164E-03 -2.05141E+00 0.000E+00 0.000E+00  0.000E+00 -1.000E-05  0.000E+00 -1.000E-05  8.092E-03  0.000E+00  2.051E+00 2.051E+00
   313 1.000000E+03 2.497022E+05     3 1.467E+01 1.008992E+02 1.008900E+02 -8.03772E-03 -2.05944E+00 0.000E+00 0.000E+00  0.000E+00 -1.000E-05  0.000E+00 -1.000E-05  8.038E-03  0.000E+00  2.059E+00 2.059E+00
   314 1.000000E+03 2.507022E+05     3 1.433E+01 1.008913E+02 1.008820E+02 -7.98423E-03 -2.06743E+00 0.000E+00 0.000E+00  0.000E+00 -1.000E-05  0.000E+00 -1.000E-05  7.984E-03  0.000E+00  2.067E+00 2.067E+00
   315 6.488896E+02 2.513511E+05     3 1.367E+01 1.008863E+02 1.008769E+02 -5.14648E-03 -2.07257E+00 0.000E+00 0.000E+00  0.000E+00 -1.000E-05  0.000E+00 -1.000E-05  5.146E-03  0.000E+00  2.073E+00 2.073E+00
   316 6.488896E+02 2.520000E+05     3 1.333E+01 1.008812E+02 1.008718E+02 -5.12449E-03 -2.07770E+00 0.000E+00 0.000E+00  0.000E+00 -1.000E-05  0.000E+00 -1.000E-05  5.124E-03  0.000E+00  2.078E+00 2.078E+00
