#INITIAL VOLUME OF WATER IN THE SUBSURFACE =   6.17091E+01
#NSTEP       DELTAT         TIME  NLIN   AVG.LIN       STORE1       STORE2       DSTORE   CUM.DSTORE       VIN  CUM.VIN       VOUT    CUM.VOUT   VIN+VOUT   CUM. VIN  M.BAL.ERR   REL. MBE   CUM. MBE      CUM.
#                                 ITER.    ITER.                             (>0 x inc)                                                                      + VOUT  (Vi+Vo-Ds)        (%)             ABS(MBE)
     1 1.000000E+00 1.000000E+00     1 1.000E+00 6.170910E+01 6.170911E+01 -3.92689E-09 -3.92689E-09 0.000E+00 0.000E+00 -5.000E-06 -5.000E-06 -5.000E-06 -5.000E-06 -4.996E-06  9.992E+01 -4.996E-06 4.996E-06
     2 1.100000E+00 2.100000E+00     1 1.000E+00 6.170909E+01 6.170911E+01 -4.31962E-09 -8.24651E-09 0.000E+00 0.000E+00  0.000E+00 -5.000E-06  0.000E+00 -5.000E-06  4.320E-09  0.000E+00 -4.992E-06 5.000E-06
     3 1.210000E+00 3.310000E+00     1 1.000E+00 6.170907E+01 6.170911E+01 -4.75163E-09 -1.29981E-08 0.000E+00 0.000E+00  0.000E+00 -5.000E-06  0.000E+00 -5.000E-06  4.752E-09  0.000E+00 -4.987E-06 5.005E-06
     4 1.331000E+00 4.641000E+00     1 1.000E+00 6.170906E+01 6.170911E+01 -5.22684E-09 -1.82250E-08 0.000E+00 0.000E+00  0.000E+00 -5.000E-06  0.000E+00 -5.000E-06  5.227E-09  0.000E+00 -4.982E-06 5.010E-06
     5 1.464100E+00 6.105100E+00     1 1.000E+00 6.170905E+01 6.170911E+01 -5.74960E-09 -2.39746E-08 0.000E+00 0.000E+00  0.000E+00 -5.000E-06  0.000E+00 -5.000E-06  5.750E-09  0.000E+00 -4.976E-06 5.016E-06
     6 1.610510E+00 7.715610E+00     1 1.000E+00 6.170903E+01 6.170911E+01 -6.32464E-09 -3.02992E-08 0.000E+00 0.000E+00  0.000E+00 -5.000E-06  0.000E+00 -5.000E-06  6.325E-09  0.000E+00 -4.970E-06 5.022E-06
     7 1.771561E+00 9.487171E+00     1 1.000E+00 6.170901E+01 6.170911E+01 -6.95720E-09 -3.72564E-08 0.000E+00 0.000E+00  0.000E+00 -5.000E-06  0.000E+00 -5.000E-06  6.957E-09  0.000E+00 -4.963E-06 5.029E-06
     8 1.948717E+00 1.143589E+01     1 1.000E+00 6.170899E+01 6.170911E+01 -7.65304E-09 -4.49095E-08 0.000E+00 0.000E+00  0.000E+00 -5.000E-06  0.000E+00 -5.000E-06  7.653E-09  0.000E+00 -4.955E-06 5.037E-06
     9 2.143589E+00 1.357948E+01     1 1.000E+00 6.170897E+01 6.170911E+01 -8.41849E-09 -5.33279E-08 0.000E+00 0.000E+00  0.000E+00 -5.000E-06  0.000E+00 -5.000E-06  8.418E-09  0.000E+00 -4.947E-06 5.045E-06
    10 2.357948E+00 1.593742E+01     1 1.000E+00 6.170895E+01 6.170911E+01 -9.26051E-09 -6.25885E-08 0.000E+00 0.000E+00  0.000E+00 -5.000E-06  0.000E+00 -5.000E-06  9.261E-09  0.000E+00 -4.937E-06 5.055E-06
    11 2.593742E+00 1.853117E+01     1 1.000E+00 6.170892E+01 6.170911E+01 -1.01868E-08 -7.27752E-08 0.000E+00 0.000E+00  0.000E+00 -5.000E-06  0.000E+00 -5.000E-06  1.019E-08  0.000E+00 -4.927E-06 5.065E-06
    12 2.853117E+00 2.138428E+01     2 1.000E+00 6.170889E+01 6.170908E+01 -2.85308E-05 -2.86035E-05 0.000E+00 0.000E+00  0.000E+00 -5.000E-06  0.000E+00 -5.000E-06  2.853E-05  0.000E+00  2.360E-05 3.360E-05
    13 3.138428E+00 2.452271E+01     2 1.000E+00 6.170886E+01 6.170905E+01 -3.13838E-05 -5.99874E-05 0.000E+00 0.000E+00  0.000E+00 -5.000E-06  0.000E+00 -5.000E-06  3.138E-05  0.000E+00  5.499E-05 6.498E-05
    14 3.452271E+00 2.797498E+01     2 1.000E+00 6.170883E+01 6.170901E+01 -3.45221E-05 -9.45095E-05 0.000E+00 0.000E+00  0.000E+00 -5.000E-06  0.000E+00 -5.000E-06  3.452E-05  0.000E+00  8.951E-05 9.950E-05
    15 3.797498E+00 3.177248E+01     2 1.000E+00 6.170879E+01 6.170898E+01 -3.79743E-05 -1.32484E-04 0.000E+00 0.000E+00  0.000E+00 -5.000E-06  0.000E+00 -5.000E-06  3.797E-05  0.000E+00  1.275E-04 1.375E-04
    16 4.177248E+00 3.594973E+01     2 1.000E+00 6.170875E+01 6.170893E+01 -4.17717E-05 -1.74255E-04 0.000E+00 0.000E+00  0.000E+00 -5.000E-06  0.000E+00 -5.000E-06  4.177E-05  0.000E+00  1.693E-04 1.792E-04
    17 4.594973E+00 4.054470E+01     2 1.000E+00 6.170870E+01 6.170889E+01 -4.59487E-05 -2.20204E-04 0.000E+00 0.000E+00  0.000E+00 -5.000E-06  0.000E+00 -5.000E-06  4.595E-05  0.000E+00  2.152E-04 2.252E-04
    18 5.054470E+00 4.559917E+01     2 1.000E+00 6.170865E+01 6.170884E+01 -5.05435E-05 -2.70748E-04 0.000E+00 0.000E+00  0.000E+00 -5.000E-06  0.000E+00 -5.000E-06  5.054E-05  0.000E+00  2.657E-04 2.757E-04
    19 5.559917E+00 5.115909E+01     2 1.000E+00 6.170860E+01 6.170878E+01 -5.55977E-05 -3.26345E-04 0.000E+00 0.000E+00  0.000E+00 -5.000E-06  0.000E+00 -5.000E-06  5.560E-05  0.000E+00  3.213E-04 3.313E-04
    20 6.115909E+00 5.727500E+01     2 1.000E+00 6.170853E+01 6.170872E+01 -6.11573E-05 -3.87503E-04 0.000E+00 0.000E+00  0.000E+00 -5.000E-06  0.000E+00 -5.000E-06  6.116E-05  0.000E+00  3.825E-04 3.925E-04
    21 6.727500E+00 6.400250E+01     2 1.000E+00 6.170847E+01 6.170865E+01 -6.72729E-05 -4.54776E-04 0.000E+00 0.000E+00  0.000E+00 -5.000E-06  0.000E+00 -5.000E-06  6.727E-05  0.000E+00  4.498E-04 4.598E-04
    22 7.400250E+00 7.140275E+01     2 1.000E+00 6.170839E+01 6.170858E+01 -7.40000E-05 -5.28776E-04 0.000E+00 0.000E+00  0.000E+00 -5.000E-06  0.000E+00 -5.000E-06  7.400E-05  0.000E+00  5.238E-04 5.338E-04
    23 8.140275E+00 7.954302E+01     2 1.000E+00 6.170831E+01 6.170850E+01 -8.13997E-05 -6.10175E-04 0.000E+00 0.000E+00  0.000E+00 -5.000E-06  0.000E+00 -5.000E-06  8.140E-05  0.000E+00  6.052E-04 6.152E-04
    24 8.954302E+00 8.849733E+01     2 1.000E+00 6.170822E+01 6.170841E+01 -8.95393E-05 -6.99715E-04 0.000E+00 0.000E+00  0.000E+00 -5.000E-06  0.000E+00 -5.000E-06  8.954E-05  0.000E+00  6.947E-04 7.047E-04
    25 9.849733E+00 9.834706E+01     2 1.000E+00 6.170812E+01 6.170831E+01 -9.84929E-05 -7.98207E-04 0.000E+00 0.000E+00  0.000E+00 -5.000E-06  0.000E+00 -5.000E-06  9.849E-05  0.000E+00  7.932E-04 8.032E-04
    26 1.083471E+01 1.091818E+02     2 1.000E+00 6.170802E+01 6.170820E+01 -1.08342E-04 -9.06549E-04 0.000E+00 0.000E+00  0.000E+00 -5.000E-06  0.000E+00 -5.000E-06  1.083E-04  0.000E+00  9.015E-04 9.115E-04
    27 1.191818E+01 1.210999E+02     2 1.000E+00 6.170790E+01 6.170808E+01 -1.19175E-04 -1.02572E-03 0.000E+00 0.000E+00  0.000E+00 -5.000E-06  0.000E+00 -5.000E-06  1.192E-04  0.000E+00  1.021E-03 1.031E-03
    28 1.310999E+01 1.342099E+02     2 1.000E+00 6.170777E+01 6.170795E+01 -1.31092E-04 -1.15682E-03 0.000E+00 0.000E+00  0.000E+00 -5.000E-06  0.000E+00 -5.000E-06  1.311E-04  0.000E+00  1.152E-03 1.162E-03
    29 1.442099E+01 1.486309E+02     2 1.000E+00 6.170762E+01 6.170781E+01 -1.44200E-04 -1.30102E-03 0.000E+00 0.000E+00  0.000E+00 -5.000E-06  0.000E+00 -5.000E-06  1.442E-04  0.000E+00  1.296E-03 1.306E-03
    30 1.586309E+01 1.644940E+02     2 1.000E+00 6.170746E+01 6.170765E+01 -1.58619E-04 -1.45964E-03 0.000E+00 0.000E+00  0.000E+00 -5.000E-06  0.000E+00 -5.000E-06  1.586E-04  0.000E+00  1.455E-03 1.465E-03
    31 1.744940E+01 1.819434E+02     2 1.000E+00 6.170729E+01 6.170747E+01 -1.74480E-04 -1.63412E-03 0.000E+00 0.000E+00  0.000E+00 -5.000E-06  0.000E+00 -5.000E-06  1.745E-04  0.000E+00  1.629E-03 1.639E-03
    32 1.919434E+01 2.011378E+02     2 1.000E+00 6.170710E+01 6.170728E+01 -1.91927E-04 -1.82604E-03 0.000E+00 0.000E+00  0.000E+00 -5.000E-06  0.000E+00 -5.000E-06  1.919E-04  0.000E+00  1.821E-03 1.831E-03
    33 2.111378E+01 2.222515E+02     2 1.000E+00 6.170689E+01 6.170707E+01 -2.11117E-04 -2.03716E-03 0.000E+00 0.000E+00  0.000E+00 -5.000E-06  0.000E+00 -5.000E-06  2.111E-04  0.000E+00  2.032E-03 2.042E-03
    34 2.322515E+01 2.454767E+02     2 1.000E+00 6.170665E+01 6.170684E+01 -2.32227E-04 -2.26939E-03 0.000E+00 0.000E+00  0.000E+00 -5.000E-06  0.000E+00 -5.000E-06  2.322E-04  0.000E+00  2.264E-03 2.274E-03
    35 2.554767E+01 2.710244E+02     2 1.000E+00 6.170640E+01 6.170658E+01 -2.55447E-04 -2.52483E-03 0.000E+00 0.000E+00  0.000E+00 -5.000E-06  0.000E+00 -5.000E-06  2.554E-04  0.000E+00  2.520E-03 2.530E-03
    36 2.810244E+01 2.991268E+02     2 1.000E+00 6.170612E+01 6.170630E+01 -2.80988E-04 -2.80582E-03 0.000E+00 0.000E+00  0.000E+00 -5.000E-06  0.000E+00 -5.000E-06  2.810E-04  0.000E+00  2.801E-03 2.811E-03
    37 3.091268E+01 3.300395E+02     2 1.000E+00 6.170581E+01 6.170599E+01 -3.09083E-04 -3.11491E-03 0.000E+00 0.000E+00  0.000E+00 -5.000E-06  0.000E+00 -5.000E-06  3.091E-04  0.000E+00  3.110E-03 3.120E-03
    38 3.400395E+01 3.640434E+02     2 1.000E+00 6.170547E+01 6.170565E+01 -3.39987E-04 -3.45489E-03 0.000E+00 0.000E+00  0.000E+00 -5.000E-06  0.000E+00 -5.000E-06  3.400E-04  0.000E+00  3.450E-03 3.460E-03
    39 3.740434E+01 4.014478E+02     2 1.000E+00 6.170509E+01 6.170528E+01 -3.73980E-04 -3.82887E-03 0.000E+00 0.000E+00  0.000E+00 -5.000E-06  0.000E+00 -5.000E-06  3.740E-04  0.000E+00  3.824E-03 3.834E-03
    40 4.114478E+01 4.425926E+02     2 1.000E+00 6.170468E+01 6.170487E+01 -4.11371E-04 -4.24024E-03 0.000E+00 0.000E+00  0.000E+00 -5.000E-06  0.000E+00 -5.000E-06  4.114E-04  0.000E+00  4.235E-03 4.245E-03
    41 4.525926E+01 4.878518E+02     2 1.000E+00 6.170423E+01 6.170441E+01 -4.52500E-04 -4.69274E-03 0.000E+00 0.000E+00  0.000E+00 -5.000E-06  0.000E+00 -5.000E-06  4.525E-04  0.000E+00  4.688E-03 4.698E-03
    42 4.978518E+01 5.376370E+02     2 1.000E+00 6.170373E+01 6.170392E+01 -4.97739E-04 -5.19048E-03 0.000E+00 0.000E+00  0.000E+00 -5.000E-06  0.000E+00 -5.000E-06  4.977E-04  0.000E+00  5.185E-03 5.195E-03
    43 5.476370E+01 5.924007E+02     2 1.000E+00 6.170319E+01 6.170337E+01 -5.47501E-04 -5.73798E-03 0.000E+00 0.000E+00  0.000E+00 -5.000E-06  0.000E+00 -5.000E-06  5.475E-04  0.000E+00  5.733E-03 5.743E-03
    44 6.024007E+01 6.526408E+02     2 1.000E+00 6.170258E+01 6.170277E+01 -6.02236E-04 -6.34022E-03 0.000E+00 0.000E+00  0.000E+00 -5.000E-06  0.000E+00 -5.000E-06  6.022E-04  0.000E+00  6.335E-03 6.345E-03
    45 6.626408E+01 7.189048E+02     2 1.000E+00 6.170192E+01 6.170210E+01 -6.62442E-04 -7.00266E-03 0.000E+00 0.000E+00  0.000E+00 -5.000E-06  0.000E+00 -5.000E-06  6.624E-04  0.000E+00  6.998E-03 7.008E-03
    46 7.289048E+01 7.917953E+02     2 1.000E+00 6.170119E+01 6.170138E+01 -7.28664E-04 -7.73133E-03 0.000E+00 0.000E+00  0.000E+00 -5.000E-06  0.000E+00 -5.000E-06  7.287E-04  0.000E+00  7.726E-03 7.736E-03
    47 8.017953E+01 8.719749E+02     2 1.000E+00 6.170039E+01 6.170057E+01 -8.01504E-04 -8.53283E-03 0.000E+00 0.000E+00  0.000E+00 -5.000E-06  0.000E+00 -5.000E-06  8.015E-04  0.000E+00  8.528E-03 8.538E-03
    48 8.819749E+01 9.601723E+02     2 1.000E+00 6.169951E+01 6.169969E+01 -8.81623E-04 -9.41445E-03 0.000E+00 0.000E+00  0.000E+00 -5.000E-06  0.000E+00 -5.000E-06  8.816E-04  0.000E+00  9.409E-03 9.419E-03
    49 9.701723E+01 1.057190E+03     2 1.000E+00 6.169854E+01 6.169872E+01 -9.69746E-04 -1.03842E-02 0.000E+00 0.000E+00  0.000E+00 -5.000E-06  0.000E+00 -5.000E-06  9.697E-04  0.000E+00  1.038E-02 1.039E-02
    50 1.067190E+02 1.163909E+03     2 1.000E+00 6.169747E+01 6.169766E+01 -1.06667E-03 -1.14509E-02 0.000E+00 0.000E+00  0.000E+00 -5.000E-06  0.000E+00 -5.000E-06  1.067E-03  0.000E+00  1.145E-02 1.146E-02
    51 1.173909E+02 1.281299E+03     2 1.000E+00 6.169630E+01 6.169648E+01 -1.17328E-03 -1.26242E-02 0.000E+00 0.000E+00  0.000E+00 -5.000E-06  0.000E+00 -5.000E-06  1.173E-03  0.000E+00  1.262E-02 1.263E-02
    52 1.291299E+02 1.410429E+03     2 1.000E+00 6.169501E+01 6.169519E+01 -1.29054E-03 -1.39147E-02 0.000E+00 0.000E+00  0.000E+00 -5.000E-06  0.000E+00 -5.000E-06  1.291E-03  0.000E+00  1.391E-02 1.392E-02
    53 1.420429E+02 1.552472E+03     2 1.000E+00 6.169359E+01 6.169377E+01 -1.41952E-03 -1.53342E-02 0.000E+00 0.000E+00  0.000E+00 -5.000E-06  0.000E+00 -5.000E-06  1.420E-03  0.000E+00  1.533E-02 1.534E-02
    54 1.562472E+02 1.708719E+03     2 1.000E+00 6.169203E+01 6.169221E+01 -1.56137E-03 -1.68956E-02 0.000E+00 0.000E+00  0.000E+00 -5.000E-06  0.000E+00 -5.000E-06  1.561E-03  0.000E+00  1.689E-02 1.690E-02
    55 1.718719E+02 1.880591E+03     2 1.000E+00 6.169031E+01 6.169049E+01 -1.71738E-03 -1.86130E-02 0.000E+00 0.000E+00  0.000E+00 -5.000E-06  0.000E+00 -5.000E-06  1.717E-03  0.000E+00  1.861E-02 1.862E-02
    56 1.890591E+02 2.069651E+03     2 1.000E+00 6.168842E+01 6.168861E+01 -1.88897E-03 -2.05019E-02 0.000E+00 0.000E+00  0.000E+00 -5.000E-06  0.000E+00 -5.000E-06  1.889E-03  0.000E+00  2.050E-02 2.051E-02
    57 2.079651E+02 2.277616E+03     2 1.000E+00 6.168634E+01 6.168653E+01 -2.07769E-03 -2.25796E-02 0.000E+00 0.000E+00  0.000E+00 -5.000E-06  0.000E+00 -5.000E-06  2.078E-03  0.000E+00  2.257E-02 2.258E-02
    58 2.287616E+02 2.506377E+03     2 1.000E+00 6.168405E+01 6.168424E+01 -2.28525E-03 -2.48649E-02 0.000E+00 0.000E+00  0.000E+00 -5.000E-06  0.000E+00 -5.000E-06  2.285E-03  0.000E+00  2.486E-02 2.487E-02
    59 2.516377E+02 2.758015E+03     2 1.000E+00 6.168154E+01 6.168173E+01 -2.51351E-03 -2.73784E-02 0.000E+00 0.000E+00  0.000E+00 -5.000E-06  0.000E+00 -5.000E-06  2.514E-03  0.000E+00  2.737E-02 2.738E-02
    60 2.768015E+02 3.034816E+03     2 1.000E+00 6.167877E+01 6.167896E+01 -2.76455E-03 -3.01429E-02 0.000E+00 0.000E+00  0.000E+00 -5.000E-06  0.000E+00 -5.000E-06  2.765E-03  0.000E+00  3.014E-02 3.015E-02
    61 3.044816E+02 3.339298E+03     2 1.000E+00 6.167573E+01 6.167592E+01 -3.04062E-03 -3.31836E-02 0.000E+00 0.000E+00  0.000E+00 -5.000E-06  0.000E+00 -5.000E-06  3.041E-03  0.000E+00  3.318E-02 3.319E-02
    62 3.349298E+02 3.674228E+03     2 1.000E+00 6.167238E+01 6.167258E+01 -3.34422E-03 -3.65278E-02 0.000E+00 0.000E+00  0.000E+00 -5.000E-06  0.000E+00 -5.000E-06  3.344E-03  0.000E+00  3.652E-02 3.653E-02
    63 3.684228E+02 4.042651E+03     2 1.000E+00 6.166870E+01 6.166890E+01 -3.67808E-03 -4.02058E-02 0.000E+00 0.000E+00  0.000E+00 -5.000E-06  0.000E+00 -5.000E-06  3.678E-03  0.000E+00  4.020E-02 4.021E-02
    64 4.052651E+02 4.447916E+03     2 1.000E+00 6.166465E+01 6.166486E+01 -4.04521E-03 -4.42511E-02 0.000E+00 0.000E+00  0.000E+00 -5.000E-06  0.000E+00 -5.000E-06  4.045E-03  0.000E+00  4.425E-02 4.426E-02
    65 4.457916E+02 4.893707E+03     2 1.000E+00 6.166019E+01 6.166041E+01 -4.44891E-03 -4.87000E-02 0.000E+00 0.000E+00  0.000E+00 -5.000E-06  0.000E+00 -5.000E-06  4.449E-03  0.000E+00  4.869E-02 4.870E-02
    66 4.903707E+02 5.384078E+03     2 1.000E+00 6.165529E+01 6.165551E+01 -4.89280E-03 -5.35928E-02 0.000E+00 0.000E+00  0.000E+00 -5.000E-06  0.000E+00 -5.000E-06  4.893E-03  0.000E+00  5.359E-02 5.360E-02
    67 5.394078E+02 5.923486E+03     3 1.000E+00 6.164990E+01 6.165012E+01 -5.39407E-03 -5.89868E-02 0.000E+00 0.000E+00  0.000E+00 -5.000E-06  0.000E+00 -5.000E-06  5.394E-03  0.000E+00  5.898E-02 5.899E-02
    68 5.933486E+02 6.516834E+03     3 1.000E+00 6.164397E+01 6.164419E+01 -5.93348E-03 -6.49203E-02 0.000E+00 0.000E+00  0.000E+00 -5.000E-06  0.000E+00 -5.000E-06  5.933E-03  0.000E+00  6.492E-02 6.493E-02
    69 6.526834E+02 7.169518E+03     3 1.000E+00 6.163744E+01 6.163766E+01 -6.52683E-03 -7.14471E-02 0.000E+00 0.000E+00  0.000E+00 -5.000E-06  0.000E+00 -5.000E-06  6.527E-03  0.000E+00  7.144E-02 7.145E-02
    70 7.179518E+02 7.887470E+03     3 1.000E+00 6.163026E+01 6.163048E+01 -7.17951E-03 -7.86267E-02 0.000E+00 0.000E+00  0.000E+00 -5.000E-06  0.000E+00 -5.000E-06  7.180E-03  0.000E+00  7.862E-02 7.863E-02
    71 7.897470E+02 8.677217E+03     3 1.000E+00 6.162237E+01 6.162258E+01 -7.89746E-03 -8.65241E-02 0.000E+00 0.000E+00  0.000E+00 -5.000E-06  0.000E+00 -5.000E-06  7.897E-03  0.000E+00  8.652E-02 8.653E-02
    72 4.613917E+02 9.138608E+03     2 1.000E+00 6.161776E+01 6.161798E+01 -4.60419E-03 -9.11283E-02 0.000E+00 0.000E+00  0.000E+00 -5.000E-06  0.000E+00 -5.000E-06  4.604E-03  0.000E+00  9.112E-02 9.113E-02
    73 4.613917E+02 9.600000E+03     2 1.000E+00 6.161315E+01 6.161338E+01 -4.60418E-03 -9.57325E-02 0.000E+00 0.000E+00  0.000E+00 -5.000E-06  0.000E+00 -5.000E-06  4.604E-03  0.000E+00  9.573E-02 9.574E-02
