21
# x y z
0	0	0
0.5	0	0
1	0	0
1.5	0	0
2	0	0
2.5	0	0
3	0	0
3.5	0	0
4	0	0
4.5	0	0
5	0	0
5.5	0	0
6	0	0
6.5	0	0
7	0	0
7.5	0	0
8	0	0
8.5	0	0
9	0	0
9.5	0	0
10	0	0
171
# a b m n err i ip iperr k r rhoa u valid 
1	2	3	4	1.00004199780813e-02	0.00000000000000e+00	0.00000000000000e+00	0.00000000000000e+00	-9.42477796076938e+00	0.00000000000000e+00	2.22833089413172e+01	0.00000000000000e+00	1
2	3	4	5	1.00003396634233e-02	0.00000000000000e+00	0.00000000000000e+00	0.00000000000000e+00	-9.42477796076938e+00	0.00000000000000e+00	2.76113579607253e+01	0.00000000000000e+00	1
3	4	5	6	1.00003295551085e-02	0.00000000000000e+00	0.00000000000000e+00	0.00000000000000e+00	-9.42477796076938e+00	0.00000000000000e+00	2.85064513693628e+01	0.00000000000000e+00	1
4	5	6	7	1.00003228109899e-02	0.00000000000000e+00	0.00000000000000e+00	0.00000000000000e+00	-9.42477796076938e+00	0.00000000000000e+00	2.86835350647868e+01	0.00000000000000e+00	1
5	6	7	8	1.00003212912656e-02	0.00000000000000e+00	0.00000000000000e+00	0.00000000000000e+00	-9.42477796076938e+00	0.00000000000000e+00	2.93946872055483e+01	0.00000000000000e+00	1
6	7	8	9	1.00003228018056e-02	0.00000000000000e+00	0.00000000000000e+00	0.00000000000000e+00	-9.42477796076938e+00	0.00000000000000e+00	2.86095506931772e+01	0.00000000000000e+00	1
7	8	9	10	1.00003213579434e-02	0.00000000000000e+00	0.00000000000000e+00	0.00000000000000e+00	-9.42477796076938e+00	0.00000000000000e+00	2.91645401092958e+01	0.00000000000000e+00	1
8	9	10	11	1.00003170062662e-02	0.00000000000000e+00	0.00000000000000e+00	0.00000000000000e+00	-9.42477796076938e+00	0.00000000000000e+00	2.98308327930515e+01	0.00000000000000e+00	1
9	10	11	12	1.00003136734925e-02	0.00000000000000e+00	0.00000000000000e+00	0.00000000000000e+00	-9.42477796076938e+00	0.00000000000000e+00	3.05118447018105e+01	0.00000000000000e+00	1
10	11	12	13	1.00003168956688e-02	0.00000000000000e+00	0.00000000000000e+00	0.00000000000000e+00	-9.42477796076938e+00	0.00000000000000e+00	2.93332661372516e+01	0.00000000000000e+00	1
11	12	13	14	1.00003187315065e-02	0.00000000000000e+00	0.00000000000000e+00	0.00000000000000e+00	-9.42477796076938e+00	0.00000000000000e+00	2.99911135166449e+01	0.00000000000000e+00	1
12	13	14	15	1.00003201990887e-02	0.00000000000000e+00	0.00000000000000e+00	0.00000000000000e+00	-9.42477796076938e+00	0.00000000000000e+00	2.93518582528608e+01	0.00000000000000e+00	1
13	14	15	16	1.00003198581435e-02	0.00000000000000e+00	0.00000000000000e+00	0.00000000000000e+00	-9.42477796076938e+00	0.00000000000000e+00	2.93005908275604e+01	0.00000000000000e+00	1
14	15	16	17	1.00003155742450e-02	0.00000000000000e+00	0.00000000000000e+00	0.00000000000000e+00	-9.42477796076938e+00	0.00000000000000e+00	3.02198155886660e+01	0.00000000000000e+00	1
15	16	17	18	1.00003192913078e-02	0.00000000000000e+00	0.00000000000000e+00	0.00000000000000e+00	-9.42477796076938e+00	0.00000000000000e+00	3.00191845959399e+01	0.00000000000000e+00	1
16	17	18	19	1.00003291274440e-02	0.00000000000000e+00	0.00000000000000e+00	0.00000000000000e+00	-9.42477796076938e+00	0.00000000000000e+00	2.81513411907921e+01	0.00000000000000e+00	1
17	18	19	20	1.00003399309830e-02	0.00000000000000e+00	0.00000000000000e+00	0.00000000000000e+00	-9.42477796076938e+00	0.00000000000000e+00	2.75316099790498e+01	0.00000000000000e+00	1
18	19	20	21	1.00004316579815e-02	0.00000000000000e+00	0.00000000000000e+00	0.00000000000000e+00	-9.42477796076938e+00	0.00000000000000e+00	2.19611907873267e+01	0.00000000000000e+00	1
1	2	4	5	1.00022756581324e-02	0.00000000000000e+00	0.00000000000000e+00	0.00000000000000e+00	-3.76991118430775e+01	0.00000000000000e+00	1.67283373831720e+01	0.00000000000000e+00	1
2	3	5	6	1.00015086939566e-02	0.00000000000000e+00	0.00000000000000e+00	0.00000000000000e+00	-3.76991118430775e+01	0.00000000000000e+00	2.46836702485100e+01	0.00000000000000e+00	1
3	4	6	7	1.00013660568076e-02	0.00000000000000e+00	0.00000000000000e+00	0.00000000000000e+00	-3.76991118430775e+01	0.00000000000000e+00	2.72301070471760e+01	0.00000000000000e+00	1
4	5	7	8	1.00013083900849e-02	0.00000000000000e+00	0.00000000000000e+00	0.00000000000000e+00	-3.76991118430775e+01	0.00000000000000e+00	2.88129387255599e+01	0.00000000000000e+00	1
5	6	8	9	1.00012775129542e-02	0.00000000000000e+00	0.00000000000000e+00	0.00000000000000e+00	-3.76991118430775e+01	0.00000000000000e+00	2.91217682148241e+01	0.00000000000000e+00	1
6	7	9	10	1.00012615398998e-02	0.00000000000000e+00	0.00000000000000e+00	0.00000000000000e+00	-3.76991118430775e+01	0.00000000000000e+00	2.97699530060918e+01	0.00000000000000e+00	1
7	8	10	11	1.00012439982305e-02	0.00000000000000e+00	0.00000000000000e+00	0.00000000000000e+00	-3.76991118430775e+01	0.00000000000000e+00	3.06882625878634e+01	0.00000000000000e+00	1
8	9	11	12	1.00012346310975e-02	0.00000000000000e+00	0.00000000000000e+00	0.00000000000000e+00	-3.76991118430775e+01	0.00000000000000e+00	3.05715676563712e+01	0.00000000000000e+00	1
9	10	12	13	1.00012279655125e-02	0.00000000000000e+00	0.00000000000000e+00	0.00000000000000e+00	-3.76991118430775e+01	0.00000000000000e+00	3.07458890689348e+01	0.00000000000000e+00	1
10	11	13	14	1.00012239620127e-02	0.00000000000000e+00	0.00000000000000e+00	0.00000000000000e+00	-3.76991118430775e+01	0.00000000000000e+00	2.99526081955775e+01	0.00000000000000e+00	1
11	12	14	15	1.00012313631376e-02	0.00000000000000e+00	0.00000000000000e+00	0.00000000000000e+00	-3.76991118430775e+01	0.00000000000000e+00	3.05064748037735e+01	0.00000000000000e+00	1
12	13	15	16	1.00012270589863e-02	0.00000000000000e+00	0.00000000000000e+00	0.00000000000000e+00	-3.76991118430775e+01	0.00000000000000e+00	3.07255170095174e+01	0.00000000000000e+00	1
13	14	16	17	1.00012381299374e-02	0.00000000000000e+00	0.00000000000000e+00	0.00000000000000e+00	-3.76991118430775e+01	0.00000000000000e+00	3.08985971903718e+01	0.00000000000000e+00	1
14	15	17	18	1.00012569528920e-02	0.00000000000000e+00	0.00000000000000e+00	0.00000000000000e+00	-3.76991118430775e+01	0.00000000000000e+00	2.97052136909656e+01	0.00000000000000e+00	1
15	16	18	19	1.00013053002344e-02	0.00000000000000e+00	0.00000000000000e+00	0.00000000000000e+00	-3.76991118430775e+01	0.00000000000000e+00	2.92654521060070e+01	0.00000000000000e+00	1
16	17	19	20	1.00014377252618e-02	0.00000000000000e+00	0.00000000000000e+00	0.00000000000000e+00	-3.76991118430775e+01	0.00000000000000e+00	2.59628197723705e+01	0.00000000000000e+00	1
17	18	20	21	1.00022252817299e-02	0.00000000000000e+00	0.00000000000000e+00	0.00000000000000e+00	-3.76991118430775e+01	0.00000000000000e+00	1.70211815301337e+01	0.00000000000000e+00	1
1	2	5	6	1.00065675177166e-02	0.00000000000000e+00	0.00000000000000e+00	0.00000000000000e+00	-9.42477796076939e+01	0.00000000000000e+00	1.43493378854698e+01	0.00000000000000e+00	1
2	3	6	7	1.00037405283841e-02	0.00000000000000e+00	0.00000000000000e+00	0.00000000000000e+00	-9.42477796076939e+01	0.00000000000000e+00	2.52888913671440e+01	0.00000000000000e+00	1
3	4	7	8	1.00031949083106e-02	0.00000000000000e+00	0.00000000000000e+00	0.00000000000000e+00	-9.42477796076939e+01	0.00000000000000e+00	2.98294411497935e+01	0.00000000000000e+00	1
4	5	8	9	1.00029686053853e-02	0.00000000000000e+00	0.00000000000000e+00	0.00000000000000e+00	-9.42477796076939e+01	0.00000000000000e+00	3.17455025848493e+01	0.00000000000000e+00	1
5	6	9	10	1.00028508146432e-02	0.00000000000000e+00	0.00000000000000e+00	0.00000000000000e+00	-9.42477796076939e+01	0.00000000000000e+00	3.32141540711585e+01	0.00000000000000e+00	1
6	7	10	11	1.00027763505636e-02	0.00000000000000e+00	0.00000000000000e+00	0.00000000000000e+00	-9.42477796076939e+01	0.00000000000000e+00	3.43755987127430e+01	0.00000000000000e+00	1
7	8	11	12	1.00027282777976e-02	0.00000000000000e+00	0.00000000000000e+00	0.00000000000000e+00	-9.42477796076939e+01	0.00000000000000e+00	3.42332288719996e+01	0.00000000000000e+00	1
8	9	12	13	1.00027044274101e-02	0.00000000000000e+00	0.00000000000000e+00	0.00000000000000e+00	-9.42477796076939e+01	0.00000000000000e+00	3.44907966945020e+01	0.00000000000000e+00	1
9	10	13	14	1.00026805789271e-02	0.00000000000000e+00	0.00000000000000e+00	0.00000000000000e+00	-9.42477796076939e+01	0.00000000000000e+00	3.53598365760998e+01	0.00000000000000e+00	1
10	11	14	15	1.00026847079880e-02	0.00000000000000e+00	0.00000000000000e+00	0.00000000000000e+00	-9.42477796076939e+01	0.00000000000000e+00	3.53307313862316e+01	0.00000000000000e+00	1
11	12	15	16	1.00026941480873e-02	0.00000000000000e+00	0.00000000000000e+00	0.00000000000000e+00	-9.42477796076939e+01	0.00000000000000e+00	3.50733179808676e+01	0.00000000000000e+00	1
12	13	16	17	1.00027247307665e-02	0.00000000000000e+00	0.00000000000000e+00	0.00000000000000e+00	-9.42477796076939e+01	0.00000000000000e+00	3.50025885451726e+01	0.00000000000000e+00	1
13	14	17	18	1.00028153498180e-02	0.00000000000000e+00	0.00000000000000e+00	0.00000000000000e+00	-9.42477796076939e+01	0.00000000000000e+00	3.31260387343056e+01	0.00000000000000e+00	1
14	15	18	19	1.00029853733447e-02	0.00000000000000e+00	0.00000000000000e+00	0.00000000000000e+00	-9.42477796076939e+01	0.00000000000000e+00	3.16140228614711e+01	0.00000000000000e+00	1
15	16	19	20	1.00034486456437e-02	0.00000000000000e+00	0.00000000000000e+00	0.00000000000000e+00	-9.42477796076939e+01	0.00000000000000e+00	2.68557926686043e+01	0.00000000000000e+00	1
16	17	20	21	1.00060865348297e-02	0.00000000000000e+00	0.00000000000000e+00	0.00000000000000e+00	-9.42477796076939e+01	0.00000000000000e+00	1.54643977113599e+01	0.00000000000000e+00	1
1	2	6	7	1.00136234377842e-02	0.00000000000000e+00	0.00000000000000e+00	0.00000000000000e+00	-1.88495559215387e+02	0.00000000000000e+00	1.36545867146353e+01	0.00000000000000e+00	1
2	3	7	8	1.00070344289597e-02	0.00000000000000e+00	0.00000000000000e+00	0.00000000000000e+00	-1.88495559215387e+02	0.00000000000000e+00	2.62139050255367e+01	0.00000000000000e+00	1
3	4	8	9	1.00057566054086e-02	0.00000000000000e+00	0.00000000000000e+00	0.00000000000000e+00	-1.88495559215387e+02	0.00000000000000e+00	3.23949071484982e+01	0.00000000000000e+00	1
4	5	9	10	1.00052308978705e-02	0.00000000000000e+00	0.00000000000000e+00	0.00000000000000e+00	-1.88495559215387e+02	0.00000000000000e+00	3.60230733954288e+01	0.00000000000000e+00	1
5	6	10	11	1.00049571968255e-02	0.00000000000000e+00	0.00000000000000e+00	0.00000000000000e+00	-1.88495559215387e+02	0.00000000000000e+00	3.85824947093649e+01	0.00000000000000e+00	1
6	7	11	12	1.00047976239079e-02	0.00000000000000e+00	0.00000000000000e+00	0.00000000000000e+00	-1.88495559215387e+02	0.00000000000000e+00	3.96339498353996e+01	0.00000000000000e+00	1
7	8	12	13	1.00047101892185e-02	0.00000000000000e+00	0.00000000000000e+00	0.00000000000000e+00	-1.88495559215387e+02	0.00000000000000e+00	4.02869281612301e+01	0.00000000000000e+00	1
8	9	13	14	1.00046591162347e-02	0.00000000000000e+00	0.00000000000000e+00	0.00000000000000e+00	-1.88495559215387e+02	0.00000000000000e+00	4.07396646756543e+01	0.00000000000000e+00	1
9	10	14	15	1.00046504594319e-02	0.00000000000000e+00	0.00000000000000e+00	0.00000000000000e+00	-1.88495559215387e+02	0.00000000000000e+00	4.04301663224340e+01	0.00000000000000e+00	1
10	11	15	16	1.00046781903055e-02	0.00000000000000e+00	0.00000000000000e+00	0.00000000000000e+00	-1.88495559215387e+02	0.00000000000000e+00	4.05213721907750e+01	0.00000000000000e+00	1
11	12	16	17	1.00047690577010e-02	0.00000000000000e+00	0.00000000000000e+00	0.00000000000000e+00	-1.88495559215387e+02	0.00000000000000e+00	3.96450624610245e+01	0.00000000000000e+00	1
12	13	17	18	1.00049667488599e-02	0.00000000000000e+00	0.00000000000000e+00	0.00000000000000e+00	-1.88495559215387e+02	0.00000000000000e+00	3.75717832453952e+01	0.00000000000000e+00	1
13	14	18	19	1.00054040344675e-02	0.00000000000000e+00	0.00000000000000e+00	0.00000000000000e+00	-1.88495559215387e+02	0.00000000000000e+00	3.40232505184149e+01	0.00000000000000e+00	1
14	15	19	20	1.00064854822505e-02	0.00000000000000e+00	0.00000000000000e+00	0.00000000000000e+00	-1.88495559215387e+02	0.00000000000000e+00	2.91376104179335e+01	0.00000000000000e+00	1
15	16	20	21	1.00124840709649e-02	0.00000000000000e+00	0.00000000000000e+00	0.00000000000000e+00	-1.88495559215387e+02	0.00000000000000e+00	1.52142521160153e+01	0.00000000000000e+00	1
1	2	7	8	1.00236823781738e-02	0.00000000000000e+00	0.00000000000000e+00	0.00000000000000e+00	-3.29867228626927e+02	0.00000000000000e+00	1.37077264052480e+01	0.00000000000000e+00	1
2	3	8	9	1.00114878034027e-02	0.00000000000000e+00	0.00000000000000e+00	0.00000000000000e+00	-3.29867228626927e+02	0.00000000000000e+00	2.87714930433983e+01	0.00000000000000e+00	1
3	4	9	10	1.00091203092168e-02	0.00000000000000e+00	0.00000000000000e+00	0.00000000000000e+00	-3.29867228626927e+02	0.00000000000000e+00	3.61992884701845e+01	0.00000000000000e+00	1
4	5	10	11	1.00081517774062e-02	0.00000000000000e+00	0.00000000000000e+00	0.00000000000000e+00	-3.29867228626927e+02	0.00000000000000e+00	4.07250786638729e+01	0.00000000000000e+00	1
5	6	11	12	1.00076607365239e-02	0.00000000000000e+00	0.00000000000000e+00	0.00000000000000e+00	-3.29867228626927e+02	0.00000000000000e+00	4.27187526224005e+01	0.00000000000000e+00	1
6	7	12	13	1.00073991082372e-02	0.00000000000000e+00	0.00000000000000e+00	0.00000000000000e+00	-3.29867228626927e+02	0.00000000000000e+00	4.49260881455507e+01	0.00000000000000e+00	1
7	8	13	14	1.00072536121685e-02	0.00000000000000e+00	0.00000000000000e+00	0.00000000000000e+00	-3.29867228626927e+02	0.00000000000000e+00	4.45885314765014e+01	0.00000000000000e+00	1
8	9	14	15	1.00072209710491e-02	0.00000000000000e+00	0.00000000000000e+00	0.00000000000000e+00	-3.29867228626927e+02	0.00000000000000e+00	4.50902833561240e+01	0.00000000000000e+00	1
9	10	15	16	1.00072574897379e-02	0.00000000000000e+00	0.00000000000000e+00	0.00000000000000e+00	-3.29867228626927e+02	0.00000000000000e+00	4.49636812856275e+01	0.00000000000000e+00	1
10	11	16	17	1.00074293897838e-02	0.00000000000000e+00	0.00000000000000e+00	0.00000000000000e+00	-3.29867228626927e+02	0.00000000000000e+00	4.44139496377276e+01	0.00000000000000e+00	1
11	12	17	18	1.00078132477393e-02	0.00000000000000e+00	0.00000000000000e+00	0.00000000000000e+00	-3.29867228626927e+02	0.00000000000000e+00	4.25460407631493e+01	0.00000000000000e+00	1
12	13	18	19	1.00086257821424e-02	0.00000000000000e+00	0.00000000000000e+00	0.00000000000000e+00	-3.29867228626927e+02	0.00000000000000e+00	3.79084809882474e+01	0.00000000000000e+00	1
13	14	19	20	1.00107159341525e-02	0.00000000000000e+00	0.00000000000000e+00	0.00000000000000e+00	-3.29867228626927e+02	0.00000000000000e+00	3.08341322663279e+01	0.00000000000000e+00	1
14	15	20	21	1.00218937952646e-02	0.00000000000000e+00	0.00000000000000e+00	0.00000000000000e+00	-3.29867228626927e+02	0.00000000000000e+00	1.51627015067792e+01	0.00000000000000e+00	1
1	2	8	9	1.00372417162643e-02	0.00000000000000e+00	0.00000000000000e+00	0.00000000000000e+00	-5.27787565803085e+02	0.00000000000000e+00	1.43258101541708e+01	0.00000000000000e+00	1
2	3	9	10	1.00173105126730e-02	0.00000000000000e+00	0.00000000000000e+00	0.00000000000000e+00	-5.27787565803085e+02	0.00000000000000e+00	3.04030589977735e+01	0.00000000000000e+00	1
3	4	10	11	1.00134391220667e-02	0.00000000000000e+00	0.00000000000000e+00	0.00000000000000e+00	-5.27787565803085e+02	0.00000000000000e+00	3.98838978234414e+01	0.00000000000000e+00	1
4	5	11	12	1.00118736561798e-02	0.00000000000000e+00	0.00000000000000e+00	0.00000000000000e+00	-5.27787565803085e+02	0.00000000000000e+00	4.40683253284676e+01	0.00000000000000e+00	1
5	6	12	13	1.00111144918927e-02	0.00000000000000e+00	0.00000000000000e+00	0.00000000000000e+00	-5.27787565803085e+02	0.00000000000000e+00	4.73534886006771e+01	0.00000000000000e+00	1
6	7	13	14	1.00107111842566e-02	0.00000000000000e+00	0.00000000000000e+00	0.00000000000000e+00	-5.27787565803085e+02	0.00000000000000e+00	4.92322992488732e+01	0.00000000000000e+00	1
7	8	14	15	1.00105640565881e-02	0.00000000000000e+00	0.00000000000000e+00	0.00000000000000e+00	-5.27787565803085e+02	0.00000000000000e+00	4.98508624934310e+01	0.00000000000000e+00	1
8	9	15	16	1.00105938292526e-02	0.00000000000000e+00	0.00000000000000e+00	0.00000000000000e+00	-5.27787565803085e+02	0.00000000000000e+00	4.87362421727580e+01	0.00000000000000e+00	1
9	10	16	17	1.00108431223662e-02	0.00000000000000e+00	0.00000000000000e+00	0.00000000000000e+00	-5.27787565803085e+02	0.00000000000000e+00	4.91165039451633e+01	0.00000000000000e+00	1
10	11	17	18	1.00114711535278e-02	0.00000000000000e+00	0.00000000000000e+00	0.00000000000000e+00	-5.27787565803085e+02	0.00000000000000e+00	4.63556085284602e+01	0.00000000000000e+00	1
11	12	18	19	1.00128318463888e-02	0.00000000000000e+00	0.00000000000000e+00	0.00000000000000e+00	-5.27787565803085e+02	0.00000000000000e+00	4.08941554161644e+01	0.00000000000000e+00	1
12	13	19	20	1.00162852241913e-02	0.00000000000000e+00	0.00000000000000e+00	0.00000000000000e+00	-5.27787565803085e+02	0.00000000000000e+00	3.22892150074527e+01	0.00000000000000e+00	1
13	14	20	21	1.00348799949183e-02	0.00000000000000e+00	0.00000000000000e+00	0.00000000000000e+00	-5.27787565803085e+02	0.00000000000000e+00	1.52478000042191e+01	0.00000000000000e+00	1
1	2	9	10	1.00549699676464e-02	0.00000000000000e+00	0.00000000000000e+00	0.00000000000000e+00	-7.91681348704633e+02	0.00000000000000e+00	1.42426810560578e+01	0.00000000000000e+00	1
2	3	10	11	1.00247747620835e-02	0.00000000000000e+00	0.00000000000000e+00	0.00000000000000e+00	-7.91681348704633e+02	0.00000000000000e+00	3.21902318051552e+01	0.00000000000000e+00	1
3	4	11	12	1.00189235116885e-02	0.00000000000000e+00	0.00000000000000e+00	0.00000000000000e+00	-7.91681348704633e+02	0.00000000000000e+00	4.18226237849685e+01	0.00000000000000e+00	1
4	5	12	13	1.00166126490748e-02	0.00000000000000e+00	0.00000000000000e+00	0.00000000000000e+00	-7.91681348704633e+02	0.00000000000000e+00	4.70472246956627e+01	0.00000000000000e+00	1
5	6	13	14	1.00154945256246e-02	0.00000000000000e+00	0.00000000000000e+00	0.00000000000000e+00	-7.91681348704633e+02	0.00000000000000e+00	5.12633176512177e+01	0.00000000000000e+00	1
6	7	14	15	1.00150095392940e-02	0.00000000000000e+00	0.00000000000000e+00	0.00000000000000e+00	-7.91681348704633e+02	0.00000000000000e+00	5.24586328207794e+01	0.00000000000000e+00	1
7	8	15	16	1.00149160680685e-02	0.00000000000000e+00	0.00000000000000e+00	0.00000000000000e+00	-7.91681348704633e+02	0.00000000000000e+00	5.25165350544802e+01	0.00000000000000e+00	1
8	9	16	17	1.00152356993708e-02	0.00000000000000e+00	0.00000000000000e+00	0.00000000000000e+00	-7.91681348704633e+02	0.00000000000000e+00	5.15585623775310e+01	0.00000000000000e+00	1
9	10	17	18	1.00161352543303e-02	0.00000000000000e+00	0.00000000000000e+00	0.00000000000000e+00	-7.91681348704633e+02	0.00000000000000e+00	4.90047559218299e+01	0.00000000000000e+00	1
10	11	18	19	1.00182054941057e-02	0.00000000000000e+00	0.00000000000000e+00	0.00000000000000e+00	-7.91681348704633e+02	0.00000000000000e+00	4.32519337647312e+01	0.00000000000000e+00	1
11	12	19	20	1.00235136434735e-02	0.00000000000000e+00	0.00000000000000e+00	0.00000000000000e+00	-7.91681348704633e+02	0.00000000000000e+00	3.37248312235008e+01	0.00000000000000e+00	1
12	13	20	21	1.00519098271482e-02	0.00000000000000e+00	0.00000000000000e+00	0.00000000000000e+00	-7.91681348704633e+02	0.00000000000000e+00	1.53890383190535e+01	0.00000000000000e+00	1
1	2	10	11	1.00776761825635e-02	0.00000000000000e+00	0.00000000000000e+00	0.00000000000000e+00	-1.13097335529232e+03	0.00000000000000e+00	1.47445756659874e+01	0.00000000000000e+00	1
2	3	11	12	1.00342298148198e-02	0.00000000000000e+00	0.00000000000000e+00	0.00000000000000e+00	-1.13097335529232e+03	0.00000000000000e+00	3.34232086041653e+01	0.00000000000000e+00	1
3	4	12	13	1.00258873198053e-02	0.00000000000000e+00	0.00000000000000e+00	0.00000000000000e+00	-1.13097335529232e+03	0.00000000000000e+00	4.33929935459212e+01	0.00000000000000e+00	1
4	5	13	14	1.00226039944793e-02	0.00000000000000e+00	0.00000000000000e+00	0.00000000000000e+00	-1.13097335529232e+03	0.00000000000000e+00	5.04771600139901e+01	0.00000000000000e+00	1
5	6	14	15	1.00211663320678e-02	0.00000000000000e+00	0.00000000000000e+00	0.00000000000000e+00	-1.13097335529232e+03	0.00000000000000e+00	5.24684363686243e+01	0.00000000000000e+00	1
6	7	15	16	1.00206553761406e-02	0.00000000000000e+00	0.00000000000000e+00	0.00000000000000e+00	-1.13097335529232e+03	0.00000000000000e+00	5.49275506307393e+01	0.00000000000000e+00	1
7	8	16	17	1.00209114314267e-02	0.00000000000000e+00	0.00000000000000e+00	0.00000000000000e+00	-1.13097335529232e+03	0.00000000000000e+00	5.39219579447119e+01	0.00000000000000e+00	1
8	9	17	18	1.00221169825737e-02	0.00000000000000e+00	0.00000000000000e+00	0.00000000000000e+00	-1.13097335529232e+03	0.00000000000000e+00	5.16091354805897e+01	0.00000000000000e+00	1
9	10	18	19	1.00250305390077e-02	0.00000000000000e+00	0.00000000000000e+00	0.00000000000000e+00	-1.13097335529232e+03	0.00000000000000e+00	4.47920983758580e+01	0.00000000000000e+00	1
10	11	19	20	1.00327208859935e-02	0.00000000000000e+00	0.00000000000000e+00	0.00000000000000e+00	-1.13097335529232e+03	0.00000000000000e+00	3.48785536284891e+01	0.00000000000000e+00	1
11	12	20	21	1.00739607209030e-02	0.00000000000000e+00	0.00000000000000e+00	0.00000000000000e+00	-1.13097335529232e+03	0.00000000000000e+00	1.53136715777066e+01	0.00000000000000e+00	1
1	2	11	12	1.01063984712626e-02	0.00000000000000e+00	0.00000000000000e+00	0.00000000000000e+00	-1.55508836352695e+03	0.00000000000000e+00	1.45523655395621e+01	0.00000000000000e+00	1
2	3	12	13	1.00462112335010e-02	0.00000000000000e+00	0.00000000000000e+00	0.00000000000000e+00	-1.55508836352695e+03	0.00000000000000e+00	3.36664901699002e+01	0.00000000000000e+00	1
3	4	13	14	1.00346707967104e-02	0.00000000000000e+00	0.00000000000000e+00	0.00000000000000e+00	-1.55508836352695e+03	0.00000000000000e+00	4.43310426473081e+01	0.00000000000000e+00	1
4	5	14	15	1.00303491705362e-02	0.00000000000000e+00	0.00000000000000e+00	0.00000000000000e+00	-1.55508836352695e+03	0.00000000000000e+00	5.11655883511348e+01	0.00000000000000e+00	1
5	6	15	16	1.00286122220894e-02	0.00000000000000e+00	0.00000000000000e+00	0.00000000000000e+00	-1.55508836352695e+03	0.00000000000000e+00	5.49297263045324e+01	0.00000000000000e+00	1
6	7	16	17	1.00284416119513e-02	0.00000000000000e+00	0.00000000000000e+00	0.00000000000000e+00	-1.55508836352695e+03	0.00000000000000e+00	5.55009094675641e+01	0.00000000000000e+00	1
7	8	17	18	1.00298322401980e-02	0.00000000000000e+00	0.00000000000000e+00	0.00000000000000e+00	-1.55508836352695e+03	0.00000000000000e+00	5.25933477655457e+01	0.00000000000000e+00	1
8	9	18	19	1.00337640695393e-02	0.00000000000000e+00	0.00000000000000e+00	0.00000000000000e+00	-1.55508836352695e+03	0.00000000000000e+00	4.61084116947010e+01	0.00000000000000e+00	1
9	10	19	20	1.00443878834144e-02	0.00000000000000e+00	0.00000000000000e+00	0.00000000000000e+00	-1.55508836352695e+03	0.00000000000000e+00	3.49352334298689e+01	0.00000000000000e+00	1
10	11	20	21	1.01020091508137e-02	0.00000000000000e+00	0.00000000000000e+00	0.00000000000000e+00	-1.55508836352695e+03	0.00000000000000e+00	1.53171122175497e+01	0.00000000000000e+00	1
1	2	12	13	1.01427571241772e-02	0.00000000000000e+00	0.00000000000000e+00	0.00000000000000e+00	-2.07345115136928e+03	0.00000000000000e+00	1.45062578829534e+01	0.00000000000000e+00	1
2	3	13	14	1.00613005608064e-02	0.00000000000000e+00	0.00000000000000e+00	0.00000000000000e+00	-2.07345115136928e+03	0.00000000000000e+00	3.44402192252282e+01	0.00000000000000e+00	1
3	4	14	15	1.00460131834064e-02	0.00000000000000e+00	0.00000000000000e+00	0.00000000000000e+00	-2.07345115136928e+03	0.00000000000000e+00	4.49663636937734e+01	0.00000000000000e+00	1
4	5	15	16	1.00405149202476e-02	0.00000000000000e+00	0.00000000000000e+00	0.00000000000000e+00	-2.07345115136928e+03	0.00000000000000e+00	5.11235597764103e+01	0.00000000000000e+00	1
5	6	16	17	1.00388925449635e-02	0.00000000000000e+00	0.00000000000000e+00	0.00000000000000e+00	-2.07345115136928e+03	0.00000000000000e+00	5.36120182605801e+01	0.00000000000000e+00	1
6	7	17	18	1.00400645211404e-02	0.00000000000000e+00	0.00000000000000e+00	0.00000000000000e+00	-2.07345115136928e+03	0.00000000000000e+00	5.11399527827903e+01	0.00000000000000e+00	1
7	8	18	19	1.00450153722341e-02	0.00000000000000e+00	0.00000000000000e+00	0.00000000000000e+00	-2.07345115136928e+03	0.00000000000000e+00	4.58445127203121e+01	0.00000000000000e+00	1
8	9	19	20	1.00592974878773e-02	0.00000000000000e+00	0.00000000000000e+00	0.00000000000000e+00	-2.07345115136928e+03	0.00000000000000e+00	3.43540495122956e+01	0.00000000000000e+00	1
9	10	20	21	1.01375105210813e-02	0.00000000000000e+00	0.00000000000000e+00	0.00000000000000e+00	-2.07345115136928e+03	0.00000000000000e+00	1.50779249082602e+01	0.00000000000000e+00	1
1	2	13	14	1.01885133108519e-02	0.00000000000000e+00	0.00000000000000e+00	0.00000000000000e+00	-2.69548649677999e+03	0.00000000000000e+00	1.39825136459346e+01	0.00000000000000e+00	1
2	3	14	15	1.00807740258677e-02	0.00000000000000e+00	0.00000000000000e+00	0.00000000000000e+00	-2.69548649677999e+03	0.00000000000000e+00	3.35135150851704e+01	0.00000000000000e+00	1
3	4	15	16	1.00609015441710e-02	0.00000000000000e+00	0.00000000000000e+00	0.00000000000000e+00	-2.69548649677999e+03	0.00000000000000e+00	4.43249656685120e+01	0.00000000000000e+00	1
4	5	16	17	1.00545658377243e-02	0.00000000000000e+00	0.00000000000000e+00	0.00000000000000e+00	-2.69548649677999e+03	0.00000000000000e+00	4.94282331580286e+01	0.00000000000000e+00	1
5	6	17	18	1.00542806337347e-02	0.00000000000000e+00	0.00000000000000e+00	0.00000000000000e+00	-2.69548649677999e+03	0.00000000000000e+00	4.94130733611963e+01	0.00000000000000e+00	1
6	7	18	19	1.00599359508353e-02	0.00000000000000e+00	0.00000000000000e+00	0.00000000000000e+00	-2.69548649677999e+03	0.00000000000000e+00	4.45125899489667e+01	0.00000000000000e+00	1
7	8	19	20	1.00784930574268e-02	0.00000000000000e+00	0.00000000000000e+00	0.00000000000000e+00	-2.69548649677999e+03	0.00000000000000e+00	3.44855668784121e+01	0.00000000000000e+00	1
8	9	20	21	1.01828498719153e-02	0.00000000000000e+00	0.00000000000000e+00	0.00000000000000e+00	-2.69548649677999e+03	0.00000000000000e+00	1.46257373786160e+01	0.00000000000000e+00	1
1	2	14	15	1.02475477405278e-02	0.00000000000000e+00	0.00000000000000e+00	0.00000000000000e+00	-3.43061917772011e+03	0.00000000000000e+00	1.40626155362786e+01	0.00000000000000e+00	1
2	3	15	16	1.01063395028524e-02	0.00000000000000e+00	0.00000000000000e+00	0.00000000000000e+00	-3.43061917772011e+03	0.00000000000000e+00	3.31369998147766e+01	0.00000000000000e+00	1
3	4	16	17	1.00815000168438e-02	0.00000000000000e+00	0.00000000000000e+00	0.00000000000000e+00	-3.43061917772011e+03	0.00000000000000e+00	4.22618378519188e+01	0.00000000000000e+00	1
4	5	17	18	1.00756451945861e-02	0.00000000000000e+00	0.00000000000000e+00	0.00000000000000e+00	-3.43061917772011e+03	0.00000000000000e+00	4.55693769829375e+01	0.00000000000000e+00	1
5	6	18	19	1.00806844014467e-02	0.00000000000000e+00	0.00000000000000e+00	0.00000000000000e+00	-3.43061917772011e+03	0.00000000000000e+00	4.28687012026386e+01	0.00000000000000e+00	1
6	7	19	20	1.01039501650983e-02	0.00000000000000e+00	0.00000000000000e+00	0.00000000000000e+00	-3.43061917772011e+03	0.00000000000000e+00	3.28347779625712e+01	0.00000000000000e+00	1
7	8	20	21	1.02412055263369e-02	0.00000000000000e+00	0.00000000000000e+00	0.00000000000000e+00	-3.43061917772011e+03	0.00000000000000e+00	1.42439057746116e+01	0.00000000000000e+00	1
1	2	15	16	1.03250587031610e-02	0.00000000000000e+00	0.00000000000000e+00	0.00000000000000e+00	-4.28827397215005e+03	0.00000000000000e+00	1.31976401079863e+01	0.00000000000000e+00	1
2	3	16	17	1.01417351803190e-02	0.00000000000000e+00	0.00000000000000e+00	0.00000000000000e+00	-4.28827397215005e+03	0.00000000000000e+00	3.00674920439270e+01	0.00000000000000e+00	1
3	4	17	18	1.01124556534764e-02	0.00000000000000e+00	0.00000000000000e+00	0.00000000000000e+00	-4.28827397215005e+03	0.00000000000000e+00	3.84032956769314e+01	0.00000000000000e+00	1
4	5	18	19	1.01119158446406e-02	0.00000000000000e+00	0.00000000000000e+00	0.00000000000000e+00	-4.28827397215005e+03	0.00000000000000e+00	3.86954452224878e+01	0.00000000000000e+00	1
5	6	19	20	1.01393740684682e-02	0.00000000000000e+00	0.00000000000000e+00	0.00000000000000e+00	-4.28827397215005e+03	0.00000000000000e+00	3.05712563350451e+01	0.00000000000000e+00	1
6	7	20	21	1.03186011587949e-02	0.00000000000000e+00	0.00000000000000e+00	0.00000000000000e+00	-4.28827397215005e+03	0.00000000000000e+00	1.33432240669820e+01	0.00000000000000e+00	1
1	2	16	17	1.04324133672688e-02	0.00000000000000e+00	0.00000000000000e+00	0.00000000000000e+00	-5.27787565803078e+03	0.00000000000000e+00	1.21496999662170e+01	0.00000000000000e+00	1
2	3	17	18	1.01949903460502e-02	0.00000000000000e+00	0.00000000000000e+00	0.00000000000000e+00	-5.27787565803078e+03	0.00000000000000e+00	2.66908257467060e+01	0.00000000000000e+00	1
3	4	18	19	1.01658301519608e-02	0.00000000000000e+00	0.00000000000000e+00	0.00000000000000e+00	-5.27787565803078e+03	0.00000000000000e+00	3.14153235166694e+01	0.00000000000000e+00	1
4	5	19	20	1.01927529925722e-02	0.00000000000000e+00	0.00000000000000e+00	0.00000000000000e+00	-5.27787565803078e+03	0.00000000000000e+00	2.76216233392491e+01	0.00000000000000e+00	1
5	6	20	21	1.04263359002958e-02	0.00000000000000e+00	0.00000000000000e+00	0.00000000000000e+00	-5.27787565803078e+03	0.00000000000000e+00	1.24977029215610e+01	0.00000000000000e+00	1
1	2	17	18	1.05940305640104e-02	0.00000000000000e+00	0.00000000000000e+00	0.00000000000000e+00	-6.40884901332322e+03	0.00000000000000e+00	1.07072756395664e+01	0.00000000000000e+00	1
2	3	18	19	1.02869384353490e-02	0.00000000000000e+00	0.00000000000000e+00	0.00000000000000e+00	-6.40884901332322e+03	0.00000000000000e+00	2.23711361769997e+01	0.00000000000000e+00	1
3	4	19	20	1.02850162045681e-02	0.00000000000000e+00	0.00000000000000e+00	0.00000000000000e+00	-6.40884901332322e+03	0.00000000000000e+00	2.27538479435443e+01	0.00000000000000e+00	1
4	5	20	21	1.05887658113192e-02	0.00000000000000e+00	0.00000000000000e+00	0.00000000000000e+00	-6.40884901332322e+03	0.00000000000000e+00	1.08278019107839e+01	0.00000000000000e+00	1
1	2	18	19	1.08732587915482e-02	0.00000000000000e+00	0.00000000000000e+00	0.00000000000000e+00	-7.69061881598807e+03	0.00000000000000e+00	8.96678690040501e+00	0.00000000000000e+00	1
2	3	19	20	1.04925154564128e-02	0.00000000000000e+00	0.00000000000000e+00	0.00000000000000e+00	-7.69061881598807e+03	0.00000000000000e+00	1.56857202258833e+01	0.00000000000000e+00	1
3	4	20	21	1.08696960971069e-02	0.00000000000000e+00	0.00000000000000e+00	0.00000000000000e+00	-7.69061881598807e+03	0.00000000000000e+00	8.88389599852192e+00	0.00000000000000e+00	1
1	2	19	20	1.14979377027676e-02	0.00000000000000e+00	0.00000000000000e+00	0.00000000000000e+00	-9.13260984398527e+03	0.00000000000000e+00	6.16596020822963e+00	0.00000000000000e+00	1
2	3	20	21	1.15018794374511e-02	0.00000000000000e+00	0.00000000000000e+00	0.00000000000000e+00	-9.13260984398527e+03	0.00000000000000e+00	6.14916704563092e+00	0.00000000000000e+00	1
1	2	20	21	1.45663687498876e-02	0.00000000000000e+00	0.00000000000000e+00	0.00000000000000e+00	-1.07442468752768e+04	0.00000000000000e+00	2.31641856313587e+00	0.00000000000000e+00	1
0
