21
# x y z
0	0	0
0.5	0	0
1	0	0
1.5	0	0
2	0	0
2.5	0	0
3	0	0
3.5	0	0
4	0	0
4.5	0	0
5	0	0
5.5	0	0
6	0	0
6.5	0	0
7	0	0
7.5	0	0
8	0	0
8.5	0	0
9	0	0
9.5	0	0
10	0	0
171
# a b m n err i ip iperr k r rhoa u valid 
1	2	3	4	1.00004259619050e-02	0.00000000000000e+00	0.00000000000000e+00	0.00000000000000e+00	-9.42477796076938e+00	0.00000000000000e+00	2.19702775869987e+01	0.00000000000000e+00	1
2	3	4	5	1.00003431702998e-02	0.00000000000000e+00	0.00000000000000e+00	0.00000000000000e+00	-9.42477796076938e+00	0.00000000000000e+00	2.73291959028134e+01	0.00000000000000e+00	1
3	4	5	6	1.00003324559309e-02	0.00000000000000e+00	0.00000000000000e+00	0.00000000000000e+00	-9.42477796076938e+00	0.00000000000000e+00	2.82577201770692e+01	0.00000000000000e+00	1
4	5	6	7	1.00003254767550e-02	0.00000000000000e+00	0.00000000000000e+00	0.00000000000000e+00	-9.42477796076938e+00	0.00000000000000e+00	2.84486070416008e+01	0.00000000000000e+00	1
5	6	7	8	1.00003237457463e-02	0.00000000000000e+00	0.00000000000000e+00	0.00000000000000e+00	-9.42477796076938e+00	0.00000000000000e+00	2.91718311877897e+01	0.00000000000000e+00	1
6	7	8	9	1.00003249425105e-02	0.00000000000000e+00	0.00000000000000e+00	0.00000000000000e+00	-9.42477796076938e+00	0.00000000000000e+00	2.84210722868389e+01	0.00000000000000e+00	1
7	8	9	10	1.00003233329375e-02	0.00000000000000e+00	0.00000000000000e+00	0.00000000000000e+00	-9.42477796076938e+00	0.00000000000000e+00	2.89863961683935e+01	0.00000000000000e+00	1
8	9	10	11	1.00003187612132e-02	0.00000000000000e+00	0.00000000000000e+00	0.00000000000000e+00	-9.42477796076938e+00	0.00000000000000e+00	2.96665984945431e+01	0.00000000000000e+00	1
9	10	11	12	1.00003153273792e-02	0.00000000000000e+00	0.00000000000000e+00	0.00000000000000e+00	-9.42477796076938e+00	0.00000000000000e+00	3.03518106793100e+01	0.00000000000000e+00	1
10	11	12	13	1.00003182298299e-02	0.00000000000000e+00	0.00000000000000e+00	0.00000000000000e+00	-9.42477796076938e+00	0.00000000000000e+00	2.92102879724823e+01	0.00000000000000e+00	1
11	12	13	14	1.00003198636621e-02	0.00000000000000e+00	0.00000000000000e+00	0.00000000000000e+00	-9.42477796076938e+00	0.00000000000000e+00	2.98849601888225e+01	0.00000000000000e+00	1
12	13	14	15	1.00003209583228e-02	0.00000000000000e+00	0.00000000000000e+00	0.00000000000000e+00	-9.42477796076938e+00	0.00000000000000e+00	2.92824257694424e+01	0.00000000000000e+00	1
13	14	15	16	1.00003204753612e-02	0.00000000000000e+00	0.00000000000000e+00	0.00000000000000e+00	-9.42477796076938e+00	0.00000000000000e+00	2.92441595142076e+01	0.00000000000000e+00	1
14	15	16	17	1.00003160723399e-02	0.00000000000000e+00	0.00000000000000e+00	0.00000000000000e+00	-9.42477796076938e+00	0.00000000000000e+00	3.01721925302166e+01	0.00000000000000e+00	1
15	16	17	18	1.00003194300226e-02	0.00000000000000e+00	0.00000000000000e+00	0.00000000000000e+00	-9.42477796076938e+00	0.00000000000000e+00	3.00061485540050e+01	0.00000000000000e+00	1
16	17	18	19	1.00003290133236e-02	0.00000000000000e+00	0.00000000000000e+00	0.00000000000000e+00	-9.42477796076938e+00	0.00000000000000e+00	2.81611056711112e+01	0.00000000000000e+00	1
17	18	19	20	1.00003398807471e-02	0.00000000000000e+00	0.00000000000000e+00	0.00000000000000e+00	-9.42477796076938e+00	0.00000000000000e+00	2.75356792750102e+01	0.00000000000000e+00	1
18	19	20	21	1.00004327949031e-02	0.00000000000000e+00	0.00000000000000e+00	0.00000000000000e+00	-9.42477796076938e+00	0.00000000000000e+00	2.19035003041174e+01	0.00000000000000e+00	1
1	2	4	5	1.00022747556039e-02	0.00000000000000e+00	0.00000000000000e+00	0.00000000000000e+00	-3.76991118430775e+01	0.00000000000000e+00	1.67349744777572e+01	0.00000000000000e+00	1
2	3	5	6	1.00015009535702e-02	0.00000000000000e+00	0.00000000000000e+00	0.00000000000000e+00	-3.76991118430775e+01	0.00000000000000e+00	2.48109636603524e+01	0.00000000000000e+00	1
3	4	6	7	1.00013566020130e-02	0.00000000000000e+00	0.00000000000000e+00	0.00000000000000e+00	-3.76991118430775e+01	0.00000000000000e+00	2.74198867622770e+01	0.00000000000000e+00	1
4	5	7	8	1.00012978893476e-02	0.00000000000000e+00	0.00000000000000e+00	0.00000000000000e+00	-3.76991118430775e+01	0.00000000000000e+00	2.90460534389306e+01	0.00000000000000e+00	1
5	6	8	9	1.00012663235132e-02	0.00000000000000e+00	0.00000000000000e+00	0.00000000000000e+00	-3.76991118430775e+01	0.00000000000000e+00	2.93790933427406e+01	0.00000000000000e+00	1
6	7	9	10	1.00012496449841e-02	0.00000000000000e+00	0.00000000000000e+00	0.00000000000000e+00	-3.76991118430775e+01	0.00000000000000e+00	3.00533224886045e+01	0.00000000000000e+00	1
7	8	10	11	1.00012309322267e-02	0.00000000000000e+00	0.00000000000000e+00	0.00000000000000e+00	-3.76991118430775e+01	0.00000000000000e+00	3.10140094666796e+01	0.00000000000000e+00	1
8	9	11	12	1.00012211826557e-02	0.00000000000000e+00	0.00000000000000e+00	0.00000000000000e+00	-3.76991118430775e+01	0.00000000000000e+00	3.09082411962266e+01	0.00000000000000e+00	1
9	10	12	13	1.00012136793668e-02	0.00000000000000e+00	0.00000000000000e+00	0.00000000000000e+00	-3.76991118430775e+01	0.00000000000000e+00	3.11077969848431e+01	0.00000000000000e+00	1
10	11	13	14	1.00012087779562e-02	0.00000000000000e+00	0.00000000000000e+00	0.00000000000000e+00	-3.76991118430775e+01	0.00000000000000e+00	3.03288589956969e+01	0.00000000000000e+00	1
11	12	14	15	1.00012153811125e-02	0.00000000000000e+00	0.00000000000000e+00	0.00000000000000e+00	-3.76991118430775e+01	0.00000000000000e+00	3.09076291860707e+01	0.00000000000000e+00	1
12	13	15	16	1.00012098256694e-02	0.00000000000000e+00	0.00000000000000e+00	0.00000000000000e+00	-3.76991118430775e+01	0.00000000000000e+00	3.11631854950690e+01	0.00000000000000e+00	1
13	14	16	17	1.00012201995226e-02	0.00000000000000e+00	0.00000000000000e+00	0.00000000000000e+00	-3.76991118430775e+01	0.00000000000000e+00	3.13526406912876e+01	0.00000000000000e+00	1
14	15	17	18	1.00012381757572e-02	0.00000000000000e+00	0.00000000000000e+00	0.00000000000000e+00	-3.76991118430775e+01	0.00000000000000e+00	3.01556985882619e+01	0.00000000000000e+00	1
15	16	18	19	1.00012845245858e-02	0.00000000000000e+00	0.00000000000000e+00	0.00000000000000e+00	-3.76991118430775e+01	0.00000000000000e+00	2.97387849759185e+01	0.00000000000000e+00	1
16	17	19	20	1.00014140514242e-02	0.00000000000000e+00	0.00000000000000e+00	0.00000000000000e+00	-3.76991118430775e+01	0.00000000000000e+00	2.63974860435780e+01	0.00000000000000e+00	1
17	18	20	21	1.00021897929758e-02	0.00000000000000e+00	0.00000000000000e+00	0.00000000000000e+00	-3.76991118430775e+01	0.00000000000000e+00	1.72970340423891e+01	0.00000000000000e+00	1
1	2	5	6	1.00064919227979e-02	0.00000000000000e+00	0.00000000000000e+00	0.00000000000000e+00	-9.42477796076939e+01	0.00000000000000e+00	1.45164281492874e+01	0.00000000000000e+00	1
2	3	6	7	1.00036893596619e-02	0.00000000000000e+00	0.00000000000000e+00	0.00000000000000e+00	-9.42477796076939e+01	0.00000000000000e+00	2.56396293284690e+01	0.00000000000000e+00	1
3	4	7	8	1.00031494392016e-02	0.00000000000000e+00	0.00000000000000e+00	0.00000000000000e+00	-9.42477796076939e+01	0.00000000000000e+00	3.02600934757272e+01	0.00000000000000e+00	1
4	5	8	9	1.00029247493605e-02	0.00000000000000e+00	0.00000000000000e+00	0.00000000000000e+00	-9.42477796076939e+01	0.00000000000000e+00	3.22215199834768e+01	0.00000000000000e+00	1
5	6	9	10	1.00028085019191e-02	0.00000000000000e+00	0.00000000000000e+00	0.00000000000000e+00	-9.42477796076939e+01	0.00000000000000e+00	3.37145558943688e+01	0.00000000000000e+00	1
6	7	10	11	1.00027334413693e-02	0.00000000000000e+00	0.00000000000000e+00	0.00000000000000e+00	-9.42477796076939e+01	0.00000000000000e+00	3.49152203602436e+01	0.00000000000000e+00	1
7	8	11	12	1.00026857931201e-02	0.00000000000000e+00	0.00000000000000e+00	0.00000000000000e+00	-9.42477796076939e+01	0.00000000000000e+00	3.47747416511660e+01	0.00000000000000e+00	1
8	9	12	13	1.00026605266154e-02	0.00000000000000e+00	0.00000000000000e+00	0.00000000000000e+00	-9.42477796076939e+01	0.00000000000000e+00	3.50599237356603e+01	0.00000000000000e+00	1
9	10	13	14	1.00026370256839e-02	0.00000000000000e+00	0.00000000000000e+00	0.00000000000000e+00	-9.42477796076939e+01	0.00000000000000e+00	3.59438404541202e+01	0.00000000000000e+00	1
10	11	14	15	1.00026395889329e-02	0.00000000000000e+00	0.00000000000000e+00	0.00000000000000e+00	-9.42477796076939e+01	0.00000000000000e+00	3.59346460586277e+01	0.00000000000000e+00	1
11	12	15	16	1.00026484569927e-02	0.00000000000000e+00	0.00000000000000e+00	0.00000000000000e+00	-9.42477796076939e+01	0.00000000000000e+00	3.56784013093492e+01	0.00000000000000e+00	1
12	13	16	17	1.00026765846184e-02	0.00000000000000e+00	0.00000000000000e+00	0.00000000000000e+00	-9.42477796076939e+01	0.00000000000000e+00	3.56322097374085e+01	0.00000000000000e+00	1
13	14	17	18	1.00027647939405e-02	0.00000000000000e+00	0.00000000000000e+00	0.00000000000000e+00	-9.42477796076939e+01	0.00000000000000e+00	3.37317695697473e+01	0.00000000000000e+00	1
14	15	18	19	1.00029308279777e-02	0.00000000000000e+00	0.00000000000000e+00	0.00000000000000e+00	-9.42477796076939e+01	0.00000000000000e+00	3.22023882563248e+01	0.00000000000000e+00	1
15	16	19	20	1.00033817894185e-02	0.00000000000000e+00	0.00000000000000e+00	0.00000000000000e+00	-9.42477796076939e+01	0.00000000000000e+00	2.73867210047290e+01	0.00000000000000e+00	1
16	17	20	21	1.00059599490878e-02	0.00000000000000e+00	0.00000000000000e+00	0.00000000000000e+00	-9.42477796076939e+01	0.00000000000000e+00	1.57928524995277e+01	0.00000000000000e+00	1
1	2	6	7	1.00134164721613e-02	0.00000000000000e+00	0.00000000000000e+00	0.00000000000000e+00	-1.88495559215387e+02	0.00000000000000e+00	1.38652293580084e+01	0.00000000000000e+00	1
2	3	7	8	1.00069270373674e-02	0.00000000000000e+00	0.00000000000000e+00	0.00000000000000e+00	-1.88495559215387e+02	0.00000000000000e+00	2.66203120950110e+01	0.00000000000000e+00	1
3	4	8	9	1.00056683111270e-02	0.00000000000000e+00	0.00000000000000e+00	0.00000000000000e+00	-1.88495559215387e+02	0.00000000000000e+00	3.28995200278554e+01	0.00000000000000e+00	1
4	5	9	10	1.00051514108158e-02	0.00000000000000e+00	0.00000000000000e+00	0.00000000000000e+00	-1.88495559215387e+02	0.00000000000000e+00	3.65789150098893e+01	0.00000000000000e+00	1
5	6	10	11	1.00048803638094e-02	0.00000000000000e+00	0.00000000000000e+00	0.00000000000000e+00	-1.88495559215387e+02	0.00000000000000e+00	3.91899060249330e+01	0.00000000000000e+00	1
6	7	11	12	1.00047243719348e-02	0.00000000000000e+00	0.00000000000000e+00	0.00000000000000e+00	-1.88495559215387e+02	0.00000000000000e+00	4.02484765844535e+01	0.00000000000000e+00	1
7	8	12	13	1.00046360653584e-02	0.00000000000000e+00	0.00000000000000e+00	0.00000000000000e+00	-1.88495559215387e+02	0.00000000000000e+00	4.09310548150888e+01	0.00000000000000e+00	1
8	9	13	14	1.00045852424555e-02	0.00000000000000e+00	0.00000000000000e+00	0.00000000000000e+00	-1.88495559215387e+02	0.00000000000000e+00	4.13960276290399e+01	0.00000000000000e+00	1
9	10	14	15	1.00045770081233e-02	0.00000000000000e+00	0.00000000000000e+00	0.00000000000000e+00	-1.88495559215387e+02	0.00000000000000e+00	4.10789858231493e+01	0.00000000000000e+00	1
10	11	15	16	1.00046021098790e-02	0.00000000000000e+00	0.00000000000000e+00	0.00000000000000e+00	-1.88495559215387e+02	0.00000000000000e+00	4.11912551829384e+01	0.00000000000000e+00	1
11	12	16	17	1.00046919009934e-02	0.00000000000000e+00	0.00000000000000e+00	0.00000000000000e+00	-1.88495559215387e+02	0.00000000000000e+00	4.02970110149182e+01	0.00000000000000e+00	1
12	13	17	18	1.00048832707683e-02	0.00000000000000e+00	0.00000000000000e+00	0.00000000000000e+00	-1.88495559215387e+02	0.00000000000000e+00	3.82140651601861e+01	0.00000000000000e+00	1
13	14	18	19	1.00053121366730e-02	0.00000000000000e+00	0.00000000000000e+00	0.00000000000000e+00	-1.88495559215387e+02	0.00000000000000e+00	3.46118468646451e+01	0.00000000000000e+00	1
14	15	19	20	1.00063718607500e-02	0.00000000000000e+00	0.00000000000000e+00	0.00000000000000e+00	-1.88495559215387e+02	0.00000000000000e+00	2.96571844863175e+01	0.00000000000000e+00	1
15	16	20	21	1.00122403194242e-02	0.00000000000000e+00	0.00000000000000e+00	0.00000000000000e+00	-1.88495559215387e+02	0.00000000000000e+00	1.55172231581091e+01	0.00000000000000e+00	1
1	2	7	8	1.00233278466396e-02	0.00000000000000e+00	0.00000000000000e+00	0.00000000000000e+00	-3.29867228626927e+02	0.00000000000000e+00	1.39160613848875e+01	0.00000000000000e+00	1
2	3	8	9	1.00113184603541e-02	0.00000000000000e+00	0.00000000000000e+00	0.00000000000000e+00	-3.29867228626927e+02	0.00000000000000e+00	2.92019615991177e+01	0.00000000000000e+00	1
3	4	9	10	1.00089889032200e-02	0.00000000000000e+00	0.00000000000000e+00	0.00000000000000e+00	-3.29867228626927e+02	0.00000000000000e+00	3.67284742643420e+01	0.00000000000000e+00	1
4	5	10	11	1.00080327283054e-02	0.00000000000000e+00	0.00000000000000e+00	0.00000000000000e+00	-3.29867228626927e+02	0.00000000000000e+00	4.13286418192124e+01	0.00000000000000e+00	1
5	6	11	12	1.00075512062213e-02	0.00000000000000e+00	0.00000000000000e+00	0.00000000000000e+00	-3.29867228626927e+02	0.00000000000000e+00	4.33383922311957e+01	0.00000000000000e+00	1
6	7	12	13	1.00072911960886e-02	0.00000000000000e+00	0.00000000000000e+00	0.00000000000000e+00	-3.29867228626927e+02	0.00000000000000e+00	4.55910055598887e+01	0.00000000000000e+00	1
7	8	13	14	1.00071475118434e-02	0.00000000000000e+00	0.00000000000000e+00	0.00000000000000e+00	-3.29867228626927e+02	0.00000000000000e+00	4.52504297795546e+01	0.00000000000000e+00	1
8	9	14	15	1.00071145656206e-02	0.00000000000000e+00	0.00000000000000e+00	0.00000000000000e+00	-3.29867228626927e+02	0.00000000000000e+00	4.57646599235157e+01	0.00000000000000e+00	1
9	10	15	16	1.00071502319650e-02	0.00000000000000e+00	0.00000000000000e+00	0.00000000000000e+00	-3.29867228626927e+02	0.00000000000000e+00	4.56381688153846e+01	0.00000000000000e+00	1
10	11	16	17	1.00073172529185e-02	0.00000000000000e+00	0.00000000000000e+00	0.00000000000000e+00	-3.29867228626927e+02	0.00000000000000e+00	4.50945930443860e+01	0.00000000000000e+00	1
11	12	17	18	1.00076956676862e-02	0.00000000000000e+00	0.00000000000000e+00	0.00000000000000e+00	-3.29867228626927e+02	0.00000000000000e+00	4.31960864658658e+01	0.00000000000000e+00	1
12	13	18	19	1.00084914149538e-02	0.00000000000000e+00	0.00000000000000e+00	0.00000000000000e+00	-3.29867228626927e+02	0.00000000000000e+00	3.85083450466328e+01	0.00000000000000e+00	1
13	14	19	20	1.00105455321268e-02	0.00000000000000e+00	0.00000000000000e+00	0.00000000000000e+00	-3.29867228626927e+02	0.00000000000000e+00	3.13323706847814e+01	0.00000000000000e+00	1
14	15	20	21	1.00215203351886e-02	0.00000000000000e+00	0.00000000000000e+00	0.00000000000000e+00	-3.29867228626927e+02	0.00000000000000e+00	1.54258286970704e+01	0.00000000000000e+00	1
1	2	8	9	1.00367134570896e-02	0.00000000000000e+00	0.00000000000000e+00	0.00000000000000e+00	-5.27787565803085e+02	0.00000000000000e+00	1.45319318236933e+01	0.00000000000000e+00	1
2	3	9	10	1.00170729548332e-02	0.00000000000000e+00	0.00000000000000e+00	0.00000000000000e+00	-5.27787565803085e+02	0.00000000000000e+00	3.08260976893036e+01	0.00000000000000e+00	1
3	4	10	11	1.00132524182602e-02	0.00000000000000e+00	0.00000000000000e+00	0.00000000000000e+00	-5.27787565803085e+02	0.00000000000000e+00	4.04457818649548e+01	0.00000000000000e+00	1
4	5	11	12	1.00117126725208e-02	0.00000000000000e+00	0.00000000000000e+00	0.00000000000000e+00	-5.27787565803085e+02	0.00000000000000e+00	4.46740242561444e+01	0.00000000000000e+00	1
5	6	12	13	1.00109607988384e-02	0.00000000000000e+00	0.00000000000000e+00	0.00000000000000e+00	-5.27787565803085e+02	0.00000000000000e+00	4.80174844540748e+01	0.00000000000000e+00	1
6	7	13	14	1.00105635153351e-02	0.00000000000000e+00	0.00000000000000e+00	0.00000000000000e+00	-5.27787565803085e+02	0.00000000000000e+00	4.99205253704791e+01	0.00000000000000e+00	1
7	8	14	15	1.00104180295938e-02	0.00000000000000e+00	0.00000000000000e+00	0.00000000000000e+00	-5.27787565803085e+02	0.00000000000000e+00	5.05496115678306e+01	0.00000000000000e+00	1
8	9	15	16	1.00104443362390e-02	0.00000000000000e+00	0.00000000000000e+00	0.00000000000000e+00	-5.27787565803085e+02	0.00000000000000e+00	4.94338354947537e+01	0.00000000000000e+00	1
9	10	16	17	1.00106909611210e-02	0.00000000000000e+00	0.00000000000000e+00	0.00000000000000e+00	-5.27787565803085e+02	0.00000000000000e+00	4.98155576159694e+01	0.00000000000000e+00	1
10	11	17	18	1.00113056189107e-02	0.00000000000000e+00	0.00000000000000e+00	0.00000000000000e+00	-5.27787565803085e+02	0.00000000000000e+00	4.70343323038608e+01	0.00000000000000e+00	1
11	12	18	19	1.00126482902398e-02	0.00000000000000e+00	0.00000000000000e+00	0.00000000000000e+00	-5.27787565803085e+02	0.00000000000000e+00	4.14876292588577e+01	0.00000000000000e+00	1
12	13	19	20	1.00160423978345e-02	0.00000000000000e+00	0.00000000000000e+00	0.00000000000000e+00	-5.27787565803085e+02	0.00000000000000e+00	3.27779648696003e+01	0.00000000000000e+00	1
13	14	20	21	1.00343326376575e-02	0.00000000000000e+00	0.00000000000000e+00	0.00000000000000e+00	-5.27787565803085e+02	0.00000000000000e+00	1.54908856916855e+01	0.00000000000000e+00	1
1	2	9	10	1.00542398125479e-02	0.00000000000000e+00	0.00000000000000e+00	0.00000000000000e+00	-7.91681348704633e+02	0.00000000000000e+00	1.44344221764545e+01	0.00000000000000e+00	1
2	3	10	11	1.00244425608044e-02	0.00000000000000e+00	0.00000000000000e+00	0.00000000000000e+00	-7.91681348704633e+02	0.00000000000000e+00	3.26277245567897e+01	0.00000000000000e+00	1
3	4	11	12	1.00186748905983e-02	0.00000000000000e+00	0.00000000000000e+00	0.00000000000000e+00	-7.91681348704633e+02	0.00000000000000e+00	4.23794137955882e+01	0.00000000000000e+00	1
4	5	12	13	1.00163902181831e-02	0.00000000000000e+00	0.00000000000000e+00	0.00000000000000e+00	-7.91681348704633e+02	0.00000000000000e+00	4.76857140895410e+01	0.00000000000000e+00	1
5	6	13	14	1.00152877584978e-02	0.00000000000000e+00	0.00000000000000e+00	0.00000000000000e+00	-7.91681348704633e+02	0.00000000000000e+00	5.19566511325751e+01	0.00000000000000e+00	1
6	7	14	15	1.00148096379487e-02	0.00000000000000e+00	0.00000000000000e+00	0.00000000000000e+00	-7.91681348704633e+02	0.00000000000000e+00	5.31667282628639e+01	0.00000000000000e+00	1
7	8	15	16	1.00147138847131e-02	0.00000000000000e+00	0.00000000000000e+00	0.00000000000000e+00	-7.91681348704633e+02	0.00000000000000e+00	5.32381757273261e+01	0.00000000000000e+00	1
8	9	16	17	1.00150265556281e-02	0.00000000000000e+00	0.00000000000000e+00	0.00000000000000e+00	-7.91681348704633e+02	0.00000000000000e+00	5.22761772065495e+01	0.00000000000000e+00	1
9	10	17	18	1.00159133531080e-02	0.00000000000000e+00	0.00000000000000e+00	0.00000000000000e+00	-7.91681348704633e+02	0.00000000000000e+00	4.96880963098253e+01	0.00000000000000e+00	1
10	11	18	19	1.00179494350220e-02	0.00000000000000e+00	0.00000000000000e+00	0.00000000000000e+00	-7.91681348704633e+02	0.00000000000000e+00	4.38689537076848e+01	0.00000000000000e+00	1
11	12	19	20	1.00231841916396e-02	0.00000000000000e+00	0.00000000000000e+00	0.00000000000000e+00	-7.91681348704633e+02	0.00000000000000e+00	3.42040657181647e+01	0.00000000000000e+00	1
12	13	20	21	1.00511320084718e-02	0.00000000000000e+00	0.00000000000000e+00	0.00000000000000e+00	-7.91681348704633e+02	0.00000000000000e+00	1.56231251006548e+01	0.00000000000000e+00	1
1	2	10	11	1.00766587132493e-02	0.00000000000000e+00	0.00000000000000e+00	0.00000000000000e+00	-1.13097335529232e+03	0.00000000000000e+00	1.49402573564601e+01	0.00000000000000e+00	1
2	3	11	12	1.00337906708942e-02	0.00000000000000e+00	0.00000000000000e+00	0.00000000000000e+00	-1.13097335529232e+03	0.00000000000000e+00	3.38575600232005e+01	0.00000000000000e+00	1
3	4	12	13	1.00255463595542e-02	0.00000000000000e+00	0.00000000000000e+00	0.00000000000000e+00	-1.13097335529232e+03	0.00000000000000e+00	4.39721581011274e+01	0.00000000000000e+00	1
4	5	13	14	1.00223076972608e-02	0.00000000000000e+00	0.00000000000000e+00	0.00000000000000e+00	-1.13097335529232e+03	0.00000000000000e+00	5.11475988291512e+01	0.00000000000000e+00	1
5	6	14	15	1.00208896998693e-02	0.00000000000000e+00	0.00000000000000e+00	0.00000000000000e+00	-1.13097335529232e+03	0.00000000000000e+00	5.31632774808859e+01	0.00000000000000e+00	1
6	7	15	16	1.00203814114010e-02	0.00000000000000e+00	0.00000000000000e+00	0.00000000000000e+00	-1.13097335529232e+03	0.00000000000000e+00	5.56658760609269e+01	0.00000000000000e+00	1
7	8	16	17	1.00206317415540e-02	0.00000000000000e+00	0.00000000000000e+00	0.00000000000000e+00	-1.13097335529232e+03	0.00000000000000e+00	5.46529442300695e+01	0.00000000000000e+00	1
8	9	17	18	1.00218147809808e-02	0.00000000000000e+00	0.00000000000000e+00	0.00000000000000e+00	-1.13097335529232e+03	0.00000000000000e+00	5.23240657569534e+01	0.00000000000000e+00	1
9	10	18	19	1.00246901447597e-02	0.00000000000000e+00	0.00000000000000e+00	0.00000000000000e+00	-1.13097335529232e+03	0.00000000000000e+00	4.54096445929756e+01	0.00000000000000e+00	1
10	11	19	20	1.00322635520317e-02	0.00000000000000e+00	0.00000000000000e+00	0.00000000000000e+00	-1.13097335529232e+03	0.00000000000000e+00	3.53729405552115e+01	0.00000000000000e+00	1
11	12	20	21	1.00729062654611e-02	0.00000000000000e+00	0.00000000000000e+00	0.00000000000000e+00	-1.13097335529232e+03	0.00000000000000e+00	1.55351534064430e+01	0.00000000000000e+00	1
1	2	11	12	1.01050570640991e-02	0.00000000000000e+00	0.00000000000000e+00	0.00000000000000e+00	-1.55508836352695e+03	0.00000000000000e+00	1.47381839992177e+01	0.00000000000000e+00	1
2	3	12	13	1.00456122386085e-02	0.00000000000000e+00	0.00000000000000e+00	0.00000000000000e+00	-1.55508836352695e+03	0.00000000000000e+00	3.41086086809010e+01	0.00000000000000e+00	1
3	4	13	14	1.00342201202239e-02	0.00000000000000e+00	0.00000000000000e+00	0.00000000000000e+00	-1.55508836352695e+03	0.00000000000000e+00	4.49149029940521e+01	0.00000000000000e+00	1
4	5	14	15	1.00299564966517e-02	0.00000000000000e+00	0.00000000000000e+00	0.00000000000000e+00	-1.55508836352695e+03	0.00000000000000e+00	5.18362768783316e+01	0.00000000000000e+00	1
5	6	15	16	1.00282368463525e-02	0.00000000000000e+00	0.00000000000000e+00	0.00000000000000e+00	-1.55508836352695e+03	0.00000000000000e+00	5.56599305877043e+01	0.00000000000000e+00	1
6	7	16	17	1.00280665426176e-02	0.00000000000000e+00	0.00000000000000e+00	0.00000000000000e+00	-1.55508836352695e+03	0.00000000000000e+00	5.62425687624003e+01	0.00000000000000e+00	1
7	8	17	18	1.00294319600562e-02	0.00000000000000e+00	0.00000000000000e+00	0.00000000000000e+00	-1.55508836352695e+03	0.00000000000000e+00	5.33086082634010e+01	0.00000000000000e+00	1
8	9	18	19	1.00333043224238e-02	0.00000000000000e+00	0.00000000000000e+00	0.00000000000000e+00	-1.55508836352695e+03	0.00000000000000e+00	4.67449095711638e+01	0.00000000000000e+00	1
9	10	19	20	1.00437836562195e-02	0.00000000000000e+00	0.00000000000000e+00	0.00000000000000e+00	-1.55508836352695e+03	0.00000000000000e+00	3.54173558436826e+01	0.00000000000000e+00	1
10	11	20	21	1.01005494638256e-02	0.00000000000000e+00	0.00000000000000e+00	0.00000000000000e+00	-1.55508836352695e+03	0.00000000000000e+00	1.55394616929727e+01	0.00000000000000e+00	1
1	2	12	13	1.01409316450931e-02	0.00000000000000e+00	0.00000000000000e+00	0.00000000000000e+00	-2.07345115136928e+03	0.00000000000000e+00	1.46941598590499e+01	0.00000000000000e+00	1
2	3	13	14	1.00605134896787e-02	0.00000000000000e+00	0.00000000000000e+00	0.00000000000000e+00	-2.07345115136928e+03	0.00000000000000e+00	3.48881185110704e+01	0.00000000000000e+00	1
3	4	14	15	1.00454205167213e-02	0.00000000000000e+00	0.00000000000000e+00	0.00000000000000e+00	-2.07345115136928e+03	0.00000000000000e+00	4.55531101146696e+01	0.00000000000000e+00	1
4	5	15	16	1.00399865127928e-02	0.00000000000000e+00	0.00000000000000e+00	0.00000000000000e+00	-2.07345115136928e+03	0.00000000000000e+00	5.17991421957373e+01	0.00000000000000e+00	1
5	6	16	17	1.00383834905352e-02	0.00000000000000e+00	0.00000000000000e+00	0.00000000000000e+00	-2.07345115136928e+03	0.00000000000000e+00	5.43230230136818e+01	0.00000000000000e+00	1
6	7	17	18	1.00395324222920e-02	0.00000000000000e+00	0.00000000000000e+00	0.00000000000000e+00	-2.07345115136928e+03	0.00000000000000e+00	5.18283196897752e+01	0.00000000000000e+00	1
7	8	18	19	1.00444113411140e-02	0.00000000000000e+00	0.00000000000000e+00	0.00000000000000e+00	-2.07345115136928e+03	0.00000000000000e+00	4.64680493568423e+01	0.00000000000000e+00	1
8	9	19	20	1.00584864520062e-02	0.00000000000000e+00	0.00000000000000e+00	0.00000000000000e+00	-2.07345115136928e+03	0.00000000000000e+00	3.48304897071488e+01	0.00000000000000e+00	1
9	10	20	21	1.01355874377142e-02	0.00000000000000e+00	0.00000000000000e+00	0.00000000000000e+00	-2.07345115136928e+03	0.00000000000000e+00	1.52917804236128e+01	0.00000000000000e+00	1
1	2	13	14	1.01861215189317e-02	0.00000000000000e+00	0.00000000000000e+00	0.00000000000000e+00	-2.69548649677999e+03	0.00000000000000e+00	1.41622739115444e+01	0.00000000000000e+00	1
2	3	14	15	1.00797446716302e-02	0.00000000000000e+00	0.00000000000000e+00	0.00000000000000e+00	-2.69548649677999e+03	0.00000000000000e+00	3.39460969769850e+01	0.00000000000000e+00	1
3	4	15	16	1.00601092666802e-02	0.00000000000000e+00	0.00000000000000e+00	0.00000000000000e+00	-2.69548649677999e+03	0.00000000000000e+00	4.49091910584389e+01	0.00000000000000e+00	1
4	5	16	17	1.00538546426480e-02	0.00000000000000e+00	0.00000000000000e+00	0.00000000000000e+00	-2.69548649677999e+03	0.00000000000000e+00	5.00809717278787e+01	0.00000000000000e+00	1
5	6	17	18	1.00535638755693e-02	0.00000000000000e+00	0.00000000000000e+00	0.00000000000000e+00	-2.69548649677999e+03	0.00000000000000e+00	5.00743058157637e+01	0.00000000000000e+00	1
6	7	18	19	1.00591385605904e-02	0.00000000000000e+00	0.00000000000000e+00	0.00000000000000e+00	-2.69548649677999e+03	0.00000000000000e+00	4.51128090092690e+01	0.00000000000000e+00	1
7	8	19	20	1.00774334083408e-02	0.00000000000000e+00	0.00000000000000e+00	0.00000000000000e+00	-2.69548649677999e+03	0.00000000000000e+00	3.49574743218682e+01	0.00000000000000e+00	1
8	9	20	21	1.01802774136671e-02	0.00000000000000e+00	0.00000000000000e+00	0.00000000000000e+00	-2.69548649677999e+03	0.00000000000000e+00	1.48344681711929e+01	0.00000000000000e+00	1
1	2	14	15	1.02444281112870e-02	0.00000000000000e+00	0.00000000000000e+00	0.00000000000000e+00	-3.43061917772011e+03	0.00000000000000e+00	1.42420333526809e+01	0.00000000000000e+00	1
2	3	15	16	1.01049694873508e-02	0.00000000000000e+00	0.00000000000000e+00	0.00000000000000e+00	-3.43061917772011e+03	0.00000000000000e+00	3.35693690371027e+01	0.00000000000000e+00	1
3	4	16	17	1.00804397369768e-02	0.00000000000000e+00	0.00000000000000e+00	0.00000000000000e+00	-3.43061917772011e+03	0.00000000000000e+00	4.28188751374549e+01	0.00000000000000e+00	1
4	5	17	18	1.00746496448783e-02	0.00000000000000e+00	0.00000000000000e+00	0.00000000000000e+00	-3.43061917772011e+03	0.00000000000000e+00	4.61770818307067e+01	0.00000000000000e+00	1
5	6	18	19	1.00796163723579e-02	0.00000000000000e+00	0.00000000000000e+00	0.00000000000000e+00	-3.43061917772011e+03	0.00000000000000e+00	4.34437340640985e+01	0.00000000000000e+00	1
6	7	19	20	1.01025577407603e-02	0.00000000000000e+00	0.00000000000000e+00	0.00000000000000e+00	-3.43061917772011e+03	0.00000000000000e+00	3.32805985007293e+01	0.00000000000000e+00	1
7	8	20	21	1.02378530882316e-02	0.00000000000000e+00	0.00000000000000e+00	0.00000000000000e+00	-3.43061917772011e+03	0.00000000000000e+00	1.44446605630741e+01	0.00000000000000e+00	1
1	2	15	16	1.03209151431246e-02	0.00000000000000e+00	0.00000000000000e+00	0.00000000000000e+00	-4.28827397215005e+03	0.00000000000000e+00	1.33680419089037e+01	0.00000000000000e+00	1
2	3	16	17	1.01399085910813e-02	0.00000000000000e+00	0.00000000000000e+00	0.00000000000000e+00	-4.28827397215005e+03	0.00000000000000e+00	3.04600752101145e+01	0.00000000000000e+00	1
3	4	17	18	1.01109778417990e-02	0.00000000000000e+00	0.00000000000000e+00	0.00000000000000e+00	-4.28827397215005e+03	0.00000000000000e+00	3.89146445751373e+01	0.00000000000000e+00	1
4	5	18	19	1.01104387661873e-02	0.00000000000000e+00	0.00000000000000e+00	0.00000000000000e+00	-4.28827397215005e+03	0.00000000000000e+00	3.92129267443612e+01	0.00000000000000e+00	1
5	6	19	20	1.01375159049532e-02	0.00000000000000e+00	0.00000000000000e+00	0.00000000000000e+00	-4.28827397215005e+03	0.00000000000000e+00	3.09843825162544e+01	0.00000000000000e+00	1
6	7	20	21	1.03142053646860e-02	0.00000000000000e+00	0.00000000000000e+00	0.00000000000000e+00	-4.28827397215005e+03	0.00000000000000e+00	1.35299486755101e+01	0.00000000000000e+00	1
1	2	16	17	1.04268989048839e-02	0.00000000000000e+00	0.00000000000000e+00	0.00000000000000e+00	-5.27787565803078e+03	0.00000000000000e+00	1.23066735390054e+01	0.00000000000000e+00	1
2	3	17	18	1.01924513609379e-02	0.00000000000000e+00	0.00000000000000e+00	0.00000000000000e+00	-5.27787565803078e+03	0.00000000000000e+00	2.70430492599343e+01	0.00000000000000e+00	1
3	4	18	19	1.01636444240259e-02	0.00000000000000e+00	0.00000000000000e+00	0.00000000000000e+00	-5.27787565803078e+03	0.00000000000000e+00	3.18350141274497e+01	0.00000000000000e+00	1
4	5	19	20	1.01901902884725e-02	0.00000000000000e+00	0.00000000000000e+00	0.00000000000000e+00	-5.27787565803078e+03	0.00000000000000e+00	2.79937475592319e+01	0.00000000000000e+00	1
5	6	20	21	1.04204798650015e-02	0.00000000000000e+00	0.00000000000000e+00	0.00000000000000e+00	-5.27787565803078e+03	0.00000000000000e+00	1.26716915462585e+01	0.00000000000000e+00	1
1	2	17	18	1.05863749596515e-02	0.00000000000000e+00	0.00000000000000e+00	0.00000000000000e+00	-6.40884901332322e+03	0.00000000000000e+00	1.08471275213730e+01	0.00000000000000e+00	1
2	3	18	19	1.02831906884043e-02	0.00000000000000e+00	0.00000000000000e+00	0.00000000000000e+00	-6.40884901332322e+03	0.00000000000000e+00	2.26671826640587e+01	0.00000000000000e+00	1
3	4	19	20	1.02812316340896e-02	0.00000000000000e+00	0.00000000000000e+00	0.00000000000000e+00	-6.40884901332322e+03	0.00000000000000e+00	2.30599494992848e+01	0.00000000000000e+00	1
4	5	20	21	1.05807000785880e-02	0.00000000000000e+00	0.00000000000000e+00	0.00000000000000e+00	-6.40884901332322e+03	0.00000000000000e+00	1.09782408602690e+01	0.00000000000000e+00	1
1	2	18	19	1.08619693273477e-02	0.00000000000000e+00	0.00000000000000e+00	0.00000000000000e+00	-7.69061881598807e+03	0.00000000000000e+00	9.08405924658305e+00	0.00000000000000e+00	1
2	3	19	20	1.04860341965515e-02	0.00000000000000e+00	0.00000000000000e+00	0.00000000000000e+00	-7.69061881598807e+03	0.00000000000000e+00	1.58948448272397e+01	0.00000000000000e+00	1
3	4	20	21	1.08577961532981e-02	0.00000000000000e+00	0.00000000000000e+00	0.00000000000000e+00	-7.69061881598807e+03	0.00000000000000e+00	9.00709404618765e+00	0.00000000000000e+00	1
1	2	19	20	1.14784249607774e-02	0.00000000000000e+00	0.00000000000000e+00	0.00000000000000e+00	-9.13260984398527e+03	0.00000000000000e+00	6.24722165435482e+00	0.00000000000000e+00	1
2	3	20	21	1.14815080807071e-02	0.00000000000000e+00	0.00000000000000e+00	0.00000000000000e+00	-9.13260984398527e+03	0.00000000000000e+00	6.23359789411747e+00	0.00000000000000e+00	1
1	2	20	21	1.45050376048316e-02	0.00000000000000e+00	0.00000000000000e+00	0.00000000000000e+00	-1.07442468752768e+04	0.00000000000000e+00	2.34810979103557e+00	0.00000000000000e+00	1
0
