1	0	INDP	IPOND
-6.106e-01
-6.007e-01
-6.004e-01
-6.004e-01
-6.004e-01
-6.004e-01
-6.003e-01
-6.003e-01
-6.003e-01
-6.004e-01
-6.002e-01
-6.003e-01
-6.003e-01
-6.003e-01
-6.003e-01
-6.003e-01
-6.002e-01
-6.004e-01
-6.016e-01
-5.954e-01
-5.783e-01
-6.018e-01
-5.843e-01
-5.831e-01
-5.831e-01
-5.830e-01
-5.830e-01
-5.831e-01
-5.831e-01
-5.831e-01
-5.831e-01
-5.831e-01
-5.831e-01
-5.830e-01
-5.831e-01
-5.831e-01
-5.831e-01
-5.829e-01
-5.830e-01
-5.839e-01
-5.804e-01
-5.606e-01
-6.017e-01
-5.834e-01
-5.816e-01
-5.815e-01
-5.815e-01
-5.816e-01
-5.815e-01
-5.816e-01
-5.816e-01
-5.816e-01
-5.816e-01
-5.816e-01
-5.816e-01
-5.816e-01
-5.815e-01
-5.815e-01
-5.814e-01
-5.813e-01
-5.823e-01
-5.788e-01
-5.567e-01
-6.017e-01
-5.835e-01
-5.815e-01
-5.815e-01
-5.815e-01
-5.815e-01
-5.815e-01
-5.815e-01
-5.814e-01
-5.814e-01
-5.814e-01
-5.814e-01
-5.814e-01
-5.814e-01
-5.813e-01
-5.814e-01
-5.814e-01
-5.813e-01
-5.823e-01
-5.786e-01
-5.566e-01
-6.017e-01
-5.834e-01
-5.815e-01
-5.815e-01
-5.815e-01
-5.814e-01
-5.814e-01
-5.814e-01
-5.814e-01
-5.815e-01
-5.814e-01
-5.814e-01
-5.814e-01
-5.814e-01
-5.814e-01
-5.814e-01
-5.812e-01
-5.811e-01
-5.821e-01
-5.785e-01
-5.564e-01
-6.017e-01
-5.834e-01
-5.816e-01
-5.814e-01
-5.814e-01
-5.814e-01
-5.815e-01
-5.814e-01
-5.814e-01
-5.814e-01
-5.814e-01
-5.814e-01
-5.813e-01
-5.812e-01
-5.812e-01
-5.812e-01
-5.811e-01
-5.810e-01
-5.820e-01
-5.784e-01
-5.562e-01
-6.017e-01
-5.834e-01
-5.814e-01
-5.815e-01
-5.814e-01
-5.814e-01
-5.814e-01
-5.814e-01
-5.814e-01
-5.813e-01
-5.812e-01
-5.812e-01
-5.812e-01
-5.812e-01
-5.811e-01
-5.811e-01
-5.810e-01
-5.809e-01
-5.817e-01
-5.782e-01
-5.559e-01
-6.016e-01
-5.833e-01
-5.815e-01
-5.813e-01
-5.814e-01
-5.814e-01
-5.814e-01
-5.813e-01
-5.812e-01
-5.812e-01
-5.811e-01
-5.811e-01
-5.811e-01
-5.810e-01
-5.809e-01
-5.809e-01
-5.808e-01
-5.806e-01
-5.814e-01
-5.778e-01
-5.556e-01
-6.016e-01
-5.833e-01
-5.814e-01
-5.814e-01
-5.814e-01
-5.812e-01
-5.812e-01
-5.812e-01
-5.812e-01
-5.811e-01
-5.811e-01
-5.810e-01
-5.810e-01
-5.808e-01
-5.808e-01
-5.807e-01
-5.805e-01
-5.803e-01
-5.811e-01
-5.774e-01
-5.552e-01
-6.015e-01
-5.833e-01
-5.814e-01
-5.812e-01
-5.812e-01
-5.811e-01
-5.811e-01
-5.811e-01
-5.810e-01
-5.809e-01
-5.808e-01
-5.809e-01
-5.806e-01
-5.806e-01
-5.805e-01
-5.804e-01
-5.801e-01
-5.799e-01
-5.808e-01
-5.770e-01
-5.549e-01
-6.014e-01
-5.832e-01
-5.813e-01
-5.811e-01
-5.811e-01
-5.811e-01
-5.810e-01
-5.810e-01
-5.808e-01
-5.808e-01
-5.807e-01
-5.805e-01
-5.803e-01
-5.804e-01
-5.801e-01
-5.800e-01
-5.799e-01
-5.795e-01
-5.804e-01
-5.766e-01
-5.546e-01
-6.014e-01
-5.831e-01
-5.811e-01
-5.811e-01
-5.810e-01
-5.808e-01
-5.809e-01
-5.806e-01
-5.806e-01
-5.805e-01
-5.804e-01
-5.802e-01
-5.800e-01
-5.800e-01
-5.798e-01
-5.797e-01
-5.795e-01
-5.792e-01
-5.801e-01
-5.763e-01
-5.542e-01
-6.012e-01
-5.830e-01
-5.809e-01
-5.808e-01
-5.809e-01
-5.807e-01
-5.805e-01
-5.803e-01
-5.804e-01
-5.802e-01
-5.800e-01
-5.799e-01
-5.798e-01
-5.797e-01
-5.795e-01
-5.794e-01
-5.792e-01
-5.789e-01
-5.797e-01
-5.760e-01
-5.539e-01
-6.010e-01
-5.828e-01
-5.807e-01
-5.807e-01
-5.805e-01
-5.804e-01
-5.802e-01
-5.801e-01
-5.799e-01
-5.798e-01
-5.797e-01
-5.795e-01
-5.793e-01
-5.793e-01
-5.792e-01
-5.789e-01
-5.788e-01
-5.786e-01
-5.794e-01
-5.757e-01
-5.537e-01
-6.008e-01
-5.825e-01
-5.805e-01
-5.804e-01
-5.802e-01
-5.800e-01
-5.799e-01
-5.797e-01
-5.795e-01
-5.794e-01
-5.794e-01
-5.792e-01
-5.790e-01
-5.789e-01
-5.788e-01
-5.786e-01
-5.786e-01
-5.781e-01
-5.792e-01
-5.757e-01
-5.538e-01
-6.004e-01
-5.822e-01
-5.802e-01
-5.799e-01
-5.798e-01
-5.796e-01
-5.794e-01
-5.794e-01
-5.792e-01
-5.790e-01
-5.789e-01
-5.788e-01
-5.787e-01
-5.786e-01
-5.784e-01
-5.783e-01
-5.783e-01
-5.782e-01
-5.791e-01
-5.756e-01
-5.536e-01
-6.000e-01
-5.818e-01
-5.797e-01
-5.795e-01
-5.794e-01
-5.792e-01
-5.789e-01
-5.789e-01
-5.788e-01
-5.786e-01
-5.786e-01
-5.783e-01
-5.782e-01
-5.782e-01
-5.783e-01
-5.782e-01
-5.781e-01
-5.780e-01
-5.792e-01
-5.756e-01
-5.536e-01
-5.995e-01
-5.813e-01
-5.792e-01
-5.790e-01
-5.788e-01
-5.787e-01
-5.785e-01
-5.782e-01
-5.781e-01
-5.783e-01
-5.781e-01
-5.782e-01
-5.781e-01
-5.781e-01
-5.780e-01
-5.781e-01
-5.780e-01
-5.780e-01
-5.789e-01
-5.756e-01
-5.535e-01
-6.002e-01
-5.817e-01
-5.795e-01
-5.793e-01
-5.793e-01
-5.792e-01
-5.792e-01
-5.791e-01
-5.791e-01
-5.792e-01
-5.790e-01
-5.790e-01
-5.790e-01
-5.790e-01
-5.790e-01
-5.790e-01
-5.790e-01
-5.789e-01
-5.798e-01
-5.759e-01
-5.536e-01
-5.936e-01
-5.773e-01
-5.756e-01
-5.756e-01
-5.756e-01
-5.756e-01
-5.755e-01
-5.755e-01
-5.755e-01
-5.754e-01
-5.754e-01
-5.755e-01
-5.755e-01
-5.755e-01
-5.755e-01
-5.755e-01
-5.754e-01
-5.754e-01
-5.758e-01
-5.732e-01
-5.531e-01
-5.763e-01
-5.587e-01
-5.543e-01
-5.543e-01
-5.543e-01
-5.542e-01
-5.543e-01
-5.543e-01
-5.542e-01
-5.542e-01
-5.542e-01
-5.542e-01
-5.541e-01
-5.541e-01
-5.541e-01
-5.542e-01
-5.542e-01
-5.540e-01
-5.544e-01
-5.536e-01
-5.408e-01
-6.045e-01
-5.954e-01
-5.951e-01
-5.951e-01
-5.951e-01
-5.951e-01
-5.950e-01
-5.950e-01
-5.950e-01
-5.951e-01
-5.949e-01
-5.950e-01
-5.950e-01
-5.950e-01
-5.950e-01
-5.950e-01
-5.949e-01
-5.951e-01
-5.963e-01
-5.900e-01
-5.743e-01
-5.965e-01
-5.805e-01
-5.792e-01
-5.792e-01
-5.791e-01
-5.791e-01
-5.792e-01
-5.792e-01
-5.792e-01
-5.792e-01
-5.792e-01
-5.792e-01
-5.791e-01
-5.792e-01
-5.792e-01
-5.792e-01
-5.790e-01
-5.791e-01
-5.800e-01
-5.765e-01
-5.578e-01
-5.964e-01
-5.796e-01
-5.777e-01
-5.776e-01
-5.776e-01
-5.777e-01
-5.776e-01
-5.777e-01
-5.777e-01
-5.777e-01
-5.777e-01
-5.777e-01
-5.777e-01
-5.777e-01
-5.776e-01
-5.776e-01
-5.775e-01
-5.774e-01
-5.784e-01
-5.749e-01
-5.539e-01
-5.964e-01
-5.796e-01
-5.776e-01
-5.776e-01
-5.776e-01
-5.776e-01
-5.776e-01
-5.776e-01
-5.775e-01
-5.775e-01
-5.775e-01
-5.775e-01
-5.775e-01
-5.774e-01
-5.774e-01
-5.775e-01
-5.775e-01
-5.774e-01
-5.784e-01
-5.747e-01
-5.538e-01
-5.964e-01
-5.795e-01
-5.776e-01
-5.776e-01
-5.776e-01
-5.775e-01
-5.775e-01
-5.775e-01
-5.775e-01
-5.776e-01
-5.775e-01
-5.775e-01
-5.775e-01
-5.775e-01
-5.775e-01
-5.775e-01
-5.773e-01
-5.772e-01
-5.782e-01
-5.745e-01
-5.536e-01
-5.964e-01
-5.795e-01
-5.776e-01
-5.775e-01
-5.775e-01
-5.775e-01
-5.776e-01
-5.775e-01
-5.775e-01
-5.775e-01
-5.775e-01
-5.775e-01
-5.774e-01
-5.773e-01
-5.773e-01
-5.773e-01
-5.772e-01
-5.771e-01
-5.780e-01
-5.744e-01
-5.534e-01
-5.964e-01
-5.795e-01
-5.775e-01
-5.776e-01
-5.775e-01
-5.774e-01
-5.775e-01
-5.775e-01
-5.775e-01
-5.774e-01
-5.773e-01
-5.773e-01
-5.773e-01
-5.773e-01
-5.772e-01
-5.772e-01
-5.771e-01
-5.769e-01
-5.778e-01
-5.742e-01
-5.531e-01
-5.963e-01
-5.794e-01
-5.776e-01
-5.774e-01
-5.775e-01
-5.775e-01
-5.775e-01
-5.774e-01
-5.773e-01
-5.773e-01
-5.772e-01
-5.772e-01
-5.772e-01
-5.771e-01
-5.770e-01
-5.770e-01
-5.769e-01
-5.767e-01
-5.775e-01
-5.738e-01
-5.528e-01
-5.963e-01
-5.795e-01
-5.774e-01
-5.774e-01
-5.775e-01
-5.773e-01
-5.773e-01
-5.773e-01
-5.772e-01
-5.772e-01
-5.772e-01
-5.771e-01
-5.771e-01
-5.769e-01
-5.769e-01
-5.768e-01
-5.766e-01
-5.763e-01
-5.772e-01
-5.734e-01
-5.524e-01
-5.962e-01
-5.794e-01
-5.775e-01
-5.773e-01
-5.773e-01
-5.772e-01
-5.772e-01
-5.772e-01
-5.771e-01
-5.770e-01
-5.769e-01
-5.770e-01
-5.767e-01
-5.767e-01
-5.766e-01
-5.764e-01
-5.762e-01
-5.760e-01
-5.768e-01
-5.730e-01
-5.521e-01
-5.961e-01
-5.793e-01
-5.773e-01
-5.772e-01
-5.772e-01
-5.772e-01
-5.771e-01
-5.770e-01
-5.769e-01
-5.769e-01
-5.768e-01
-5.766e-01
-5.764e-01
-5.765e-01
-5.762e-01
-5.761e-01
-5.760e-01
-5.756e-01
-5.764e-01
-5.726e-01
-5.517e-01
-5.961e-01
-5.792e-01
-5.772e-01
-5.772e-01
-5.771e-01
-5.769e-01
-5.770e-01
-5.767e-01
-5.767e-01
-5.766e-01
-5.764e-01
-5.763e-01
-5.761e-01
-5.761e-01
-5.759e-01
-5.758e-01
-5.756e-01
-5.753e-01
-5.761e-01
-5.723e-01
-5.514e-01
-5.959e-01
-5.791e-01
-5.770e-01
-5.769e-01
-5.770e-01
-5.768e-01
-5.766e-01
-5.764e-01
-5.765e-01
-5.763e-01
-5.761e-01
-5.760e-01
-5.759e-01
-5.758e-01
-5.756e-01
-5.755e-01
-5.753e-01
-5.750e-01
-5.757e-01
-5.720e-01
-5.510e-01
-5.958e-01
-5.789e-01
-5.768e-01
-5.768e-01
-5.766e-01
-5.764e-01
-5.763e-01
-5.762e-01
-5.760e-01
-5.759e-01
-5.758e-01
-5.756e-01
-5.754e-01
-5.754e-01
-5.752e-01
-5.750e-01
-5.749e-01
-5.746e-01
-5.754e-01
-5.717e-01
-5.509e-01
-5.955e-01
-5.786e-01
-5.765e-01
-5.764e-01
-5.763e-01
-5.761e-01
-5.760e-01
-5.758e-01
-5.756e-01
-5.755e-01
-5.755e-01
-5.753e-01
-5.751e-01
-5.750e-01
-5.749e-01
-5.747e-01
-5.747e-01
-5.742e-01
-5.752e-01
-5.717e-01
-5.509e-01
-5.951e-01
-5.783e-01
-5.762e-01
-5.760e-01
-5.759e-01
-5.757e-01
-5.755e-01
-5.755e-01
-5.753e-01
-5.751e-01
-5.750e-01
-5.749e-01
-5.747e-01
-5.747e-01
-5.745e-01
-5.744e-01
-5.743e-01
-5.742e-01
-5.752e-01
-5.716e-01
-5.508e-01
-5.947e-01
-5.779e-01
-5.758e-01
-5.756e-01
-5.754e-01
-5.753e-01
-5.750e-01
-5.750e-01
-5.749e-01
-5.747e-01
-5.746e-01
-5.744e-01
-5.742e-01
-5.743e-01
-5.744e-01
-5.742e-01
-5.742e-01
-5.740e-01
-5.752e-01
-5.716e-01
-5.508e-01
-5.942e-01
-5.773e-01
-5.752e-01
-5.750e-01
-5.748e-01
-5.747e-01
-5.746e-01
-5.743e-01
-5.742e-01
-5.743e-01
-5.742e-01
-5.743e-01
-5.742e-01
-5.742e-01
-5.741e-01
-5.741e-01
-5.741e-01
-5.741e-01
-5.750e-01
-5.716e-01
-5.507e-01
-5.949e-01
-5.778e-01
-5.756e-01
-5.753e-01
-5.753e-01
-5.752e-01
-5.753e-01
-5.752e-01
-5.752e-01
-5.752e-01
-5.751e-01
-5.751e-01
-5.751e-01
-5.751e-01
-5.751e-01
-5.751e-01
-5.751e-01
-5.750e-01
-5.759e-01
-5.719e-01
-5.507e-01
-5.882e-01
-5.733e-01
-5.716e-01
-5.716e-01
-5.716e-01
-5.716e-01
-5.715e-01
-5.715e-01
-5.715e-01
-5.714e-01
-5.714e-01
-5.715e-01
-5.715e-01
-5.715e-01
-5.715e-01
-5.715e-01
-5.714e-01
-5.714e-01
-5.718e-01
-5.692e-01
-5.503e-01
-5.723e-01
-5.559e-01
-5.515e-01
-5.514e-01
-5.515e-01
-5.514e-01
-5.514e-01
-5.515e-01
-5.513e-01
-5.514e-01
-5.514e-01
-5.514e-01
-5.513e-01
-5.513e-01
-5.513e-01
-5.513e-01
-5.513e-01
-5.512e-01
-5.515e-01
-5.508e-01
-5.384e-01
-6.028e-01
-5.962e-01
-5.958e-01
-5.958e-01
-5.958e-01
-5.958e-01
-5.957e-01
-5.957e-01
-5.957e-01
-5.958e-01
-5.956e-01
-5.957e-01
-5.957e-01
-5.957e-01
-5.957e-01
-5.957e-01
-5.957e-01
-5.958e-01
-5.970e-01
-5.904e-01
-5.789e-01
-5.973e-01
-5.857e-01
-5.844e-01
-5.844e-01
-5.843e-01
-5.843e-01
-5.844e-01
-5.844e-01
-5.844e-01
-5.844e-01
-5.844e-01
-5.844e-01
-5.843e-01
-5.844e-01
-5.844e-01
-5.844e-01
-5.842e-01
-5.844e-01
-5.852e-01
-5.812e-01
-5.668e-01
-5.972e-01
-5.848e-01
-5.828e-01
-5.827e-01
-5.827e-01
-5.828e-01
-5.827e-01
-5.828e-01
-5.828e-01
-5.828e-01
-5.828e-01
-5.828e-01
-5.828e-01
-5.828e-01
-5.827e-01
-5.827e-01
-5.826e-01
-5.825e-01
-5.835e-01
-5.795e-01
-5.626e-01
-5.972e-01
-5.848e-01
-5.827e-01
-5.827e-01
-5.827e-01
-5.827e-01
-5.827e-01
-5.827e-01
-5.826e-01
-5.826e-01
-5.826e-01
-5.826e-01
-5.826e-01
-5.825e-01
-5.825e-01
-5.825e-01
-5.825e-01
-5.825e-01
-5.834e-01
-5.793e-01
-5.624e-01
-5.972e-01
-5.848e-01
-5.827e-01
-5.827e-01
-5.827e-01
-5.826e-01
-5.826e-01
-5.826e-01
-5.826e-01
-5.827e-01
-5.825e-01
-5.825e-01
-5.825e-01
-5.825e-01
-5.826e-01
-5.826e-01
-5.823e-01
-5.822e-01
-5.832e-01
-5.791e-01
-5.622e-01
-5.972e-01
-5.848e-01
-5.828e-01
-5.826e-01
-5.826e-01
-5.826e-01
-5.827e-01
-5.825e-01
-5.825e-01
-5.825e-01
-5.825e-01
-5.826e-01
-5.824e-01
-5.823e-01
-5.823e-01
-5.823e-01
-5.822e-01
-5.822e-01
-5.830e-01
-5.790e-01
-5.620e-01
-5.972e-01
-5.848e-01
-5.826e-01
-5.827e-01
-5.825e-01
-5.825e-01
-5.825e-01
-5.825e-01
-5.826e-01
-5.825e-01
-5.823e-01
-5.823e-01
-5.823e-01
-5.823e-01
-5.822e-01
-5.822e-01
-5.821e-01
-5.820e-01
-5.828e-01
-5.788e-01
-5.617e-01
-5.971e-01
-5.847e-01
-5.827e-01
-5.825e-01
-5.825e-01
-5.825e-01
-5.826e-01
-5.825e-01
-5.823e-01
-5.823e-01
-5.822e-01
-5.822e-01
-5.822e-01
-5.821e-01
-5.820e-01
-5.820e-01
-5.819e-01
-5.817e-01
-5.825e-01
-5.784e-01
-5.614e-01
-5.971e-01
-5.847e-01
-5.825e-01
-5.825e-01
-5.826e-01
-5.823e-01
-5.823e-01
-5.823e-01
-5.823e-01
-5.822e-01
-5.822e-01
-5.821e-01
-5.821e-01
-5.819e-01
-5.819e-01
-5.818e-01
-5.815e-01
-5.813e-01
-5.821e-01
-5.779e-01
-5.609e-01
-5.970e-01
-5.847e-01
-5.826e-01
-5.823e-01
-5.823e-01
-5.822e-01
-5.822e-01
-5.822e-01
-5.821e-01
-5.820e-01
-5.819e-01
-5.820e-01
-5.817e-01
-5.817e-01
-5.816e-01
-5.814e-01
-5.811e-01
-5.810e-01
-5.817e-01
-5.775e-01
-5.606e-01
-5.969e-01
-5.845e-01
-5.824e-01
-5.822e-01
-5.822e-01
-5.822e-01
-5.821e-01
-5.821e-01
-5.819e-01
-5.819e-01
-5.818e-01
-5.816e-01
-5.814e-01
-5.814e-01
-5.811e-01
-5.810e-01
-5.809e-01
-5.805e-01
-5.813e-01
-5.771e-01
-5.602e-01
-5.969e-01
-5.845e-01
-5.823e-01
-5.822e-01
-5.821e-01
-5.819e-01
-5.820e-01
-5.817e-01
-5.817e-01
-5.816e-01
-5.814e-01
-5.812e-01
-5.810e-01
-5.810e-01
-5.808e-01
-5.807e-01
-5.805e-01
-5.802e-01
-5.810e-01
-5.767e-01
-5.598e-01
-5.966e-01
-5.843e-01
-5.821e-01
-5.819e-01
-5.820e-01
-5.818e-01
-5.816e-01
-5.814e-01
-5.814e-01
-5.812e-01
-5.810e-01
-5.809e-01
-5.808e-01
-5.807e-01
-5.805e-01
-5.804e-01
-5.801e-01
-5.798e-01
-5.805e-01
-5.764e-01
-5.594e-01
-5.965e-01
-5.841e-01
-5.819e-01
-5.817e-01
-5.816e-01
-5.814e-01
-5.812e-01
-5.811e-01
-5.809e-01
-5.808e-01
-5.807e-01
-5.805e-01
-5.803e-01
-5.803e-01
-5.801e-01
-5.798e-01
-5.797e-01
-5.795e-01
-5.802e-01
-5.761e-01
-5.592e-01
-5.962e-01
-5.838e-01
-5.816e-01
-5.814e-01
-5.812e-01
-5.810e-01
-5.809e-01
-5.807e-01
-5.805e-01
-5.804e-01
-5.804e-01
-5.801e-01
-5.800e-01
-5.799e-01
-5.797e-01
-5.795e-01
-5.795e-01
-5.790e-01
-5.800e-01
-5.760e-01
-5.592e-01
-5.958e-01
-5.835e-01
-5.812e-01
-5.809e-01
-5.808e-01
-5.806e-01
-5.804e-01
-5.804e-01
-5.801e-01
-5.800e-01
-5.798e-01
-5.797e-01
-5.796e-01
-5.795e-01
-5.793e-01
-5.792e-01
-5.792e-01
-5.791e-01
-5.799e-01
-5.760e-01
-5.591e-01
-5.954e-01
-5.830e-01
-5.808e-01
-5.805e-01
-5.803e-01
-5.801e-01
-5.798e-01
-5.798e-01
-5.797e-01
-5.795e-01
-5.795e-01
-5.792e-01
-5.791e-01
-5.791e-01
-5.792e-01
-5.790e-01
-5.790e-01
-5.788e-01
-5.800e-01
-5.759e-01
-5.591e-01
-5.949e-01
-5.824e-01
-5.802e-01
-5.799e-01
-5.797e-01
-5.796e-01
-5.794e-01
-5.791e-01
-5.790e-01
-5.792e-01
-5.790e-01
-5.791e-01
-5.790e-01
-5.790e-01
-5.789e-01
-5.790e-01
-5.789e-01
-5.789e-01
-5.798e-01
-5.759e-01
-5.590e-01
-5.955e-01
-5.828e-01
-5.804e-01
-5.801e-01
-5.801e-01
-5.800e-01
-5.800e-01
-5.799e-01
-5.799e-01
-5.800e-01
-5.798e-01
-5.798e-01
-5.798e-01
-5.798e-01
-5.798e-01
-5.798e-01
-5.798e-01
-5.797e-01
-5.806e-01
-5.763e-01
-5.591e-01
-5.885e-01
-5.779e-01
-5.761e-01
-5.760e-01
-5.760e-01
-5.759e-01
-5.758e-01
-5.759e-01
-5.759e-01
-5.758e-01
-5.758e-01
-5.759e-01
-5.759e-01
-5.759e-01
-5.759e-01
-5.758e-01
-5.758e-01
-5.757e-01
-5.762e-01
-5.732e-01
-5.584e-01
-5.768e-01
-5.647e-01
-5.600e-01
-5.599e-01
-5.599e-01
-5.598e-01
-5.598e-01
-5.599e-01
-5.598e-01
-5.598e-01
-5.598e-01
-5.598e-01
-5.597e-01
-5.597e-01
-5.597e-01
-5.598e-01
-5.598e-01
-5.596e-01
-5.599e-01
-5.590e-01
-5.487e-01
-6.341e-01
-6.327e-01
-6.322e-01
-6.322e-01
-6.322e-01
-6.322e-01
-6.321e-01
-6.321e-01
-6.321e-01
-6.322e-01
-6.320e-01
-6.321e-01
-6.321e-01
-6.321e-01
-6.321e-01
-6.321e-01
-6.320e-01
-6.323e-01
-6.331e-01
-6.254e-01
-6.237e-01
-6.339e-01
-6.328e-01
-6.316e-01
-6.315e-01
-6.315e-01
-6.315e-01
-6.315e-01
-6.315e-01
-6.315e-01
-6.315e-01
-6.315e-01
-6.316e-01
-6.315e-01
-6.316e-01
-6.316e-01
-6.316e-01
-6.314e-01
-6.316e-01
-6.322e-01
-6.268e-01
-6.243e-01
-6.338e-01
-6.321e-01
-6.302e-01
-6.300e-01
-6.300e-01
-6.301e-01
-6.300e-01
-6.301e-01
-6.301e-01
-6.301e-01
-6.301e-01
-6.301e-01
-6.301e-01
-6.301e-01
-6.300e-01
-6.300e-01
-6.298e-01
-6.299e-01
-6.306e-01
-6.252e-01
-6.205e-01
-6.338e-01
-6.321e-01
-6.301e-01
-6.299e-01
-6.299e-01
-6.299e-01
-6.299e-01
-6.299e-01
-6.298e-01
-6.298e-01
-6.298e-01
-6.298e-01
-6.298e-01
-6.297e-01
-6.296e-01
-6.297e-01
-6.296e-01
-6.297e-01
-6.304e-01
-6.248e-01
-6.200e-01
-6.338e-01
-6.320e-01
-6.301e-01
-6.299e-01
-6.299e-01
-6.298e-01
-6.298e-01
-6.298e-01
-6.298e-01
-6.299e-01
-6.297e-01
-6.297e-01
-6.297e-01
-6.297e-01
-6.297e-01
-6.297e-01
-6.294e-01
-6.294e-01
-6.301e-01
-6.246e-01
-6.197e-01
-6.338e-01
-6.320e-01
-6.301e-01
-6.298e-01
-6.298e-01
-6.298e-01
-6.299e-01
-6.297e-01
-6.297e-01
-6.297e-01
-6.297e-01
-6.297e-01
-6.296e-01
-6.294e-01
-6.294e-01
-6.294e-01
-6.293e-01
-6.293e-01
-6.299e-01
-6.244e-01
-6.194e-01
-6.338e-01
-6.320e-01
-6.299e-01
-6.299e-01
-6.297e-01
-6.297e-01
-6.297e-01
-6.297e-01
-6.297e-01
-6.296e-01
-6.294e-01
-6.294e-01
-6.294e-01
-6.294e-01
-6.293e-01
-6.293e-01
-6.290e-01
-6.290e-01
-6.295e-01
-6.240e-01
-6.190e-01
-6.337e-01
-6.319e-01
-6.300e-01
-6.296e-01
-6.297e-01
-6.297e-01
-6.297e-01
-6.296e-01
-6.294e-01
-6.294e-01
-6.293e-01
-6.293e-01
-6.293e-01
-6.291e-01
-6.290e-01
-6.289e-01
-6.288e-01
-6.286e-01
-6.291e-01
-6.236e-01
-6.185e-01
-6.337e-01
-6.319e-01
-6.298e-01
-6.297e-01
-6.297e-01
-6.294e-01
-6.294e-01
-6.294e-01
-6.294e-01
-6.293e-01
-6.293e-01
-6.291e-01
-6.291e-01
-6.288e-01
-6.288e-01
-6.286e-01
-6.284e-01
-6.282e-01
-6.286e-01
-6.230e-01
-6.179e-01
-6.335e-01
-6.319e-01
-6.299e-01
-6.294e-01
-6.294e-01
-6.293e-01
-6.293e-01
-6.293e-01
-6.291e-01
-6.290e-01
-6.288e-01
-6.289e-01
-6.286e-01
-6.285e-01
-6.284e-01
-6.282e-01
-6.279e-01
-6.277e-01
-6.282e-01
-6.224e-01
-6.174e-01
-6.334e-01
-6.317e-01
-6.297e-01
-6.293e-01
-6.293e-01
-6.293e-01
-6.291e-01
-6.290e-01
-6.288e-01
-6.288e-01
-6.286e-01
-6.285e-01
-6.282e-01
-6.282e-01
-6.279e-01
-6.277e-01
-6.275e-01
-6.271e-01
-6.276e-01
-6.219e-01
-6.169e-01
-6.333e-01
-6.316e-01
-6.295e-01
-6.293e-01
-6.291e-01
-6.288e-01
-6.289e-01
-6.286e-01
-6.285e-01
-6.284e-01
-6.282e-01
-6.280e-01
-6.277e-01
-6.277e-01
-6.274e-01
-6.272e-01
-6.269e-01
-6.267e-01
-6.271e-01
-6.214e-01
-6.163e-01
-6.331e-01
-6.314e-01
-6.292e-01
-6.288e-01
-6.289e-01
-6.286e-01
-6.285e-01
-6.282e-01
-6.282e-01
-6.280e-01
-6.277e-01
-6.276e-01
-6.274e-01
-6.272e-01
-6.270e-01
-6.268e-01
-6.265e-01
-6.263e-01
-6.266e-01
-6.209e-01
-6.157e-01
-6.329e-01
-6.312e-01
-6.289e-01
-6.286e-01
-6.284e-01
-6.282e-01
-6.280e-01
-6.278e-01
-6.276e-01
-6.274e-01
-6.272e-01
-6.270e-01
-6.268e-01
-6.267e-01
-6.265e-01
-6.262e-01
-6.259e-01
-6.258e-01
-6.263e-01
-6.206e-01
-6.155e-01
-6.325e-01
-6.307e-01
-6.285e-01
-6.282e-01
-6.280e-01
-6.277e-01
-6.276e-01
-6.272e-01
-6.270e-01
-6.268e-01
-6.268e-01
-6.265e-01
-6.263e-01
-6.262e-01
-6.260e-01
-6.257e-01
-6.256e-01
-6.253e-01
-6.260e-01
-6.205e-01
-6.155e-01
-6.321e-01
-6.303e-01
-6.281e-01
-6.276e-01
-6.274e-01
-6.271e-01
-6.268e-01
-6.268e-01
-6.265e-01
-6.263e-01
-6.261e-01
-6.260e-01
-6.258e-01
-6.257e-01
-6.255e-01
-6.253e-01
-6.253e-01
-6.253e-01
-6.259e-01
-6.204e-01
-6.153e-01
-6.315e-01
-6.297e-01
-6.275e-01
-6.270e-01
-6.267e-01
-6.265e-01
-6.262e-01
-6.261e-01
-6.260e-01
-6.257e-01
-6.256e-01
-6.254e-01
-6.252e-01
-6.252e-01
-6.252e-01
-6.251e-01
-6.250e-01
-6.250e-01
-6.259e-01
-6.204e-01
-6.153e-01
-6.310e-01
-6.290e-01
-6.268e-01
-6.263e-01
-6.261e-01
-6.260e-01
-6.257e-01
-6.254e-01
-6.253e-01
-6.254e-01
-6.252e-01
-6.253e-01
-6.251e-01
-6.252e-01
-6.251e-01
-6.251e-01
-6.250e-01
-6.251e-01
-6.257e-01
-6.204e-01
-6.152e-01
-6.311e-01
-6.289e-01
-6.266e-01
-6.261e-01
-6.261e-01
-6.260e-01
-6.260e-01
-6.259e-01
-6.258e-01
-6.259e-01
-6.257e-01
-6.257e-01
-6.257e-01
-6.257e-01
-6.256e-01
-6.256e-01
-6.256e-01
-6.256e-01
-6.262e-01
-6.205e-01
-6.151e-01
-6.230e-01
-6.226e-01
-6.208e-01
-6.206e-01
-6.205e-01
-6.205e-01
-6.204e-01
-6.204e-01
-6.204e-01
-6.203e-01
-6.203e-01
-6.204e-01
-6.204e-01
-6.204e-01
-6.204e-01
-6.204e-01
-6.203e-01
-6.203e-01
-6.205e-01
-6.165e-01
-6.138e-01
-6.210e-01
-6.214e-01
-6.169e-01
-6.164e-01
-6.164e-01
-6.163e-01
-6.164e-01
-6.164e-01
-6.162e-01
-6.162e-01
-6.162e-01
-6.162e-01
-6.162e-01
-6.162e-01
-6.162e-01
-6.162e-01
-6.162e-01
-6.161e-01
-6.164e-01
-6.146e-01
-6.120e-01
-7.673e-01
-7.824e-01
-7.824e-01
-7.823e-01
-7.823e-01
-7.823e-01
-7.823e-01
-7.823e-01
-7.823e-01
-7.823e-01
-7.821e-01
-7.822e-01
-7.822e-01
-7.822e-01
-7.823e-01
-7.822e-01
-7.821e-01
-7.828e-01
-7.819e-01
-7.744e-01
-8.086e-01
-7.839e-01
-8.197e-01
-8.215e-01
-8.214e-01
-8.213e-01
-8.213e-01
-8.214e-01
-8.214e-01
-8.214e-01
-8.214e-01
-8.214e-01
-8.214e-01
-8.214e-01
-8.215e-01
-8.215e-01
-8.215e-01
-8.213e-01
-8.217e-01
-8.210e-01
-8.139e-01
-8.655e-01
-7.843e-01
-8.222e-01
-8.244e-01
-8.245e-01
-8.245e-01
-8.245e-01
-8.245e-01
-8.245e-01
-8.243e-01
-8.243e-01
-8.243e-01
-8.243e-01
-8.243e-01
-8.243e-01
-8.242e-01
-8.243e-01
-8.241e-01
-8.244e-01
-8.235e-01
-8.161e-01
-8.727e-01
-7.845e-01
-8.223e-01
-8.245e-01
-8.245e-01
-8.244e-01
-8.244e-01
-8.245e-01
-8.245e-01
-8.243e-01
-8.242e-01
-8.242e-01
-8.242e-01
-8.243e-01
-8.241e-01
-8.241e-01
-8.241e-01
-8.239e-01
-8.242e-01
-8.235e-01
-8.157e-01
-8.728e-01
-7.843e-01
-8.222e-01
-8.245e-01
-8.245e-01
-8.245e-01
-8.244e-01
-8.242e-01
-8.242e-01
-8.242e-01
-8.244e-01
-8.241e-01
-8.241e-01
-8.241e-01
-8.240e-01
-8.240e-01
-8.240e-01
-8.235e-01
-8.238e-01
-8.229e-01
-8.153e-01
-8.721e-01
-7.843e-01
-8.221e-01
-8.244e-01
-8.242e-01
-8.242e-01
-8.242e-01
-8.244e-01
-8.241e-01
-8.241e-01
-8.241e-01
-8.240e-01
-8.240e-01
-8.239e-01
-8.236e-01
-8.236e-01
-8.235e-01
-8.232e-01
-8.235e-01
-8.225e-01
-8.147e-01
-8.713e-01
-7.843e-01
-8.221e-01
-8.242e-01
-8.243e-01
-8.241e-01
-8.241e-01
-8.241e-01
-8.240e-01
-8.240e-01
-8.239e-01
-8.236e-01
-8.236e-01
-8.235e-01
-8.235e-01
-8.232e-01
-8.231e-01
-8.226e-01
-8.228e-01
-8.218e-01
-8.140e-01
-8.703e-01
-7.842e-01
-8.220e-01
-8.243e-01
-8.241e-01
-8.241e-01
-8.240e-01
-8.240e-01
-8.239e-01
-8.236e-01
-8.236e-01
-8.234e-01
-8.232e-01
-8.232e-01
-8.229e-01
-8.226e-01
-8.224e-01
-8.221e-01
-8.221e-01
-8.210e-01
-8.130e-01
-8.692e-01
-7.842e-01
-8.220e-01
-8.240e-01
-8.240e-01
-8.240e-01
-8.236e-01
-8.236e-01
-8.235e-01
-8.233e-01
-8.232e-01
-8.232e-01
-8.227e-01
-8.227e-01
-8.223e-01
-8.222e-01
-8.218e-01
-8.213e-01
-8.211e-01
-8.200e-01
-8.119e-01
-8.679e-01
-7.839e-01
-8.219e-01
-8.241e-01
-8.236e-01
-8.236e-01
-8.234e-01
-8.232e-01
-8.231e-01
-8.230e-01
-8.226e-01
-8.223e-01
-8.223e-01
-8.218e-01
-8.217e-01
-8.215e-01
-8.209e-01
-8.203e-01
-8.203e-01
-8.190e-01
-8.109e-01
-8.665e-01
-7.836e-01
-8.215e-01
-8.237e-01
-8.234e-01
-8.232e-01
-8.232e-01
-8.227e-01
-8.227e-01
-8.223e-01
-8.222e-01
-8.218e-01
-8.216e-01
-8.211e-01
-8.209e-01
-8.204e-01
-8.200e-01
-8.196e-01
-8.193e-01
-8.180e-01
-8.099e-01
-8.654e-01
-7.834e-01
-8.212e-01
-8.233e-01
-8.233e-01
-8.228e-01
-8.223e-01
-8.222e-01
-8.218e-01
-8.217e-01
-8.214e-01
-8.210e-01
-8.205e-01
-8.201e-01
-8.200e-01
-8.195e-01
-8.191e-01
-8.185e-01
-8.183e-01
-8.170e-01
-8.089e-01
-8.641e-01
-7.831e-01
-8.208e-01
-8.227e-01
-8.223e-01
-8.223e-01
-8.218e-01
-8.216e-01
-8.211e-01
-8.209e-01
-8.205e-01
-8.201e-01
-8.197e-01
-8.194e-01
-8.190e-01
-8.186e-01
-8.182e-01
-8.177e-01
-8.174e-01
-8.161e-01
-8.081e-01
-8.629e-01
-7.827e-01
-8.202e-01
-8.221e-01
-8.218e-01
-8.215e-01
-8.210e-01
-8.205e-01
-8.201e-01
-8.197e-01
-8.195e-01
-8.191e-01
-8.186e-01
-8.183e-01
-8.181e-01
-8.177e-01
-8.171e-01
-8.165e-01
-8.164e-01
-8.154e-01
-8.076e-01
-8.623e-01
-7.819e-01
-8.195e-01
-8.213e-01
-8.209e-01
-8.205e-01
-8.201e-01
-8.197e-01
-8.191e-01
-8.187e-01
-8.184e-01
-8.182e-01
-8.177e-01
-8.173e-01
-8.171e-01
-8.166e-01
-8.162e-01
-8.159e-01
-8.158e-01
-8.149e-01
-8.073e-01
-8.622e-01
-7.812e-01
-8.186e-01
-8.203e-01
-8.197e-01
-8.193e-01
-8.188e-01
-8.184e-01
-8.182e-01
-8.177e-01
-8.173e-01
-8.168e-01
-8.166e-01
-8.162e-01
-8.161e-01
-8.157e-01
-8.156e-01
-8.154e-01
-8.157e-01
-8.148e-01
-8.071e-01
-8.618e-01
-7.802e-01
-8.174e-01
-8.191e-01
-8.186e-01
-8.181e-01
-8.177e-01
-8.170e-01
-8.168e-01
-8.165e-01
-8.161e-01
-8.159e-01
-8.156e-01
-8.154e-01
-8.153e-01
-8.152e-01
-8.150e-01
-8.149e-01
-8.151e-01
-8.148e-01
-8.070e-01
-8.618e-01
-7.794e-01
-8.164e-01
-8.180e-01
-8.175e-01
-8.171e-01
-8.168e-01
-8.164e-01
-8.159e-01
-8.158e-01
-8.158e-01
-8.157e-01
-8.157e-01
-8.154e-01
-8.154e-01
-8.153e-01
-8.153e-01
-8.153e-01
-8.156e-01
-8.146e-01
-8.072e-01
-8.617e-01
-7.774e-01
-8.142e-01
-8.158e-01
-8.153e-01
-8.151e-01
-8.150e-01
-8.149e-01
-8.147e-01
-8.147e-01
-8.147e-01
-8.145e-01
-8.145e-01
-8.145e-01
-8.143e-01
-8.143e-01
-8.143e-01
-8.142e-01
-8.144e-01
-8.137e-01
-8.063e-01
-8.610e-01
-7.695e-01
-8.064e-01
-8.080e-01
-8.078e-01
-8.078e-01
-8.076e-01
-8.074e-01
-8.074e-01
-8.074e-01
-8.073e-01
-8.073e-01
-8.074e-01
-8.074e-01
-8.074e-01
-8.074e-01
-8.074e-01
-8.073e-01
-8.073e-01
-8.068e-01
-8.011e-01
-8.577e-01
-8.033e-01
-8.584e-01
-8.645e-01
-8.645e-01
-8.644e-01
-8.643e-01
-8.643e-01
-8.643e-01
-8.640e-01
-8.640e-01
-8.640e-01
-8.640e-01
-8.640e-01
-8.640e-01
-8.640e-01
-8.640e-01
-8.640e-01
-8.639e-01
-8.636e-01
-8.595e-01
-9.092e-01
-1.245e+00
-1.332e+00
-1.336e+00
-1.336e+00
-1.336e+00
-1.336e+00
-1.336e+00
-1.336e+00
-1.336e+00
-1.336e+00
-1.335e+00
-1.335e+00
-1.335e+00
-1.335e+00
-1.336e+00
-1.335e+00
-1.336e+00
-1.336e+00
-1.329e+00
-1.365e+00
-1.594e+00
-1.334e+00
-1.528e+00
-1.543e+00
-1.543e+00
-1.543e+00
-1.543e+00
-1.543e+00
-1.543e+00
-1.543e+00
-1.543e+00
-1.543e+00
-1.543e+00
-1.543e+00
-1.543e+00
-1.543e+00
-1.543e+00
-1.543e+00
-1.542e+00
-1.537e+00
-1.580e+00
-1.877e+00
-1.338e+00
-1.543e+00
-1.559e+00
-1.560e+00
-1.560e+00
-1.560e+00
-1.560e+00
-1.560e+00
-1.559e+00
-1.559e+00
-1.559e+00
-1.559e+00
-1.559e+00
-1.559e+00
-1.559e+00
-1.559e+00
-1.559e+00
-1.558e+00
-1.552e+00
-1.598e+00
-1.911e+00
-1.339e+00
-1.544e+00
-1.560e+00
-1.560e+00
-1.560e+00
-1.560e+00
-1.560e+00
-1.560e+00
-1.560e+00
-1.559e+00
-1.559e+00
-1.559e+00
-1.559e+00
-1.559e+00
-1.559e+00
-1.559e+00
-1.558e+00
-1.557e+00
-1.552e+00
-1.597e+00
-1.912e+00
-1.338e+00
-1.544e+00
-1.560e+00
-1.560e+00
-1.560e+00
-1.560e+00
-1.559e+00
-1.559e+00
-1.559e+00
-1.559e+00
-1.559e+00
-1.559e+00
-1.559e+00
-1.558e+00
-1.558e+00
-1.558e+00
-1.557e+00
-1.556e+00
-1.550e+00
-1.596e+00
-1.910e+00
-1.338e+00
-1.543e+00
-1.559e+00
-1.559e+00
-1.559e+00
-1.559e+00
-1.559e+00
-1.559e+00
-1.559e+00
-1.559e+00
-1.558e+00
-1.558e+00
-1.558e+00
-1.557e+00
-1.557e+00
-1.556e+00
-1.556e+00
-1.555e+00
-1.549e+00
-1.593e+00
-1.907e+00
-1.338e+00
-1.543e+00
-1.559e+00
-1.559e+00
-1.559e+00
-1.559e+00
-1.559e+00
-1.558e+00
-1.558e+00
-1.558e+00
-1.557e+00
-1.557e+00
-1.556e+00
-1.556e+00
-1.556e+00
-1.555e+00
-1.554e+00
-1.553e+00
-1.546e+00
-1.591e+00
-1.904e+00
-1.338e+00
-1.543e+00
-1.559e+00
-1.559e+00
-1.559e+00
-1.558e+00
-1.558e+00
-1.558e+00
-1.557e+00
-1.557e+00
-1.556e+00
-1.556e+00
-1.556e+00
-1.555e+00
-1.554e+00
-1.553e+00
-1.552e+00
-1.551e+00
-1.544e+00
-1.588e+00
-1.902e+00
-1.338e+00
-1.543e+00
-1.558e+00
-1.558e+00
-1.558e+00
-1.557e+00
-1.557e+00
-1.556e+00
-1.556e+00
-1.556e+00
-1.556e+00
-1.554e+00
-1.554e+00
-1.553e+00
-1.552e+00
-1.551e+00
-1.550e+00
-1.548e+00
-1.541e+00
-1.585e+00
-1.899e+00
-1.337e+00
-1.542e+00
-1.558e+00
-1.557e+00
-1.557e+00
-1.556e+00
-1.556e+00
-1.556e+00
-1.555e+00
-1.554e+00
-1.553e+00
-1.552e+00
-1.551e+00
-1.551e+00
-1.550e+00
-1.548e+00
-1.547e+00
-1.546e+00
-1.538e+00
-1.582e+00
-1.895e+00
-1.337e+00
-1.541e+00
-1.557e+00
-1.556e+00
-1.556e+00
-1.556e+00
-1.554e+00
-1.554e+00
-1.553e+00
-1.552e+00
-1.551e+00
-1.551e+00
-1.549e+00
-1.548e+00
-1.547e+00
-1.546e+00
-1.545e+00
-1.543e+00
-1.535e+00
-1.579e+00
-1.892e+00
-1.336e+00
-1.540e+00
-1.556e+00
-1.556e+00
-1.554e+00
-1.553e+00
-1.552e+00
-1.551e+00
-1.551e+00
-1.550e+00
-1.549e+00
-1.547e+00
-1.546e+00
-1.546e+00
-1.545e+00
-1.543e+00
-1.542e+00
-1.540e+00
-1.533e+00
-1.576e+00
-1.889e+00
-1.335e+00
-1.538e+00
-1.553e+00
-1.553e+00
-1.552e+00
-1.551e+00
-1.551e+00
-1.549e+00
-1.548e+00
-1.547e+00
-1.546e+00
-1.545e+00
-1.544e+00
-1.543e+00
-1.542e+00
-1.540e+00
-1.539e+00
-1.538e+00
-1.530e+00
-1.574e+00
-1.886e+00
-1.333e+00
-1.536e+00
-1.552e+00
-1.551e+00
-1.550e+00
-1.549e+00
-1.547e+00
-1.546e+00
-1.545e+00
-1.544e+00
-1.543e+00
-1.542e+00
-1.541e+00
-1.540e+00
-1.539e+00
-1.537e+00
-1.536e+00
-1.535e+00
-1.528e+00
-1.573e+00
-1.884e+00
-1.331e+00
-1.534e+00
-1.549e+00
-1.548e+00
-1.547e+00
-1.546e+00
-1.545e+00
-1.543e+00
-1.542e+00
-1.541e+00
-1.540e+00
-1.539e+00
-1.538e+00
-1.537e+00
-1.536e+00
-1.535e+00
-1.535e+00
-1.534e+00
-1.527e+00
-1.572e+00
-1.884e+00
-1.329e+00
-1.531e+00
-1.546e+00
-1.545e+00
-1.544e+00
-1.542e+00
-1.541e+00
-1.540e+00
-1.539e+00
-1.538e+00
-1.537e+00
-1.536e+00
-1.535e+00
-1.535e+00
-1.534e+00
-1.534e+00
-1.534e+00
-1.533e+00
-1.527e+00
-1.571e+00
-1.884e+00
-1.326e+00
-1.528e+00
-1.542e+00
-1.541e+00
-1.540e+00
-1.539e+00
-1.537e+00
-1.537e+00
-1.536e+00
-1.535e+00
-1.535e+00
-1.534e+00
-1.534e+00
-1.534e+00
-1.533e+00
-1.533e+00
-1.533e+00
-1.533e+00
-1.527e+00
-1.571e+00
-1.884e+00
-1.323e+00
-1.524e+00
-1.538e+00
-1.538e+00
-1.537e+00
-1.536e+00
-1.535e+00
-1.534e+00
-1.534e+00
-1.534e+00
-1.533e+00
-1.533e+00
-1.533e+00
-1.533e+00
-1.533e+00
-1.532e+00
-1.533e+00
-1.532e+00
-1.526e+00
-1.571e+00
-1.883e+00
-1.313e+00
-1.515e+00
-1.529e+00
-1.529e+00
-1.528e+00
-1.528e+00
-1.527e+00
-1.527e+00
-1.527e+00
-1.527e+00
-1.527e+00
-1.527e+00
-1.527e+00
-1.526e+00
-1.526e+00
-1.526e+00
-1.526e+00
-1.526e+00
-1.520e+00
-1.566e+00
-1.880e+00
-1.347e+00
-1.557e+00
-1.575e+00
-1.575e+00
-1.575e+00
-1.574e+00
-1.574e+00
-1.574e+00
-1.574e+00
-1.574e+00
-1.574e+00
-1.574e+00
-1.574e+00
-1.574e+00
-1.574e+00
-1.574e+00
-1.574e+00
-1.573e+00
-1.569e+00
-1.611e+00
-1.907e+00
-1.575e+00
-1.855e+00
-1.889e+00
-1.890e+00
-1.890e+00
-1.890e+00
-1.890e+00
-1.889e+00
-1.889e+00
-1.889e+00
-1.889e+00
-1.889e+00
-1.889e+00
-1.889e+00
-1.889e+00
-1.889e+00
-1.889e+00
-1.888e+00
-1.887e+00
-1.911e+00
-2.103e+00
-2.477e+00
-2.504e+00
-2.506e+00
-2.506e+00
-2.506e+00
-2.506e+00
-2.506e+00
-2.506e+00
-2.506e+00
-2.506e+00
-2.506e+00
-2.506e+00
-2.506e+00
-2.506e+00
-2.506e+00
-2.506e+00
-2.505e+00
-2.504e+00
-2.508e+00
-2.545e+00
-2.520e+00
-2.504e+00
-2.495e+00
-2.498e+00
-2.498e+00
-2.498e+00
-2.498e+00
-2.498e+00
-2.498e+00
-2.498e+00
-2.498e+00
-2.498e+00
-2.498e+00
-2.498e+00
-2.498e+00
-2.498e+00
-2.498e+00
-2.498e+00
-2.497e+00
-2.500e+00
-2.512e+00
-2.470e+00
-2.506e+00
-2.498e+00
-2.501e+00
-2.501e+00
-2.501e+00
-2.501e+00
-2.501e+00
-2.501e+00
-2.501e+00
-2.501e+00
-2.501e+00
-2.501e+00
-2.501e+00
-2.501e+00
-2.501e+00
-2.501e+00
-2.500e+00
-2.500e+00
-2.500e+00
-2.514e+00
-2.471e+00
-2.506e+00
-2.498e+00
-2.501e+00
-2.501e+00
-2.501e+00
-2.501e+00
-2.501e+00
-2.501e+00
-2.501e+00
-2.501e+00
-2.501e+00
-2.501e+00
-2.501e+00
-2.500e+00
-2.500e+00
-2.500e+00
-2.500e+00
-2.496e+00
-2.499e+00
-2.512e+00
-2.469e+00
-2.506e+00
-2.498e+00
-2.501e+00
-2.501e+00
-2.501e+00
-2.501e+00
-2.501e+00
-2.501e+00
-2.501e+00
-2.501e+00
-2.500e+00
-2.500e+00
-2.500e+00
-2.500e+00
-2.500e+00
-2.497e+00
-2.496e+00
-2.495e+00
-2.497e+00
-2.512e+00
-2.469e+00
-2.506e+00
-2.498e+00
-2.501e+00
-2.501e+00
-2.501e+00
-2.501e+00
-2.501e+00
-2.501e+00
-2.500e+00
-2.500e+00
-2.500e+00
-2.500e+00
-2.497e+00
-2.496e+00
-2.496e+00
-2.495e+00
-2.495e+00
-2.493e+00
-2.494e+00
-2.511e+00
-2.468e+00
-2.506e+00
-2.498e+00
-2.501e+00
-2.501e+00
-2.501e+00
-2.500e+00
-2.500e+00
-2.500e+00
-2.500e+00
-2.497e+00
-2.496e+00
-2.496e+00
-2.495e+00
-2.495e+00
-2.495e+00
-2.493e+00
-2.493e+00
-2.493e+00
-2.493e+00
-2.508e+00
-2.466e+00
-2.506e+00
-2.498e+00
-2.501e+00
-2.500e+00
-2.500e+00
-2.500e+00
-2.500e+00
-2.497e+00
-2.496e+00
-2.496e+00
-2.495e+00
-2.495e+00
-2.495e+00
-2.493e+00
-2.493e+00
-2.493e+00
-2.492e+00
-2.492e+00
-2.491e+00
-2.507e+00
-2.464e+00
-2.504e+00
-2.495e+00
-2.500e+00
-2.500e+00
-2.497e+00
-2.496e+00
-2.496e+00
-2.495e+00
-2.495e+00
-2.495e+00
-2.494e+00
-2.493e+00
-2.493e+00
-2.493e+00
-2.492e+00
-2.492e+00
-2.491e+00
-2.490e+00
-2.491e+00
-2.506e+00
-2.463e+00
-2.504e+00
-2.495e+00
-2.497e+00
-2.496e+00
-2.496e+00
-2.495e+00
-2.495e+00
-2.495e+00
-2.493e+00
-2.493e+00
-2.493e+00
-2.492e+00
-2.492e+00
-2.492e+00
-2.491e+00
-2.490e+00
-2.490e+00
-2.489e+00
-2.489e+00
-2.505e+00
-2.463e+00
-2.503e+00
-2.494e+00
-2.496e+00
-2.495e+00
-2.495e+00
-2.494e+00
-2.493e+00
-2.493e+00
-2.493e+00
-2.492e+00
-2.492e+00
-2.492e+00
-2.491e+00
-2.490e+00
-2.490e+00
-2.489e+00
-2.489e+00
-2.488e+00
-2.488e+00
-2.503e+00
-2.461e+00
-2.501e+00
-2.493e+00
-2.495e+00
-2.494e+00
-2.493e+00
-2.493e+00
-2.492e+00
-2.492e+00
-2.492e+00
-2.491e+00
-2.490e+00
-2.490e+00
-2.490e+00
-2.489e+00
-2.489e+00
-2.489e+00
-2.487e+00
-2.485e+00
-2.488e+00
-2.501e+00
-2.460e+00
-2.500e+00
-2.492e+00
-2.493e+00
-2.493e+00
-2.492e+00
-2.492e+00
-2.492e+00
-2.490e+00
-2.490e+00
-2.490e+00
-2.490e+00
-2.489e+00
-2.489e+00
-2.489e+00
-2.487e+00
-2.487e+00
-2.485e+00
-2.485e+00
-2.485e+00
-2.501e+00
-2.460e+00
-2.499e+00
-2.492e+00
-2.492e+00
-2.492e+00
-2.491e+00
-2.490e+00
-2.490e+00
-2.490e+00
-2.489e+00
-2.489e+00
-2.489e+00
-2.489e+00
-2.487e+00
-2.487e+00
-2.485e+00
-2.485e+00
-2.484e+00
-2.484e+00
-2.484e+00
-2.501e+00
-2.460e+00
-2.495e+00
-2.489e+00
-2.490e+00
-2.490e+00
-2.490e+00
-2.489e+00
-2.489e+00
-2.489e+00
-2.489e+00
-2.487e+00
-2.487e+00
-2.485e+00
-2.485e+00
-2.485e+00
-2.484e+00
-2.484e+00
-2.484e+00
-2.484e+00
-2.483e+00
-2.500e+00
-2.458e+00
-2.493e+00
-2.487e+00
-2.490e+00
-2.489e+00
-2.489e+00
-2.489e+00
-2.487e+00
-2.487e+00
-2.485e+00
-2.485e+00
-2.485e+00
-2.484e+00
-2.484e+00
-2.484e+00
-2.484e+00
-2.484e+00
-2.484e+00
-2.483e+00
-2.483e+00
-2.500e+00
-2.458e+00
-2.491e+00
-2.486e+00
-2.489e+00
-2.487e+00
-2.486e+00
-2.485e+00
-2.485e+00
-2.484e+00
-2.484e+00
-2.484e+00
-2.484e+00
-2.484e+00
-2.484e+00
-2.484e+00
-2.483e+00
-2.483e+00
-2.483e+00
-2.483e+00
-2.483e+00
-2.500e+00
-2.458e+00
-2.487e+00
-2.483e+00
-2.485e+00
-2.485e+00
-2.484e+00
-2.484e+00
-2.484e+00
-2.484e+00
-2.484e+00
-2.484e+00
-2.483e+00
-2.483e+00
-2.483e+00
-2.483e+00
-2.483e+00
-2.483e+00
-2.483e+00
-2.483e+00
-2.483e+00
-2.500e+00
-2.458e+00
-2.490e+00
-2.483e+00
-2.484e+00
-2.484e+00
-2.484e+00
-2.484e+00
-2.483e+00
-2.483e+00
-2.483e+00
-2.483e+00
-2.483e+00
-2.483e+00
-2.483e+00
-2.483e+00
-2.483e+00
-2.483e+00
-2.483e+00
-2.483e+00
-2.485e+00
-2.500e+00
-2.458e+00
-2.527e+00
-2.500e+00
-2.500e+00
-2.500e+00
-2.500e+00
-2.500e+00
-2.500e+00
-2.500e+00
-2.500e+00
-2.500e+00
-2.500e+00
-2.500e+00
-2.500e+00
-2.500e+00
-2.500e+00
-2.500e+00
-2.500e+00
-2.500e+00
-2.500e+00
-2.509e+00
-2.461e+00
-2.505e+00
-2.457e+00
-2.459e+00
-2.459e+00
-2.459e+00
-2.459e+00
-2.459e+00
-2.459e+00
-2.459e+00
-2.459e+00
-2.459e+00
-2.459e+00
-2.459e+00
-2.459e+00
-2.459e+00
-2.459e+00
-2.459e+00
-2.459e+00
-2.457e+00
-2.460e+00
-2.434e+00
-2.476e+00
-2.475e+00
-2.475e+00
-2.475e+00
-2.475e+00
-2.475e+00
-2.475e+00
-2.475e+00
-2.475e+00
-2.475e+00
-2.475e+00
-2.475e+00
-2.474e+00
-2.474e+00
-2.474e+00
-2.474e+00
-2.473e+00
-2.473e+00
-2.473e+00
-2.472e+00
-2.471e+00
-2.475e+00
-2.475e+00
-2.475e+00
-2.475e+00
-2.475e+00
-2.475e+00
-2.475e+00
-2.475e+00
-2.475e+00
-2.475e+00
-2.475e+00
-2.474e+00
-2.474e+00
-2.474e+00
-2.474e+00
-2.472e+00
-2.472e+00
-2.472e+00
-2.471e+00
-2.471e+00
-2.469e+00
-2.475e+00
-2.475e+00
-2.475e+00
-2.475e+00
-2.475e+00
-2.475e+00
-2.475e+00
-2.474e+00
-2.474e+00
-2.474e+00
-2.474e+00
-2.474e+00
-2.472e+00
-2.472e+00
-2.472e+00
-2.471e+00
-2.471e+00
-2.471e+00
-2.470e+00
-2.470e+00
-2.468e+00
-2.475e+00
-2.475e+00
-2.475e+00
-2.475e+00
-2.474e+00
-2.474e+00
-2.474e+00
-2.474e+00
-2.474e+00
-2.472e+00
-2.472e+00
-2.472e+00
-2.471e+00
-2.471e+00
-2.471e+00
-2.470e+00
-2.470e+00
-2.470e+00
-2.467e+00
-2.467e+00
-2.467e+00
-2.475e+00
-2.475e+00
-2.474e+00
-2.474e+00
-2.474e+00
-2.474e+00
-2.472e+00
-2.472e+00
-2.472e+00
-2.471e+00
-2.471e+00
-2.471e+00
-2.470e+00
-2.470e+00
-2.470e+00
-2.467e+00
-2.467e+00
-2.467e+00
-2.466e+00
-2.466e+00
-2.464e+00
-2.474e+00
-2.474e+00
-2.474e+00
-2.474e+00
-2.472e+00
-2.472e+00
-2.471e+00
-2.471e+00
-2.471e+00
-2.470e+00
-2.470e+00
-2.470e+00
-2.470e+00
-2.467e+00
-2.467e+00
-2.466e+00
-2.466e+00
-2.466e+00
-2.465e+00
-2.465e+00
-2.463e+00
-2.474e+00
-2.474e+00
-2.472e+00
-2.472e+00
-2.471e+00
-2.471e+00
-2.471e+00
-2.470e+00
-2.470e+00
-2.470e+00
-2.467e+00
-2.467e+00
-2.467e+00
-2.466e+00
-2.466e+00
-2.466e+00
-2.465e+00
-2.465e+00
-2.463e+00
-2.463e+00
-2.462e+00
-2.473e+00
-2.472e+00
-2.471e+00
-2.471e+00
-2.470e+00
-2.470e+00
-2.470e+00
-2.467e+00
-2.467e+00
-2.467e+00
-2.466e+00
-2.466e+00
-2.466e+00
-2.465e+00
-2.465e+00
-2.465e+00
-2.463e+00
-2.463e+00
-2.463e+00
-2.462e+00
-2.461e+00
-2.472e+00
-2.471e+00
-2.470e+00
-2.470e+00
-2.470e+00
-2.467e+00
-2.467e+00
-2.467e+00
-2.466e+00
-2.466e+00
-2.466e+00
-2.465e+00
-2.465e+00
-2.465e+00
-2.463e+00
-2.463e+00
-2.463e+00
-2.462e+00
-2.462e+00
-2.461e+00
-2.460e+00
-2.471e+00
-2.470e+00
-2.470e+00
-2.467e+00
-2.467e+00
-2.466e+00
-2.466e+00
-2.466e+00
-2.465e+00
-2.465e+00
-2.465e+00
-2.465e+00
-2.463e+00
-2.463e+00
-2.463e+00
-2.462e+00
-2.462e+00
-2.462e+00
-2.461e+00
-2.461e+00
-2.460e+00
-2.470e+00
-2.467e+00
-2.467e+00
-2.466e+00
-2.466e+00
-2.466e+00
-2.465e+00
-2.465e+00
-2.465e+00
-2.463e+00
-2.463e+00
-2.463e+00
-2.463e+00
-2.462e+00
-2.462e+00
-2.462e+00
-2.461e+00
-2.461e+00
-2.461e+00
-2.460e+00
-2.458e+00
-2.469e+00
-2.466e+00
-2.466e+00
-2.466e+00
-2.465e+00
-2.465e+00
-2.465e+00
-2.463e+00
-2.463e+00
-2.463e+00
-2.462e+00
-2.462e+00
-2.462e+00
-2.462e+00
-2.461e+00
-2.461e+00
-2.461e+00
-2.460e+00
-2.460e+00
-2.460e+00
-2.458e+00
-2.469e+00
-2.466e+00
-2.465e+00
-2.465e+00
-2.463e+00
-2.463e+00
-2.463e+00
-2.462e+00
-2.462e+00
-2.462e+00
-2.462e+00
-2.461e+00
-2.461e+00
-2.461e+00
-2.461e+00
-2.460e+00
-2.460e+00
-2.460e+00
-2.458e+00
-2.459e+00
-2.457e+00
-2.468e+00
-2.465e+00
-2.463e+00
-2.463e+00
-2.463e+00
-2.462e+00
-2.462e+00
-2.462e+00
-2.461e+00
-2.461e+00
-2.461e+00
-2.461e+00
-2.460e+00
-2.460e+00
-2.460e+00
-2.460e+00
-2.460e+00
-2.458e+00
-2.458e+00
-2.459e+00
-2.457e+00
-2.467e+00
-2.463e+00
-2.463e+00
-2.462e+00
-2.462e+00
-2.462e+00
-2.461e+00
-2.461e+00
-2.461e+00
-2.461e+00
-2.460e+00
-2.460e+00
-2.460e+00
-2.460e+00
-2.458e+00
-2.458e+00
-2.458e+00
-2.458e+00
-2.458e+00
-2.457e+00
-2.455e+00
-2.465e+00
-2.462e+00
-2.462e+00
-2.461e+00
-2.461e+00
-2.461e+00
-2.461e+00
-2.460e+00
-2.460e+00
-2.460e+00
-2.460e+00
-2.458e+00
-2.458e+00
-2.458e+00
-2.458e+00
-2.458e+00
-2.458e+00
-2.458e+00
-2.457e+00
-2.457e+00
-2.455e+00
-2.461e+00
-2.461e+00
-2.461e+00
-2.461e+00
-2.460e+00
-2.460e+00
-2.460e+00
-2.460e+00
-2.458e+00
-2.458e+00
-2.458e+00
-2.458e+00
-2.458e+00
-2.458e+00
-2.458e+00
-2.458e+00
-2.457e+00
-2.457e+00
-2.457e+00
-2.457e+00
-2.455e+00
-2.460e+00
-2.459e+00
-2.460e+00
-2.460e+00
-2.460e+00
-2.458e+00
-2.458e+00
-2.458e+00
-2.458e+00
-2.458e+00
-2.458e+00
-2.458e+00
-2.458e+00
-2.457e+00
-2.457e+00
-2.457e+00
-2.457e+00
-2.457e+00
-2.457e+00
-2.457e+00
-2.455e+00
-2.460e+00
-2.460e+00
-2.458e+00
-2.458e+00
-2.458e+00
-2.458e+00
-2.458e+00
-2.457e+00
-2.457e+00
-2.457e+00
-2.457e+00
-2.457e+00
-2.457e+00
-2.457e+00
-2.457e+00
-2.457e+00
-2.457e+00
-2.457e+00
-2.457e+00
-2.457e+00
-2.455e+00
-2.459e+00
-2.459e+00
-2.457e+00
-2.457e+00
-2.457e+00
-2.457e+00
-2.457e+00
-2.457e+00
-2.457e+00
-2.457e+00
-2.457e+00
-2.457e+00
-2.457e+00
-2.457e+00
-2.457e+00
-2.457e+00
-2.457e+00
-2.457e+00
-2.457e+00
-2.456e+00
-2.454e+00
-2.457e+00
-2.455e+00
-2.455e+00
-2.455e+00
-2.455e+00
-2.455e+00
-2.455e+00
-2.455e+00
-2.455e+00
-2.455e+00
-2.455e+00
-2.455e+00
-2.455e+00
-2.455e+00
-2.455e+00
-2.455e+00
-2.455e+00
-2.454e+00
-2.454e+00
-2.454e+00
-2.453e+00
-2.557e+00
-2.489e+00
-2.489e+00
-2.487e+00
-2.487e+00
-2.484e+00
-2.484e+00
-2.484e+00
-2.483e+00
-2.483e+00
-2.483e+00
-2.482e+00
-2.482e+00
-2.482e+00
-2.481e+00
-2.481e+00
-2.481e+00
-2.480e+00
-2.480e+00
-2.479e+00
-2.375e+00
-2.489e+00
-2.386e+00
-2.385e+00
-2.385e+00
-2.384e+00
-2.384e+00
-2.383e+00
-2.383e+00
-2.383e+00
-2.382e+00
-2.382e+00
-2.382e+00
-2.382e+00
-2.377e+00
-2.380e+00
-2.381e+00
-2.376e+00
-2.376e+00
-2.375e+00
-2.375e+00
-2.304e+00
-2.484e+00
-2.384e+00
-2.384e+00
-2.384e+00
-2.383e+00
-2.383e+00
-2.382e+00
-2.382e+00
-2.382e+00
-2.377e+00
-2.377e+00
-2.380e+00
-2.381e+00
-2.376e+00
-2.376e+00
-2.375e+00
-2.375e+00
-2.375e+00
-2.374e+00
-2.374e+00
-2.303e+00
-2.483e+00
-2.383e+00
-2.383e+00
-2.382e+00
-2.382e+00
-2.382e+00
-2.377e+00
-2.377e+00
-2.380e+00
-2.381e+00
-2.376e+00
-2.376e+00
-2.376e+00
-2.375e+00
-2.375e+00
-2.375e+00
-2.374e+00
-2.374e+00
-2.373e+00
-2.373e+00
-2.302e+00
-2.482e+00
-2.382e+00
-2.382e+00
-2.382e+00
-2.377e+00
-2.380e+00
-2.380e+00
-2.376e+00
-2.376e+00
-2.376e+00
-2.375e+00
-2.375e+00
-2.375e+00
-2.374e+00
-2.374e+00
-2.374e+00
-2.373e+00
-2.373e+00
-2.372e+00
-2.372e+00
-2.301e+00
-2.482e+00
-2.382e+00
-2.377e+00
-2.380e+00
-2.376e+00
-2.376e+00
-2.376e+00
-2.375e+00
-2.375e+00
-2.375e+00
-2.374e+00
-2.374e+00
-2.374e+00
-2.373e+00
-2.373e+00
-2.373e+00
-2.372e+00
-2.372e+00
-2.371e+00
-2.371e+00
-2.299e+00
-2.481e+00
-2.381e+00
-2.376e+00
-2.376e+00
-2.376e+00
-2.375e+00
-2.375e+00
-2.374e+00
-2.374e+00
-2.374e+00
-2.373e+00
-2.373e+00
-2.373e+00
-2.372e+00
-2.372e+00
-2.372e+00
-2.371e+00
-2.371e+00
-2.371e+00
-2.370e+00
-2.298e+00
-2.480e+00
-2.376e+00
-2.375e+00
-2.375e+00
-2.375e+00
-2.374e+00
-2.374e+00
-2.374e+00
-2.373e+00
-2.373e+00
-2.373e+00
-2.372e+00
-2.372e+00
-2.372e+00
-2.371e+00
-2.371e+00
-2.371e+00
-2.370e+00
-2.370e+00
-2.369e+00
-2.297e+00
-2.479e+00
-2.375e+00
-2.375e+00
-2.374e+00
-2.374e+00
-2.373e+00
-2.373e+00
-2.373e+00
-2.372e+00
-2.372e+00
-2.372e+00
-2.371e+00
-2.371e+00
-2.371e+00
-2.371e+00
-2.370e+00
-2.370e+00
-2.369e+00
-2.369e+00
-2.369e+00
-2.297e+00
-2.478e+00
-2.374e+00
-2.374e+00
-2.373e+00
-2.373e+00
-2.373e+00
-2.372e+00
-2.372e+00
-2.372e+00
-2.371e+00
-2.371e+00
-2.371e+00
-2.370e+00
-2.370e+00
-2.370e+00
-2.369e+00
-2.369e+00
-2.369e+00
-2.368e+00
-2.368e+00
-2.296e+00
-2.476e+00
-2.373e+00
-2.373e+00
-2.373e+00
-2.372e+00
-2.372e+00
-2.371e+00
-2.371e+00
-2.371e+00
-2.371e+00
-2.370e+00
-2.370e+00
-2.370e+00
-2.369e+00
-2.369e+00
-2.369e+00
-2.368e+00
-2.368e+00
-2.368e+00
-2.367e+00
-2.294e+00
-2.476e+00
-2.373e+00
-2.372e+00
-2.372e+00
-2.371e+00
-2.371e+00
-2.371e+00
-2.370e+00
-2.370e+00
-2.370e+00
-2.370e+00
-2.369e+00
-2.369e+00
-2.369e+00
-2.368e+00
-2.368e+00
-2.368e+00
-2.367e+00
-2.367e+00
-2.367e+00
-2.295e+00
-2.475e+00
-2.372e+00
-2.371e+00
-2.371e+00
-2.371e+00
-2.370e+00
-2.370e+00
-2.370e+00
-2.369e+00
-2.369e+00
-2.369e+00
-2.369e+00
-2.368e+00
-2.368e+00
-2.368e+00
-2.367e+00
-2.367e+00
-2.367e+00
-2.367e+00
-2.366e+00
-2.292e+00
-2.474e+00
-2.371e+00
-2.371e+00
-2.370e+00
-2.370e+00
-2.369e+00
-2.369e+00
-2.369e+00
-2.369e+00
-2.368e+00
-2.368e+00
-2.368e+00
-2.368e+00
-2.367e+00
-2.367e+00
-2.367e+00
-2.367e+00
-2.366e+00
-2.366e+00
-2.366e+00
-2.292e+00
-2.472e+00
-2.370e+00
-2.370e+00
-2.369e+00
-2.369e+00
-2.369e+00
-2.368e+00
-2.368e+00
-2.368e+00
-2.368e+00
-2.367e+00
-2.367e+00
-2.367e+00
-2.367e+00
-2.367e+00
-2.366e+00
-2.366e+00
-2.366e+00
-2.366e+00
-2.366e+00
-2.292e+00
-2.471e+00
-2.369e+00
-2.369e+00
-2.369e+00
-2.368e+00
-2.368e+00
-2.368e+00
-2.367e+00
-2.367e+00
-2.367e+00
-2.367e+00
-2.367e+00
-2.366e+00
-2.366e+00
-2.366e+00
-2.366e+00
-2.366e+00
-2.366e+00
-2.366e+00
-2.365e+00
-2.291e+00
-2.471e+00
-2.368e+00
-2.368e+00
-2.368e+00
-2.367e+00
-2.367e+00
-2.367e+00
-2.367e+00
-2.367e+00
-2.366e+00
-2.366e+00
-2.366e+00
-2.366e+00
-2.366e+00
-2.366e+00
-2.366e+00
-2.366e+00
-2.365e+00
-2.365e+00
-2.365e+00
-2.291e+00
-2.470e+00
-2.368e+00
-2.367e+00
-2.367e+00
-2.367e+00
-2.366e+00
-2.366e+00
-2.366e+00
-2.366e+00
-2.366e+00
-2.366e+00
-2.366e+00
-2.366e+00
-2.366e+00
-2.365e+00
-2.365e+00
-2.365e+00
-2.365e+00
-2.365e+00
-2.365e+00
-2.291e+00
-2.467e+00
-2.367e+00
-2.366e+00
-2.366e+00
-2.366e+00
-2.366e+00
-2.366e+00
-2.366e+00
-2.366e+00
-2.365e+00
-2.365e+00
-2.365e+00
-2.365e+00
-2.365e+00
-2.365e+00
-2.365e+00
-2.365e+00
-2.365e+00
-2.365e+00
-2.365e+00
-2.291e+00
-2.466e+00
-2.366e+00
-2.366e+00
-2.365e+00
-2.365e+00
-2.365e+00
-2.365e+00
-2.365e+00
-2.365e+00
-2.365e+00
-2.365e+00
-2.365e+00
-2.365e+00
-2.365e+00
-2.365e+00
-2.365e+00
-2.365e+00
-2.365e+00
-2.365e+00
-2.364e+00
-2.290e+00
-2.366e+00
-2.292e+00
-2.291e+00
-2.291e+00
-2.291e+00
-2.291e+00
-2.291e+00
-2.291e+00
-2.291e+00
-2.291e+00
-2.291e+00
-2.291e+00
-2.291e+00
-2.291e+00
-2.291e+00
-2.291e+00
-2.290e+00
-2.290e+00
-2.290e+00
-2.290e+00
-2.261e+00
-2.204e+00
-2.202e+00
-2.202e+00
-2.200e+00
-2.200e+00
-2.199e+00
-2.199e+00
-2.199e+00
-2.197e+00
-2.198e+00
-2.198e+00
-2.196e+00
-2.196e+00
-2.196e+00
-2.195e+00
-2.195e+00
-2.195e+00
-2.194e+00
-2.194e+00
-2.193e+00
-2.193e+00
-2.202e+00
-2.201e+00
-2.199e+00
-2.199e+00
-2.198e+00
-2.198e+00
-2.198e+00
-2.197e+00
-2.197e+00
-2.196e+00
-2.196e+00
-2.196e+00
-2.196e+00
-2.195e+00
-2.195e+00
-2.195e+00
-2.194e+00
-2.194e+00
-2.193e+00
-2.193e+00
-2.193e+00
-2.200e+00
-2.199e+00
-2.198e+00
-2.198e+00
-2.197e+00
-2.197e+00
-2.196e+00
-2.196e+00
-2.196e+00
-2.195e+00
-2.195e+00
-2.195e+00
-2.195e+00
-2.194e+00
-2.194e+00
-2.193e+00
-2.193e+00
-2.193e+00
-2.191e+00
-2.191e+00
-2.191e+00
-2.199e+00
-2.197e+00
-2.197e+00
-2.197e+00
-2.196e+00
-2.196e+00
-2.196e+00
-2.195e+00
-2.195e+00
-2.195e+00
-2.194e+00
-2.194e+00
-2.194e+00
-2.193e+00
-2.193e+00
-2.191e+00
-2.191e+00
-2.192e+00
-2.190e+00
-2.190e+00
-2.190e+00
-2.198e+00
-2.196e+00
-2.196e+00
-2.196e+00
-2.195e+00
-2.195e+00
-2.195e+00
-2.194e+00
-2.194e+00
-2.194e+00
-2.193e+00
-2.193e+00
-2.193e+00
-2.191e+00
-2.191e+00
-2.190e+00
-2.190e+00
-2.190e+00
-2.189e+00
-2.189e+00
-2.189e+00
-2.196e+00
-2.196e+00
-2.195e+00
-2.195e+00
-2.194e+00
-2.194e+00
-2.194e+00
-2.193e+00
-2.193e+00
-2.193e+00
-2.191e+00
-2.191e+00
-2.192e+00
-2.190e+00
-2.190e+00
-2.190e+00
-2.189e+00
-2.189e+00
-2.188e+00
-2.188e+00
-2.188e+00
-2.195e+00
-2.195e+00
-2.194e+00
-2.194e+00
-2.193e+00
-2.193e+00
-2.193e+00
-2.191e+00
-2.191e+00
-2.191e+00
-2.190e+00
-2.190e+00
-2.190e+00
-2.189e+00
-2.189e+00
-2.189e+00
-2.188e+00
-2.188e+00
-2.188e+00
-2.187e+00
-2.187e+00
-2.194e+00
-2.194e+00
-2.193e+00
-2.193e+00
-2.193e+00
-2.191e+00
-2.191e+00
-2.192e+00
-2.190e+00
-2.190e+00
-2.190e+00
-2.189e+00
-2.189e+00
-2.189e+00
-2.188e+00
-2.188e+00
-2.188e+00
-2.187e+00
-2.187e+00
-2.186e+00
-2.186e+00
-2.193e+00
-2.193e+00
-2.193e+00
-2.191e+00
-2.191e+00
-2.190e+00
-2.190e+00
-2.190e+00
-2.189e+00
-2.189e+00
-2.189e+00
-2.188e+00
-2.188e+00
-2.188e+00
-2.187e+00
-2.187e+00
-2.187e+00
-2.186e+00
-2.186e+00
-2.186e+00
-2.186e+00
-2.192e+00
-2.191e+00
-2.191e+00
-2.190e+00
-2.190e+00
-2.190e+00
-2.189e+00
-2.189e+00
-2.189e+00
-2.188e+00
-2.188e+00
-2.188e+00
-2.187e+00
-2.187e+00
-2.187e+00
-2.186e+00
-2.186e+00
-2.186e+00
-2.185e+00
-2.185e+00
-2.185e+00
-2.190e+00
-2.190e+00
-2.190e+00
-2.190e+00
-2.189e+00
-2.189e+00
-2.188e+00
-2.188e+00
-2.188e+00
-2.187e+00
-2.187e+00
-2.187e+00
-2.187e+00
-2.186e+00
-2.186e+00
-2.186e+00
-2.185e+00
-2.185e+00
-2.185e+00
-2.184e+00
-2.184e+00
-2.190e+00
-2.190e+00
-2.189e+00
-2.189e+00
-2.188e+00
-2.188e+00
-2.188e+00
-2.187e+00
-2.187e+00
-2.187e+00
-2.186e+00
-2.186e+00
-2.186e+00
-2.186e+00
-2.185e+00
-2.185e+00
-2.185e+00
-2.184e+00
-2.184e+00
-2.184e+00
-2.184e+00
-2.189e+00
-2.189e+00
-2.188e+00
-2.188e+00
-2.188e+00
-2.187e+00
-2.187e+00
-2.187e+00
-2.186e+00
-2.186e+00
-2.186e+00
-2.185e+00
-2.185e+00
-2.185e+00
-2.185e+00
-2.184e+00
-2.184e+00
-2.184e+00
-2.183e+00
-2.183e+00
-2.183e+00
-2.188e+00
-2.188e+00
-2.187e+00
-2.187e+00
-2.187e+00
-2.186e+00
-2.186e+00
-2.186e+00
-2.186e+00
-2.185e+00
-2.185e+00
-2.185e+00
-2.185e+00
-2.184e+00
-2.184e+00
-2.184e+00
-2.184e+00
-2.183e+00
-2.183e+00
-2.183e+00
-2.183e+00
-2.187e+00
-2.187e+00
-2.187e+00
-2.186e+00
-2.186e+00
-2.186e+00
-2.185e+00
-2.185e+00
-2.185e+00
-2.185e+00
-2.184e+00
-2.184e+00
-2.184e+00
-2.184e+00
-2.184e+00
-2.183e+00
-2.183e+00
-2.183e+00
-2.183e+00
-2.182e+00
-2.182e+00
-2.186e+00
-2.186e+00
-2.186e+00
-2.186e+00
-2.185e+00
-2.185e+00
-2.185e+00
-2.184e+00
-2.184e+00
-2.184e+00
-2.184e+00
-2.184e+00
-2.183e+00
-2.183e+00
-2.183e+00
-2.183e+00
-2.183e+00
-2.183e+00
-2.182e+00
-2.182e+00
-2.182e+00
-2.185e+00
-2.185e+00
-2.185e+00
-2.185e+00
-2.184e+00
-2.184e+00
-2.184e+00
-2.184e+00
-2.183e+00
-2.183e+00
-2.183e+00
-2.183e+00
-2.183e+00
-2.183e+00
-2.183e+00
-2.183e+00
-2.182e+00
-2.182e+00
-2.182e+00
-2.182e+00
-2.182e+00
-2.185e+00
-2.185e+00
-2.184e+00
-2.184e+00
-2.184e+00
-2.183e+00
-2.183e+00
-2.183e+00
-2.183e+00
-2.183e+00
-2.183e+00
-2.183e+00
-2.182e+00
-2.182e+00
-2.182e+00
-2.182e+00
-2.182e+00
-2.182e+00
-2.182e+00
-2.182e+00
-2.182e+00
-2.184e+00
-2.184e+00
-2.183e+00
-2.183e+00
-2.183e+00
-2.183e+00
-2.183e+00
-2.182e+00
-2.182e+00
-2.182e+00
-2.182e+00
-2.182e+00
-2.182e+00
-2.182e+00
-2.182e+00
-2.182e+00
-2.182e+00
-2.182e+00
-2.181e+00
-2.181e+00
-2.181e+00
-2.183e+00
-2.183e+00
-2.182e+00
-2.182e+00
-2.182e+00
-2.182e+00
-2.182e+00
-2.182e+00
-2.182e+00
-2.182e+00
-2.182e+00
-2.182e+00
-2.181e+00
-2.181e+00
-2.181e+00
-2.181e+00
-2.181e+00
-2.181e+00
-2.181e+00
-2.181e+00
-2.181e+00
-2.182e+00
-2.182e+00
-2.182e+00
-2.182e+00
-2.182e+00
-2.182e+00
-2.182e+00
-2.182e+00
-2.181e+00
-2.181e+00
-2.181e+00
-2.181e+00
-2.181e+00
-2.181e+00
-2.181e+00
-2.181e+00
-2.181e+00
-2.181e+00
-2.181e+00
-2.181e+00
-2.179e+00
-2.114e+00
-2.097e+00
-2.097e+00
-2.096e+00
-2.096e+00
-2.095e+00
-2.095e+00
-2.095e+00
-2.094e+00
-2.094e+00
-2.094e+00
-2.093e+00
-2.093e+00
-2.093e+00
-2.092e+00
-2.092e+00
-2.092e+00
-2.091e+00
-2.091e+00
-2.090e+00
-2.061e+00
-2.097e+00
-2.069e+00
-2.068e+00
-2.068e+00
-2.066e+00
-2.067e+00
-2.067e+00
-2.065e+00
-2.065e+00
-2.066e+00
-2.064e+00
-2.064e+00
-2.064e+00
-2.063e+00
-2.063e+00
-2.063e+00
-2.062e+00
-2.062e+00
-2.061e+00
-2.061e+00
-2.040e+00
-2.096e+00
-2.068e+00
-2.066e+00
-2.067e+00
-2.065e+00
-2.065e+00
-2.064e+00
-2.064e+00
-2.064e+00
-2.063e+00
-2.063e+00
-2.063e+00
-2.063e+00
-2.062e+00
-2.062e+00
-2.061e+00
-2.061e+00
-2.061e+00
-2.060e+00
-2.060e+00
-2.039e+00
-2.095e+00
-2.065e+00
-2.065e+00
-2.066e+00
-2.064e+00
-2.064e+00
-2.064e+00
-2.063e+00
-2.063e+00
-2.062e+00
-2.062e+00
-2.062e+00
-2.061e+00
-2.061e+00
-2.061e+00
-2.060e+00
-2.060e+00
-2.060e+00
-2.059e+00
-2.059e+00
-2.038e+00
-2.094e+00
-2.064e+00
-2.064e+00
-2.064e+00
-2.063e+00
-2.063e+00
-2.063e+00
-2.062e+00
-2.062e+00
-2.062e+00
-2.061e+00
-2.061e+00
-2.061e+00
-2.060e+00
-2.060e+00
-2.059e+00
-2.059e+00
-2.059e+00
-2.058e+00
-2.058e+00
-2.037e+00
-2.093e+00
-2.064e+00
-2.063e+00
-2.063e+00
-2.062e+00
-2.062e+00
-2.062e+00
-2.061e+00
-2.061e+00
-2.061e+00
-2.060e+00
-2.060e+00
-2.060e+00
-2.059e+00
-2.059e+00
-2.059e+00
-2.058e+00
-2.058e+00
-2.057e+00
-2.057e+00
-2.036e+00
-2.092e+00
-2.063e+00
-2.062e+00
-2.062e+00
-2.061e+00
-2.061e+00
-2.061e+00
-2.060e+00
-2.060e+00
-2.060e+00
-2.059e+00
-2.059e+00
-2.059e+00
-2.058e+00
-2.058e+00
-2.058e+00
-2.057e+00
-2.057e+00
-2.056e+00
-2.056e+00
-2.035e+00
-2.091e+00
-2.062e+00
-2.061e+00
-2.061e+00
-2.061e+00
-2.060e+00
-2.060e+00
-2.060e+00
-2.059e+00
-2.059e+00
-2.059e+00
-2.058e+00
-2.058e+00
-2.058e+00
-2.057e+00
-2.057e+00
-2.056e+00
-2.056e+00
-2.056e+00
-2.055e+00
-2.033e+00
-2.090e+00
-2.061e+00
-2.061e+00
-2.060e+00
-2.060e+00
-2.059e+00
-2.059e+00
-2.059e+00
-2.058e+00
-2.058e+00
-2.058e+00
-2.057e+00
-2.057e+00
-2.057e+00
-2.056e+00
-2.056e+00
-2.056e+00
-2.055e+00
-2.055e+00
-2.055e+00
-2.032e+00
-2.089e+00
-2.060e+00
-2.060e+00
-2.059e+00
-2.059e+00
-2.059e+00
-2.058e+00
-2.058e+00
-2.058e+00
-2.057e+00
-2.057e+00
-2.057e+00
-2.056e+00
-2.056e+00
-2.056e+00
-2.055e+00
-2.055e+00
-2.055e+00
-2.054e+00
-2.054e+00
-2.032e+00
-2.088e+00
-2.059e+00
-2.059e+00
-2.058e+00
-2.058e+00
-2.058e+00
-2.057e+00
-2.057e+00
-2.057e+00
-2.056e+00
-2.056e+00
-2.056e+00
-2.056e+00
-2.055e+00
-2.055e+00
-2.055e+00
-2.054e+00
-2.054e+00
-2.054e+00
-2.053e+00
-2.031e+00
-2.088e+00
-2.058e+00
-2.058e+00
-2.058e+00
-2.057e+00
-2.057e+00
-2.057e+00
-2.056e+00
-2.056e+00
-2.056e+00
-2.055e+00
-2.055e+00
-2.055e+00
-2.055e+00
-2.054e+00
-2.054e+00
-2.054e+00
-2.053e+00
-2.053e+00
-2.053e+00
-2.031e+00
-2.087e+00
-2.058e+00
-2.057e+00
-2.057e+00
-2.056e+00
-2.056e+00
-2.056e+00
-2.056e+00
-2.055e+00
-2.055e+00
-2.055e+00
-2.054e+00
-2.054e+00
-2.054e+00
-2.054e+00
-2.053e+00
-2.053e+00
-2.053e+00
-2.052e+00
-2.052e+00
-2.030e+00
-2.086e+00
-2.057e+00
-2.056e+00
-2.056e+00
-2.056e+00
-2.055e+00
-2.055e+00
-2.055e+00
-2.055e+00
-2.054e+00
-2.054e+00
-2.054e+00
-2.054e+00
-2.053e+00
-2.053e+00
-2.053e+00
-2.052e+00
-2.052e+00
-2.052e+00
-2.052e+00
-2.030e+00
-2.085e+00
-2.056e+00
-2.056e+00
-2.055e+00
-2.055e+00
-2.055e+00
-2.054e+00
-2.054e+00
-2.054e+00
-2.054e+00
-2.053e+00
-2.053e+00
-2.053e+00
-2.053e+00
-2.052e+00
-2.052e+00
-2.052e+00
-2.052e+00
-2.052e+00
-2.051e+00
-2.029e+00
-2.083e+00
-2.055e+00
-2.055e+00
-2.054e+00
-2.054e+00
-2.054e+00
-2.054e+00
-2.053e+00
-2.053e+00
-2.053e+00
-2.053e+00
-2.052e+00
-2.052e+00
-2.052e+00
-2.052e+00
-2.052e+00
-2.052e+00
-2.051e+00
-2.051e+00
-2.051e+00
-2.029e+00
-2.082e+00
-2.054e+00
-2.054e+00
-2.054e+00
-2.053e+00
-2.053e+00
-2.053e+00
-2.053e+00
-2.052e+00
-2.052e+00
-2.052e+00
-2.052e+00
-2.052e+00
-2.052e+00
-2.051e+00
-2.051e+00
-2.051e+00
-2.051e+00
-2.051e+00
-2.051e+00
-2.029e+00
-2.081e+00
-2.053e+00
-2.053e+00
-2.053e+00
-2.053e+00
-2.052e+00
-2.052e+00
-2.052e+00
-2.052e+00
-2.052e+00
-2.051e+00
-2.051e+00
-2.051e+00
-2.051e+00
-2.051e+00
-2.051e+00
-2.051e+00
-2.051e+00
-2.051e+00
-2.050e+00
-2.028e+00
-2.081e+00
-2.053e+00
-2.052e+00
-2.052e+00
-2.052e+00
-2.052e+00
-2.051e+00
-2.051e+00
-2.051e+00
-2.051e+00
-2.051e+00
-2.051e+00
-2.051e+00
-2.051e+00
-2.051e+00
-2.051e+00
-2.050e+00
-2.050e+00
-2.050e+00
-2.050e+00
-2.028e+00
-2.080e+00
-2.052e+00
-2.051e+00
-2.051e+00
-2.051e+00
-2.051e+00
-2.051e+00
-2.051e+00
-2.050e+00
-2.050e+00
-2.050e+00
-2.050e+00
-2.050e+00
-2.050e+00
-2.050e+00
-2.050e+00
-2.050e+00
-2.050e+00
-2.049e+00
-2.049e+00
-2.027e+00
-2.051e+00
-2.029e+00
-2.029e+00
-2.029e+00
-2.029e+00
-2.028e+00
-2.028e+00
-2.028e+00
-2.028e+00
-2.028e+00
-2.028e+00
-2.028e+00
-2.028e+00
-2.028e+00
-2.028e+00
-2.028e+00
-2.027e+00
-2.027e+00
-2.027e+00
-2.027e+00
-2.018e+00
-1.903e+00
-1.902e+00
-1.903e+00
-1.902e+00
-1.902e+00
-1.901e+00
-1.901e+00
-1.901e+00
-1.900e+00
-1.900e+00
-1.900e+00
-1.899e+00
-1.899e+00
-1.899e+00
-1.898e+00
-1.898e+00
-1.898e+00
-1.897e+00
-1.897e+00
-1.896e+00
-1.896e+00
-1.903e+00
-1.903e+00
-1.902e+00
-1.902e+00
-1.901e+00
-1.901e+00
-1.901e+00
-1.900e+00
-1.900e+00
-1.900e+00
-1.899e+00
-1.899e+00
-1.899e+00
-1.898e+00
-1.898e+00
-1.897e+00
-1.897e+00
-1.897e+00
-1.896e+00
-1.896e+00
-1.896e+00
-1.902e+00
-1.902e+00
-1.901e+00
-1.901e+00
-1.900e+00
-1.900e+00
-1.900e+00
-1.899e+00
-1.899e+00
-1.898e+00
-1.898e+00
-1.898e+00
-1.897e+00
-1.897e+00
-1.897e+00
-1.896e+00
-1.896e+00
-1.896e+00
-1.895e+00
-1.895e+00
-1.895e+00
-1.901e+00
-1.901e+00
-1.900e+00
-1.900e+00
-1.899e+00
-1.899e+00
-1.898e+00
-1.898e+00
-1.898e+00
-1.897e+00
-1.897e+00
-1.897e+00
-1.896e+00
-1.896e+00
-1.896e+00
-1.895e+00
-1.895e+00
-1.895e+00
-1.894e+00
-1.894e+00
-1.894e+00
-1.900e+00
-1.900e+00
-1.899e+00
-1.899e+00
-1.898e+00
-1.898e+00
-1.898e+00
-1.897e+00
-1.897e+00
-1.896e+00
-1.896e+00
-1.896e+00
-1.895e+00
-1.895e+00
-1.895e+00
-1.894e+00
-1.894e+00
-1.894e+00
-1.893e+00
-1.893e+00
-1.893e+00
-1.899e+00
-1.899e+00
-1.898e+00
-1.898e+00
-1.897e+00
-1.897e+00
-1.897e+00
-1.896e+00
-1.896e+00
-1.896e+00
-1.895e+00
-1.895e+00
-1.895e+00
-1.894e+00
-1.894e+00
-1.893e+00
-1.893e+00
-1.893e+00
-1.892e+00
-1.892e+00
-1.892e+00
-1.898e+00
-1.898e+00
-1.897e+00
-1.897e+00
-1.896e+00
-1.896e+00
-1.896e+00
-1.895e+00
-1.895e+00
-1.895e+00
-1.894e+00
-1.894e+00
-1.894e+00
-1.893e+00
-1.893e+00
-1.893e+00
-1.892e+00
-1.892e+00
-1.891e+00
-1.891e+00
-1.891e+00
-1.897e+00
-1.897e+00
-1.896e+00
-1.896e+00
-1.896e+00
-1.895e+00
-1.895e+00
-1.894e+00
-1.894e+00
-1.894e+00
-1.893e+00
-1.893e+00
-1.893e+00
-1.892e+00
-1.892e+00
-1.892e+00
-1.891e+00
-1.891e+00
-1.891e+00
-1.890e+00
-1.890e+00
-1.896e+00
-1.896e+00
-1.895e+00
-1.895e+00
-1.895e+00
-1.894e+00
-1.894e+00
-1.894e+00
-1.893e+00
-1.893e+00
-1.893e+00
-1.892e+00
-1.892e+00
-1.892e+00
-1.891e+00
-1.891e+00
-1.891e+00
-1.890e+00
-1.890e+00
-1.889e+00
-1.889e+00
-1.895e+00
-1.895e+00
-1.895e+00
-1.894e+00
-1.894e+00
-1.893e+00
-1.893e+00
-1.893e+00
-1.892e+00
-1.892e+00
-1.892e+00
-1.892e+00
-1.891e+00
-1.891e+00
-1.891e+00
-1.890e+00
-1.890e+00
-1.889e+00
-1.889e+00
-1.889e+00
-1.889e+00
-1.894e+00
-1.894e+00
-1.894e+00
-1.893e+00
-1.893e+00
-1.893e+00
-1.892e+00
-1.892e+00
-1.892e+00
-1.891e+00
-1.891e+00
-1.891e+00
-1.890e+00
-1.890e+00
-1.890e+00
-1.890e+00
-1.889e+00
-1.889e+00
-1.888e+00
-1.888e+00
-1.888e+00
-1.893e+00
-1.893e+00
-1.893e+00
-1.893e+00
-1.892e+00
-1.892e+00
-1.892e+00
-1.891e+00
-1.891e+00
-1.891e+00
-1.890e+00
-1.890e+00
-1.890e+00
-1.889e+00
-1.889e+00
-1.889e+00
-1.889e+00
-1.888e+00
-1.888e+00
-1.887e+00
-1.887e+00
-1.893e+00
-1.893e+00
-1.892e+00
-1.892e+00
-1.891e+00
-1.891e+00
-1.891e+00
-1.890e+00
-1.890e+00
-1.890e+00
-1.890e+00
-1.889e+00
-1.889e+00
-1.889e+00
-1.888e+00
-1.888e+00
-1.888e+00
-1.888e+00
-1.887e+00
-1.887e+00
-1.887e+00
-1.892e+00
-1.892e+00
-1.891e+00
-1.891e+00
-1.891e+00
-1.890e+00
-1.890e+00
-1.890e+00
-1.889e+00
-1.889e+00
-1.889e+00
-1.889e+00
-1.888e+00
-1.888e+00
-1.888e+00
-1.888e+00
-1.887e+00
-1.887e+00
-1.887e+00
-1.886e+00
-1.886e+00
-1.891e+00
-1.891e+00
-1.891e+00
-1.890e+00
-1.890e+00
-1.889e+00
-1.889e+00
-1.889e+00
-1.889e+00
-1.888e+00
-1.888e+00
-1.888e+00
-1.888e+00
-1.887e+00
-1.887e+00
-1.887e+00
-1.887e+00
-1.887e+00
-1.886e+00
-1.886e+00
-1.886e+00
-1.890e+00
-1.890e+00
-1.890e+00
-1.889e+00
-1.889e+00
-1.889e+00
-1.888e+00
-1.888e+00
-1.888e+00
-1.888e+00
-1.887e+00
-1.887e+00
-1.887e+00
-1.887e+00
-1.887e+00
-1.887e+00
-1.886e+00
-1.886e+00
-1.886e+00
-1.886e+00
-1.886e+00
-1.889e+00
-1.889e+00
-1.889e+00
-1.888e+00
-1.888e+00
-1.888e+00
-1.888e+00
-1.887e+00
-1.887e+00
-1.887e+00
-1.887e+00
-1.887e+00
-1.887e+00
-1.886e+00
-1.886e+00
-1.886e+00
-1.886e+00
-1.886e+00
-1.885e+00
-1.885e+00
-1.885e+00
-1.888e+00
-1.888e+00
-1.888e+00
-1.888e+00
-1.887e+00
-1.887e+00
-1.887e+00
-1.887e+00
-1.886e+00
-1.886e+00
-1.886e+00
-1.886e+00
-1.886e+00
-1.886e+00
-1.886e+00
-1.886e+00
-1.885e+00
-1.885e+00
-1.885e+00
-1.885e+00
-1.885e+00
-1.887e+00
-1.887e+00
-1.887e+00
-1.887e+00
-1.886e+00
-1.886e+00
-1.886e+00
-1.886e+00
-1.886e+00
-1.886e+00
-1.886e+00
-1.885e+00
-1.885e+00
-1.885e+00
-1.885e+00
-1.885e+00
-1.885e+00
-1.885e+00
-1.884e+00
-1.884e+00
-1.884e+00
-1.886e+00
-1.886e+00
-1.886e+00
-1.886e+00
-1.886e+00
-1.885e+00
-1.885e+00
-1.885e+00
-1.885e+00
-1.885e+00
-1.885e+00
-1.885e+00
-1.885e+00
-1.884e+00
-1.884e+00
-1.884e+00
-1.884e+00
-1.884e+00
-1.884e+00
-1.883e+00
-1.883e+00
-1.886e+00
-1.886e+00
-1.886e+00
-1.885e+00
-1.885e+00
-1.885e+00
-1.885e+00
-1.885e+00
-1.885e+00
-1.884e+00
-1.884e+00
-1.884e+00
-1.884e+00
-1.884e+00
-1.884e+00
-1.884e+00
-1.884e+00
-1.884e+00
-1.883e+00
-1.883e+00
-1.883e+00
-1.839e+00
-1.839e+00
-1.839e+00
-1.838e+00
-1.838e+00
-1.837e+00
-1.837e+00
-1.837e+00
-1.836e+00
-1.836e+00
-1.836e+00
-1.835e+00
-1.835e+00
-1.835e+00
-1.834e+00
-1.835e+00
-1.835e+00
-1.834e+00
-1.834e+00
-1.833e+00
-1.833e+00
-1.839e+00
-1.839e+00
-1.838e+00
-1.838e+00
-1.837e+00
-1.837e+00
-1.837e+00
-1.836e+00
-1.836e+00
-1.836e+00
-1.835e+00
-1.835e+00
-1.834e+00
-1.834e+00
-1.835e+00
-1.834e+00
-1.834e+00
-1.834e+00
-1.833e+00
-1.833e+00
-1.833e+00
-1.838e+00
-1.838e+00
-1.837e+00
-1.837e+00
-1.836e+00
-1.836e+00
-1.835e+00
-1.835e+00
-1.835e+00
-1.834e+00
-1.834e+00
-1.835e+00
-1.834e+00
-1.834e+00
-1.834e+00
-1.833e+00
-1.833e+00
-1.833e+00
-1.832e+00
-1.832e+00
-1.832e+00
-1.837e+00
-1.837e+00
-1.836e+00
-1.836e+00
-1.835e+00
-1.835e+00
-1.834e+00
-1.834e+00
-1.835e+00
-1.834e+00
-1.834e+00
-1.834e+00
-1.833e+00
-1.833e+00
-1.833e+00
-1.832e+00
-1.832e+00
-1.831e+00
-1.831e+00
-1.831e+00
-1.831e+00
-1.836e+00
-1.835e+00
-1.835e+00
-1.835e+00
-1.834e+00
-1.835e+00
-1.834e+00
-1.834e+00
-1.834e+00
-1.833e+00
-1.833e+00
-1.833e+00
-1.832e+00
-1.832e+00
-1.832e+00
-1.831e+00
-1.831e+00
-1.831e+00
-1.830e+00
-1.831e+00
-1.831e+00
-1.835e+00
-1.835e+00
-1.834e+00
-1.835e+00
-1.834e+00
-1.834e+00
-1.834e+00
-1.833e+00
-1.833e+00
-1.832e+00
-1.832e+00
-1.832e+00
-1.831e+00
-1.831e+00
-1.831e+00
-1.830e+00
-1.830e+00
-1.831e+00
-1.830e+00
-1.830e+00
-1.830e+00
-1.835e+00
-1.835e+00
-1.834e+00
-1.834e+00
-1.833e+00
-1.833e+00
-1.833e+00
-1.832e+00
-1.832e+00
-1.832e+00
-1.831e+00
-1.831e+00
-1.831e+00
-1.830e+00
-1.830e+00
-1.830e+00
-1.830e+00
-1.830e+00
-1.829e+00
-1.829e+00
-1.829e+00
-1.834e+00
-1.834e+00
-1.833e+00
-1.833e+00
-1.832e+00
-1.832e+00
-1.832e+00
-1.831e+00
-1.831e+00
-1.831e+00
-1.830e+00
-1.830e+00
-1.831e+00
-1.830e+00
-1.830e+00
-1.830e+00
-1.829e+00
-1.829e+00
-1.828e+00
-1.828e+00
-1.828e+00
-1.833e+00
-1.833e+00
-1.832e+00
-1.832e+00
-1.832e+00
-1.831e+00
-1.831e+00
-1.831e+00
-1.830e+00
-1.830e+00
-1.831e+00
-1.830e+00
-1.830e+00
-1.830e+00
-1.829e+00
-1.829e+00
-1.829e+00
-1.828e+00
-1.828e+00
-1.827e+00
-1.827e+00
-1.832e+00
-1.832e+00
-1.832e+00
-1.831e+00
-1.831e+00
-1.830e+00
-1.830e+00
-1.831e+00
-1.830e+00
-1.830e+00
-1.830e+00
-1.829e+00
-1.829e+00
-1.829e+00
-1.828e+00
-1.828e+00
-1.828e+00
-1.827e+00
-1.827e+00
-1.827e+00
-1.827e+00
-1.831e+00
-1.831e+00
-1.831e+00
-1.830e+00
-1.830e+00
-1.831e+00
-1.830e+00
-1.830e+00
-1.830e+00
-1.829e+00
-1.829e+00
-1.829e+00
-1.828e+00
-1.828e+00
-1.828e+00
-1.827e+00
-1.827e+00
-1.827e+00
-1.826e+00
-1.826e+00
-1.826e+00
-1.830e+00
-1.830e+00
-1.830e+00
-1.830e+00
-1.830e+00
-1.830e+00
-1.829e+00
-1.829e+00
-1.829e+00
-1.828e+00
-1.828e+00
-1.828e+00
-1.828e+00
-1.827e+00
-1.827e+00
-1.827e+00
-1.826e+00
-1.826e+00
-1.827e+00
-1.826e+00
-1.826e+00
-1.831e+00
-1.830e+00
-1.830e+00
-1.830e+00
-1.829e+00
-1.829e+00
-1.829e+00
-1.828e+00
-1.828e+00
-1.828e+00
-1.827e+00
-1.827e+00
-1.827e+00
-1.827e+00
-1.826e+00
-1.826e+00
-1.827e+00
-1.826e+00
-1.826e+00
-1.826e+00
-1.826e+00
-1.830e+00
-1.830e+00
-1.829e+00
-1.829e+00
-1.828e+00
-1.828e+00
-1.828e+00
-1.828e+00
-1.827e+00
-1.827e+00
-1.827e+00
-1.826e+00
-1.826e+00
-1.826e+00
-1.827e+00
-1.826e+00
-1.826e+00
-1.826e+00
-1.826e+00
-1.825e+00
-1.825e+00
-1.829e+00
-1.829e+00
-1.828e+00
-1.828e+00
-1.828e+00
-1.827e+00
-1.827e+00
-1.827e+00
-1.827e+00
-1.826e+00
-1.826e+00
-1.827e+00
-1.827e+00
-1.826e+00
-1.826e+00
-1.826e+00
-1.826e+00
-1.825e+00
-1.825e+00
-1.825e+00
-1.825e+00
-1.828e+00
-1.828e+00
-1.828e+00
-1.827e+00
-1.827e+00
-1.827e+00
-1.826e+00
-1.826e+00
-1.827e+00
-1.827e+00
-1.826e+00
-1.826e+00
-1.826e+00
-1.826e+00
-1.825e+00
-1.825e+00
-1.825e+00
-1.825e+00
-1.825e+00
-1.824e+00
-1.824e+00
-1.827e+00
-1.827e+00
-1.827e+00
-1.826e+00
-1.826e+00
-1.827e+00
-1.826e+00
-1.826e+00
-1.826e+00
-1.826e+00
-1.826e+00
-1.825e+00
-1.825e+00
-1.825e+00
-1.825e+00
-1.825e+00
-1.825e+00
-1.824e+00
-1.824e+00
-1.825e+00
-1.825e+00
-1.826e+00
-1.826e+00
-1.827e+00
-1.826e+00
-1.826e+00
-1.826e+00
-1.826e+00
-1.825e+00
-1.825e+00
-1.825e+00
-1.825e+00
-1.825e+00
-1.825e+00
-1.824e+00
-1.824e+00
-1.824e+00
-1.824e+00
-1.825e+00
-1.824e+00
-1.824e+00
-1.824e+00
-1.826e+00
-1.826e+00
-1.826e+00
-1.825e+00
-1.825e+00
-1.825e+00
-1.825e+00
-1.825e+00
-1.824e+00
-1.824e+00
-1.824e+00
-1.824e+00
-1.825e+00
-1.825e+00
-1.825e+00
-1.824e+00
-1.824e+00
-1.824e+00
-1.824e+00
-1.823e+00
-1.823e+00
-1.825e+00
-1.825e+00
-1.825e+00
-1.824e+00
-1.824e+00
-1.824e+00
-1.825e+00
-1.825e+00
-1.825e+00
-1.824e+00
-1.824e+00
-1.824e+00
-1.824e+00
-1.824e+00
-1.824e+00
-1.824e+00
-1.823e+00
-1.823e+00
-1.823e+00
-1.823e+00
-1.823e+00
-1.825e+00
-1.825e+00
-1.824e+00
-1.824e+00
-1.825e+00
-1.825e+00
-1.824e+00
-1.824e+00
-1.824e+00
-1.824e+00
-1.824e+00
-1.824e+00
-1.824e+00
-1.823e+00
-1.823e+00
-1.823e+00
-1.823e+00
-1.823e+00
-1.823e+00
-1.822e+00
-1.822e+00
-1.816e+00
-1.816e+00
-1.816e+00
-1.815e+00
-1.815e+00
-1.814e+00
-1.814e+00
-1.814e+00
-1.813e+00
-1.813e+00
-1.813e+00
-1.812e+00
-1.812e+00
-1.811e+00
-1.811e+00
-1.811e+00
-1.810e+00
-1.810e+00
-1.809e+00
-1.809e+00
-1.809e+00
-1.816e+00
-1.816e+00
-1.815e+00
-1.815e+00
-1.814e+00
-1.814e+00
-1.813e+00
-1.813e+00
-1.813e+00
-1.812e+00
-1.812e+00
-1.812e+00
-1.811e+00
-1.811e+00
-1.811e+00
-1.810e+00
-1.810e+00
-1.809e+00
-1.809e+00
-1.809e+00
-1.809e+00
-1.814e+00
-1.814e+00
-1.814e+00
-1.814e+00
-1.813e+00
-1.813e+00
-1.812e+00
-1.812e+00
-1.812e+00
-1.811e+00
-1.811e+00
-1.811e+00
-1.810e+00
-1.810e+00
-1.810e+00
-1.809e+00
-1.809e+00
-1.808e+00
-1.808e+00
-1.807e+00
-1.807e+00
-1.813e+00
-1.813e+00
-1.813e+00
-1.813e+00
-1.812e+00
-1.812e+00
-1.811e+00
-1.811e+00
-1.811e+00
-1.810e+00
-1.810e+00
-1.810e+00
-1.809e+00
-1.809e+00
-1.808e+00
-1.808e+00
-1.808e+00
-1.807e+00
-1.807e+00
-1.806e+00
-1.806e+00
-1.812e+00
-1.812e+00
-1.812e+00
-1.812e+00
-1.811e+00
-1.811e+00
-1.810e+00
-1.810e+00
-1.810e+00
-1.809e+00
-1.809e+00
-1.809e+00
-1.808e+00
-1.808e+00
-1.807e+00
-1.807e+00
-1.807e+00
-1.806e+00
-1.806e+00
-1.805e+00
-1.805e+00
-1.811e+00
-1.811e+00
-1.811e+00
-1.811e+00
-1.810e+00
-1.810e+00
-1.809e+00
-1.809e+00
-1.809e+00
-1.808e+00
-1.808e+00
-1.808e+00
-1.807e+00
-1.807e+00
-1.807e+00
-1.806e+00
-1.806e+00
-1.805e+00
-1.805e+00
-1.805e+00
-1.804e+00
-1.811e+00
-1.810e+00
-1.810e+00
-1.810e+00
-1.809e+00
-1.809e+00
-1.808e+00
-1.808e+00
-1.808e+00
-1.807e+00
-1.807e+00
-1.807e+00
-1.806e+00
-1.806e+00
-1.806e+00
-1.805e+00
-1.805e+00
-1.805e+00
-1.804e+00
-1.804e+00
-1.804e+00
-1.810e+00
-1.810e+00
-1.809e+00
-1.809e+00
-1.808e+00
-1.808e+00
-1.808e+00
-1.807e+00
-1.807e+00
-1.807e+00
-1.806e+00
-1.806e+00
-1.806e+00
-1.805e+00
-1.805e+00
-1.804e+00
-1.804e+00
-1.804e+00
-1.803e+00
-1.803e+00
-1.803e+00
-1.809e+00
-1.809e+00
-1.808e+00
-1.808e+00
-1.807e+00
-1.807e+00
-1.807e+00
-1.806e+00
-1.806e+00
-1.806e+00
-1.805e+00
-1.805e+00
-1.805e+00
-1.804e+00
-1.804e+00
-1.804e+00
-1.803e+00
-1.803e+00
-1.802e+00
-1.802e+00
-1.802e+00
-1.808e+00
-1.808e+00
-1.807e+00
-1.807e+00
-1.807e+00
-1.806e+00
-1.806e+00
-1.805e+00
-1.805e+00
-1.805e+00
-1.805e+00
-1.804e+00
-1.804e+00
-1.804e+00
-1.803e+00
-1.803e+00
-1.803e+00
-1.802e+00
-1.802e+00
-1.801e+00
-1.801e+00
-1.807e+00
-1.807e+00
-1.807e+00
-1.806e+00
-1.806e+00
-1.805e+00
-1.805e+00
-1.805e+00
-1.804e+00
-1.804e+00
-1.804e+00
-1.803e+00
-1.803e+00
-1.803e+00
-1.802e+00
-1.802e+00
-1.802e+00
-1.801e+00
-1.801e+00
-1.801e+00
-1.801e+00
-1.806e+00
-1.806e+00
-1.806e+00
-1.805e+00
-1.805e+00
-1.805e+00
-1.804e+00
-1.804e+00
-1.804e+00
-1.803e+00
-1.803e+00
-1.803e+00
-1.802e+00
-1.802e+00
-1.802e+00
-1.801e+00
-1.801e+00
-1.801e+00
-1.800e+00
-1.800e+00
-1.800e+00
-1.805e+00
-1.805e+00
-1.805e+00
-1.804e+00
-1.804e+00
-1.804e+00
-1.803e+00
-1.803e+00
-1.803e+00
-1.802e+00
-1.802e+00
-1.802e+00
-1.802e+00
-1.801e+00
-1.801e+00
-1.801e+00
-1.800e+00
-1.800e+00
-1.800e+00
-1.799e+00
-1.799e+00
-1.804e+00
-1.804e+00
-1.804e+00
-1.804e+00
-1.803e+00
-1.803e+00
-1.803e+00
-1.802e+00
-1.802e+00
-1.802e+00
-1.801e+00
-1.801e+00
-1.801e+00
-1.801e+00
-1.800e+00
-1.800e+00
-1.800e+00
-1.799e+00
-1.799e+00
-1.799e+00
-1.799e+00
-1.804e+00
-1.804e+00
-1.803e+00
-1.803e+00
-1.802e+00
-1.802e+00
-1.802e+00
-1.801e+00
-1.801e+00
-1.801e+00
-1.801e+00
-1.800e+00
-1.800e+00
-1.800e+00
-1.800e+00
-1.799e+00
-1.799e+00
-1.799e+00
-1.798e+00
-1.798e+00
-1.798e+00
-1.803e+00
-1.803e+00
-1.802e+00
-1.802e+00
-1.802e+00
-1.801e+00
-1.801e+00
-1.801e+00
-1.800e+00
-1.800e+00
-1.800e+00
-1.800e+00
-1.799e+00
-1.799e+00
-1.799e+00
-1.799e+00
-1.799e+00
-1.798e+00
-1.798e+00
-1.798e+00
-1.798e+00
-1.802e+00
-1.802e+00
-1.801e+00
-1.801e+00
-1.801e+00
-1.800e+00
-1.800e+00
-1.800e+00
-1.800e+00
-1.799e+00
-1.799e+00
-1.799e+00
-1.799e+00
-1.799e+00
-1.798e+00
-1.798e+00
-1.798e+00
-1.798e+00
-1.797e+00
-1.798e+00
-1.798e+00
-1.801e+00
-1.801e+00
-1.800e+00
-1.800e+00
-1.800e+00
-1.799e+00
-1.799e+00
-1.799e+00
-1.799e+00
-1.799e+00
-1.798e+00
-1.798e+00
-1.798e+00
-1.798e+00
-1.798e+00
-1.797e+00
-1.797e+00
-1.798e+00
-1.798e+00
-1.797e+00
-1.797e+00
-1.800e+00
-1.800e+00
-1.799e+00
-1.799e+00
-1.799e+00
-1.798e+00
-1.798e+00
-1.798e+00
-1.798e+00
-1.798e+00
-1.797e+00
-1.797e+00
-1.797e+00
-1.798e+00
-1.798e+00
-1.798e+00
-1.797e+00
-1.797e+00
-1.797e+00
-1.796e+00
-1.796e+00
-1.799e+00
-1.799e+00
-1.798e+00
-1.798e+00
-1.798e+00
-1.797e+00
-1.797e+00
-1.798e+00
-1.798e+00
-1.798e+00
-1.797e+00
-1.797e+00
-1.797e+00
-1.797e+00
-1.797e+00
-1.797e+00
-1.796e+00
-1.796e+00
-1.796e+00
-1.795e+00
-1.795e+00
-1.798e+00
-1.798e+00
-1.798e+00
-1.798e+00
-1.797e+00
-1.798e+00
-1.798e+00
-1.798e+00
-1.797e+00
-1.797e+00
-1.797e+00
-1.797e+00
-1.797e+00
-1.797e+00
-1.796e+00
-1.796e+00
-1.796e+00
-1.796e+00
-1.795e+00
-1.795e+00
-1.795e+00
-1.790e+00
-1.790e+00
-1.790e+00
-1.790e+00
-1.790e+00
-1.789e+00
-1.789e+00
-1.788e+00
-1.788e+00
-1.789e+00
-1.788e+00
-1.788e+00
-1.788e+00
-1.787e+00
-1.787e+00
-1.786e+00
-1.786e+00
-1.786e+00
-1.785e+00
-1.785e+00
-1.785e+00
-1.790e+00
-1.790e+00
-1.790e+00
-1.790e+00
-1.789e+00
-1.789e+00
-1.788e+00
-1.788e+00
-1.789e+00
-1.788e+00
-1.788e+00
-1.787e+00
-1.787e+00
-1.787e+00
-1.786e+00
-1.786e+00
-1.786e+00
-1.785e+00
-1.785e+00
-1.784e+00
-1.784e+00
-1.789e+00
-1.789e+00
-1.789e+00
-1.788e+00
-1.788e+00
-1.789e+00
-1.788e+00
-1.788e+00
-1.787e+00
-1.787e+00
-1.787e+00
-1.786e+00
-1.786e+00
-1.786e+00
-1.785e+00
-1.785e+00
-1.785e+00
-1.784e+00
-1.784e+00
-1.783e+00
-1.783e+00
-1.788e+00
-1.788e+00
-1.789e+00
-1.788e+00
-1.788e+00
-1.788e+00
-1.787e+00
-1.787e+00
-1.786e+00
-1.786e+00
-1.786e+00
-1.785e+00
-1.785e+00
-1.785e+00
-1.784e+00
-1.784e+00
-1.783e+00
-1.783e+00
-1.783e+00
-1.782e+00
-1.782e+00
-1.788e+00
-1.788e+00
-1.788e+00
-1.787e+00
-1.787e+00
-1.787e+00
-1.786e+00
-1.786e+00
-1.785e+00
-1.785e+00
-1.785e+00
-1.784e+00
-1.784e+00
-1.784e+00
-1.783e+00
-1.783e+00
-1.782e+00
-1.782e+00
-1.782e+00
-1.781e+00
-1.781e+00
-1.787e+00
-1.787e+00
-1.787e+00
-1.786e+00
-1.786e+00
-1.786e+00
-1.785e+00
-1.785e+00
-1.784e+00
-1.784e+00
-1.784e+00
-1.783e+00
-1.783e+00
-1.783e+00
-1.782e+00
-1.782e+00
-1.782e+00
-1.781e+00
-1.781e+00
-1.780e+00
-1.780e+00
-1.786e+00
-1.786e+00
-1.786e+00
-1.785e+00
-1.785e+00
-1.785e+00
-1.784e+00
-1.784e+00
-1.784e+00
-1.783e+00
-1.783e+00
-1.782e+00
-1.782e+00
-1.782e+00
-1.781e+00
-1.781e+00
-1.781e+00
-1.780e+00
-1.780e+00
-1.779e+00
-1.779e+00
-1.785e+00
-1.785e+00
-1.785e+00
-1.785e+00
-1.784e+00
-1.784e+00
-1.783e+00
-1.783e+00
-1.783e+00
-1.782e+00
-1.782e+00
-1.782e+00
-1.781e+00
-1.781e+00
-1.781e+00
-1.780e+00
-1.780e+00
-1.779e+00
-1.779e+00
-1.779e+00
-1.779e+00
-1.784e+00
-1.784e+00
-1.784e+00
-1.784e+00
-1.783e+00
-1.783e+00
-1.782e+00
-1.782e+00
-1.782e+00
-1.781e+00
-1.781e+00
-1.781e+00
-1.780e+00
-1.780e+00
-1.780e+00
-1.779e+00
-1.779e+00
-1.779e+00
-1.778e+00
-1.778e+00
-1.778e+00
-1.784e+00
-1.784e+00
-1.783e+00
-1.783e+00
-1.782e+00
-1.782e+00
-1.782e+00
-1.781e+00
-1.781e+00
-1.781e+00
-1.780e+00
-1.780e+00
-1.780e+00
-1.779e+00
-1.779e+00
-1.779e+00
-1.778e+00
-1.778e+00
-1.777e+00
-1.778e+00
-1.778e+00
-1.783e+00
-1.783e+00
-1.782e+00
-1.782e+00
-1.781e+00
-1.781e+00
-1.781e+00
-1.780e+00
-1.780e+00
-1.780e+00
-1.779e+00
-1.779e+00
-1.779e+00
-1.779e+00
-1.778e+00
-1.778e+00
-1.778e+00
-1.778e+00
-1.778e+00
-1.777e+00
-1.777e+00
-1.782e+00
-1.782e+00
-1.781e+00
-1.781e+00
-1.781e+00
-1.780e+00
-1.780e+00
-1.780e+00
-1.779e+00
-1.779e+00
-1.779e+00
-1.778e+00
-1.778e+00
-1.778e+00
-1.777e+00
-1.778e+00
-1.778e+00
-1.777e+00
-1.777e+00
-1.777e+00
-1.777e+00
-1.781e+00
-1.781e+00
-1.781e+00
-1.780e+00
-1.780e+00
-1.779e+00
-1.779e+00
-1.779e+00
-1.778e+00
-1.778e+00
-1.778e+00
-1.778e+00
-1.777e+00
-1.778e+00
-1.778e+00
-1.777e+00
-1.777e+00
-1.777e+00
-1.776e+00
-1.776e+00
-1.776e+00
-1.780e+00
-1.780e+00
-1.780e+00
-1.779e+00
-1.779e+00
-1.779e+00
-1.778e+00
-1.778e+00
-1.778e+00
-1.777e+00
-1.778e+00
-1.778e+00
-1.778e+00
-1.777e+00
-1.777e+00
-1.777e+00
-1.776e+00
-1.776e+00
-1.776e+00
-1.775e+00
-1.775e+00
-1.779e+00
-1.779e+00
-1.779e+00
-1.778e+00
-1.778e+00
-1.778e+00
-1.777e+00
-1.778e+00
-1.778e+00
-1.778e+00
-1.777e+00
-1.777e+00
-1.777e+00
-1.777e+00
-1.776e+00
-1.776e+00
-1.776e+00
-1.775e+00
-1.775e+00
-1.775e+00
-1.775e+00
-1.778e+00
-1.778e+00
-1.778e+00
-1.778e+00
-1.778e+00
-1.778e+00
-1.778e+00
-1.777e+00
-1.777e+00
-1.777e+00
-1.777e+00
-1.776e+00
-1.776e+00
-1.776e+00
-1.776e+00
-1.775e+00
-1.775e+00
-1.775e+00
-1.774e+00
-1.774e+00
-1.774e+00
-1.777e+00
-1.777e+00
-1.778e+00
-1.778e+00
-1.777e+00
-1.777e+00
-1.777e+00
-1.776e+00
-1.776e+00
-1.776e+00
-1.776e+00
-1.776e+00
-1.775e+00
-1.775e+00
-1.775e+00
-1.775e+00
-1.774e+00
-1.774e+00
-1.774e+00
-1.773e+00
-1.773e+00
-1.777e+00
-1.777e+00
-1.777e+00
-1.777e+00
-1.776e+00
-1.776e+00
-1.776e+00
-1.776e+00
-1.775e+00
-1.775e+00
-1.775e+00
-1.775e+00
-1.775e+00
-1.774e+00
-1.774e+00
-1.774e+00
-1.774e+00
-1.773e+00
-1.773e+00
-1.773e+00
-1.773e+00
-1.776e+00
-1.776e+00
-1.776e+00
-1.776e+00
-1.775e+00
-1.775e+00
-1.775e+00
-1.775e+00
-1.774e+00
-1.774e+00
-1.774e+00
-1.774e+00
-1.774e+00
-1.773e+00
-1.773e+00
-1.773e+00
-1.773e+00
-1.772e+00
-1.772e+00
-1.772e+00
-1.772e+00
-1.775e+00
-1.775e+00
-1.775e+00
-1.775e+00
-1.774e+00
-1.774e+00
-1.774e+00
-1.774e+00
-1.773e+00
-1.773e+00
-1.773e+00
-1.773e+00
-1.773e+00
-1.772e+00
-1.772e+00
-1.772e+00
-1.772e+00
-1.771e+00
-1.771e+00
-1.771e+00
-1.771e+00
-1.775e+00
-1.775e+00
-1.775e+00
-1.774e+00
-1.774e+00
-1.774e+00
-1.773e+00
-1.773e+00
-1.773e+00
-1.773e+00
-1.773e+00
-1.772e+00
-1.772e+00
-1.772e+00
-1.772e+00
-1.772e+00
-1.771e+00
-1.771e+00
-1.771e+00
-1.770e+00
-1.770e+00
-1.762e+00
-1.762e+00
-1.761e+00
-1.761e+00
-1.760e+00
-1.760e+00
-1.760e+00
-1.759e+00
-1.759e+00
-1.758e+00
-1.758e+00
-1.758e+00
-1.757e+00
-1.757e+00
-1.758e+00
-1.757e+00
-1.757e+00
-1.756e+00
-1.756e+00
-1.756e+00
-1.755e+00
-1.761e+00
-1.761e+00
-1.761e+00
-1.760e+00
-1.760e+00
-1.759e+00
-1.759e+00
-1.759e+00
-1.758e+00
-1.758e+00
-1.758e+00
-1.757e+00
-1.757e+00
-1.756e+00
-1.756e+00
-1.756e+00
-1.756e+00
-1.756e+00
-1.755e+00
-1.755e+00
-1.754e+00
-1.760e+00
-1.760e+00
-1.760e+00
-1.759e+00
-1.759e+00
-1.758e+00
-1.758e+00
-1.757e+00
-1.757e+00
-1.757e+00
-1.756e+00
-1.756e+00
-1.756e+00
-1.755e+00
-1.756e+00
-1.756e+00
-1.755e+00
-1.755e+00
-1.754e+00
-1.754e+00
-1.753e+00
-1.759e+00
-1.759e+00
-1.758e+00
-1.758e+00
-1.758e+00
-1.757e+00
-1.757e+00
-1.756e+00
-1.756e+00
-1.756e+00
-1.755e+00
-1.756e+00
-1.756e+00
-1.755e+00
-1.755e+00
-1.755e+00
-1.754e+00
-1.754e+00
-1.753e+00
-1.753e+00
-1.753e+00
-1.758e+00
-1.758e+00
-1.757e+00
-1.757e+00
-1.757e+00
-1.756e+00
-1.756e+00
-1.755e+00
-1.756e+00
-1.756e+00
-1.755e+00
-1.755e+00
-1.755e+00
-1.754e+00
-1.754e+00
-1.754e+00
-1.753e+00
-1.753e+00
-1.752e+00
-1.752e+00
-1.752e+00
-1.757e+00
-1.757e+00
-1.756e+00
-1.756e+00
-1.756e+00
-1.756e+00
-1.756e+00
-1.755e+00
-1.755e+00
-1.755e+00
-1.754e+00
-1.754e+00
-1.754e+00
-1.753e+00
-1.753e+00
-1.753e+00
-1.752e+00
-1.752e+00
-1.752e+00
-1.752e+00
-1.751e+00
-1.757e+00
-1.756e+00
-1.756e+00
-1.756e+00
-1.756e+00
-1.755e+00
-1.755e+00
-1.755e+00
-1.754e+00
-1.754e+00
-1.753e+00
-1.753e+00
-1.753e+00
-1.752e+00
-1.752e+00
-1.753e+00
-1.752e+00
-1.752e+00
-1.751e+00
-1.751e+00
-1.750e+00
-1.756e+00
-1.756e+00
-1.756e+00
-1.755e+00
-1.755e+00
-1.754e+00
-1.754e+00
-1.754e+00
-1.753e+00
-1.753e+00
-1.753e+00
-1.752e+00
-1.752e+00
-1.753e+00
-1.752e+00
-1.752e+00
-1.751e+00
-1.751e+00
-1.751e+00
-1.750e+00
-1.749e+00
-1.755e+00
-1.755e+00
-1.755e+00
-1.754e+00
-1.754e+00
-1.753e+00
-1.753e+00
-1.753e+00
-1.752e+00
-1.752e+00
-1.752e+00
-1.752e+00
-1.752e+00
-1.752e+00
-1.751e+00
-1.751e+00
-1.751e+00
-1.750e+00
-1.750e+00
-1.749e+00
-1.749e+00
-1.754e+00
-1.754e+00
-1.754e+00
-1.753e+00
-1.753e+00
-1.753e+00
-1.752e+00
-1.752e+00
-1.753e+00
-1.752e+00
-1.752e+00
-1.752e+00
-1.751e+00
-1.751e+00
-1.751e+00
-1.750e+00
-1.750e+00
-1.749e+00
-1.749e+00
-1.749e+00
-1.749e+00
-1.753e+00
-1.753e+00
-1.753e+00
-1.753e+00
-1.752e+00
-1.752e+00
-1.752e+00
-1.752e+00
-1.752e+00
-1.751e+00
-1.751e+00
-1.751e+00
-1.750e+00
-1.750e+00
-1.750e+00
-1.749e+00
-1.749e+00
-1.749e+00
-1.749e+00
-1.749e+00
-1.748e+00
-1.754e+00
-1.753e+00
-1.752e+00
-1.753e+00
-1.752e+00
-1.752e+00
-1.752e+00
-1.751e+00
-1.751e+00
-1.751e+00
-1.750e+00
-1.750e+00
-1.750e+00
-1.749e+00
-1.749e+00
-1.749e+00
-1.749e+00
-1.749e+00
-1.749e+00
-1.748e+00
-1.747e+00
-1.753e+00
-1.753e+00
-1.752e+00
-1.752e+00
-1.751e+00
-1.751e+00
-1.751e+00
-1.750e+00
-1.750e+00
-1.750e+00
-1.750e+00
-1.749e+00
-1.749e+00
-1.749e+00
-1.749e+00
-1.749e+00
-1.749e+00
-1.748e+00
-1.748e+00
-1.748e+00
-1.746e+00
-1.752e+00
-1.752e+00
-1.751e+00
-1.751e+00
-1.751e+00
-1.750e+00
-1.750e+00
-1.750e+00
-1.749e+00
-1.749e+00
-1.749e+00
-1.749e+00
-1.749e+00
-1.749e+00
-1.749e+00
-1.748e+00
-1.748e+00
-1.748e+00
-1.747e+00
-1.747e+00
-1.747e+00
-1.751e+00
-1.751e+00
-1.750e+00
-1.750e+00
-1.750e+00
-1.749e+00
-1.749e+00
-1.749e+00
-1.749e+00
-1.749e+00
-1.749e+00
-1.749e+00
-1.748e+00
-1.748e+00
-1.748e+00
-1.748e+00
-1.747e+00
-1.747e+00
-1.747e+00
-1.747e+00
-1.746e+00
-1.750e+00
-1.750e+00
-1.750e+00
-1.749e+00
-1.749e+00
-1.749e+00
-1.749e+00
-1.749e+00
-1.749e+00
-1.748e+00
-1.748e+00
-1.748e+00
-1.748e+00
-1.747e+00
-1.747e+00
-1.747e+00
-1.747e+00
-1.747e+00
-1.747e+00
-1.747e+00
-1.745e+00
-1.750e+00
-1.749e+00
-1.749e+00
-1.749e+00
-1.749e+00
-1.749e+00
-1.748e+00
-1.748e+00
-1.748e+00
-1.748e+00
-1.747e+00
-1.747e+00
-1.747e+00
-1.747e+00
-1.747e+00
-1.747e+00
-1.747e+00
-1.747e+00
-1.746e+00
-1.746e+00
-1.745e+00
-1.749e+00
-1.749e+00
-1.749e+00
-1.748e+00
-1.748e+00
-1.748e+00
-1.747e+00
-1.747e+00
-1.747e+00
-1.747e+00
-1.747e+00
-1.747e+00
-1.747e+00
-1.747e+00
-1.747e+00
-1.746e+00
-1.746e+00
-1.746e+00
-1.745e+00
-1.745e+00
-1.745e+00
-1.748e+00
-1.748e+00
-1.748e+00
-1.747e+00
-1.747e+00
-1.747e+00
-1.747e+00
-1.747e+00
-1.747e+00
-1.747e+00
-1.747e+00
-1.746e+00
-1.746e+00
-1.746e+00
-1.746e+00
-1.745e+00
-1.745e+00
-1.745e+00
-1.745e+00
-1.744e+00
-1.744e+00
-1.748e+00
-1.747e+00
-1.748e+00
-1.747e+00
-1.747e+00
-1.747e+00
-1.746e+00
-1.746e+00
-1.746e+00
-1.746e+00
-1.745e+00
-1.745e+00
-1.745e+00
-1.745e+00
-1.745e+00
-1.744e+00
-1.744e+00
-1.744e+00
-1.744e+00
-1.743e+00
-1.743e+00
-1.748e+00
-1.746e+00
-1.746e+00
-1.746e+00
-1.745e+00
-1.745e+00
-1.745e+00
-1.745e+00
-1.744e+00
-1.745e+00
-1.745e+00
-1.745e+00
-1.745e+00
-1.744e+00
-1.744e+00
-1.744e+00
-1.744e+00
-1.743e+00
-1.743e+00
-1.743e+00
-1.741e+00
