1	0	INDP	IPOND
-5.002e-01
-4.927e-01
-4.925e-01
-4.925e-01
-4.925e-01
-4.925e-01
-4.925e-01
-4.925e-01
-4.925e-01
-4.925e-01
-4.925e-01
-4.925e-01
-4.925e-01
-4.925e-01
-4.925e-01
-4.925e-01
-4.925e-01
-4.925e-01
-4.932e-01
-4.898e-01
-4.767e-01
-4.935e-01
-4.800e-01
-4.793e-01
-4.792e-01
-4.792e-01
-4.792e-01
-4.792e-01
-4.792e-01
-4.792e-01
-4.792e-01
-4.792e-01
-4.792e-01
-4.792e-01
-4.792e-01
-4.792e-01
-4.793e-01
-4.792e-01
-4.792e-01
-4.797e-01
-4.777e-01
-4.643e-01
-4.935e-01
-4.795e-01
-4.784e-01
-4.784e-01
-4.784e-01
-4.784e-01
-4.784e-01
-4.784e-01
-4.784e-01
-4.784e-01
-4.784e-01
-4.784e-01
-4.784e-01
-4.784e-01
-4.784e-01
-4.784e-01
-4.784e-01
-4.785e-01
-4.788e-01
-4.769e-01
-4.623e-01
-4.935e-01
-4.795e-01
-4.784e-01
-4.784e-01
-4.784e-01
-4.784e-01
-4.784e-01
-4.784e-01
-4.784e-01
-4.784e-01
-4.784e-01
-4.784e-01
-4.784e-01
-4.784e-01
-4.784e-01
-4.784e-01
-4.784e-01
-4.783e-01
-4.788e-01
-4.769e-01
-4.621e-01
-4.935e-01
-4.795e-01
-4.784e-01
-4.784e-01
-4.784e-01
-4.784e-01
-4.784e-01
-4.784e-01
-4.784e-01
-4.784e-01
-4.784e-01
-4.784e-01
-4.784e-01
-4.784e-01
-4.784e-01
-4.784e-01
-4.784e-01
-4.784e-01
-4.788e-01
-4.769e-01
-4.621e-01
-4.935e-01
-4.795e-01
-4.784e-01
-4.784e-01
-4.784e-01
-4.784e-01
-4.784e-01
-4.784e-01
-4.784e-01
-4.784e-01
-4.784e-01
-4.784e-01
-4.784e-01
-4.784e-01
-4.784e-01
-4.784e-01
-4.784e-01
-4.784e-01
-4.788e-01
-4.769e-01
-4.621e-01
-4.935e-01
-4.795e-01
-4.784e-01
-4.784e-01
-4.784e-01
-4.784e-01
-4.784e-01
-4.784e-01
-4.784e-01
-4.784e-01
-4.784e-01
-4.784e-01
-4.784e-01
-4.784e-01
-4.784e-01
-4.784e-01
-4.784e-01
-4.784e-01
-4.788e-01
-4.769e-01
-4.621e-01
-4.935e-01
-4.795e-01
-4.784e-01
-4.784e-01
-4.784e-01
-4.784e-01
-4.784e-01
-4.784e-01
-4.784e-01
-4.784e-01
-4.784e-01
-4.784e-01
-4.784e-01
-4.784e-01
-4.784e-01
-4.784e-01
-4.784e-01
-4.784e-01
-4.788e-01
-4.769e-01
-4.621e-01
-4.935e-01
-4.795e-01
-4.784e-01
-4.784e-01
-4.784e-01
-4.784e-01
-4.784e-01
-4.784e-01
-4.784e-01
-4.784e-01
-4.784e-01
-4.784e-01
-4.784e-01
-4.784e-01
-4.784e-01
-4.784e-01
-4.784e-01
-4.784e-01
-4.788e-01
-4.769e-01
-4.621e-01
-4.935e-01
-4.795e-01
-4.784e-01
-4.784e-01
-4.784e-01
-4.784e-01
-4.784e-01
-4.784e-01
-4.784e-01
-4.784e-01
-4.784e-01
-4.784e-01
-4.784e-01
-4.784e-01
-4.784e-01
-4.784e-01
-4.784e-01
-4.784e-01
-4.788e-01
-4.769e-01
-4.621e-01
-4.935e-01
-4.795e-01
-4.784e-01
-4.784e-01
-4.784e-01
-4.784e-01
-4.784e-01
-4.784e-01
-4.784e-01
-4.784e-01
-4.784e-01
-4.784e-01
-4.784e-01
-4.784e-01
-4.784e-01
-4.784e-01
-4.784e-01
-4.784e-01
-4.788e-01
-4.769e-01
-4.621e-01
-4.935e-01
-4.795e-01
-4.784e-01
-4.784e-01
-4.784e-01
-4.784e-01
-4.784e-01
-4.784e-01
-4.784e-01
-4.784e-01
-4.784e-01
-4.784e-01
-4.784e-01
-4.784e-01
-4.784e-01
-4.784e-01
-4.784e-01
-4.784e-01
-4.788e-01
-4.769e-01
-4.621e-01
-4.935e-01
-4.795e-01
-4.784e-01
-4.784e-01
-4.784e-01
-4.784e-01
-4.784e-01
-4.784e-01
-4.784e-01
-4.784e-01
-4.784e-01
-4.784e-01
-4.784e-01
-4.784e-01
-4.784e-01
-4.784e-01
-4.784e-01
-4.784e-01
-4.788e-01
-4.769e-01
-4.621e-01
-4.935e-01
-4.795e-01
-4.784e-01
-4.784e-01
-4.784e-01
-4.784e-01
-4.784e-01
-4.784e-01
-4.784e-01
-4.784e-01
-4.784e-01
-4.784e-01
-4.784e-01
-4.784e-01
-4.784e-01
-4.784e-01
-4.784e-01
-4.784e-01
-4.788e-01
-4.769e-01
-4.621e-01
-4.935e-01
-4.795e-01
-4.784e-01
-4.784e-01
-4.784e-01
-4.784e-01
-4.784e-01
-4.784e-01
-4.784e-01
-4.784e-01
-4.784e-01
-4.784e-01
-4.784e-01
-4.784e-01
-4.784e-01
-4.784e-01
-4.784e-01
-4.784e-01
-4.788e-01
-4.769e-01
-4.621e-01
-4.935e-01
-4.795e-01
-4.784e-01
-4.784e-01
-4.784e-01
-4.784e-01
-4.784e-01
-4.784e-01
-4.784e-01
-4.784e-01
-4.784e-01
-4.784e-01
-4.784e-01
-4.784e-01
-4.784e-01
-4.784e-01
-4.784e-01
-4.784e-01
-4.788e-01
-4.769e-01
-4.621e-01
-4.934e-01
-4.795e-01
-4.784e-01
-4.784e-01
-4.784e-01
-4.784e-01
-4.784e-01
-4.784e-01
-4.784e-01
-4.784e-01
-4.784e-01
-4.784e-01
-4.784e-01
-4.784e-01
-4.784e-01
-4.784e-01
-4.784e-01
-4.783e-01
-4.787e-01
-4.769e-01
-4.621e-01
-4.934e-01
-4.795e-01
-4.784e-01
-4.783e-01
-4.784e-01
-4.784e-01
-4.784e-01
-4.784e-01
-4.784e-01
-4.784e-01
-4.784e-01
-4.784e-01
-4.784e-01
-4.784e-01
-4.784e-01
-4.784e-01
-4.783e-01
-4.784e-01
-4.788e-01
-4.769e-01
-4.621e-01
-4.940e-01
-4.798e-01
-4.788e-01
-4.787e-01
-4.788e-01
-4.788e-01
-4.788e-01
-4.788e-01
-4.788e-01
-4.788e-01
-4.788e-01
-4.788e-01
-4.788e-01
-4.788e-01
-4.788e-01
-4.788e-01
-4.788e-01
-4.787e-01
-4.791e-01
-4.770e-01
-4.623e-01
-4.909e-01
-4.779e-01
-4.768e-01
-4.769e-01
-4.768e-01
-4.768e-01
-4.768e-01
-4.768e-01
-4.768e-01
-4.768e-01
-4.768e-01
-4.768e-01
-4.768e-01
-4.768e-01
-4.768e-01
-4.768e-01
-4.768e-01
-4.768e-01
-4.771e-01
-4.756e-01
-4.618e-01
-4.775e-01
-4.652e-01
-4.627e-01
-4.627e-01
-4.627e-01
-4.627e-01
-4.627e-01
-4.627e-01
-4.627e-01
-4.627e-01
-4.627e-01
-4.627e-01
-4.627e-01
-4.627e-01
-4.627e-01
-4.627e-01
-4.627e-01
-4.627e-01
-4.628e-01
-4.623e-01
-4.547e-01
-4.940e-01
-4.870e-01
-4.868e-01
-4.868e-01
-4.868e-01
-4.868e-01
-4.868e-01
-4.868e-01
-4.868e-01
-4.868e-01
-4.868e-01
-4.868e-01
-4.868e-01
-4.868e-01
-4.868e-01
-4.868e-01
-4.868e-01
-4.868e-01
-4.875e-01
-4.841e-01
-4.717e-01
-4.878e-01
-4.750e-01
-4.744e-01
-4.743e-01
-4.743e-01
-4.743e-01
-4.743e-01
-4.743e-01
-4.743e-01
-4.743e-01
-4.743e-01
-4.743e-01
-4.743e-01
-4.743e-01
-4.743e-01
-4.744e-01
-4.743e-01
-4.743e-01
-4.747e-01
-4.728e-01
-4.600e-01
-4.878e-01
-4.746e-01
-4.735e-01
-4.735e-01
-4.735e-01
-4.735e-01
-4.735e-01
-4.735e-01
-4.735e-01
-4.735e-01
-4.735e-01
-4.735e-01
-4.735e-01
-4.735e-01
-4.735e-01
-4.735e-01
-4.735e-01
-4.735e-01
-4.739e-01
-4.720e-01
-4.580e-01
-4.878e-01
-4.746e-01
-4.735e-01
-4.734e-01
-4.734e-01
-4.734e-01
-4.734e-01
-4.734e-01
-4.734e-01
-4.734e-01
-4.734e-01
-4.734e-01
-4.734e-01
-4.734e-01
-4.734e-01
-4.734e-01
-4.734e-01
-4.734e-01
-4.738e-01
-4.719e-01
-4.578e-01
-4.878e-01
-4.746e-01
-4.735e-01
-4.734e-01
-4.734e-01
-4.734e-01
-4.734e-01
-4.734e-01
-4.734e-01
-4.734e-01
-4.734e-01
-4.734e-01
-4.734e-01
-4.734e-01
-4.734e-01
-4.734e-01
-4.734e-01
-4.734e-01
-4.738e-01
-4.719e-01
-4.578e-01
-4.878e-01
-4.746e-01
-4.735e-01
-4.734e-01
-4.734e-01
-4.735e-01
-4.735e-01
-4.735e-01
-4.735e-01
-4.735e-01
-4.735e-01
-4.735e-01
-4.735e-01
-4.734e-01
-4.734e-01
-4.734e-01
-4.734e-01
-4.734e-01
-4.738e-01
-4.719e-01
-4.578e-01
-4.878e-01
-4.746e-01
-4.735e-01
-4.734e-01
-4.734e-01
-4.735e-01
-4.735e-01
-4.735e-01
-4.735e-01
-4.735e-01
-4.735e-01
-4.735e-01
-4.735e-01
-4.734e-01
-4.734e-01
-4.734e-01
-4.734e-01
-4.734e-01
-4.738e-01
-4.719e-01
-4.578e-01
-4.878e-01
-4.746e-01
-4.735e-01
-4.734e-01
-4.734e-01
-4.735e-01
-4.735e-01
-4.735e-01
-4.735e-01
-4.735e-01
-4.735e-01
-4.735e-01
-4.735e-01
-4.734e-01
-4.734e-01
-4.734e-01
-4.734e-01
-4.734e-01
-4.738e-01
-4.719e-01
-4.578e-01
-4.878e-01
-4.746e-01
-4.735e-01
-4.734e-01
-4.734e-01
-4.735e-01
-4.735e-01
-4.735e-01
-4.735e-01
-4.735e-01
-4.735e-01
-4.735e-01
-4.735e-01
-4.734e-01
-4.734e-01
-4.734e-01
-4.734e-01
-4.734e-01
-4.738e-01
-4.719e-01
-4.578e-01
-4.878e-01
-4.746e-01
-4.735e-01
-4.734e-01
-4.734e-01
-4.735e-01
-4.735e-01
-4.735e-01
-4.735e-01
-4.735e-01
-4.735e-01
-4.735e-01
-4.735e-01
-4.734e-01
-4.734e-01
-4.734e-01
-4.734e-01
-4.734e-01
-4.738e-01
-4.719e-01
-4.578e-01
-4.878e-01
-4.746e-01
-4.735e-01
-4.734e-01
-4.734e-01
-4.735e-01
-4.735e-01
-4.735e-01
-4.735e-01
-4.735e-01
-4.735e-01
-4.735e-01
-4.735e-01
-4.734e-01
-4.734e-01
-4.734e-01
-4.734e-01
-4.734e-01
-4.738e-01
-4.719e-01
-4.578e-01
-4.878e-01
-4.746e-01
-4.735e-01
-4.734e-01
-4.734e-01
-4.735e-01
-4.735e-01
-4.735e-01
-4.735e-01
-4.735e-01
-4.735e-01
-4.735e-01
-4.735e-01
-4.734e-01
-4.734e-01
-4.734e-01
-4.734e-01
-4.734e-01
-4.738e-01
-4.719e-01
-4.578e-01
-4.878e-01
-4.746e-01
-4.735e-01
-4.734e-01
-4.734e-01
-4.735e-01
-4.735e-01
-4.735e-01
-4.735e-01
-4.735e-01
-4.735e-01
-4.735e-01
-4.735e-01
-4.734e-01
-4.734e-01
-4.734e-01
-4.734e-01
-4.734e-01
-4.738e-01
-4.719e-01
-4.578e-01
-4.878e-01
-4.746e-01
-4.735e-01
-4.734e-01
-4.734e-01
-4.734e-01
-4.734e-01
-4.734e-01
-4.734e-01
-4.734e-01
-4.734e-01
-4.734e-01
-4.734e-01
-4.734e-01
-4.734e-01
-4.734e-01
-4.734e-01
-4.734e-01
-4.738e-01
-4.719e-01
-4.578e-01
-4.878e-01
-4.746e-01
-4.735e-01
-4.734e-01
-4.734e-01
-4.734e-01
-4.734e-01
-4.734e-01
-4.734e-01
-4.734e-01
-4.734e-01
-4.734e-01
-4.734e-01
-4.734e-01
-4.734e-01
-4.734e-01
-4.734e-01
-4.734e-01
-4.738e-01
-4.719e-01
-4.578e-01
-4.878e-01
-4.746e-01
-4.735e-01
-4.734e-01
-4.734e-01
-4.734e-01
-4.734e-01
-4.734e-01
-4.734e-01
-4.734e-01
-4.734e-01
-4.734e-01
-4.734e-01
-4.734e-01
-4.734e-01
-4.734e-01
-4.734e-01
-4.734e-01
-4.738e-01
-4.719e-01
-4.578e-01
-4.878e-01
-4.746e-01
-4.735e-01
-4.734e-01
-4.734e-01
-4.734e-01
-4.734e-01
-4.734e-01
-4.734e-01
-4.734e-01
-4.734e-01
-4.734e-01
-4.734e-01
-4.734e-01
-4.734e-01
-4.734e-01
-4.734e-01
-4.734e-01
-4.738e-01
-4.719e-01
-4.578e-01
-4.877e-01
-4.746e-01
-4.735e-01
-4.734e-01
-4.734e-01
-4.734e-01
-4.734e-01
-4.734e-01
-4.734e-01
-4.734e-01
-4.734e-01
-4.734e-01
-4.734e-01
-4.734e-01
-4.734e-01
-4.734e-01
-4.734e-01
-4.735e-01
-4.739e-01
-4.719e-01
-4.578e-01
-4.883e-01
-4.749e-01
-4.739e-01
-4.738e-01
-4.738e-01
-4.738e-01
-4.738e-01
-4.738e-01
-4.738e-01
-4.738e-01
-4.738e-01
-4.738e-01
-4.738e-01
-4.738e-01
-4.738e-01
-4.738e-01
-4.738e-01
-4.738e-01
-4.741e-01
-4.721e-01
-4.579e-01
-4.853e-01
-4.730e-01
-4.719e-01
-4.719e-01
-4.719e-01
-4.719e-01
-4.719e-01
-4.719e-01
-4.719e-01
-4.719e-01
-4.719e-01
-4.719e-01
-4.719e-01
-4.719e-01
-4.719e-01
-4.719e-01
-4.719e-01
-4.719e-01
-4.722e-01
-4.706e-01
-4.575e-01
-4.725e-01
-4.609e-01
-4.584e-01
-4.584e-01
-4.584e-01
-4.584e-01
-4.584e-01
-4.584e-01
-4.584e-01
-4.584e-01
-4.584e-01
-4.584e-01
-4.584e-01
-4.584e-01
-4.584e-01
-4.584e-01
-4.584e-01
-4.584e-01
-4.585e-01
-4.580e-01
-4.507e-01
-4.868e-01
-4.812e-01
-4.809e-01
-4.809e-01
-4.809e-01
-4.809e-01
-4.809e-01
-4.809e-01
-4.809e-01
-4.809e-01
-4.809e-01
-4.809e-01
-4.809e-01
-4.809e-01
-4.809e-01
-4.809e-01
-4.809e-01
-4.809e-01
-4.815e-01
-4.781e-01
-4.681e-01
-4.819e-01
-4.716e-01
-4.709e-01
-4.708e-01
-4.708e-01
-4.708e-01
-4.708e-01
-4.708e-01
-4.708e-01
-4.708e-01
-4.708e-01
-4.708e-01
-4.708e-01
-4.708e-01
-4.708e-01
-4.709e-01
-4.708e-01
-4.708e-01
-4.712e-01
-4.692e-01
-4.585e-01
-4.819e-01
-4.711e-01
-4.700e-01
-4.699e-01
-4.699e-01
-4.699e-01
-4.699e-01
-4.699e-01
-4.699e-01
-4.699e-01
-4.699e-01
-4.699e-01
-4.699e-01
-4.699e-01
-4.699e-01
-4.699e-01
-4.699e-01
-4.700e-01
-4.703e-01
-4.683e-01
-4.564e-01
-4.819e-01
-4.711e-01
-4.699e-01
-4.699e-01
-4.699e-01
-4.699e-01
-4.699e-01
-4.699e-01
-4.699e-01
-4.699e-01
-4.699e-01
-4.699e-01
-4.699e-01
-4.699e-01
-4.699e-01
-4.699e-01
-4.699e-01
-4.699e-01
-4.703e-01
-4.682e-01
-4.562e-01
-4.819e-01
-4.711e-01
-4.699e-01
-4.699e-01
-4.699e-01
-4.699e-01
-4.699e-01
-4.699e-01
-4.699e-01
-4.699e-01
-4.699e-01
-4.699e-01
-4.699e-01
-4.699e-01
-4.699e-01
-4.699e-01
-4.699e-01
-4.699e-01
-4.703e-01
-4.683e-01
-4.562e-01
-4.819e-01
-4.711e-01
-4.699e-01
-4.699e-01
-4.699e-01
-4.699e-01
-4.699e-01
-4.699e-01
-4.699e-01
-4.699e-01
-4.699e-01
-4.699e-01
-4.699e-01
-4.699e-01
-4.699e-01
-4.699e-01
-4.699e-01
-4.699e-01
-4.703e-01
-4.683e-01
-4.562e-01
-4.819e-01
-4.711e-01
-4.699e-01
-4.699e-01
-4.699e-01
-4.699e-01
-4.699e-01
-4.699e-01
-4.699e-01
-4.699e-01
-4.699e-01
-4.699e-01
-4.699e-01
-4.699e-01
-4.699e-01
-4.699e-01
-4.699e-01
-4.699e-01
-4.703e-01
-4.683e-01
-4.562e-01
-4.819e-01
-4.711e-01
-4.699e-01
-4.699e-01
-4.699e-01
-4.699e-01
-4.699e-01
-4.699e-01
-4.699e-01
-4.699e-01
-4.699e-01
-4.699e-01
-4.699e-01
-4.699e-01
-4.699e-01
-4.699e-01
-4.699e-01
-4.699e-01
-4.703e-01
-4.683e-01
-4.562e-01
-4.819e-01
-4.711e-01
-4.699e-01
-4.699e-01
-4.699e-01
-4.699e-01
-4.699e-01
-4.699e-01
-4.699e-01
-4.699e-01
-4.699e-01
-4.699e-01
-4.699e-01
-4.699e-01
-4.699e-01
-4.699e-01
-4.699e-01
-4.699e-01
-4.703e-01
-4.683e-01
-4.562e-01
-4.819e-01
-4.711e-01
-4.699e-01
-4.699e-01
-4.699e-01
-4.699e-01
-4.699e-01
-4.699e-01
-4.699e-01
-4.699e-01
-4.699e-01
-4.699e-01
-4.699e-01
-4.699e-01
-4.699e-01
-4.699e-01
-4.699e-01
-4.699e-01
-4.703e-01
-4.683e-01
-4.562e-01
-4.819e-01
-4.711e-01
-4.699e-01
-4.699e-01
-4.699e-01
-4.699e-01
-4.699e-01
-4.699e-01
-4.699e-01
-4.699e-01
-4.699e-01
-4.699e-01
-4.699e-01
-4.699e-01
-4.699e-01
-4.699e-01
-4.699e-01
-4.699e-01
-4.703e-01
-4.683e-01
-4.562e-01
-4.819e-01
-4.711e-01
-4.699e-01
-4.699e-01
-4.699e-01
-4.699e-01
-4.699e-01
-4.699e-01
-4.699e-01
-4.699e-01
-4.699e-01
-4.699e-01
-4.699e-01
-4.699e-01
-4.699e-01
-4.699e-01
-4.699e-01
-4.699e-01
-4.703e-01
-4.683e-01
-4.562e-01
-4.819e-01
-4.711e-01
-4.699e-01
-4.699e-01
-4.699e-01
-4.699e-01
-4.699e-01
-4.699e-01
-4.699e-01
-4.699e-01
-4.699e-01
-4.699e-01
-4.699e-01
-4.699e-01
-4.699e-01
-4.699e-01
-4.699e-01
-4.699e-01
-4.703e-01
-4.683e-01
-4.562e-01
-4.819e-01
-4.711e-01
-4.699e-01
-4.699e-01
-4.699e-01
-4.699e-01
-4.699e-01
-4.699e-01
-4.699e-01
-4.699e-01
-4.699e-01
-4.699e-01
-4.699e-01
-4.699e-01
-4.699e-01
-4.699e-01
-4.699e-01
-4.699e-01
-4.703e-01
-4.683e-01
-4.562e-01
-4.819e-01
-4.711e-01
-4.699e-01
-4.699e-01
-4.699e-01
-4.699e-01
-4.699e-01
-4.699e-01
-4.699e-01
-4.699e-01
-4.699e-01
-4.699e-01
-4.699e-01
-4.699e-01
-4.699e-01
-4.699e-01
-4.699e-01
-4.699e-01
-4.703e-01
-4.683e-01
-4.562e-01
-4.819e-01
-4.711e-01
-4.699e-01
-4.699e-01
-4.699e-01
-4.699e-01
-4.699e-01
-4.699e-01
-4.699e-01
-4.699e-01
-4.699e-01
-4.699e-01
-4.699e-01
-4.699e-01
-4.699e-01
-4.699e-01
-4.699e-01
-4.699e-01
-4.703e-01
-4.683e-01
-4.562e-01
-4.819e-01
-4.711e-01
-4.699e-01
-4.699e-01
-4.699e-01
-4.699e-01
-4.699e-01
-4.699e-01
-4.699e-01
-4.699e-01
-4.699e-01
-4.699e-01
-4.699e-01
-4.699e-01
-4.699e-01
-4.699e-01
-4.699e-01
-4.699e-01
-4.702e-01
-4.683e-01
-4.562e-01
-4.818e-01
-4.712e-01
-4.699e-01
-4.699e-01
-4.699e-01
-4.699e-01
-4.699e-01
-4.699e-01
-4.699e-01
-4.699e-01
-4.699e-01
-4.699e-01
-4.699e-01
-4.699e-01
-4.699e-01
-4.699e-01
-4.699e-01
-4.699e-01
-4.703e-01
-4.683e-01
-4.562e-01
-4.824e-01
-4.714e-01
-4.703e-01
-4.702e-01
-4.703e-01
-4.703e-01
-4.703e-01
-4.703e-01
-4.703e-01
-4.703e-01
-4.703e-01
-4.703e-01
-4.703e-01
-4.703e-01
-4.703e-01
-4.703e-01
-4.703e-01
-4.702e-01
-4.706e-01
-4.684e-01
-4.564e-01
-4.793e-01
-4.694e-01
-4.682e-01
-4.683e-01
-4.682e-01
-4.682e-01
-4.682e-01
-4.682e-01
-4.682e-01
-4.682e-01
-4.682e-01
-4.682e-01
-4.682e-01
-4.682e-01
-4.682e-01
-4.682e-01
-4.682e-01
-4.682e-01
-4.685e-01
-4.669e-01
-4.558e-01
-4.690e-01
-4.595e-01
-4.569e-01
-4.569e-01
-4.569e-01
-4.569e-01
-4.569e-01
-4.569e-01
-4.569e-01
-4.569e-01
-4.569e-01
-4.569e-01
-4.569e-01
-4.569e-01
-4.569e-01
-4.569e-01
-4.569e-01
-4.569e-01
-4.570e-01
-4.564e-01
-4.501e-01
-4.916e-01
-4.884e-01
-4.882e-01
-4.882e-01
-4.882e-01
-4.882e-01
-4.882e-01
-4.882e-01
-4.882e-01
-4.882e-01
-4.882e-01
-4.882e-01
-4.882e-01
-4.882e-01
-4.882e-01
-4.882e-01
-4.882e-01
-4.882e-01
-4.886e-01
-4.850e-01
-4.795e-01
-4.893e-01
-4.836e-01
-4.829e-01
-4.828e-01
-4.828e-01
-4.828e-01
-4.828e-01
-4.828e-01
-4.828e-01
-4.828e-01
-4.828e-01
-4.828e-01
-4.828e-01
-4.828e-01
-4.828e-01
-4.828e-01
-4.828e-01
-4.828e-01
-4.831e-01
-4.808e-01
-4.748e-01
-4.893e-01
-4.831e-01
-4.820e-01
-4.819e-01
-4.819e-01
-4.819e-01
-4.819e-01
-4.819e-01
-4.819e-01
-4.819e-01
-4.819e-01
-4.819e-01
-4.819e-01
-4.819e-01
-4.819e-01
-4.819e-01
-4.819e-01
-4.820e-01
-4.822e-01
-4.799e-01
-4.727e-01
-4.893e-01
-4.831e-01
-4.819e-01
-4.818e-01
-4.818e-01
-4.818e-01
-4.818e-01
-4.818e-01
-4.818e-01
-4.818e-01
-4.818e-01
-4.818e-01
-4.818e-01
-4.818e-01
-4.818e-01
-4.818e-01
-4.818e-01
-4.818e-01
-4.821e-01
-4.798e-01
-4.724e-01
-4.893e-01
-4.831e-01
-4.819e-01
-4.818e-01
-4.818e-01
-4.818e-01
-4.818e-01
-4.818e-01
-4.818e-01
-4.818e-01
-4.818e-01
-4.818e-01
-4.818e-01
-4.818e-01
-4.818e-01
-4.818e-01
-4.818e-01
-4.818e-01
-4.821e-01
-4.798e-01
-4.724e-01
-4.893e-01
-4.831e-01
-4.819e-01
-4.818e-01
-4.818e-01
-4.818e-01
-4.818e-01
-4.818e-01
-4.818e-01
-4.818e-01
-4.818e-01
-4.818e-01
-4.818e-01
-4.818e-01
-4.818e-01
-4.818e-01
-4.818e-01
-4.818e-01
-4.821e-01
-4.798e-01
-4.724e-01
-4.893e-01
-4.831e-01
-4.819e-01
-4.818e-01
-4.818e-01
-4.818e-01
-4.818e-01
-4.818e-01
-4.818e-01
-4.818e-01
-4.818e-01
-4.818e-01
-4.818e-01
-4.818e-01
-4.818e-01
-4.818e-01
-4.818e-01
-4.818e-01
-4.821e-01
-4.798e-01
-4.724e-01
-4.893e-01
-4.831e-01
-4.819e-01
-4.818e-01
-4.818e-01
-4.818e-01
-4.818e-01
-4.818e-01
-4.818e-01
-4.818e-01
-4.818e-01
-4.818e-01
-4.818e-01
-4.818e-01
-4.818e-01
-4.818e-01
-4.818e-01
-4.818e-01
-4.821e-01
-4.798e-01
-4.724e-01
-4.893e-01
-4.831e-01
-4.819e-01
-4.818e-01
-4.818e-01
-4.818e-01
-4.818e-01
-4.818e-01
-4.818e-01
-4.818e-01
-4.818e-01
-4.818e-01
-4.818e-01
-4.818e-01
-4.818e-01
-4.818e-01
-4.818e-01
-4.818e-01
-4.821e-01
-4.798e-01
-4.724e-01
-4.893e-01
-4.831e-01
-4.819e-01
-4.818e-01
-4.818e-01
-4.818e-01
-4.818e-01
-4.818e-01
-4.818e-01
-4.818e-01
-4.818e-01
-4.818e-01
-4.818e-01
-4.818e-01
-4.818e-01
-4.818e-01
-4.818e-01
-4.818e-01
-4.821e-01
-4.798e-01
-4.724e-01
-4.893e-01
-4.831e-01
-4.819e-01
-4.818e-01
-4.818e-01
-4.818e-01
-4.818e-01
-4.818e-01
-4.818e-01
-4.818e-01
-4.818e-01
-4.818e-01
-4.818e-01
-4.818e-01
-4.818e-01
-4.818e-01
-4.818e-01
-4.818e-01
-4.821e-01
-4.798e-01
-4.724e-01
-4.893e-01
-4.831e-01
-4.819e-01
-4.818e-01
-4.818e-01
-4.818e-01
-4.818e-01
-4.818e-01
-4.818e-01
-4.818e-01
-4.818e-01
-4.818e-01
-4.818e-01
-4.818e-01
-4.818e-01
-4.818e-01
-4.818e-01
-4.818e-01
-4.821e-01
-4.798e-01
-4.724e-01
-4.893e-01
-4.831e-01
-4.819e-01
-4.818e-01
-4.818e-01
-4.818e-01
-4.818e-01
-4.818e-01
-4.818e-01
-4.818e-01
-4.818e-01
-4.818e-01
-4.818e-01
-4.818e-01
-4.818e-01
-4.818e-01
-4.818e-01
-4.818e-01
-4.821e-01
-4.798e-01
-4.724e-01
-4.893e-01
-4.831e-01
-4.819e-01
-4.818e-01
-4.818e-01
-4.818e-01
-4.818e-01
-4.818e-01
-4.818e-01
-4.818e-01
-4.818e-01
-4.818e-01
-4.818e-01
-4.818e-01
-4.818e-01
-4.818e-01
-4.818e-01
-4.818e-01
-4.821e-01
-4.798e-01
-4.724e-01
-4.893e-01
-4.831e-01
-4.819e-01
-4.818e-01
-4.818e-01
-4.818e-01
-4.818e-01
-4.818e-01
-4.818e-01
-4.818e-01
-4.818e-01
-4.818e-01
-4.818e-01
-4.818e-01
-4.818e-01
-4.818e-01
-4.818e-01
-4.818e-01
-4.821e-01
-4.798e-01
-4.724e-01
-4.893e-01
-4.831e-01
-4.819e-01
-4.818e-01
-4.818e-01
-4.818e-01
-4.818e-01
-4.818e-01
-4.818e-01
-4.818e-01
-4.818e-01
-4.818e-01
-4.818e-01
-4.818e-01
-4.818e-01
-4.818e-01
-4.818e-01
-4.818e-01
-4.821e-01
-4.798e-01
-4.724e-01
-4.893e-01
-4.831e-01
-4.819e-01
-4.818e-01
-4.818e-01
-4.818e-01
-4.818e-01
-4.818e-01
-4.818e-01
-4.818e-01
-4.818e-01
-4.818e-01
-4.818e-01
-4.818e-01
-4.818e-01
-4.818e-01
-4.818e-01
-4.818e-01
-4.821e-01
-4.798e-01
-4.724e-01
-4.892e-01
-4.832e-01
-4.819e-01
-4.818e-01
-4.818e-01
-4.818e-01
-4.818e-01
-4.818e-01
-4.818e-01
-4.818e-01
-4.818e-01
-4.818e-01
-4.818e-01
-4.818e-01
-4.818e-01
-4.818e-01
-4.818e-01
-4.819e-01
-4.822e-01
-4.798e-01
-4.724e-01
-4.896e-01
-4.833e-01
-4.822e-01
-4.821e-01
-4.821e-01
-4.821e-01
-4.821e-01
-4.821e-01
-4.821e-01
-4.821e-01
-4.821e-01
-4.821e-01
-4.821e-01
-4.821e-01
-4.821e-01
-4.821e-01
-4.821e-01
-4.821e-01
-4.823e-01
-4.799e-01
-4.725e-01
-4.864e-01
-4.811e-01
-4.799e-01
-4.799e-01
-4.798e-01
-4.798e-01
-4.798e-01
-4.798e-01
-4.798e-01
-4.798e-01
-4.798e-01
-4.798e-01
-4.798e-01
-4.798e-01
-4.798e-01
-4.798e-01
-4.798e-01
-4.798e-01
-4.800e-01
-4.783e-01
-4.718e-01
-4.806e-01
-4.760e-01
-4.733e-01
-4.732e-01
-4.732e-01
-4.732e-01
-4.732e-01
-4.732e-01
-4.732e-01
-4.732e-01
-4.732e-01
-4.732e-01
-4.732e-01
-4.732e-01
-4.732e-01
-4.732e-01
-4.732e-01
-4.732e-01
-4.733e-01
-4.725e-01
-4.688e-01
-5.331e-01
-5.351e-01
-5.349e-01
-5.349e-01
-5.349e-01
-5.349e-01
-5.349e-01
-5.349e-01
-5.349e-01
-5.349e-01
-5.349e-01
-5.349e-01
-5.349e-01
-5.349e-01
-5.349e-01
-5.349e-01
-5.349e-01
-5.349e-01
-5.349e-01
-5.311e-01
-5.364e-01
-5.360e-01
-5.410e-01
-5.408e-01
-5.407e-01
-5.407e-01
-5.407e-01
-5.407e-01
-5.407e-01
-5.407e-01
-5.407e-01
-5.407e-01
-5.407e-01
-5.407e-01
-5.407e-01
-5.407e-01
-5.407e-01
-5.407e-01
-5.408e-01
-5.407e-01
-5.381e-01
-5.453e-01
-5.362e-01
-5.411e-01
-5.408e-01
-5.406e-01
-5.406e-01
-5.406e-01
-5.406e-01
-5.406e-01
-5.406e-01
-5.406e-01
-5.406e-01
-5.406e-01
-5.406e-01
-5.406e-01
-5.406e-01
-5.406e-01
-5.406e-01
-5.407e-01
-5.406e-01
-5.380e-01
-5.449e-01
-5.362e-01
-5.411e-01
-5.406e-01
-5.405e-01
-5.404e-01
-5.404e-01
-5.404e-01
-5.404e-01
-5.404e-01
-5.404e-01
-5.404e-01
-5.404e-01
-5.404e-01
-5.404e-01
-5.404e-01
-5.404e-01
-5.405e-01
-5.405e-01
-5.405e-01
-5.378e-01
-5.446e-01
-5.362e-01
-5.411e-01
-5.406e-01
-5.404e-01
-5.405e-01
-5.405e-01
-5.405e-01
-5.405e-01
-5.405e-01
-5.405e-01
-5.405e-01
-5.405e-01
-5.405e-01
-5.405e-01
-5.405e-01
-5.404e-01
-5.404e-01
-5.405e-01
-5.405e-01
-5.379e-01
-5.445e-01
-5.362e-01
-5.411e-01
-5.406e-01
-5.404e-01
-5.405e-01
-5.405e-01
-5.405e-01
-5.405e-01
-5.405e-01
-5.405e-01
-5.405e-01
-5.405e-01
-5.405e-01
-5.405e-01
-5.405e-01
-5.404e-01
-5.404e-01
-5.405e-01
-5.405e-01
-5.379e-01
-5.445e-01
-5.362e-01
-5.411e-01
-5.406e-01
-5.404e-01
-5.405e-01
-5.405e-01
-5.405e-01
-5.405e-01
-5.405e-01
-5.405e-01
-5.405e-01
-5.405e-01
-5.405e-01
-5.405e-01
-5.405e-01
-5.404e-01
-5.404e-01
-5.405e-01
-5.405e-01
-5.379e-01
-5.445e-01
-5.362e-01
-5.411e-01
-5.406e-01
-5.404e-01
-5.405e-01
-5.405e-01
-5.405e-01
-5.405e-01
-5.405e-01
-5.405e-01
-5.405e-01
-5.405e-01
-5.405e-01
-5.405e-01
-5.405e-01
-5.404e-01
-5.404e-01
-5.405e-01
-5.405e-01
-5.379e-01
-5.445e-01
-5.362e-01
-5.411e-01
-5.406e-01
-5.404e-01
-5.405e-01
-5.405e-01
-5.405e-01
-5.405e-01
-5.405e-01
-5.405e-01
-5.405e-01
-5.405e-01
-5.405e-01
-5.405e-01
-5.405e-01
-5.404e-01
-5.404e-01
-5.405e-01
-5.405e-01
-5.379e-01
-5.445e-01
-5.362e-01
-5.411e-01
-5.406e-01
-5.404e-01
-5.405e-01
-5.405e-01
-5.405e-01
-5.405e-01
-5.405e-01
-5.405e-01
-5.405e-01
-5.405e-01
-5.405e-01
-5.405e-01
-5.405e-01
-5.404e-01
-5.404e-01
-5.405e-01
-5.405e-01
-5.379e-01
-5.445e-01
-5.362e-01
-5.411e-01
-5.406e-01
-5.404e-01
-5.405e-01
-5.405e-01
-5.405e-01
-5.405e-01
-5.405e-01
-5.405e-01
-5.405e-01
-5.405e-01
-5.405e-01
-5.405e-01
-5.405e-01
-5.404e-01
-5.404e-01
-5.405e-01
-5.405e-01
-5.379e-01
-5.445e-01
-5.362e-01
-5.411e-01
-5.406e-01
-5.404e-01
-5.405e-01
-5.405e-01
-5.405e-01
-5.405e-01
-5.405e-01
-5.405e-01
-5.405e-01
-5.405e-01
-5.405e-01
-5.405e-01
-5.405e-01
-5.404e-01
-5.404e-01
-5.405e-01
-5.405e-01
-5.379e-01
-5.445e-01
-5.362e-01
-5.411e-01
-5.406e-01
-5.404e-01
-5.405e-01
-5.405e-01
-5.405e-01
-5.405e-01
-5.405e-01
-5.405e-01
-5.405e-01
-5.405e-01
-5.405e-01
-5.405e-01
-5.405e-01
-5.404e-01
-5.404e-01
-5.405e-01
-5.405e-01
-5.379e-01
-5.445e-01
-5.362e-01
-5.411e-01
-5.406e-01
-5.404e-01
-5.405e-01
-5.405e-01
-5.405e-01
-5.405e-01
-5.405e-01
-5.405e-01
-5.405e-01
-5.405e-01
-5.405e-01
-5.405e-01
-5.405e-01
-5.404e-01
-5.404e-01
-5.405e-01
-5.405e-01
-5.379e-01
-5.445e-01
-5.362e-01
-5.411e-01
-5.406e-01
-5.404e-01
-5.405e-01
-5.405e-01
-5.405e-01
-5.405e-01
-5.405e-01
-5.405e-01
-5.405e-01
-5.405e-01
-5.405e-01
-5.405e-01
-5.405e-01
-5.404e-01
-5.404e-01
-5.405e-01
-5.405e-01
-5.379e-01
-5.445e-01
-5.362e-01
-5.411e-01
-5.406e-01
-5.404e-01
-5.404e-01
-5.404e-01
-5.404e-01
-5.404e-01
-5.404e-01
-5.404e-01
-5.404e-01
-5.404e-01
-5.404e-01
-5.404e-01
-5.404e-01
-5.404e-01
-5.404e-01
-5.405e-01
-5.405e-01
-5.379e-01
-5.445e-01
-5.362e-01
-5.411e-01
-5.406e-01
-5.405e-01
-5.404e-01
-5.404e-01
-5.404e-01
-5.404e-01
-5.404e-01
-5.404e-01
-5.404e-01
-5.404e-01
-5.404e-01
-5.404e-01
-5.404e-01
-5.404e-01
-5.405e-01
-5.405e-01
-5.405e-01
-5.379e-01
-5.445e-01
-5.362e-01
-5.412e-01
-5.407e-01
-5.405e-01
-5.405e-01
-5.405e-01
-5.405e-01
-5.405e-01
-5.405e-01
-5.405e-01
-5.405e-01
-5.405e-01
-5.405e-01
-5.405e-01
-5.405e-01
-5.405e-01
-5.405e-01
-5.407e-01
-5.406e-01
-5.378e-01
-5.446e-01
-5.360e-01
-5.410e-01
-5.406e-01
-5.405e-01
-5.404e-01
-5.404e-01
-5.404e-01
-5.404e-01
-5.404e-01
-5.404e-01
-5.404e-01
-5.404e-01
-5.404e-01
-5.404e-01
-5.404e-01
-5.404e-01
-5.405e-01
-5.405e-01
-5.403e-01
-5.378e-01
-5.446e-01
-5.328e-01
-5.386e-01
-5.381e-01
-5.380e-01
-5.380e-01
-5.380e-01
-5.380e-01
-5.380e-01
-5.380e-01
-5.380e-01
-5.380e-01
-5.380e-01
-5.380e-01
-5.380e-01
-5.380e-01
-5.380e-01
-5.380e-01
-5.380e-01
-5.380e-01
-5.361e-01
-5.437e-01
-5.382e-01
-5.472e-01
-5.461e-01
-5.459e-01
-5.458e-01
-5.458e-01
-5.458e-01
-5.458e-01
-5.458e-01
-5.458e-01
-5.458e-01
-5.458e-01
-5.458e-01
-5.458e-01
-5.458e-01
-5.458e-01
-5.458e-01
-5.458e-01
-5.459e-01
-5.448e-01
-5.504e-01
-6.691e-01
-6.857e-01
-6.864e-01
-6.864e-01
-6.864e-01
-6.864e-01
-6.864e-01
-6.864e-01
-6.864e-01
-6.864e-01
-6.864e-01
-6.864e-01
-6.864e-01
-6.864e-01
-6.864e-01
-6.864e-01
-6.864e-01
-6.864e-01
-6.850e-01
-6.848e-01
-7.250e-01
-6.867e-01
-7.232e-01
-7.263e-01
-7.263e-01
-7.263e-01
-7.263e-01
-7.263e-01
-7.263e-01
-7.263e-01
-7.263e-01
-7.263e-01
-7.263e-01
-7.263e-01
-7.263e-01
-7.263e-01
-7.263e-01
-7.263e-01
-7.265e-01
-7.252e-01
-7.265e-01
-7.844e-01
-6.879e-01
-7.266e-01
-7.308e-01
-7.309e-01
-7.309e-01
-7.309e-01
-7.309e-01
-7.309e-01
-7.309e-01
-7.309e-01
-7.309e-01
-7.309e-01
-7.309e-01
-7.309e-01
-7.309e-01
-7.309e-01
-7.309e-01
-7.310e-01
-7.295e-01
-7.312e-01
-7.954e-01
-6.879e-01
-7.268e-01
-7.309e-01
-7.310e-01
-7.310e-01
-7.310e-01
-7.310e-01
-7.310e-01
-7.310e-01
-7.310e-01
-7.310e-01
-7.310e-01
-7.310e-01
-7.310e-01
-7.310e-01
-7.310e-01
-7.310e-01
-7.312e-01
-7.298e-01
-7.314e-01
-7.961e-01
-6.879e-01
-7.268e-01
-7.309e-01
-7.310e-01
-7.310e-01
-7.310e-01
-7.310e-01
-7.310e-01
-7.310e-01
-7.310e-01
-7.310e-01
-7.310e-01
-7.310e-01
-7.310e-01
-7.310e-01
-7.310e-01
-7.310e-01
-7.313e-01
-7.298e-01
-7.315e-01
-7.961e-01
-6.879e-01
-7.268e-01
-7.309e-01
-7.310e-01
-7.310e-01
-7.311e-01
-7.311e-01
-7.311e-01
-7.311e-01
-7.311e-01
-7.311e-01
-7.311e-01
-7.311e-01
-7.310e-01
-7.310e-01
-7.310e-01
-7.310e-01
-7.313e-01
-7.298e-01
-7.315e-01
-7.961e-01
-6.879e-01
-7.268e-01
-7.309e-01
-7.310e-01
-7.310e-01
-7.311e-01
-7.311e-01
-7.311e-01
-7.311e-01
-7.311e-01
-7.311e-01
-7.311e-01
-7.311e-01
-7.310e-01
-7.310e-01
-7.310e-01
-7.310e-01
-7.313e-01
-7.298e-01
-7.315e-01
-7.961e-01
-6.879e-01
-7.268e-01
-7.309e-01
-7.310e-01
-7.310e-01
-7.311e-01
-7.311e-01
-7.311e-01
-7.311e-01
-7.311e-01
-7.311e-01
-7.311e-01
-7.311e-01
-7.310e-01
-7.310e-01
-7.310e-01
-7.310e-01
-7.313e-01
-7.298e-01
-7.315e-01
-7.961e-01
-6.879e-01
-7.268e-01
-7.309e-01
-7.310e-01
-7.310e-01
-7.311e-01
-7.311e-01
-7.311e-01
-7.311e-01
-7.311e-01
-7.311e-01
-7.311e-01
-7.311e-01
-7.310e-01
-7.310e-01
-7.310e-01
-7.310e-01
-7.313e-01
-7.298e-01
-7.315e-01
-7.961e-01
-6.879e-01
-7.268e-01
-7.309e-01
-7.310e-01
-7.310e-01
-7.311e-01
-7.311e-01
-7.311e-01
-7.311e-01
-7.311e-01
-7.311e-01
-7.311e-01
-7.311e-01
-7.310e-01
-7.310e-01
-7.310e-01
-7.310e-01
-7.313e-01
-7.298e-01
-7.315e-01
-7.961e-01
-6.879e-01
-7.268e-01
-7.309e-01
-7.310e-01
-7.310e-01
-7.311e-01
-7.311e-01
-7.311e-01
-7.311e-01
-7.311e-01
-7.311e-01
-7.311e-01
-7.311e-01
-7.310e-01
-7.310e-01
-7.310e-01
-7.310e-01
-7.313e-01
-7.298e-01
-7.315e-01
-7.961e-01
-6.879e-01
-7.268e-01
-7.309e-01
-7.310e-01
-7.310e-01
-7.311e-01
-7.311e-01
-7.311e-01
-7.311e-01
-7.311e-01
-7.311e-01
-7.311e-01
-7.311e-01
-7.310e-01
-7.310e-01
-7.310e-01
-7.310e-01
-7.313e-01
-7.298e-01
-7.315e-01
-7.961e-01
-6.879e-01
-7.268e-01
-7.309e-01
-7.310e-01
-7.310e-01
-7.311e-01
-7.311e-01
-7.311e-01
-7.311e-01
-7.311e-01
-7.311e-01
-7.311e-01
-7.310e-01
-7.310e-01
-7.310e-01
-7.310e-01
-7.310e-01
-7.313e-01
-7.298e-01
-7.315e-01
-7.961e-01
-6.879e-01
-7.268e-01
-7.309e-01
-7.310e-01
-7.310e-01
-7.310e-01
-7.310e-01
-7.310e-01
-7.310e-01
-7.310e-01
-7.310e-01
-7.310e-01
-7.310e-01
-7.310e-01
-7.310e-01
-7.310e-01
-7.310e-01
-7.313e-01
-7.298e-01
-7.315e-01
-7.961e-01
-6.879e-01
-7.268e-01
-7.309e-01
-7.310e-01
-7.310e-01
-7.310e-01
-7.310e-01
-7.310e-01
-7.310e-01
-7.310e-01
-7.310e-01
-7.310e-01
-7.310e-01
-7.310e-01
-7.310e-01
-7.310e-01
-7.310e-01
-7.313e-01
-7.298e-01
-7.315e-01
-7.961e-01
-6.879e-01
-7.268e-01
-7.309e-01
-7.310e-01
-7.310e-01
-7.310e-01
-7.310e-01
-7.310e-01
-7.310e-01
-7.310e-01
-7.310e-01
-7.310e-01
-7.310e-01
-7.310e-01
-7.310e-01
-7.310e-01
-7.310e-01
-7.312e-01
-7.298e-01
-7.315e-01
-7.961e-01
-6.879e-01
-7.268e-01
-7.309e-01
-7.310e-01
-7.310e-01
-7.310e-01
-7.310e-01
-7.310e-01
-7.310e-01
-7.310e-01
-7.310e-01
-7.310e-01
-7.310e-01
-7.310e-01
-7.310e-01
-7.310e-01
-7.311e-01
-7.313e-01
-7.298e-01
-7.315e-01
-7.961e-01
-6.879e-01
-7.269e-01
-7.310e-01
-7.312e-01
-7.312e-01
-7.312e-01
-7.312e-01
-7.312e-01
-7.312e-01
-7.312e-01
-7.312e-01
-7.312e-01
-7.312e-01
-7.312e-01
-7.312e-01
-7.312e-01
-7.313e-01
-7.313e-01
-7.299e-01
-7.315e-01
-7.961e-01
-6.863e-01
-7.256e-01
-7.296e-01
-7.298e-01
-7.297e-01
-7.297e-01
-7.297e-01
-7.297e-01
-7.297e-01
-7.297e-01
-7.297e-01
-7.297e-01
-7.297e-01
-7.297e-01
-7.297e-01
-7.297e-01
-7.298e-01
-7.299e-01
-7.286e-01
-7.306e-01
-7.957e-01
-6.871e-01
-7.276e-01
-7.320e-01
-7.322e-01
-7.322e-01
-7.322e-01
-7.322e-01
-7.322e-01
-7.322e-01
-7.322e-01
-7.322e-01
-7.322e-01
-7.322e-01
-7.322e-01
-7.322e-01
-7.322e-01
-7.322e-01
-7.322e-01
-7.314e-01
-7.337e-01
-7.987e-01
-7.281e-01
-7.877e-01
-7.980e-01
-7.987e-01
-7.987e-01
-7.987e-01
-7.987e-01
-7.987e-01
-7.987e-01
-7.987e-01
-7.987e-01
-7.987e-01
-7.987e-01
-7.987e-01
-7.987e-01
-7.987e-01
-7.987e-01
-7.987e-01
-7.982e-01
-8.006e-01
-8.513e-01
-9.952e-01
-1.037e+00
-1.039e+00
-1.039e+00
-1.039e+00
-1.039e+00
-1.039e+00
-1.039e+00
-1.039e+00
-1.039e+00
-1.039e+00
-1.039e+00
-1.039e+00
-1.039e+00
-1.039e+00
-1.039e+00
-1.039e+00
-1.038e+00
-1.039e+00
-1.059e+00
-1.119e+00
-1.037e+00
-1.097e+00
-1.101e+00
-1.101e+00
-1.101e+00
-1.101e+00
-1.101e+00
-1.101e+00
-1.101e+00
-1.101e+00
-1.101e+00
-1.101e+00
-1.101e+00
-1.101e+00
-1.101e+00
-1.101e+00
-1.101e+00
-1.101e+00
-1.102e+00
-1.116e+00
-1.157e+00
-1.041e+00
-1.101e+00
-1.106e+00
-1.106e+00
-1.106e+00
-1.106e+00
-1.106e+00
-1.106e+00
-1.106e+00
-1.106e+00
-1.106e+00
-1.106e+00
-1.106e+00
-1.106e+00
-1.106e+00
-1.106e+00
-1.106e+00
-1.106e+00
-1.106e+00
-1.120e+00
-1.161e+00
-1.041e+00
-1.101e+00
-1.106e+00
-1.106e+00
-1.106e+00
-1.106e+00
-1.106e+00
-1.106e+00
-1.106e+00
-1.106e+00
-1.106e+00
-1.106e+00
-1.106e+00
-1.106e+00
-1.106e+00
-1.106e+00
-1.106e+00
-1.106e+00
-1.106e+00
-1.121e+00
-1.162e+00
-1.041e+00
-1.101e+00
-1.106e+00
-1.106e+00
-1.106e+00
-1.106e+00
-1.106e+00
-1.106e+00
-1.106e+00
-1.106e+00
-1.106e+00
-1.106e+00
-1.106e+00
-1.106e+00
-1.106e+00
-1.106e+00
-1.106e+00
-1.106e+00
-1.106e+00
-1.121e+00
-1.162e+00
-1.041e+00
-1.101e+00
-1.106e+00
-1.106e+00
-1.106e+00
-1.106e+00
-1.106e+00
-1.106e+00
-1.106e+00
-1.106e+00
-1.106e+00
-1.106e+00
-1.106e+00
-1.106e+00
-1.106e+00
-1.106e+00
-1.106e+00
-1.106e+00
-1.106e+00
-1.121e+00
-1.162e+00
-1.041e+00
-1.101e+00
-1.106e+00
-1.106e+00
-1.106e+00
-1.106e+00
-1.106e+00
-1.106e+00
-1.106e+00
-1.106e+00
-1.106e+00
-1.106e+00
-1.106e+00
-1.106e+00
-1.106e+00
-1.106e+00
-1.106e+00
-1.106e+00
-1.106e+00
-1.121e+00
-1.162e+00
-1.041e+00
-1.101e+00
-1.106e+00
-1.106e+00
-1.106e+00
-1.106e+00
-1.106e+00
-1.106e+00
-1.106e+00
-1.106e+00
-1.106e+00
-1.106e+00
-1.106e+00
-1.106e+00
-1.106e+00
-1.106e+00
-1.106e+00
-1.106e+00
-1.106e+00
-1.121e+00
-1.162e+00
-1.041e+00
-1.101e+00
-1.106e+00
-1.106e+00
-1.106e+00
-1.106e+00
-1.106e+00
-1.106e+00
-1.106e+00
-1.106e+00
-1.106e+00
-1.106e+00
-1.106e+00
-1.106e+00
-1.106e+00
-1.106e+00
-1.106e+00
-1.106e+00
-1.106e+00
-1.121e+00
-1.162e+00
-1.041e+00
-1.101e+00
-1.106e+00
-1.106e+00
-1.106e+00
-1.106e+00
-1.106e+00
-1.106e+00
-1.106e+00
-1.106e+00
-1.106e+00
-1.106e+00
-1.106e+00
-1.106e+00
-1.106e+00
-1.106e+00
-1.106e+00
-1.106e+00
-1.106e+00
-1.121e+00
-1.162e+00
-1.041e+00
-1.101e+00
-1.106e+00
-1.106e+00
-1.106e+00
-1.106e+00
-1.106e+00
-1.106e+00
-1.106e+00
-1.106e+00
-1.106e+00
-1.106e+00
-1.106e+00
-1.106e+00
-1.106e+00
-1.106e+00
-1.106e+00
-1.106e+00
-1.106e+00
-1.121e+00
-1.162e+00
-1.041e+00
-1.101e+00
-1.106e+00
-1.106e+00
-1.106e+00
-1.106e+00
-1.106e+00
-1.106e+00
-1.106e+00
-1.106e+00
-1.106e+00
-1.106e+00
-1.106e+00
-1.106e+00
-1.106e+00
-1.106e+00
-1.106e+00
-1.106e+00
-1.106e+00
-1.121e+00
-1.162e+00
-1.041e+00
-1.101e+00
-1.106e+00
-1.106e+00
-1.106e+00
-1.106e+00
-1.106e+00
-1.106e+00
-1.106e+00
-1.106e+00
-1.106e+00
-1.106e+00
-1.106e+00
-1.106e+00
-1.106e+00
-1.106e+00
-1.106e+00
-1.106e+00
-1.106e+00
-1.121e+00
-1.162e+00
-1.041e+00
-1.101e+00
-1.106e+00
-1.106e+00
-1.106e+00
-1.106e+00
-1.106e+00
-1.106e+00
-1.106e+00
-1.106e+00
-1.106e+00
-1.106e+00
-1.106e+00
-1.106e+00
-1.106e+00
-1.106e+00
-1.106e+00
-1.106e+00
-1.106e+00
-1.121e+00
-1.162e+00
-1.041e+00
-1.101e+00
-1.106e+00
-1.106e+00
-1.106e+00
-1.106e+00
-1.106e+00
-1.106e+00
-1.106e+00
-1.106e+00
-1.106e+00
-1.106e+00
-1.106e+00
-1.106e+00
-1.106e+00
-1.106e+00
-1.106e+00
-1.106e+00
-1.106e+00
-1.121e+00
-1.162e+00
-1.041e+00
-1.101e+00
-1.106e+00
-1.106e+00
-1.106e+00
-1.106e+00
-1.106e+00
-1.106e+00
-1.106e+00
-1.106e+00
-1.106e+00
-1.106e+00
-1.106e+00
-1.106e+00
-1.106e+00
-1.106e+00
-1.106e+00
-1.106e+00
-1.106e+00
-1.121e+00
-1.162e+00
-1.041e+00
-1.101e+00
-1.106e+00
-1.106e+00
-1.106e+00
-1.106e+00
-1.106e+00
-1.106e+00
-1.106e+00
-1.106e+00
-1.106e+00
-1.106e+00
-1.106e+00
-1.106e+00
-1.106e+00
-1.106e+00
-1.106e+00
-1.106e+00
-1.106e+00
-1.121e+00
-1.162e+00
-1.040e+00
-1.101e+00
-1.106e+00
-1.106e+00
-1.106e+00
-1.106e+00
-1.106e+00
-1.106e+00
-1.106e+00
-1.106e+00
-1.106e+00
-1.106e+00
-1.106e+00
-1.106e+00
-1.106e+00
-1.106e+00
-1.106e+00
-1.106e+00
-1.106e+00
-1.121e+00
-1.162e+00
-1.039e+00
-1.102e+00
-1.106e+00
-1.106e+00
-1.106e+00
-1.106e+00
-1.106e+00
-1.106e+00
-1.106e+00
-1.106e+00
-1.106e+00
-1.106e+00
-1.106e+00
-1.106e+00
-1.106e+00
-1.106e+00
-1.106e+00
-1.106e+00
-1.106e+00
-1.121e+00
-1.162e+00
-1.061e+00
-1.116e+00
-1.122e+00
-1.122e+00
-1.122e+00
-1.122e+00
-1.122e+00
-1.122e+00
-1.122e+00
-1.122e+00
-1.122e+00
-1.122e+00
-1.122e+00
-1.122e+00
-1.122e+00
-1.122e+00
-1.122e+00
-1.122e+00
-1.122e+00
-1.132e+00
-1.167e+00
-1.122e+00
-1.158e+00
-1.163e+00
-1.163e+00
-1.163e+00
-1.163e+00
-1.163e+00
-1.163e+00
-1.163e+00
-1.163e+00
-1.163e+00
-1.163e+00
-1.163e+00
-1.163e+00
-1.163e+00
-1.163e+00
-1.163e+00
-1.163e+00
-1.163e+00
-1.167e+00
-1.179e+00
-1.222e+00
-1.224e+00
-1.224e+00
-1.224e+00
-1.224e+00
-1.224e+00
-1.224e+00
-1.224e+00
-1.224e+00
-1.224e+00
-1.224e+00
-1.224e+00
-1.224e+00
-1.224e+00
-1.224e+00
-1.224e+00
-1.224e+00
-1.224e+00
-1.224e+00
-1.226e+00
-1.227e+00
-1.224e+00
-1.226e+00
-1.226e+00
-1.226e+00
-1.226e+00
-1.226e+00
-1.226e+00
-1.226e+00
-1.226e+00
-1.226e+00
-1.226e+00
-1.226e+00
-1.226e+00
-1.226e+00
-1.226e+00
-1.226e+00
-1.226e+00
-1.226e+00
-1.226e+00
-1.227e+00
-1.228e+00
-1.224e+00
-1.226e+00
-1.226e+00
-1.226e+00
-1.226e+00
-1.226e+00
-1.226e+00
-1.226e+00
-1.226e+00
-1.226e+00
-1.226e+00
-1.226e+00
-1.226e+00
-1.226e+00
-1.226e+00
-1.226e+00
-1.226e+00
-1.226e+00
-1.226e+00
-1.227e+00
-1.228e+00
-1.224e+00
-1.226e+00
-1.226e+00
-1.226e+00
-1.226e+00
-1.226e+00
-1.226e+00
-1.226e+00
-1.226e+00
-1.226e+00
-1.226e+00
-1.226e+00
-1.226e+00
-1.226e+00
-1.226e+00
-1.226e+00
-1.226e+00
-1.226e+00
-1.226e+00
-1.227e+00
-1.228e+00
-1.224e+00
-1.226e+00
-1.226e+00
-1.226e+00
-1.226e+00
-1.226e+00
-1.226e+00
-1.226e+00
-1.226e+00
-1.226e+00
-1.226e+00
-1.226e+00
-1.226e+00
-1.226e+00
-1.226e+00
-1.226e+00
-1.226e+00
-1.226e+00
-1.226e+00
-1.227e+00
-1.228e+00
-1.224e+00
-1.226e+00
-1.226e+00
-1.226e+00
-1.226e+00
-1.226e+00
-1.226e+00
-1.226e+00
-1.226e+00
-1.226e+00
-1.226e+00
-1.226e+00
-1.226e+00
-1.226e+00
-1.226e+00
-1.226e+00
-1.226e+00
-1.226e+00
-1.226e+00
-1.227e+00
-1.228e+00
-1.224e+00
-1.226e+00
-1.226e+00
-1.226e+00
-1.226e+00
-1.226e+00
-1.226e+00
-1.226e+00
-1.226e+00
-1.226e+00
-1.226e+00
-1.226e+00
-1.226e+00
-1.226e+00
-1.226e+00
-1.226e+00
-1.226e+00
-1.226e+00
-1.226e+00
-1.227e+00
-1.228e+00
-1.224e+00
-1.226e+00
-1.226e+00
-1.226e+00
-1.226e+00
-1.226e+00
-1.226e+00
-1.226e+00
-1.226e+00
-1.226e+00
-1.226e+00
-1.226e+00
-1.226e+00
-1.226e+00
-1.226e+00
-1.226e+00
-1.226e+00
-1.226e+00
-1.226e+00
-1.227e+00
-1.228e+00
-1.224e+00
-1.226e+00
-1.226e+00
-1.226e+00
-1.226e+00
-1.226e+00
-1.226e+00
-1.226e+00
-1.226e+00
-1.226e+00
-1.226e+00
-1.226e+00
-1.226e+00
-1.226e+00
-1.226e+00
-1.226e+00
-1.226e+00
-1.226e+00
-1.226e+00
-1.227e+00
-1.228e+00
-1.224e+00
-1.226e+00
-1.226e+00
-1.226e+00
-1.226e+00
-1.226e+00
-1.226e+00
-1.226e+00
-1.226e+00
-1.226e+00
-1.226e+00
-1.226e+00
-1.226e+00
-1.226e+00
-1.226e+00
-1.226e+00
-1.226e+00
-1.226e+00
-1.226e+00
-1.227e+00
-1.228e+00
-1.224e+00
-1.226e+00
-1.226e+00
-1.226e+00
-1.226e+00
-1.226e+00
-1.226e+00
-1.226e+00
-1.226e+00
-1.226e+00
-1.226e+00
-1.226e+00
-1.226e+00
-1.226e+00
-1.226e+00
-1.226e+00
-1.226e+00
-1.226e+00
-1.226e+00
-1.227e+00
-1.228e+00
-1.224e+00
-1.226e+00
-1.226e+00
-1.226e+00
-1.226e+00
-1.226e+00
-1.226e+00
-1.226e+00
-1.226e+00
-1.226e+00
-1.226e+00
-1.226e+00
-1.226e+00
-1.226e+00
-1.226e+00
-1.226e+00
-1.226e+00
-1.226e+00
-1.226e+00
-1.227e+00
-1.228e+00
-1.224e+00
-1.226e+00
-1.226e+00
-1.226e+00
-1.226e+00
-1.226e+00
-1.226e+00
-1.226e+00
-1.226e+00
-1.226e+00
-1.226e+00
-1.226e+00
-1.226e+00
-1.226e+00
-1.226e+00
-1.226e+00
-1.226e+00
-1.226e+00
-1.226e+00
-1.227e+00
-1.228e+00
-1.224e+00
-1.226e+00
-1.226e+00
-1.226e+00
-1.226e+00
-1.226e+00
-1.226e+00
-1.226e+00
-1.226e+00
-1.226e+00
-1.226e+00
-1.226e+00
-1.226e+00
-1.226e+00
-1.226e+00
-1.226e+00
-1.226e+00
-1.226e+00
-1.226e+00
-1.227e+00
-1.228e+00
-1.224e+00
-1.226e+00
-1.226e+00
-1.226e+00
-1.226e+00
-1.226e+00
-1.226e+00
-1.226e+00
-1.226e+00
-1.226e+00
-1.226e+00
-1.226e+00
-1.226e+00
-1.226e+00
-1.226e+00
-1.226e+00
-1.226e+00
-1.226e+00
-1.226e+00
-1.227e+00
-1.228e+00
-1.224e+00
-1.226e+00
-1.226e+00
-1.226e+00
-1.226e+00
-1.226e+00
-1.226e+00
-1.226e+00
-1.226e+00
-1.226e+00
-1.226e+00
-1.226e+00
-1.226e+00
-1.226e+00
-1.226e+00
-1.226e+00
-1.226e+00
-1.226e+00
-1.226e+00
-1.227e+00
-1.228e+00
-1.224e+00
-1.226e+00
-1.226e+00
-1.226e+00
-1.226e+00
-1.226e+00
-1.226e+00
-1.226e+00
-1.226e+00
-1.226e+00
-1.226e+00
-1.226e+00
-1.226e+00
-1.226e+00
-1.226e+00
-1.226e+00
-1.226e+00
-1.226e+00
-1.226e+00
-1.227e+00
-1.228e+00
-1.224e+00
-1.226e+00
-1.226e+00
-1.226e+00
-1.226e+00
-1.226e+00
-1.226e+00
-1.226e+00
-1.226e+00
-1.226e+00
-1.226e+00
-1.226e+00
-1.226e+00
-1.226e+00
-1.226e+00
-1.226e+00
-1.226e+00
-1.226e+00
-1.226e+00
-1.227e+00
-1.228e+00
-1.224e+00
-1.226e+00
-1.226e+00
-1.226e+00
-1.226e+00
-1.226e+00
-1.226e+00
-1.226e+00
-1.226e+00
-1.226e+00
-1.226e+00
-1.226e+00
-1.226e+00
-1.226e+00
-1.226e+00
-1.226e+00
-1.226e+00
-1.226e+00
-1.226e+00
-1.227e+00
-1.228e+00
-1.226e+00
-1.227e+00
-1.227e+00
-1.227e+00
-1.227e+00
-1.227e+00
-1.227e+00
-1.227e+00
-1.227e+00
-1.227e+00
-1.227e+00
-1.227e+00
-1.227e+00
-1.227e+00
-1.227e+00
-1.227e+00
-1.227e+00
-1.227e+00
-1.227e+00
-1.228e+00
-1.228e+00
-1.227e+00
-1.228e+00
-1.228e+00
-1.228e+00
-1.228e+00
-1.228e+00
-1.228e+00
-1.228e+00
-1.228e+00
-1.228e+00
-1.228e+00
-1.228e+00
-1.228e+00
-1.228e+00
-1.228e+00
-1.228e+00
-1.228e+00
-1.228e+00
-1.228e+00
-1.228e+00
-1.228e+00
-1.259e+00
-1.234e+00
-1.234e+00
-1.234e+00
-1.234e+00
-1.234e+00
-1.234e+00
-1.234e+00
-1.234e+00
-1.234e+00
-1.234e+00
-1.234e+00
-1.234e+00
-1.234e+00
-1.234e+00
-1.234e+00
-1.234e+00
-1.234e+00
-1.234e+00
-1.234e+00
-1.197e+00
-1.234e+00
-1.197e+00
-1.197e+00
-1.197e+00
-1.197e+00
-1.197e+00
-1.197e+00
-1.197e+00
-1.197e+00
-1.197e+00
-1.197e+00
-1.197e+00
-1.197e+00
-1.197e+00
-1.197e+00
-1.197e+00
-1.197e+00
-1.197e+00
-1.197e+00
-1.197e+00
-1.171e+00
-1.234e+00
-1.197e+00
-1.197e+00
-1.197e+00
-1.197e+00
-1.197e+00
-1.197e+00
-1.197e+00
-1.197e+00
-1.197e+00
-1.197e+00
-1.197e+00
-1.197e+00
-1.197e+00
-1.197e+00
-1.197e+00
-1.197e+00
-1.197e+00
-1.197e+00
-1.197e+00
-1.171e+00
-1.234e+00
-1.197e+00
-1.197e+00
-1.197e+00
-1.197e+00
-1.197e+00
-1.197e+00
-1.197e+00
-1.197e+00
-1.197e+00
-1.197e+00
-1.197e+00
-1.197e+00
-1.197e+00
-1.197e+00
-1.197e+00
-1.197e+00
-1.197e+00
-1.197e+00
-1.197e+00
-1.171e+00
-1.234e+00
-1.197e+00
-1.197e+00
-1.197e+00
-1.197e+00
-1.197e+00
-1.197e+00
-1.197e+00
-1.197e+00
-1.197e+00
-1.197e+00
-1.197e+00
-1.197e+00
-1.197e+00
-1.197e+00
-1.197e+00
-1.197e+00
-1.197e+00
-1.197e+00
-1.197e+00
-1.171e+00
-1.234e+00
-1.197e+00
-1.197e+00
-1.197e+00
-1.197e+00
-1.197e+00
-1.197e+00
-1.197e+00
-1.197e+00
-1.197e+00
-1.197e+00
-1.197e+00
-1.197e+00
-1.197e+00
-1.197e+00
-1.197e+00
-1.197e+00
-1.197e+00
-1.197e+00
-1.197e+00
-1.171e+00
-1.234e+00
-1.197e+00
-1.197e+00
-1.197e+00
-1.197e+00
-1.197e+00
-1.197e+00
-1.197e+00
-1.197e+00
-1.197e+00
-1.197e+00
-1.197e+00
-1.197e+00
-1.197e+00
-1.197e+00
-1.197e+00
-1.197e+00
-1.197e+00
-1.197e+00
-1.197e+00
-1.171e+00
-1.234e+00
-1.197e+00
-1.197e+00
-1.197e+00
-1.197e+00
-1.197e+00
-1.197e+00
-1.197e+00
-1.197e+00
-1.197e+00
-1.197e+00
-1.197e+00
-1.197e+00
-1.197e+00
-1.197e+00
-1.197e+00
-1.197e+00
-1.197e+00
-1.197e+00
-1.197e+00
-1.171e+00
-1.234e+00
-1.197e+00
-1.197e+00
-1.197e+00
-1.197e+00
-1.197e+00
-1.197e+00
-1.197e+00
-1.197e+00
-1.197e+00
-1.197e+00
-1.197e+00
-1.197e+00
-1.197e+00
-1.197e+00
-1.197e+00
-1.197e+00
-1.197e+00
-1.197e+00
-1.197e+00
-1.171e+00
-1.234e+00
-1.197e+00
-1.197e+00
-1.197e+00
-1.197e+00
-1.197e+00
-1.197e+00
-1.197e+00
-1.197e+00
-1.197e+00
-1.197e+00
-1.197e+00
-1.197e+00
-1.197e+00
-1.197e+00
-1.197e+00
-1.197e+00
-1.197e+00
-1.197e+00
-1.197e+00
-1.171e+00
-1.234e+00
-1.197e+00
-1.197e+00
-1.197e+00
-1.197e+00
-1.197e+00
-1.197e+00
-1.197e+00
-1.197e+00
-1.197e+00
-1.197e+00
-1.197e+00
-1.197e+00
-1.197e+00
-1.197e+00
-1.197e+00
-1.197e+00
-1.197e+00
-1.197e+00
-1.197e+00
-1.171e+00
-1.234e+00
-1.197e+00
-1.197e+00
-1.197e+00
-1.197e+00
-1.197e+00
-1.197e+00
-1.197e+00
-1.197e+00
-1.197e+00
-1.197e+00
-1.197e+00
-1.197e+00
-1.197e+00
-1.197e+00
-1.197e+00
-1.197e+00
-1.197e+00
-1.197e+00
-1.197e+00
-1.171e+00
-1.234e+00
-1.197e+00
-1.197e+00
-1.197e+00
-1.197e+00
-1.197e+00
-1.197e+00
-1.197e+00
-1.197e+00
-1.197e+00
-1.197e+00
-1.197e+00
-1.197e+00
-1.197e+00
-1.197e+00
-1.197e+00
-1.197e+00
-1.197e+00
-1.197e+00
-1.197e+00
-1.171e+00
-1.234e+00
-1.197e+00
-1.197e+00
-1.197e+00
-1.197e+00
-1.197e+00
-1.197e+00
-1.197e+00
-1.197e+00
-1.197e+00
-1.197e+00
-1.197e+00
-1.197e+00
-1.197e+00
-1.197e+00
-1.197e+00
-1.197e+00
-1.197e+00
-1.197e+00
-1.197e+00
-1.171e+00
-1.234e+00
-1.197e+00
-1.197e+00
-1.197e+00
-1.197e+00
-1.197e+00
-1.197e+00
-1.197e+00
-1.197e+00
-1.197e+00
-1.197e+00
-1.197e+00
-1.197e+00
-1.197e+00
-1.197e+00
-1.197e+00
-1.197e+00
-1.197e+00
-1.197e+00
-1.197e+00
-1.171e+00
-1.234e+00
-1.197e+00
-1.197e+00
-1.197e+00
-1.197e+00
-1.197e+00
-1.197e+00
-1.197e+00
-1.197e+00
-1.197e+00
-1.197e+00
-1.197e+00
-1.197e+00
-1.197e+00
-1.197e+00
-1.197e+00
-1.197e+00
-1.197e+00
-1.197e+00
-1.197e+00
-1.171e+00
-1.234e+00
-1.197e+00
-1.197e+00
-1.197e+00
-1.197e+00
-1.197e+00
-1.197e+00
-1.197e+00
-1.197e+00
-1.197e+00
-1.197e+00
-1.197e+00
-1.197e+00
-1.197e+00
-1.197e+00
-1.197e+00
-1.197e+00
-1.197e+00
-1.197e+00
-1.197e+00
-1.171e+00
-1.234e+00
-1.197e+00
-1.197e+00
-1.197e+00
-1.197e+00
-1.197e+00
-1.197e+00
-1.197e+00
-1.197e+00
-1.197e+00
-1.197e+00
-1.197e+00
-1.197e+00
-1.197e+00
-1.197e+00
-1.197e+00
-1.197e+00
-1.197e+00
-1.197e+00
-1.197e+00
-1.171e+00
-1.234e+00
-1.197e+00
-1.197e+00
-1.197e+00
-1.197e+00
-1.197e+00
-1.197e+00
-1.197e+00
-1.197e+00
-1.197e+00
-1.197e+00
-1.197e+00
-1.197e+00
-1.197e+00
-1.197e+00
-1.197e+00
-1.197e+00
-1.197e+00
-1.197e+00
-1.197e+00
-1.171e+00
-1.234e+00
-1.197e+00
-1.197e+00
-1.197e+00
-1.197e+00
-1.197e+00
-1.197e+00
-1.197e+00
-1.197e+00
-1.197e+00
-1.197e+00
-1.197e+00
-1.197e+00
-1.197e+00
-1.197e+00
-1.197e+00
-1.197e+00
-1.197e+00
-1.197e+00
-1.197e+00
-1.171e+00
-1.197e+00
-1.171e+00
-1.171e+00
-1.171e+00
-1.171e+00
-1.171e+00
-1.171e+00
-1.171e+00
-1.171e+00
-1.171e+00
-1.171e+00
-1.171e+00
-1.171e+00
-1.171e+00
-1.171e+00
-1.171e+00
-1.171e+00
-1.171e+00
-1.171e+00
-1.171e+00
-1.159e+00
-1.130e+00
-1.129e+00
-1.129e+00
-1.129e+00
-1.129e+00
-1.129e+00
-1.129e+00
-1.129e+00
-1.129e+00
-1.129e+00
-1.129e+00
-1.129e+00
-1.129e+00
-1.129e+00
-1.129e+00
-1.129e+00
-1.129e+00
-1.129e+00
-1.129e+00
-1.129e+00
-1.129e+00
-1.129e+00
-1.129e+00
-1.129e+00
-1.129e+00
-1.129e+00
-1.129e+00
-1.129e+00
-1.129e+00
-1.129e+00
-1.129e+00
-1.129e+00
-1.129e+00
-1.129e+00
-1.129e+00
-1.129e+00
-1.129e+00
-1.129e+00
-1.129e+00
-1.129e+00
-1.129e+00
-1.129e+00
-1.129e+00
-1.129e+00
-1.129e+00
-1.129e+00
-1.129e+00
-1.129e+00
-1.129e+00
-1.129e+00
-1.129e+00
-1.129e+00
-1.129e+00
-1.129e+00
-1.129e+00
-1.129e+00
-1.129e+00
-1.129e+00
-1.129e+00
-1.129e+00
-1.129e+00
-1.129e+00
-1.129e+00
-1.129e+00
-1.129e+00
-1.129e+00
-1.129e+00
-1.129e+00
-1.129e+00
-1.129e+00
-1.129e+00
-1.129e+00
-1.129e+00
-1.129e+00
-1.129e+00
-1.129e+00
-1.129e+00
-1.129e+00
-1.129e+00
-1.129e+00
-1.129e+00
-1.129e+00
-1.129e+00
-1.129e+00
-1.129e+00
-1.129e+00
-1.129e+00
-1.129e+00
-1.129e+00
-1.129e+00
-1.129e+00
-1.129e+00
-1.129e+00
-1.129e+00
-1.129e+00
-1.129e+00
-1.129e+00
-1.129e+00
-1.129e+00
-1.129e+00
-1.129e+00
-1.129e+00
-1.129e+00
-1.129e+00
-1.129e+00
-1.129e+00
-1.129e+00
-1.129e+00
-1.129e+00
-1.129e+00
-1.129e+00
-1.129e+00
-1.129e+00
-1.129e+00
-1.129e+00
-1.129e+00
-1.129e+00
-1.129e+00
-1.129e+00
-1.129e+00
-1.129e+00
-1.129e+00
-1.129e+00
-1.129e+00
-1.129e+00
-1.129e+00
-1.129e+00
-1.129e+00
-1.129e+00
-1.129e+00
-1.129e+00
-1.129e+00
-1.129e+00
-1.129e+00
-1.129e+00
-1.129e+00
-1.129e+00
-1.129e+00
-1.129e+00
-1.129e+00
-1.129e+00
-1.129e+00
-1.129e+00
-1.129e+00
-1.129e+00
-1.129e+00
-1.129e+00
-1.129e+00
-1.129e+00
-1.129e+00
-1.129e+00
-1.129e+00
-1.129e+00
-1.129e+00
-1.129e+00
-1.129e+00
-1.129e+00
-1.129e+00
-1.129e+00
-1.129e+00
-1.129e+00
-1.129e+00
-1.129e+00
-1.129e+00
-1.129e+00
-1.129e+00
-1.129e+00
-1.129e+00
-1.129e+00
-1.129e+00
-1.129e+00
-1.129e+00
-1.129e+00
-1.129e+00
-1.129e+00
-1.129e+00
-1.129e+00
-1.129e+00
-1.129e+00
-1.129e+00
-1.129e+00
-1.129e+00
-1.129e+00
-1.129e+00
-1.129e+00
-1.129e+00
-1.129e+00
-1.129e+00
-1.129e+00
-1.129e+00
-1.129e+00
-1.129e+00
-1.129e+00
-1.129e+00
-1.129e+00
-1.129e+00
-1.129e+00
-1.129e+00
-1.129e+00
-1.129e+00
-1.129e+00
-1.129e+00
-1.129e+00
-1.129e+00
-1.129e+00
-1.129e+00
-1.129e+00
-1.129e+00
-1.129e+00
-1.129e+00
-1.129e+00
-1.129e+00
-1.129e+00
-1.129e+00
-1.129e+00
-1.129e+00
-1.129e+00
-1.129e+00
-1.129e+00
-1.129e+00
-1.129e+00
-1.129e+00
-1.129e+00
-1.129e+00
-1.129e+00
-1.129e+00
-1.129e+00
-1.129e+00
-1.129e+00
-1.129e+00
-1.129e+00
-1.129e+00
-1.129e+00
-1.129e+00
-1.129e+00
-1.129e+00
-1.129e+00
-1.129e+00
-1.129e+00
-1.129e+00
-1.129e+00
-1.129e+00
-1.129e+00
-1.129e+00
-1.129e+00
-1.129e+00
-1.129e+00
-1.129e+00
-1.129e+00
-1.129e+00
-1.129e+00
-1.129e+00
-1.129e+00
-1.129e+00
-1.129e+00
-1.129e+00
-1.129e+00
-1.129e+00
-1.129e+00
-1.129e+00
-1.129e+00
-1.129e+00
-1.129e+00
-1.129e+00
-1.129e+00
-1.129e+00
-1.129e+00
-1.129e+00
-1.129e+00
-1.129e+00
-1.129e+00
-1.129e+00
-1.129e+00
-1.129e+00
-1.129e+00
-1.129e+00
-1.129e+00
-1.129e+00
-1.129e+00
-1.129e+00
-1.129e+00
-1.129e+00
-1.129e+00
-1.129e+00
-1.129e+00
-1.129e+00
-1.129e+00
-1.129e+00
-1.129e+00
-1.129e+00
-1.129e+00
-1.129e+00
-1.129e+00
-1.129e+00
-1.129e+00
-1.129e+00
-1.129e+00
-1.129e+00
-1.129e+00
-1.129e+00
-1.129e+00
-1.129e+00
-1.129e+00
-1.129e+00
-1.129e+00
-1.129e+00
-1.129e+00
-1.129e+00
-1.129e+00
-1.129e+00
-1.129e+00
-1.129e+00
-1.129e+00
-1.129e+00
-1.129e+00
-1.129e+00
-1.129e+00
-1.129e+00
-1.129e+00
-1.129e+00
-1.129e+00
-1.129e+00
-1.129e+00
-1.129e+00
-1.129e+00
-1.129e+00
-1.129e+00
-1.129e+00
-1.129e+00
-1.129e+00
-1.129e+00
-1.129e+00
-1.129e+00
-1.129e+00
-1.129e+00
-1.129e+00
-1.129e+00
-1.129e+00
-1.129e+00
-1.129e+00
-1.129e+00
-1.129e+00
-1.129e+00
-1.129e+00
-1.129e+00
-1.129e+00
-1.129e+00
-1.129e+00
-1.129e+00
-1.129e+00
-1.129e+00
-1.129e+00
-1.129e+00
-1.129e+00
-1.129e+00
-1.129e+00
-1.129e+00
-1.129e+00
-1.129e+00
-1.129e+00
-1.129e+00
-1.129e+00
-1.129e+00
-1.129e+00
-1.129e+00
-1.129e+00
-1.129e+00
-1.129e+00
-1.129e+00
-1.129e+00
-1.129e+00
-1.129e+00
-1.129e+00
-1.129e+00
-1.129e+00
-1.129e+00
-1.129e+00
-1.129e+00
-1.129e+00
-1.129e+00
-1.129e+00
-1.129e+00
-1.129e+00
-1.129e+00
-1.129e+00
-1.129e+00
-1.129e+00
-1.129e+00
-1.129e+00
-1.129e+00
-1.129e+00
-1.129e+00
-1.129e+00
-1.129e+00
-1.129e+00
-1.129e+00
-1.129e+00
-1.129e+00
-1.129e+00
-1.129e+00
-1.129e+00
-1.129e+00
-1.129e+00
-1.129e+00
-1.129e+00
-1.129e+00
-1.129e+00
-1.129e+00
-1.129e+00
-1.129e+00
-1.129e+00
-1.129e+00
-1.129e+00
-1.129e+00
-1.129e+00
-1.129e+00
-1.129e+00
-1.129e+00
-1.129e+00
-1.129e+00
-1.129e+00
-1.129e+00
-1.129e+00
-1.129e+00
-1.129e+00
-1.129e+00
-1.129e+00
-1.129e+00
-1.129e+00
-1.129e+00
-1.129e+00
-1.129e+00
-1.129e+00
-1.129e+00
-1.129e+00
-1.129e+00
-1.129e+00
-1.129e+00
-1.129e+00
-1.129e+00
-1.129e+00
-1.096e+00
-1.090e+00
-1.090e+00
-1.090e+00
-1.090e+00
-1.090e+00
-1.090e+00
-1.090e+00
-1.090e+00
-1.090e+00
-1.090e+00
-1.090e+00
-1.090e+00
-1.090e+00
-1.090e+00
-1.090e+00
-1.090e+00
-1.090e+00
-1.090e+00
-1.090e+00
-1.079e+00
-1.090e+00
-1.079e+00
-1.079e+00
-1.079e+00
-1.079e+00
-1.079e+00
-1.079e+00
-1.079e+00
-1.079e+00
-1.079e+00
-1.079e+00
-1.079e+00
-1.079e+00
-1.079e+00
-1.079e+00
-1.079e+00
-1.079e+00
-1.079e+00
-1.079e+00
-1.079e+00
-1.072e+00
-1.090e+00
-1.079e+00
-1.079e+00
-1.079e+00
-1.079e+00
-1.079e+00
-1.079e+00
-1.079e+00
-1.079e+00
-1.079e+00
-1.079e+00
-1.079e+00
-1.079e+00
-1.079e+00
-1.079e+00
-1.079e+00
-1.079e+00
-1.079e+00
-1.079e+00
-1.079e+00
-1.072e+00
-1.090e+00
-1.079e+00
-1.079e+00
-1.079e+00
-1.079e+00
-1.079e+00
-1.079e+00
-1.079e+00
-1.079e+00
-1.079e+00
-1.079e+00
-1.079e+00
-1.079e+00
-1.079e+00
-1.079e+00
-1.079e+00
-1.079e+00
-1.079e+00
-1.079e+00
-1.079e+00
-1.072e+00
-1.090e+00
-1.079e+00
-1.079e+00
-1.079e+00
-1.079e+00
-1.079e+00
-1.079e+00
-1.079e+00
-1.079e+00
-1.079e+00
-1.079e+00
-1.079e+00
-1.079e+00
-1.079e+00
-1.079e+00
-1.079e+00
-1.079e+00
-1.079e+00
-1.079e+00
-1.079e+00
-1.072e+00
-1.090e+00
-1.079e+00
-1.079e+00
-1.079e+00
-1.079e+00
-1.079e+00
-1.079e+00
-1.079e+00
-1.079e+00
-1.079e+00
-1.079e+00
-1.079e+00
-1.079e+00
-1.079e+00
-1.079e+00
-1.079e+00
-1.079e+00
-1.079e+00
-1.079e+00
-1.079e+00
-1.072e+00
-1.090e+00
-1.079e+00
-1.079e+00
-1.079e+00
-1.079e+00
-1.079e+00
-1.079e+00
-1.079e+00
-1.079e+00
-1.079e+00
-1.079e+00
-1.079e+00
-1.079e+00
-1.079e+00
-1.079e+00
-1.079e+00
-1.079e+00
-1.079e+00
-1.079e+00
-1.079e+00
-1.072e+00
-1.090e+00
-1.079e+00
-1.079e+00
-1.079e+00
-1.079e+00
-1.079e+00
-1.079e+00
-1.079e+00
-1.079e+00
-1.079e+00
-1.079e+00
-1.079e+00
-1.079e+00
-1.079e+00
-1.079e+00
-1.079e+00
-1.079e+00
-1.079e+00
-1.079e+00
-1.079e+00
-1.072e+00
-1.090e+00
-1.079e+00
-1.079e+00
-1.079e+00
-1.079e+00
-1.079e+00
-1.079e+00
-1.079e+00
-1.079e+00
-1.079e+00
-1.079e+00
-1.079e+00
-1.079e+00
-1.079e+00
-1.079e+00
-1.079e+00
-1.079e+00
-1.079e+00
-1.079e+00
-1.079e+00
-1.072e+00
-1.090e+00
-1.079e+00
-1.079e+00
-1.079e+00
-1.079e+00
-1.079e+00
-1.079e+00
-1.079e+00
-1.079e+00
-1.079e+00
-1.079e+00
-1.079e+00
-1.079e+00
-1.079e+00
-1.079e+00
-1.079e+00
-1.079e+00
-1.079e+00
-1.079e+00
-1.079e+00
-1.072e+00
-1.090e+00
-1.079e+00
-1.079e+00
-1.079e+00
-1.079e+00
-1.079e+00
-1.079e+00
-1.079e+00
-1.079e+00
-1.079e+00
-1.079e+00
-1.079e+00
-1.079e+00
-1.079e+00
-1.079e+00
-1.079e+00
-1.079e+00
-1.079e+00
-1.079e+00
-1.079e+00
-1.072e+00
-1.090e+00
-1.079e+00
-1.079e+00
-1.079e+00
-1.079e+00
-1.079e+00
-1.079e+00
-1.079e+00
-1.079e+00
-1.079e+00
-1.079e+00
-1.079e+00
-1.079e+00
-1.079e+00
-1.079e+00
-1.079e+00
-1.079e+00
-1.079e+00
-1.079e+00
-1.079e+00
-1.072e+00
-1.090e+00
-1.079e+00
-1.079e+00
-1.079e+00
-1.079e+00
-1.079e+00
-1.079e+00
-1.079e+00
-1.079e+00
-1.079e+00
-1.079e+00
-1.079e+00
-1.079e+00
-1.079e+00
-1.079e+00
-1.079e+00
-1.079e+00
-1.079e+00
-1.079e+00
-1.079e+00
-1.072e+00
-1.090e+00
-1.079e+00
-1.079e+00
-1.079e+00
-1.079e+00
-1.079e+00
-1.079e+00
-1.079e+00
-1.079e+00
-1.079e+00
-1.079e+00
-1.079e+00
-1.079e+00
-1.079e+00
-1.079e+00
-1.079e+00
-1.079e+00
-1.079e+00
-1.079e+00
-1.079e+00
-1.072e+00
-1.090e+00
-1.079e+00
-1.079e+00
-1.079e+00
-1.079e+00
-1.079e+00
-1.079e+00
-1.079e+00
-1.079e+00
-1.079e+00
-1.079e+00
-1.079e+00
-1.079e+00
-1.079e+00
-1.079e+00
-1.079e+00
-1.079e+00
-1.079e+00
-1.079e+00
-1.079e+00
-1.072e+00
-1.090e+00
-1.079e+00
-1.079e+00
-1.079e+00
-1.079e+00
-1.079e+00
-1.079e+00
-1.079e+00
-1.079e+00
-1.079e+00
-1.079e+00
-1.079e+00
-1.079e+00
-1.079e+00
-1.079e+00
-1.079e+00
-1.079e+00
-1.079e+00
-1.079e+00
-1.079e+00
-1.072e+00
-1.090e+00
-1.079e+00
-1.079e+00
-1.079e+00
-1.079e+00
-1.079e+00
-1.079e+00
-1.079e+00
-1.079e+00
-1.079e+00
-1.079e+00
-1.079e+00
-1.079e+00
-1.079e+00
-1.079e+00
-1.079e+00
-1.079e+00
-1.079e+00
-1.079e+00
-1.079e+00
-1.072e+00
-1.090e+00
-1.079e+00
-1.079e+00
-1.079e+00
-1.079e+00
-1.079e+00
-1.079e+00
-1.079e+00
-1.079e+00
-1.079e+00
-1.079e+00
-1.079e+00
-1.079e+00
-1.079e+00
-1.079e+00
-1.079e+00
-1.079e+00
-1.079e+00
-1.079e+00
-1.079e+00
-1.072e+00
-1.090e+00
-1.079e+00
-1.079e+00
-1.079e+00
-1.079e+00
-1.079e+00
-1.079e+00
-1.079e+00
-1.079e+00
-1.079e+00
-1.079e+00
-1.079e+00
-1.079e+00
-1.079e+00
-1.079e+00
-1.079e+00
-1.079e+00
-1.079e+00
-1.079e+00
-1.079e+00
-1.072e+00
-1.090e+00
-1.079e+00
-1.079e+00
-1.079e+00
-1.079e+00
-1.079e+00
-1.079e+00
-1.079e+00
-1.079e+00
-1.079e+00
-1.079e+00
-1.079e+00
-1.079e+00
-1.079e+00
-1.079e+00
-1.079e+00
-1.079e+00
-1.079e+00
-1.079e+00
-1.079e+00
-1.072e+00
-1.079e+00
-1.072e+00
-1.072e+00
-1.072e+00
-1.072e+00
-1.072e+00
-1.072e+00
-1.072e+00
-1.072e+00
-1.072e+00
-1.072e+00
-1.072e+00
-1.072e+00
-1.072e+00
-1.072e+00
-1.072e+00
-1.072e+00
-1.072e+00
-1.072e+00
-1.072e+00
-1.068e+00
-1.017e+00
-1.017e+00
-1.017e+00
-1.017e+00
-1.017e+00
-1.017e+00
-1.017e+00
-1.017e+00
-1.017e+00
-1.017e+00
-1.017e+00
-1.017e+00
-1.017e+00
-1.017e+00
-1.017e+00
-1.017e+00
-1.017e+00
-1.017e+00
-1.017e+00
-1.017e+00
-1.017e+00
-1.017e+00
-1.017e+00
-1.017e+00
-1.017e+00
-1.017e+00
-1.017e+00
-1.017e+00
-1.017e+00
-1.017e+00
-1.017e+00
-1.017e+00
-1.017e+00
-1.017e+00
-1.017e+00
-1.017e+00
-1.017e+00
-1.017e+00
-1.017e+00
-1.017e+00
-1.017e+00
-1.017e+00
-1.017e+00
-1.017e+00
-1.017e+00
-1.017e+00
-1.017e+00
-1.017e+00
-1.017e+00
-1.017e+00
-1.017e+00
-1.017e+00
-1.017e+00
-1.017e+00
-1.017e+00
-1.017e+00
-1.017e+00
-1.017e+00
-1.017e+00
-1.017e+00
-1.017e+00
-1.017e+00
-1.017e+00
-1.017e+00
-1.017e+00
-1.017e+00
-1.017e+00
-1.017e+00
-1.017e+00
-1.017e+00
-1.017e+00
-1.017e+00
-1.017e+00
-1.017e+00
-1.017e+00
-1.017e+00
-1.017e+00
-1.017e+00
-1.017e+00
-1.017e+00
-1.017e+00
-1.017e+00
-1.017e+00
-1.017e+00
-1.017e+00
-1.017e+00
-1.017e+00
-1.017e+00
-1.017e+00
-1.017e+00
-1.017e+00
-1.017e+00
-1.017e+00
-1.017e+00
-1.017e+00
-1.017e+00
-1.017e+00
-1.017e+00
-1.017e+00
-1.017e+00
-1.017e+00
-1.017e+00
-1.017e+00
-1.017e+00
-1.017e+00
-1.017e+00
-1.017e+00
-1.017e+00
-1.017e+00
-1.017e+00
-1.017e+00
-1.017e+00
-1.017e+00
-1.017e+00
-1.017e+00
-1.017e+00
-1.017e+00
-1.017e+00
-1.017e+00
-1.017e+00
-1.017e+00
-1.017e+00
-1.017e+00
-1.017e+00
-1.017e+00
-1.017e+00
-1.017e+00
-1.017e+00
-1.017e+00
-1.017e+00
-1.017e+00
-1.017e+00
-1.017e+00
-1.017e+00
-1.017e+00
-1.017e+00
-1.017e+00
-1.017e+00
-1.017e+00
-1.017e+00
-1.017e+00
-1.017e+00
-1.017e+00
-1.017e+00
-1.017e+00
-1.017e+00
-1.017e+00
-1.017e+00
-1.017e+00
-1.017e+00
-1.017e+00
-1.017e+00
-1.017e+00
-1.017e+00
-1.017e+00
-1.017e+00
-1.017e+00
-1.017e+00
-1.017e+00
-1.017e+00
-1.017e+00
-1.017e+00
-1.017e+00
-1.017e+00
-1.017e+00
-1.017e+00
-1.017e+00
-1.017e+00
-1.017e+00
-1.017e+00
-1.017e+00
-1.017e+00
-1.017e+00
-1.017e+00
-1.017e+00
-1.017e+00
-1.017e+00
-1.017e+00
-1.017e+00
-1.017e+00
-1.017e+00
-1.017e+00
-1.017e+00
-1.017e+00
-1.017e+00
-1.017e+00
-1.017e+00
-1.017e+00
-1.017e+00
-1.017e+00
-1.017e+00
-1.017e+00
-1.017e+00
-1.017e+00
-1.017e+00
-1.017e+00
-1.017e+00
-1.017e+00
-1.017e+00
-1.017e+00
-1.017e+00
-1.017e+00
-1.017e+00
-1.017e+00
-1.017e+00
-1.017e+00
-1.017e+00
-1.017e+00
-1.017e+00
-1.017e+00
-1.017e+00
-1.017e+00
-1.017e+00
-1.017e+00
-1.017e+00
-1.017e+00
-1.017e+00
-1.017e+00
-1.017e+00
-1.017e+00
-1.017e+00
-1.017e+00
-1.017e+00
-1.017e+00
-1.017e+00
-1.017e+00
-1.017e+00
-1.017e+00
-1.017e+00
-1.017e+00
-1.017e+00
-1.017e+00
-1.017e+00
-1.017e+00
-1.017e+00
-1.017e+00
-1.017e+00
-1.017e+00
-1.017e+00
-1.017e+00
-1.017e+00
-1.017e+00
-1.017e+00
-1.017e+00
-1.017e+00
-1.017e+00
-1.017e+00
-1.017e+00
-1.017e+00
-1.017e+00
-1.017e+00
-1.017e+00
-1.017e+00
-1.017e+00
-1.017e+00
-1.017e+00
-1.017e+00
-1.017e+00
-1.017e+00
-1.017e+00
-1.017e+00
-1.017e+00
-1.017e+00
-1.017e+00
-1.017e+00
-1.017e+00
-1.017e+00
-1.017e+00
-1.017e+00
-1.017e+00
-1.017e+00
-1.017e+00
-1.017e+00
-1.017e+00
-1.017e+00
-1.017e+00
-1.017e+00
-1.017e+00
-1.017e+00
-1.017e+00
-1.017e+00
-1.017e+00
-1.017e+00
-1.017e+00
-1.017e+00
-1.017e+00
-1.017e+00
-1.017e+00
-1.017e+00
-1.017e+00
-1.017e+00
-1.017e+00
-1.017e+00
-1.017e+00
-1.017e+00
-1.017e+00
-1.017e+00
-1.017e+00
-1.017e+00
-1.017e+00
-1.017e+00
-1.017e+00
-1.017e+00
-1.017e+00
-1.017e+00
-1.017e+00
-1.017e+00
-1.017e+00
-1.017e+00
-1.017e+00
-1.017e+00
-1.017e+00
-1.017e+00
-1.017e+00
-1.017e+00
-1.017e+00
-1.017e+00
-1.017e+00
-1.017e+00
-1.017e+00
-1.017e+00
-1.017e+00
-1.017e+00
-1.017e+00
-1.017e+00
-1.017e+00
-1.017e+00
-1.017e+00
-1.017e+00
-1.017e+00
-1.017e+00
-1.017e+00
-1.017e+00
-1.017e+00
-1.017e+00
-1.017e+00
-1.017e+00
-1.017e+00
-1.017e+00
-1.017e+00
-1.017e+00
-1.017e+00
-1.017e+00
-1.017e+00
-1.017e+00
-1.017e+00
-1.017e+00
-1.017e+00
-1.017e+00
-1.017e+00
-1.017e+00
-1.017e+00
-1.017e+00
-1.017e+00
-1.017e+00
-1.017e+00
-1.017e+00
-1.017e+00
-1.017e+00
-1.017e+00
-1.017e+00
-1.017e+00
-1.017e+00
-1.017e+00
-1.017e+00
-1.017e+00
-1.017e+00
-1.017e+00
-1.017e+00
-1.017e+00
-1.017e+00
-1.017e+00
-1.017e+00
-1.017e+00
-1.017e+00
-1.017e+00
-1.017e+00
-1.017e+00
-1.017e+00
-1.017e+00
-1.017e+00
-1.017e+00
-1.017e+00
-1.017e+00
-1.017e+00
-1.017e+00
-1.017e+00
-1.017e+00
-1.017e+00
-1.017e+00
-1.017e+00
-1.017e+00
-1.017e+00
-1.017e+00
-1.017e+00
-1.017e+00
-1.017e+00
-1.017e+00
-1.017e+00
-1.017e+00
-1.017e+00
-1.017e+00
-1.017e+00
-1.017e+00
-1.017e+00
-1.017e+00
-1.017e+00
-1.017e+00
-1.017e+00
-1.017e+00
-1.017e+00
-1.017e+00
-1.017e+00
-1.017e+00
-1.017e+00
-1.017e+00
-1.017e+00
-1.017e+00
-1.017e+00
-1.017e+00
-1.017e+00
-1.017e+00
-1.017e+00
-1.017e+00
-1.017e+00
-1.017e+00
-1.017e+00
-1.017e+00
-1.017e+00
-1.017e+00
-1.017e+00
-1.017e+00
-1.017e+00
-1.017e+00
-1.017e+00
-1.017e+00
-1.017e+00
-1.017e+00
-1.017e+00
-1.017e+00
-1.017e+00
-1.000e+00
-1.000e+00
-1.000e+00
-1.000e+00
-1.000e+00
-1.000e+00
-1.000e+00
-1.000e+00
-1.000e+00
-1.000e+00
-1.000e+00
-1.000e+00
-1.000e+00
-1.000e+00
-1.000e+00
-1.000e+00
-1.000e+00
-1.000e+00
-1.000e+00
-1.000e+00
-1.000e+00
-1.000e+00
-1.000e+00
-1.000e+00
-1.000e+00
-1.000e+00
-1.000e+00
-1.000e+00
-1.000e+00
-1.000e+00
-1.000e+00
-1.000e+00
-1.000e+00
-1.000e+00
-1.000e+00
-1.000e+00
-1.000e+00
-1.000e+00
-1.000e+00
-1.000e+00
-1.000e+00
-1.000e+00
-1.000e+00
-1.000e+00
-1.000e+00
-1.000e+00
-1.000e+00
-1.000e+00
-1.000e+00
-1.000e+00
-1.000e+00
-1.000e+00
-1.000e+00
-1.000e+00
-1.000e+00
-1.000e+00
-1.000e+00
-1.000e+00
-1.000e+00
-1.000e+00
-1.000e+00
-1.000e+00
-1.000e+00
-1.000e+00
-1.000e+00
-1.000e+00
-1.000e+00
-1.000e+00
-1.000e+00
-1.000e+00
-1.000e+00
-1.000e+00
-1.000e+00
-1.000e+00
-1.000e+00
-1.000e+00
-1.000e+00
-1.000e+00
-1.000e+00
-1.000e+00
-1.000e+00
-1.000e+00
-1.000e+00
-1.000e+00
-1.000e+00
-1.000e+00
-1.000e+00
-1.000e+00
-1.000e+00
-1.000e+00
-1.000e+00
-1.000e+00
-1.000e+00
-1.000e+00
-1.000e+00
-1.000e+00
-1.000e+00
-1.000e+00
-1.000e+00
-1.000e+00
-1.000e+00
-1.000e+00
-1.000e+00
-1.000e+00
-1.000e+00
-1.000e+00
-1.000e+00
-1.000e+00
-1.000e+00
-1.000e+00
-1.000e+00
-1.000e+00
-1.000e+00
-1.000e+00
-1.000e+00
-1.000e+00
-1.000e+00
-1.000e+00
-1.000e+00
-1.000e+00
-1.000e+00
-1.000e+00
-1.000e+00
-1.000e+00
-1.000e+00
-1.000e+00
-1.000e+00
-1.000e+00
-1.000e+00
-1.000e+00
-1.000e+00
-1.000e+00
-1.000e+00
-1.000e+00
-1.000e+00
-1.000e+00
-1.000e+00
-1.000e+00
-1.000e+00
-1.000e+00
-1.000e+00
-1.000e+00
-1.000e+00
-1.000e+00
-1.000e+00
-1.000e+00
-1.000e+00
-1.000e+00
-1.000e+00
-1.000e+00
-1.000e+00
-1.000e+00
-1.000e+00
-1.000e+00
-1.000e+00
-1.000e+00
-1.000e+00
-1.000e+00
-1.000e+00
-1.000e+00
-1.000e+00
-1.000e+00
-1.000e+00
-1.000e+00
-1.000e+00
-1.000e+00
-1.000e+00
-1.000e+00
-1.000e+00
-1.000e+00
-1.000e+00
-1.000e+00
-1.000e+00
-1.000e+00
-1.000e+00
-1.000e+00
-1.000e+00
-1.000e+00
-1.000e+00
-1.000e+00
-1.000e+00
-1.000e+00
-1.000e+00
-1.000e+00
-1.000e+00
-1.000e+00
-1.000e+00
-1.000e+00
-1.000e+00
-1.000e+00
-1.000e+00
-1.000e+00
-1.000e+00
-1.000e+00
-1.000e+00
-1.000e+00
-1.000e+00
-1.000e+00
-1.000e+00
-1.000e+00
-1.000e+00
-1.000e+00
-1.000e+00
-1.000e+00
-1.000e+00
-1.000e+00
-1.000e+00
-1.000e+00
-1.000e+00
-1.000e+00
-1.000e+00
-1.000e+00
-1.000e+00
-1.000e+00
-1.000e+00
-1.000e+00
-1.000e+00
-1.000e+00
-1.000e+00
-1.000e+00
-1.000e+00
-1.000e+00
-1.000e+00
-1.000e+00
-1.000e+00
-1.000e+00
-1.000e+00
-1.000e+00
-1.000e+00
-1.000e+00
-1.000e+00
-1.000e+00
-1.000e+00
-1.000e+00
-1.000e+00
-1.000e+00
-1.000e+00
-1.000e+00
-1.000e+00
-1.000e+00
-1.000e+00
-1.000e+00
-1.000e+00
-1.000e+00
-1.000e+00
-1.000e+00
-1.000e+00
-1.000e+00
-1.000e+00
-1.000e+00
-1.000e+00
-1.000e+00
-1.000e+00
-1.000e+00
-1.000e+00
-1.000e+00
-1.000e+00
-1.000e+00
-1.000e+00
-1.000e+00
-1.000e+00
-1.000e+00
-1.000e+00
-1.000e+00
-1.000e+00
-1.000e+00
-1.000e+00
-1.000e+00
-1.000e+00
-1.000e+00
-1.000e+00
-1.000e+00
-1.000e+00
-1.000e+00
-1.000e+00
-1.000e+00
-1.000e+00
-1.000e+00
-1.000e+00
-1.000e+00
-1.000e+00
-1.000e+00
-1.000e+00
-1.000e+00
-1.000e+00
-1.000e+00
-1.000e+00
-1.000e+00
-1.000e+00
-1.000e+00
-1.000e+00
-1.000e+00
-1.000e+00
-1.000e+00
-1.000e+00
-1.000e+00
-1.000e+00
-1.000e+00
-1.000e+00
-1.000e+00
-1.000e+00
-1.000e+00
-1.000e+00
-1.000e+00
-1.000e+00
-1.000e+00
-1.000e+00
-1.000e+00
-1.000e+00
-1.000e+00
-1.000e+00
-1.000e+00
-1.000e+00
-1.000e+00
-1.000e+00
-1.000e+00
-1.000e+00
-1.000e+00
-1.000e+00
-1.000e+00
-1.000e+00
-1.000e+00
-1.000e+00
-1.000e+00
-1.000e+00
-1.000e+00
-1.000e+00
-1.000e+00
-1.000e+00
-1.000e+00
-1.000e+00
-1.000e+00
-1.000e+00
-1.000e+00
-1.000e+00
-1.000e+00
-1.000e+00
-1.000e+00
-1.000e+00
-1.000e+00
-1.000e+00
-1.000e+00
-1.000e+00
-1.000e+00
-1.000e+00
-1.000e+00
-1.000e+00
-1.000e+00
-1.000e+00
-1.000e+00
-1.000e+00
-1.000e+00
-1.000e+00
-1.000e+00
-1.000e+00
-1.000e+00
-1.000e+00
-1.000e+00
-1.000e+00
-1.000e+00
-1.000e+00
-1.000e+00
-1.000e+00
-1.000e+00
-1.000e+00
-1.000e+00
-1.000e+00
-1.000e+00
-1.000e+00
-1.000e+00
-1.000e+00
-1.000e+00
-1.000e+00
-1.000e+00
-1.000e+00
-1.000e+00
-1.000e+00
-1.000e+00
-1.000e+00
-1.000e+00
-1.000e+00
-1.000e+00
-1.000e+00
-1.000e+00
-1.000e+00
-1.000e+00
-1.000e+00
-1.000e+00
-1.000e+00
-1.000e+00
-1.000e+00
-1.000e+00
-1.000e+00
-1.000e+00
-1.000e+00
-1.000e+00
-1.000e+00
-1.000e+00
-1.000e+00
-1.000e+00
-1.000e+00
-1.000e+00
-1.000e+00
-1.000e+00
-1.000e+00
-1.000e+00
-1.000e+00
-1.000e+00
-1.000e+00
-1.000e+00
-1.000e+00
-1.000e+00
-1.000e+00
-1.000e+00
-1.000e+00
-1.000e+00
-1.000e+00
-1.000e+00
-1.000e+00
-1.000e+00
-1.000e+00
-1.000e+00
-1.000e+00
-1.000e+00
-1.000e+00
-1.000e+00
-1.000e+00
-1.000e+00
-1.000e+00
-1.000e+00
-1.000e+00
-1.000e+00
-1.000e+00
-1.000e+00
-1.000e+00
-1.000e+00
-1.000e+00
-1.000e+00
-1.000e+00
-1.000e+00
-1.000e+00
-1.000e+00
-1.000e+00
-1.000e+00
-1.000e+00
-1.000e+00
-1.000e+00
-1.000e+00
-1.000e+00
-1.000e+00
-1.000e+00
-1.000e+00
-1.000e+00
-1.000e+00
-1.000e+00
-1.000e+00
-1.000e+00
-1.000e+00
-1.000e+00
-1.000e+00
-1.000e+00
-1.000e+00
-1.000e+00
-1.000e+00
-1.000e+00
-1.000e+00
-1.000e+00
-1.000e+00
-1.000e+00
-1.000e+00
-1.000e+00
-1.000e+00
-1.000e+00
-1.000e+00
-1.000e+00
-1.000e+00
-1.000e+00
-1.000e+00
-1.000e+00
-1.000e+00
-1.000e+00
-1.000e+00
-1.000e+00
-1.000e+00
-1.000e+00
-1.000e+00
-1.000e+00
-1.000e+00
-1.000e+00
-1.000e+00
-1.000e+00
-1.000e+00
-1.000e+00
-1.000e+00
-1.000e+00
-1.000e+00
-1.000e+00
-1.000e+00
-1.000e+00
-1.000e+00
-1.000e+00
-1.000e+00
-1.000e+00
-1.000e+00
-1.000e+00
-1.000e+00
-1.000e+00
-1.000e+00
-1.000e+00
-1.000e+00
-1.000e+00
-1.000e+00
-1.000e+00
-1.000e+00
-1.000e+00
-1.000e+00
-1.000e+00
-1.000e+00
-1.000e+00
-1.000e+00
-1.000e+00
-1.000e+00
-1.000e+00
-1.000e+00
-1.000e+00
-1.000e+00
-1.000e+00
-1.000e+00
-1.000e+00
-1.000e+00
-1.000e+00
-1.000e+00
-1.000e+00
-1.000e+00
-1.000e+00
-1.000e+00
-1.000e+00
-1.000e+00
-1.000e+00
-1.000e+00
-1.000e+00
-1.000e+00
-1.000e+00
-1.000e+00
-1.000e+00
-1.000e+00
-1.000e+00
-1.000e+00
-1.000e+00
-1.000e+00
-1.000e+00
-1.000e+00
-1.000e+00
-1.000e+00
-1.000e+00
-1.000e+00
-1.000e+00
-1.000e+00
-1.000e+00
-1.000e+00
-1.000e+00
-1.000e+00
-1.000e+00
-1.000e+00
-1.000e+00
-1.000e+00
-1.000e+00
-1.000e+00
-1.000e+00
-1.000e+00
-1.000e+00
-1.000e+00
-1.000e+00
-1.000e+00
-1.000e+00
-1.000e+00
-1.000e+00
-1.000e+00
-1.000e+00
-1.000e+00
-1.000e+00
-1.000e+00
-1.000e+00
-1.000e+00
-1.000e+00
-1.000e+00
-1.000e+00
-1.000e+00
-1.000e+00
-1.000e+00
-1.000e+00
-1.000e+00
-1.000e+00
-1.000e+00
-1.000e+00
-1.000e+00
-1.000e+00
-1.000e+00
-1.000e+00
-1.000e+00
-1.000e+00
-1.000e+00
-1.000e+00
-1.000e+00
-1.000e+00
-1.000e+00
-1.000e+00
-1.000e+00
-1.000e+00
-1.000e+00
-1.000e+00
-1.000e+00
-1.000e+00
-1.000e+00
-1.000e+00
-1.000e+00
-1.000e+00
-1.000e+00
-1.000e+00
-1.000e+00
-1.000e+00
-1.000e+00
-1.000e+00
-1.000e+00
-1.000e+00
-1.000e+00
-1.000e+00
-1.000e+00
-1.000e+00
-1.000e+00
-1.000e+00
-1.000e+00
-1.000e+00
-1.000e+00
-1.000e+00
-1.000e+00
-1.000e+00
-1.000e+00
-1.000e+00
-1.000e+00
-1.000e+00
-1.000e+00
-1.000e+00
-1.000e+00
-1.000e+00
-1.000e+00
-1.000e+00
-1.000e+00
-1.000e+00
-1.000e+00
-1.000e+00
-1.000e+00
-1.000e+00
-1.000e+00
-1.000e+00
-1.000e+00
-1.000e+00
-1.000e+00
-1.000e+00
-1.000e+00
-1.000e+00
-1.000e+00
-1.000e+00
-1.000e+00
-1.000e+00
-1.000e+00
-1.000e+00
-1.000e+00
-1.000e+00
-1.000e+00
-1.000e+00
-1.000e+00
-1.000e+00
-1.000e+00
-1.000e+00
-1.000e+00
-1.000e+00
-1.000e+00
-1.000e+00
-1.000e+00
-1.000e+00
-1.000e+00
-1.000e+00
-1.000e+00
-1.000e+00
-1.000e+00
-1.000e+00
-1.000e+00
-1.000e+00
-1.000e+00
-1.000e+00
-1.000e+00
-1.000e+00
-1.000e+00
-1.000e+00
-1.000e+00
-1.000e+00
-1.000e+00
-1.000e+00
-1.000e+00
-1.000e+00
-1.000e+00
-1.000e+00
-1.000e+00
-1.000e+00
-1.000e+00
-1.000e+00
-1.000e+00
-1.000e+00
-1.000e+00
-1.000e+00
-1.000e+00
-1.000e+00
-1.000e+00
-1.000e+00
-1.000e+00
-1.000e+00
-1.000e+00
-1.000e+00
-1.000e+00
-1.000e+00
-1.000e+00
-1.000e+00
-1.000e+00
-1.000e+00
-1.000e+00
-1.000e+00
-1.000e+00
-1.000e+00
-1.000e+00
-1.000e+00
-1.000e+00
-1.000e+00
-1.000e+00
-1.000e+00
-1.000e+00
-1.000e+00
-1.000e+00
-1.000e+00
-1.000e+00
-1.000e+00
-1.000e+00
-1.000e+00
-1.000e+00
-1.000e+00
-1.000e+00
-1.000e+00
-1.000e+00
-1.000e+00
-1.000e+00
-1.000e+00
-1.000e+00
-1.000e+00
-1.000e+00
-1.000e+00
-1.000e+00
-1.000e+00
-1.000e+00
-1.000e+00
-1.000e+00
-1.000e+00
-1.000e+00
-1.000e+00
-1.000e+00
-1.000e+00
-1.000e+00
-1.000e+00
-1.000e+00
-1.000e+00
-1.000e+00
-1.000e+00
-1.000e+00
-1.000e+00
-1.000e+00
-1.000e+00
-1.000e+00
-1.000e+00
-1.000e+00
-1.000e+00
-1.000e+00
-1.000e+00
-1.000e+00
-1.000e+00
-1.000e+00
-1.000e+00
-1.000e+00
-1.000e+00
-1.000e+00
-1.000e+00
-1.000e+00
-1.000e+00
-1.000e+00
-1.000e+00
-1.000e+00
-1.000e+00
-1.000e+00
-1.000e+00
-1.000e+00
-1.000e+00
-1.000e+00
-1.000e+00
-1.000e+00
-1.000e+00
-1.000e+00
-1.000e+00
-1.000e+00
-1.000e+00
-1.000e+00
-1.000e+00
-1.000e+00
-1.000e+00
-1.000e+00
-1.000e+00
-1.000e+00
-1.000e+00
-1.000e+00
-1.000e+00
-1.000e+00
-1.000e+00
-1.000e+00
-1.000e+00
-1.000e+00
-1.000e+00
-1.000e+00
-1.000e+00
-1.000e+00
-1.000e+00
-1.000e+00
-1.000e+00
-1.000e+00
-1.000e+00
-1.000e+00
-1.000e+00
-1.000e+00
-1.000e+00
-1.000e+00
-1.000e+00
-1.000e+00
-1.000e+00
-1.000e+00
-1.000e+00
-1.000e+00
-1.000e+00
-1.000e+00
-1.000e+00
-1.000e+00
-1.000e+00
-1.000e+00
-1.000e+00
-1.000e+00
-1.000e+00
-1.000e+00
-1.000e+00
-1.000e+00
-1.000e+00
-1.000e+00
-1.000e+00
-1.000e+00
-1.000e+00
-1.000e+00
-1.000e+00
-1.000e+00
-1.000e+00
-1.000e+00
-1.000e+00
-1.000e+00
-1.000e+00
-1.000e+00
-1.000e+00
-1.000e+00
-1.000e+00
-1.000e+00
-1.000e+00
-1.000e+00
-1.000e+00
-1.000e+00
-1.000e+00
-1.000e+00
-1.000e+00
-1.000e+00
-1.000e+00
-1.000e+00
-1.000e+00
-1.000e+00
-1.000e+00
-1.000e+00
-1.000e+00
-1.000e+00
-1.000e+00
-1.000e+00
-1.000e+00
-1.000e+00
-1.000e+00
-1.000e+00
-1.000e+00
-1.000e+00
-1.000e+00
-1.000e+00
-1.000e+00
-1.000e+00
-1.000e+00
-1.000e+00
-1.000e+00
-1.000e+00
-1.000e+00
-1.000e+00
-1.000e+00
-1.000e+00
-1.000e+00
-1.000e+00
-1.000e+00
-1.000e+00
-1.000e+00
-1.000e+00
-1.000e+00
-1.000e+00
-1.000e+00
-1.000e+00
-1.000e+00
-1.000e+00
-1.000e+00
-1.000e+00
-1.000e+00
-1.000e+00
-1.000e+00
-1.000e+00
-1.000e+00
-1.000e+00
-1.000e+00
-1.000e+00
-1.000e+00
-1.000e+00
-1.000e+00
-1.000e+00
-1.000e+00
-1.000e+00
-1.000e+00
-1.000e+00
-1.000e+00
-1.000e+00
-1.000e+00
-1.000e+00
-1.000e+00
-1.000e+00
-1.000e+00
-1.000e+00
-1.000e+00
-1.000e+00
-1.000e+00
-1.000e+00
-1.000e+00
-1.000e+00
-1.000e+00
-1.000e+00
-1.000e+00
-1.000e+00
-1.000e+00
-1.000e+00
-1.000e+00
-1.000e+00
-1.000e+00
-1.000e+00
-1.000e+00
-1.000e+00
-1.000e+00
-1.000e+00
-1.000e+00
-1.000e+00
-1.000e+00
-1.000e+00
-1.000e+00
-1.000e+00
-1.000e+00
-1.000e+00
-1.000e+00
-1.000e+00
-1.000e+00
-1.000e+00
-1.000e+00
-1.000e+00
-1.000e+00
-1.000e+00
-1.000e+00
-1.000e+00
-1.000e+00
-1.000e+00
-1.000e+00
-1.000e+00
-1.000e+00
-1.000e+00
-1.000e+00
-1.000e+00
-1.000e+00
-1.000e+00
-1.000e+00
-1.000e+00
-1.000e+00
-1.000e+00
-1.000e+00
-1.000e+00
-1.000e+00
-1.000e+00
-1.000e+00
-1.000e+00
-1.000e+00
-1.000e+00
-1.000e+00
-1.000e+00
-1.000e+00
-1.000e+00
-1.000e+00
-1.000e+00
-1.000e+00
-1.000e+00
-1.000e+00
-1.000e+00
-1.000e+00
-1.000e+00
-1.000e+00
-1.000e+00
-1.000e+00
-1.000e+00
-1.000e+00
-1.000e+00
-1.000e+00
-1.000e+00
-1.000e+00
-1.000e+00
-1.000e+00
-1.000e+00
-1.000e+00
-1.000e+00
-1.000e+00
-1.000e+00
-1.000e+00
-1.000e+00
-1.000e+00
-1.000e+00
-1.000e+00
-1.000e+00
-1.000e+00
-1.000e+00
-1.000e+00
-1.000e+00
-1.000e+00
-1.000e+00
-1.000e+00
-1.000e+00
-1.000e+00
-1.000e+00
-1.000e+00
-1.000e+00
-1.000e+00
-1.000e+00
-1.000e+00
-1.000e+00
-1.000e+00
-1.000e+00
-1.000e+00
-1.000e+00
-1.000e+00
-1.000e+00
-1.000e+00
-1.000e+00
-1.000e+00
-1.000e+00
-1.000e+00
-1.000e+00
-1.000e+00
-1.000e+00
-1.000e+00
-1.000e+00
-1.000e+00
-1.000e+00
-1.000e+00
-1.000e+00
-1.000e+00
-1.000e+00
-1.000e+00
-1.000e+00
-1.000e+00
-1.000e+00
-1.000e+00
-1.000e+00
-1.000e+00
-1.000e+00
-1.000e+00
-1.000e+00
-1.000e+00
-1.000e+00
-1.000e+00
-1.000e+00
-1.000e+00
-1.000e+00
-1.000e+00
-1.000e+00
-1.000e+00
-1.000e+00
-1.000e+00
-1.000e+00
-1.000e+00
-1.000e+00
-1.000e+00
-1.000e+00
-1.000e+00
-1.000e+00
-1.000e+00
-1.000e+00
-1.000e+00
-1.000e+00
-1.000e+00
-1.000e+00
-1.000e+00
-1.000e+00
-1.000e+00
-1.000e+00
-1.000e+00
-1.000e+00
-1.000e+00
-1.000e+00
-1.000e+00
-1.000e+00
-1.000e+00
-1.000e+00
-1.000e+00
-1.000e+00
-1.000e+00
-1.000e+00
-1.000e+00
-1.000e+00
-1.000e+00
-1.000e+00
-1.000e+00
-1.000e+00
-1.000e+00
-1.000e+00
-1.000e+00
-1.000e+00
-1.000e+00
-1.000e+00
-1.000e+00
-1.000e+00
-1.000e+00
-1.000e+00
-1.000e+00
-1.000e+00
-1.000e+00
-1.000e+00
-1.000e+00
-1.000e+00
-1.000e+00
-1.000e+00
-1.000e+00
-1.000e+00
-1.000e+00
-1.000e+00
-1.000e+00
-1.000e+00
-1.000e+00
-1.000e+00
-1.000e+00
-1.000e+00
-1.000e+00
-1.000e+00
-1.000e+00
-1.000e+00
-1.000e+00
-1.000e+00
-1.000e+00
-1.000e+00
-1.000e+00
-1.000e+00
-1.000e+00
-1.000e+00
-1.000e+00
-1.000e+00
-1.000e+00
-1.000e+00
-1.000e+00
-1.000e+00
-1.000e+00
-1.000e+00
-1.000e+00
-1.000e+00
-1.000e+00
-1.000e+00
-1.000e+00
-1.000e+00
-1.000e+00
-1.000e+00
-1.000e+00
-1.000e+00
-1.000e+00
-1.000e+00
-1.000e+00
-1.000e+00
-1.000e+00
-1.000e+00
-1.000e+00
-1.000e+00
-1.000e+00
-1.000e+00
-1.000e+00
-1.000e+00
-1.000e+00
-1.000e+00
-1.000e+00
-1.000e+00
-1.000e+00
-1.000e+00
-1.000e+00
-1.000e+00
-1.000e+00
-1.000e+00
-1.000e+00
-1.000e+00
-1.000e+00
-1.000e+00
-1.000e+00
-1.000e+00
-1.000e+00
-1.000e+00
-1.000e+00
-1.000e+00
-1.000e+00
-1.000e+00
-1.000e+00
-1.000e+00
-1.000e+00
-1.000e+00
-1.000e+00
-1.000e+00
-1.000e+00
-1.000e+00
-1.000e+00
-1.000e+00
-1.000e+00
-1.000e+00
-1.000e+00
-1.000e+00
-1.000e+00
-1.000e+00
-1.000e+00
-1.000e+00
-1.000e+00
-1.000e+00
-1.000e+00
-1.000e+00
-1.000e+00
-1.000e+00
-1.000e+00
-1.000e+00
-1.000e+00
-1.000e+00
-1.000e+00
-1.000e+00
-1.000e+00
-1.000e+00
-1.000e+00
-1.000e+00
-1.000e+00
-1.000e+00
-1.000e+00
-1.000e+00
-1.000e+00
-1.000e+00
-1.000e+00
-1.000e+00
-1.000e+00
-1.000e+00
-1.000e+00
-1.000e+00
-1.000e+00
-1.000e+00
-1.000e+00
-1.000e+00
-1.000e+00
-1.000e+00
-1.000e+00
-1.000e+00
-1.000e+00
-1.000e+00
-1.000e+00
-1.000e+00
-1.000e+00
-1.000e+00
-1.000e+00
-1.000e+00
-1.000e+00
-1.000e+00
-1.000e+00
-1.000e+00
-1.000e+00
-1.000e+00
-1.000e+00
-1.000e+00
-1.000e+00
-1.000e+00
-1.000e+00
-1.000e+00
-1.000e+00
-1.000e+00
-1.000e+00
-1.000e+00
-1.000e+00
-1.000e+00
-1.000e+00
-1.000e+00
-1.000e+00
-1.000e+00
-1.000e+00
-1.000e+00
-1.000e+00
-1.000e+00
-1.000e+00
-1.000e+00
-1.000e+00
-1.000e+00
-1.000e+00
-1.000e+00
-1.000e+00
-1.000e+00
-1.000e+00
-9.988e-01
-9.988e-01
-9.988e-01
-9.988e-01
-9.988e-01
-9.988e-01
-9.988e-01
-9.988e-01
-9.988e-01
-9.988e-01
-9.988e-01
-9.988e-01
-9.988e-01
-9.988e-01
-9.988e-01
-9.988e-01
-9.988e-01
-9.988e-01
-9.988e-01
-9.988e-01
-9.982e-01
-9.988e-01
-9.982e-01
-9.982e-01
-9.982e-01
-9.982e-01
-9.982e-01
-9.982e-01
-9.982e-01
-9.982e-01
-9.982e-01
-9.982e-01
-9.982e-01
-9.982e-01
-9.982e-01
-9.982e-01
-9.982e-01
-9.982e-01
-9.982e-01
-9.982e-01
-9.982e-01
-9.976e-01
-9.988e-01
-9.982e-01
-9.982e-01
-9.982e-01
-9.982e-01
-9.982e-01
-9.982e-01
-9.982e-01
-9.982e-01
-9.982e-01
-9.982e-01
-9.982e-01
-9.982e-01
-9.982e-01
-9.982e-01
-9.982e-01
-9.982e-01
-9.982e-01
-9.982e-01
-9.982e-01
-9.976e-01
-9.988e-01
-9.982e-01
-9.982e-01
-9.982e-01
-9.982e-01
-9.982e-01
-9.982e-01
-9.982e-01
-9.982e-01
-9.982e-01
-9.982e-01
-9.982e-01
-9.982e-01
-9.982e-01
-9.982e-01
-9.982e-01
-9.982e-01
-9.982e-01
-9.982e-01
-9.982e-01
-9.976e-01
-9.988e-01
-9.982e-01
-9.982e-01
-9.982e-01
-9.982e-01
-9.982e-01
-9.982e-01
-9.982e-01
-9.982e-01
-9.982e-01
-9.982e-01
-9.982e-01
-9.982e-01
-9.982e-01
-9.982e-01
-9.982e-01
-9.982e-01
-9.982e-01
-9.982e-01
-9.982e-01
-9.976e-01
-9.988e-01
-9.982e-01
-9.982e-01
-9.982e-01
-9.982e-01
-9.982e-01
-9.982e-01
-9.982e-01
-9.982e-01
-9.982e-01
-9.982e-01
-9.982e-01
-9.982e-01
-9.982e-01
-9.982e-01
-9.982e-01
-9.982e-01
-9.982e-01
-9.982e-01
-9.982e-01
-9.976e-01
-9.988e-01
-9.982e-01
-9.982e-01
-9.982e-01
-9.982e-01
-9.982e-01
-9.982e-01
-9.982e-01
-9.982e-01
-9.982e-01
-9.982e-01
-9.982e-01
-9.982e-01
-9.982e-01
-9.982e-01
-9.982e-01
-9.982e-01
-9.982e-01
-9.982e-01
-9.982e-01
-9.976e-01
-9.988e-01
-9.982e-01
-9.982e-01
-9.982e-01
-9.982e-01
-9.982e-01
-9.982e-01
-9.982e-01
-9.982e-01
-9.982e-01
-9.982e-01
-9.982e-01
-9.982e-01
-9.982e-01
-9.982e-01
-9.982e-01
-9.982e-01
-9.982e-01
-9.982e-01
-9.982e-01
-9.976e-01
-9.988e-01
-9.982e-01
-9.982e-01
-9.982e-01
-9.982e-01
-9.982e-01
-9.982e-01
-9.982e-01
-9.982e-01
-9.982e-01
-9.982e-01
-9.982e-01
-9.982e-01
-9.982e-01
-9.982e-01
-9.982e-01
-9.982e-01
-9.982e-01
-9.982e-01
-9.982e-01
-9.976e-01
-9.988e-01
-9.982e-01
-9.982e-01
-9.982e-01
-9.982e-01
-9.982e-01
-9.982e-01
-9.982e-01
-9.982e-01
-9.982e-01
-9.982e-01
-9.982e-01
-9.982e-01
-9.982e-01
-9.982e-01
-9.982e-01
-9.982e-01
-9.982e-01
-9.982e-01
-9.982e-01
-9.976e-01
-9.988e-01
-9.982e-01
-9.982e-01
-9.982e-01
-9.982e-01
-9.982e-01
-9.982e-01
-9.982e-01
-9.982e-01
-9.982e-01
-9.982e-01
-9.982e-01
-9.982e-01
-9.982e-01
-9.982e-01
-9.982e-01
-9.982e-01
-9.982e-01
-9.982e-01
-9.982e-01
-9.976e-01
-9.988e-01
-9.982e-01
-9.982e-01
-9.982e-01
-9.982e-01
-9.982e-01
-9.982e-01
-9.982e-01
-9.982e-01
-9.982e-01
-9.982e-01
-9.982e-01
-9.982e-01
-9.982e-01
-9.982e-01
-9.982e-01
-9.982e-01
-9.982e-01
-9.982e-01
-9.982e-01
-9.976e-01
-9.988e-01
-9.982e-01
-9.982e-01
-9.982e-01
-9.982e-01
-9.982e-01
-9.982e-01
-9.982e-01
-9.982e-01
-9.982e-01
-9.982e-01
-9.982e-01
-9.982e-01
-9.982e-01
-9.982e-01
-9.982e-01
-9.982e-01
-9.982e-01
-9.982e-01
-9.982e-01
-9.976e-01
-9.988e-01
-9.982e-01
-9.982e-01
-9.982e-01
-9.982e-01
-9.982e-01
-9.982e-01
-9.982e-01
-9.982e-01
-9.982e-01
-9.982e-01
-9.982e-01
-9.982e-01
-9.982e-01
-9.982e-01
-9.982e-01
-9.982e-01
-9.982e-01
-9.982e-01
-9.982e-01
-9.976e-01
-9.988e-01
-9.982e-01
-9.982e-01
-9.982e-01
-9.982e-01
-9.982e-01
-9.982e-01
-9.982e-01
-9.982e-01
-9.982e-01
-9.982e-01
-9.982e-01
-9.982e-01
-9.982e-01
-9.982e-01
-9.982e-01
-9.982e-01
-9.982e-01
-9.982e-01
-9.982e-01
-9.976e-01
-9.988e-01
-9.982e-01
-9.982e-01
-9.982e-01
-9.982e-01
-9.982e-01
-9.982e-01
-9.982e-01
-9.982e-01
-9.982e-01
-9.982e-01
-9.982e-01
-9.982e-01
-9.982e-01
-9.982e-01
-9.982e-01
-9.982e-01
-9.982e-01
-9.982e-01
-9.982e-01
-9.976e-01
-9.988e-01
-9.982e-01
-9.982e-01
-9.982e-01
-9.982e-01
-9.982e-01
-9.982e-01
-9.982e-01
-9.982e-01
-9.982e-01
-9.982e-01
-9.982e-01
-9.982e-01
-9.982e-01
-9.982e-01
-9.982e-01
-9.982e-01
-9.982e-01
-9.982e-01
-9.982e-01
-9.976e-01
-9.988e-01
-9.982e-01
-9.982e-01
-9.982e-01
-9.982e-01
-9.982e-01
-9.982e-01
-9.982e-01
-9.982e-01
-9.982e-01
-9.982e-01
-9.982e-01
-9.982e-01
-9.982e-01
-9.982e-01
-9.982e-01
-9.982e-01
-9.982e-01
-9.982e-01
-9.982e-01
-9.976e-01
-9.988e-01
-9.982e-01
-9.982e-01
-9.982e-01
-9.982e-01
-9.982e-01
-9.982e-01
-9.982e-01
-9.982e-01
-9.982e-01
-9.982e-01
-9.982e-01
-9.982e-01
-9.982e-01
-9.982e-01
-9.982e-01
-9.982e-01
-9.982e-01
-9.982e-01
-9.982e-01
-9.976e-01
-9.988e-01
-9.982e-01
-9.982e-01
-9.982e-01
-9.982e-01
-9.982e-01
-9.982e-01
-9.982e-01
-9.982e-01
-9.982e-01
-9.982e-01
-9.982e-01
-9.982e-01
-9.982e-01
-9.982e-01
-9.982e-01
-9.982e-01
-9.982e-01
-9.982e-01
-9.982e-01
-9.976e-01
-9.982e-01
-9.976e-01
-9.976e-01
-9.976e-01
-9.976e-01
-9.976e-01
-9.976e-01
-9.976e-01
-9.976e-01
-9.976e-01
-9.976e-01
-9.976e-01
-9.976e-01
-9.976e-01
-9.976e-01
-9.976e-01
-9.976e-01
-9.976e-01
-9.976e-01
-9.976e-01
-9.970e-01
