1	0	INDP	IPOND
-2.000e+02
-1.998e+02
-1.997e+02
-1.997e+02
-1.997e+02
-1.997e+02
-1.997e+02
-1.997e+02
-1.997e+02
-1.997e+02
-1.997e+02
-1.997e+02
-1.997e+02
-1.997e+02
-1.997e+02
-1.997e+02
-1.997e+02
-1.997e+02
-1.997e+02
-1.992e+02
-1.655e+02
-1.998e+02
-1.663e+02
-1.663e+02
-1.663e+02
-1.663e+02
-1.663e+02
-1.663e+02
-1.663e+02
-1.663e+02
-1.663e+02
-1.663e+02
-1.663e+02
-1.663e+02
-1.663e+02
-1.663e+02
-1.663e+02
-1.663e+02
-1.663e+02
-1.663e+02
-1.658e+02
-5.965e+01
-1.997e+02
-1.663e+02
-1.662e+02
-1.662e+02
-1.662e+02
-1.662e+02
-1.662e+02
-1.662e+02
-1.662e+02
-1.662e+02
-1.662e+02
-1.662e+02
-1.662e+02
-1.662e+02
-1.662e+02
-1.662e+02
-1.662e+02
-1.662e+02
-1.662e+02
-1.657e+02
-6.036e+01
-1.997e+02
-1.663e+02
-1.662e+02
-1.662e+02
-1.662e+02
-1.662e+02
-1.662e+02
-1.662e+02
-1.662e+02
-1.662e+02
-1.662e+02
-1.662e+02
-1.662e+02
-1.662e+02
-1.662e+02
-1.662e+02
-1.662e+02
-1.662e+02
-1.662e+02
-1.657e+02
-6.036e+01
-1.997e+02
-1.663e+02
-1.662e+02
-1.662e+02
-1.662e+02
-1.662e+02
-1.662e+02
-1.662e+02
-1.662e+02
-1.662e+02
-1.662e+02
-1.662e+02
-1.662e+02
-1.662e+02
-1.662e+02
-1.662e+02
-1.662e+02
-1.662e+02
-1.662e+02
-1.657e+02
-6.036e+01
-1.997e+02
-1.663e+02
-1.662e+02
-1.662e+02
-1.662e+02
-1.662e+02
-1.662e+02
-1.662e+02
-1.662e+02
-1.662e+02
-1.662e+02
-1.662e+02
-1.662e+02
-1.662e+02
-1.662e+02
-1.662e+02
-1.662e+02
-1.662e+02
-1.662e+02
-1.657e+02
-6.036e+01
-1.997e+02
-1.663e+02
-1.662e+02
-1.662e+02
-1.662e+02
-1.662e+02
-1.662e+02
-1.662e+02
-1.662e+02
-1.662e+02
-1.662e+02
-1.662e+02
-1.662e+02
-1.662e+02
-1.662e+02
-1.662e+02
-1.662e+02
-1.662e+02
-1.662e+02
-1.657e+02
-6.036e+01
-1.997e+02
-1.663e+02
-1.662e+02
-1.662e+02
-1.662e+02
-1.662e+02
-1.662e+02
-1.662e+02
-1.662e+02
-1.662e+02
-1.662e+02
-1.662e+02
-1.662e+02
-1.662e+02
-1.662e+02
-1.662e+02
-1.662e+02
-1.662e+02
-1.662e+02
-1.657e+02
-6.036e+01
-1.998e+02
-1.663e+02
-1.662e+02
-1.662e+02
-1.662e+02
-1.662e+02
-1.662e+02
-1.662e+02
-1.662e+02
-1.662e+02
-1.662e+02
-1.662e+02
-1.662e+02
-1.662e+02
-1.662e+02
-1.662e+02
-1.662e+02
-1.662e+02
-1.662e+02
-1.657e+02
-6.040e+01
-1.998e+02
-1.669e+02
-1.668e+02
-1.668e+02
-1.668e+02
-1.668e+02
-1.668e+02
-1.668e+02
-1.668e+02
-1.668e+02
-1.668e+02
-1.668e+02
-1.668e+02
-1.668e+02
-1.668e+02
-1.668e+02
-1.668e+02
-1.668e+02
-1.668e+02
-1.666e+02
-5.990e+01
-2.001e+02
-2.000e+02
-2.000e+02
-2.000e+02
-2.000e+02
-2.000e+02
-2.000e+02
-2.000e+02
-2.000e+02
-2.000e+02
-2.000e+02
-2.000e+02
-2.000e+02
-2.000e+02
-2.000e+02
-2.000e+02
-2.000e+02
-2.000e+02
-2.000e+02
-2.000e+02
-2.000e+02
-2.012e+02
-2.005e+02
-2.005e+02
-2.005e+02
-2.005e+02
-2.005e+02
-2.005e+02
-2.005e+02
-2.005e+02
-2.005e+02
-2.005e+02
-2.005e+02
-2.005e+02
-2.005e+02
-2.005e+02
-2.005e+02
-2.005e+02
-2.005e+02
-2.005e+02
-2.005e+02
-2.002e+02
-2.012e+02
-2.005e+02
-2.005e+02
-2.005e+02
-2.005e+02
-2.005e+02
-2.005e+02
-2.005e+02
-2.005e+02
-2.005e+02
-2.005e+02
-2.005e+02
-2.005e+02
-2.005e+02
-2.005e+02
-2.005e+02
-2.005e+02
-2.005e+02
-2.005e+02
-2.005e+02
-2.002e+02
-2.012e+02
-2.005e+02
-2.005e+02
-2.005e+02
-2.005e+02
-2.005e+02
-2.005e+02
-2.005e+02
-2.005e+02
-2.005e+02
-2.005e+02
-2.005e+02
-2.005e+02
-2.005e+02
-2.005e+02
-2.005e+02
-2.005e+02
-2.005e+02
-2.005e+02
-2.005e+02
-2.002e+02
-2.012e+02
-2.005e+02
-2.005e+02
-2.005e+02
-2.005e+02
-2.005e+02
-2.005e+02
-2.005e+02
-2.005e+02
-2.005e+02
-2.005e+02
-2.005e+02
-2.005e+02
-2.005e+02
-2.005e+02
-2.005e+02
-2.005e+02
-2.005e+02
-2.005e+02
-2.005e+02
-2.002e+02
-2.012e+02
-2.005e+02
-2.005e+02
-2.005e+02
-2.005e+02
-2.005e+02
-2.005e+02
-2.005e+02
-2.005e+02
-2.005e+02
-2.005e+02
-2.005e+02
-2.005e+02
-2.005e+02
-2.005e+02
-2.005e+02
-2.005e+02
-2.005e+02
-2.005e+02
-2.005e+02
-2.002e+02
-2.012e+02
-2.005e+02
-2.005e+02
-2.005e+02
-2.005e+02
-2.005e+02
-2.005e+02
-2.005e+02
-2.005e+02
-2.005e+02
-2.005e+02
-2.005e+02
-2.005e+02
-2.005e+02
-2.005e+02
-2.005e+02
-2.005e+02
-2.005e+02
-2.005e+02
-2.005e+02
-2.002e+02
-2.012e+02
-2.005e+02
-2.005e+02
-2.005e+02
-2.005e+02
-2.005e+02
-2.005e+02
-2.005e+02
-2.005e+02
-2.005e+02
-2.005e+02
-2.005e+02
-2.005e+02
-2.005e+02
-2.005e+02
-2.005e+02
-2.005e+02
-2.005e+02
-2.005e+02
-2.005e+02
-2.002e+02
-2.012e+02
-2.005e+02
-2.005e+02
-2.005e+02
-2.005e+02
-2.005e+02
-2.005e+02
-2.005e+02
-2.005e+02
-2.005e+02
-2.005e+02
-2.005e+02
-2.005e+02
-2.005e+02
-2.005e+02
-2.005e+02
-2.005e+02
-2.005e+02
-2.005e+02
-2.005e+02
-2.002e+02
-2.011e+02
-2.005e+02
-2.005e+02
-2.005e+02
-2.005e+02
-2.005e+02
-2.005e+02
-2.005e+02
-2.005e+02
-2.005e+02
-2.005e+02
-2.005e+02
-2.005e+02
-2.005e+02
-2.005e+02
-2.005e+02
-2.005e+02
-2.005e+02
-2.005e+02
-2.005e+02
-2.002e+02
-2.005e+02
-2.002e+02
-2.002e+02
-2.002e+02
-2.002e+02
-2.002e+02
-2.002e+02
-2.002e+02
-2.002e+02
-2.002e+02
-2.002e+02
-2.002e+02
-2.002e+02
-2.002e+02
-2.002e+02
-2.002e+02
-2.002e+02
-2.002e+02
-2.002e+02
-2.002e+02
-2.001e+02
-1.990e+02
-1.955e+02
-1.955e+02
-1.955e+02
-1.955e+02
-1.955e+02
-1.955e+02
-1.955e+02
-1.955e+02
-1.955e+02
-1.955e+02
-1.955e+02
-1.955e+02
-1.955e+02
-1.955e+02
-1.955e+02
-1.955e+02
-1.955e+02
-1.955e+02
-1.960e+02
-1.634e+02
-1.955e+02
-1.635e+02
-1.635e+02
-1.635e+02
-1.635e+02
-1.635e+02
-1.635e+02
-1.635e+02
-1.635e+02
-1.635e+02
-1.635e+02
-1.635e+02
-1.635e+02
-1.635e+02
-1.635e+02
-1.635e+02
-1.635e+02
-1.635e+02
-1.635e+02
-1.635e+02
-1.015e+02
-1.955e+02
-1.635e+02
-1.635e+02
-1.635e+02
-1.635e+02
-1.635e+02
-1.635e+02
-1.635e+02
-1.635e+02
-1.635e+02
-1.635e+02
-1.635e+02
-1.635e+02
-1.635e+02
-1.635e+02
-1.635e+02
-1.635e+02
-1.635e+02
-1.635e+02
-1.635e+02
-1.014e+02
-1.955e+02
-1.635e+02
-1.635e+02
-1.635e+02
-1.635e+02
-1.635e+02
-1.635e+02
-1.635e+02
-1.635e+02
-1.635e+02
-1.635e+02
-1.635e+02
-1.635e+02
-1.635e+02
-1.635e+02
-1.635e+02
-1.635e+02
-1.635e+02
-1.635e+02
-1.635e+02
-1.014e+02
-1.955e+02
-1.635e+02
-1.635e+02
-1.635e+02
-1.635e+02
-1.635e+02
-1.635e+02
-1.635e+02
-1.635e+02
-1.635e+02
-1.635e+02
-1.635e+02
-1.635e+02
-1.635e+02
-1.635e+02
-1.635e+02
-1.635e+02
-1.635e+02
-1.635e+02
-1.635e+02
-1.014e+02
-1.955e+02
-1.635e+02
-1.635e+02
-1.635e+02
-1.635e+02
-1.635e+02
-1.635e+02
-1.635e+02
-1.635e+02
-1.635e+02
-1.635e+02
-1.635e+02
-1.635e+02
-1.635e+02
-1.635e+02
-1.635e+02
-1.635e+02
-1.635e+02
-1.635e+02
-1.635e+02
-1.014e+02
-1.955e+02
-1.635e+02
-1.635e+02
-1.635e+02
-1.635e+02
-1.635e+02
-1.635e+02
-1.635e+02
-1.635e+02
-1.635e+02
-1.635e+02
-1.635e+02
-1.635e+02
-1.635e+02
-1.635e+02
-1.635e+02
-1.635e+02
-1.635e+02
-1.635e+02
-1.635e+02
-1.014e+02
-1.955e+02
-1.635e+02
-1.635e+02
-1.635e+02
-1.635e+02
-1.635e+02
-1.635e+02
-1.635e+02
-1.635e+02
-1.635e+02
-1.635e+02
-1.635e+02
-1.635e+02
-1.635e+02
-1.635e+02
-1.635e+02
-1.635e+02
-1.635e+02
-1.635e+02
-1.635e+02
-1.014e+02
-1.955e+02
-1.635e+02
-1.635e+02
-1.635e+02
-1.635e+02
-1.635e+02
-1.635e+02
-1.635e+02
-1.635e+02
-1.635e+02
-1.635e+02
-1.635e+02
-1.635e+02
-1.635e+02
-1.635e+02
-1.635e+02
-1.635e+02
-1.635e+02
-1.635e+02
-1.635e+02
-1.014e+02
-1.956e+02
-1.641e+02
-1.642e+02
-1.642e+02
-1.642e+02
-1.642e+02
-1.642e+02
-1.642e+02
-1.642e+02
-1.642e+02
-1.642e+02
-1.642e+02
-1.642e+02
-1.642e+02
-1.642e+02
-1.642e+02
-1.642e+02
-1.642e+02
-1.642e+02
-1.642e+02
-1.025e+02
-2.000e+02
-2.000e+02
-2.000e+02
-2.000e+02
-2.000e+02
-2.000e+02
-2.000e+02
-2.000e+02
-2.000e+02
-2.000e+02
-2.000e+02
-2.000e+02
-2.000e+02
-2.000e+02
-2.000e+02
-2.000e+02
-2.000e+02
-2.000e+02
-2.000e+02
-2.000e+02
-2.000e+02
-2.007e+02
-2.004e+02
-2.004e+02
-2.004e+02
-2.004e+02
-2.004e+02
-2.004e+02
-2.004e+02
-2.004e+02
-2.004e+02
-2.004e+02
-2.004e+02
-2.004e+02
-2.004e+02
-2.004e+02
-2.004e+02
-2.004e+02
-2.004e+02
-2.004e+02
-2.004e+02
-2.003e+02
-2.007e+02
-2.004e+02
-2.004e+02
-2.004e+02
-2.004e+02
-2.004e+02
-2.004e+02
-2.004e+02
-2.004e+02
-2.004e+02
-2.004e+02
-2.004e+02
-2.004e+02
-2.004e+02
-2.004e+02
-2.004e+02
-2.004e+02
-2.004e+02
-2.004e+02
-2.004e+02
-2.003e+02
-2.007e+02
-2.004e+02
-2.004e+02
-2.004e+02
-2.004e+02
-2.004e+02
-2.004e+02
-2.004e+02
-2.004e+02
-2.004e+02
-2.004e+02
-2.004e+02
-2.004e+02
-2.004e+02
-2.004e+02
-2.004e+02
-2.004e+02
-2.004e+02
-2.004e+02
-2.004e+02
-2.003e+02
-2.007e+02
-2.004e+02
-2.004e+02
-2.004e+02
-2.004e+02
-2.004e+02
-2.004e+02
-2.004e+02
-2.004e+02
-2.004e+02
-2.004e+02
-2.004e+02
-2.004e+02
-2.004e+02
-2.004e+02
-2.004e+02
-2.004e+02
-2.004e+02
-2.004e+02
-2.004e+02
-2.003e+02
-2.007e+02
-2.004e+02
-2.004e+02
-2.004e+02
-2.004e+02
-2.004e+02
-2.004e+02
-2.004e+02
-2.004e+02
-2.004e+02
-2.004e+02
-2.004e+02
-2.004e+02
-2.004e+02
-2.004e+02
-2.004e+02
-2.004e+02
-2.004e+02
-2.004e+02
-2.004e+02
-2.003e+02
-2.007e+02
-2.004e+02
-2.004e+02
-2.004e+02
-2.004e+02
-2.004e+02
-2.004e+02
-2.004e+02
-2.004e+02
-2.004e+02
-2.004e+02
-2.004e+02
-2.004e+02
-2.004e+02
-2.004e+02
-2.004e+02
-2.004e+02
-2.004e+02
-2.004e+02
-2.004e+02
-2.003e+02
-2.007e+02
-2.004e+02
-2.004e+02
-2.004e+02
-2.004e+02
-2.004e+02
-2.004e+02
-2.004e+02
-2.004e+02
-2.004e+02
-2.004e+02
-2.004e+02
-2.004e+02
-2.004e+02
-2.004e+02
-2.004e+02
-2.004e+02
-2.004e+02
-2.004e+02
-2.004e+02
-2.003e+02
-2.007e+02
-2.004e+02
-2.004e+02
-2.004e+02
-2.004e+02
-2.004e+02
-2.004e+02
-2.004e+02
-2.004e+02
-2.004e+02
-2.004e+02
-2.004e+02
-2.004e+02
-2.004e+02
-2.004e+02
-2.004e+02
-2.004e+02
-2.004e+02
-2.004e+02
-2.004e+02
-2.003e+02
-2.007e+02
-2.004e+02
-2.004e+02
-2.004e+02
-2.004e+02
-2.004e+02
-2.004e+02
-2.004e+02
-2.004e+02
-2.004e+02
-2.004e+02
-2.004e+02
-2.004e+02
-2.004e+02
-2.004e+02
-2.004e+02
-2.004e+02
-2.004e+02
-2.004e+02
-2.004e+02
-2.003e+02
-2.004e+02
-2.003e+02
-2.003e+02
-2.003e+02
-2.003e+02
-2.003e+02
-2.003e+02
-2.003e+02
-2.003e+02
-2.003e+02
-2.003e+02
-2.003e+02
-2.003e+02
-2.003e+02
-2.003e+02
-2.003e+02
-2.003e+02
-2.003e+02
-2.003e+02
-2.003e+02
-2.003e+02
-1.920e+02
-1.842e+02
-1.843e+02
-1.843e+02
-1.843e+02
-1.843e+02
-1.843e+02
-1.843e+02
-1.843e+02
-1.843e+02
-1.843e+02
-1.843e+02
-1.843e+02
-1.843e+02
-1.843e+02
-1.843e+02
-1.843e+02
-1.843e+02
-1.842e+02
-1.847e+02
-1.567e+02
-1.842e+02
-1.568e+02
-1.567e+02
-1.567e+02
-1.567e+02
-1.567e+02
-1.567e+02
-1.567e+02
-1.567e+02
-1.567e+02
-1.567e+02
-1.567e+02
-1.567e+02
-1.567e+02
-1.567e+02
-1.567e+02
-1.567e+02
-1.567e+02
-1.567e+02
-1.567e+02
-1.211e+02
-1.843e+02
-1.567e+02
-1.567e+02
-1.567e+02
-1.567e+02
-1.567e+02
-1.567e+02
-1.567e+02
-1.567e+02
-1.567e+02
-1.567e+02
-1.567e+02
-1.567e+02
-1.567e+02
-1.567e+02
-1.567e+02
-1.567e+02
-1.567e+02
-1.567e+02
-1.567e+02
-1.209e+02
-1.843e+02
-1.567e+02
-1.567e+02
-1.567e+02
-1.567e+02
-1.567e+02
-1.567e+02
-1.567e+02
-1.567e+02
-1.567e+02
-1.567e+02
-1.567e+02
-1.567e+02
-1.567e+02
-1.567e+02
-1.567e+02
-1.567e+02
-1.567e+02
-1.567e+02
-1.567e+02
-1.209e+02
-1.843e+02
-1.567e+02
-1.567e+02
-1.567e+02
-1.567e+02
-1.567e+02
-1.567e+02
-1.567e+02
-1.567e+02
-1.567e+02
-1.567e+02
-1.567e+02
-1.567e+02
-1.567e+02
-1.567e+02
-1.567e+02
-1.567e+02
-1.567e+02
-1.567e+02
-1.567e+02
-1.209e+02
-1.843e+02
-1.567e+02
-1.567e+02
-1.567e+02
-1.567e+02
-1.567e+02
-1.567e+02
-1.567e+02
-1.567e+02
-1.567e+02
-1.567e+02
-1.567e+02
-1.567e+02
-1.567e+02
-1.567e+02
-1.567e+02
-1.567e+02
-1.567e+02
-1.567e+02
-1.567e+02
-1.209e+02
-1.843e+02
-1.567e+02
-1.567e+02
-1.567e+02
-1.567e+02
-1.567e+02
-1.567e+02
-1.567e+02
-1.567e+02
-1.567e+02
-1.567e+02
-1.567e+02
-1.567e+02
-1.567e+02
-1.567e+02
-1.567e+02
-1.567e+02
-1.567e+02
-1.567e+02
-1.567e+02
-1.209e+02
-1.843e+02
-1.567e+02
-1.567e+02
-1.567e+02
-1.567e+02
-1.567e+02
-1.567e+02
-1.567e+02
-1.567e+02
-1.567e+02
-1.567e+02
-1.567e+02
-1.567e+02
-1.567e+02
-1.567e+02
-1.567e+02
-1.567e+02
-1.567e+02
-1.567e+02
-1.567e+02
-1.209e+02
-1.842e+02
-1.567e+02
-1.567e+02
-1.567e+02
-1.567e+02
-1.567e+02
-1.567e+02
-1.567e+02
-1.567e+02
-1.567e+02
-1.567e+02
-1.567e+02
-1.567e+02
-1.567e+02
-1.567e+02
-1.567e+02
-1.567e+02
-1.567e+02
-1.567e+02
-1.567e+02
-1.209e+02
-1.845e+02
-1.581e+02
-1.581e+02
-1.581e+02
-1.581e+02
-1.581e+02
-1.581e+02
-1.581e+02
-1.581e+02
-1.581e+02
-1.581e+02
-1.581e+02
-1.581e+02
-1.581e+02
-1.581e+02
-1.581e+02
-1.581e+02
-1.581e+02
-1.581e+02
-1.581e+02
-1.225e+02
-2.000e+02
-2.000e+02
-2.000e+02
-2.000e+02
-2.000e+02
-2.000e+02
-2.000e+02
-2.000e+02
-2.000e+02
-2.000e+02
-2.000e+02
-2.000e+02
-2.000e+02
-2.000e+02
-2.000e+02
-2.000e+02
-2.000e+02
-2.000e+02
-2.000e+02
-2.000e+02
-2.000e+02
-2.004e+02
-2.003e+02
-2.003e+02
-2.003e+02
-2.003e+02
-2.003e+02
-2.003e+02
-2.003e+02
-2.003e+02
-2.003e+02
-2.003e+02
-2.003e+02
-2.003e+02
-2.003e+02
-2.003e+02
-2.003e+02
-2.003e+02
-2.003e+02
-2.003e+02
-2.003e+02
-2.002e+02
-2.004e+02
-2.003e+02
-2.003e+02
-2.003e+02
-2.003e+02
-2.003e+02
-2.003e+02
-2.003e+02
-2.003e+02
-2.003e+02
-2.003e+02
-2.003e+02
-2.003e+02
-2.003e+02
-2.003e+02
-2.003e+02
-2.003e+02
-2.003e+02
-2.003e+02
-2.003e+02
-2.002e+02
-2.004e+02
-2.003e+02
-2.003e+02
-2.003e+02
-2.003e+02
-2.003e+02
-2.003e+02
-2.003e+02
-2.003e+02
-2.003e+02
-2.003e+02
-2.003e+02
-2.003e+02
-2.003e+02
-2.003e+02
-2.003e+02
-2.003e+02
-2.003e+02
-2.003e+02
-2.003e+02
-2.002e+02
-2.004e+02
-2.003e+02
-2.003e+02
-2.003e+02
-2.003e+02
-2.003e+02
-2.003e+02
-2.003e+02
-2.003e+02
-2.003e+02
-2.003e+02
-2.003e+02
-2.003e+02
-2.003e+02
-2.003e+02
-2.003e+02
-2.003e+02
-2.003e+02
-2.003e+02
-2.003e+02
-2.002e+02
-2.004e+02
-2.003e+02
-2.003e+02
-2.003e+02
-2.003e+02
-2.003e+02
-2.003e+02
-2.003e+02
-2.003e+02
-2.003e+02
-2.003e+02
-2.003e+02
-2.003e+02
-2.003e+02
-2.003e+02
-2.003e+02
-2.003e+02
-2.003e+02
-2.003e+02
-2.003e+02
-2.002e+02
-2.004e+02
-2.003e+02
-2.003e+02
-2.003e+02
-2.003e+02
-2.003e+02
-2.003e+02
-2.003e+02
-2.003e+02
-2.003e+02
-2.003e+02
-2.003e+02
-2.003e+02
-2.003e+02
-2.003e+02
-2.003e+02
-2.003e+02
-2.003e+02
-2.003e+02
-2.003e+02
-2.002e+02
-2.004e+02
-2.003e+02
-2.003e+02
-2.003e+02
-2.003e+02
-2.003e+02
-2.003e+02
-2.003e+02
-2.003e+02
-2.003e+02
-2.003e+02
-2.003e+02
-2.003e+02
-2.003e+02
-2.003e+02
-2.003e+02
-2.003e+02
-2.003e+02
-2.003e+02
-2.003e+02
-2.002e+02
-2.004e+02
-2.003e+02
-2.003e+02
-2.003e+02
-2.003e+02
-2.003e+02
-2.003e+02
-2.003e+02
-2.003e+02
-2.003e+02
-2.003e+02
-2.003e+02
-2.003e+02
-2.003e+02
-2.003e+02
-2.003e+02
-2.003e+02
-2.003e+02
-2.003e+02
-2.003e+02
-2.002e+02
-2.004e+02
-2.003e+02
-2.003e+02
-2.003e+02
-2.003e+02
-2.003e+02
-2.003e+02
-2.003e+02
-2.003e+02
-2.003e+02
-2.003e+02
-2.003e+02
-2.003e+02
-2.003e+02
-2.003e+02
-2.003e+02
-2.003e+02
-2.003e+02
-2.003e+02
-2.003e+02
-2.002e+02
-2.003e+02
-2.002e+02
-2.002e+02
-2.002e+02
-2.002e+02
-2.002e+02
-2.002e+02
-2.002e+02
-2.002e+02
-2.002e+02
-2.002e+02
-2.002e+02
-2.002e+02
-2.002e+02
-2.002e+02
-2.002e+02
-2.002e+02
-2.002e+02
-2.002e+02
-2.002e+02
-2.002e+02
-1.776e+02
-1.682e+02
-1.682e+02
-1.682e+02
-1.682e+02
-1.682e+02
-1.682e+02
-1.682e+02
-1.682e+02
-1.682e+02
-1.682e+02
-1.682e+02
-1.682e+02
-1.682e+02
-1.682e+02
-1.682e+02
-1.682e+02
-1.682e+02
-1.682e+02
-1.683e+02
-1.447e+02
-1.682e+02
-1.445e+02
-1.445e+02
-1.445e+02
-1.445e+02
-1.445e+02
-1.445e+02
-1.445e+02
-1.445e+02
-1.445e+02
-1.445e+02
-1.445e+02
-1.445e+02
-1.445e+02
-1.445e+02
-1.445e+02
-1.445e+02
-1.445e+02
-1.445e+02
-1.446e+02
-1.183e+02
-1.682e+02
-1.445e+02
-1.445e+02
-1.445e+02
-1.445e+02
-1.445e+02
-1.445e+02
-1.445e+02
-1.445e+02
-1.445e+02
-1.445e+02
-1.445e+02
-1.445e+02
-1.445e+02
-1.445e+02
-1.445e+02
-1.445e+02
-1.445e+02
-1.445e+02
-1.445e+02
-1.183e+02
-1.682e+02
-1.445e+02
-1.445e+02
-1.445e+02
-1.445e+02
-1.445e+02
-1.445e+02
-1.445e+02
-1.445e+02
-1.445e+02
-1.445e+02
-1.445e+02
-1.445e+02
-1.445e+02
-1.445e+02
-1.445e+02
-1.445e+02
-1.445e+02
-1.445e+02
-1.445e+02
-1.183e+02
-1.682e+02
-1.445e+02
-1.445e+02
-1.445e+02
-1.445e+02
-1.445e+02
-1.445e+02
-1.445e+02
-1.445e+02
-1.445e+02
-1.445e+02
-1.445e+02
-1.445e+02
-1.445e+02
-1.445e+02
-1.445e+02
-1.445e+02
-1.445e+02
-1.445e+02
-1.445e+02
-1.183e+02
-1.682e+02
-1.445e+02
-1.445e+02
-1.445e+02
-1.445e+02
-1.445e+02
-1.445e+02
-1.445e+02
-1.445e+02
-1.445e+02
-1.445e+02
-1.445e+02
-1.445e+02
-1.445e+02
-1.445e+02
-1.445e+02
-1.445e+02
-1.445e+02
-1.445e+02
-1.445e+02
-1.183e+02
-1.682e+02
-1.445e+02
-1.445e+02
-1.445e+02
-1.445e+02
-1.445e+02
-1.445e+02
-1.445e+02
-1.445e+02
-1.445e+02
-1.445e+02
-1.445e+02
-1.445e+02
-1.445e+02
-1.445e+02
-1.445e+02
-1.445e+02
-1.445e+02
-1.445e+02
-1.445e+02
-1.183e+02
-1.682e+02
-1.445e+02
-1.445e+02
-1.445e+02
-1.445e+02
-1.445e+02
-1.445e+02
-1.445e+02
-1.445e+02
-1.445e+02
-1.445e+02
-1.445e+02
-1.445e+02
-1.445e+02
-1.445e+02
-1.445e+02
-1.445e+02
-1.445e+02
-1.445e+02
-1.445e+02
-1.183e+02
-1.683e+02
-1.445e+02
-1.445e+02
-1.445e+02
-1.445e+02
-1.445e+02
-1.445e+02
-1.445e+02
-1.445e+02
-1.445e+02
-1.445e+02
-1.445e+02
-1.445e+02
-1.445e+02
-1.445e+02
-1.445e+02
-1.445e+02
-1.445e+02
-1.445e+02
-1.445e+02
-1.183e+02
-1.688e+02
-1.455e+02
-1.455e+02
-1.455e+02
-1.455e+02
-1.455e+02
-1.455e+02
-1.455e+02
-1.455e+02
-1.455e+02
-1.455e+02
-1.455e+02
-1.455e+02
-1.455e+02
-1.455e+02
-1.455e+02
-1.455e+02
-1.455e+02
-1.455e+02
-1.455e+02
-1.191e+02
-2.000e+02
-2.000e+02
-2.000e+02
-2.000e+02
-2.000e+02
-2.000e+02
-2.000e+02
-2.000e+02
-2.000e+02
-2.000e+02
-2.000e+02
-2.000e+02
-2.000e+02
-2.000e+02
-2.000e+02
-2.000e+02
-2.000e+02
-2.000e+02
-2.000e+02
-2.000e+02
-2.000e+02
-2.001e+02
-2.001e+02
-2.001e+02
-2.001e+02
-2.001e+02
-2.001e+02
-2.001e+02
-2.001e+02
-2.001e+02
-2.001e+02
-2.001e+02
-2.001e+02
-2.001e+02
-2.001e+02
-2.001e+02
-2.001e+02
-2.001e+02
-2.001e+02
-2.001e+02
-2.001e+02
-2.001e+02
-2.001e+02
-2.001e+02
-2.001e+02
-2.001e+02
-2.001e+02
-2.001e+02
-2.001e+02
-2.001e+02
-2.001e+02
-2.001e+02
-2.001e+02
-2.001e+02
-2.001e+02
-2.001e+02
-2.001e+02
-2.001e+02
-2.001e+02
-2.001e+02
-2.001e+02
-2.001e+02
-2.001e+02
-2.001e+02
-2.001e+02
-2.001e+02
-2.001e+02
-2.001e+02
-2.001e+02
-2.001e+02
-2.001e+02
-2.001e+02
-2.001e+02
-2.001e+02
-2.001e+02
-2.001e+02
-2.001e+02
-2.001e+02
-2.001e+02
-2.001e+02
-2.001e+02
-2.001e+02
-2.001e+02
-2.001e+02
-2.001e+02
-2.001e+02
-2.001e+02
-2.001e+02
-2.001e+02
-2.001e+02
-2.001e+02
-2.001e+02
-2.001e+02
-2.001e+02
-2.001e+02
-2.001e+02
-2.001e+02
-2.001e+02
-2.001e+02
-2.001e+02
-2.001e+02
-2.001e+02
-2.001e+02
-2.001e+02
-2.001e+02
-2.001e+02
-2.001e+02
-2.001e+02
-2.001e+02
-2.001e+02
-2.001e+02
-2.001e+02
-2.001e+02
-2.001e+02
-2.001e+02
-2.001e+02
-2.001e+02
-2.001e+02
-2.001e+02
-2.001e+02
-2.001e+02
-2.001e+02
-2.001e+02
-2.001e+02
-2.001e+02
-2.001e+02
-2.001e+02
-2.001e+02
-2.001e+02
-2.001e+02
-2.001e+02
-2.001e+02
-2.001e+02
-2.001e+02
-2.001e+02
-2.001e+02
-2.001e+02
-2.001e+02
-2.001e+02
-2.001e+02
-2.001e+02
-2.001e+02
-2.001e+02
-2.001e+02
-2.001e+02
-2.001e+02
-2.001e+02
-2.001e+02
-2.001e+02
-2.001e+02
-2.001e+02
-2.001e+02
-2.001e+02
-2.001e+02
-2.001e+02
-2.001e+02
-2.001e+02
-2.001e+02
-2.001e+02
-2.001e+02
-2.001e+02
-2.001e+02
-2.001e+02
-2.001e+02
-2.001e+02
-2.001e+02
-2.001e+02
-2.001e+02
-2.001e+02
-2.001e+02
-2.001e+02
-2.001e+02
-2.001e+02
-2.001e+02
-2.001e+02
-2.001e+02
-2.001e+02
-2.001e+02
-2.001e+02
-2.001e+02
-2.001e+02
-2.001e+02
-2.001e+02
-2.001e+02
-2.001e+02
-2.001e+02
-2.001e+02
-2.001e+02
-2.001e+02
-2.001e+02
-2.001e+02
-2.001e+02
-2.001e+02
-2.001e+02
-2.001e+02
-2.001e+02
-2.001e+02
-2.001e+02
-2.001e+02
-2.001e+02
-2.001e+02
-2.001e+02
-2.001e+02
-2.001e+02
-2.001e+02
-2.001e+02
-2.001e+02
-2.001e+02
-2.001e+02
-2.001e+02
-2.001e+02
-2.001e+02
-2.001e+02
-2.001e+02
-2.001e+02
-2.001e+02
-2.001e+02
-2.001e+02
-2.001e+02
-2.001e+02
-2.001e+02
-2.001e+02
-2.001e+02
-2.001e+02
-2.001e+02
-2.001e+02
-2.001e+02
-2.001e+02
-2.001e+02
-2.001e+02
-2.001e+02
-1.494e+02
-1.390e+02
-1.390e+02
-1.390e+02
-1.390e+02
-1.390e+02
-1.390e+02
-1.390e+02
-1.390e+02
-1.390e+02
-1.390e+02
-1.390e+02
-1.390e+02
-1.390e+02
-1.390e+02
-1.390e+02
-1.390e+02
-1.390e+02
-1.390e+02
-1.390e+02
-1.175e+02
-1.390e+02
-1.175e+02
-1.175e+02
-1.175e+02
-1.175e+02
-1.175e+02
-1.175e+02
-1.175e+02
-1.175e+02
-1.175e+02
-1.175e+02
-1.175e+02
-1.175e+02
-1.175e+02
-1.175e+02
-1.175e+02
-1.175e+02
-1.175e+02
-1.175e+02
-1.175e+02
-9.751e+01
-1.390e+02
-1.175e+02
-1.175e+02
-1.175e+02
-1.175e+02
-1.175e+02
-1.175e+02
-1.175e+02
-1.175e+02
-1.175e+02
-1.175e+02
-1.175e+02
-1.175e+02
-1.175e+02
-1.175e+02
-1.175e+02
-1.175e+02
-1.175e+02
-1.175e+02
-1.175e+02
-9.751e+01
-1.390e+02
-1.175e+02
-1.175e+02
-1.175e+02
-1.175e+02
-1.175e+02
-1.175e+02
-1.175e+02
-1.175e+02
-1.175e+02
-1.175e+02
-1.175e+02
-1.175e+02
-1.175e+02
-1.175e+02
-1.175e+02
-1.175e+02
-1.175e+02
-1.175e+02
-1.175e+02
-9.751e+01
-1.390e+02
-1.175e+02
-1.175e+02
-1.175e+02
-1.175e+02
-1.175e+02
-1.175e+02
-1.175e+02
-1.175e+02
-1.175e+02
-1.175e+02
-1.175e+02
-1.175e+02
-1.175e+02
-1.175e+02
-1.175e+02
-1.175e+02
-1.175e+02
-1.175e+02
-1.175e+02
-9.751e+01
-1.390e+02
-1.175e+02
-1.175e+02
-1.175e+02
-1.175e+02
-1.175e+02
-1.175e+02
-1.175e+02
-1.175e+02
-1.175e+02
-1.175e+02
-1.175e+02
-1.175e+02
-1.175e+02
-1.175e+02
-1.175e+02
-1.175e+02
-1.175e+02
-1.175e+02
-1.175e+02
-9.751e+01
-1.390e+02
-1.175e+02
-1.175e+02
-1.175e+02
-1.175e+02
-1.175e+02
-1.175e+02
-1.175e+02
-1.175e+02
-1.175e+02
-1.175e+02
-1.175e+02
-1.175e+02
-1.175e+02
-1.175e+02
-1.175e+02
-1.175e+02
-1.175e+02
-1.175e+02
-1.175e+02
-9.751e+01
-1.390e+02
-1.175e+02
-1.175e+02
-1.175e+02
-1.175e+02
-1.175e+02
-1.175e+02
-1.175e+02
-1.175e+02
-1.175e+02
-1.175e+02
-1.175e+02
-1.175e+02
-1.175e+02
-1.175e+02
-1.175e+02
-1.175e+02
-1.175e+02
-1.175e+02
-1.175e+02
-9.751e+01
-1.390e+02
-1.175e+02
-1.175e+02
-1.175e+02
-1.175e+02
-1.175e+02
-1.175e+02
-1.175e+02
-1.175e+02
-1.175e+02
-1.175e+02
-1.175e+02
-1.175e+02
-1.175e+02
-1.175e+02
-1.175e+02
-1.175e+02
-1.175e+02
-1.175e+02
-1.175e+02
-9.751e+01
-1.391e+02
-1.179e+02
-1.180e+02
-1.180e+02
-1.180e+02
-1.180e+02
-1.180e+02
-1.180e+02
-1.180e+02
-1.180e+02
-1.180e+02
-1.180e+02
-1.180e+02
-1.180e+02
-1.180e+02
-1.180e+02
-1.180e+02
-1.180e+02
-1.180e+02
-1.180e+02
-9.782e+01
-2.000e+02
-2.000e+02
-2.000e+02
-2.000e+02
-2.000e+02
-2.000e+02
-2.000e+02
-2.000e+02
-2.000e+02
-2.000e+02
-2.000e+02
-2.000e+02
-2.000e+02
-2.000e+02
-2.000e+02
-2.000e+02
-2.000e+02
-2.000e+02
-2.000e+02
-2.000e+02
-2.000e+02
-2.000e+02
-2.000e+02
-2.000e+02
-2.000e+02
-2.000e+02
-2.000e+02
-2.000e+02
-2.000e+02
-2.000e+02
-2.000e+02
-2.000e+02
-2.000e+02
-2.000e+02
-2.000e+02
-2.000e+02
-2.000e+02
-2.000e+02
-2.000e+02
-2.000e+02
-2.000e+02
-2.000e+02
-2.000e+02
-2.000e+02
-2.000e+02
-2.000e+02
-2.000e+02
-2.000e+02
-2.000e+02
-2.000e+02
-2.000e+02
-2.000e+02
-2.000e+02
-2.000e+02
-2.000e+02
-2.000e+02
-2.000e+02
-2.000e+02
-2.000e+02
-2.000e+02
-2.000e+02
-2.000e+02
-2.000e+02
-2.000e+02
-2.000e+02
-2.000e+02
-2.000e+02
-2.000e+02
-2.000e+02
-2.000e+02
-2.000e+02
-2.000e+02
-2.000e+02
-2.000e+02
-2.000e+02
-2.000e+02
-2.000e+02
-2.000e+02
-2.000e+02
-2.000e+02
-2.000e+02
-2.000e+02
-2.000e+02
-2.000e+02
-2.000e+02
-2.000e+02
-2.000e+02
-2.000e+02
-2.000e+02
-2.000e+02
-2.000e+02
-2.000e+02
-2.000e+02
-2.000e+02
-2.000e+02
-2.000e+02
-2.000e+02
-2.000e+02
-2.000e+02
-2.000e+02
-2.000e+02
-2.000e+02
-2.000e+02
-2.000e+02
-2.000e+02
-2.000e+02
-2.000e+02
-2.000e+02
-2.000e+02
-2.000e+02
-2.000e+02
-2.000e+02
-2.000e+02
-2.000e+02
-2.000e+02
-2.000e+02
-2.000e+02
-2.000e+02
-2.000e+02
-2.000e+02
-2.000e+02
-2.000e+02
-2.000e+02
-2.000e+02
-2.000e+02
-2.000e+02
-2.000e+02
-2.000e+02
-2.000e+02
-2.000e+02
-2.000e+02
-2.000e+02
-2.000e+02
-2.000e+02
-2.000e+02
-2.000e+02
-2.000e+02
-2.000e+02
-2.000e+02
-2.000e+02
-2.000e+02
-2.000e+02
-2.000e+02
-2.000e+02
-2.000e+02
-2.000e+02
-2.000e+02
-2.000e+02
-2.000e+02
-2.000e+02
-2.000e+02
-2.000e+02
-2.000e+02
-2.000e+02
-2.000e+02
-2.000e+02
-2.000e+02
-2.000e+02
-2.000e+02
-2.000e+02
-2.000e+02
-2.000e+02
-2.000e+02
-2.000e+02
-2.000e+02
-2.000e+02
-2.000e+02
-2.000e+02
-2.000e+02
-2.000e+02
-2.000e+02
-2.000e+02
-2.000e+02
-2.000e+02
-2.000e+02
-2.000e+02
-2.000e+02
-2.000e+02
-2.000e+02
-2.000e+02
-2.000e+02
-2.000e+02
-2.000e+02
-2.000e+02
-2.000e+02
-2.000e+02
-2.000e+02
-2.000e+02
-2.000e+02
-2.000e+02
-2.000e+02
-2.000e+02
-2.000e+02
-2.000e+02
-2.000e+02
-2.000e+02
-2.000e+02
-2.000e+02
-2.000e+02
-2.000e+02
-2.000e+02
-2.000e+02
-2.000e+02
-2.000e+02
-2.000e+02
-2.000e+02
-2.000e+02
-2.000e+02
-2.000e+02
-2.000e+02
-2.000e+02
-2.000e+02
-2.000e+02
-2.000e+02
-2.000e+02
-2.000e+02
-2.000e+02
-2.000e+02
-2.000e+02
-2.000e+02
-2.000e+02
-2.000e+02
-2.000e+02
-2.000e+02
-2.000e+02
-2.000e+02
-2.000e+02
-2.000e+02
-2.000e+02
-2.000e+02
-2.000e+02
-8.725e+01
-8.579e+01
-8.579e+01
-8.579e+01
-8.579e+01
-8.579e+01
-8.579e+01
-8.579e+01
-8.579e+01
-8.579e+01
-8.579e+01
-8.579e+01
-8.579e+01
-8.579e+01
-8.579e+01
-8.579e+01
-8.579e+01
-8.579e+01
-8.579e+01
-8.587e+01
-8.358e+01
-8.579e+01
-8.361e+01
-8.349e+01
-8.349e+01
-8.349e+01
-8.349e+01
-8.349e+01
-8.349e+01
-8.349e+01
-8.349e+01
-8.349e+01
-8.349e+01
-8.349e+01
-8.349e+01
-8.349e+01
-8.349e+01
-8.349e+01
-8.349e+01
-8.349e+01
-8.349e+01
-8.121e+01
-8.579e+01
-8.349e+01
-8.349e+01
-8.349e+01
-8.349e+01
-8.349e+01
-8.349e+01
-8.349e+01
-8.349e+01
-8.349e+01
-8.349e+01
-8.349e+01
-8.349e+01
-8.349e+01
-8.349e+01
-8.349e+01
-8.349e+01
-8.349e+01
-8.349e+01
-8.349e+01
-8.086e+01
-8.579e+01
-8.349e+01
-8.349e+01
-8.349e+01
-8.349e+01
-8.349e+01
-8.349e+01
-8.349e+01
-8.349e+01
-8.349e+01
-8.349e+01
-8.349e+01
-8.349e+01
-8.349e+01
-8.349e+01
-8.349e+01
-8.349e+01
-8.349e+01
-8.349e+01
-8.349e+01
-8.086e+01
-8.579e+01
-8.349e+01
-8.349e+01
-8.349e+01
-8.349e+01
-8.349e+01
-8.349e+01
-8.349e+01
-8.349e+01
-8.349e+01
-8.349e+01
-8.349e+01
-8.349e+01
-8.349e+01
-8.349e+01
-8.349e+01
-8.349e+01
-8.349e+01
-8.349e+01
-8.349e+01
-8.086e+01
-8.579e+01
-8.349e+01
-8.349e+01
-8.349e+01
-8.349e+01
-8.349e+01
-8.349e+01
-8.349e+01
-8.349e+01
-8.349e+01
-8.349e+01
-8.349e+01
-8.349e+01
-8.349e+01
-8.349e+01
-8.349e+01
-8.349e+01
-8.349e+01
-8.349e+01
-8.349e+01
-8.086e+01
-8.579e+01
-8.349e+01
-8.349e+01
-8.349e+01
-8.349e+01
-8.349e+01
-8.349e+01
-8.349e+01
-8.349e+01
-8.349e+01
-8.349e+01
-8.349e+01
-8.349e+01
-8.349e+01
-8.349e+01
-8.349e+01
-8.349e+01
-8.349e+01
-8.349e+01
-8.349e+01
-8.086e+01
-8.579e+01
-8.349e+01
-8.349e+01
-8.349e+01
-8.349e+01
-8.349e+01
-8.349e+01
-8.349e+01
-8.349e+01
-8.349e+01
-8.349e+01
-8.349e+01
-8.349e+01
-8.349e+01
-8.349e+01
-8.349e+01
-8.349e+01
-8.349e+01
-8.349e+01
-8.349e+01
-8.086e+01
-8.579e+01
-8.349e+01
-8.349e+01
-8.349e+01
-8.349e+01
-8.349e+01
-8.349e+01
-8.349e+01
-8.349e+01
-8.349e+01
-8.349e+01
-8.349e+01
-8.349e+01
-8.349e+01
-8.349e+01
-8.349e+01
-8.349e+01
-8.349e+01
-8.349e+01
-8.349e+01
-8.086e+01
-8.529e+01
-8.330e+01
-8.326e+01
-8.326e+01
-8.326e+01
-8.326e+01
-8.326e+01
-8.326e+01
-8.326e+01
-8.326e+01
-8.326e+01
-8.326e+01
-8.326e+01
-8.326e+01
-8.326e+01
-8.326e+01
-8.326e+01
-8.326e+01
-8.326e+01
-8.326e+01
-8.097e+01
-2.000e+02
-2.000e+02
-2.000e+02
-2.000e+02
-2.000e+02
-2.000e+02
-2.000e+02
-2.000e+02
-2.000e+02
-2.000e+02
-2.000e+02
-2.000e+02
-2.000e+02
-2.000e+02
-2.000e+02
-2.000e+02
-2.000e+02
-2.000e+02
-2.000e+02
-2.000e+02
-2.000e+02
-2.000e+02
-2.000e+02
-2.000e+02
-2.000e+02
-2.000e+02
-2.000e+02
-2.000e+02
-2.000e+02
-2.000e+02
-2.000e+02
-2.000e+02
-2.000e+02
-2.000e+02
-2.000e+02
-2.000e+02
-2.000e+02
-2.000e+02
-2.000e+02
-2.000e+02
-2.000e+02
-2.000e+02
-2.000e+02
-2.000e+02
-2.000e+02
-2.000e+02
-2.000e+02
-2.000e+02
-2.000e+02
-2.000e+02
-2.000e+02
-2.000e+02
-2.000e+02
-2.000e+02
-2.000e+02
-2.000e+02
-2.000e+02
-2.000e+02
-2.000e+02
-2.000e+02
-2.000e+02
-2.000e+02
-2.000e+02
-2.000e+02
-2.000e+02
-2.000e+02
-2.000e+02
-2.000e+02
-2.000e+02
-2.000e+02
-2.000e+02
-2.000e+02
-2.000e+02
-2.000e+02
-2.000e+02
-2.000e+02
-2.000e+02
-2.000e+02
-2.000e+02
-2.000e+02
-2.000e+02
-2.000e+02
-2.000e+02
-2.000e+02
-2.000e+02
-2.000e+02
-2.000e+02
-2.000e+02
-2.000e+02
-2.000e+02
-2.000e+02
-2.000e+02
-2.000e+02
-2.000e+02
-2.000e+02
-2.000e+02
-2.000e+02
-2.000e+02
-2.000e+02
-2.000e+02
-2.000e+02
-2.000e+02
-2.000e+02
-2.000e+02
-2.000e+02
-2.000e+02
-2.000e+02
-2.000e+02
-2.000e+02
-2.000e+02
-2.000e+02
-2.000e+02
-2.000e+02
-2.000e+02
-2.000e+02
-2.000e+02
-2.000e+02
-2.000e+02
-2.000e+02
-2.000e+02
-2.000e+02
-2.000e+02
-2.000e+02
-2.000e+02
-2.000e+02
-2.000e+02
-2.000e+02
-2.000e+02
-2.000e+02
-2.000e+02
-2.000e+02
-2.000e+02
-2.000e+02
-2.000e+02
-2.000e+02
-2.000e+02
-2.000e+02
-2.000e+02
-2.000e+02
-2.000e+02
-2.000e+02
-2.000e+02
-2.000e+02
-2.000e+02
-2.000e+02
-2.000e+02
-2.000e+02
-2.000e+02
-2.000e+02
-2.000e+02
-2.000e+02
-2.000e+02
-2.000e+02
-2.000e+02
-2.000e+02
-2.000e+02
-2.000e+02
-2.000e+02
-2.000e+02
-2.000e+02
-2.000e+02
-2.000e+02
-2.000e+02
-2.000e+02
-2.000e+02
-2.000e+02
-2.000e+02
-2.000e+02
-2.000e+02
-2.000e+02
-2.000e+02
-2.000e+02
-2.000e+02
-2.000e+02
-2.000e+02
-2.000e+02
-2.000e+02
-2.000e+02
-2.000e+02
-2.000e+02
-2.000e+02
-2.000e+02
-2.000e+02
-2.000e+02
-2.000e+02
-2.000e+02
-2.000e+02
-2.000e+02
-2.000e+02
-2.000e+02
-2.000e+02
-2.000e+02
-2.000e+02
-2.000e+02
-2.000e+02
-2.000e+02
-2.000e+02
-2.000e+02
-2.000e+02
-2.000e+02
-2.000e+02
-2.000e+02
-2.000e+02
-2.000e+02
-2.000e+02
-2.000e+02
-2.000e+02
-2.000e+02
-2.000e+02
-2.000e+02
-2.000e+02
-2.000e+02
-2.000e+02
-2.000e+02
-2.000e+02
-2.000e+02
-2.000e+02
-2.000e+02
-2.000e+02
-2.000e+02
-2.000e+02
-2.000e+02
-2.000e+02
-2.000e+02
-2.000e+02
-2.000e+02
-2.000e+02
-2.000e+02
-2.000e+02
-2.000e+02
-1.999e+02
-1.452e+02
-1.095e+02
-1.095e+02
-1.095e+02
-1.095e+02
-1.095e+02
-1.095e+02
-1.095e+02
-1.095e+02
-1.095e+02
-1.095e+02
-1.095e+02
-1.095e+02
-1.095e+02
-1.095e+02
-1.095e+02
-1.095e+02
-1.095e+02
-1.095e+02
-1.091e+02
-5.665e+01
-1.095e+02
-5.684e+01
-5.684e+01
-5.684e+01
-5.684e+01
-5.684e+01
-5.684e+01
-5.684e+01
-5.684e+01
-5.684e+01
-5.684e+01
-5.684e+01
-5.684e+01
-5.684e+01
-5.684e+01
-5.684e+01
-5.684e+01
-5.684e+01
-5.684e+01
-5.684e+01
-3.220e+01
-1.095e+02
-5.684e+01
-5.687e+01
-5.687e+01
-5.687e+01
-5.687e+01
-5.687e+01
-5.687e+01
-5.687e+01
-5.687e+01
-5.687e+01
-5.687e+01
-5.687e+01
-5.687e+01
-5.687e+01
-5.687e+01
-5.687e+01
-5.687e+01
-5.687e+01
-5.684e+01
-3.222e+01
-1.095e+02
-5.684e+01
-5.687e+01
-5.687e+01
-5.687e+01
-5.687e+01
-5.687e+01
-5.687e+01
-5.687e+01
-5.687e+01
-5.687e+01
-5.687e+01
-5.687e+01
-5.687e+01
-5.687e+01
-5.687e+01
-5.687e+01
-5.687e+01
-5.687e+01
-5.684e+01
-3.222e+01
-1.095e+02
-5.684e+01
-5.687e+01
-5.687e+01
-5.687e+01
-5.687e+01
-5.687e+01
-5.687e+01
-5.687e+01
-5.687e+01
-5.687e+01
-5.687e+01
-5.687e+01
-5.687e+01
-5.687e+01
-5.687e+01
-5.687e+01
-5.687e+01
-5.687e+01
-5.684e+01
-3.222e+01
-1.095e+02
-5.684e+01
-5.687e+01
-5.687e+01
-5.687e+01
-5.687e+01
-5.687e+01
-5.687e+01
-5.687e+01
-5.687e+01
-5.687e+01
-5.687e+01
-5.687e+01
-5.687e+01
-5.687e+01
-5.687e+01
-5.687e+01
-5.687e+01
-5.687e+01
-5.684e+01
-3.222e+01
-1.095e+02
-5.684e+01
-5.687e+01
-5.687e+01
-5.687e+01
-5.687e+01
-5.687e+01
-5.687e+01
-5.687e+01
-5.687e+01
-5.687e+01
-5.687e+01
-5.687e+01
-5.687e+01
-5.687e+01
-5.687e+01
-5.687e+01
-5.687e+01
-5.687e+01
-5.684e+01
-3.222e+01
-1.095e+02
-5.684e+01
-5.687e+01
-5.687e+01
-5.687e+01
-5.687e+01
-5.687e+01
-5.687e+01
-5.687e+01
-5.687e+01
-5.687e+01
-5.687e+01
-5.687e+01
-5.687e+01
-5.687e+01
-5.687e+01
-5.687e+01
-5.687e+01
-5.687e+01
-5.684e+01
-3.222e+01
-1.095e+02
-5.684e+01
-5.687e+01
-5.687e+01
-5.687e+01
-5.687e+01
-5.687e+01
-5.687e+01
-5.687e+01
-5.687e+01
-5.687e+01
-5.687e+01
-5.687e+01
-5.687e+01
-5.687e+01
-5.687e+01
-5.687e+01
-5.687e+01
-5.687e+01
-5.684e+01
-3.222e+01
-1.077e+02
-5.635e+01
-5.635e+01
-5.635e+01
-5.635e+01
-5.635e+01
-5.635e+01
-5.635e+01
-5.635e+01
-5.635e+01
-5.635e+01
-5.635e+01
-5.635e+01
-5.635e+01
-5.635e+01
-5.635e+01
-5.635e+01
-5.635e+01
-5.635e+01
-5.631e+01
-3.215e+01
-1.997e+02
-1.995e+02
-1.995e+02
-1.995e+02
-1.995e+02
-1.995e+02
-1.995e+02
-1.995e+02
-1.995e+02
-1.995e+02
-1.995e+02
-1.995e+02
-1.995e+02
-1.995e+02
-1.995e+02
-1.995e+02
-1.995e+02
-1.995e+02
-1.995e+02
-1.995e+02
-1.993e+02
-1.997e+02
-1.996e+02
-1.996e+02
-1.996e+02
-1.996e+02
-1.996e+02
-1.996e+02
-1.996e+02
-1.996e+02
-1.996e+02
-1.996e+02
-1.996e+02
-1.996e+02
-1.996e+02
-1.996e+02
-1.996e+02
-1.996e+02
-1.996e+02
-1.996e+02
-1.996e+02
-1.994e+02
-1.997e+02
-1.996e+02
-1.996e+02
-1.996e+02
-1.996e+02
-1.996e+02
-1.996e+02
-1.996e+02
-1.996e+02
-1.996e+02
-1.996e+02
-1.996e+02
-1.996e+02
-1.996e+02
-1.996e+02
-1.996e+02
-1.996e+02
-1.996e+02
-1.996e+02
-1.996e+02
-1.994e+02
-1.997e+02
-1.996e+02
-1.996e+02
-1.996e+02
-1.996e+02
-1.996e+02
-1.996e+02
-1.996e+02
-1.996e+02
-1.996e+02
-1.996e+02
-1.996e+02
-1.996e+02
-1.996e+02
-1.996e+02
-1.996e+02
-1.996e+02
-1.996e+02
-1.996e+02
-1.996e+02
-1.994e+02
-1.997e+02
-1.996e+02
-1.996e+02
-1.996e+02
-1.996e+02
-1.996e+02
-1.996e+02
-1.996e+02
-1.996e+02
-1.996e+02
-1.996e+02
-1.996e+02
-1.996e+02
-1.996e+02
-1.996e+02
-1.996e+02
-1.996e+02
-1.996e+02
-1.996e+02
-1.996e+02
-1.994e+02
-1.997e+02
-1.996e+02
-1.996e+02
-1.996e+02
-1.996e+02
-1.996e+02
-1.996e+02
-1.996e+02
-1.996e+02
-1.996e+02
-1.996e+02
-1.996e+02
-1.996e+02
-1.996e+02
-1.996e+02
-1.996e+02
-1.996e+02
-1.996e+02
-1.996e+02
-1.996e+02
-1.994e+02
-1.997e+02
-1.996e+02
-1.996e+02
-1.996e+02
-1.996e+02
-1.996e+02
-1.996e+02
-1.996e+02
-1.996e+02
-1.996e+02
-1.996e+02
-1.996e+02
-1.996e+02
-1.996e+02
-1.996e+02
-1.996e+02
-1.996e+02
-1.996e+02
-1.996e+02
-1.996e+02
-1.994e+02
-1.997e+02
-1.996e+02
-1.996e+02
-1.996e+02
-1.996e+02
-1.996e+02
-1.996e+02
-1.996e+02
-1.996e+02
-1.996e+02
-1.996e+02
-1.996e+02
-1.996e+02
-1.996e+02
-1.996e+02
-1.996e+02
-1.996e+02
-1.996e+02
-1.996e+02
-1.996e+02
-1.994e+02
-1.997e+02
-1.996e+02
-1.996e+02
-1.996e+02
-1.996e+02
-1.996e+02
-1.996e+02
-1.996e+02
-1.996e+02
-1.996e+02
-1.996e+02
-1.996e+02
-1.996e+02
-1.996e+02
-1.996e+02
-1.996e+02
-1.996e+02
-1.996e+02
-1.996e+02
-1.996e+02
-1.994e+02
-1.997e+02
-1.996e+02
-1.996e+02
-1.996e+02
-1.996e+02
-1.996e+02
-1.996e+02
-1.996e+02
-1.996e+02
-1.996e+02
-1.996e+02
-1.996e+02
-1.996e+02
-1.996e+02
-1.996e+02
-1.996e+02
-1.996e+02
-1.996e+02
-1.996e+02
-1.996e+02
-1.994e+02
-1.996e+02
-1.994e+02
-1.994e+02
-1.994e+02
-1.994e+02
-1.994e+02
-1.994e+02
-1.994e+02
-1.994e+02
-1.994e+02
-1.994e+02
-1.994e+02
-1.994e+02
-1.994e+02
-1.994e+02
-1.994e+02
-1.994e+02
-1.994e+02
-1.994e+02
-1.994e+02
-1.990e+02
-2.773e+01
-2.746e+01
-2.746e+01
-2.746e+01
-2.746e+01
-2.746e+01
-2.746e+01
-2.746e+01
-2.746e+01
-2.746e+01
-2.746e+01
-2.746e+01
-2.746e+01
-2.746e+01
-2.746e+01
-2.746e+01
-2.746e+01
-2.746e+01
-2.746e+01
-2.746e+01
-2.700e+01
-2.746e+01
-2.700e+01
-2.700e+01
-2.700e+01
-2.700e+01
-2.700e+01
-2.700e+01
-2.700e+01
-2.700e+01
-2.700e+01
-2.700e+01
-2.700e+01
-2.700e+01
-2.700e+01
-2.700e+01
-2.700e+01
-2.700e+01
-2.700e+01
-2.700e+01
-2.700e+01
-2.647e+01
-2.746e+01
-2.700e+01
-2.697e+01
-2.697e+01
-2.697e+01
-2.697e+01
-2.697e+01
-2.697e+01
-2.697e+01
-2.697e+01
-2.697e+01
-2.697e+01
-2.697e+01
-2.697e+01
-2.697e+01
-2.697e+01
-2.697e+01
-2.697e+01
-2.697e+01
-2.699e+01
-2.637e+01
-2.746e+01
-2.700e+01
-2.697e+01
-2.697e+01
-2.697e+01
-2.697e+01
-2.697e+01
-2.697e+01
-2.697e+01
-2.697e+01
-2.697e+01
-2.697e+01
-2.697e+01
-2.697e+01
-2.697e+01
-2.697e+01
-2.697e+01
-2.697e+01
-2.697e+01
-2.699e+01
-2.637e+01
-2.746e+01
-2.700e+01
-2.697e+01
-2.697e+01
-2.697e+01
-2.697e+01
-2.697e+01
-2.697e+01
-2.697e+01
-2.697e+01
-2.697e+01
-2.697e+01
-2.697e+01
-2.697e+01
-2.697e+01
-2.697e+01
-2.697e+01
-2.697e+01
-2.697e+01
-2.699e+01
-2.637e+01
-2.746e+01
-2.700e+01
-2.697e+01
-2.697e+01
-2.697e+01
-2.697e+01
-2.697e+01
-2.697e+01
-2.697e+01
-2.697e+01
-2.697e+01
-2.697e+01
-2.697e+01
-2.697e+01
-2.697e+01
-2.697e+01
-2.697e+01
-2.697e+01
-2.697e+01
-2.699e+01
-2.637e+01
-2.746e+01
-2.700e+01
-2.697e+01
-2.697e+01
-2.697e+01
-2.697e+01
-2.697e+01
-2.697e+01
-2.697e+01
-2.697e+01
-2.697e+01
-2.697e+01
-2.697e+01
-2.697e+01
-2.697e+01
-2.697e+01
-2.697e+01
-2.697e+01
-2.697e+01
-2.699e+01
-2.637e+01
-2.746e+01
-2.700e+01
-2.697e+01
-2.697e+01
-2.697e+01
-2.697e+01
-2.697e+01
-2.697e+01
-2.697e+01
-2.697e+01
-2.697e+01
-2.697e+01
-2.697e+01
-2.697e+01
-2.697e+01
-2.697e+01
-2.697e+01
-2.697e+01
-2.697e+01
-2.699e+01
-2.637e+01
-2.746e+01
-2.700e+01
-2.697e+01
-2.697e+01
-2.697e+01
-2.697e+01
-2.697e+01
-2.697e+01
-2.697e+01
-2.697e+01
-2.697e+01
-2.697e+01
-2.697e+01
-2.697e+01
-2.697e+01
-2.697e+01
-2.697e+01
-2.697e+01
-2.697e+01
-2.699e+01
-2.637e+01
-2.751e+01
-2.667e+01
-2.667e+01
-2.667e+01
-2.667e+01
-2.667e+01
-2.667e+01
-2.667e+01
-2.667e+01
-2.667e+01
-2.667e+01
-2.667e+01
-2.667e+01
-2.667e+01
-2.667e+01
-2.667e+01
-2.667e+01
-2.667e+01
-2.667e+01
-2.667e+01
-2.606e+01
-1.706e+02
-1.683e+02
-1.678e+02
-1.678e+02
-1.678e+02
-1.678e+02
-1.678e+02
-1.678e+02
-1.678e+02
-1.678e+02
-1.678e+02
-1.678e+02
-1.678e+02
-1.678e+02
-1.678e+02
-1.678e+02
-1.678e+02
-1.678e+02
-1.678e+02
-1.678e+02
-1.628e+02
-1.694e+02
-1.669e+02
-1.662e+02
-1.662e+02
-1.662e+02
-1.662e+02
-1.662e+02
-1.662e+02
-1.662e+02
-1.662e+02
-1.662e+02
-1.662e+02
-1.662e+02
-1.662e+02
-1.662e+02
-1.662e+02
-1.662e+02
-1.662e+02
-1.662e+02
-1.662e+02
-1.618e+02
-1.694e+02
-1.669e+02
-1.662e+02
-1.662e+02
-1.662e+02
-1.662e+02
-1.662e+02
-1.662e+02
-1.662e+02
-1.662e+02
-1.662e+02
-1.662e+02
-1.662e+02
-1.662e+02
-1.662e+02
-1.662e+02
-1.662e+02
-1.662e+02
-1.662e+02
-1.661e+02
-1.617e+02
-1.694e+02
-1.669e+02
-1.662e+02
-1.662e+02
-1.662e+02
-1.662e+02
-1.662e+02
-1.662e+02
-1.662e+02
-1.662e+02
-1.662e+02
-1.662e+02
-1.662e+02
-1.662e+02
-1.662e+02
-1.662e+02
-1.662e+02
-1.662e+02
-1.662e+02
-1.661e+02
-1.617e+02
-1.694e+02
-1.669e+02
-1.662e+02
-1.662e+02
-1.662e+02
-1.662e+02
-1.662e+02
-1.662e+02
-1.662e+02
-1.662e+02
-1.662e+02
-1.662e+02
-1.662e+02
-1.662e+02
-1.662e+02
-1.662e+02
-1.662e+02
-1.662e+02
-1.662e+02
-1.661e+02
-1.617e+02
-1.694e+02
-1.669e+02
-1.662e+02
-1.662e+02
-1.662e+02
-1.662e+02
-1.662e+02
-1.662e+02
-1.662e+02
-1.662e+02
-1.662e+02
-1.662e+02
-1.662e+02
-1.662e+02
-1.662e+02
-1.662e+02
-1.662e+02
-1.662e+02
-1.662e+02
-1.661e+02
-1.617e+02
-1.694e+02
-1.669e+02
-1.662e+02
-1.662e+02
-1.662e+02
-1.662e+02
-1.662e+02
-1.662e+02
-1.662e+02
-1.662e+02
-1.662e+02
-1.662e+02
-1.662e+02
-1.662e+02
-1.662e+02
-1.662e+02
-1.662e+02
-1.662e+02
-1.662e+02
-1.661e+02
-1.617e+02
-1.694e+02
-1.669e+02
-1.662e+02
-1.662e+02
-1.662e+02
-1.662e+02
-1.662e+02
-1.662e+02
-1.662e+02
-1.662e+02
-1.662e+02
-1.662e+02
-1.662e+02
-1.662e+02
-1.662e+02
-1.662e+02
-1.662e+02
-1.662e+02
-1.662e+02
-1.661e+02
-1.617e+02
-1.694e+02
-1.669e+02
-1.662e+02
-1.662e+02
-1.662e+02
-1.662e+02
-1.662e+02
-1.662e+02
-1.662e+02
-1.662e+02
-1.662e+02
-1.662e+02
-1.662e+02
-1.662e+02
-1.662e+02
-1.662e+02
-1.662e+02
-1.662e+02
-1.662e+02
-1.661e+02
-1.617e+02
-1.694e+02
-1.671e+02
-1.661e+02
-1.661e+02
-1.661e+02
-1.661e+02
-1.661e+02
-1.661e+02
-1.661e+02
-1.661e+02
-1.661e+02
-1.661e+02
-1.661e+02
-1.661e+02
-1.661e+02
-1.661e+02
-1.661e+02
-1.661e+02
-1.661e+02
-1.664e+02
-1.617e+02
-1.673e+02
-1.631e+02
-1.617e+02
-1.617e+02
-1.617e+02
-1.617e+02
-1.617e+02
-1.617e+02
-1.617e+02
-1.617e+02
-1.617e+02
-1.617e+02
-1.617e+02
-1.617e+02
-1.617e+02
-1.617e+02
-1.617e+02
-1.617e+02
-1.617e+02
-1.617e+02
-1.583e+02
-4.627e+01
-2.860e+01
-2.860e+01
-2.860e+01
-2.860e+01
-2.860e+01
-2.860e+01
-2.860e+01
-2.860e+01
-2.860e+01
-2.860e+01
-2.860e+01
-2.860e+01
-2.860e+01
-2.860e+01
-2.860e+01
-2.860e+01
-2.860e+01
-2.860e+01
-2.860e+01
-1.508e+01
-2.860e+01
-1.508e+01
-1.508e+01
-1.508e+01
-1.508e+01
-1.508e+01
-1.508e+01
-1.508e+01
-1.508e+01
-1.508e+01
-1.508e+01
-1.508e+01
-1.508e+01
-1.508e+01
-1.508e+01
-1.508e+01
-1.508e+01
-1.508e+01
-1.508e+01
-1.508e+01
-1.010e+01
-2.860e+01
-1.508e+01
-1.508e+01
-1.508e+01
-1.508e+01
-1.508e+01
-1.508e+01
-1.508e+01
-1.508e+01
-1.508e+01
-1.508e+01
-1.508e+01
-1.508e+01
-1.508e+01
-1.508e+01
-1.508e+01
-1.508e+01
-1.508e+01
-1.508e+01
-1.508e+01
-1.010e+01
-2.860e+01
-1.508e+01
-1.508e+01
-1.508e+01
-1.508e+01
-1.508e+01
-1.508e+01
-1.508e+01
-1.508e+01
-1.508e+01
-1.508e+01
-1.508e+01
-1.508e+01
-1.508e+01
-1.508e+01
-1.508e+01
-1.508e+01
-1.508e+01
-1.508e+01
-1.508e+01
-1.010e+01
-2.860e+01
-1.508e+01
-1.508e+01
-1.508e+01
-1.508e+01
-1.508e+01
-1.508e+01
-1.508e+01
-1.508e+01
-1.508e+01
-1.508e+01
-1.508e+01
-1.508e+01
-1.508e+01
-1.508e+01
-1.508e+01
-1.508e+01
-1.508e+01
-1.508e+01
-1.508e+01
-1.010e+01
-2.860e+01
-1.508e+01
-1.508e+01
-1.508e+01
-1.508e+01
-1.508e+01
-1.508e+01
-1.508e+01
-1.508e+01
-1.508e+01
-1.508e+01
-1.508e+01
-1.508e+01
-1.508e+01
-1.508e+01
-1.508e+01
-1.508e+01
-1.508e+01
-1.508e+01
-1.508e+01
-1.010e+01
-2.860e+01
-1.508e+01
-1.508e+01
-1.508e+01
-1.508e+01
-1.508e+01
-1.508e+01
-1.508e+01
-1.508e+01
-1.508e+01
-1.508e+01
-1.508e+01
-1.508e+01
-1.508e+01
-1.508e+01
-1.508e+01
-1.508e+01
-1.508e+01
-1.508e+01
-1.508e+01
-1.010e+01
-2.860e+01
-1.508e+01
-1.508e+01
-1.508e+01
-1.508e+01
-1.508e+01
-1.508e+01
-1.508e+01
-1.508e+01
-1.508e+01
-1.508e+01
-1.508e+01
-1.508e+01
-1.508e+01
-1.508e+01
-1.508e+01
-1.508e+01
-1.508e+01
-1.508e+01
-1.508e+01
-1.010e+01
-2.860e+01
-1.508e+01
-1.508e+01
-1.508e+01
-1.508e+01
-1.508e+01
-1.508e+01
-1.508e+01
-1.508e+01
-1.508e+01
-1.508e+01
-1.508e+01
-1.508e+01
-1.508e+01
-1.508e+01
-1.508e+01
-1.508e+01
-1.508e+01
-1.508e+01
-1.508e+01
-1.010e+01
-2.822e+01
-1.509e+01
-1.509e+01
-1.509e+01
-1.509e+01
-1.509e+01
-1.509e+01
-1.509e+01
-1.509e+01
-1.509e+01
-1.509e+01
-1.509e+01
-1.509e+01
-1.509e+01
-1.509e+01
-1.509e+01
-1.509e+01
-1.509e+01
-1.509e+01
-1.509e+01
-1.011e+01
-3.197e+01
-1.616e+01
-1.622e+01
-1.622e+01
-1.622e+01
-1.622e+01
-1.622e+01
-1.622e+01
-1.622e+01
-1.622e+01
-1.622e+01
-1.622e+01
-1.622e+01
-1.622e+01
-1.622e+01
-1.622e+01
-1.622e+01
-1.622e+01
-1.622e+01
-1.618e+01
-1.063e+01
-3.084e+01
-1.575e+01
-1.577e+01
-1.577e+01
-1.577e+01
-1.577e+01
-1.577e+01
-1.577e+01
-1.577e+01
-1.577e+01
-1.577e+01
-1.577e+01
-1.577e+01
-1.577e+01
-1.577e+01
-1.577e+01
-1.577e+01
-1.577e+01
-1.577e+01
-1.571e+01
-1.041e+01
-3.085e+01
-1.576e+01
-1.577e+01
-1.577e+01
-1.577e+01
-1.577e+01
-1.577e+01
-1.577e+01
-1.577e+01
-1.577e+01
-1.577e+01
-1.577e+01
-1.577e+01
-1.577e+01
-1.577e+01
-1.577e+01
-1.577e+01
-1.577e+01
-1.577e+01
-1.572e+01
-1.041e+01
-3.085e+01
-1.576e+01
-1.577e+01
-1.577e+01
-1.577e+01
-1.577e+01
-1.577e+01
-1.577e+01
-1.577e+01
-1.577e+01
-1.577e+01
-1.577e+01
-1.577e+01
-1.577e+01
-1.577e+01
-1.577e+01
-1.577e+01
-1.577e+01
-1.577e+01
-1.572e+01
-1.041e+01
-3.085e+01
-1.576e+01
-1.577e+01
-1.577e+01
-1.577e+01
-1.577e+01
-1.577e+01
-1.577e+01
-1.577e+01
-1.577e+01
-1.577e+01
-1.577e+01
-1.577e+01
-1.577e+01
-1.577e+01
-1.577e+01
-1.577e+01
-1.577e+01
-1.577e+01
-1.572e+01
-1.041e+01
-3.085e+01
-1.576e+01
-1.577e+01
-1.577e+01
-1.577e+01
-1.577e+01
-1.577e+01
-1.577e+01
-1.577e+01
-1.577e+01
-1.577e+01
-1.577e+01
-1.577e+01
-1.577e+01
-1.577e+01
-1.577e+01
-1.577e+01
-1.577e+01
-1.577e+01
-1.572e+01
-1.041e+01
-3.085e+01
-1.576e+01
-1.577e+01
-1.577e+01
-1.577e+01
-1.577e+01
-1.577e+01
-1.577e+01
-1.577e+01
-1.577e+01
-1.577e+01
-1.577e+01
-1.577e+01
-1.577e+01
-1.577e+01
-1.577e+01
-1.577e+01
-1.577e+01
-1.577e+01
-1.572e+01
-1.041e+01
-3.085e+01
-1.576e+01
-1.577e+01
-1.577e+01
-1.577e+01
-1.577e+01
-1.577e+01
-1.577e+01
-1.577e+01
-1.577e+01
-1.577e+01
-1.577e+01
-1.577e+01
-1.577e+01
-1.577e+01
-1.577e+01
-1.577e+01
-1.577e+01
-1.577e+01
-1.572e+01
-1.041e+01
-3.085e+01
-1.576e+01
-1.577e+01
-1.577e+01
-1.577e+01
-1.577e+01
-1.577e+01
-1.577e+01
-1.577e+01
-1.577e+01
-1.577e+01
-1.577e+01
-1.577e+01
-1.577e+01
-1.577e+01
-1.577e+01
-1.577e+01
-1.577e+01
-1.577e+01
-1.572e+01
-1.041e+01
-3.073e+01
-1.573e+01
-1.572e+01
-1.572e+01
-1.572e+01
-1.572e+01
-1.572e+01
-1.572e+01
-1.572e+01
-1.572e+01
-1.572e+01
-1.572e+01
-1.572e+01
-1.572e+01
-1.572e+01
-1.572e+01
-1.572e+01
-1.572e+01
-1.572e+01
-1.569e+01
-1.041e+01
-1.568e+01
-1.037e+01
-1.041e+01
-1.041e+01
-1.041e+01
-1.041e+01
-1.041e+01
-1.041e+01
-1.041e+01
-1.041e+01
-1.041e+01
-1.041e+01
-1.041e+01
-1.041e+01
-1.041e+01
-1.041e+01
-1.041e+01
-1.041e+01
-1.041e+01
-1.041e+01
-8.963e+00
-6.005e+00
-5.998e+00
-5.998e+00
-5.998e+00
-5.998e+00
-5.998e+00
-5.998e+00
-5.998e+00
-5.998e+00
-5.998e+00
-5.998e+00
-5.998e+00
-5.998e+00
-5.998e+00
-5.998e+00
-5.998e+00
-5.998e+00
-5.998e+00
-5.998e+00
-5.998e+00
-5.984e+00
-5.998e+00
-5.984e+00
-5.981e+00
-5.981e+00
-5.981e+00
-5.981e+00
-5.981e+00
-5.981e+00
-5.981e+00
-5.981e+00
-5.981e+00
-5.981e+00
-5.981e+00
-5.981e+00
-5.981e+00
-5.981e+00
-5.981e+00
-5.981e+00
-5.981e+00
-5.984e+00
-5.964e+00
-5.998e+00
-5.981e+00
-5.980e+00
-5.980e+00
-5.980e+00
-5.980e+00
-5.980e+00
-5.980e+00
-5.980e+00
-5.980e+00
-5.980e+00
-5.980e+00
-5.980e+00
-5.980e+00
-5.980e+00
-5.980e+00
-5.980e+00
-5.980e+00
-5.980e+00
-5.980e+00
-5.963e+00
-5.998e+00
-5.981e+00
-5.980e+00
-5.980e+00
-5.980e+00
-5.980e+00
-5.980e+00
-5.980e+00
-5.980e+00
-5.980e+00
-5.980e+00
-5.980e+00
-5.980e+00
-5.980e+00
-5.980e+00
-5.980e+00
-5.980e+00
-5.980e+00
-5.980e+00
-5.980e+00
-5.963e+00
-5.998e+00
-5.981e+00
-5.980e+00
-5.980e+00
-5.980e+00
-5.980e+00
-5.980e+00
-5.980e+00
-5.980e+00
-5.980e+00
-5.980e+00
-5.980e+00
-5.980e+00
-5.980e+00
-5.980e+00
-5.980e+00
-5.980e+00
-5.980e+00
-5.980e+00
-5.980e+00
-5.963e+00
-5.998e+00
-5.981e+00
-5.980e+00
-5.980e+00
-5.980e+00
-5.980e+00
-5.980e+00
-5.980e+00
-5.980e+00
-5.980e+00
-5.980e+00
-5.980e+00
-5.980e+00
-5.980e+00
-5.980e+00
-5.980e+00
-5.980e+00
-5.980e+00
-5.980e+00
-5.980e+00
-5.963e+00
-5.998e+00
-5.981e+00
-5.980e+00
-5.980e+00
-5.980e+00
-5.980e+00
-5.980e+00
-5.980e+00
-5.980e+00
-5.980e+00
-5.980e+00
-5.980e+00
-5.980e+00
-5.980e+00
-5.980e+00
-5.980e+00
-5.980e+00
-5.980e+00
-5.980e+00
-5.980e+00
-5.963e+00
-5.998e+00
-5.981e+00
-5.980e+00
-5.980e+00
-5.980e+00
-5.980e+00
-5.980e+00
-5.980e+00
-5.980e+00
-5.980e+00
-5.980e+00
-5.980e+00
-5.980e+00
-5.980e+00
-5.980e+00
-5.980e+00
-5.980e+00
-5.980e+00
-5.980e+00
-5.980e+00
-5.963e+00
-5.998e+00
-5.981e+00
-5.980e+00
-5.980e+00
-5.980e+00
-5.980e+00
-5.980e+00
-5.980e+00
-5.980e+00
-5.980e+00
-5.980e+00
-5.980e+00
-5.980e+00
-5.980e+00
-5.980e+00
-5.980e+00
-5.980e+00
-5.980e+00
-5.980e+00
-5.980e+00
-5.963e+00
-5.988e+00
-5.966e+00
-5.961e+00
-5.961e+00
-5.961e+00
-5.961e+00
-5.961e+00
-5.961e+00
-5.961e+00
-5.961e+00
-5.961e+00
-5.961e+00
-5.961e+00
-5.961e+00
-5.961e+00
-5.961e+00
-5.961e+00
-5.961e+00
-5.961e+00
-5.961e+00
-5.931e+00
-2.019e+00
-2.002e+00
-2.002e+00
-2.002e+00
-2.002e+00
-2.002e+00
-2.002e+00
-2.002e+00
-2.002e+00
-2.002e+00
-2.002e+00
-2.002e+00
-2.002e+00
-2.002e+00
-2.002e+00
-2.002e+00
-2.002e+00
-2.002e+00
-2.002e+00
-2.004e+00
-1.995e+00
-2.028e+00
-2.011e+00
-2.012e+00
-2.012e+00
-2.012e+00
-2.012e+00
-2.012e+00
-2.012e+00
-2.012e+00
-2.012e+00
-2.012e+00
-2.012e+00
-2.012e+00
-2.012e+00
-2.012e+00
-2.012e+00
-2.012e+00
-2.012e+00
-2.012e+00
-2.013e+00
-2.000e+00
-2.028e+00
-2.011e+00
-2.012e+00
-2.012e+00
-2.012e+00
-2.012e+00
-2.012e+00
-2.012e+00
-2.012e+00
-2.012e+00
-2.012e+00
-2.012e+00
-2.012e+00
-2.012e+00
-2.012e+00
-2.012e+00
-2.012e+00
-2.012e+00
-2.012e+00
-2.013e+00
-2.000e+00
-2.028e+00
-2.011e+00
-2.012e+00
-2.012e+00
-2.012e+00
-2.012e+00
-2.012e+00
-2.012e+00
-2.012e+00
-2.012e+00
-2.012e+00
-2.012e+00
-2.012e+00
-2.012e+00
-2.012e+00
-2.012e+00
-2.012e+00
-2.012e+00
-2.012e+00
-2.013e+00
-2.000e+00
-2.028e+00
-2.011e+00
-2.012e+00
-2.012e+00
-2.012e+00
-2.012e+00
-2.012e+00
-2.012e+00
-2.012e+00
-2.012e+00
-2.012e+00
-2.012e+00
-2.012e+00
-2.012e+00
-2.012e+00
-2.012e+00
-2.012e+00
-2.012e+00
-2.012e+00
-2.013e+00
-2.000e+00
-2.028e+00
-2.011e+00
-2.012e+00
-2.012e+00
-2.012e+00
-2.012e+00
-2.012e+00
-2.012e+00
-2.012e+00
-2.012e+00
-2.012e+00
-2.012e+00
-2.012e+00
-2.012e+00
-2.012e+00
-2.012e+00
-2.012e+00
-2.012e+00
-2.012e+00
-2.013e+00
-2.000e+00
-2.028e+00
-2.011e+00
-2.012e+00
-2.012e+00
-2.012e+00
-2.012e+00
-2.012e+00
-2.012e+00
-2.012e+00
-2.012e+00
-2.012e+00
-2.012e+00
-2.012e+00
-2.012e+00
-2.012e+00
-2.012e+00
-2.012e+00
-2.012e+00
-2.012e+00
-2.013e+00
-2.000e+00
-2.028e+00
-2.011e+00
-2.012e+00
-2.012e+00
-2.012e+00
-2.012e+00
-2.012e+00
-2.012e+00
-2.012e+00
-2.012e+00
-2.012e+00
-2.012e+00
-2.012e+00
-2.012e+00
-2.012e+00
-2.012e+00
-2.012e+00
-2.012e+00
-2.012e+00
-2.013e+00
-2.000e+00
-2.028e+00
-2.011e+00
-2.012e+00
-2.012e+00
-2.012e+00
-2.012e+00
-2.012e+00
-2.012e+00
-2.012e+00
-2.012e+00
-2.012e+00
-2.012e+00
-2.012e+00
-2.012e+00
-2.012e+00
-2.012e+00
-2.012e+00
-2.012e+00
-2.012e+00
-2.013e+00
-2.000e+00
-2.029e+00
-2.013e+00
-2.013e+00
-2.013e+00
-2.013e+00
-2.013e+00
-2.013e+00
-2.013e+00
-2.013e+00
-2.013e+00
-2.013e+00
-2.013e+00
-2.013e+00
-2.013e+00
-2.013e+00
-2.013e+00
-2.013e+00
-2.013e+00
-2.013e+00
-2.013e+00
-2.000e+00
-2.013e+00
-2.000e+00
-2.000e+00
-2.000e+00
-2.000e+00
-2.000e+00
-2.000e+00
-2.000e+00
-2.000e+00
-2.000e+00
-2.000e+00
-2.000e+00
-2.000e+00
-2.000e+00
-2.000e+00
-2.000e+00
-2.000e+00
-2.000e+00
-2.000e+00
-2.000e+00
-1.997e+00
-4.093e+00
-3.773e+00
-3.773e+00
-3.773e+00
-3.773e+00
-3.773e+00
-3.773e+00
-3.773e+00
-3.773e+00
-3.773e+00
-3.773e+00
-3.773e+00
-3.773e+00
-3.773e+00
-3.773e+00
-3.773e+00
-3.773e+00
-3.773e+00
-3.773e+00
-3.773e+00
-3.319e+00
-3.773e+00
-3.323e+00
-3.323e+00
-3.323e+00
-3.323e+00
-3.323e+00
-3.323e+00
-3.323e+00
-3.323e+00
-3.323e+00
-3.323e+00
-3.323e+00
-3.323e+00
-3.323e+00
-3.323e+00
-3.323e+00
-3.323e+00
-3.323e+00
-3.323e+00
-3.319e+00
-3.022e+00
-3.773e+00
-3.323e+00
-3.323e+00
-3.323e+00
-3.323e+00
-3.323e+00
-3.323e+00
-3.323e+00
-3.323e+00
-3.323e+00
-3.323e+00
-3.323e+00
-3.323e+00
-3.323e+00
-3.323e+00
-3.323e+00
-3.323e+00
-3.323e+00
-3.323e+00
-3.319e+00
-3.022e+00
-3.773e+00
-3.323e+00
-3.323e+00
-3.323e+00
-3.323e+00
-3.323e+00
-3.323e+00
-3.323e+00
-3.323e+00
-3.323e+00
-3.323e+00
-3.323e+00
-3.323e+00
-3.323e+00
-3.323e+00
-3.323e+00
-3.323e+00
-3.323e+00
-3.323e+00
-3.319e+00
-3.022e+00
-3.773e+00
-3.323e+00
-3.323e+00
-3.323e+00
-3.323e+00
-3.323e+00
-3.323e+00
-3.323e+00
-3.323e+00
-3.323e+00
-3.323e+00
-3.323e+00
-3.323e+00
-3.323e+00
-3.323e+00
-3.323e+00
-3.323e+00
-3.323e+00
-3.323e+00
-3.319e+00
-3.022e+00
-3.773e+00
-3.323e+00
-3.323e+00
-3.323e+00
-3.323e+00
-3.323e+00
-3.323e+00
-3.323e+00
-3.323e+00
-3.323e+00
-3.323e+00
-3.323e+00
-3.323e+00
-3.323e+00
-3.323e+00
-3.323e+00
-3.323e+00
-3.323e+00
-3.323e+00
-3.319e+00
-3.022e+00
-3.773e+00
-3.323e+00
-3.323e+00
-3.323e+00
-3.323e+00
-3.323e+00
-3.323e+00
-3.323e+00
-3.323e+00
-3.323e+00
-3.323e+00
-3.323e+00
-3.323e+00
-3.323e+00
-3.323e+00
-3.323e+00
-3.323e+00
-3.323e+00
-3.323e+00
-3.319e+00
-3.022e+00
-3.773e+00
-3.323e+00
-3.323e+00
-3.323e+00
-3.323e+00
-3.323e+00
-3.323e+00
-3.323e+00
-3.323e+00
-3.323e+00
-3.323e+00
-3.323e+00
-3.323e+00
-3.323e+00
-3.323e+00
-3.323e+00
-3.323e+00
-3.323e+00
-3.323e+00
-3.319e+00
-3.022e+00
-3.773e+00
-3.323e+00
-3.323e+00
-3.323e+00
-3.323e+00
-3.323e+00
-3.323e+00
-3.323e+00
-3.323e+00
-3.323e+00
-3.323e+00
-3.323e+00
-3.323e+00
-3.323e+00
-3.323e+00
-3.323e+00
-3.323e+00
-3.323e+00
-3.323e+00
-3.319e+00
-3.022e+00
-3.754e+00
-3.316e+00
-3.316e+00
-3.316e+00
-3.316e+00
-3.316e+00
-3.316e+00
-3.316e+00
-3.316e+00
-3.316e+00
-3.316e+00
-3.316e+00
-3.316e+00
-3.316e+00
-3.316e+00
-3.316e+00
-3.316e+00
-3.316e+00
-3.316e+00
-3.316e+00
-3.018e+00
-1.398e+00
-1.406e+00
-1.406e+00
-1.406e+00
-1.406e+00
-1.406e+00
-1.406e+00
-1.406e+00
-1.406e+00
-1.406e+00
-1.406e+00
-1.406e+00
-1.406e+00
-1.406e+00
-1.406e+00
-1.406e+00
-1.406e+00
-1.406e+00
-1.406e+00
-1.406e+00
-1.416e+00
-1.397e+00
-1.406e+00
-1.406e+00
-1.406e+00
-1.406e+00
-1.406e+00
-1.406e+00
-1.406e+00
-1.406e+00
-1.406e+00
-1.406e+00
-1.406e+00
-1.406e+00
-1.406e+00
-1.406e+00
-1.406e+00
-1.406e+00
-1.406e+00
-1.406e+00
-1.406e+00
-1.416e+00
-1.397e+00
-1.406e+00
-1.406e+00
-1.406e+00
-1.406e+00
-1.406e+00
-1.406e+00
-1.406e+00
-1.406e+00
-1.406e+00
-1.406e+00
-1.406e+00
-1.406e+00
-1.406e+00
-1.406e+00
-1.406e+00
-1.406e+00
-1.406e+00
-1.406e+00
-1.406e+00
-1.416e+00
-1.397e+00
-1.406e+00
-1.406e+00
-1.406e+00
-1.406e+00
-1.406e+00
-1.406e+00
-1.406e+00
-1.406e+00
-1.406e+00
-1.406e+00
-1.406e+00
-1.406e+00
-1.406e+00
-1.406e+00
-1.406e+00
-1.406e+00
-1.406e+00
-1.406e+00
-1.406e+00
-1.416e+00
-1.397e+00
-1.406e+00
-1.406e+00
-1.406e+00
-1.406e+00
-1.406e+00
-1.406e+00
-1.406e+00
-1.406e+00
-1.406e+00
-1.406e+00
-1.406e+00
-1.406e+00
-1.406e+00
-1.406e+00
-1.406e+00
-1.406e+00
-1.406e+00
-1.406e+00
-1.406e+00
-1.416e+00
-1.397e+00
-1.406e+00
-1.406e+00
-1.406e+00
-1.406e+00
-1.406e+00
-1.406e+00
-1.406e+00
-1.406e+00
-1.406e+00
-1.406e+00
-1.406e+00
-1.406e+00
-1.406e+00
-1.406e+00
-1.406e+00
-1.406e+00
-1.406e+00
-1.406e+00
-1.406e+00
-1.416e+00
-1.397e+00
-1.406e+00
-1.406e+00
-1.406e+00
-1.406e+00
-1.406e+00
-1.406e+00
-1.406e+00
-1.406e+00
-1.406e+00
-1.406e+00
-1.406e+00
-1.406e+00
-1.406e+00
-1.406e+00
-1.406e+00
-1.406e+00
-1.406e+00
-1.406e+00
-1.406e+00
-1.416e+00
-1.397e+00
-1.406e+00
-1.406e+00
-1.406e+00
-1.406e+00
-1.406e+00
-1.406e+00
-1.406e+00
-1.406e+00
-1.406e+00
-1.406e+00
-1.406e+00
-1.406e+00
-1.406e+00
-1.406e+00
-1.406e+00
-1.406e+00
-1.406e+00
-1.406e+00
-1.406e+00
-1.416e+00
-1.397e+00
-1.406e+00
-1.406e+00
-1.406e+00
-1.406e+00
-1.406e+00
-1.406e+00
-1.406e+00
-1.406e+00
-1.406e+00
-1.406e+00
-1.406e+00
-1.406e+00
-1.406e+00
-1.406e+00
-1.406e+00
-1.406e+00
-1.406e+00
-1.406e+00
-1.406e+00
-1.416e+00
-1.397e+00
-1.406e+00
-1.406e+00
-1.406e+00
-1.406e+00
-1.406e+00
-1.406e+00
-1.406e+00
-1.406e+00
-1.406e+00
-1.406e+00
-1.406e+00
-1.406e+00
-1.406e+00
-1.406e+00
-1.406e+00
-1.406e+00
-1.406e+00
-1.406e+00
-1.406e+00
-1.416e+00
-1.406e+00
-1.416e+00
-1.416e+00
-1.416e+00
-1.416e+00
-1.416e+00
-1.416e+00
-1.416e+00
-1.416e+00
-1.416e+00
-1.416e+00
-1.416e+00
-1.416e+00
-1.416e+00
-1.416e+00
-1.416e+00
-1.416e+00
-1.416e+00
-1.416e+00
-1.416e+00
-1.419e+00
-1.570e+00
-1.570e+00
-1.570e+00
-1.570e+00
-1.570e+00
-1.570e+00
-1.570e+00
-1.570e+00
-1.570e+00
-1.570e+00
-1.570e+00
-1.570e+00
-1.570e+00
-1.570e+00
-1.570e+00
-1.570e+00
-1.570e+00
-1.570e+00
-1.570e+00
-1.570e+00
-1.567e+00
-1.570e+00
-1.567e+00
-1.567e+00
-1.567e+00
-1.567e+00
-1.567e+00
-1.567e+00
-1.567e+00
-1.567e+00
-1.567e+00
-1.567e+00
-1.567e+00
-1.567e+00
-1.567e+00
-1.567e+00
-1.567e+00
-1.567e+00
-1.567e+00
-1.567e+00
-1.567e+00
-1.566e+00
-1.570e+00
-1.567e+00
-1.567e+00
-1.567e+00
-1.567e+00
-1.567e+00
-1.567e+00
-1.567e+00
-1.567e+00
-1.567e+00
-1.567e+00
-1.567e+00
-1.567e+00
-1.567e+00
-1.567e+00
-1.567e+00
-1.567e+00
-1.567e+00
-1.567e+00
-1.567e+00
-1.566e+00
-1.570e+00
-1.567e+00
-1.567e+00
-1.567e+00
-1.567e+00
-1.567e+00
-1.567e+00
-1.567e+00
-1.567e+00
-1.567e+00
-1.567e+00
-1.567e+00
-1.567e+00
-1.567e+00
-1.567e+00
-1.567e+00
-1.567e+00
-1.567e+00
-1.567e+00
-1.567e+00
-1.566e+00
-1.570e+00
-1.567e+00
-1.567e+00
-1.567e+00
-1.567e+00
-1.567e+00
-1.567e+00
-1.567e+00
-1.567e+00
-1.567e+00
-1.567e+00
-1.567e+00
-1.567e+00
-1.567e+00
-1.567e+00
-1.567e+00
-1.567e+00
-1.567e+00
-1.567e+00
-1.567e+00
-1.566e+00
-1.570e+00
-1.567e+00
-1.567e+00
-1.567e+00
-1.567e+00
-1.567e+00
-1.567e+00
-1.567e+00
-1.567e+00
-1.567e+00
-1.567e+00
-1.567e+00
-1.567e+00
-1.567e+00
-1.567e+00
-1.567e+00
-1.567e+00
-1.567e+00
-1.567e+00
-1.567e+00
-1.566e+00
-1.570e+00
-1.567e+00
-1.567e+00
-1.567e+00
-1.567e+00
-1.567e+00
-1.567e+00
-1.567e+00
-1.567e+00
-1.567e+00
-1.567e+00
-1.567e+00
-1.567e+00
-1.567e+00
-1.567e+00
-1.567e+00
-1.567e+00
-1.567e+00
-1.567e+00
-1.567e+00
-1.566e+00
-1.570e+00
-1.567e+00
-1.567e+00
-1.567e+00
-1.567e+00
-1.567e+00
-1.567e+00
-1.567e+00
-1.567e+00
-1.567e+00
-1.567e+00
-1.567e+00
-1.567e+00
-1.567e+00
-1.567e+00
-1.567e+00
-1.567e+00
-1.567e+00
-1.567e+00
-1.567e+00
-1.566e+00
-1.570e+00
-1.567e+00
-1.567e+00
-1.567e+00
-1.567e+00
-1.567e+00
-1.567e+00
-1.567e+00
-1.567e+00
-1.567e+00
-1.567e+00
-1.567e+00
-1.567e+00
-1.567e+00
-1.567e+00
-1.567e+00
-1.567e+00
-1.567e+00
-1.567e+00
-1.567e+00
-1.566e+00
-1.567e+00
-1.567e+00
-1.567e+00
-1.567e+00
-1.567e+00
-1.567e+00
-1.567e+00
-1.567e+00
-1.567e+00
-1.567e+00
-1.567e+00
-1.567e+00
-1.567e+00
-1.567e+00
-1.567e+00
-1.567e+00
-1.567e+00
-1.567e+00
-1.567e+00
-1.567e+00
-1.565e+00
-1.159e+00
-1.159e+00
-1.159e+00
-1.159e+00
-1.159e+00
-1.159e+00
-1.159e+00
-1.159e+00
-1.159e+00
-1.159e+00
-1.159e+00
-1.159e+00
-1.159e+00
-1.159e+00
-1.159e+00
-1.159e+00
-1.159e+00
-1.159e+00
-1.159e+00
-1.159e+00
-1.159e+00
-1.158e+00
-1.158e+00
-1.158e+00
-1.158e+00
-1.158e+00
-1.158e+00
-1.158e+00
-1.158e+00
-1.158e+00
-1.158e+00
-1.158e+00
-1.158e+00
-1.158e+00
-1.158e+00
-1.158e+00
-1.158e+00
-1.158e+00
-1.158e+00
-1.158e+00
-1.158e+00
-1.158e+00
-1.158e+00
-1.158e+00
-1.158e+00
-1.158e+00
-1.158e+00
-1.158e+00
-1.158e+00
-1.158e+00
-1.158e+00
-1.158e+00
-1.158e+00
-1.158e+00
-1.158e+00
-1.158e+00
-1.158e+00
-1.158e+00
-1.158e+00
-1.158e+00
-1.158e+00
-1.158e+00
-1.158e+00
-1.158e+00
-1.158e+00
-1.158e+00
-1.158e+00
-1.158e+00
-1.158e+00
-1.158e+00
-1.158e+00
-1.158e+00
-1.158e+00
-1.158e+00
-1.158e+00
-1.158e+00
-1.158e+00
-1.158e+00
-1.158e+00
-1.158e+00
-1.158e+00
-1.158e+00
-1.158e+00
-1.158e+00
-1.158e+00
-1.158e+00
-1.158e+00
-1.158e+00
-1.158e+00
-1.158e+00
-1.158e+00
-1.158e+00
-1.158e+00
-1.158e+00
-1.158e+00
-1.158e+00
-1.158e+00
-1.158e+00
-1.158e+00
-1.158e+00
-1.158e+00
-1.158e+00
-1.158e+00
-1.158e+00
-1.158e+00
-1.158e+00
-1.158e+00
-1.158e+00
-1.158e+00
-1.158e+00
-1.158e+00
-1.158e+00
-1.158e+00
-1.158e+00
-1.158e+00
-1.158e+00
-1.158e+00
-1.158e+00
-1.158e+00
-1.158e+00
-1.158e+00
-1.158e+00
-1.158e+00
-1.158e+00
-1.158e+00
-1.158e+00
-1.158e+00
-1.158e+00
-1.158e+00
-1.158e+00
-1.158e+00
-1.158e+00
-1.158e+00
-1.158e+00
-1.158e+00
-1.158e+00
-1.158e+00
-1.158e+00
-1.158e+00
-1.158e+00
-1.158e+00
-1.158e+00
-1.158e+00
-1.158e+00
-1.158e+00
-1.158e+00
-1.158e+00
-1.158e+00
-1.158e+00
-1.158e+00
-1.158e+00
-1.158e+00
-1.158e+00
-1.158e+00
-1.158e+00
-1.158e+00
-1.158e+00
-1.158e+00
-1.158e+00
-1.158e+00
-1.158e+00
-1.158e+00
-1.158e+00
-1.158e+00
-1.158e+00
-1.158e+00
-1.158e+00
-1.158e+00
-1.158e+00
-1.158e+00
-1.158e+00
-1.158e+00
-1.158e+00
-1.158e+00
-1.158e+00
-1.158e+00
-1.158e+00
-1.158e+00
-1.158e+00
-1.158e+00
-1.158e+00
-1.158e+00
-1.158e+00
-1.158e+00
-1.158e+00
-1.158e+00
-1.158e+00
-1.158e+00
-1.158e+00
-1.158e+00
-1.158e+00
-1.158e+00
-1.158e+00
-1.158e+00
-1.158e+00
-1.158e+00
-1.158e+00
-1.158e+00
-1.158e+00
-1.158e+00
-1.158e+00
-1.158e+00
-1.158e+00
-1.158e+00
-1.158e+00
-1.158e+00
-1.158e+00
-1.158e+00
-1.158e+00
-1.158e+00
-1.158e+00
-1.158e+00
-1.158e+00
-1.158e+00
-1.158e+00
-1.158e+00
-1.158e+00
-1.158e+00
-1.158e+00
-1.158e+00
-1.158e+00
-1.158e+00
-1.158e+00
-1.158e+00
-1.158e+00
-1.158e+00
-1.158e+00
-1.158e+00
-1.158e+00
-1.158e+00
-1.158e+00
-9.296e-01
-9.240e-01
-9.238e-01
-9.238e-01
-9.238e-01
-9.238e-01
-9.238e-01
-9.238e-01
-9.238e-01
-9.238e-01
-9.238e-01
-9.238e-01
-9.238e-01
-9.238e-01
-9.238e-01
-9.238e-01
-9.238e-01
-9.238e-01
-9.238e-01
-9.233e-01
-9.155e-01
-9.240e-01
-9.172e-01
-9.168e-01
-9.167e-01
-9.167e-01
-9.167e-01
-9.167e-01
-9.167e-01
-9.167e-01
-9.167e-01
-9.167e-01
-9.167e-01
-9.167e-01
-9.167e-01
-9.167e-01
-9.167e-01
-9.167e-01
-9.167e-01
-9.167e-01
-9.164e-01
-9.107e-01
-9.238e-01
-9.168e-01
-9.164e-01
-9.163e-01
-9.163e-01
-9.163e-01
-9.163e-01
-9.163e-01
-9.163e-01
-9.163e-01
-9.163e-01
-9.163e-01
-9.163e-01
-9.163e-01
-9.163e-01
-9.163e-01
-9.163e-01
-9.163e-01
-9.163e-01
-9.160e-01
-9.101e-01
-9.238e-01
-9.167e-01
-9.163e-01
-9.163e-01
-9.163e-01
-9.163e-01
-9.163e-01
-9.163e-01
-9.163e-01
-9.163e-01
-9.163e-01
-9.163e-01
-9.163e-01
-9.163e-01
-9.163e-01
-9.163e-01
-9.163e-01
-9.163e-01
-9.163e-01
-9.159e-01
-9.101e-01
-9.238e-01
-9.167e-01
-9.163e-01
-9.163e-01
-9.163e-01
-9.163e-01
-9.163e-01
-9.163e-01
-9.163e-01
-9.163e-01
-9.163e-01
-9.163e-01
-9.163e-01
-9.163e-01
-9.163e-01
-9.163e-01
-9.163e-01
-9.163e-01
-9.163e-01
-9.159e-01
-9.101e-01
-9.238e-01
-9.167e-01
-9.163e-01
-9.163e-01
-9.163e-01
-9.163e-01
-9.163e-01
-9.163e-01
-9.163e-01
-9.163e-01
-9.163e-01
-9.163e-01
-9.163e-01
-9.163e-01
-9.163e-01
-9.163e-01
-9.163e-01
-9.163e-01
-9.163e-01
-9.159e-01
-9.101e-01
-9.238e-01
-9.167e-01
-9.163e-01
-9.163e-01
-9.163e-01
-9.163e-01
-9.163e-01
-9.163e-01
-9.163e-01
-9.163e-01
-9.163e-01
-9.163e-01
-9.163e-01
-9.163e-01
-9.163e-01
-9.163e-01
-9.163e-01
-9.163e-01
-9.163e-01
-9.159e-01
-9.101e-01
-9.238e-01
-9.167e-01
-9.163e-01
-9.163e-01
-9.163e-01
-9.163e-01
-9.163e-01
-9.163e-01
-9.163e-01
-9.163e-01
-9.163e-01
-9.163e-01
-9.163e-01
-9.163e-01
-9.163e-01
-9.163e-01
-9.163e-01
-9.163e-01
-9.163e-01
-9.159e-01
-9.101e-01
-9.238e-01
-9.166e-01
-9.162e-01
-9.162e-01
-9.162e-01
-9.162e-01
-9.162e-01
-9.162e-01
-9.162e-01
-9.162e-01
-9.162e-01
-9.162e-01
-9.162e-01
-9.162e-01
-9.162e-01
-9.162e-01
-9.162e-01
-9.162e-01
-9.162e-01
-9.158e-01
-9.098e-01
-9.219e-01
-9.139e-01
-9.135e-01
-9.135e-01
-9.135e-01
-9.135e-01
-9.135e-01
-9.135e-01
-9.135e-01
-9.135e-01
-9.135e-01
-9.135e-01
-9.135e-01
-9.135e-01
-9.135e-01
-9.135e-01
-9.135e-01
-9.135e-01
-9.134e-01
-9.129e-01
-9.068e-01
-8.622e-01
-8.626e-01
-8.626e-01
-8.626e-01
-8.626e-01
-8.626e-01
-8.626e-01
-8.626e-01
-8.626e-01
-8.626e-01
-8.626e-01
-8.626e-01
-8.626e-01
-8.626e-01
-8.626e-01
-8.626e-01
-8.626e-01
-8.626e-01
-8.626e-01
-8.626e-01
-8.630e-01
-8.600e-01
-8.600e-01
-8.600e-01
-8.600e-01
-8.600e-01
-8.600e-01
-8.600e-01
-8.600e-01
-8.600e-01
-8.600e-01
-8.600e-01
-8.600e-01
-8.600e-01
-8.600e-01
-8.600e-01
-8.600e-01
-8.600e-01
-8.600e-01
-8.600e-01
-8.600e-01
-8.600e-01
-8.600e-01
-8.600e-01
-8.600e-01
-8.600e-01
-8.600e-01
-8.600e-01
-8.600e-01
-8.600e-01
-8.600e-01
-8.600e-01
-8.600e-01
-8.600e-01
-8.600e-01
-8.600e-01
-8.600e-01
-8.600e-01
-8.600e-01
-8.600e-01
-8.600e-01
-8.600e-01
-8.600e-01
-8.600e-01
-8.600e-01
-8.600e-01
-8.600e-01
-8.600e-01
-8.600e-01
-8.600e-01
-8.600e-01
-8.600e-01
-8.600e-01
-8.600e-01
-8.600e-01
-8.600e-01
-8.600e-01
-8.600e-01
-8.600e-01
-8.600e-01
-8.600e-01
-8.600e-01
-8.600e-01
-8.600e-01
-8.600e-01
-8.600e-01
-8.600e-01
-8.600e-01
-8.600e-01
-8.600e-01
-8.600e-01
-8.600e-01
-8.600e-01
-8.600e-01
-8.600e-01
-8.600e-01
-8.600e-01
-8.600e-01
-8.600e-01
-8.600e-01
-8.600e-01
-8.600e-01
-8.600e-01
-8.600e-01
-8.600e-01
-8.600e-01
-8.600e-01
-8.600e-01
-8.600e-01
-8.600e-01
-8.600e-01
-8.600e-01
-8.600e-01
-8.600e-01
-8.600e-01
-8.600e-01
-8.600e-01
-8.600e-01
-8.600e-01
-8.600e-01
-8.600e-01
-8.600e-01
-8.600e-01
-8.600e-01
-8.600e-01
-8.600e-01
-8.600e-01
-8.600e-01
-8.600e-01
-8.600e-01
-8.600e-01
-8.600e-01
-8.600e-01
-8.600e-01
-8.600e-01
-8.600e-01
-8.600e-01
-8.600e-01
-8.600e-01
-8.600e-01
-8.600e-01
-8.600e-01
-8.600e-01
-8.600e-01
-8.600e-01
-8.600e-01
-8.600e-01
-8.600e-01
-8.600e-01
-8.600e-01
-8.600e-01
-8.600e-01
-8.600e-01
-8.600e-01
-8.600e-01
-8.600e-01
-8.600e-01
-8.600e-01
-8.600e-01
-8.600e-01
-8.600e-01
-8.600e-01
-8.600e-01
-8.600e-01
-8.600e-01
-8.600e-01
-8.600e-01
-8.600e-01
-8.600e-01
-8.600e-01
-8.600e-01
-8.600e-01
-8.600e-01
-8.600e-01
-8.600e-01
-8.600e-01
-8.600e-01
-8.600e-01
-8.600e-01
-8.600e-01
-8.600e-01
-8.600e-01
-8.600e-01
-8.600e-01
-8.600e-01
-8.600e-01
-8.600e-01
-8.600e-01
-8.600e-01
-8.600e-01
-8.600e-01
-8.600e-01
-8.600e-01
-8.600e-01
-8.600e-01
-8.600e-01
-8.600e-01
-8.600e-01
-8.600e-01
-8.600e-01
-8.600e-01
-8.600e-01
-8.600e-01
-8.600e-01
-8.600e-01
-8.600e-01
-8.600e-01
-8.600e-01
-8.600e-01
-8.600e-01
-8.600e-01
-8.600e-01
-8.600e-01
-8.600e-01
-8.600e-01
-8.600e-01
-8.600e-01
-8.600e-01
-8.600e-01
-8.600e-01
-8.600e-01
-8.600e-01
-8.600e-01
-8.600e-01
-8.600e-01
-8.600e-01
-8.600e-01
-8.600e-01
-8.600e-01
-8.600e-01
-8.600e-01
-2.600e-01
-2.600e-01
-2.600e-01
-2.600e-01
-2.600e-01
-2.600e-01
-2.600e-01
-2.600e-01
-2.600e-01
-2.600e-01
-2.600e-01
-2.600e-01
-2.600e-01
-2.600e-01
-2.600e-01
-2.600e-01
-2.600e-01
-2.600e-01
-2.600e-01
-2.600e-01
-2.600e-01
-2.600e-01
-2.600e-01
-2.600e-01
-2.600e-01
-2.600e-01
-2.600e-01
-2.600e-01
-2.600e-01
-2.600e-01
-2.600e-01
-2.600e-01
-2.600e-01
-2.600e-01
-2.600e-01
-2.600e-01
-2.600e-01
-2.600e-01
-2.600e-01
-2.600e-01
-2.600e-01
-2.600e-01
-2.600e-01
-2.600e-01
-2.600e-01
-2.600e-01
-2.600e-01
-2.600e-01
-2.600e-01
-2.600e-01
-2.600e-01
-2.600e-01
-2.600e-01
-2.600e-01
-2.600e-01
-2.600e-01
-2.600e-01
-2.600e-01
-2.600e-01
-2.600e-01
-2.600e-01
-2.600e-01
-2.600e-01
-2.600e-01
-2.600e-01
-2.600e-01
-2.600e-01
-2.600e-01
-2.600e-01
-2.600e-01
-2.600e-01
-2.600e-01
-2.600e-01
-2.600e-01
-2.600e-01
-2.600e-01
-2.600e-01
-2.600e-01
-2.600e-01
-2.600e-01
-2.600e-01
-2.600e-01
-2.600e-01
-2.600e-01
-2.600e-01
-2.600e-01
-2.600e-01
-2.600e-01
-2.600e-01
-2.600e-01
-2.600e-01
-2.600e-01
-2.600e-01
-2.600e-01
-2.600e-01
-2.600e-01
-2.600e-01
-2.600e-01
-2.600e-01
-2.600e-01
-2.600e-01
-2.600e-01
-2.600e-01
-2.600e-01
-2.600e-01
-2.600e-01
-2.600e-01
-2.600e-01
-2.600e-01
-2.600e-01
-2.600e-01
-2.600e-01
-2.600e-01
-2.600e-01
-2.600e-01
-2.600e-01
-2.600e-01
-2.600e-01
-2.600e-01
-2.600e-01
-2.600e-01
-2.600e-01
-2.600e-01
-2.600e-01
-2.600e-01
-2.600e-01
-2.600e-01
-2.600e-01
-2.600e-01
-2.600e-01
-2.600e-01
-2.600e-01
-2.600e-01
-2.600e-01
-2.600e-01
-2.600e-01
-2.600e-01
-2.600e-01
-2.600e-01
-2.600e-01
-2.600e-01
-2.600e-01
-2.600e-01
-2.600e-01
-2.600e-01
-2.600e-01
-2.600e-01
-2.600e-01
-2.600e-01
-2.600e-01
-2.600e-01
-2.600e-01
-2.600e-01
-2.600e-01
-2.600e-01
-2.600e-01
-2.600e-01
-2.600e-01
-2.600e-01
-2.600e-01
-2.600e-01
-2.600e-01
-2.600e-01
-2.600e-01
-2.600e-01
-2.600e-01
-2.600e-01
-2.600e-01
-2.600e-01
-2.600e-01
-2.600e-01
-2.600e-01
-2.600e-01
-2.600e-01
-2.600e-01
-2.600e-01
-2.600e-01
-2.600e-01
-2.600e-01
-2.600e-01
-2.600e-01
-2.600e-01
-2.600e-01
-2.600e-01
-2.600e-01
-2.600e-01
-2.600e-01
-2.600e-01
-2.600e-01
-2.600e-01
-2.600e-01
-2.600e-01
-2.600e-01
-2.600e-01
-2.600e-01
-2.600e-01
-2.600e-01
-2.600e-01
-2.600e-01
-2.600e-01
-2.600e-01
-2.600e-01
-2.600e-01
-2.600e-01
-2.600e-01
-2.600e-01
-2.600e-01
-2.600e-01
-2.600e-01
-2.600e-01
-2.600e-01
-2.600e-01
-2.600e-01
-2.600e-01
-2.600e-01
-2.600e-01
-2.600e-01
-2.600e-01
-2.600e-01
-2.600e-01
-2.600e-01
-2.600e-01
-2.600e-01
-2.600e-01
-2.600e-01
-2.600e-01
-2.600e-01
-2.600e-01
-2.600e-01
-2.600e-01
-2.600e-01
-2.600e-01
-2.600e-01
-2.600e-01
-2.600e-01
-2.600e-01
-2.600e-01
-2.600e-01
-2.600e-01
-2.600e-01
-2.600e-01
-2.600e-01
-2.600e-01
-2.600e-01
-2.600e-01
-2.600e-01
-2.600e-01
-2.600e-01
-2.600e-01
-2.600e-01
-2.600e-01
-2.600e-01
-2.600e-01
-2.600e-01
-2.600e-01
-2.600e-01
-2.600e-01
-2.600e-01
-2.600e-01
-2.600e-01
-2.600e-01
-2.600e-01
-2.600e-01
-2.600e-01
-2.600e-01
-2.600e-01
-2.600e-01
-2.600e-01
-2.600e-01
-2.600e-01
-2.600e-01
-2.600e-01
-2.600e-01
-2.600e-01
-2.600e-01
-2.600e-01
-2.600e-01
-2.600e-01
-2.600e-01
-2.600e-01
-2.600e-01
-2.600e-01
-2.600e-01
-2.600e-01
-2.600e-01
-2.600e-01
-2.600e-01
-2.600e-01
-2.600e-01
-2.600e-01
-2.600e-01
-2.600e-01
-2.600e-01
-2.600e-01
-2.600e-01
-2.600e-01
-2.600e-01
-2.600e-01
-2.600e-01
-2.600e-01
-2.600e-01
-2.600e-01
-2.600e-01
-2.600e-01
-2.600e-01
-2.600e-01
-2.600e-01
-2.600e-01
-2.600e-01
-2.600e-01
-2.600e-01
-2.600e-01
-2.600e-01
-2.600e-01
-2.600e-01
-2.600e-01
-2.600e-01
-2.600e-01
-2.600e-01
-2.600e-01
-2.600e-01
-2.600e-01
-2.600e-01
-2.600e-01
-2.600e-01
-2.600e-01
-2.600e-01
-2.600e-01
-2.600e-01
-2.600e-01
-2.600e-01
-2.600e-01
-2.600e-01
-2.600e-01
-2.600e-01
-2.600e-01
-2.600e-01
-2.600e-01
-2.600e-01
-2.600e-01
-2.600e-01
-2.600e-01
-2.600e-01
-2.600e-01
-2.600e-01
-2.600e-01
-2.600e-01
-2.600e-01
-2.600e-01
-2.600e-01
-2.600e-01
-2.600e-01
-2.600e-01
-2.600e-01
-2.600e-01
-2.600e-01
-2.600e-01
-2.600e-01
-2.600e-01
-2.600e-01
-2.600e-01
-2.600e-01
-2.600e-01
-2.600e-01
-2.600e-01
-2.600e-01
-2.600e-01
-2.600e-01
-2.600e-01
-2.600e-01
-2.600e-01
-2.600e-01
-2.600e-01
-2.600e-01
-2.600e-01
-2.600e-01
-2.600e-01
-2.600e-01
-2.600e-01
-2.600e-01
-2.600e-01
-2.600e-01
-2.600e-01
-2.600e-01
-2.600e-01
-2.600e-01
-2.600e-01
-2.600e-01
-2.600e-01
-2.600e-01
-2.600e-01
-2.600e-01
-2.600e-01
-2.600e-01
-2.600e-01
-2.600e-01
-2.600e-01
-2.600e-01
-2.600e-01
-2.600e-01
-2.600e-01
-2.600e-01
-2.600e-01
-2.600e-01
-2.600e-01
-2.600e-01
-2.600e-01
-2.600e-01
-2.600e-01
-2.600e-01
-2.600e-01
-2.600e-01
-2.600e-01
-2.600e-01
-2.600e-01
-2.600e-01
-2.600e-01
-2.600e-01
-2.597e-01
-2.597e-01
-2.600e-01
-2.600e-01
-2.600e-01
-2.600e-01
-2.600e-01
-2.600e-01
-2.600e-01
-2.600e-01
-2.600e-01
-2.600e-01
-2.600e-01
-2.600e-01
-2.600e-01
-2.600e-01
-2.600e-01
-2.600e-01
-2.600e-01
-2.600e-01
-2.600e-01
-2.597e-01
-2.590e-01
3.400e-01
3.400e-01
3.400e-01
3.400e-01
3.400e-01
3.400e-01
3.400e-01
3.400e-01
3.400e-01
3.400e-01
3.400e-01
3.400e-01
3.400e-01
3.400e-01
3.400e-01
3.400e-01
3.400e-01
3.400e-01
3.400e-01
3.400e-01
3.400e-01
3.400e-01
3.400e-01
3.400e-01
3.400e-01
3.400e-01
3.400e-01
3.400e-01
3.400e-01
3.400e-01
3.400e-01
3.400e-01
3.400e-01
3.400e-01
3.400e-01
3.400e-01
3.400e-01
3.400e-01
3.400e-01
3.400e-01
3.400e-01
3.400e-01
3.400e-01
3.400e-01
3.400e-01
3.400e-01
3.400e-01
3.400e-01
3.400e-01
3.400e-01
3.400e-01
3.400e-01
3.400e-01
3.400e-01
3.400e-01
3.400e-01
3.400e-01
3.400e-01
3.400e-01
3.400e-01
3.400e-01
3.400e-01
3.400e-01
3.400e-01
3.400e-01
3.400e-01
3.400e-01
3.400e-01
3.400e-01
3.400e-01
3.400e-01
3.400e-01
3.400e-01
3.400e-01
3.400e-01
3.400e-01
3.400e-01
3.400e-01
3.400e-01
3.400e-01
3.400e-01
3.400e-01
3.400e-01
3.400e-01
3.400e-01
3.400e-01
3.400e-01
3.400e-01
3.400e-01
3.400e-01
3.400e-01
3.400e-01
3.400e-01
3.400e-01
3.400e-01
3.400e-01
3.400e-01
3.400e-01
3.400e-01
3.400e-01
3.400e-01
3.400e-01
3.400e-01
3.400e-01
3.400e-01
3.400e-01
3.400e-01
3.400e-01
3.400e-01
3.400e-01
3.400e-01
3.400e-01
3.400e-01
3.400e-01
3.400e-01
3.400e-01
3.400e-01
3.400e-01
3.400e-01
3.400e-01
3.400e-01
3.400e-01
3.400e-01
3.400e-01
3.400e-01
3.400e-01
3.400e-01
3.400e-01
3.400e-01
3.400e-01
3.400e-01
3.400e-01
3.400e-01
3.400e-01
3.400e-01
3.400e-01
3.400e-01
3.400e-01
3.400e-01
3.400e-01
3.400e-01
3.400e-01
3.400e-01
3.400e-01
3.400e-01
3.400e-01
3.400e-01
3.400e-01
3.400e-01
3.400e-01
3.400e-01
3.400e-01
3.400e-01
3.400e-01
3.400e-01
3.400e-01
3.400e-01
3.400e-01
3.400e-01
3.400e-01
3.400e-01
3.400e-01
3.400e-01
3.400e-01
3.400e-01
3.400e-01
3.400e-01
3.400e-01
3.400e-01
3.400e-01
3.400e-01
3.400e-01
3.400e-01
3.400e-01
3.400e-01
3.400e-01
3.400e-01
3.400e-01
3.400e-01
3.400e-01
3.400e-01
3.400e-01
3.400e-01
3.400e-01
3.400e-01
3.400e-01
3.400e-01
3.400e-01
3.400e-01
3.400e-01
3.400e-01
3.400e-01
3.400e-01
3.400e-01
3.400e-01
3.400e-01
3.400e-01
3.400e-01
3.400e-01
3.400e-01
3.400e-01
3.400e-01
3.400e-01
3.400e-01
3.400e-01
3.400e-01
3.400e-01
3.400e-01
3.400e-01
3.400e-01
3.400e-01
3.400e-01
3.400e-01
3.400e-01
3.400e-01
3.400e-01
3.400e-01
3.400e-01
3.400e-01
3.400e-01
3.400e-01
3.400e-01
3.400e-01
3.400e-01
3.400e-01
3.400e-01
3.400e-01
3.400e-01
3.400e-01
3.400e-01
3.400e-01
3.400e-01
3.400e-01
3.400e-01
3.400e-01
3.400e-01
3.400e-01
3.400e-01
3.400e-01
3.400e-01
3.400e-01
3.400e-01
3.400e-01
3.400e-01
3.400e-01
3.400e-01
3.400e-01
3.400e-01
3.400e-01
3.400e-01
3.400e-01
3.400e-01
3.400e-01
3.400e-01
3.400e-01
3.400e-01
3.400e-01
3.400e-01
3.400e-01
3.400e-01
3.400e-01
3.400e-01
3.400e-01
3.400e-01
3.400e-01
3.400e-01
3.400e-01
3.400e-01
3.400e-01
3.400e-01
3.400e-01
3.400e-01
3.400e-01
3.400e-01
3.400e-01
3.400e-01
3.400e-01
3.400e-01
3.400e-01
3.400e-01
3.400e-01
3.400e-01
3.400e-01
3.400e-01
3.400e-01
3.400e-01
3.400e-01
3.400e-01
3.400e-01
3.400e-01
3.400e-01
3.400e-01
3.400e-01
3.400e-01
3.400e-01
3.400e-01
3.400e-01
3.400e-01
3.400e-01
3.400e-01
3.400e-01
3.400e-01
3.400e-01
3.400e-01
3.400e-01
3.400e-01
3.400e-01
3.400e-01
3.400e-01
3.400e-01
3.400e-01
3.400e-01
3.400e-01
3.400e-01
3.400e-01
3.400e-01
3.400e-01
3.400e-01
3.400e-01
3.400e-01
3.400e-01
3.400e-01
3.400e-01
3.400e-01
3.400e-01
3.400e-01
3.400e-01
3.400e-01
3.400e-01
3.400e-01
3.400e-01
3.400e-01
3.400e-01
3.400e-01
3.400e-01
3.400e-01
3.400e-01
3.400e-01
3.400e-01
3.400e-01
3.400e-01
3.400e-01
3.400e-01
3.400e-01
3.400e-01
3.400e-01
3.400e-01
3.400e-01
3.400e-01
3.400e-01
3.400e-01
3.400e-01
3.400e-01
3.400e-01
3.400e-01
3.400e-01
3.400e-01
3.400e-01
3.400e-01
3.400e-01
3.400e-01
3.400e-01
3.400e-01
3.400e-01
3.400e-01
3.400e-01
3.400e-01
3.400e-01
3.400e-01
3.400e-01
3.400e-01
3.400e-01
3.400e-01
3.400e-01
3.400e-01
3.400e-01
3.400e-01
3.400e-01
3.400e-01
3.400e-01
3.400e-01
3.400e-01
3.400e-01
3.400e-01
3.400e-01
3.400e-01
3.400e-01
3.400e-01
3.400e-01
3.400e-01
3.400e-01
3.400e-01
3.400e-01
3.400e-01
3.400e-01
3.400e-01
3.400e-01
3.400e-01
3.400e-01
3.400e-01
3.400e-01
3.400e-01
3.400e-01
3.400e-01
3.400e-01
3.400e-01
3.400e-01
3.400e-01
3.400e-01
3.400e-01
3.400e-01
3.400e-01
3.400e-01
3.400e-01
3.400e-01
3.400e-01
3.400e-01
3.400e-01
3.403e-01
3.403e-01
3.400e-01
3.400e-01
3.400e-01
3.400e-01
3.400e-01
3.400e-01
3.400e-01
3.400e-01
3.400e-01
3.400e-01
3.400e-01
3.400e-01
3.400e-01
3.400e-01
3.400e-01
3.400e-01
3.400e-01
3.400e-01
3.400e-01
3.403e-01
3.410e-01
1.000e+00
1.000e+00
1.000e+00
1.000e+00
1.000e+00
1.000e+00
1.000e+00
1.000e+00
1.000e+00
1.000e+00
1.000e+00
1.000e+00
1.000e+00
1.000e+00
1.000e+00
1.000e+00
1.000e+00
1.000e+00
1.000e+00
1.000e+00
1.000e+00
1.000e+00
1.000e+00
1.000e+00
1.000e+00
1.000e+00
1.000e+00
1.000e+00
1.000e+00
1.000e+00
1.000e+00
1.000e+00
1.000e+00
1.000e+00
1.000e+00
1.000e+00
1.000e+00
1.000e+00
1.000e+00
1.000e+00
1.000e+00
1.000e+00
1.000e+00
1.000e+00
1.000e+00
1.000e+00
1.000e+00
1.000e+00
1.000e+00
1.000e+00
1.000e+00
1.000e+00
1.000e+00
1.000e+00
1.000e+00
1.000e+00
1.000e+00
1.000e+00
1.000e+00
1.000e+00
1.000e+00
1.000e+00
1.000e+00
1.000e+00
1.000e+00
1.000e+00
1.000e+00
1.000e+00
1.000e+00
1.000e+00
1.000e+00
1.000e+00
1.000e+00
1.000e+00
1.000e+00
1.000e+00
1.000e+00
1.000e+00
1.000e+00
1.000e+00
1.000e+00
1.000e+00
1.000e+00
1.000e+00
1.000e+00
1.000e+00
1.000e+00
1.000e+00
1.000e+00
1.000e+00
1.000e+00
1.000e+00
1.000e+00
1.000e+00
1.000e+00
1.000e+00
1.000e+00
1.000e+00
1.000e+00
1.000e+00
1.000e+00
1.000e+00
1.000e+00
1.000e+00
1.000e+00
1.000e+00
1.000e+00
1.000e+00
1.000e+00
1.000e+00
1.000e+00
1.000e+00
1.000e+00
1.000e+00
1.000e+00
1.000e+00
1.000e+00
1.000e+00
1.000e+00
1.000e+00
1.000e+00
1.000e+00
1.000e+00
1.000e+00
1.000e+00
1.000e+00
1.000e+00
1.000e+00
1.000e+00
1.000e+00
1.000e+00
1.000e+00
1.000e+00
1.000e+00
1.000e+00
1.000e+00
1.000e+00
1.000e+00
1.000e+00
1.000e+00
1.000e+00
1.000e+00
1.000e+00
1.000e+00
1.000e+00
1.000e+00
1.000e+00
1.000e+00
1.000e+00
1.000e+00
1.000e+00
1.000e+00
1.000e+00
1.000e+00
1.000e+00
1.000e+00
1.000e+00
1.000e+00
1.000e+00
1.000e+00
1.000e+00
1.000e+00
1.000e+00
1.000e+00
1.000e+00
1.000e+00
1.000e+00
1.000e+00
1.000e+00
1.000e+00
1.000e+00
1.000e+00
1.000e+00
1.000e+00
1.000e+00
1.000e+00
1.000e+00
1.000e+00
1.000e+00
1.000e+00
1.000e+00
1.000e+00
1.000e+00
1.000e+00
1.000e+00
1.000e+00
1.000e+00
1.000e+00
1.000e+00
1.000e+00
1.000e+00
1.000e+00
1.000e+00
1.000e+00
1.000e+00
1.000e+00
1.000e+00
1.000e+00
1.000e+00
1.000e+00
1.000e+00
1.000e+00
1.000e+00
1.000e+00
1.000e+00
1.000e+00
1.000e+00
1.000e+00
1.000e+00
1.000e+00
1.000e+00
1.000e+00
1.000e+00
1.000e+00
1.000e+00
1.000e+00
1.000e+00
1.000e+00
1.000e+00
1.000e+00
1.000e+00
1.000e+00
1.000e+00
1.000e+00
1.000e+00
1.000e+00
1.000e+00
1.000e+00
1.000e+00
1.000e+00
1.000e+00
1.000e+00
1.000e+00
1.000e+00
1.000e+00
1.000e+00
1.000e+00
1.000e+00
1.000e+00
1.000e+00
1.000e+00
1.000e+00
1.000e+00
1.000e+00
1.000e+00
1.000e+00
1.000e+00
1.000e+00
1.000e+00
1.000e+00
1.000e+00
1.000e+00
1.000e+00
1.000e+00
1.000e+00
1.000e+00
1.000e+00
1.000e+00
1.000e+00
1.000e+00
1.000e+00
1.000e+00
1.000e+00
1.000e+00
1.000e+00
1.000e+00
1.000e+00
1.000e+00
1.000e+00
1.000e+00
1.000e+00
1.000e+00
1.000e+00
1.000e+00
1.000e+00
1.000e+00
1.000e+00
1.000e+00
1.000e+00
1.000e+00
1.000e+00
1.000e+00
1.000e+00
1.000e+00
1.000e+00
1.000e+00
1.000e+00
1.000e+00
1.000e+00
1.000e+00
1.000e+00
1.000e+00
1.000e+00
1.000e+00
1.000e+00
1.000e+00
1.000e+00
1.000e+00
1.000e+00
1.000e+00
1.000e+00
1.000e+00
1.000e+00
1.000e+00
1.000e+00
1.000e+00
1.000e+00
1.000e+00
1.000e+00
1.000e+00
1.000e+00
1.000e+00
1.000e+00
1.000e+00
1.000e+00
1.000e+00
1.000e+00
1.000e+00
1.000e+00
1.000e+00
1.000e+00
1.000e+00
1.000e+00
1.000e+00
1.000e+00
1.000e+00
1.000e+00
1.000e+00
1.000e+00
1.000e+00
1.000e+00
1.000e+00
1.000e+00
1.000e+00
1.000e+00
1.000e+00
1.000e+00
1.000e+00
1.000e+00
1.000e+00
1.000e+00
1.000e+00
1.000e+00
1.000e+00
1.000e+00
1.000e+00
1.000e+00
1.000e+00
1.000e+00
1.000e+00
1.000e+00
1.000e+00
1.000e+00
1.000e+00
1.000e+00
1.000e+00
1.000e+00
1.000e+00
1.000e+00
1.000e+00
1.000e+00
1.000e+00
1.000e+00
1.000e+00
1.000e+00
1.000e+00
1.000e+00
1.000e+00
1.000e+00
1.000e+00
1.000e+00
1.000e+00
1.000e+00
1.000e+00
1.000e+00
1.000e+00
1.000e+00
1.000e+00
1.000e+00
1.000e+00
1.000e+00
1.000e+00
1.000e+00
1.000e+00
1.000e+00
1.000e+00
1.000e+00
1.000e+00
1.000e+00
1.000e+00
1.000e+00
1.000e+00
1.000e+00
1.000e+00
1.000e+00
1.000e+00
1.000e+00
1.000e+00
1.000e+00
1.000e+00
1.000e+00
1.000e+00
1.000e+00
1.000e+00
1.000e+00
1.000e+00
1.000e+00
1.000e+00
1.000e+00
1.000e+00
1.000e+00
1.000e+00
1.000e+00
1.000e+00
1.000e+00
1.000e+00
1.000e+00
1.000e+00
1.000e+00
1.000e+00
1.000e+00
1.000e+00
1.000e+00
1.000e+00
1.000e+00
1.000e+00
1.000e+00
1.000e+00
1.000e+00
1.000e+00
1.000e+00
1.000e+00
1.000e+00
1.000e+00
1.000e+00
1.000e+00
1.000e+00
1.000e+00
1.000e+00
1.000e+00
1.001e+00
