1	0	INDP	IPOND
-1.990e+02
-1.920e+02
-1.920e+02
-1.920e+02
-1.920e+02
-1.920e+02
-1.920e+02
-1.920e+02
-1.920e+02
-1.920e+02
-1.920e+02
-1.920e+02
-1.920e+02
-1.920e+02
-1.920e+02
-1.920e+02
-1.920e+02
-1.920e+02
-1.919e+02
-1.791e+02
-7.842e+01
-1.920e+02
-7.931e+01
-7.930e+01
-7.930e+01
-7.930e+01
-7.930e+01
-7.930e+01
-7.930e+01
-7.930e+01
-7.930e+01
-7.930e+01
-7.930e+01
-7.930e+01
-7.930e+01
-7.930e+01
-7.930e+01
-7.930e+01
-7.930e+01
-7.930e+01
-7.869e+01
-2.522e+01
-1.920e+02
-7.930e+01
-7.917e+01
-7.917e+01
-7.917e+01
-7.917e+01
-7.917e+01
-7.917e+01
-7.917e+01
-7.917e+01
-7.917e+01
-7.917e+01
-7.917e+01
-7.917e+01
-7.917e+01
-7.917e+01
-7.917e+01
-7.917e+01
-7.917e+01
-7.860e+01
-2.550e+01
-1.920e+02
-7.930e+01
-7.917e+01
-7.917e+01
-7.917e+01
-7.917e+01
-7.917e+01
-7.917e+01
-7.917e+01
-7.917e+01
-7.917e+01
-7.917e+01
-7.917e+01
-7.917e+01
-7.917e+01
-7.917e+01
-7.917e+01
-7.917e+01
-7.917e+01
-7.860e+01
-2.550e+01
-1.920e+02
-7.930e+01
-7.917e+01
-7.917e+01
-7.917e+01
-7.917e+01
-7.917e+01
-7.917e+01
-7.917e+01
-7.917e+01
-7.917e+01
-7.917e+01
-7.917e+01
-7.917e+01
-7.917e+01
-7.917e+01
-7.917e+01
-7.917e+01
-7.917e+01
-7.860e+01
-2.550e+01
-1.920e+02
-7.930e+01
-7.917e+01
-7.917e+01
-7.917e+01
-7.917e+01
-7.917e+01
-7.917e+01
-7.917e+01
-7.917e+01
-7.917e+01
-7.917e+01
-7.917e+01
-7.917e+01
-7.917e+01
-7.917e+01
-7.917e+01
-7.917e+01
-7.917e+01
-7.860e+01
-2.550e+01
-1.920e+02
-7.930e+01
-7.917e+01
-7.917e+01
-7.917e+01
-7.917e+01
-7.917e+01
-7.917e+01
-7.917e+01
-7.917e+01
-7.917e+01
-7.917e+01
-7.917e+01
-7.917e+01
-7.917e+01
-7.917e+01
-7.917e+01
-7.917e+01
-7.917e+01
-7.860e+01
-2.550e+01
-1.920e+02
-7.930e+01
-7.917e+01
-7.917e+01
-7.917e+01
-7.917e+01
-7.917e+01
-7.917e+01
-7.917e+01
-7.917e+01
-7.917e+01
-7.917e+01
-7.917e+01
-7.917e+01
-7.917e+01
-7.917e+01
-7.917e+01
-7.917e+01
-7.917e+01
-7.860e+01
-2.550e+01
-1.920e+02
-7.930e+01
-7.917e+01
-7.917e+01
-7.917e+01
-7.917e+01
-7.917e+01
-7.917e+01
-7.917e+01
-7.917e+01
-7.917e+01
-7.917e+01
-7.917e+01
-7.917e+01
-7.917e+01
-7.917e+01
-7.917e+01
-7.917e+01
-7.917e+01
-7.856e+01
-2.551e+01
-1.943e+02
-8.023e+01
-8.010e+01
-8.010e+01
-8.010e+01
-8.010e+01
-8.010e+01
-8.010e+01
-8.010e+01
-8.010e+01
-8.010e+01
-8.010e+01
-8.010e+01
-8.010e+01
-8.010e+01
-8.010e+01
-8.010e+01
-8.010e+01
-8.010e+01
-7.971e+01
-2.535e+01
-2.000e+02
-2.000e+02
-2.000e+02
-2.000e+02
-2.000e+02
-2.000e+02
-2.000e+02
-2.000e+02
-2.000e+02
-2.000e+02
-2.000e+02
-2.000e+02
-2.000e+02
-2.000e+02
-2.000e+02
-2.000e+02
-2.000e+02
-2.000e+02
-2.000e+02
-2.000e+02
-2.000e+02
-2.007e+02
-2.003e+02
-2.003e+02
-2.003e+02
-2.003e+02
-2.003e+02
-2.003e+02
-2.003e+02
-2.003e+02
-2.003e+02
-2.003e+02
-2.003e+02
-2.003e+02
-2.003e+02
-2.003e+02
-2.003e+02
-2.003e+02
-2.003e+02
-2.003e+02
-2.003e+02
-2.000e+02
-2.007e+02
-2.003e+02
-2.003e+02
-2.003e+02
-2.003e+02
-2.003e+02
-2.003e+02
-2.003e+02
-2.003e+02
-2.003e+02
-2.003e+02
-2.003e+02
-2.003e+02
-2.003e+02
-2.003e+02
-2.003e+02
-2.003e+02
-2.003e+02
-2.003e+02
-2.003e+02
-2.000e+02
-2.007e+02
-2.003e+02
-2.003e+02
-2.003e+02
-2.003e+02
-2.003e+02
-2.003e+02
-2.003e+02
-2.003e+02
-2.003e+02
-2.003e+02
-2.003e+02
-2.003e+02
-2.003e+02
-2.003e+02
-2.003e+02
-2.003e+02
-2.003e+02
-2.003e+02
-2.003e+02
-2.000e+02
-2.007e+02
-2.003e+02
-2.003e+02
-2.003e+02
-2.003e+02
-2.003e+02
-2.003e+02
-2.003e+02
-2.003e+02
-2.003e+02
-2.003e+02
-2.003e+02
-2.003e+02
-2.003e+02
-2.003e+02
-2.003e+02
-2.003e+02
-2.003e+02
-2.003e+02
-2.003e+02
-2.000e+02
-2.007e+02
-2.003e+02
-2.003e+02
-2.003e+02
-2.003e+02
-2.003e+02
-2.003e+02
-2.003e+02
-2.003e+02
-2.003e+02
-2.003e+02
-2.003e+02
-2.003e+02
-2.003e+02
-2.003e+02
-2.003e+02
-2.003e+02
-2.003e+02
-2.003e+02
-2.003e+02
-2.000e+02
-2.007e+02
-2.003e+02
-2.003e+02
-2.003e+02
-2.003e+02
-2.003e+02
-2.003e+02
-2.003e+02
-2.003e+02
-2.003e+02
-2.003e+02
-2.003e+02
-2.003e+02
-2.003e+02
-2.003e+02
-2.003e+02
-2.003e+02
-2.003e+02
-2.003e+02
-2.003e+02
-2.000e+02
-2.007e+02
-2.003e+02
-2.003e+02
-2.003e+02
-2.003e+02
-2.003e+02
-2.003e+02
-2.003e+02
-2.003e+02
-2.003e+02
-2.003e+02
-2.003e+02
-2.003e+02
-2.003e+02
-2.003e+02
-2.003e+02
-2.003e+02
-2.003e+02
-2.003e+02
-2.003e+02
-2.000e+02
-2.007e+02
-2.003e+02
-2.003e+02
-2.003e+02
-2.003e+02
-2.003e+02
-2.003e+02
-2.003e+02
-2.003e+02
-2.003e+02
-2.003e+02
-2.003e+02
-2.003e+02
-2.003e+02
-2.003e+02
-2.003e+02
-2.003e+02
-2.003e+02
-2.003e+02
-2.003e+02
-2.000e+02
-2.008e+02
-2.003e+02
-2.003e+02
-2.003e+02
-2.003e+02
-2.003e+02
-2.003e+02
-2.003e+02
-2.003e+02
-2.003e+02
-2.003e+02
-2.003e+02
-2.003e+02
-2.003e+02
-2.003e+02
-2.003e+02
-2.003e+02
-2.003e+02
-2.003e+02
-2.003e+02
-2.000e+02
-2.003e+02
-2.000e+02
-2.000e+02
-2.000e+02
-2.000e+02
-2.000e+02
-2.000e+02
-2.000e+02
-2.000e+02
-2.000e+02
-2.000e+02
-2.000e+02
-2.000e+02
-2.000e+02
-2.000e+02
-2.000e+02
-2.000e+02
-2.000e+02
-2.000e+02
-2.000e+02
-2.000e+02
-1.847e+02
-1.556e+02
-1.555e+02
-1.555e+02
-1.555e+02
-1.555e+02
-1.555e+02
-1.555e+02
-1.555e+02
-1.555e+02
-1.555e+02
-1.555e+02
-1.555e+02
-1.555e+02
-1.555e+02
-1.555e+02
-1.555e+02
-1.555e+02
-1.556e+02
-1.594e+02
-7.641e+01
-1.556e+02
-7.648e+01
-7.655e+01
-7.655e+01
-7.655e+01
-7.655e+01
-7.655e+01
-7.655e+01
-7.655e+01
-7.655e+01
-7.655e+01
-7.655e+01
-7.655e+01
-7.655e+01
-7.655e+01
-7.655e+01
-7.655e+01
-7.655e+01
-7.655e+01
-7.641e+01
-3.806e+01
-1.555e+02
-7.655e+01
-7.652e+01
-7.652e+01
-7.652e+01
-7.652e+01
-7.652e+01
-7.652e+01
-7.652e+01
-7.652e+01
-7.652e+01
-7.652e+01
-7.652e+01
-7.652e+01
-7.652e+01
-7.652e+01
-7.652e+01
-7.652e+01
-7.654e+01
-7.640e+01
-3.802e+01
-1.555e+02
-7.655e+01
-7.652e+01
-7.652e+01
-7.652e+01
-7.652e+01
-7.652e+01
-7.652e+01
-7.652e+01
-7.652e+01
-7.652e+01
-7.652e+01
-7.652e+01
-7.652e+01
-7.652e+01
-7.652e+01
-7.652e+01
-7.652e+01
-7.654e+01
-7.640e+01
-3.802e+01
-1.555e+02
-7.655e+01
-7.652e+01
-7.652e+01
-7.652e+01
-7.652e+01
-7.652e+01
-7.652e+01
-7.652e+01
-7.652e+01
-7.652e+01
-7.652e+01
-7.652e+01
-7.652e+01
-7.652e+01
-7.652e+01
-7.652e+01
-7.652e+01
-7.654e+01
-7.640e+01
-3.802e+01
-1.555e+02
-7.655e+01
-7.652e+01
-7.652e+01
-7.652e+01
-7.652e+01
-7.652e+01
-7.652e+01
-7.652e+01
-7.652e+01
-7.652e+01
-7.652e+01
-7.652e+01
-7.652e+01
-7.652e+01
-7.652e+01
-7.652e+01
-7.652e+01
-7.654e+01
-7.640e+01
-3.802e+01
-1.555e+02
-7.655e+01
-7.652e+01
-7.652e+01
-7.652e+01
-7.652e+01
-7.652e+01
-7.652e+01
-7.652e+01
-7.652e+01
-7.652e+01
-7.652e+01
-7.652e+01
-7.652e+01
-7.652e+01
-7.652e+01
-7.652e+01
-7.652e+01
-7.654e+01
-7.640e+01
-3.802e+01
-1.555e+02
-7.655e+01
-7.652e+01
-7.652e+01
-7.652e+01
-7.652e+01
-7.652e+01
-7.652e+01
-7.652e+01
-7.652e+01
-7.652e+01
-7.652e+01
-7.652e+01
-7.652e+01
-7.652e+01
-7.652e+01
-7.652e+01
-7.652e+01
-7.654e+01
-7.640e+01
-3.802e+01
-1.555e+02
-7.655e+01
-7.652e+01
-7.652e+01
-7.652e+01
-7.652e+01
-7.652e+01
-7.652e+01
-7.652e+01
-7.652e+01
-7.652e+01
-7.652e+01
-7.652e+01
-7.652e+01
-7.652e+01
-7.652e+01
-7.652e+01
-7.652e+01
-7.654e+01
-7.639e+01
-3.802e+01
-1.558e+02
-7.723e+01
-7.727e+01
-7.727e+01
-7.727e+01
-7.727e+01
-7.727e+01
-7.727e+01
-7.727e+01
-7.727e+01
-7.727e+01
-7.727e+01
-7.727e+01
-7.727e+01
-7.727e+01
-7.727e+01
-7.727e+01
-7.727e+01
-7.727e+01
-7.729e+01
-3.856e+01
-2.000e+02
-2.000e+02
-2.000e+02
-2.000e+02
-2.000e+02
-2.000e+02
-2.000e+02
-2.000e+02
-2.000e+02
-2.000e+02
-2.000e+02
-2.000e+02
-2.000e+02
-2.000e+02
-2.000e+02
-2.000e+02
-2.000e+02
-2.000e+02
-2.000e+02
-2.000e+02
-2.000e+02
-2.007e+02
-2.003e+02
-2.003e+02
-2.003e+02
-2.003e+02
-2.003e+02
-2.003e+02
-2.003e+02
-2.003e+02
-2.003e+02
-2.003e+02
-2.003e+02
-2.003e+02
-2.003e+02
-2.003e+02
-2.003e+02
-2.003e+02
-2.003e+02
-2.003e+02
-2.003e+02
-2.001e+02
-2.007e+02
-2.003e+02
-2.003e+02
-2.003e+02
-2.003e+02
-2.003e+02
-2.003e+02
-2.003e+02
-2.003e+02
-2.003e+02
-2.003e+02
-2.003e+02
-2.003e+02
-2.003e+02
-2.003e+02
-2.003e+02
-2.003e+02
-2.003e+02
-2.003e+02
-2.003e+02
-2.001e+02
-2.007e+02
-2.003e+02
-2.003e+02
-2.003e+02
-2.003e+02
-2.003e+02
-2.003e+02
-2.003e+02
-2.003e+02
-2.003e+02
-2.003e+02
-2.003e+02
-2.003e+02
-2.003e+02
-2.003e+02
-2.003e+02
-2.003e+02
-2.003e+02
-2.003e+02
-2.003e+02
-2.001e+02
-2.007e+02
-2.003e+02
-2.003e+02
-2.003e+02
-2.003e+02
-2.003e+02
-2.003e+02
-2.003e+02
-2.003e+02
-2.003e+02
-2.003e+02
-2.003e+02
-2.003e+02
-2.003e+02
-2.003e+02
-2.003e+02
-2.003e+02
-2.003e+02
-2.003e+02
-2.003e+02
-2.001e+02
-2.007e+02
-2.003e+02
-2.003e+02
-2.003e+02
-2.003e+02
-2.003e+02
-2.003e+02
-2.003e+02
-2.003e+02
-2.003e+02
-2.003e+02
-2.003e+02
-2.003e+02
-2.003e+02
-2.003e+02
-2.003e+02
-2.003e+02
-2.003e+02
-2.003e+02
-2.003e+02
-2.001e+02
-2.007e+02
-2.003e+02
-2.003e+02
-2.003e+02
-2.003e+02
-2.003e+02
-2.003e+02
-2.003e+02
-2.003e+02
-2.003e+02
-2.003e+02
-2.003e+02
-2.003e+02
-2.003e+02
-2.003e+02
-2.003e+02
-2.003e+02
-2.003e+02
-2.003e+02
-2.003e+02
-2.001e+02
-2.007e+02
-2.003e+02
-2.003e+02
-2.003e+02
-2.003e+02
-2.003e+02
-2.003e+02
-2.003e+02
-2.003e+02
-2.003e+02
-2.003e+02
-2.003e+02
-2.003e+02
-2.003e+02
-2.003e+02
-2.003e+02
-2.003e+02
-2.003e+02
-2.003e+02
-2.003e+02
-2.001e+02
-2.007e+02
-2.003e+02
-2.003e+02
-2.003e+02
-2.003e+02
-2.003e+02
-2.003e+02
-2.003e+02
-2.003e+02
-2.003e+02
-2.003e+02
-2.003e+02
-2.003e+02
-2.003e+02
-2.003e+02
-2.003e+02
-2.003e+02
-2.003e+02
-2.003e+02
-2.003e+02
-2.001e+02
-2.007e+02
-2.003e+02
-2.003e+02
-2.003e+02
-2.003e+02
-2.003e+02
-2.003e+02
-2.003e+02
-2.003e+02
-2.003e+02
-2.003e+02
-2.003e+02
-2.003e+02
-2.003e+02
-2.003e+02
-2.003e+02
-2.003e+02
-2.003e+02
-2.003e+02
-2.003e+02
-2.001e+02
-2.003e+02
-2.001e+02
-2.001e+02
-2.001e+02
-2.001e+02
-2.001e+02
-2.001e+02
-2.001e+02
-2.001e+02
-2.001e+02
-2.001e+02
-2.001e+02
-2.001e+02
-2.001e+02
-2.001e+02
-2.001e+02
-2.001e+02
-2.001e+02
-2.001e+02
-2.001e+02
-2.001e+02
-1.374e+02
-1.114e+02
-1.114e+02
-1.114e+02
-1.114e+02
-1.114e+02
-1.114e+02
-1.114e+02
-1.114e+02
-1.114e+02
-1.114e+02
-1.114e+02
-1.114e+02
-1.114e+02
-1.114e+02
-1.114e+02
-1.114e+02
-1.114e+02
-1.114e+02
-1.126e+02
-7.045e+01
-1.114e+02
-7.045e+01
-7.045e+01
-7.045e+01
-7.045e+01
-7.045e+01
-7.045e+01
-7.045e+01
-7.045e+01
-7.045e+01
-7.045e+01
-7.045e+01
-7.045e+01
-7.045e+01
-7.045e+01
-7.045e+01
-7.045e+01
-7.045e+01
-7.045e+01
-7.045e+01
-4.738e+01
-1.114e+02
-7.045e+01
-7.044e+01
-7.044e+01
-7.044e+01
-7.044e+01
-7.044e+01
-7.044e+01
-7.044e+01
-7.044e+01
-7.044e+01
-7.044e+01
-7.044e+01
-7.044e+01
-7.044e+01
-7.044e+01
-7.044e+01
-7.044e+01
-7.044e+01
-7.044e+01
-4.729e+01
-1.114e+02
-7.045e+01
-7.044e+01
-7.044e+01
-7.044e+01
-7.044e+01
-7.044e+01
-7.044e+01
-7.044e+01
-7.044e+01
-7.044e+01
-7.044e+01
-7.044e+01
-7.044e+01
-7.044e+01
-7.044e+01
-7.044e+01
-7.044e+01
-7.044e+01
-7.044e+01
-4.729e+01
-1.114e+02
-7.045e+01
-7.044e+01
-7.044e+01
-7.044e+01
-7.044e+01
-7.044e+01
-7.044e+01
-7.044e+01
-7.044e+01
-7.044e+01
-7.044e+01
-7.044e+01
-7.044e+01
-7.044e+01
-7.044e+01
-7.044e+01
-7.044e+01
-7.044e+01
-7.044e+01
-4.729e+01
-1.114e+02
-7.045e+01
-7.044e+01
-7.044e+01
-7.044e+01
-7.044e+01
-7.044e+01
-7.044e+01
-7.044e+01
-7.044e+01
-7.044e+01
-7.044e+01
-7.044e+01
-7.044e+01
-7.044e+01
-7.044e+01
-7.044e+01
-7.044e+01
-7.044e+01
-7.044e+01
-4.729e+01
-1.114e+02
-7.045e+01
-7.044e+01
-7.044e+01
-7.044e+01
-7.044e+01
-7.044e+01
-7.044e+01
-7.044e+01
-7.044e+01
-7.044e+01
-7.044e+01
-7.044e+01
-7.044e+01
-7.044e+01
-7.044e+01
-7.044e+01
-7.044e+01
-7.044e+01
-7.044e+01
-4.729e+01
-1.114e+02
-7.045e+01
-7.044e+01
-7.044e+01
-7.044e+01
-7.044e+01
-7.044e+01
-7.044e+01
-7.044e+01
-7.044e+01
-7.044e+01
-7.044e+01
-7.044e+01
-7.044e+01
-7.044e+01
-7.044e+01
-7.044e+01
-7.044e+01
-7.044e+01
-7.044e+01
-4.729e+01
-1.113e+02
-7.045e+01
-7.044e+01
-7.044e+01
-7.044e+01
-7.044e+01
-7.044e+01
-7.044e+01
-7.044e+01
-7.044e+01
-7.044e+01
-7.044e+01
-7.044e+01
-7.044e+01
-7.044e+01
-7.044e+01
-7.044e+01
-7.044e+01
-7.044e+01
-7.044e+01
-4.729e+01
-1.124e+02
-7.208e+01
-7.207e+01
-7.207e+01
-7.207e+01
-7.207e+01
-7.207e+01
-7.207e+01
-7.207e+01
-7.207e+01
-7.207e+01
-7.207e+01
-7.207e+01
-7.207e+01
-7.207e+01
-7.207e+01
-7.207e+01
-7.207e+01
-7.207e+01
-7.207e+01
-4.838e+01
-2.000e+02
-2.000e+02
-2.000e+02
-2.000e+02
-2.000e+02
-2.000e+02
-2.000e+02
-2.000e+02
-2.000e+02
-2.000e+02
-2.000e+02
-2.000e+02
-2.000e+02
-2.000e+02
-2.000e+02
-2.000e+02
-2.000e+02
-2.000e+02
-2.000e+02
-2.000e+02
-2.000e+02
-2.002e+02
-2.001e+02
-2.001e+02
-2.001e+02
-2.001e+02
-2.001e+02
-2.001e+02
-2.001e+02
-2.001e+02
-2.001e+02
-2.001e+02
-2.001e+02
-2.001e+02
-2.001e+02
-2.001e+02
-2.001e+02
-2.001e+02
-2.001e+02
-2.001e+02
-2.001e+02
-2.001e+02
-2.002e+02
-2.001e+02
-2.001e+02
-2.001e+02
-2.001e+02
-2.001e+02
-2.001e+02
-2.001e+02
-2.001e+02
-2.001e+02
-2.001e+02
-2.001e+02
-2.001e+02
-2.001e+02
-2.001e+02
-2.001e+02
-2.001e+02
-2.001e+02
-2.001e+02
-2.001e+02
-2.001e+02
-2.002e+02
-2.001e+02
-2.001e+02
-2.001e+02
-2.001e+02
-2.001e+02
-2.001e+02
-2.001e+02
-2.001e+02
-2.001e+02
-2.001e+02
-2.001e+02
-2.001e+02
-2.001e+02
-2.001e+02
-2.001e+02
-2.001e+02
-2.001e+02
-2.001e+02
-2.001e+02
-2.001e+02
-2.002e+02
-2.001e+02
-2.001e+02
-2.001e+02
-2.001e+02
-2.001e+02
-2.001e+02
-2.001e+02
-2.001e+02
-2.001e+02
-2.001e+02
-2.001e+02
-2.001e+02
-2.001e+02
-2.001e+02
-2.001e+02
-2.001e+02
-2.001e+02
-2.001e+02
-2.001e+02
-2.001e+02
-2.002e+02
-2.001e+02
-2.001e+02
-2.001e+02
-2.001e+02
-2.001e+02
-2.001e+02
-2.001e+02
-2.001e+02
-2.001e+02
-2.001e+02
-2.001e+02
-2.001e+02
-2.001e+02
-2.001e+02
-2.001e+02
-2.001e+02
-2.001e+02
-2.001e+02
-2.001e+02
-2.001e+02
-2.002e+02
-2.001e+02
-2.001e+02
-2.001e+02
-2.001e+02
-2.001e+02
-2.001e+02
-2.001e+02
-2.001e+02
-2.001e+02
-2.001e+02
-2.001e+02
-2.001e+02
-2.001e+02
-2.001e+02
-2.001e+02
-2.001e+02
-2.001e+02
-2.001e+02
-2.001e+02
-2.001e+02
-2.002e+02
-2.001e+02
-2.001e+02
-2.001e+02
-2.001e+02
-2.001e+02
-2.001e+02
-2.001e+02
-2.001e+02
-2.001e+02
-2.001e+02
-2.001e+02
-2.001e+02
-2.001e+02
-2.001e+02
-2.001e+02
-2.001e+02
-2.001e+02
-2.001e+02
-2.001e+02
-2.001e+02
-2.002e+02
-2.001e+02
-2.001e+02
-2.001e+02
-2.001e+02
-2.001e+02
-2.001e+02
-2.001e+02
-2.001e+02
-2.001e+02
-2.001e+02
-2.001e+02
-2.001e+02
-2.001e+02
-2.001e+02
-2.001e+02
-2.001e+02
-2.001e+02
-2.001e+02
-2.001e+02
-2.001e+02
-2.002e+02
-2.001e+02
-2.001e+02
-2.001e+02
-2.001e+02
-2.001e+02
-2.001e+02
-2.001e+02
-2.001e+02
-2.001e+02
-2.001e+02
-2.001e+02
-2.001e+02
-2.001e+02
-2.001e+02
-2.001e+02
-2.001e+02
-2.001e+02
-2.001e+02
-2.001e+02
-2.001e+02
-2.001e+02
-2.001e+02
-2.001e+02
-2.001e+02
-2.001e+02
-2.001e+02
-2.001e+02
-2.001e+02
-2.001e+02
-2.001e+02
-2.001e+02
-2.001e+02
-2.001e+02
-2.001e+02
-2.001e+02
-2.001e+02
-2.001e+02
-2.001e+02
-2.001e+02
-2.001e+02
-2.001e+02
-9.778e+01
-8.372e+01
-8.372e+01
-8.372e+01
-8.372e+01
-8.372e+01
-8.372e+01
-8.372e+01
-8.372e+01
-8.372e+01
-8.372e+01
-8.372e+01
-8.372e+01
-8.372e+01
-8.372e+01
-8.372e+01
-8.372e+01
-8.372e+01
-8.372e+01
-8.372e+01
-6.175e+01
-8.372e+01
-6.161e+01
-6.161e+01
-6.161e+01
-6.161e+01
-6.161e+01
-6.161e+01
-6.161e+01
-6.161e+01
-6.161e+01
-6.161e+01
-6.161e+01
-6.161e+01
-6.161e+01
-6.161e+01
-6.161e+01
-6.161e+01
-6.161e+01
-6.161e+01
-6.164e+01
-4.671e+01
-8.372e+01
-6.161e+01
-6.161e+01
-6.161e+01
-6.161e+01
-6.161e+01
-6.161e+01
-6.161e+01
-6.161e+01
-6.161e+01
-6.161e+01
-6.161e+01
-6.161e+01
-6.161e+01
-6.161e+01
-6.161e+01
-6.161e+01
-6.161e+01
-6.161e+01
-6.164e+01
-4.667e+01
-8.372e+01
-6.161e+01
-6.161e+01
-6.161e+01
-6.161e+01
-6.161e+01
-6.161e+01
-6.161e+01
-6.161e+01
-6.161e+01
-6.161e+01
-6.161e+01
-6.161e+01
-6.161e+01
-6.161e+01
-6.161e+01
-6.161e+01
-6.161e+01
-6.161e+01
-6.164e+01
-4.667e+01
-8.372e+01
-6.161e+01
-6.161e+01
-6.161e+01
-6.161e+01
-6.161e+01
-6.161e+01
-6.161e+01
-6.161e+01
-6.161e+01
-6.161e+01
-6.161e+01
-6.161e+01
-6.161e+01
-6.161e+01
-6.161e+01
-6.161e+01
-6.161e+01
-6.161e+01
-6.164e+01
-4.667e+01
-8.372e+01
-6.161e+01
-6.161e+01
-6.161e+01
-6.161e+01
-6.161e+01
-6.161e+01
-6.161e+01
-6.161e+01
-6.161e+01
-6.161e+01
-6.161e+01
-6.161e+01
-6.161e+01
-6.161e+01
-6.161e+01
-6.161e+01
-6.161e+01
-6.161e+01
-6.164e+01
-4.667e+01
-8.372e+01
-6.161e+01
-6.161e+01
-6.161e+01
-6.161e+01
-6.161e+01
-6.161e+01
-6.161e+01
-6.161e+01
-6.161e+01
-6.161e+01
-6.161e+01
-6.161e+01
-6.161e+01
-6.161e+01
-6.161e+01
-6.161e+01
-6.161e+01
-6.161e+01
-6.164e+01
-4.667e+01
-8.372e+01
-6.161e+01
-6.161e+01
-6.161e+01
-6.161e+01
-6.161e+01
-6.161e+01
-6.161e+01
-6.161e+01
-6.161e+01
-6.161e+01
-6.161e+01
-6.161e+01
-6.161e+01
-6.161e+01
-6.161e+01
-6.161e+01
-6.161e+01
-6.161e+01
-6.164e+01
-4.667e+01
-8.369e+01
-6.161e+01
-6.161e+01
-6.161e+01
-6.161e+01
-6.161e+01
-6.161e+01
-6.161e+01
-6.161e+01
-6.161e+01
-6.161e+01
-6.161e+01
-6.161e+01
-6.161e+01
-6.161e+01
-6.161e+01
-6.161e+01
-6.161e+01
-6.161e+01
-6.164e+01
-4.667e+01
-8.471e+01
-6.249e+01
-6.249e+01
-6.249e+01
-6.249e+01
-6.249e+01
-6.249e+01
-6.249e+01
-6.249e+01
-6.249e+01
-6.249e+01
-6.249e+01
-6.249e+01
-6.249e+01
-6.249e+01
-6.249e+01
-6.249e+01
-6.249e+01
-6.249e+01
-6.249e+01
-4.717e+01
-2.000e+02
-2.000e+02
-2.000e+02
-2.000e+02
-2.000e+02
-2.000e+02
-2.000e+02
-2.000e+02
-2.000e+02
-2.000e+02
-2.000e+02
-2.000e+02
-2.000e+02
-2.000e+02
-2.000e+02
-2.000e+02
-2.000e+02
-2.000e+02
-2.000e+02
-2.000e+02
-2.000e+02
-2.001e+02
-2.000e+02
-2.000e+02
-2.000e+02
-2.000e+02
-2.000e+02
-2.000e+02
-2.000e+02
-2.000e+02
-2.000e+02
-2.000e+02
-2.000e+02
-2.000e+02
-2.000e+02
-2.000e+02
-2.000e+02
-2.000e+02
-2.000e+02
-2.000e+02
-2.000e+02
-2.000e+02
-2.001e+02
-2.000e+02
-2.000e+02
-2.000e+02
-2.000e+02
-2.000e+02
-2.000e+02
-2.000e+02
-2.000e+02
-2.000e+02
-2.000e+02
-2.000e+02
-2.000e+02
-2.000e+02
-2.000e+02
-2.000e+02
-2.000e+02
-2.000e+02
-2.000e+02
-2.000e+02
-2.000e+02
-2.001e+02
-2.000e+02
-2.000e+02
-2.000e+02
-2.000e+02
-2.000e+02
-2.000e+02
-2.000e+02
-2.000e+02
-2.000e+02
-2.000e+02
-2.000e+02
-2.000e+02
-2.000e+02
-2.000e+02
-2.000e+02
-2.000e+02
-2.000e+02
-2.000e+02
-2.000e+02
-2.000e+02
-2.001e+02
-2.000e+02
-2.000e+02
-2.000e+02
-2.000e+02
-2.000e+02
-2.000e+02
-2.000e+02
-2.000e+02
-2.000e+02
-2.000e+02
-2.000e+02
-2.000e+02
-2.000e+02
-2.000e+02
-2.000e+02
-2.000e+02
-2.000e+02
-2.000e+02
-2.000e+02
-2.000e+02
-2.001e+02
-2.000e+02
-2.000e+02
-2.000e+02
-2.000e+02
-2.000e+02
-2.000e+02
-2.000e+02
-2.000e+02
-2.000e+02
-2.000e+02
-2.000e+02
-2.000e+02
-2.000e+02
-2.000e+02
-2.000e+02
-2.000e+02
-2.000e+02
-2.000e+02
-2.000e+02
-2.000e+02
-2.001e+02
-2.000e+02
-2.000e+02
-2.000e+02
-2.000e+02
-2.000e+02
-2.000e+02
-2.000e+02
-2.000e+02
-2.000e+02
-2.000e+02
-2.000e+02
-2.000e+02
-2.000e+02
-2.000e+02
-2.000e+02
-2.000e+02
-2.000e+02
-2.000e+02
-2.000e+02
-2.000e+02
-2.001e+02
-2.000e+02
-2.000e+02
-2.000e+02
-2.000e+02
-2.000e+02
-2.000e+02
-2.000e+02
-2.000e+02
-2.000e+02
-2.000e+02
-2.000e+02
-2.000e+02
-2.000e+02
-2.000e+02
-2.000e+02
-2.000e+02
-2.000e+02
-2.000e+02
-2.000e+02
-2.000e+02
-2.001e+02
-2.000e+02
-2.000e+02
-2.000e+02
-2.000e+02
-2.000e+02
-2.000e+02
-2.000e+02
-2.000e+02
-2.000e+02
-2.000e+02
-2.000e+02
-2.000e+02
-2.000e+02
-2.000e+02
-2.000e+02
-2.000e+02
-2.000e+02
-2.000e+02
-2.000e+02
-2.000e+02
-2.001e+02
-2.000e+02
-2.000e+02
-2.000e+02
-2.000e+02
-2.000e+02
-2.000e+02
-2.000e+02
-2.000e+02
-2.000e+02
-2.000e+02
-2.000e+02
-2.000e+02
-2.000e+02
-2.000e+02
-2.000e+02
-2.000e+02
-2.000e+02
-2.000e+02
-2.000e+02
-2.000e+02
-2.000e+02
-2.000e+02
-2.000e+02
-2.000e+02
-2.000e+02
-2.000e+02
-2.000e+02
-2.000e+02
-2.000e+02
-2.000e+02
-2.000e+02
-2.000e+02
-2.000e+02
-2.000e+02
-2.000e+02
-2.000e+02
-2.000e+02
-2.000e+02
-2.000e+02
-2.000e+02
-2.000e+02
-6.466e+01
-5.745e+01
-5.745e+01
-5.745e+01
-5.745e+01
-5.745e+01
-5.745e+01
-5.745e+01
-5.745e+01
-5.745e+01
-5.745e+01
-5.745e+01
-5.745e+01
-5.745e+01
-5.745e+01
-5.745e+01
-5.745e+01
-5.745e+01
-5.745e+01
-5.744e+01
-4.594e+01
-5.745e+01
-4.587e+01
-4.594e+01
-4.594e+01
-4.594e+01
-4.594e+01
-4.594e+01
-4.594e+01
-4.594e+01
-4.594e+01
-4.594e+01
-4.594e+01
-4.594e+01
-4.594e+01
-4.594e+01
-4.594e+01
-4.594e+01
-4.594e+01
-4.594e+01
-4.594e+01
-3.746e+01
-5.745e+01
-4.594e+01
-4.594e+01
-4.594e+01
-4.594e+01
-4.594e+01
-4.594e+01
-4.594e+01
-4.594e+01
-4.594e+01
-4.594e+01
-4.594e+01
-4.594e+01
-4.594e+01
-4.594e+01
-4.594e+01
-4.594e+01
-4.594e+01
-4.594e+01
-4.594e+01
-3.746e+01
-5.745e+01
-4.594e+01
-4.594e+01
-4.594e+01
-4.594e+01
-4.594e+01
-4.594e+01
-4.594e+01
-4.594e+01
-4.594e+01
-4.594e+01
-4.594e+01
-4.594e+01
-4.594e+01
-4.594e+01
-4.594e+01
-4.594e+01
-4.594e+01
-4.594e+01
-4.594e+01
-3.746e+01
-5.745e+01
-4.594e+01
-4.594e+01
-4.594e+01
-4.594e+01
-4.594e+01
-4.594e+01
-4.594e+01
-4.594e+01
-4.594e+01
-4.594e+01
-4.594e+01
-4.594e+01
-4.594e+01
-4.594e+01
-4.594e+01
-4.594e+01
-4.594e+01
-4.594e+01
-4.594e+01
-3.746e+01
-5.745e+01
-4.594e+01
-4.594e+01
-4.594e+01
-4.594e+01
-4.594e+01
-4.594e+01
-4.594e+01
-4.594e+01
-4.594e+01
-4.594e+01
-4.594e+01
-4.594e+01
-4.594e+01
-4.594e+01
-4.594e+01
-4.594e+01
-4.594e+01
-4.594e+01
-4.594e+01
-3.746e+01
-5.745e+01
-4.594e+01
-4.594e+01
-4.594e+01
-4.594e+01
-4.594e+01
-4.594e+01
-4.594e+01
-4.594e+01
-4.594e+01
-4.594e+01
-4.594e+01
-4.594e+01
-4.594e+01
-4.594e+01
-4.594e+01
-4.594e+01
-4.594e+01
-4.594e+01
-4.594e+01
-3.746e+01
-5.745e+01
-4.594e+01
-4.594e+01
-4.594e+01
-4.594e+01
-4.594e+01
-4.594e+01
-4.594e+01
-4.594e+01
-4.594e+01
-4.594e+01
-4.594e+01
-4.594e+01
-4.594e+01
-4.594e+01
-4.594e+01
-4.594e+01
-4.594e+01
-4.594e+01
-4.594e+01
-3.746e+01
-5.745e+01
-4.594e+01
-4.594e+01
-4.594e+01
-4.594e+01
-4.594e+01
-4.594e+01
-4.594e+01
-4.594e+01
-4.594e+01
-4.594e+01
-4.594e+01
-4.594e+01
-4.594e+01
-4.594e+01
-4.594e+01
-4.594e+01
-4.594e+01
-4.594e+01
-4.594e+01
-3.746e+01
-5.759e+01
-4.611e+01
-4.611e+01
-4.611e+01
-4.611e+01
-4.611e+01
-4.611e+01
-4.611e+01
-4.611e+01
-4.611e+01
-4.611e+01
-4.611e+01
-4.611e+01
-4.611e+01
-4.611e+01
-4.611e+01
-4.611e+01
-4.611e+01
-4.611e+01
-4.611e+01
-3.761e+01
-2.000e+02
-2.000e+02
-2.000e+02
-2.000e+02
-2.000e+02
-2.000e+02
-2.000e+02
-2.000e+02
-2.000e+02
-2.000e+02
-2.000e+02
-2.000e+02
-2.000e+02
-2.000e+02
-2.000e+02
-2.000e+02
-2.000e+02
-2.000e+02
-2.000e+02
-2.000e+02
-2.000e+02
-2.000e+02
-2.000e+02
-2.000e+02
-2.000e+02
-2.000e+02
-2.000e+02
-2.000e+02
-2.000e+02
-2.000e+02
-2.000e+02
-2.000e+02
-2.000e+02
-2.000e+02
-2.000e+02
-2.000e+02
-2.000e+02
-2.000e+02
-2.000e+02
-2.000e+02
-2.000e+02
-2.000e+02
-2.000e+02
-2.000e+02
-2.000e+02
-2.000e+02
-2.000e+02
-2.000e+02
-2.000e+02
-2.000e+02
-2.000e+02
-2.000e+02
-2.000e+02
-2.000e+02
-2.000e+02
-2.000e+02
-2.000e+02
-2.000e+02
-2.000e+02
-2.000e+02
-2.000e+02
-2.000e+02
-2.000e+02
-2.000e+02
-2.000e+02
-2.000e+02
-2.000e+02
-2.000e+02
-2.000e+02
-2.000e+02
-2.000e+02
-2.000e+02
-2.000e+02
-2.000e+02
-2.000e+02
-2.000e+02
-2.000e+02
-2.000e+02
-2.000e+02
-2.000e+02
-2.000e+02
-2.000e+02
-2.000e+02
-2.000e+02
-2.000e+02
-2.000e+02
-2.000e+02
-2.000e+02
-2.000e+02
-2.000e+02
-2.000e+02
-2.000e+02
-2.000e+02
-2.000e+02
-2.000e+02
-2.000e+02
-2.000e+02
-2.000e+02
-2.000e+02
-2.000e+02
-2.000e+02
-2.000e+02
-2.000e+02
-2.000e+02
-2.000e+02
-2.000e+02
-2.000e+02
-2.000e+02
-2.000e+02
-2.000e+02
-2.000e+02
-2.000e+02
-2.000e+02
-2.000e+02
-2.000e+02
-2.000e+02
-2.000e+02
-2.000e+02
-2.000e+02
-2.000e+02
-2.000e+02
-2.000e+02
-2.000e+02
-2.000e+02
-2.000e+02
-2.000e+02
-2.000e+02
-2.000e+02
-2.000e+02
-2.000e+02
-2.000e+02
-2.000e+02
-2.000e+02
-2.000e+02
-2.000e+02
-2.000e+02
-2.000e+02
-2.000e+02
-2.000e+02
-2.000e+02
-2.000e+02
-2.000e+02
-2.000e+02
-2.000e+02
-2.000e+02
-2.000e+02
-2.000e+02
-2.000e+02
-2.000e+02
-2.000e+02
-2.000e+02
-2.000e+02
-2.000e+02
-2.000e+02
-2.000e+02
-2.000e+02
-2.000e+02
-2.000e+02
-2.000e+02
-2.000e+02
-2.000e+02
-2.000e+02
-2.000e+02
-2.000e+02
-2.000e+02
-2.000e+02
-2.000e+02
-2.000e+02
-2.000e+02
-2.000e+02
-2.000e+02
-2.000e+02
-2.000e+02
-2.000e+02
-2.000e+02
-2.000e+02
-2.000e+02
-2.000e+02
-2.000e+02
-2.000e+02
-2.000e+02
-2.000e+02
-2.000e+02
-2.000e+02
-2.000e+02
-2.000e+02
-2.000e+02
-2.000e+02
-2.000e+02
-2.000e+02
-2.000e+02
-2.000e+02
-2.000e+02
-2.000e+02
-2.000e+02
-2.000e+02
-2.000e+02
-2.000e+02
-2.000e+02
-2.000e+02
-2.000e+02
-2.000e+02
-2.000e+02
-2.000e+02
-2.000e+02
-2.000e+02
-2.000e+02
-2.000e+02
-2.000e+02
-2.000e+02
-2.000e+02
-2.000e+02
-2.000e+02
-2.000e+02
-2.000e+02
-2.000e+02
-2.000e+02
-2.000e+02
-2.000e+02
-2.000e+02
-2.000e+02
-2.000e+02
-2.000e+02
-2.000e+02
-2.000e+02
-2.000e+02
-2.000e+02
-2.000e+02
-2.000e+02
-2.000e+02
-2.000e+02
-3.348e+01
-3.282e+01
-3.282e+01
-3.282e+01
-3.282e+01
-3.282e+01
-3.282e+01
-3.282e+01
-3.282e+01
-3.282e+01
-3.282e+01
-3.282e+01
-3.282e+01
-3.282e+01
-3.282e+01
-3.282e+01
-3.282e+01
-3.282e+01
-3.282e+01
-3.285e+01
-3.192e+01
-3.282e+01
-3.192e+01
-3.192e+01
-3.192e+01
-3.192e+01
-3.192e+01
-3.192e+01
-3.192e+01
-3.192e+01
-3.192e+01
-3.192e+01
-3.192e+01
-3.192e+01
-3.192e+01
-3.192e+01
-3.192e+01
-3.192e+01
-3.192e+01
-3.192e+01
-3.192e+01
-3.094e+01
-3.282e+01
-3.192e+01
-3.190e+01
-3.190e+01
-3.190e+01
-3.190e+01
-3.190e+01
-3.190e+01
-3.190e+01
-3.190e+01
-3.190e+01
-3.190e+01
-3.190e+01
-3.190e+01
-3.190e+01
-3.190e+01
-3.190e+01
-3.190e+01
-3.190e+01
-3.190e+01
-3.090e+01
-3.282e+01
-3.192e+01
-3.190e+01
-3.190e+01
-3.190e+01
-3.190e+01
-3.190e+01
-3.190e+01
-3.190e+01
-3.190e+01
-3.190e+01
-3.190e+01
-3.190e+01
-3.190e+01
-3.190e+01
-3.190e+01
-3.190e+01
-3.190e+01
-3.190e+01
-3.190e+01
-3.090e+01
-3.282e+01
-3.192e+01
-3.190e+01
-3.190e+01
-3.190e+01
-3.190e+01
-3.190e+01
-3.190e+01
-3.190e+01
-3.190e+01
-3.190e+01
-3.190e+01
-3.190e+01
-3.190e+01
-3.190e+01
-3.190e+01
-3.190e+01
-3.190e+01
-3.190e+01
-3.190e+01
-3.090e+01
-3.282e+01
-3.192e+01
-3.190e+01
-3.190e+01
-3.190e+01
-3.190e+01
-3.190e+01
-3.190e+01
-3.190e+01
-3.190e+01
-3.190e+01
-3.190e+01
-3.190e+01
-3.190e+01
-3.190e+01
-3.190e+01
-3.190e+01
-3.190e+01
-3.190e+01
-3.190e+01
-3.090e+01
-3.282e+01
-3.192e+01
-3.190e+01
-3.190e+01
-3.190e+01
-3.190e+01
-3.190e+01
-3.190e+01
-3.190e+01
-3.190e+01
-3.190e+01
-3.190e+01
-3.190e+01
-3.190e+01
-3.190e+01
-3.190e+01
-3.190e+01
-3.190e+01
-3.190e+01
-3.190e+01
-3.090e+01
-3.282e+01
-3.192e+01
-3.190e+01
-3.190e+01
-3.190e+01
-3.190e+01
-3.190e+01
-3.190e+01
-3.190e+01
-3.190e+01
-3.190e+01
-3.190e+01
-3.190e+01
-3.190e+01
-3.190e+01
-3.190e+01
-3.190e+01
-3.190e+01
-3.190e+01
-3.190e+01
-3.090e+01
-3.282e+01
-3.192e+01
-3.190e+01
-3.190e+01
-3.190e+01
-3.190e+01
-3.190e+01
-3.190e+01
-3.190e+01
-3.190e+01
-3.190e+01
-3.190e+01
-3.190e+01
-3.190e+01
-3.190e+01
-3.190e+01
-3.190e+01
-3.190e+01
-3.190e+01
-3.190e+01
-3.090e+01
-3.269e+01
-3.184e+01
-3.179e+01
-3.179e+01
-3.179e+01
-3.179e+01
-3.179e+01
-3.179e+01
-3.179e+01
-3.179e+01
-3.179e+01
-3.179e+01
-3.179e+01
-3.179e+01
-3.179e+01
-3.179e+01
-3.179e+01
-3.179e+01
-3.179e+01
-3.180e+01
-3.089e+01
-1.999e+02
-1.999e+02
-1.999e+02
-1.999e+02
-1.999e+02
-1.999e+02
-1.999e+02
-1.999e+02
-1.999e+02
-1.999e+02
-1.999e+02
-1.999e+02
-1.999e+02
-1.999e+02
-1.999e+02
-1.999e+02
-1.999e+02
-1.999e+02
-1.999e+02
-1.999e+02
-1.998e+02
-1.999e+02
-1.999e+02
-1.999e+02
-1.999e+02
-1.999e+02
-1.999e+02
-1.999e+02
-1.999e+02
-1.999e+02
-1.999e+02
-1.999e+02
-1.999e+02
-1.999e+02
-1.999e+02
-1.999e+02
-1.999e+02
-1.999e+02
-1.999e+02
-1.999e+02
-1.999e+02
-1.999e+02
-1.999e+02
-1.999e+02
-1.999e+02
-1.999e+02
-1.999e+02
-1.999e+02
-1.999e+02
-1.999e+02
-1.999e+02
-1.999e+02
-1.999e+02
-1.999e+02
-1.999e+02
-1.999e+02
-1.999e+02
-1.999e+02
-1.999e+02
-1.999e+02
-1.999e+02
-1.999e+02
-1.999e+02
-1.999e+02
-1.999e+02
-1.999e+02
-1.999e+02
-1.999e+02
-1.999e+02
-1.999e+02
-1.999e+02
-1.999e+02
-1.999e+02
-1.999e+02
-1.999e+02
-1.999e+02
-1.999e+02
-1.999e+02
-1.999e+02
-1.999e+02
-1.999e+02
-1.999e+02
-1.999e+02
-1.999e+02
-1.999e+02
-1.999e+02
-1.999e+02
-1.999e+02
-1.999e+02
-1.999e+02
-1.999e+02
-1.999e+02
-1.999e+02
-1.999e+02
-1.999e+02
-1.999e+02
-1.999e+02
-1.999e+02
-1.999e+02
-1.999e+02
-1.999e+02
-1.999e+02
-1.999e+02
-1.999e+02
-1.999e+02
-1.999e+02
-1.999e+02
-1.999e+02
-1.999e+02
-1.999e+02
-1.999e+02
-1.999e+02
-1.999e+02
-1.999e+02
-1.999e+02
-1.999e+02
-1.999e+02
-1.999e+02
-1.999e+02
-1.999e+02
-1.999e+02
-1.999e+02
-1.999e+02
-1.999e+02
-1.999e+02
-1.999e+02
-1.999e+02
-1.999e+02
-1.999e+02
-1.999e+02
-1.999e+02
-1.999e+02
-1.999e+02
-1.999e+02
-1.999e+02
-1.999e+02
-1.999e+02
-1.999e+02
-1.999e+02
-1.999e+02
-1.999e+02
-1.999e+02
-1.999e+02
-1.999e+02
-1.999e+02
-1.999e+02
-1.999e+02
-1.999e+02
-1.999e+02
-1.999e+02
-1.999e+02
-1.999e+02
-1.999e+02
-1.999e+02
-1.999e+02
-1.999e+02
-1.999e+02
-1.999e+02
-1.999e+02
-1.999e+02
-1.999e+02
-1.999e+02
-1.999e+02
-1.999e+02
-1.999e+02
-1.999e+02
-1.999e+02
-1.999e+02
-1.999e+02
-1.999e+02
-1.999e+02
-1.999e+02
-1.999e+02
-1.999e+02
-1.999e+02
-1.999e+02
-1.999e+02
-1.999e+02
-1.999e+02
-1.999e+02
-1.999e+02
-1.999e+02
-1.999e+02
-1.999e+02
-1.999e+02
-1.999e+02
-1.999e+02
-1.999e+02
-1.999e+02
-1.999e+02
-1.999e+02
-1.999e+02
-1.999e+02
-1.999e+02
-1.999e+02
-1.999e+02
-1.999e+02
-1.999e+02
-1.999e+02
-1.999e+02
-1.999e+02
-1.999e+02
-1.999e+02
-1.999e+02
-1.999e+02
-1.999e+02
-1.999e+02
-1.999e+02
-1.999e+02
-1.999e+02
-1.999e+02
-1.999e+02
-1.999e+02
-1.999e+02
-1.999e+02
-1.999e+02
-1.999e+02
-1.999e+02
-1.999e+02
-1.999e+02
-1.999e+02
-1.999e+02
-1.999e+02
-1.999e+02
-1.999e+02
-1.999e+02
-1.999e+02
-1.999e+02
-1.999e+02
-1.999e+02
-1.999e+02
-5.938e+01
-4.101e+01
-4.101e+01
-4.101e+01
-4.101e+01
-4.101e+01
-4.101e+01
-4.101e+01
-4.101e+01
-4.101e+01
-4.101e+01
-4.101e+01
-4.101e+01
-4.101e+01
-4.101e+01
-4.101e+01
-4.101e+01
-4.101e+01
-4.101e+01
-4.091e+01
-2.302e+01
-4.101e+01
-2.304e+01
-2.304e+01
-2.304e+01
-2.304e+01
-2.304e+01
-2.304e+01
-2.304e+01
-2.304e+01
-2.304e+01
-2.304e+01
-2.304e+01
-2.304e+01
-2.304e+01
-2.304e+01
-2.304e+01
-2.304e+01
-2.304e+01
-2.304e+01
-2.303e+01
-1.543e+01
-4.101e+01
-2.304e+01
-2.306e+01
-2.306e+01
-2.306e+01
-2.306e+01
-2.306e+01
-2.306e+01
-2.306e+01
-2.306e+01
-2.306e+01
-2.306e+01
-2.306e+01
-2.306e+01
-2.306e+01
-2.306e+01
-2.306e+01
-2.306e+01
-2.306e+01
-2.304e+01
-1.544e+01
-4.101e+01
-2.304e+01
-2.306e+01
-2.306e+01
-2.306e+01
-2.306e+01
-2.306e+01
-2.306e+01
-2.306e+01
-2.306e+01
-2.306e+01
-2.306e+01
-2.306e+01
-2.306e+01
-2.306e+01
-2.306e+01
-2.306e+01
-2.306e+01
-2.306e+01
-2.304e+01
-1.544e+01
-4.101e+01
-2.304e+01
-2.306e+01
-2.306e+01
-2.306e+01
-2.306e+01
-2.306e+01
-2.306e+01
-2.306e+01
-2.306e+01
-2.306e+01
-2.306e+01
-2.306e+01
-2.306e+01
-2.306e+01
-2.306e+01
-2.306e+01
-2.306e+01
-2.306e+01
-2.304e+01
-1.544e+01
-4.101e+01
-2.304e+01
-2.306e+01
-2.306e+01
-2.306e+01
-2.306e+01
-2.306e+01
-2.306e+01
-2.306e+01
-2.306e+01
-2.306e+01
-2.306e+01
-2.306e+01
-2.306e+01
-2.306e+01
-2.306e+01
-2.306e+01
-2.306e+01
-2.306e+01
-2.304e+01
-1.544e+01
-4.101e+01
-2.304e+01
-2.306e+01
-2.306e+01
-2.306e+01
-2.306e+01
-2.306e+01
-2.306e+01
-2.306e+01
-2.306e+01
-2.306e+01
-2.306e+01
-2.306e+01
-2.306e+01
-2.306e+01
-2.306e+01
-2.306e+01
-2.306e+01
-2.306e+01
-2.304e+01
-1.544e+01
-4.101e+01
-2.304e+01
-2.306e+01
-2.306e+01
-2.306e+01
-2.306e+01
-2.306e+01
-2.306e+01
-2.306e+01
-2.306e+01
-2.306e+01
-2.306e+01
-2.306e+01
-2.306e+01
-2.306e+01
-2.306e+01
-2.306e+01
-2.306e+01
-2.306e+01
-2.304e+01
-1.544e+01
-4.101e+01
-2.304e+01
-2.306e+01
-2.306e+01
-2.306e+01
-2.306e+01
-2.306e+01
-2.306e+01
-2.306e+01
-2.306e+01
-2.306e+01
-2.306e+01
-2.306e+01
-2.306e+01
-2.306e+01
-2.306e+01
-2.306e+01
-2.306e+01
-2.306e+01
-2.304e+01
-1.544e+01
-4.008e+01
-2.290e+01
-2.291e+01
-2.291e+01
-2.291e+01
-2.291e+01
-2.291e+01
-2.291e+01
-2.291e+01
-2.291e+01
-2.291e+01
-2.291e+01
-2.291e+01
-2.291e+01
-2.291e+01
-2.291e+01
-2.291e+01
-2.291e+01
-2.291e+01
-2.288e+01
-1.543e+01
-1.990e+02
-1.974e+02
-1.971e+02
-1.971e+02
-1.971e+02
-1.971e+02
-1.971e+02
-1.971e+02
-1.971e+02
-1.971e+02
-1.971e+02
-1.971e+02
-1.971e+02
-1.971e+02
-1.971e+02
-1.971e+02
-1.971e+02
-1.971e+02
-1.971e+02
-1.971e+02
-1.913e+02
-1.995e+02
-1.983e+02
-1.983e+02
-1.983e+02
-1.983e+02
-1.983e+02
-1.983e+02
-1.983e+02
-1.983e+02
-1.983e+02
-1.983e+02
-1.983e+02
-1.983e+02
-1.983e+02
-1.983e+02
-1.983e+02
-1.983e+02
-1.983e+02
-1.983e+02
-1.983e+02
-1.903e+02
-1.995e+02
-1.983e+02
-1.983e+02
-1.983e+02
-1.983e+02
-1.983e+02
-1.983e+02
-1.983e+02
-1.983e+02
-1.983e+02
-1.983e+02
-1.983e+02
-1.983e+02
-1.983e+02
-1.983e+02
-1.983e+02
-1.983e+02
-1.983e+02
-1.983e+02
-1.983e+02
-1.903e+02
-1.995e+02
-1.983e+02
-1.983e+02
-1.983e+02
-1.983e+02
-1.983e+02
-1.983e+02
-1.983e+02
-1.983e+02
-1.983e+02
-1.983e+02
-1.983e+02
-1.983e+02
-1.983e+02
-1.983e+02
-1.983e+02
-1.983e+02
-1.983e+02
-1.983e+02
-1.983e+02
-1.903e+02
-1.995e+02
-1.983e+02
-1.983e+02
-1.983e+02
-1.983e+02
-1.983e+02
-1.983e+02
-1.983e+02
-1.983e+02
-1.983e+02
-1.983e+02
-1.983e+02
-1.983e+02
-1.983e+02
-1.983e+02
-1.983e+02
-1.983e+02
-1.983e+02
-1.983e+02
-1.983e+02
-1.903e+02
-1.995e+02
-1.983e+02
-1.983e+02
-1.983e+02
-1.983e+02
-1.983e+02
-1.983e+02
-1.983e+02
-1.983e+02
-1.983e+02
-1.983e+02
-1.983e+02
-1.983e+02
-1.983e+02
-1.983e+02
-1.983e+02
-1.983e+02
-1.983e+02
-1.983e+02
-1.983e+02
-1.903e+02
-1.995e+02
-1.983e+02
-1.983e+02
-1.983e+02
-1.983e+02
-1.983e+02
-1.983e+02
-1.983e+02
-1.983e+02
-1.983e+02
-1.983e+02
-1.983e+02
-1.983e+02
-1.983e+02
-1.983e+02
-1.983e+02
-1.983e+02
-1.983e+02
-1.983e+02
-1.983e+02
-1.903e+02
-1.995e+02
-1.983e+02
-1.983e+02
-1.983e+02
-1.983e+02
-1.983e+02
-1.983e+02
-1.983e+02
-1.983e+02
-1.983e+02
-1.983e+02
-1.983e+02
-1.983e+02
-1.983e+02
-1.983e+02
-1.983e+02
-1.983e+02
-1.983e+02
-1.983e+02
-1.983e+02
-1.903e+02
-1.995e+02
-1.983e+02
-1.983e+02
-1.983e+02
-1.983e+02
-1.983e+02
-1.983e+02
-1.983e+02
-1.983e+02
-1.983e+02
-1.983e+02
-1.983e+02
-1.983e+02
-1.983e+02
-1.983e+02
-1.983e+02
-1.983e+02
-1.983e+02
-1.983e+02
-1.983e+02
-1.903e+02
-1.995e+02
-1.983e+02
-1.983e+02
-1.983e+02
-1.983e+02
-1.983e+02
-1.983e+02
-1.983e+02
-1.983e+02
-1.983e+02
-1.983e+02
-1.983e+02
-1.983e+02
-1.983e+02
-1.983e+02
-1.983e+02
-1.983e+02
-1.983e+02
-1.983e+02
-1.983e+02
-1.903e+02
-1.983e+02
-1.902e+02
-1.903e+02
-1.903e+02
-1.903e+02
-1.903e+02
-1.903e+02
-1.903e+02
-1.903e+02
-1.903e+02
-1.903e+02
-1.903e+02
-1.903e+02
-1.903e+02
-1.903e+02
-1.903e+02
-1.903e+02
-1.903e+02
-1.903e+02
-1.903e+02
-1.795e+02
-1.404e+01
-1.395e+01
-1.395e+01
-1.395e+01
-1.395e+01
-1.395e+01
-1.395e+01
-1.395e+01
-1.395e+01
-1.395e+01
-1.395e+01
-1.395e+01
-1.395e+01
-1.395e+01
-1.395e+01
-1.395e+01
-1.395e+01
-1.395e+01
-1.395e+01
-1.396e+01
-1.373e+01
-1.395e+01
-1.373e+01
-1.373e+01
-1.373e+01
-1.373e+01
-1.373e+01
-1.373e+01
-1.373e+01
-1.373e+01
-1.373e+01
-1.373e+01
-1.373e+01
-1.373e+01
-1.373e+01
-1.373e+01
-1.373e+01
-1.373e+01
-1.373e+01
-1.373e+01
-1.373e+01
-1.355e+01
-1.395e+01
-1.373e+01
-1.373e+01
-1.373e+01
-1.373e+01
-1.373e+01
-1.373e+01
-1.373e+01
-1.373e+01
-1.373e+01
-1.373e+01
-1.373e+01
-1.373e+01
-1.373e+01
-1.373e+01
-1.373e+01
-1.373e+01
-1.373e+01
-1.373e+01
-1.373e+01
-1.351e+01
-1.395e+01
-1.373e+01
-1.373e+01
-1.373e+01
-1.373e+01
-1.373e+01
-1.373e+01
-1.373e+01
-1.373e+01
-1.373e+01
-1.373e+01
-1.373e+01
-1.373e+01
-1.373e+01
-1.373e+01
-1.373e+01
-1.373e+01
-1.373e+01
-1.373e+01
-1.373e+01
-1.351e+01
-1.395e+01
-1.373e+01
-1.373e+01
-1.373e+01
-1.373e+01
-1.373e+01
-1.373e+01
-1.373e+01
-1.373e+01
-1.373e+01
-1.373e+01
-1.373e+01
-1.373e+01
-1.373e+01
-1.373e+01
-1.373e+01
-1.373e+01
-1.373e+01
-1.373e+01
-1.373e+01
-1.351e+01
-1.395e+01
-1.373e+01
-1.373e+01
-1.373e+01
-1.373e+01
-1.373e+01
-1.373e+01
-1.373e+01
-1.373e+01
-1.373e+01
-1.373e+01
-1.373e+01
-1.373e+01
-1.373e+01
-1.373e+01
-1.373e+01
-1.373e+01
-1.373e+01
-1.373e+01
-1.373e+01
-1.351e+01
-1.395e+01
-1.373e+01
-1.373e+01
-1.373e+01
-1.373e+01
-1.373e+01
-1.373e+01
-1.373e+01
-1.373e+01
-1.373e+01
-1.373e+01
-1.373e+01
-1.373e+01
-1.373e+01
-1.373e+01
-1.373e+01
-1.373e+01
-1.373e+01
-1.373e+01
-1.373e+01
-1.351e+01
-1.395e+01
-1.373e+01
-1.373e+01
-1.373e+01
-1.373e+01
-1.373e+01
-1.373e+01
-1.373e+01
-1.373e+01
-1.373e+01
-1.373e+01
-1.373e+01
-1.373e+01
-1.373e+01
-1.373e+01
-1.373e+01
-1.373e+01
-1.373e+01
-1.373e+01
-1.373e+01
-1.351e+01
-1.395e+01
-1.373e+01
-1.373e+01
-1.373e+01
-1.373e+01
-1.373e+01
-1.373e+01
-1.373e+01
-1.373e+01
-1.373e+01
-1.373e+01
-1.373e+01
-1.373e+01
-1.373e+01
-1.373e+01
-1.373e+01
-1.373e+01
-1.373e+01
-1.373e+01
-1.373e+01
-1.351e+01
-1.401e+01
-1.372e+01
-1.371e+01
-1.371e+01
-1.371e+01
-1.371e+01
-1.371e+01
-1.371e+01
-1.371e+01
-1.371e+01
-1.371e+01
-1.371e+01
-1.371e+01
-1.371e+01
-1.371e+01
-1.371e+01
-1.371e+01
-1.371e+01
-1.371e+01
-1.372e+01
-1.349e+01
-8.012e+01
-7.786e+01
-7.741e+01
-7.741e+01
-7.741e+01
-7.741e+01
-7.741e+01
-7.741e+01
-7.741e+01
-7.741e+01
-7.741e+01
-7.741e+01
-7.741e+01
-7.741e+01
-7.741e+01
-7.741e+01
-7.741e+01
-7.741e+01
-7.741e+01
-7.741e+01
-7.336e+01
-7.833e+01
-7.645e+01
-7.610e+01
-7.610e+01
-7.610e+01
-7.610e+01
-7.610e+01
-7.610e+01
-7.610e+01
-7.610e+01
-7.610e+01
-7.610e+01
-7.610e+01
-7.610e+01
-7.610e+01
-7.610e+01
-7.610e+01
-7.610e+01
-7.610e+01
-7.610e+01
-7.277e+01
-7.833e+01
-7.644e+01
-7.608e+01
-7.608e+01
-7.608e+01
-7.608e+01
-7.608e+01
-7.608e+01
-7.608e+01
-7.608e+01
-7.608e+01
-7.608e+01
-7.608e+01
-7.608e+01
-7.608e+01
-7.608e+01
-7.608e+01
-7.608e+01
-7.608e+01
-7.608e+01
-7.275e+01
-7.833e+01
-7.644e+01
-7.608e+01
-7.608e+01
-7.608e+01
-7.608e+01
-7.608e+01
-7.608e+01
-7.608e+01
-7.608e+01
-7.608e+01
-7.608e+01
-7.608e+01
-7.608e+01
-7.608e+01
-7.608e+01
-7.608e+01
-7.608e+01
-7.608e+01
-7.608e+01
-7.275e+01
-7.833e+01
-7.644e+01
-7.608e+01
-7.608e+01
-7.608e+01
-7.608e+01
-7.608e+01
-7.608e+01
-7.608e+01
-7.608e+01
-7.608e+01
-7.608e+01
-7.608e+01
-7.608e+01
-7.608e+01
-7.608e+01
-7.608e+01
-7.608e+01
-7.608e+01
-7.608e+01
-7.275e+01
-7.833e+01
-7.644e+01
-7.608e+01
-7.608e+01
-7.608e+01
-7.608e+01
-7.608e+01
-7.608e+01
-7.608e+01
-7.608e+01
-7.608e+01
-7.608e+01
-7.608e+01
-7.608e+01
-7.608e+01
-7.608e+01
-7.608e+01
-7.608e+01
-7.608e+01
-7.608e+01
-7.275e+01
-7.833e+01
-7.644e+01
-7.608e+01
-7.608e+01
-7.608e+01
-7.608e+01
-7.608e+01
-7.608e+01
-7.608e+01
-7.608e+01
-7.608e+01
-7.608e+01
-7.608e+01
-7.608e+01
-7.608e+01
-7.608e+01
-7.608e+01
-7.608e+01
-7.608e+01
-7.608e+01
-7.275e+01
-7.833e+01
-7.644e+01
-7.608e+01
-7.608e+01
-7.608e+01
-7.608e+01
-7.608e+01
-7.608e+01
-7.608e+01
-7.608e+01
-7.608e+01
-7.608e+01
-7.608e+01
-7.608e+01
-7.608e+01
-7.608e+01
-7.608e+01
-7.608e+01
-7.608e+01
-7.608e+01
-7.275e+01
-7.833e+01
-7.644e+01
-7.608e+01
-7.608e+01
-7.608e+01
-7.608e+01
-7.608e+01
-7.608e+01
-7.608e+01
-7.608e+01
-7.608e+01
-7.608e+01
-7.608e+01
-7.608e+01
-7.608e+01
-7.608e+01
-7.608e+01
-7.608e+01
-7.608e+01
-7.608e+01
-7.275e+01
-7.873e+01
-7.644e+01
-7.608e+01
-7.608e+01
-7.608e+01
-7.608e+01
-7.608e+01
-7.608e+01
-7.608e+01
-7.608e+01
-7.608e+01
-7.608e+01
-7.608e+01
-7.608e+01
-7.608e+01
-7.608e+01
-7.608e+01
-7.608e+01
-7.608e+01
-7.608e+01
-7.275e+01
-7.676e+01
-7.355e+01
-7.275e+01
-7.275e+01
-7.275e+01
-7.275e+01
-7.275e+01
-7.275e+01
-7.275e+01
-7.275e+01
-7.275e+01
-7.275e+01
-7.275e+01
-7.275e+01
-7.275e+01
-7.275e+01
-7.275e+01
-7.275e+01
-7.275e+01
-7.275e+01
-7.065e+01
-1.991e+01
-1.437e+01
-1.437e+01
-1.437e+01
-1.437e+01
-1.437e+01
-1.437e+01
-1.437e+01
-1.437e+01
-1.437e+01
-1.437e+01
-1.437e+01
-1.437e+01
-1.437e+01
-1.437e+01
-1.437e+01
-1.437e+01
-1.437e+01
-1.437e+01
-1.435e+01
-9.286e+00
-1.437e+01
-9.296e+00
-9.296e+00
-9.296e+00
-9.296e+00
-9.296e+00
-9.296e+00
-9.296e+00
-9.296e+00
-9.296e+00
-9.296e+00
-9.296e+00
-9.296e+00
-9.296e+00
-9.296e+00
-9.296e+00
-9.296e+00
-9.296e+00
-9.296e+00
-9.293e+00
-6.990e+00
-1.437e+01
-9.296e+00
-9.296e+00
-9.296e+00
-9.296e+00
-9.296e+00
-9.296e+00
-9.296e+00
-9.296e+00
-9.296e+00
-9.296e+00
-9.296e+00
-9.296e+00
-9.296e+00
-9.296e+00
-9.296e+00
-9.296e+00
-9.296e+00
-9.296e+00
-9.293e+00
-6.994e+00
-1.437e+01
-9.296e+00
-9.296e+00
-9.296e+00
-9.296e+00
-9.296e+00
-9.296e+00
-9.296e+00
-9.296e+00
-9.296e+00
-9.296e+00
-9.296e+00
-9.296e+00
-9.296e+00
-9.296e+00
-9.296e+00
-9.296e+00
-9.296e+00
-9.296e+00
-9.293e+00
-6.994e+00
-1.437e+01
-9.296e+00
-9.296e+00
-9.296e+00
-9.296e+00
-9.296e+00
-9.296e+00
-9.296e+00
-9.296e+00
-9.296e+00
-9.296e+00
-9.296e+00
-9.296e+00
-9.296e+00
-9.296e+00
-9.296e+00
-9.296e+00
-9.296e+00
-9.296e+00
-9.293e+00
-6.994e+00
-1.437e+01
-9.296e+00
-9.296e+00
-9.296e+00
-9.296e+00
-9.296e+00
-9.296e+00
-9.296e+00
-9.296e+00
-9.296e+00
-9.296e+00
-9.296e+00
-9.296e+00
-9.296e+00
-9.296e+00
-9.296e+00
-9.296e+00
-9.296e+00
-9.296e+00
-9.293e+00
-6.994e+00
-1.437e+01
-9.296e+00
-9.296e+00
-9.296e+00
-9.296e+00
-9.296e+00
-9.296e+00
-9.296e+00
-9.296e+00
-9.296e+00
-9.296e+00
-9.296e+00
-9.296e+00
-9.296e+00
-9.296e+00
-9.296e+00
-9.296e+00
-9.296e+00
-9.296e+00
-9.293e+00
-6.994e+00
-1.437e+01
-9.296e+00
-9.296e+00
-9.296e+00
-9.296e+00
-9.296e+00
-9.296e+00
-9.296e+00
-9.296e+00
-9.296e+00
-9.296e+00
-9.296e+00
-9.296e+00
-9.296e+00
-9.296e+00
-9.296e+00
-9.296e+00
-9.296e+00
-9.296e+00
-9.293e+00
-6.994e+00
-1.437e+01
-9.296e+00
-9.296e+00
-9.296e+00
-9.296e+00
-9.296e+00
-9.296e+00
-9.296e+00
-9.296e+00
-9.296e+00
-9.296e+00
-9.296e+00
-9.296e+00
-9.296e+00
-9.296e+00
-9.296e+00
-9.296e+00
-9.296e+00
-9.296e+00
-9.293e+00
-6.994e+00
-1.433e+01
-9.297e+00
-9.297e+00
-9.297e+00
-9.297e+00
-9.297e+00
-9.297e+00
-9.297e+00
-9.297e+00
-9.297e+00
-9.297e+00
-9.297e+00
-9.297e+00
-9.297e+00
-9.297e+00
-9.297e+00
-9.297e+00
-9.297e+00
-9.297e+00
-9.287e+00
-6.994e+00
-2.219e+01
-1.241e+01
-1.243e+01
-1.243e+01
-1.243e+01
-1.243e+01
-1.243e+01
-1.243e+01
-1.243e+01
-1.243e+01
-1.243e+01
-1.243e+01
-1.243e+01
-1.243e+01
-1.243e+01
-1.243e+01
-1.243e+01
-1.243e+01
-1.243e+01
-1.242e+01
-8.647e+00
-2.188e+01
-1.226e+01
-1.226e+01
-1.226e+01
-1.226e+01
-1.226e+01
-1.226e+01
-1.226e+01
-1.226e+01
-1.226e+01
-1.226e+01
-1.226e+01
-1.226e+01
-1.226e+01
-1.226e+01
-1.226e+01
-1.226e+01
-1.226e+01
-1.226e+01
-1.225e+01
-8.567e+00
-2.188e+01
-1.226e+01
-1.226e+01
-1.226e+01
-1.226e+01
-1.226e+01
-1.226e+01
-1.226e+01
-1.226e+01
-1.226e+01
-1.226e+01
-1.226e+01
-1.226e+01
-1.226e+01
-1.226e+01
-1.226e+01
-1.226e+01
-1.226e+01
-1.226e+01
-1.225e+01
-8.569e+00
-2.188e+01
-1.226e+01
-1.226e+01
-1.226e+01
-1.226e+01
-1.226e+01
-1.226e+01
-1.226e+01
-1.226e+01
-1.226e+01
-1.226e+01
-1.226e+01
-1.226e+01
-1.226e+01
-1.226e+01
-1.226e+01
-1.226e+01
-1.226e+01
-1.226e+01
-1.225e+01
-8.569e+00
-2.188e+01
-1.226e+01
-1.226e+01
-1.226e+01
-1.226e+01
-1.226e+01
-1.226e+01
-1.226e+01
-1.226e+01
-1.226e+01
-1.226e+01
-1.226e+01
-1.226e+01
-1.226e+01
-1.226e+01
-1.226e+01
-1.226e+01
-1.226e+01
-1.226e+01
-1.225e+01
-8.569e+00
-2.188e+01
-1.226e+01
-1.226e+01
-1.226e+01
-1.226e+01
-1.226e+01
-1.226e+01
-1.226e+01
-1.226e+01
-1.226e+01
-1.226e+01
-1.226e+01
-1.226e+01
-1.226e+01
-1.226e+01
-1.226e+01
-1.226e+01
-1.226e+01
-1.226e+01
-1.225e+01
-8.569e+00
-2.188e+01
-1.226e+01
-1.226e+01
-1.226e+01
-1.226e+01
-1.226e+01
-1.226e+01
-1.226e+01
-1.226e+01
-1.226e+01
-1.226e+01
-1.226e+01
-1.226e+01
-1.226e+01
-1.226e+01
-1.226e+01
-1.226e+01
-1.226e+01
-1.226e+01
-1.225e+01
-8.569e+00
-2.188e+01
-1.226e+01
-1.226e+01
-1.226e+01
-1.226e+01
-1.226e+01
-1.226e+01
-1.226e+01
-1.226e+01
-1.226e+01
-1.226e+01
-1.226e+01
-1.226e+01
-1.226e+01
-1.226e+01
-1.226e+01
-1.226e+01
-1.226e+01
-1.226e+01
-1.225e+01
-8.569e+00
-2.188e+01
-1.226e+01
-1.226e+01
-1.226e+01
-1.226e+01
-1.226e+01
-1.226e+01
-1.226e+01
-1.226e+01
-1.226e+01
-1.226e+01
-1.226e+01
-1.226e+01
-1.226e+01
-1.226e+01
-1.226e+01
-1.226e+01
-1.226e+01
-1.226e+01
-1.225e+01
-8.569e+00
-2.184e+01
-1.225e+01
-1.225e+01
-1.225e+01
-1.225e+01
-1.225e+01
-1.225e+01
-1.225e+01
-1.225e+01
-1.225e+01
-1.225e+01
-1.225e+01
-1.225e+01
-1.225e+01
-1.225e+01
-1.225e+01
-1.225e+01
-1.225e+01
-1.225e+01
-1.224e+01
-8.567e+00
-1.223e+01
-8.555e+00
-8.569e+00
-8.569e+00
-8.569e+00
-8.569e+00
-8.569e+00
-8.569e+00
-8.569e+00
-8.569e+00
-8.569e+00
-8.569e+00
-8.569e+00
-8.569e+00
-8.569e+00
-8.569e+00
-8.569e+00
-8.569e+00
-8.569e+00
-8.567e+00
-7.493e+00
-4.716e+00
-4.702e+00
-4.702e+00
-4.702e+00
-4.702e+00
-4.702e+00
-4.702e+00
-4.702e+00
-4.702e+00
-4.702e+00
-4.702e+00
-4.702e+00
-4.702e+00
-4.702e+00
-4.702e+00
-4.702e+00
-4.702e+00
-4.702e+00
-4.702e+00
-4.704e+00
-4.691e+00
-4.702e+00
-4.691e+00
-4.691e+00
-4.691e+00
-4.691e+00
-4.691e+00
-4.691e+00
-4.691e+00
-4.691e+00
-4.691e+00
-4.691e+00
-4.691e+00
-4.691e+00
-4.691e+00
-4.691e+00
-4.691e+00
-4.691e+00
-4.691e+00
-4.691e+00
-4.691e+00
-4.678e+00
-4.702e+00
-4.691e+00
-4.691e+00
-4.691e+00
-4.691e+00
-4.691e+00
-4.691e+00
-4.691e+00
-4.691e+00
-4.691e+00
-4.691e+00
-4.691e+00
-4.691e+00
-4.691e+00
-4.691e+00
-4.691e+00
-4.691e+00
-4.691e+00
-4.691e+00
-4.691e+00
-4.675e+00
-4.702e+00
-4.691e+00
-4.691e+00
-4.691e+00
-4.691e+00
-4.691e+00
-4.691e+00
-4.691e+00
-4.691e+00
-4.691e+00
-4.691e+00
-4.691e+00
-4.691e+00
-4.691e+00
-4.691e+00
-4.691e+00
-4.691e+00
-4.691e+00
-4.691e+00
-4.691e+00
-4.675e+00
-4.702e+00
-4.691e+00
-4.691e+00
-4.691e+00
-4.691e+00
-4.691e+00
-4.691e+00
-4.691e+00
-4.691e+00
-4.691e+00
-4.691e+00
-4.691e+00
-4.691e+00
-4.691e+00
-4.691e+00
-4.691e+00
-4.691e+00
-4.691e+00
-4.691e+00
-4.691e+00
-4.675e+00
-4.702e+00
-4.691e+00
-4.691e+00
-4.691e+00
-4.691e+00
-4.691e+00
-4.691e+00
-4.691e+00
-4.691e+00
-4.691e+00
-4.691e+00
-4.691e+00
-4.691e+00
-4.691e+00
-4.691e+00
-4.691e+00
-4.691e+00
-4.691e+00
-4.691e+00
-4.691e+00
-4.675e+00
-4.702e+00
-4.691e+00
-4.691e+00
-4.691e+00
-4.691e+00
-4.691e+00
-4.691e+00
-4.691e+00
-4.691e+00
-4.691e+00
-4.691e+00
-4.691e+00
-4.691e+00
-4.691e+00
-4.691e+00
-4.691e+00
-4.691e+00
-4.691e+00
-4.691e+00
-4.691e+00
-4.675e+00
-4.702e+00
-4.691e+00
-4.691e+00
-4.691e+00
-4.691e+00
-4.691e+00
-4.691e+00
-4.691e+00
-4.691e+00
-4.691e+00
-4.691e+00
-4.691e+00
-4.691e+00
-4.691e+00
-4.691e+00
-4.691e+00
-4.691e+00
-4.691e+00
-4.691e+00
-4.691e+00
-4.675e+00
-4.702e+00
-4.691e+00
-4.691e+00
-4.691e+00
-4.691e+00
-4.691e+00
-4.691e+00
-4.691e+00
-4.691e+00
-4.691e+00
-4.691e+00
-4.691e+00
-4.691e+00
-4.691e+00
-4.691e+00
-4.691e+00
-4.691e+00
-4.691e+00
-4.691e+00
-4.691e+00
-4.675e+00
-4.702e+00
-4.683e+00
-4.681e+00
-4.681e+00
-4.681e+00
-4.681e+00
-4.681e+00
-4.681e+00
-4.681e+00
-4.681e+00
-4.681e+00
-4.681e+00
-4.681e+00
-4.681e+00
-4.681e+00
-4.681e+00
-4.681e+00
-4.681e+00
-4.681e+00
-4.682e+00
-4.665e+00
-2.406e+00
-2.395e+00
-2.395e+00
-2.395e+00
-2.395e+00
-2.395e+00
-2.395e+00
-2.395e+00
-2.395e+00
-2.395e+00
-2.395e+00
-2.395e+00
-2.395e+00
-2.395e+00
-2.395e+00
-2.395e+00
-2.395e+00
-2.395e+00
-2.395e+00
-2.395e+00
-2.392e+00
-2.408e+00
-2.399e+00
-2.399e+00
-2.399e+00
-2.399e+00
-2.399e+00
-2.399e+00
-2.399e+00
-2.399e+00
-2.399e+00
-2.399e+00
-2.399e+00
-2.399e+00
-2.399e+00
-2.399e+00
-2.399e+00
-2.399e+00
-2.399e+00
-2.399e+00
-2.399e+00
-2.393e+00
-2.408e+00
-2.399e+00
-2.399e+00
-2.399e+00
-2.399e+00
-2.399e+00
-2.399e+00
-2.399e+00
-2.399e+00
-2.399e+00
-2.399e+00
-2.399e+00
-2.399e+00
-2.399e+00
-2.399e+00
-2.399e+00
-2.399e+00
-2.399e+00
-2.399e+00
-2.399e+00
-2.393e+00
-2.408e+00
-2.399e+00
-2.399e+00
-2.399e+00
-2.399e+00
-2.399e+00
-2.399e+00
-2.399e+00
-2.399e+00
-2.399e+00
-2.399e+00
-2.399e+00
-2.399e+00
-2.399e+00
-2.399e+00
-2.399e+00
-2.399e+00
-2.399e+00
-2.399e+00
-2.399e+00
-2.393e+00
-2.408e+00
-2.399e+00
-2.399e+00
-2.399e+00
-2.399e+00
-2.399e+00
-2.399e+00
-2.399e+00
-2.399e+00
-2.399e+00
-2.399e+00
-2.399e+00
-2.399e+00
-2.399e+00
-2.399e+00
-2.399e+00
-2.399e+00
-2.399e+00
-2.399e+00
-2.399e+00
-2.393e+00
-2.408e+00
-2.399e+00
-2.399e+00
-2.399e+00
-2.399e+00
-2.399e+00
-2.399e+00
-2.399e+00
-2.399e+00
-2.399e+00
-2.399e+00
-2.399e+00
-2.399e+00
-2.399e+00
-2.399e+00
-2.399e+00
-2.399e+00
-2.399e+00
-2.399e+00
-2.399e+00
-2.393e+00
-2.408e+00
-2.399e+00
-2.399e+00
-2.399e+00
-2.399e+00
-2.399e+00
-2.399e+00
-2.399e+00
-2.399e+00
-2.399e+00
-2.399e+00
-2.399e+00
-2.399e+00
-2.399e+00
-2.399e+00
-2.399e+00
-2.399e+00
-2.399e+00
-2.399e+00
-2.399e+00
-2.393e+00
-2.408e+00
-2.399e+00
-2.399e+00
-2.399e+00
-2.399e+00
-2.399e+00
-2.399e+00
-2.399e+00
-2.399e+00
-2.399e+00
-2.399e+00
-2.399e+00
-2.399e+00
-2.399e+00
-2.399e+00
-2.399e+00
-2.399e+00
-2.399e+00
-2.399e+00
-2.399e+00
-2.393e+00
-2.408e+00
-2.399e+00
-2.399e+00
-2.399e+00
-2.399e+00
-2.399e+00
-2.399e+00
-2.399e+00
-2.399e+00
-2.399e+00
-2.399e+00
-2.399e+00
-2.399e+00
-2.399e+00
-2.399e+00
-2.399e+00
-2.399e+00
-2.399e+00
-2.399e+00
-2.399e+00
-2.393e+00
-2.409e+00
-2.399e+00
-2.399e+00
-2.399e+00
-2.399e+00
-2.399e+00
-2.399e+00
-2.399e+00
-2.399e+00
-2.399e+00
-2.399e+00
-2.399e+00
-2.399e+00
-2.399e+00
-2.399e+00
-2.399e+00
-2.399e+00
-2.399e+00
-2.399e+00
-2.399e+00
-2.393e+00
-2.399e+00
-2.393e+00
-2.393e+00
-2.393e+00
-2.393e+00
-2.393e+00
-2.393e+00
-2.393e+00
-2.393e+00
-2.393e+00
-2.393e+00
-2.393e+00
-2.393e+00
-2.393e+00
-2.393e+00
-2.393e+00
-2.393e+00
-2.393e+00
-2.393e+00
-2.393e+00
-2.390e+00
-3.468e+00
-3.247e+00
-3.247e+00
-3.247e+00
-3.247e+00
-3.247e+00
-3.247e+00
-3.247e+00
-3.247e+00
-3.247e+00
-3.247e+00
-3.247e+00
-3.247e+00
-3.247e+00
-3.247e+00
-3.247e+00
-3.247e+00
-3.247e+00
-3.247e+00
-3.246e+00
-2.926e+00
-3.247e+00
-2.930e+00
-2.930e+00
-2.930e+00
-2.930e+00
-2.930e+00
-2.930e+00
-2.930e+00
-2.930e+00
-2.930e+00
-2.930e+00
-2.930e+00
-2.930e+00
-2.930e+00
-2.930e+00
-2.930e+00
-2.930e+00
-2.930e+00
-2.930e+00
-2.929e+00
-2.706e+00
-3.247e+00
-2.930e+00
-2.930e+00
-2.930e+00
-2.930e+00
-2.930e+00
-2.930e+00
-2.930e+00
-2.930e+00
-2.930e+00
-2.930e+00
-2.930e+00
-2.930e+00
-2.930e+00
-2.930e+00
-2.930e+00
-2.930e+00
-2.930e+00
-2.930e+00
-2.929e+00
-2.706e+00
-3.247e+00
-2.930e+00
-2.930e+00
-2.930e+00
-2.930e+00
-2.930e+00
-2.930e+00
-2.930e+00
-2.930e+00
-2.930e+00
-2.930e+00
-2.930e+00
-2.930e+00
-2.930e+00
-2.930e+00
-2.930e+00
-2.930e+00
-2.930e+00
-2.930e+00
-2.929e+00
-2.706e+00
-3.247e+00
-2.930e+00
-2.930e+00
-2.930e+00
-2.930e+00
-2.930e+00
-2.930e+00
-2.930e+00
-2.930e+00
-2.930e+00
-2.930e+00
-2.930e+00
-2.930e+00
-2.930e+00
-2.930e+00
-2.930e+00
-2.930e+00
-2.930e+00
-2.930e+00
-2.929e+00
-2.706e+00
-3.247e+00
-2.930e+00
-2.930e+00
-2.930e+00
-2.930e+00
-2.930e+00
-2.930e+00
-2.930e+00
-2.930e+00
-2.930e+00
-2.930e+00
-2.930e+00
-2.930e+00
-2.930e+00
-2.930e+00
-2.930e+00
-2.930e+00
-2.930e+00
-2.930e+00
-2.929e+00
-2.706e+00
-3.247e+00
-2.930e+00
-2.930e+00
-2.930e+00
-2.930e+00
-2.930e+00
-2.930e+00
-2.930e+00
-2.930e+00
-2.930e+00
-2.930e+00
-2.930e+00
-2.930e+00
-2.930e+00
-2.930e+00
-2.930e+00
-2.930e+00
-2.930e+00
-2.930e+00
-2.929e+00
-2.706e+00
-3.247e+00
-2.930e+00
-2.930e+00
-2.930e+00
-2.930e+00
-2.930e+00
-2.930e+00
-2.930e+00
-2.930e+00
-2.930e+00
-2.930e+00
-2.930e+00
-2.930e+00
-2.930e+00
-2.930e+00
-2.930e+00
-2.930e+00
-2.930e+00
-2.930e+00
-2.929e+00
-2.706e+00
-3.247e+00
-2.930e+00
-2.930e+00
-2.930e+00
-2.930e+00
-2.930e+00
-2.930e+00
-2.930e+00
-2.930e+00
-2.930e+00
-2.930e+00
-2.930e+00
-2.930e+00
-2.930e+00
-2.930e+00
-2.930e+00
-2.930e+00
-2.930e+00
-2.930e+00
-2.929e+00
-2.706e+00
-3.232e+00
-2.923e+00
-2.923e+00
-2.923e+00
-2.923e+00
-2.923e+00
-2.923e+00
-2.923e+00
-2.923e+00
-2.923e+00
-2.923e+00
-2.923e+00
-2.923e+00
-2.923e+00
-2.923e+00
-2.923e+00
-2.923e+00
-2.923e+00
-2.923e+00
-2.922e+00
-2.705e+00
-1.470e+00
-1.470e+00
-1.470e+00
-1.470e+00
-1.470e+00
-1.470e+00
-1.470e+00
-1.470e+00
-1.470e+00
-1.470e+00
-1.470e+00
-1.470e+00
-1.470e+00
-1.470e+00
-1.470e+00
-1.470e+00
-1.470e+00
-1.470e+00
-1.470e+00
-1.470e+00
-1.469e+00
-1.465e+00
-1.470e+00
-1.470e+00
-1.470e+00
-1.470e+00
-1.470e+00
-1.470e+00
-1.470e+00
-1.470e+00
-1.470e+00
-1.470e+00
-1.470e+00
-1.470e+00
-1.470e+00
-1.470e+00
-1.470e+00
-1.470e+00
-1.470e+00
-1.470e+00
-1.470e+00
-1.473e+00
-1.465e+00
-1.470e+00
-1.470e+00
-1.470e+00
-1.470e+00
-1.470e+00
-1.470e+00
-1.470e+00
-1.470e+00
-1.470e+00
-1.470e+00
-1.470e+00
-1.470e+00
-1.470e+00
-1.470e+00
-1.470e+00
-1.470e+00
-1.470e+00
-1.470e+00
-1.470e+00
-1.473e+00
-1.465e+00
-1.470e+00
-1.470e+00
-1.470e+00
-1.470e+00
-1.470e+00
-1.470e+00
-1.470e+00
-1.470e+00
-1.470e+00
-1.470e+00
-1.470e+00
-1.470e+00
-1.470e+00
-1.470e+00
-1.470e+00
-1.470e+00
-1.470e+00
-1.470e+00
-1.470e+00
-1.473e+00
-1.465e+00
-1.470e+00
-1.470e+00
-1.470e+00
-1.470e+00
-1.470e+00
-1.470e+00
-1.470e+00
-1.470e+00
-1.470e+00
-1.470e+00
-1.470e+00
-1.470e+00
-1.470e+00
-1.470e+00
-1.470e+00
-1.470e+00
-1.470e+00
-1.470e+00
-1.470e+00
-1.473e+00
-1.465e+00
-1.470e+00
-1.470e+00
-1.470e+00
-1.470e+00
-1.470e+00
-1.470e+00
-1.470e+00
-1.470e+00
-1.470e+00
-1.470e+00
-1.470e+00
-1.470e+00
-1.470e+00
-1.470e+00
-1.470e+00
-1.470e+00
-1.470e+00
-1.470e+00
-1.470e+00
-1.473e+00
-1.465e+00
-1.470e+00
-1.470e+00
-1.470e+00
-1.470e+00
-1.470e+00
-1.470e+00
-1.470e+00
-1.470e+00
-1.470e+00
-1.470e+00
-1.470e+00
-1.470e+00
-1.470e+00
-1.470e+00
-1.470e+00
-1.470e+00
-1.470e+00
-1.470e+00
-1.470e+00
-1.473e+00
-1.465e+00
-1.470e+00
-1.470e+00
-1.470e+00
-1.470e+00
-1.470e+00
-1.470e+00
-1.470e+00
-1.470e+00
-1.470e+00
-1.470e+00
-1.470e+00
-1.470e+00
-1.470e+00
-1.470e+00
-1.470e+00
-1.470e+00
-1.470e+00
-1.470e+00
-1.470e+00
-1.473e+00
-1.465e+00
-1.470e+00
-1.470e+00
-1.470e+00
-1.470e+00
-1.470e+00
-1.470e+00
-1.470e+00
-1.470e+00
-1.470e+00
-1.470e+00
-1.470e+00
-1.470e+00
-1.470e+00
-1.470e+00
-1.470e+00
-1.470e+00
-1.470e+00
-1.470e+00
-1.470e+00
-1.473e+00
-1.465e+00
-1.470e+00
-1.470e+00
-1.470e+00
-1.470e+00
-1.470e+00
-1.470e+00
-1.470e+00
-1.470e+00
-1.470e+00
-1.470e+00
-1.470e+00
-1.470e+00
-1.470e+00
-1.470e+00
-1.470e+00
-1.470e+00
-1.470e+00
-1.470e+00
-1.470e+00
-1.473e+00
-1.470e+00
-1.473e+00
-1.473e+00
-1.473e+00
-1.473e+00
-1.473e+00
-1.473e+00
-1.473e+00
-1.473e+00
-1.473e+00
-1.473e+00
-1.473e+00
-1.473e+00
-1.473e+00
-1.473e+00
-1.473e+00
-1.473e+00
-1.473e+00
-1.473e+00
-1.473e+00
-1.472e+00
-1.527e+00
-1.527e+00
-1.527e+00
-1.527e+00
-1.527e+00
-1.527e+00
-1.527e+00
-1.527e+00
-1.527e+00
-1.527e+00
-1.527e+00
-1.527e+00
-1.527e+00
-1.527e+00
-1.527e+00
-1.527e+00
-1.527e+00
-1.527e+00
-1.527e+00
-1.527e+00
-1.527e+00
-1.527e+00
-1.527e+00
-1.527e+00
-1.527e+00
-1.527e+00
-1.527e+00
-1.527e+00
-1.527e+00
-1.527e+00
-1.527e+00
-1.527e+00
-1.527e+00
-1.527e+00
-1.527e+00
-1.527e+00
-1.527e+00
-1.527e+00
-1.527e+00
-1.527e+00
-1.527e+00
-1.524e+00
-1.527e+00
-1.527e+00
-1.527e+00
-1.527e+00
-1.527e+00
-1.527e+00
-1.527e+00
-1.527e+00
-1.527e+00
-1.527e+00
-1.527e+00
-1.527e+00
-1.527e+00
-1.527e+00
-1.527e+00
-1.527e+00
-1.527e+00
-1.527e+00
-1.527e+00
-1.527e+00
-1.524e+00
-1.527e+00
-1.527e+00
-1.527e+00
-1.527e+00
-1.527e+00
-1.527e+00
-1.527e+00
-1.527e+00
-1.527e+00
-1.527e+00
-1.527e+00
-1.527e+00
-1.527e+00
-1.527e+00
-1.527e+00
-1.527e+00
-1.527e+00
-1.527e+00
-1.527e+00
-1.527e+00
-1.524e+00
-1.527e+00
-1.527e+00
-1.527e+00
-1.527e+00
-1.527e+00
-1.527e+00
-1.527e+00
-1.527e+00
-1.527e+00
-1.527e+00
-1.527e+00
-1.527e+00
-1.527e+00
-1.527e+00
-1.527e+00
-1.527e+00
-1.527e+00
-1.527e+00
-1.527e+00
-1.527e+00
-1.524e+00
-1.527e+00
-1.527e+00
-1.527e+00
-1.527e+00
-1.527e+00
-1.527e+00
-1.527e+00
-1.527e+00
-1.527e+00
-1.527e+00
-1.527e+00
-1.527e+00
-1.527e+00
-1.527e+00
-1.527e+00
-1.527e+00
-1.527e+00
-1.527e+00
-1.527e+00
-1.527e+00
-1.524e+00
-1.527e+00
-1.527e+00
-1.527e+00
-1.527e+00
-1.527e+00
-1.527e+00
-1.527e+00
-1.527e+00
-1.527e+00
-1.527e+00
-1.527e+00
-1.527e+00
-1.527e+00
-1.527e+00
-1.527e+00
-1.527e+00
-1.527e+00
-1.527e+00
-1.527e+00
-1.527e+00
-1.524e+00
-1.527e+00
-1.527e+00
-1.527e+00
-1.527e+00
-1.527e+00
-1.527e+00
-1.527e+00
-1.527e+00
-1.527e+00
-1.527e+00
-1.527e+00
-1.527e+00
-1.527e+00
-1.527e+00
-1.527e+00
-1.527e+00
-1.527e+00
-1.527e+00
-1.527e+00
-1.527e+00
-1.524e+00
-1.527e+00
-1.527e+00
-1.527e+00
-1.527e+00
-1.527e+00
-1.527e+00
-1.527e+00
-1.527e+00
-1.527e+00
-1.527e+00
-1.527e+00
-1.527e+00
-1.527e+00
-1.527e+00
-1.527e+00
-1.527e+00
-1.527e+00
-1.527e+00
-1.527e+00
-1.527e+00
-1.524e+00
-1.527e+00
-1.524e+00
-1.524e+00
-1.524e+00
-1.524e+00
-1.524e+00
-1.524e+00
-1.524e+00
-1.524e+00
-1.524e+00
-1.524e+00
-1.524e+00
-1.524e+00
-1.524e+00
-1.524e+00
-1.524e+00
-1.524e+00
-1.524e+00
-1.524e+00
-1.524e+00
-1.522e+00
-1.159e+00
-1.159e+00
-1.159e+00
-1.159e+00
-1.159e+00
-1.159e+00
-1.159e+00
-1.159e+00
-1.159e+00
-1.159e+00
-1.159e+00
-1.159e+00
-1.159e+00
-1.159e+00
-1.159e+00
-1.159e+00
-1.159e+00
-1.159e+00
-1.159e+00
-1.159e+00
-1.159e+00
-1.159e+00
-1.159e+00
-1.159e+00
-1.159e+00
-1.159e+00
-1.159e+00
-1.159e+00
-1.159e+00
-1.159e+00
-1.159e+00
-1.159e+00
-1.159e+00
-1.159e+00
-1.159e+00
-1.159e+00
-1.159e+00
-1.159e+00
-1.159e+00
-1.159e+00
-1.159e+00
-1.159e+00
-1.159e+00
-1.159e+00
-1.159e+00
-1.159e+00
-1.159e+00
-1.159e+00
-1.159e+00
-1.159e+00
-1.159e+00
-1.159e+00
-1.159e+00
-1.159e+00
-1.159e+00
-1.159e+00
-1.159e+00
-1.159e+00
-1.159e+00
-1.159e+00
-1.159e+00
-1.159e+00
-1.159e+00
-1.159e+00
-1.159e+00
-1.159e+00
-1.159e+00
-1.159e+00
-1.159e+00
-1.159e+00
-1.159e+00
-1.159e+00
-1.159e+00
-1.159e+00
-1.159e+00
-1.159e+00
-1.159e+00
-1.159e+00
-1.159e+00
-1.159e+00
-1.159e+00
-1.159e+00
-1.159e+00
-1.159e+00
-1.159e+00
-1.159e+00
-1.159e+00
-1.159e+00
-1.159e+00
-1.159e+00
-1.159e+00
-1.159e+00
-1.159e+00
-1.159e+00
-1.159e+00
-1.159e+00
-1.159e+00
-1.159e+00
-1.159e+00
-1.159e+00
-1.159e+00
-1.159e+00
-1.159e+00
-1.159e+00
-1.159e+00
-1.159e+00
-1.159e+00
-1.159e+00
-1.159e+00
-1.159e+00
-1.159e+00
-1.159e+00
-1.159e+00
-1.159e+00
-1.159e+00
-1.159e+00
-1.159e+00
-1.159e+00
-1.159e+00
-1.159e+00
-1.159e+00
-1.159e+00
-1.159e+00
-1.159e+00
-1.159e+00
-1.159e+00
-1.159e+00
-1.159e+00
-1.159e+00
-1.159e+00
-1.159e+00
-1.159e+00
-1.159e+00
-1.159e+00
-1.159e+00
-1.159e+00
-1.159e+00
-1.159e+00
-1.159e+00
-1.159e+00
-1.159e+00
-1.159e+00
-1.159e+00
-1.159e+00
-1.159e+00
-1.159e+00
-1.159e+00
-1.159e+00
-1.159e+00
-1.159e+00
-1.159e+00
-1.159e+00
-1.159e+00
-1.159e+00
-1.159e+00
-1.159e+00
-1.159e+00
-1.159e+00
-1.159e+00
-1.159e+00
-1.159e+00
-1.159e+00
-1.159e+00
-1.159e+00
-1.159e+00
-1.159e+00
-1.159e+00
-1.159e+00
-1.159e+00
-1.159e+00
-1.159e+00
-1.159e+00
-1.159e+00
-1.159e+00
-1.159e+00
-1.159e+00
-1.159e+00
-1.159e+00
-1.159e+00
-1.159e+00
-1.159e+00
-1.159e+00
-1.159e+00
-1.159e+00
-1.159e+00
-1.159e+00
-1.159e+00
-1.159e+00
-1.159e+00
-1.159e+00
-1.159e+00
-1.159e+00
-1.159e+00
-1.159e+00
-1.159e+00
-1.159e+00
-1.159e+00
-1.159e+00
-1.159e+00
-1.159e+00
-1.159e+00
-1.159e+00
-1.159e+00
-1.159e+00
-1.159e+00
-1.159e+00
-1.159e+00
-1.159e+00
-1.159e+00
-1.159e+00
-1.159e+00
-1.159e+00
-1.159e+00
-1.159e+00
-1.159e+00
-1.159e+00
-1.159e+00
-1.159e+00
-1.159e+00
-1.159e+00
-1.159e+00
-1.159e+00
-1.159e+00
-1.159e+00
-1.159e+00
-1.159e+00
-1.159e+00
-1.159e+00
-1.159e+00
-1.159e+00
-1.159e+00
-9.385e-01
-9.321e-01
-9.319e-01
-9.319e-01
-9.319e-01
-9.319e-01
-9.319e-01
-9.319e-01
-9.319e-01
-9.319e-01
-9.319e-01
-9.319e-01
-9.319e-01
-9.319e-01
-9.319e-01
-9.319e-01
-9.319e-01
-9.319e-01
-9.319e-01
-9.317e-01
-9.226e-01
-9.321e-01
-9.239e-01
-9.234e-01
-9.234e-01
-9.234e-01
-9.234e-01
-9.234e-01
-9.234e-01
-9.234e-01
-9.234e-01
-9.234e-01
-9.234e-01
-9.234e-01
-9.234e-01
-9.234e-01
-9.234e-01
-9.234e-01
-9.234e-01
-9.234e-01
-9.230e-01
-9.165e-01
-9.319e-01
-9.234e-01
-9.230e-01
-9.230e-01
-9.230e-01
-9.230e-01
-9.230e-01
-9.230e-01
-9.230e-01
-9.230e-01
-9.230e-01
-9.230e-01
-9.230e-01
-9.230e-01
-9.230e-01
-9.230e-01
-9.230e-01
-9.230e-01
-9.230e-01
-9.228e-01
-9.163e-01
-9.319e-01
-9.234e-01
-9.230e-01
-9.230e-01
-9.230e-01
-9.230e-01
-9.230e-01
-9.230e-01
-9.230e-01
-9.230e-01
-9.230e-01
-9.230e-01
-9.230e-01
-9.230e-01
-9.230e-01
-9.230e-01
-9.230e-01
-9.230e-01
-9.230e-01
-9.228e-01
-9.163e-01
-9.319e-01
-9.234e-01
-9.230e-01
-9.230e-01
-9.230e-01
-9.230e-01
-9.230e-01
-9.230e-01
-9.230e-01
-9.230e-01
-9.230e-01
-9.230e-01
-9.230e-01
-9.230e-01
-9.230e-01
-9.230e-01
-9.230e-01
-9.230e-01
-9.230e-01
-9.228e-01
-9.163e-01
-9.319e-01
-9.234e-01
-9.230e-01
-9.230e-01
-9.230e-01
-9.230e-01
-9.230e-01
-9.230e-01
-9.230e-01
-9.230e-01
-9.230e-01
-9.230e-01
-9.230e-01
-9.230e-01
-9.230e-01
-9.230e-01
-9.230e-01
-9.230e-01
-9.230e-01
-9.228e-01
-9.163e-01
-9.319e-01
-9.234e-01
-9.230e-01
-9.230e-01
-9.230e-01
-9.230e-01
-9.230e-01
-9.230e-01
-9.230e-01
-9.230e-01
-9.230e-01
-9.230e-01
-9.230e-01
-9.230e-01
-9.230e-01
-9.230e-01
-9.230e-01
-9.230e-01
-9.230e-01
-9.228e-01
-9.163e-01
-9.319e-01
-9.234e-01
-9.230e-01
-9.230e-01
-9.230e-01
-9.230e-01
-9.230e-01
-9.230e-01
-9.230e-01
-9.230e-01
-9.230e-01
-9.230e-01
-9.230e-01
-9.230e-01
-9.230e-01
-9.230e-01
-9.230e-01
-9.230e-01
-9.230e-01
-9.228e-01
-9.163e-01
-9.319e-01
-9.233e-01
-9.230e-01
-9.230e-01
-9.230e-01
-9.230e-01
-9.230e-01
-9.230e-01
-9.230e-01
-9.230e-01
-9.230e-01
-9.230e-01
-9.230e-01
-9.230e-01
-9.230e-01
-9.230e-01
-9.230e-01
-9.230e-01
-9.230e-01
-9.227e-01
-9.162e-01
-9.300e-01
-9.204e-01
-9.201e-01
-9.201e-01
-9.201e-01
-9.201e-01
-9.201e-01
-9.201e-01
-9.201e-01
-9.201e-01
-9.201e-01
-9.201e-01
-9.201e-01
-9.201e-01
-9.201e-01
-9.201e-01
-9.201e-01
-9.201e-01
-9.201e-01
-9.194e-01
-9.128e-01
-8.622e-01
-8.628e-01
-8.628e-01
-8.628e-01
-8.628e-01
-8.628e-01
-8.628e-01
-8.628e-01
-8.628e-01
-8.628e-01
-8.628e-01
-8.628e-01
-8.628e-01
-8.628e-01
-8.628e-01
-8.628e-01
-8.628e-01
-8.628e-01
-8.628e-01
-8.628e-01
-8.633e-01
-8.600e-01
-8.600e-01
-8.600e-01
-8.600e-01
-8.600e-01
-8.600e-01
-8.600e-01
-8.600e-01
-8.600e-01
-8.600e-01
-8.600e-01
-8.600e-01
-8.600e-01
-8.600e-01
-8.600e-01
-8.600e-01
-8.600e-01
-8.600e-01
-8.600e-01
-8.600e-01
-8.600e-01
-8.600e-01
-8.600e-01
-8.600e-01
-8.600e-01
-8.600e-01
-8.600e-01
-8.600e-01
-8.600e-01
-8.600e-01
-8.600e-01
-8.600e-01
-8.600e-01
-8.600e-01
-8.600e-01
-8.600e-01
-8.600e-01
-8.600e-01
-8.600e-01
-8.600e-01
-8.600e-01
-8.600e-01
-8.600e-01
-8.600e-01
-8.600e-01
-8.600e-01
-8.600e-01
-8.600e-01
-8.600e-01
-8.600e-01
-8.600e-01
-8.600e-01
-8.600e-01
-8.600e-01
-8.600e-01
-8.600e-01
-8.600e-01
-8.600e-01
-8.600e-01
-8.600e-01
-8.600e-01
-8.600e-01
-8.600e-01
-8.600e-01
-8.600e-01
-8.600e-01
-8.600e-01
-8.600e-01
-8.600e-01
-8.600e-01
-8.600e-01
-8.600e-01
-8.600e-01
-8.600e-01
-8.600e-01
-8.600e-01
-8.600e-01
-8.600e-01
-8.600e-01
-8.600e-01
-8.600e-01
-8.600e-01
-8.600e-01
-8.600e-01
-8.600e-01
-8.600e-01
-8.600e-01
-8.600e-01
-8.600e-01
-8.600e-01
-8.600e-01
-8.600e-01
-8.600e-01
-8.600e-01
-8.600e-01
-8.600e-01
-8.600e-01
-8.600e-01
-8.600e-01
-8.600e-01
-8.600e-01
-8.600e-01
-8.600e-01
-8.600e-01
-8.600e-01
-8.600e-01
-8.600e-01
-8.600e-01
-8.600e-01
-8.600e-01
-8.600e-01
-8.600e-01
-8.600e-01
-8.600e-01
-8.600e-01
-8.600e-01
-8.600e-01
-8.600e-01
-8.600e-01
-8.600e-01
-8.600e-01
-8.600e-01
-8.600e-01
-8.600e-01
-8.600e-01
-8.600e-01
-8.600e-01
-8.600e-01
-8.600e-01
-8.600e-01
-8.600e-01
-8.600e-01
-8.600e-01
-8.600e-01
-8.600e-01
-8.600e-01
-8.600e-01
-8.600e-01
-8.600e-01
-8.600e-01
-8.600e-01
-8.600e-01
-8.600e-01
-8.600e-01
-8.600e-01
-8.600e-01
-8.600e-01
-8.600e-01
-8.600e-01
-8.600e-01
-8.600e-01
-8.600e-01
-8.600e-01
-8.600e-01
-8.600e-01
-8.600e-01
-8.600e-01
-8.600e-01
-8.600e-01
-8.600e-01
-8.600e-01
-8.600e-01
-8.600e-01
-8.600e-01
-8.600e-01
-8.600e-01
-8.600e-01
-8.600e-01
-8.600e-01
-8.600e-01
-8.600e-01
-8.600e-01
-8.600e-01
-8.600e-01
-8.600e-01
-8.600e-01
-8.600e-01
-8.600e-01
-8.600e-01
-8.600e-01
-8.600e-01
-8.600e-01
-8.600e-01
-8.600e-01
-8.600e-01
-8.600e-01
-8.600e-01
-8.600e-01
-8.600e-01
-8.600e-01
-8.600e-01
-8.600e-01
-8.600e-01
-8.600e-01
-8.600e-01
-8.600e-01
-8.600e-01
-8.600e-01
-8.600e-01
-8.600e-01
-8.600e-01
-8.600e-01
-8.600e-01
-8.600e-01
-8.600e-01
-8.600e-01
-8.600e-01
-8.600e-01
-8.600e-01
-8.600e-01
-2.601e-01
-2.601e-01
-2.601e-01
-2.601e-01
-2.601e-01
-2.601e-01
-2.601e-01
-2.601e-01
-2.601e-01
-2.601e-01
-2.601e-01
-2.601e-01
-2.601e-01
-2.601e-01
-2.601e-01
-2.601e-01
-2.601e-01
-2.601e-01
-2.601e-01
-2.601e-01
-2.601e-01
-2.601e-01
-2.601e-01
-2.601e-01
-2.601e-01
-2.601e-01
-2.601e-01
-2.601e-01
-2.601e-01
-2.601e-01
-2.601e-01
-2.601e-01
-2.601e-01
-2.601e-01
-2.601e-01
-2.601e-01
-2.601e-01
-2.601e-01
-2.601e-01
-2.601e-01
-2.601e-01
-2.601e-01
-2.601e-01
-2.601e-01
-2.601e-01
-2.601e-01
-2.601e-01
-2.601e-01
-2.601e-01
-2.601e-01
-2.601e-01
-2.601e-01
-2.601e-01
-2.601e-01
-2.601e-01
-2.601e-01
-2.601e-01
-2.601e-01
-2.601e-01
-2.601e-01
-2.601e-01
-2.601e-01
-2.601e-01
-2.601e-01
-2.601e-01
-2.601e-01
-2.601e-01
-2.601e-01
-2.601e-01
-2.601e-01
-2.601e-01
-2.601e-01
-2.601e-01
-2.601e-01
-2.601e-01
-2.601e-01
-2.601e-01
-2.601e-01
-2.601e-01
-2.601e-01
-2.601e-01
-2.601e-01
-2.601e-01
-2.601e-01
-2.601e-01
-2.601e-01
-2.601e-01
-2.601e-01
-2.601e-01
-2.601e-01
-2.601e-01
-2.601e-01
-2.601e-01
-2.601e-01
-2.601e-01
-2.601e-01
-2.601e-01
-2.601e-01
-2.601e-01
-2.601e-01
-2.601e-01
-2.601e-01
-2.601e-01
-2.601e-01
-2.601e-01
-2.601e-01
-2.601e-01
-2.601e-01
-2.601e-01
-2.601e-01
-2.601e-01
-2.601e-01
-2.601e-01
-2.601e-01
-2.601e-01
-2.601e-01
-2.601e-01
-2.601e-01
-2.601e-01
-2.601e-01
-2.601e-01
-2.601e-01
-2.601e-01
-2.601e-01
-2.601e-01
-2.601e-01
-2.601e-01
-2.601e-01
-2.601e-01
-2.601e-01
-2.601e-01
-2.601e-01
-2.601e-01
-2.601e-01
-2.601e-01
-2.601e-01
-2.601e-01
-2.601e-01
-2.601e-01
-2.601e-01
-2.601e-01
-2.601e-01
-2.601e-01
-2.601e-01
-2.601e-01
-2.601e-01
-2.601e-01
-2.601e-01
-2.601e-01
-2.601e-01
-2.601e-01
-2.601e-01
-2.601e-01
-2.601e-01
-2.601e-01
-2.601e-01
-2.601e-01
-2.601e-01
-2.601e-01
-2.601e-01
-2.601e-01
-2.601e-01
-2.601e-01
-2.601e-01
-2.601e-01
-2.601e-01
-2.601e-01
-2.601e-01
-2.601e-01
-2.601e-01
-2.601e-01
-2.601e-01
-2.601e-01
-2.601e-01
-2.601e-01
-2.601e-01
-2.601e-01
-2.601e-01
-2.601e-01
-2.601e-01
-2.601e-01
-2.601e-01
-2.601e-01
-2.601e-01
-2.601e-01
-2.601e-01
-2.601e-01
-2.601e-01
-2.601e-01
-2.601e-01
-2.601e-01
-2.601e-01
-2.601e-01
-2.601e-01
-2.601e-01
-2.601e-01
-2.601e-01
-2.601e-01
-2.601e-01
-2.601e-01
-2.601e-01
-2.601e-01
-2.601e-01
-2.601e-01
-2.601e-01
-2.601e-01
-2.601e-01
-2.601e-01
-2.601e-01
-2.601e-01
-2.601e-01
-2.601e-01
-2.601e-01
-2.601e-01
-2.601e-01
-2.601e-01
-2.601e-01
-2.601e-01
-2.601e-01
-2.601e-01
-2.601e-01
-2.601e-01
-2.601e-01
-2.601e-01
-2.601e-01
-2.601e-01
-2.601e-01
-2.601e-01
-2.601e-01
-2.601e-01
-2.601e-01
-2.601e-01
-2.601e-01
-2.601e-01
-2.601e-01
-2.601e-01
-2.601e-01
-2.601e-01
-2.601e-01
-2.601e-01
-2.601e-01
-2.601e-01
-2.601e-01
-2.601e-01
-2.601e-01
-2.601e-01
-2.601e-01
-2.601e-01
-2.601e-01
-2.601e-01
-2.601e-01
-2.601e-01
-2.601e-01
-2.601e-01
-2.601e-01
-2.601e-01
-2.601e-01
-2.601e-01
-2.601e-01
-2.601e-01
-2.601e-01
-2.601e-01
-2.601e-01
-2.601e-01
-2.601e-01
-2.601e-01
-2.601e-01
-2.601e-01
-2.601e-01
-2.601e-01
-2.601e-01
-2.601e-01
-2.601e-01
-2.601e-01
-2.601e-01
-2.601e-01
-2.601e-01
-2.601e-01
-2.601e-01
-2.601e-01
-2.601e-01
-2.601e-01
-2.601e-01
-2.601e-01
-2.601e-01
-2.601e-01
-2.601e-01
-2.601e-01
-2.601e-01
-2.601e-01
-2.601e-01
-2.601e-01
-2.601e-01
-2.601e-01
-2.601e-01
-2.601e-01
-2.601e-01
-2.601e-01
-2.601e-01
-2.601e-01
-2.601e-01
-2.601e-01
-2.601e-01
-2.601e-01
-2.601e-01
-2.601e-01
-2.601e-01
-2.601e-01
-2.601e-01
-2.601e-01
-2.601e-01
-2.601e-01
-2.601e-01
-2.601e-01
-2.601e-01
-2.600e-01
-2.600e-01
-2.600e-01
-2.600e-01
-2.600e-01
-2.600e-01
-2.600e-01
-2.600e-01
-2.600e-01
-2.600e-01
-2.600e-01
-2.600e-01
-2.600e-01
-2.600e-01
-2.600e-01
-2.600e-01
-2.600e-01
-2.600e-01
-2.600e-01
-2.600e-01
-2.600e-01
-2.600e-01
-2.600e-01
-2.600e-01
-2.600e-01
-2.600e-01
-2.600e-01
-2.600e-01
-2.600e-01
-2.600e-01
-2.600e-01
-2.600e-01
-2.600e-01
-2.600e-01
-2.600e-01
-2.600e-01
-2.600e-01
-2.600e-01
-2.600e-01
-2.600e-01
-2.600e-01
-2.600e-01
-2.600e-01
-2.600e-01
-2.600e-01
-2.600e-01
-2.600e-01
-2.600e-01
-2.600e-01
-2.600e-01
-2.600e-01
-2.600e-01
-2.600e-01
-2.600e-01
-2.600e-01
-2.600e-01
-2.600e-01
-2.600e-01
-2.600e-01
-2.600e-01
-2.600e-01
-2.600e-01
-2.600e-01
-2.600e-01
-2.600e-01
-2.600e-01
-2.600e-01
-2.600e-01
-2.600e-01
-2.600e-01
-2.600e-01
-2.600e-01
-2.600e-01
-2.600e-01
-2.600e-01
-2.600e-01
-2.600e-01
-2.600e-01
-2.600e-01
-2.600e-01
-2.600e-01
-2.600e-01
-2.600e-01
-2.600e-01
-2.600e-01
-2.600e-01
-2.600e-01
-2.600e-01
-2.600e-01
-2.600e-01
-2.600e-01
-2.600e-01
-2.600e-01
-2.600e-01
-2.600e-01
-2.600e-01
-2.600e-01
-2.600e-01
-2.600e-01
-2.600e-01
-2.600e-01
-2.600e-01
-2.600e-01
-2.597e-01
-2.597e-01
-2.600e-01
-2.600e-01
-2.600e-01
-2.600e-01
-2.600e-01
-2.600e-01
-2.600e-01
-2.600e-01
-2.600e-01
-2.600e-01
-2.600e-01
-2.600e-01
-2.600e-01
-2.600e-01
-2.600e-01
-2.600e-01
-2.600e-01
-2.600e-01
-2.600e-01
-2.597e-01
-2.590e-01
3.399e-01
3.399e-01
3.399e-01
3.399e-01
3.399e-01
3.399e-01
3.399e-01
3.399e-01
3.399e-01
3.399e-01
3.399e-01
3.399e-01
3.399e-01
3.399e-01
3.399e-01
3.399e-01
3.399e-01
3.399e-01
3.399e-01
3.399e-01
3.399e-01
3.399e-01
3.399e-01
3.399e-01
3.399e-01
3.399e-01
3.399e-01
3.399e-01
3.399e-01
3.399e-01
3.399e-01
3.399e-01
3.399e-01
3.399e-01
3.399e-01
3.399e-01
3.399e-01
3.399e-01
3.399e-01
3.399e-01
3.399e-01
3.399e-01
3.399e-01
3.399e-01
3.399e-01
3.399e-01
3.399e-01
3.399e-01
3.399e-01
3.399e-01
3.399e-01
3.399e-01
3.399e-01
3.399e-01
3.399e-01
3.399e-01
3.399e-01
3.399e-01
3.399e-01
3.399e-01
3.399e-01
3.399e-01
3.399e-01
3.399e-01
3.399e-01
3.399e-01
3.399e-01
3.399e-01
3.399e-01
3.399e-01
3.399e-01
3.399e-01
3.399e-01
3.399e-01
3.399e-01
3.399e-01
3.399e-01
3.399e-01
3.399e-01
3.399e-01
3.399e-01
3.399e-01
3.399e-01
3.399e-01
3.399e-01
3.399e-01
3.399e-01
3.399e-01
3.399e-01
3.399e-01
3.399e-01
3.399e-01
3.399e-01
3.399e-01
3.399e-01
3.399e-01
3.399e-01
3.399e-01
3.399e-01
3.399e-01
3.399e-01
3.399e-01
3.399e-01
3.399e-01
3.399e-01
3.399e-01
3.399e-01
3.399e-01
3.399e-01
3.399e-01
3.399e-01
3.399e-01
3.399e-01
3.399e-01
3.399e-01
3.399e-01
3.399e-01
3.399e-01
3.399e-01
3.399e-01
3.399e-01
3.399e-01
3.399e-01
3.399e-01
3.399e-01
3.399e-01
3.399e-01
3.399e-01
3.399e-01
3.399e-01
3.399e-01
3.399e-01
3.399e-01
3.399e-01
3.399e-01
3.399e-01
3.399e-01
3.399e-01
3.399e-01
3.399e-01
3.399e-01
3.399e-01
3.399e-01
3.399e-01
3.399e-01
3.399e-01
3.399e-01
3.399e-01
3.399e-01
3.399e-01
3.399e-01
3.399e-01
3.399e-01
3.399e-01
3.399e-01
3.399e-01
3.399e-01
3.399e-01
3.399e-01
3.399e-01
3.399e-01
3.399e-01
3.399e-01
3.399e-01
3.399e-01
3.399e-01
3.399e-01
3.399e-01
3.399e-01
3.399e-01
3.399e-01
3.399e-01
3.399e-01
3.399e-01
3.399e-01
3.399e-01
3.399e-01
3.399e-01
3.399e-01
3.399e-01
3.399e-01
3.399e-01
3.399e-01
3.399e-01
3.399e-01
3.399e-01
3.399e-01
3.399e-01
3.399e-01
3.399e-01
3.399e-01
3.399e-01
3.399e-01
3.399e-01
3.399e-01
3.399e-01
3.399e-01
3.399e-01
3.399e-01
3.399e-01
3.399e-01
3.399e-01
3.399e-01
3.399e-01
3.399e-01
3.399e-01
3.399e-01
3.399e-01
3.399e-01
3.399e-01
3.399e-01
3.399e-01
3.399e-01
3.399e-01
3.399e-01
3.399e-01
3.399e-01
3.399e-01
3.399e-01
3.399e-01
3.399e-01
3.399e-01
3.399e-01
3.399e-01
3.399e-01
3.399e-01
3.399e-01
3.399e-01
3.399e-01
3.399e-01
3.399e-01
3.399e-01
3.399e-01
3.399e-01
3.399e-01
3.399e-01
3.399e-01
3.399e-01
3.399e-01
3.399e-01
3.399e-01
3.399e-01
3.399e-01
3.399e-01
3.399e-01
3.399e-01
3.399e-01
3.399e-01
3.399e-01
3.399e-01
3.399e-01
3.399e-01
3.399e-01
3.399e-01
3.399e-01
3.399e-01
3.399e-01
3.399e-01
3.399e-01
3.399e-01
3.399e-01
3.399e-01
3.399e-01
3.399e-01
3.399e-01
3.399e-01
3.399e-01
3.399e-01
3.399e-01
3.399e-01
3.399e-01
3.399e-01
3.399e-01
3.399e-01
3.399e-01
3.399e-01
3.399e-01
3.399e-01
3.399e-01
3.399e-01
3.399e-01
3.399e-01
3.399e-01
3.399e-01
3.399e-01
3.399e-01
3.399e-01
3.399e-01
3.399e-01
3.399e-01
3.399e-01
3.399e-01
3.399e-01
3.399e-01
3.399e-01
3.399e-01
3.399e-01
3.399e-01
3.399e-01
3.399e-01
3.399e-01
3.399e-01
3.399e-01
3.399e-01
3.399e-01
3.399e-01
3.399e-01
3.399e-01
3.399e-01
3.399e-01
3.399e-01
3.399e-01
3.399e-01
3.399e-01
3.399e-01
3.399e-01
3.399e-01
3.399e-01
3.399e-01
3.399e-01
3.399e-01
3.399e-01
3.399e-01
3.399e-01
3.399e-01
3.399e-01
3.399e-01
3.399e-01
3.399e-01
3.399e-01
3.399e-01
3.399e-01
3.399e-01
3.399e-01
3.399e-01
3.399e-01
3.400e-01
3.400e-01
3.400e-01
3.400e-01
3.400e-01
3.400e-01
3.400e-01
3.400e-01
3.400e-01
3.400e-01
3.400e-01
3.400e-01
3.400e-01
3.400e-01
3.400e-01
3.400e-01
3.400e-01
3.400e-01
3.400e-01
3.400e-01
3.400e-01
3.400e-01
3.400e-01
3.400e-01
3.400e-01
3.400e-01
3.400e-01
3.400e-01
3.400e-01
3.400e-01
3.400e-01
3.400e-01
3.400e-01
3.400e-01
3.400e-01
3.400e-01
3.400e-01
3.400e-01
3.400e-01
3.400e-01
3.400e-01
3.400e-01
3.400e-01
3.400e-01
3.400e-01
3.400e-01
3.400e-01
3.400e-01
3.400e-01
3.400e-01
3.400e-01
3.400e-01
3.400e-01
3.400e-01
3.400e-01
3.400e-01
3.400e-01
3.400e-01
3.400e-01
3.400e-01
3.400e-01
3.400e-01
3.400e-01
3.400e-01
3.400e-01
3.400e-01
3.400e-01
3.400e-01
3.400e-01
3.400e-01
3.400e-01
3.400e-01
3.400e-01
3.400e-01
3.400e-01
3.400e-01
3.400e-01
3.400e-01
3.400e-01
3.400e-01
3.400e-01
3.400e-01
3.403e-01
3.403e-01
3.400e-01
3.400e-01
3.400e-01
3.400e-01
3.400e-01
3.400e-01
3.400e-01
3.400e-01
3.400e-01
3.400e-01
3.400e-01
3.400e-01
3.400e-01
3.400e-01
3.400e-01
3.400e-01
3.400e-01
3.400e-01
3.400e-01
3.403e-01
3.410e-01
9.999e-01
9.999e-01
9.999e-01
9.999e-01
9.999e-01
9.999e-01
9.999e-01
9.999e-01
9.999e-01
9.999e-01
9.999e-01
9.999e-01
9.999e-01
9.999e-01
9.999e-01
9.999e-01
9.999e-01
9.999e-01
9.999e-01
9.999e-01
9.999e-01
9.999e-01
9.999e-01
9.999e-01
9.999e-01
9.999e-01
9.999e-01
9.999e-01
9.999e-01
9.999e-01
9.999e-01
9.999e-01
9.999e-01
9.999e-01
9.999e-01
9.999e-01
9.999e-01
9.999e-01
9.999e-01
9.999e-01
9.999e-01
9.999e-01
9.999e-01
9.999e-01
9.999e-01
9.999e-01
9.999e-01
9.999e-01
9.999e-01
9.999e-01
9.999e-01
9.999e-01
9.999e-01
9.999e-01
9.999e-01
9.999e-01
9.999e-01
9.999e-01
9.999e-01
9.999e-01
9.999e-01
9.999e-01
9.999e-01
9.999e-01
9.999e-01
9.999e-01
9.999e-01
9.999e-01
9.999e-01
9.999e-01
9.999e-01
9.999e-01
9.999e-01
9.999e-01
9.999e-01
9.999e-01
9.999e-01
9.999e-01
9.999e-01
9.999e-01
9.999e-01
9.999e-01
9.999e-01
9.999e-01
9.999e-01
9.999e-01
9.999e-01
9.999e-01
9.999e-01
9.999e-01
9.999e-01
9.999e-01
9.999e-01
9.999e-01
9.999e-01
9.999e-01
9.999e-01
9.999e-01
9.999e-01
9.999e-01
9.999e-01
9.999e-01
9.999e-01
9.999e-01
9.999e-01
9.999e-01
9.999e-01
9.999e-01
9.999e-01
9.999e-01
9.999e-01
9.999e-01
9.999e-01
9.999e-01
9.999e-01
9.999e-01
9.999e-01
9.999e-01
9.999e-01
9.999e-01
9.999e-01
9.999e-01
9.999e-01
9.999e-01
9.999e-01
9.999e-01
9.999e-01
9.999e-01
9.999e-01
9.999e-01
9.999e-01
9.999e-01
9.999e-01
9.999e-01
9.999e-01
9.999e-01
9.999e-01
9.999e-01
9.999e-01
9.999e-01
9.999e-01
9.999e-01
9.999e-01
9.999e-01
9.999e-01
9.999e-01
9.999e-01
9.999e-01
9.999e-01
9.999e-01
9.999e-01
9.999e-01
9.999e-01
9.999e-01
9.999e-01
9.999e-01
9.999e-01
9.999e-01
9.999e-01
9.999e-01
9.999e-01
9.999e-01
9.999e-01
9.999e-01
9.999e-01
9.999e-01
9.999e-01
9.999e-01
9.999e-01
9.999e-01
9.999e-01
9.999e-01
9.999e-01
9.999e-01
9.999e-01
9.999e-01
9.999e-01
9.999e-01
9.999e-01
9.999e-01
9.999e-01
9.999e-01
9.999e-01
9.999e-01
9.999e-01
9.999e-01
9.999e-01
9.999e-01
9.999e-01
9.999e-01
9.999e-01
9.999e-01
9.999e-01
9.999e-01
9.999e-01
9.999e-01
9.999e-01
9.999e-01
9.999e-01
9.999e-01
9.999e-01
9.999e-01
9.999e-01
9.999e-01
9.999e-01
9.999e-01
9.999e-01
9.999e-01
9.999e-01
9.999e-01
9.999e-01
9.999e-01
9.999e-01
9.999e-01
9.999e-01
9.999e-01
9.999e-01
9.999e-01
9.999e-01
9.999e-01
9.999e-01
9.999e-01
9.999e-01
9.999e-01
9.999e-01
9.999e-01
9.999e-01
9.999e-01
9.999e-01
9.999e-01
9.999e-01
9.999e-01
9.999e-01
9.999e-01
9.999e-01
9.999e-01
9.999e-01
9.999e-01
9.999e-01
9.999e-01
9.999e-01
9.999e-01
9.999e-01
9.999e-01
9.999e-01
9.999e-01
9.999e-01
9.999e-01
9.999e-01
9.999e-01
9.999e-01
9.999e-01
9.999e-01
9.999e-01
9.999e-01
9.999e-01
9.999e-01
9.999e-01
9.999e-01
9.999e-01
9.999e-01
9.999e-01
9.999e-01
9.999e-01
9.999e-01
9.999e-01
9.999e-01
9.999e-01
9.999e-01
9.999e-01
9.999e-01
9.999e-01
9.999e-01
9.999e-01
9.999e-01
9.999e-01
9.999e-01
9.999e-01
9.999e-01
9.999e-01
9.999e-01
9.999e-01
9.999e-01
9.999e-01
9.999e-01
9.999e-01
9.999e-01
9.999e-01
9.999e-01
9.999e-01
9.999e-01
9.999e-01
9.999e-01
9.999e-01
9.999e-01
9.999e-01
9.999e-01
9.999e-01
9.999e-01
9.999e-01
9.999e-01
9.999e-01
9.999e-01
9.999e-01
9.999e-01
9.999e-01
9.999e-01
9.999e-01
9.999e-01
9.999e-01
9.999e-01
9.999e-01
9.999e-01
9.999e-01
9.999e-01
9.999e-01
9.999e-01
9.999e-01
9.999e-01
9.999e-01
9.999e-01
9.999e-01
9.999e-01
9.999e-01
9.999e-01
9.999e-01
9.999e-01
9.999e-01
9.999e-01
9.999e-01
9.999e-01
9.999e-01
9.999e-01
9.999e-01
9.999e-01
9.999e-01
1.000e+00
1.000e+00
1.000e+00
1.000e+00
1.000e+00
1.000e+00
1.000e+00
1.000e+00
1.000e+00
1.000e+00
1.000e+00
1.000e+00
1.000e+00
1.000e+00
1.000e+00
1.000e+00
1.000e+00
1.000e+00
1.000e+00
1.000e+00
1.000e+00
1.000e+00
1.000e+00
1.000e+00
1.000e+00
1.000e+00
1.000e+00
1.000e+00
1.000e+00
1.000e+00
1.000e+00
1.000e+00
1.000e+00
1.000e+00
1.000e+00
1.000e+00
1.000e+00
1.000e+00
1.000e+00
1.000e+00
1.000e+00
1.000e+00
1.000e+00
1.000e+00
1.000e+00
1.000e+00
1.000e+00
1.000e+00
1.000e+00
1.000e+00
1.000e+00
1.000e+00
1.000e+00
1.000e+00
1.000e+00
1.000e+00
1.000e+00
1.000e+00
1.000e+00
1.000e+00
1.000e+00
1.000e+00
1.000e+00
1.000e+00
1.000e+00
1.000e+00
1.000e+00
1.000e+00
1.000e+00
1.000e+00
1.000e+00
1.000e+00
1.000e+00
1.000e+00
1.000e+00
1.000e+00
1.000e+00
1.000e+00
1.000e+00
1.000e+00
1.000e+00
1.000e+00
1.000e+00
1.000e+00
1.000e+00
1.000e+00
1.000e+00
1.000e+00
1.000e+00
1.000e+00
1.000e+00
1.000e+00
1.000e+00
1.000e+00
1.000e+00
1.000e+00
1.000e+00
1.000e+00
1.000e+00
1.000e+00
1.000e+00
1.000e+00
1.000e+00
1.000e+00
1.001e+00
