1	0	INDP	IPOND
-3.533e+00
-3.263e+00
-3.264e+00
-3.264e+00
-3.264e+00
-3.264e+00
-3.264e+00
-3.264e+00
-3.264e+00
-3.264e+00
-3.264e+00
-3.264e+00
-3.264e+00
-3.264e+00
-3.264e+00
-3.264e+00
-3.264e+00
-3.264e+00
-3.264e+00
-3.251e+00
-2.908e+00
-3.263e+00
-2.908e+00
-2.908e+00
-2.908e+00
-2.908e+00
-2.908e+00
-2.908e+00
-2.908e+00
-2.908e+00
-2.908e+00
-2.908e+00
-2.908e+00
-2.908e+00
-2.908e+00
-2.908e+00
-2.908e+00
-2.908e+00
-2.908e+00
-2.908e+00
-2.908e+00
-2.705e+00
-3.264e+00
-2.908e+00
-2.908e+00
-2.908e+00
-2.908e+00
-2.908e+00
-2.908e+00
-2.908e+00
-2.908e+00
-2.908e+00
-2.908e+00
-2.908e+00
-2.908e+00
-2.908e+00
-2.908e+00
-2.908e+00
-2.908e+00
-2.908e+00
-2.908e+00
-2.908e+00
-2.703e+00
-3.264e+00
-2.908e+00
-2.908e+00
-2.908e+00
-2.908e+00
-2.908e+00
-2.908e+00
-2.908e+00
-2.908e+00
-2.908e+00
-2.908e+00
-2.908e+00
-2.908e+00
-2.908e+00
-2.908e+00
-2.908e+00
-2.908e+00
-2.908e+00
-2.908e+00
-2.908e+00
-2.703e+00
-3.264e+00
-2.908e+00
-2.908e+00
-2.908e+00
-2.908e+00
-2.908e+00
-2.908e+00
-2.908e+00
-2.908e+00
-2.908e+00
-2.908e+00
-2.908e+00
-2.908e+00
-2.908e+00
-2.908e+00
-2.908e+00
-2.908e+00
-2.908e+00
-2.908e+00
-2.908e+00
-2.703e+00
-3.264e+00
-2.908e+00
-2.908e+00
-2.908e+00
-2.908e+00
-2.908e+00
-2.908e+00
-2.908e+00
-2.908e+00
-2.908e+00
-2.908e+00
-2.908e+00
-2.908e+00
-2.908e+00
-2.908e+00
-2.908e+00
-2.908e+00
-2.908e+00
-2.908e+00
-2.908e+00
-2.703e+00
-3.264e+00
-2.908e+00
-2.908e+00
-2.908e+00
-2.908e+00
-2.908e+00
-2.908e+00
-2.908e+00
-2.908e+00
-2.908e+00
-2.908e+00
-2.908e+00
-2.908e+00
-2.908e+00
-2.908e+00
-2.908e+00
-2.908e+00
-2.908e+00
-2.908e+00
-2.908e+00
-2.703e+00
-3.264e+00
-2.908e+00
-2.908e+00
-2.908e+00
-2.908e+00
-2.908e+00
-2.908e+00
-2.908e+00
-2.908e+00
-2.908e+00
-2.908e+00
-2.908e+00
-2.908e+00
-2.908e+00
-2.908e+00
-2.908e+00
-2.908e+00
-2.908e+00
-2.908e+00
-2.908e+00
-2.703e+00
-3.265e+00
-2.908e+00
-2.908e+00
-2.908e+00
-2.908e+00
-2.908e+00
-2.908e+00
-2.908e+00
-2.908e+00
-2.908e+00
-2.908e+00
-2.908e+00
-2.908e+00
-2.908e+00
-2.908e+00
-2.908e+00
-2.908e+00
-2.908e+00
-2.908e+00
-2.908e+00
-2.703e+00
-3.301e+00
-2.911e+00
-2.911e+00
-2.911e+00
-2.911e+00
-2.911e+00
-2.911e+00
-2.911e+00
-2.911e+00
-2.911e+00
-2.911e+00
-2.911e+00
-2.911e+00
-2.911e+00
-2.911e+00
-2.911e+00
-2.911e+00
-2.911e+00
-2.911e+00
-2.911e+00
-2.704e+00
-2.717e+01
-1.370e+01
-1.369e+01
-1.369e+01
-1.369e+01
-1.369e+01
-1.369e+01
-1.369e+01
-1.369e+01
-1.369e+01
-1.369e+01
-1.369e+01
-1.369e+01
-1.369e+01
-1.369e+01
-1.369e+01
-1.369e+01
-1.369e+01
-1.369e+01
-1.365e+01
-9.314e+00
-3.516e+01
-1.366e+01
-1.367e+01
-1.367e+01
-1.367e+01
-1.367e+01
-1.367e+01
-1.367e+01
-1.367e+01
-1.367e+01
-1.367e+01
-1.367e+01
-1.367e+01
-1.367e+01
-1.367e+01
-1.367e+01
-1.367e+01
-1.367e+01
-1.367e+01
-1.363e+01
-9.329e+00
-3.509e+01
-1.365e+01
-1.366e+01
-1.366e+01
-1.366e+01
-1.366e+01
-1.366e+01
-1.366e+01
-1.366e+01
-1.366e+01
-1.366e+01
-1.366e+01
-1.366e+01
-1.366e+01
-1.366e+01
-1.366e+01
-1.366e+01
-1.366e+01
-1.366e+01
-1.363e+01
-9.319e+00
-3.511e+01
-1.365e+01
-1.365e+01
-1.365e+01
-1.365e+01
-1.365e+01
-1.365e+01
-1.365e+01
-1.365e+01
-1.365e+01
-1.365e+01
-1.365e+01
-1.365e+01
-1.365e+01
-1.365e+01
-1.365e+01
-1.365e+01
-1.365e+01
-1.365e+01
-1.363e+01
-9.322e+00
-3.511e+01
-1.365e+01
-1.365e+01
-1.365e+01
-1.365e+01
-1.365e+01
-1.365e+01
-1.365e+01
-1.365e+01
-1.365e+01
-1.365e+01
-1.365e+01
-1.365e+01
-1.365e+01
-1.365e+01
-1.365e+01
-1.365e+01
-1.365e+01
-1.365e+01
-1.363e+01
-9.321e+00
-3.511e+01
-1.365e+01
-1.365e+01
-1.365e+01
-1.365e+01
-1.365e+01
-1.365e+01
-1.365e+01
-1.365e+01
-1.365e+01
-1.365e+01
-1.365e+01
-1.365e+01
-1.365e+01
-1.365e+01
-1.365e+01
-1.365e+01
-1.365e+01
-1.365e+01
-1.363e+01
-9.321e+00
-3.511e+01
-1.365e+01
-1.365e+01
-1.365e+01
-1.365e+01
-1.365e+01
-1.365e+01
-1.365e+01
-1.365e+01
-1.365e+01
-1.365e+01
-1.365e+01
-1.365e+01
-1.365e+01
-1.365e+01
-1.365e+01
-1.365e+01
-1.365e+01
-1.365e+01
-1.363e+01
-9.321e+00
-3.511e+01
-1.365e+01
-1.365e+01
-1.365e+01
-1.365e+01
-1.365e+01
-1.365e+01
-1.365e+01
-1.365e+01
-1.365e+01
-1.365e+01
-1.365e+01
-1.365e+01
-1.365e+01
-1.365e+01
-1.365e+01
-1.365e+01
-1.365e+01
-1.365e+01
-1.363e+01
-9.321e+00
-3.511e+01
-1.365e+01
-1.365e+01
-1.365e+01
-1.365e+01
-1.365e+01
-1.365e+01
-1.365e+01
-1.365e+01
-1.365e+01
-1.365e+01
-1.365e+01
-1.365e+01
-1.365e+01
-1.365e+01
-1.365e+01
-1.365e+01
-1.365e+01
-1.365e+01
-1.363e+01
-9.321e+00
-3.245e+01
-1.363e+01
-1.363e+01
-1.363e+01
-1.363e+01
-1.363e+01
-1.363e+01
-1.363e+01
-1.363e+01
-1.363e+01
-1.363e+01
-1.363e+01
-1.363e+01
-1.363e+01
-1.363e+01
-1.363e+01
-1.363e+01
-1.363e+01
-1.363e+01
-1.361e+01
-9.332e+00
-1.363e+01
-9.319e+00
-9.321e+00
-9.322e+00
-9.321e+00
-9.321e+00
-9.321e+00
-9.321e+00
-9.321e+00
-9.321e+00
-9.321e+00
-9.321e+00
-9.321e+00
-9.321e+00
-9.321e+00
-9.321e+00
-9.321e+00
-9.321e+00
-9.321e+00
-9.332e+00
-7.710e+00
-3.224e+00
-3.092e+00
-3.092e+00
-3.092e+00
-3.092e+00
-3.092e+00
-3.092e+00
-3.092e+00
-3.092e+00
-3.092e+00
-3.092e+00
-3.092e+00
-3.092e+00
-3.092e+00
-3.092e+00
-3.092e+00
-3.092e+00
-3.092e+00
-3.092e+00
-3.086e+00
-2.894e+00
-3.092e+00
-2.894e+00
-2.894e+00
-2.894e+00
-2.894e+00
-2.894e+00
-2.894e+00
-2.894e+00
-2.894e+00
-2.894e+00
-2.894e+00
-2.894e+00
-2.894e+00
-2.894e+00
-2.894e+00
-2.894e+00
-2.894e+00
-2.894e+00
-2.894e+00
-2.894e+00
-2.771e+00
-3.092e+00
-2.894e+00
-2.894e+00
-2.894e+00
-2.894e+00
-2.894e+00
-2.894e+00
-2.894e+00
-2.894e+00
-2.894e+00
-2.894e+00
-2.894e+00
-2.894e+00
-2.894e+00
-2.894e+00
-2.894e+00
-2.894e+00
-2.894e+00
-2.894e+00
-2.894e+00
-2.771e+00
-3.092e+00
-2.894e+00
-2.894e+00
-2.894e+00
-2.894e+00
-2.894e+00
-2.894e+00
-2.894e+00
-2.894e+00
-2.894e+00
-2.894e+00
-2.894e+00
-2.894e+00
-2.894e+00
-2.894e+00
-2.894e+00
-2.894e+00
-2.894e+00
-2.894e+00
-2.894e+00
-2.771e+00
-3.092e+00
-2.894e+00
-2.894e+00
-2.894e+00
-2.894e+00
-2.894e+00
-2.894e+00
-2.894e+00
-2.894e+00
-2.894e+00
-2.894e+00
-2.894e+00
-2.894e+00
-2.894e+00
-2.894e+00
-2.894e+00
-2.894e+00
-2.894e+00
-2.894e+00
-2.894e+00
-2.771e+00
-3.092e+00
-2.894e+00
-2.894e+00
-2.894e+00
-2.894e+00
-2.894e+00
-2.894e+00
-2.894e+00
-2.894e+00
-2.894e+00
-2.894e+00
-2.894e+00
-2.894e+00
-2.894e+00
-2.894e+00
-2.894e+00
-2.894e+00
-2.894e+00
-2.894e+00
-2.894e+00
-2.771e+00
-3.092e+00
-2.894e+00
-2.894e+00
-2.894e+00
-2.894e+00
-2.894e+00
-2.894e+00
-2.894e+00
-2.894e+00
-2.894e+00
-2.894e+00
-2.894e+00
-2.894e+00
-2.894e+00
-2.894e+00
-2.894e+00
-2.894e+00
-2.894e+00
-2.894e+00
-2.894e+00
-2.771e+00
-3.092e+00
-2.894e+00
-2.894e+00
-2.894e+00
-2.894e+00
-2.894e+00
-2.894e+00
-2.894e+00
-2.894e+00
-2.894e+00
-2.894e+00
-2.894e+00
-2.894e+00
-2.894e+00
-2.894e+00
-2.894e+00
-2.894e+00
-2.894e+00
-2.894e+00
-2.894e+00
-2.771e+00
-3.092e+00
-2.894e+00
-2.894e+00
-2.894e+00
-2.894e+00
-2.894e+00
-2.894e+00
-2.894e+00
-2.894e+00
-2.894e+00
-2.894e+00
-2.894e+00
-2.894e+00
-2.894e+00
-2.894e+00
-2.894e+00
-2.894e+00
-2.894e+00
-2.894e+00
-2.894e+00
-2.771e+00
-3.081e+00
-2.897e+00
-2.896e+00
-2.896e+00
-2.896e+00
-2.896e+00
-2.896e+00
-2.896e+00
-2.896e+00
-2.896e+00
-2.896e+00
-2.896e+00
-2.896e+00
-2.896e+00
-2.896e+00
-2.896e+00
-2.896e+00
-2.896e+00
-2.896e+00
-2.897e+00
-2.770e+00
-1.801e+01
-1.295e+01
-1.295e+01
-1.295e+01
-1.295e+01
-1.295e+01
-1.295e+01
-1.295e+01
-1.295e+01
-1.295e+01
-1.295e+01
-1.295e+01
-1.295e+01
-1.295e+01
-1.295e+01
-1.295e+01
-1.295e+01
-1.295e+01
-1.295e+01
-1.294e+01
-1.021e+01
-1.723e+01
-1.315e+01
-1.315e+01
-1.316e+01
-1.316e+01
-1.316e+01
-1.316e+01
-1.316e+01
-1.316e+01
-1.316e+01
-1.316e+01
-1.316e+01
-1.316e+01
-1.316e+01
-1.316e+01
-1.316e+01
-1.316e+01
-1.316e+01
-1.316e+01
-1.312e+01
-1.040e+01
-1.723e+01
-1.312e+01
-1.312e+01
-1.312e+01
-1.312e+01
-1.312e+01
-1.312e+01
-1.312e+01
-1.312e+01
-1.312e+01
-1.312e+01
-1.312e+01
-1.312e+01
-1.312e+01
-1.312e+01
-1.312e+01
-1.312e+01
-1.312e+01
-1.312e+01
-1.312e+01
-1.037e+01
-1.725e+01
-1.312e+01
-1.312e+01
-1.310e+01
-1.312e+01
-1.312e+01
-1.312e+01
-1.312e+01
-1.312e+01
-1.312e+01
-1.312e+01
-1.312e+01
-1.312e+01
-1.312e+01
-1.312e+01
-1.312e+01
-1.312e+01
-1.312e+01
-1.312e+01
-1.310e+01
-1.038e+01
-1.725e+01
-1.312e+01
-1.312e+01
-1.311e+01
-1.311e+01
-1.311e+01
-1.311e+01
-1.311e+01
-1.311e+01
-1.311e+01
-1.311e+01
-1.311e+01
-1.311e+01
-1.311e+01
-1.311e+01
-1.311e+01
-1.311e+01
-1.311e+01
-1.311e+01
-1.312e+01
-1.038e+01
-1.725e+01
-1.312e+01
-1.312e+01
-1.311e+01
-1.311e+01
-1.311e+01
-1.311e+01
-1.311e+01
-1.311e+01
-1.311e+01
-1.311e+01
-1.311e+01
-1.311e+01
-1.311e+01
-1.311e+01
-1.311e+01
-1.311e+01
-1.311e+01
-1.311e+01
-1.312e+01
-1.038e+01
-1.725e+01
-1.312e+01
-1.312e+01
-1.311e+01
-1.311e+01
-1.311e+01
-1.311e+01
-1.311e+01
-1.311e+01
-1.311e+01
-1.311e+01
-1.311e+01
-1.311e+01
-1.311e+01
-1.311e+01
-1.311e+01
-1.311e+01
-1.311e+01
-1.311e+01
-1.312e+01
-1.038e+01
-1.725e+01
-1.312e+01
-1.312e+01
-1.311e+01
-1.311e+01
-1.311e+01
-1.311e+01
-1.311e+01
-1.311e+01
-1.311e+01
-1.311e+01
-1.311e+01
-1.311e+01
-1.311e+01
-1.311e+01
-1.311e+01
-1.311e+01
-1.311e+01
-1.311e+01
-1.312e+01
-1.038e+01
-1.724e+01
-1.312e+01
-1.312e+01
-1.311e+01
-1.311e+01
-1.311e+01
-1.311e+01
-1.311e+01
-1.311e+01
-1.311e+01
-1.311e+01
-1.311e+01
-1.311e+01
-1.311e+01
-1.311e+01
-1.311e+01
-1.311e+01
-1.311e+01
-1.311e+01
-1.312e+01
-1.038e+01
-1.752e+01
-1.312e+01
-1.311e+01
-1.312e+01
-1.312e+01
-1.312e+01
-1.312e+01
-1.312e+01
-1.312e+01
-1.312e+01
-1.312e+01
-1.312e+01
-1.312e+01
-1.312e+01
-1.312e+01
-1.312e+01
-1.312e+01
-1.312e+01
-1.312e+01
-1.312e+01
-1.037e+01
-1.313e+01
-1.040e+01
-1.038e+01
-1.038e+01
-1.038e+01
-1.038e+01
-1.038e+01
-1.038e+01
-1.038e+01
-1.038e+01
-1.038e+01
-1.038e+01
-1.038e+01
-1.038e+01
-1.038e+01
-1.038e+01
-1.038e+01
-1.038e+01
-1.038e+01
-1.037e+01
-9.225e+00
-2.984e+00
-2.931e+00
-2.931e+00
-2.931e+00
-2.931e+00
-2.931e+00
-2.931e+00
-2.931e+00
-2.931e+00
-2.931e+00
-2.931e+00
-2.931e+00
-2.931e+00
-2.931e+00
-2.931e+00
-2.931e+00
-2.931e+00
-2.931e+00
-2.931e+00
-2.931e+00
-2.856e+00
-2.931e+00
-2.856e+00
-2.856e+00
-2.856e+00
-2.856e+00
-2.856e+00
-2.856e+00
-2.856e+00
-2.856e+00
-2.856e+00
-2.856e+00
-2.856e+00
-2.856e+00
-2.856e+00
-2.856e+00
-2.856e+00
-2.856e+00
-2.856e+00
-2.856e+00
-2.856e+00
-2.781e+00
-2.931e+00
-2.856e+00
-2.856e+00
-2.856e+00
-2.856e+00
-2.856e+00
-2.856e+00
-2.856e+00
-2.856e+00
-2.856e+00
-2.856e+00
-2.856e+00
-2.856e+00
-2.856e+00
-2.856e+00
-2.856e+00
-2.856e+00
-2.856e+00
-2.856e+00
-2.856e+00
-2.781e+00
-2.931e+00
-2.856e+00
-2.856e+00
-2.856e+00
-2.856e+00
-2.856e+00
-2.856e+00
-2.856e+00
-2.856e+00
-2.856e+00
-2.856e+00
-2.856e+00
-2.856e+00
-2.856e+00
-2.856e+00
-2.856e+00
-2.856e+00
-2.856e+00
-2.856e+00
-2.856e+00
-2.781e+00
-2.931e+00
-2.856e+00
-2.856e+00
-2.856e+00
-2.856e+00
-2.856e+00
-2.856e+00
-2.856e+00
-2.856e+00
-2.856e+00
-2.856e+00
-2.856e+00
-2.856e+00
-2.856e+00
-2.856e+00
-2.856e+00
-2.856e+00
-2.856e+00
-2.856e+00
-2.856e+00
-2.781e+00
-2.931e+00
-2.856e+00
-2.856e+00
-2.856e+00
-2.856e+00
-2.856e+00
-2.856e+00
-2.856e+00
-2.856e+00
-2.856e+00
-2.856e+00
-2.856e+00
-2.856e+00
-2.856e+00
-2.856e+00
-2.856e+00
-2.856e+00
-2.856e+00
-2.856e+00
-2.856e+00
-2.781e+00
-2.931e+00
-2.856e+00
-2.856e+00
-2.856e+00
-2.856e+00
-2.856e+00
-2.856e+00
-2.856e+00
-2.856e+00
-2.856e+00
-2.856e+00
-2.856e+00
-2.856e+00
-2.856e+00
-2.856e+00
-2.856e+00
-2.856e+00
-2.856e+00
-2.856e+00
-2.856e+00
-2.781e+00
-2.931e+00
-2.856e+00
-2.856e+00
-2.856e+00
-2.856e+00
-2.856e+00
-2.856e+00
-2.856e+00
-2.856e+00
-2.856e+00
-2.856e+00
-2.856e+00
-2.856e+00
-2.856e+00
-2.856e+00
-2.856e+00
-2.856e+00
-2.856e+00
-2.856e+00
-2.856e+00
-2.781e+00
-2.931e+00
-2.856e+00
-2.856e+00
-2.856e+00
-2.856e+00
-2.856e+00
-2.856e+00
-2.856e+00
-2.856e+00
-2.856e+00
-2.856e+00
-2.856e+00
-2.856e+00
-2.856e+00
-2.856e+00
-2.856e+00
-2.856e+00
-2.856e+00
-2.856e+00
-2.856e+00
-2.781e+00
-2.929e+00
-2.857e+00
-2.857e+00
-2.857e+00
-2.857e+00
-2.857e+00
-2.857e+00
-2.857e+00
-2.857e+00
-2.857e+00
-2.857e+00
-2.857e+00
-2.857e+00
-2.857e+00
-2.857e+00
-2.857e+00
-2.857e+00
-2.857e+00
-2.857e+00
-2.857e+00
-2.783e+00
-1.218e+01
-1.054e+01
-1.055e+01
-1.055e+01
-1.055e+01
-1.055e+01
-1.055e+01
-1.055e+01
-1.055e+01
-1.055e+01
-1.055e+01
-1.055e+01
-1.055e+01
-1.055e+01
-1.055e+01
-1.055e+01
-1.055e+01
-1.055e+01
-1.055e+01
-1.055e+01
-9.346e+00
-1.212e+01
-1.057e+01
-1.057e+01
-1.057e+01
-1.057e+01
-1.057e+01
-1.057e+01
-1.057e+01
-1.057e+01
-1.057e+01
-1.057e+01
-1.057e+01
-1.057e+01
-1.057e+01
-1.057e+01
-1.057e+01
-1.057e+01
-1.057e+01
-1.057e+01
-1.056e+01
-9.387e+00
-1.212e+01
-1.056e+01
-1.056e+01
-1.056e+01
-1.056e+01
-1.056e+01
-1.056e+01
-1.056e+01
-1.056e+01
-1.056e+01
-1.056e+01
-1.056e+01
-1.056e+01
-1.056e+01
-1.056e+01
-1.056e+01
-1.056e+01
-1.056e+01
-1.056e+01
-1.055e+01
-9.383e+00
-1.212e+01
-1.056e+01
-1.056e+01
-1.056e+01
-1.056e+01
-1.056e+01
-1.056e+01
-1.056e+01
-1.056e+01
-1.056e+01
-1.056e+01
-1.056e+01
-1.056e+01
-1.056e+01
-1.056e+01
-1.056e+01
-1.056e+01
-1.056e+01
-1.056e+01
-1.055e+01
-9.384e+00
-1.212e+01
-1.056e+01
-1.056e+01
-1.056e+01
-1.056e+01
-1.056e+01
-1.056e+01
-1.056e+01
-1.056e+01
-1.056e+01
-1.056e+01
-1.056e+01
-1.056e+01
-1.056e+01
-1.056e+01
-1.056e+01
-1.056e+01
-1.056e+01
-1.056e+01
-1.055e+01
-9.384e+00
-1.212e+01
-1.056e+01
-1.056e+01
-1.056e+01
-1.056e+01
-1.056e+01
-1.056e+01
-1.056e+01
-1.056e+01
-1.056e+01
-1.056e+01
-1.056e+01
-1.056e+01
-1.056e+01
-1.056e+01
-1.056e+01
-1.056e+01
-1.056e+01
-1.056e+01
-1.055e+01
-9.384e+00
-1.212e+01
-1.056e+01
-1.056e+01
-1.056e+01
-1.056e+01
-1.056e+01
-1.056e+01
-1.056e+01
-1.056e+01
-1.056e+01
-1.056e+01
-1.056e+01
-1.056e+01
-1.056e+01
-1.056e+01
-1.056e+01
-1.056e+01
-1.056e+01
-1.056e+01
-1.055e+01
-9.384e+00
-1.212e+01
-1.056e+01
-1.056e+01
-1.056e+01
-1.056e+01
-1.056e+01
-1.056e+01
-1.056e+01
-1.056e+01
-1.056e+01
-1.056e+01
-1.056e+01
-1.056e+01
-1.056e+01
-1.056e+01
-1.056e+01
-1.056e+01
-1.056e+01
-1.056e+01
-1.055e+01
-9.384e+00
-1.212e+01
-1.056e+01
-1.056e+01
-1.056e+01
-1.056e+01
-1.056e+01
-1.056e+01
-1.056e+01
-1.056e+01
-1.056e+01
-1.056e+01
-1.056e+01
-1.056e+01
-1.056e+01
-1.056e+01
-1.056e+01
-1.056e+01
-1.056e+01
-1.056e+01
-1.055e+01
-9.384e+00
-1.214e+01
-1.057e+01
-1.055e+01
-1.055e+01
-1.055e+01
-1.055e+01
-1.055e+01
-1.055e+01
-1.055e+01
-1.055e+01
-1.055e+01
-1.055e+01
-1.055e+01
-1.055e+01
-1.055e+01
-1.055e+01
-1.055e+01
-1.055e+01
-1.055e+01
-1.056e+01
-9.383e+00
-1.055e+01
-9.387e+00
-9.384e+00
-9.384e+00
-9.384e+00
-9.384e+00
-9.384e+00
-9.384e+00
-9.384e+00
-9.384e+00
-9.384e+00
-9.384e+00
-9.384e+00
-9.384e+00
-9.384e+00
-9.384e+00
-9.384e+00
-9.384e+00
-9.384e+00
-9.383e+00
-8.877e+00
-2.864e+00
-2.829e+00
-2.829e+00
-2.829e+00
-2.829e+00
-2.829e+00
-2.829e+00
-2.829e+00
-2.829e+00
-2.829e+00
-2.829e+00
-2.829e+00
-2.829e+00
-2.829e+00
-2.829e+00
-2.829e+00
-2.829e+00
-2.829e+00
-2.829e+00
-2.830e+00
-2.781e+00
-2.829e+00
-2.781e+00
-2.781e+00
-2.781e+00
-2.781e+00
-2.781e+00
-2.781e+00
-2.781e+00
-2.781e+00
-2.781e+00
-2.781e+00
-2.781e+00
-2.781e+00
-2.781e+00
-2.781e+00
-2.781e+00
-2.781e+00
-2.781e+00
-2.781e+00
-2.781e+00
-2.736e+00
-2.829e+00
-2.781e+00
-2.781e+00
-2.781e+00
-2.781e+00
-2.781e+00
-2.781e+00
-2.781e+00
-2.781e+00
-2.781e+00
-2.781e+00
-2.781e+00
-2.781e+00
-2.781e+00
-2.781e+00
-2.781e+00
-2.781e+00
-2.781e+00
-2.781e+00
-2.781e+00
-2.736e+00
-2.829e+00
-2.781e+00
-2.781e+00
-2.781e+00
-2.781e+00
-2.781e+00
-2.781e+00
-2.781e+00
-2.781e+00
-2.781e+00
-2.781e+00
-2.781e+00
-2.781e+00
-2.781e+00
-2.781e+00
-2.781e+00
-2.781e+00
-2.781e+00
-2.781e+00
-2.781e+00
-2.736e+00
-2.829e+00
-2.781e+00
-2.781e+00
-2.781e+00
-2.781e+00
-2.781e+00
-2.781e+00
-2.781e+00
-2.781e+00
-2.781e+00
-2.781e+00
-2.781e+00
-2.781e+00
-2.781e+00
-2.781e+00
-2.781e+00
-2.781e+00
-2.781e+00
-2.781e+00
-2.781e+00
-2.736e+00
-2.829e+00
-2.781e+00
-2.781e+00
-2.781e+00
-2.781e+00
-2.781e+00
-2.781e+00
-2.781e+00
-2.781e+00
-2.781e+00
-2.781e+00
-2.781e+00
-2.781e+00
-2.781e+00
-2.781e+00
-2.781e+00
-2.781e+00
-2.781e+00
-2.781e+00
-2.781e+00
-2.736e+00
-2.829e+00
-2.781e+00
-2.781e+00
-2.781e+00
-2.781e+00
-2.781e+00
-2.781e+00
-2.781e+00
-2.781e+00
-2.781e+00
-2.781e+00
-2.781e+00
-2.781e+00
-2.781e+00
-2.781e+00
-2.781e+00
-2.781e+00
-2.781e+00
-2.781e+00
-2.781e+00
-2.736e+00
-2.829e+00
-2.781e+00
-2.781e+00
-2.781e+00
-2.781e+00
-2.781e+00
-2.781e+00
-2.781e+00
-2.781e+00
-2.781e+00
-2.781e+00
-2.781e+00
-2.781e+00
-2.781e+00
-2.781e+00
-2.781e+00
-2.781e+00
-2.781e+00
-2.781e+00
-2.781e+00
-2.736e+00
-2.829e+00
-2.781e+00
-2.781e+00
-2.781e+00
-2.781e+00
-2.781e+00
-2.781e+00
-2.781e+00
-2.781e+00
-2.781e+00
-2.781e+00
-2.781e+00
-2.781e+00
-2.781e+00
-2.781e+00
-2.781e+00
-2.781e+00
-2.781e+00
-2.781e+00
-2.781e+00
-2.736e+00
-2.829e+00
-2.780e+00
-2.780e+00
-2.780e+00
-2.780e+00
-2.780e+00
-2.780e+00
-2.780e+00
-2.780e+00
-2.780e+00
-2.780e+00
-2.780e+00
-2.780e+00
-2.780e+00
-2.780e+00
-2.780e+00
-2.780e+00
-2.780e+00
-2.780e+00
-2.780e+00
-2.742e+00
-8.618e+00
-7.964e+00
-7.965e+00
-7.965e+00
-7.965e+00
-7.965e+00
-7.965e+00
-7.965e+00
-7.965e+00
-7.965e+00
-7.965e+00
-7.965e+00
-7.965e+00
-7.965e+00
-7.965e+00
-7.965e+00
-7.965e+00
-7.965e+00
-7.965e+00
-7.965e+00
-7.433e+00
-8.610e+00
-7.956e+00
-7.958e+00
-7.958e+00
-7.958e+00
-7.958e+00
-7.958e+00
-7.958e+00
-7.958e+00
-7.958e+00
-7.958e+00
-7.958e+00
-7.958e+00
-7.958e+00
-7.958e+00
-7.958e+00
-7.958e+00
-7.958e+00
-7.958e+00
-7.961e+00
-7.423e+00
-8.610e+00
-7.956e+00
-7.958e+00
-7.958e+00
-7.958e+00
-7.958e+00
-7.958e+00
-7.958e+00
-7.958e+00
-7.958e+00
-7.958e+00
-7.958e+00
-7.958e+00
-7.958e+00
-7.958e+00
-7.958e+00
-7.958e+00
-7.958e+00
-7.958e+00
-7.961e+00
-7.423e+00
-8.610e+00
-7.956e+00
-7.958e+00
-7.958e+00
-7.958e+00
-7.958e+00
-7.958e+00
-7.958e+00
-7.958e+00
-7.958e+00
-7.958e+00
-7.958e+00
-7.958e+00
-7.958e+00
-7.958e+00
-7.958e+00
-7.958e+00
-7.958e+00
-7.958e+00
-7.961e+00
-7.423e+00
-8.610e+00
-7.956e+00
-7.958e+00
-7.958e+00
-7.958e+00
-7.958e+00
-7.958e+00
-7.958e+00
-7.958e+00
-7.958e+00
-7.958e+00
-7.958e+00
-7.958e+00
-7.958e+00
-7.958e+00
-7.958e+00
-7.958e+00
-7.958e+00
-7.958e+00
-7.961e+00
-7.423e+00
-8.610e+00
-7.956e+00
-7.958e+00
-7.958e+00
-7.958e+00
-7.958e+00
-7.958e+00
-7.958e+00
-7.958e+00
-7.958e+00
-7.958e+00
-7.958e+00
-7.958e+00
-7.958e+00
-7.958e+00
-7.958e+00
-7.958e+00
-7.958e+00
-7.958e+00
-7.961e+00
-7.423e+00
-8.610e+00
-7.956e+00
-7.958e+00
-7.958e+00
-7.958e+00
-7.958e+00
-7.958e+00
-7.958e+00
-7.958e+00
-7.958e+00
-7.958e+00
-7.958e+00
-7.958e+00
-7.958e+00
-7.958e+00
-7.958e+00
-7.958e+00
-7.958e+00
-7.958e+00
-7.961e+00
-7.423e+00
-8.610e+00
-7.956e+00
-7.958e+00
-7.958e+00
-7.958e+00
-7.958e+00
-7.958e+00
-7.958e+00
-7.958e+00
-7.958e+00
-7.958e+00
-7.958e+00
-7.958e+00
-7.958e+00
-7.958e+00
-7.958e+00
-7.958e+00
-7.958e+00
-7.958e+00
-7.961e+00
-7.423e+00
-8.610e+00
-7.956e+00
-7.958e+00
-7.958e+00
-7.958e+00
-7.958e+00
-7.958e+00
-7.958e+00
-7.958e+00
-7.958e+00
-7.958e+00
-7.958e+00
-7.958e+00
-7.958e+00
-7.958e+00
-7.958e+00
-7.958e+00
-7.958e+00
-7.958e+00
-7.965e+00
-7.423e+00
-8.611e+00
-7.958e+00
-7.961e+00
-7.961e+00
-7.961e+00
-7.961e+00
-7.961e+00
-7.961e+00
-7.961e+00
-7.961e+00
-7.961e+00
-7.961e+00
-7.961e+00
-7.961e+00
-7.961e+00
-7.961e+00
-7.961e+00
-7.961e+00
-7.965e+00
-7.965e+00
-7.423e+00
-7.958e+00
-7.423e+00
-7.423e+00
-7.423e+00
-7.423e+00
-7.423e+00
-7.423e+00
-7.423e+00
-7.423e+00
-7.423e+00
-7.423e+00
-7.423e+00
-7.423e+00
-7.423e+00
-7.423e+00
-7.423e+00
-7.423e+00
-7.423e+00
-7.423e+00
-7.423e+00
-7.181e+00
-2.752e+00
-2.730e+00
-2.730e+00
-2.730e+00
-2.730e+00
-2.730e+00
-2.730e+00
-2.730e+00
-2.730e+00
-2.730e+00
-2.730e+00
-2.730e+00
-2.730e+00
-2.730e+00
-2.730e+00
-2.730e+00
-2.730e+00
-2.730e+00
-2.730e+00
-2.730e+00
-2.694e+00
-2.730e+00
-2.694e+00
-2.694e+00
-2.694e+00
-2.694e+00
-2.694e+00
-2.694e+00
-2.694e+00
-2.694e+00
-2.694e+00
-2.694e+00
-2.694e+00
-2.694e+00
-2.694e+00
-2.694e+00
-2.694e+00
-2.694e+00
-2.694e+00
-2.694e+00
-2.694e+00
-2.656e+00
-2.730e+00
-2.694e+00
-2.694e+00
-2.694e+00
-2.694e+00
-2.694e+00
-2.694e+00
-2.694e+00
-2.694e+00
-2.694e+00
-2.694e+00
-2.694e+00
-2.694e+00
-2.694e+00
-2.694e+00
-2.694e+00
-2.694e+00
-2.694e+00
-2.694e+00
-2.694e+00
-2.656e+00
-2.730e+00
-2.694e+00
-2.694e+00
-2.694e+00
-2.694e+00
-2.694e+00
-2.694e+00
-2.694e+00
-2.694e+00
-2.694e+00
-2.694e+00
-2.694e+00
-2.694e+00
-2.694e+00
-2.694e+00
-2.694e+00
-2.694e+00
-2.694e+00
-2.694e+00
-2.694e+00
-2.656e+00
-2.730e+00
-2.694e+00
-2.694e+00
-2.694e+00
-2.694e+00
-2.694e+00
-2.694e+00
-2.694e+00
-2.694e+00
-2.694e+00
-2.694e+00
-2.694e+00
-2.694e+00
-2.694e+00
-2.694e+00
-2.694e+00
-2.694e+00
-2.694e+00
-2.694e+00
-2.694e+00
-2.656e+00
-2.730e+00
-2.694e+00
-2.694e+00
-2.694e+00
-2.694e+00
-2.694e+00
-2.694e+00
-2.694e+00
-2.694e+00
-2.694e+00
-2.694e+00
-2.694e+00
-2.694e+00
-2.694e+00
-2.694e+00
-2.694e+00
-2.694e+00
-2.694e+00
-2.694e+00
-2.694e+00
-2.656e+00
-2.730e+00
-2.694e+00
-2.694e+00
-2.694e+00
-2.694e+00
-2.694e+00
-2.694e+00
-2.694e+00
-2.694e+00
-2.694e+00
-2.694e+00
-2.694e+00
-2.694e+00
-2.694e+00
-2.694e+00
-2.694e+00
-2.694e+00
-2.694e+00
-2.694e+00
-2.694e+00
-2.656e+00
-2.730e+00
-2.694e+00
-2.694e+00
-2.694e+00
-2.694e+00
-2.694e+00
-2.694e+00
-2.694e+00
-2.694e+00
-2.694e+00
-2.694e+00
-2.694e+00
-2.694e+00
-2.694e+00
-2.694e+00
-2.694e+00
-2.694e+00
-2.694e+00
-2.694e+00
-2.694e+00
-2.656e+00
-2.730e+00
-2.694e+00
-2.694e+00
-2.694e+00
-2.694e+00
-2.694e+00
-2.694e+00
-2.694e+00
-2.694e+00
-2.694e+00
-2.694e+00
-2.694e+00
-2.694e+00
-2.694e+00
-2.694e+00
-2.694e+00
-2.694e+00
-2.694e+00
-2.694e+00
-2.694e+00
-2.656e+00
-2.731e+00
-2.694e+00
-2.694e+00
-2.694e+00
-2.694e+00
-2.694e+00
-2.694e+00
-2.694e+00
-2.694e+00
-2.694e+00
-2.694e+00
-2.694e+00
-2.694e+00
-2.694e+00
-2.694e+00
-2.694e+00
-2.694e+00
-2.694e+00
-2.694e+00
-2.694e+00
-2.656e+00
-5.961e+00
-5.707e+00
-5.708e+00
-5.708e+00
-5.708e+00
-5.708e+00
-5.708e+00
-5.708e+00
-5.708e+00
-5.708e+00
-5.708e+00
-5.708e+00
-5.708e+00
-5.708e+00
-5.708e+00
-5.708e+00
-5.708e+00
-5.708e+00
-5.708e+00
-5.707e+00
-5.482e+00
-5.957e+00
-5.702e+00
-5.702e+00
-5.702e+00
-5.702e+00
-5.702e+00
-5.702e+00
-5.702e+00
-5.702e+00
-5.702e+00
-5.702e+00
-5.702e+00
-5.702e+00
-5.702e+00
-5.702e+00
-5.702e+00
-5.702e+00
-5.702e+00
-5.702e+00
-5.702e+00
-5.474e+00
-5.957e+00
-5.702e+00
-5.702e+00
-5.702e+00
-5.702e+00
-5.702e+00
-5.702e+00
-5.702e+00
-5.702e+00
-5.702e+00
-5.702e+00
-5.702e+00
-5.702e+00
-5.702e+00
-5.702e+00
-5.702e+00
-5.702e+00
-5.702e+00
-5.702e+00
-5.702e+00
-5.474e+00
-5.957e+00
-5.702e+00
-5.702e+00
-5.702e+00
-5.702e+00
-5.702e+00
-5.702e+00
-5.702e+00
-5.702e+00
-5.702e+00
-5.702e+00
-5.702e+00
-5.702e+00
-5.702e+00
-5.702e+00
-5.702e+00
-5.702e+00
-5.702e+00
-5.702e+00
-5.702e+00
-5.474e+00
-5.957e+00
-5.702e+00
-5.702e+00
-5.702e+00
-5.702e+00
-5.702e+00
-5.702e+00
-5.702e+00
-5.702e+00
-5.702e+00
-5.702e+00
-5.702e+00
-5.702e+00
-5.702e+00
-5.702e+00
-5.702e+00
-5.702e+00
-5.702e+00
-5.702e+00
-5.702e+00
-5.474e+00
-5.957e+00
-5.702e+00
-5.702e+00
-5.702e+00
-5.702e+00
-5.702e+00
-5.702e+00
-5.702e+00
-5.702e+00
-5.702e+00
-5.702e+00
-5.702e+00
-5.702e+00
-5.702e+00
-5.702e+00
-5.702e+00
-5.702e+00
-5.702e+00
-5.702e+00
-5.702e+00
-5.474e+00
-5.957e+00
-5.702e+00
-5.702e+00
-5.702e+00
-5.702e+00
-5.702e+00
-5.702e+00
-5.702e+00
-5.702e+00
-5.702e+00
-5.702e+00
-5.702e+00
-5.702e+00
-5.702e+00
-5.702e+00
-5.702e+00
-5.702e+00
-5.702e+00
-5.702e+00
-5.702e+00
-5.474e+00
-5.957e+00
-5.702e+00
-5.702e+00
-5.702e+00
-5.702e+00
-5.702e+00
-5.702e+00
-5.702e+00
-5.702e+00
-5.702e+00
-5.702e+00
-5.702e+00
-5.702e+00
-5.702e+00
-5.702e+00
-5.702e+00
-5.702e+00
-5.702e+00
-5.702e+00
-5.702e+00
-5.474e+00
-5.957e+00
-5.702e+00
-5.702e+00
-5.702e+00
-5.702e+00
-5.702e+00
-5.702e+00
-5.702e+00
-5.702e+00
-5.702e+00
-5.702e+00
-5.702e+00
-5.702e+00
-5.702e+00
-5.702e+00
-5.702e+00
-5.702e+00
-5.702e+00
-5.702e+00
-5.702e+00
-5.474e+00
-5.960e+00
-5.702e+00
-5.702e+00
-5.702e+00
-5.702e+00
-5.702e+00
-5.702e+00
-5.702e+00
-5.702e+00
-5.702e+00
-5.702e+00
-5.702e+00
-5.702e+00
-5.702e+00
-5.702e+00
-5.702e+00
-5.702e+00
-5.702e+00
-5.702e+00
-5.702e+00
-5.474e+00
-5.702e+00
-5.475e+00
-5.474e+00
-5.474e+00
-5.474e+00
-5.474e+00
-5.474e+00
-5.474e+00
-5.474e+00
-5.474e+00
-5.474e+00
-5.474e+00
-5.474e+00
-5.474e+00
-5.474e+00
-5.474e+00
-5.474e+00
-5.474e+00
-5.474e+00
-5.474e+00
-5.375e+00
-2.590e+00
-2.597e+00
-2.597e+00
-2.597e+00
-2.597e+00
-2.597e+00
-2.597e+00
-2.597e+00
-2.597e+00
-2.597e+00
-2.597e+00
-2.597e+00
-2.597e+00
-2.597e+00
-2.597e+00
-2.597e+00
-2.597e+00
-2.597e+00
-2.597e+00
-2.597e+00
-2.588e+00
-2.597e+00
-2.588e+00
-2.588e+00
-2.588e+00
-2.588e+00
-2.588e+00
-2.588e+00
-2.588e+00
-2.588e+00
-2.588e+00
-2.588e+00
-2.588e+00
-2.588e+00
-2.588e+00
-2.588e+00
-2.588e+00
-2.588e+00
-2.588e+00
-2.588e+00
-2.588e+00
-2.579e+00
-2.597e+00
-2.588e+00
-2.588e+00
-2.588e+00
-2.588e+00
-2.588e+00
-2.588e+00
-2.588e+00
-2.588e+00
-2.588e+00
-2.588e+00
-2.588e+00
-2.588e+00
-2.588e+00
-2.588e+00
-2.588e+00
-2.588e+00
-2.588e+00
-2.588e+00
-2.588e+00
-2.579e+00
-2.597e+00
-2.588e+00
-2.588e+00
-2.588e+00
-2.588e+00
-2.588e+00
-2.588e+00
-2.588e+00
-2.588e+00
-2.588e+00
-2.588e+00
-2.588e+00
-2.588e+00
-2.588e+00
-2.588e+00
-2.588e+00
-2.588e+00
-2.588e+00
-2.588e+00
-2.588e+00
-2.579e+00
-2.597e+00
-2.588e+00
-2.588e+00
-2.588e+00
-2.588e+00
-2.588e+00
-2.588e+00
-2.588e+00
-2.588e+00
-2.588e+00
-2.588e+00
-2.588e+00
-2.588e+00
-2.588e+00
-2.588e+00
-2.588e+00
-2.588e+00
-2.588e+00
-2.588e+00
-2.588e+00
-2.579e+00
-2.597e+00
-2.588e+00
-2.588e+00
-2.588e+00
-2.588e+00
-2.588e+00
-2.588e+00
-2.588e+00
-2.588e+00
-2.588e+00
-2.588e+00
-2.588e+00
-2.588e+00
-2.588e+00
-2.588e+00
-2.588e+00
-2.588e+00
-2.588e+00
-2.588e+00
-2.588e+00
-2.579e+00
-2.597e+00
-2.588e+00
-2.588e+00
-2.588e+00
-2.588e+00
-2.588e+00
-2.588e+00
-2.588e+00
-2.588e+00
-2.588e+00
-2.588e+00
-2.588e+00
-2.588e+00
-2.588e+00
-2.588e+00
-2.588e+00
-2.588e+00
-2.588e+00
-2.588e+00
-2.588e+00
-2.579e+00
-2.597e+00
-2.588e+00
-2.588e+00
-2.588e+00
-2.588e+00
-2.588e+00
-2.588e+00
-2.588e+00
-2.588e+00
-2.588e+00
-2.588e+00
-2.588e+00
-2.588e+00
-2.588e+00
-2.588e+00
-2.588e+00
-2.588e+00
-2.588e+00
-2.588e+00
-2.588e+00
-2.579e+00
-2.597e+00
-2.588e+00
-2.588e+00
-2.588e+00
-2.588e+00
-2.588e+00
-2.588e+00
-2.588e+00
-2.588e+00
-2.588e+00
-2.588e+00
-2.588e+00
-2.588e+00
-2.588e+00
-2.588e+00
-2.588e+00
-2.588e+00
-2.588e+00
-2.588e+00
-2.588e+00
-2.579e+00
-2.603e+00
-2.588e+00
-2.588e+00
-2.588e+00
-2.588e+00
-2.588e+00
-2.588e+00
-2.588e+00
-2.588e+00
-2.588e+00
-2.588e+00
-2.588e+00
-2.588e+00
-2.588e+00
-2.588e+00
-2.588e+00
-2.588e+00
-2.588e+00
-2.588e+00
-2.588e+00
-2.579e+00
-4.024e+00
-4.036e+00
-4.036e+00
-4.036e+00
-4.036e+00
-4.036e+00
-4.036e+00
-4.036e+00
-4.036e+00
-4.036e+00
-4.036e+00
-4.036e+00
-4.036e+00
-4.036e+00
-4.036e+00
-4.036e+00
-4.036e+00
-4.036e+00
-4.036e+00
-4.036e+00
-4.023e+00
-4.023e+00
-4.030e+00
-4.030e+00
-4.030e+00
-4.030e+00
-4.030e+00
-4.030e+00
-4.030e+00
-4.030e+00
-4.030e+00
-4.030e+00
-4.030e+00
-4.030e+00
-4.030e+00
-4.030e+00
-4.030e+00
-4.030e+00
-4.030e+00
-4.030e+00
-4.030e+00
-4.021e+00
-4.023e+00
-4.030e+00
-4.030e+00
-4.030e+00
-4.030e+00
-4.030e+00
-4.030e+00
-4.030e+00
-4.030e+00
-4.030e+00
-4.030e+00
-4.030e+00
-4.030e+00
-4.030e+00
-4.030e+00
-4.030e+00
-4.030e+00
-4.030e+00
-4.030e+00
-4.030e+00
-4.021e+00
-4.023e+00
-4.030e+00
-4.030e+00
-4.030e+00
-4.030e+00
-4.030e+00
-4.030e+00
-4.030e+00
-4.030e+00
-4.030e+00
-4.030e+00
-4.030e+00
-4.030e+00
-4.030e+00
-4.030e+00
-4.030e+00
-4.030e+00
-4.030e+00
-4.030e+00
-4.030e+00
-4.021e+00
-4.023e+00
-4.030e+00
-4.030e+00
-4.030e+00
-4.030e+00
-4.030e+00
-4.030e+00
-4.030e+00
-4.030e+00
-4.030e+00
-4.030e+00
-4.030e+00
-4.030e+00
-4.030e+00
-4.030e+00
-4.030e+00
-4.030e+00
-4.030e+00
-4.030e+00
-4.030e+00
-4.021e+00
-4.023e+00
-4.030e+00
-4.030e+00
-4.030e+00
-4.030e+00
-4.030e+00
-4.030e+00
-4.030e+00
-4.030e+00
-4.030e+00
-4.030e+00
-4.030e+00
-4.030e+00
-4.030e+00
-4.030e+00
-4.030e+00
-4.030e+00
-4.030e+00
-4.030e+00
-4.030e+00
-4.021e+00
-4.023e+00
-4.030e+00
-4.030e+00
-4.030e+00
-4.030e+00
-4.030e+00
-4.030e+00
-4.030e+00
-4.030e+00
-4.030e+00
-4.030e+00
-4.030e+00
-4.030e+00
-4.030e+00
-4.030e+00
-4.030e+00
-4.030e+00
-4.030e+00
-4.030e+00
-4.030e+00
-4.021e+00
-4.023e+00
-4.030e+00
-4.030e+00
-4.030e+00
-4.030e+00
-4.030e+00
-4.030e+00
-4.030e+00
-4.030e+00
-4.030e+00
-4.030e+00
-4.030e+00
-4.030e+00
-4.030e+00
-4.030e+00
-4.030e+00
-4.030e+00
-4.030e+00
-4.030e+00
-4.030e+00
-4.021e+00
-4.023e+00
-4.030e+00
-4.030e+00
-4.030e+00
-4.030e+00
-4.030e+00
-4.030e+00
-4.030e+00
-4.030e+00
-4.030e+00
-4.030e+00
-4.030e+00
-4.030e+00
-4.030e+00
-4.030e+00
-4.030e+00
-4.030e+00
-4.030e+00
-4.030e+00
-4.030e+00
-4.021e+00
-4.024e+00
-4.031e+00
-4.030e+00
-4.030e+00
-4.030e+00
-4.030e+00
-4.030e+00
-4.030e+00
-4.030e+00
-4.030e+00
-4.030e+00
-4.030e+00
-4.030e+00
-4.030e+00
-4.030e+00
-4.030e+00
-4.030e+00
-4.030e+00
-4.030e+00
-4.030e+00
-4.021e+00
-4.035e+00
-4.022e+00
-4.021e+00
-4.021e+00
-4.021e+00
-4.021e+00
-4.021e+00
-4.021e+00
-4.021e+00
-4.021e+00
-4.021e+00
-4.021e+00
-4.021e+00
-4.021e+00
-4.021e+00
-4.021e+00
-4.021e+00
-4.021e+00
-4.021e+00
-4.021e+00
-4.016e+00
-2.634e+00
-2.584e+00
-2.584e+00
-2.584e+00
-2.584e+00
-2.584e+00
-2.584e+00
-2.584e+00
-2.584e+00
-2.584e+00
-2.584e+00
-2.584e+00
-2.584e+00
-2.584e+00
-2.584e+00
-2.584e+00
-2.584e+00
-2.584e+00
-2.584e+00
-2.584e+00
-2.490e+00
-2.584e+00
-2.490e+00
-2.490e+00
-2.490e+00
-2.490e+00
-2.490e+00
-2.490e+00
-2.490e+00
-2.490e+00
-2.490e+00
-2.490e+00
-2.490e+00
-2.490e+00
-2.490e+00
-2.490e+00
-2.490e+00
-2.490e+00
-2.490e+00
-2.490e+00
-2.490e+00
-2.421e+00
-2.584e+00
-2.490e+00
-2.490e+00
-2.490e+00
-2.490e+00
-2.490e+00
-2.490e+00
-2.490e+00
-2.490e+00
-2.490e+00
-2.490e+00
-2.490e+00
-2.490e+00
-2.490e+00
-2.490e+00
-2.490e+00
-2.490e+00
-2.490e+00
-2.490e+00
-2.490e+00
-2.421e+00
-2.584e+00
-2.490e+00
-2.490e+00
-2.490e+00
-2.490e+00
-2.490e+00
-2.490e+00
-2.490e+00
-2.490e+00
-2.490e+00
-2.490e+00
-2.490e+00
-2.490e+00
-2.490e+00
-2.490e+00
-2.490e+00
-2.490e+00
-2.490e+00
-2.490e+00
-2.490e+00
-2.421e+00
-2.584e+00
-2.490e+00
-2.490e+00
-2.490e+00
-2.490e+00
-2.490e+00
-2.490e+00
-2.490e+00
-2.490e+00
-2.490e+00
-2.490e+00
-2.490e+00
-2.490e+00
-2.490e+00
-2.490e+00
-2.490e+00
-2.490e+00
-2.490e+00
-2.490e+00
-2.490e+00
-2.421e+00
-2.584e+00
-2.490e+00
-2.490e+00
-2.490e+00
-2.490e+00
-2.490e+00
-2.490e+00
-2.490e+00
-2.490e+00
-2.490e+00
-2.490e+00
-2.490e+00
-2.490e+00
-2.490e+00
-2.490e+00
-2.490e+00
-2.490e+00
-2.490e+00
-2.490e+00
-2.490e+00
-2.421e+00
-2.584e+00
-2.490e+00
-2.490e+00
-2.490e+00
-2.490e+00
-2.490e+00
-2.490e+00
-2.490e+00
-2.490e+00
-2.490e+00
-2.490e+00
-2.490e+00
-2.490e+00
-2.490e+00
-2.490e+00
-2.490e+00
-2.490e+00
-2.490e+00
-2.490e+00
-2.490e+00
-2.421e+00
-2.584e+00
-2.490e+00
-2.490e+00
-2.490e+00
-2.490e+00
-2.490e+00
-2.490e+00
-2.490e+00
-2.490e+00
-2.490e+00
-2.490e+00
-2.490e+00
-2.490e+00
-2.490e+00
-2.490e+00
-2.490e+00
-2.490e+00
-2.490e+00
-2.490e+00
-2.490e+00
-2.421e+00
-2.584e+00
-2.490e+00
-2.490e+00
-2.490e+00
-2.490e+00
-2.490e+00
-2.490e+00
-2.490e+00
-2.490e+00
-2.490e+00
-2.490e+00
-2.490e+00
-2.490e+00
-2.490e+00
-2.490e+00
-2.490e+00
-2.490e+00
-2.490e+00
-2.490e+00
-2.490e+00
-2.421e+00
-2.583e+00
-2.490e+00
-2.490e+00
-2.490e+00
-2.490e+00
-2.490e+00
-2.490e+00
-2.490e+00
-2.490e+00
-2.490e+00
-2.490e+00
-2.490e+00
-2.490e+00
-2.490e+00
-2.490e+00
-2.490e+00
-2.490e+00
-2.490e+00
-2.490e+00
-2.490e+00
-2.421e+00
-3.221e+00
-3.028e+00
-3.028e+00
-3.028e+00
-3.028e+00
-3.028e+00
-3.028e+00
-3.028e+00
-3.028e+00
-3.028e+00
-3.028e+00
-3.028e+00
-3.028e+00
-3.028e+00
-3.028e+00
-3.028e+00
-3.028e+00
-3.028e+00
-3.028e+00
-3.028e+00
-2.883e+00
-3.221e+00
-3.032e+00
-3.030e+00
-3.030e+00
-3.030e+00
-3.030e+00
-3.030e+00
-3.030e+00
-3.030e+00
-3.030e+00
-3.030e+00
-3.030e+00
-3.030e+00
-3.030e+00
-3.030e+00
-3.030e+00
-3.030e+00
-3.030e+00
-3.030e+00
-3.032e+00
-2.883e+00
-3.221e+00
-3.032e+00
-3.030e+00
-3.030e+00
-3.030e+00
-3.030e+00
-3.030e+00
-3.030e+00
-3.030e+00
-3.030e+00
-3.030e+00
-3.030e+00
-3.030e+00
-3.030e+00
-3.030e+00
-3.030e+00
-3.030e+00
-3.030e+00
-3.030e+00
-3.032e+00
-2.883e+00
-3.221e+00
-3.032e+00
-3.030e+00
-3.030e+00
-3.030e+00
-3.030e+00
-3.030e+00
-3.030e+00
-3.030e+00
-3.030e+00
-3.030e+00
-3.030e+00
-3.030e+00
-3.030e+00
-3.030e+00
-3.030e+00
-3.030e+00
-3.030e+00
-3.030e+00
-3.032e+00
-2.883e+00
-3.221e+00
-3.032e+00
-3.030e+00
-3.030e+00
-3.030e+00
-3.030e+00
-3.030e+00
-3.030e+00
-3.030e+00
-3.030e+00
-3.030e+00
-3.030e+00
-3.030e+00
-3.030e+00
-3.030e+00
-3.030e+00
-3.030e+00
-3.030e+00
-3.030e+00
-3.032e+00
-2.883e+00
-3.221e+00
-3.032e+00
-3.030e+00
-3.030e+00
-3.030e+00
-3.030e+00
-3.030e+00
-3.030e+00
-3.030e+00
-3.030e+00
-3.030e+00
-3.030e+00
-3.030e+00
-3.030e+00
-3.030e+00
-3.030e+00
-3.030e+00
-3.030e+00
-3.030e+00
-3.032e+00
-2.883e+00
-3.221e+00
-3.032e+00
-3.030e+00
-3.030e+00
-3.030e+00
-3.030e+00
-3.030e+00
-3.030e+00
-3.030e+00
-3.030e+00
-3.030e+00
-3.030e+00
-3.030e+00
-3.030e+00
-3.030e+00
-3.030e+00
-3.030e+00
-3.030e+00
-3.030e+00
-3.032e+00
-2.883e+00
-3.221e+00
-3.032e+00
-3.030e+00
-3.030e+00
-3.030e+00
-3.030e+00
-3.030e+00
-3.030e+00
-3.030e+00
-3.030e+00
-3.030e+00
-3.030e+00
-3.030e+00
-3.030e+00
-3.030e+00
-3.030e+00
-3.030e+00
-3.030e+00
-3.030e+00
-3.032e+00
-2.883e+00
-3.221e+00
-3.032e+00
-3.030e+00
-3.030e+00
-3.030e+00
-3.030e+00
-3.030e+00
-3.030e+00
-3.030e+00
-3.030e+00
-3.030e+00
-3.030e+00
-3.030e+00
-3.030e+00
-3.030e+00
-3.030e+00
-3.030e+00
-3.030e+00
-3.030e+00
-3.032e+00
-2.883e+00
-3.221e+00
-3.031e+00
-3.032e+00
-3.032e+00
-3.032e+00
-3.032e+00
-3.032e+00
-3.032e+00
-3.032e+00
-3.032e+00
-3.032e+00
-3.032e+00
-3.032e+00
-3.032e+00
-3.032e+00
-3.032e+00
-3.032e+00
-3.032e+00
-3.032e+00
-3.032e+00
-2.883e+00
-3.031e+00
-2.883e+00
-2.883e+00
-2.883e+00
-2.883e+00
-2.883e+00
-2.883e+00
-2.883e+00
-2.883e+00
-2.883e+00
-2.883e+00
-2.883e+00
-2.883e+00
-2.883e+00
-2.883e+00
-2.883e+00
-2.883e+00
-2.883e+00
-2.883e+00
-2.883e+00
-2.822e+00
-2.310e+00
-2.312e+00
-2.312e+00
-2.312e+00
-2.312e+00
-2.312e+00
-2.312e+00
-2.312e+00
-2.312e+00
-2.312e+00
-2.312e+00
-2.312e+00
-2.312e+00
-2.312e+00
-2.312e+00
-2.312e+00
-2.312e+00
-2.312e+00
-2.312e+00
-2.312e+00
-2.315e+00
-2.312e+00
-2.315e+00
-2.315e+00
-2.315e+00
-2.315e+00
-2.315e+00
-2.315e+00
-2.315e+00
-2.315e+00
-2.315e+00
-2.315e+00
-2.315e+00
-2.315e+00
-2.315e+00
-2.315e+00
-2.315e+00
-2.315e+00
-2.315e+00
-2.315e+00
-2.315e+00
-2.313e+00
-2.312e+00
-2.315e+00
-2.315e+00
-2.315e+00
-2.315e+00
-2.315e+00
-2.315e+00
-2.315e+00
-2.315e+00
-2.315e+00
-2.315e+00
-2.315e+00
-2.315e+00
-2.315e+00
-2.315e+00
-2.315e+00
-2.315e+00
-2.315e+00
-2.315e+00
-2.315e+00
-2.313e+00
-2.312e+00
-2.315e+00
-2.315e+00
-2.315e+00
-2.315e+00
-2.315e+00
-2.315e+00
-2.315e+00
-2.315e+00
-2.315e+00
-2.315e+00
-2.315e+00
-2.315e+00
-2.315e+00
-2.315e+00
-2.315e+00
-2.315e+00
-2.315e+00
-2.315e+00
-2.315e+00
-2.313e+00
-2.312e+00
-2.315e+00
-2.315e+00
-2.315e+00
-2.315e+00
-2.315e+00
-2.315e+00
-2.315e+00
-2.315e+00
-2.315e+00
-2.315e+00
-2.315e+00
-2.315e+00
-2.315e+00
-2.315e+00
-2.315e+00
-2.315e+00
-2.315e+00
-2.315e+00
-2.315e+00
-2.313e+00
-2.312e+00
-2.315e+00
-2.315e+00
-2.315e+00
-2.315e+00
-2.315e+00
-2.315e+00
-2.315e+00
-2.315e+00
-2.315e+00
-2.315e+00
-2.315e+00
-2.315e+00
-2.315e+00
-2.315e+00
-2.315e+00
-2.315e+00
-2.315e+00
-2.315e+00
-2.315e+00
-2.313e+00
-2.312e+00
-2.315e+00
-2.315e+00
-2.315e+00
-2.315e+00
-2.315e+00
-2.315e+00
-2.315e+00
-2.315e+00
-2.315e+00
-2.315e+00
-2.315e+00
-2.315e+00
-2.315e+00
-2.315e+00
-2.315e+00
-2.315e+00
-2.315e+00
-2.315e+00
-2.315e+00
-2.313e+00
-2.312e+00
-2.315e+00
-2.315e+00
-2.315e+00
-2.315e+00
-2.315e+00
-2.315e+00
-2.315e+00
-2.315e+00
-2.315e+00
-2.315e+00
-2.315e+00
-2.315e+00
-2.315e+00
-2.315e+00
-2.315e+00
-2.315e+00
-2.315e+00
-2.315e+00
-2.315e+00
-2.313e+00
-2.312e+00
-2.315e+00
-2.315e+00
-2.315e+00
-2.315e+00
-2.315e+00
-2.315e+00
-2.315e+00
-2.315e+00
-2.315e+00
-2.315e+00
-2.315e+00
-2.315e+00
-2.315e+00
-2.315e+00
-2.315e+00
-2.315e+00
-2.315e+00
-2.315e+00
-2.315e+00
-2.313e+00
-2.312e+00
-2.315e+00
-2.315e+00
-2.315e+00
-2.315e+00
-2.315e+00
-2.315e+00
-2.315e+00
-2.315e+00
-2.315e+00
-2.315e+00
-2.315e+00
-2.315e+00
-2.315e+00
-2.315e+00
-2.315e+00
-2.315e+00
-2.315e+00
-2.315e+00
-2.315e+00
-2.313e+00
-2.008e+00
-1.995e+00
-1.995e+00
-1.995e+00
-1.995e+00
-1.995e+00
-1.995e+00
-1.995e+00
-1.995e+00
-1.995e+00
-1.995e+00
-1.995e+00
-1.995e+00
-1.995e+00
-1.995e+00
-1.995e+00
-1.995e+00
-1.995e+00
-1.995e+00
-1.995e+00
-1.990e+00
-2.008e+00
-1.995e+00
-1.995e+00
-1.995e+00
-1.995e+00
-1.995e+00
-1.995e+00
-1.995e+00
-1.995e+00
-1.995e+00
-1.995e+00
-1.995e+00
-1.995e+00
-1.995e+00
-1.995e+00
-1.995e+00
-1.995e+00
-1.995e+00
-1.995e+00
-1.995e+00
-1.990e+00
-2.008e+00
-1.995e+00
-1.995e+00
-1.995e+00
-1.995e+00
-1.995e+00
-1.995e+00
-1.995e+00
-1.995e+00
-1.995e+00
-1.995e+00
-1.995e+00
-1.995e+00
-1.995e+00
-1.995e+00
-1.995e+00
-1.995e+00
-1.995e+00
-1.995e+00
-1.995e+00
-1.990e+00
-2.008e+00
-1.995e+00
-1.995e+00
-1.995e+00
-1.995e+00
-1.995e+00
-1.995e+00
-1.995e+00
-1.995e+00
-1.995e+00
-1.995e+00
-1.995e+00
-1.995e+00
-1.995e+00
-1.995e+00
-1.995e+00
-1.995e+00
-1.995e+00
-1.995e+00
-1.995e+00
-1.990e+00
-2.008e+00
-1.995e+00
-1.995e+00
-1.995e+00
-1.995e+00
-1.995e+00
-1.995e+00
-1.995e+00
-1.995e+00
-1.995e+00
-1.995e+00
-1.995e+00
-1.995e+00
-1.995e+00
-1.995e+00
-1.995e+00
-1.995e+00
-1.995e+00
-1.995e+00
-1.995e+00
-1.990e+00
-2.008e+00
-1.995e+00
-1.995e+00
-1.995e+00
-1.995e+00
-1.995e+00
-1.995e+00
-1.995e+00
-1.995e+00
-1.995e+00
-1.995e+00
-1.995e+00
-1.995e+00
-1.995e+00
-1.995e+00
-1.995e+00
-1.995e+00
-1.995e+00
-1.995e+00
-1.995e+00
-1.990e+00
-2.008e+00
-1.995e+00
-1.995e+00
-1.995e+00
-1.995e+00
-1.995e+00
-1.995e+00
-1.995e+00
-1.995e+00
-1.995e+00
-1.995e+00
-1.995e+00
-1.995e+00
-1.995e+00
-1.995e+00
-1.995e+00
-1.995e+00
-1.995e+00
-1.995e+00
-1.995e+00
-1.990e+00
-2.008e+00
-1.995e+00
-1.995e+00
-1.995e+00
-1.995e+00
-1.995e+00
-1.995e+00
-1.995e+00
-1.995e+00
-1.995e+00
-1.995e+00
-1.995e+00
-1.995e+00
-1.995e+00
-1.995e+00
-1.995e+00
-1.995e+00
-1.995e+00
-1.995e+00
-1.995e+00
-1.990e+00
-2.008e+00
-1.995e+00
-1.995e+00
-1.995e+00
-1.995e+00
-1.995e+00
-1.995e+00
-1.995e+00
-1.995e+00
-1.995e+00
-1.995e+00
-1.995e+00
-1.995e+00
-1.995e+00
-1.995e+00
-1.995e+00
-1.995e+00
-1.995e+00
-1.995e+00
-1.995e+00
-1.990e+00
-2.008e+00
-1.995e+00
-1.995e+00
-1.995e+00
-1.995e+00
-1.995e+00
-1.995e+00
-1.995e+00
-1.995e+00
-1.995e+00
-1.995e+00
-1.995e+00
-1.995e+00
-1.995e+00
-1.995e+00
-1.995e+00
-1.995e+00
-1.995e+00
-1.995e+00
-1.995e+00
-1.990e+00
-1.995e+00
-1.990e+00
-1.990e+00
-1.990e+00
-1.990e+00
-1.990e+00
-1.990e+00
-1.990e+00
-1.990e+00
-1.990e+00
-1.990e+00
-1.990e+00
-1.990e+00
-1.990e+00
-1.990e+00
-1.990e+00
-1.990e+00
-1.990e+00
-1.990e+00
-1.990e+00
-1.992e+00
-2.286e+00
-2.229e+00
-2.229e+00
-2.229e+00
-2.229e+00
-2.229e+00
-2.229e+00
-2.229e+00
-2.229e+00
-2.229e+00
-2.229e+00
-2.229e+00
-2.229e+00
-2.229e+00
-2.229e+00
-2.229e+00
-2.229e+00
-2.229e+00
-2.229e+00
-2.229e+00
-2.156e+00
-2.229e+00
-2.156e+00
-2.156e+00
-2.156e+00
-2.156e+00
-2.156e+00
-2.156e+00
-2.156e+00
-2.156e+00
-2.156e+00
-2.156e+00
-2.156e+00
-2.156e+00
-2.156e+00
-2.156e+00
-2.156e+00
-2.156e+00
-2.156e+00
-2.156e+00
-2.156e+00
-2.101e+00
-2.229e+00
-2.156e+00
-2.156e+00
-2.156e+00
-2.156e+00
-2.156e+00
-2.156e+00
-2.156e+00
-2.156e+00
-2.156e+00
-2.156e+00
-2.156e+00
-2.156e+00
-2.156e+00
-2.156e+00
-2.156e+00
-2.156e+00
-2.156e+00
-2.156e+00
-2.156e+00
-2.101e+00
-2.229e+00
-2.156e+00
-2.156e+00
-2.156e+00
-2.156e+00
-2.156e+00
-2.156e+00
-2.156e+00
-2.156e+00
-2.156e+00
-2.156e+00
-2.156e+00
-2.156e+00
-2.156e+00
-2.156e+00
-2.156e+00
-2.156e+00
-2.156e+00
-2.156e+00
-2.156e+00
-2.101e+00
-2.229e+00
-2.156e+00
-2.156e+00
-2.156e+00
-2.156e+00
-2.156e+00
-2.156e+00
-2.156e+00
-2.156e+00
-2.156e+00
-2.156e+00
-2.156e+00
-2.156e+00
-2.156e+00
-2.156e+00
-2.156e+00
-2.156e+00
-2.156e+00
-2.156e+00
-2.156e+00
-2.101e+00
-2.229e+00
-2.156e+00
-2.156e+00
-2.156e+00
-2.156e+00
-2.156e+00
-2.156e+00
-2.156e+00
-2.156e+00
-2.156e+00
-2.156e+00
-2.156e+00
-2.156e+00
-2.156e+00
-2.156e+00
-2.156e+00
-2.156e+00
-2.156e+00
-2.156e+00
-2.156e+00
-2.101e+00
-2.229e+00
-2.156e+00
-2.156e+00
-2.156e+00
-2.156e+00
-2.156e+00
-2.156e+00
-2.156e+00
-2.156e+00
-2.156e+00
-2.156e+00
-2.156e+00
-2.156e+00
-2.156e+00
-2.156e+00
-2.156e+00
-2.156e+00
-2.156e+00
-2.156e+00
-2.156e+00
-2.101e+00
-2.229e+00
-2.156e+00
-2.156e+00
-2.156e+00
-2.156e+00
-2.156e+00
-2.156e+00
-2.156e+00
-2.156e+00
-2.156e+00
-2.156e+00
-2.156e+00
-2.156e+00
-2.156e+00
-2.156e+00
-2.156e+00
-2.156e+00
-2.156e+00
-2.156e+00
-2.156e+00
-2.101e+00
-2.229e+00
-2.156e+00
-2.156e+00
-2.156e+00
-2.156e+00
-2.156e+00
-2.156e+00
-2.156e+00
-2.156e+00
-2.156e+00
-2.156e+00
-2.156e+00
-2.156e+00
-2.156e+00
-2.156e+00
-2.156e+00
-2.156e+00
-2.156e+00
-2.156e+00
-2.156e+00
-2.101e+00
-2.229e+00
-2.156e+00
-2.156e+00
-2.156e+00
-2.156e+00
-2.156e+00
-2.156e+00
-2.156e+00
-2.156e+00
-2.156e+00
-2.156e+00
-2.156e+00
-2.156e+00
-2.156e+00
-2.156e+00
-2.156e+00
-2.156e+00
-2.156e+00
-2.156e+00
-2.156e+00
-2.101e+00
-1.601e+00
-1.632e+00
-1.632e+00
-1.632e+00
-1.632e+00
-1.632e+00
-1.632e+00
-1.632e+00
-1.632e+00
-1.632e+00
-1.632e+00
-1.632e+00
-1.632e+00
-1.632e+00
-1.632e+00
-1.632e+00
-1.632e+00
-1.632e+00
-1.632e+00
-1.632e+00
-1.645e+00
-1.596e+00
-1.632e+00
-1.632e+00
-1.632e+00
-1.632e+00
-1.632e+00
-1.632e+00
-1.632e+00
-1.632e+00
-1.632e+00
-1.632e+00
-1.632e+00
-1.632e+00
-1.632e+00
-1.632e+00
-1.632e+00
-1.632e+00
-1.632e+00
-1.632e+00
-1.632e+00
-1.645e+00
-1.596e+00
-1.632e+00
-1.632e+00
-1.632e+00
-1.632e+00
-1.632e+00
-1.632e+00
-1.632e+00
-1.632e+00
-1.632e+00
-1.632e+00
-1.632e+00
-1.632e+00
-1.632e+00
-1.632e+00
-1.632e+00
-1.632e+00
-1.632e+00
-1.632e+00
-1.632e+00
-1.645e+00
-1.596e+00
-1.632e+00
-1.632e+00
-1.632e+00
-1.632e+00
-1.632e+00
-1.632e+00
-1.632e+00
-1.632e+00
-1.632e+00
-1.632e+00
-1.632e+00
-1.632e+00
-1.632e+00
-1.632e+00
-1.632e+00
-1.632e+00
-1.632e+00
-1.632e+00
-1.632e+00
-1.645e+00
-1.596e+00
-1.632e+00
-1.632e+00
-1.632e+00
-1.632e+00
-1.632e+00
-1.632e+00
-1.632e+00
-1.632e+00
-1.632e+00
-1.632e+00
-1.632e+00
-1.632e+00
-1.632e+00
-1.632e+00
-1.632e+00
-1.632e+00
-1.632e+00
-1.632e+00
-1.632e+00
-1.645e+00
-1.596e+00
-1.632e+00
-1.632e+00
-1.632e+00
-1.632e+00
-1.632e+00
-1.632e+00
-1.632e+00
-1.632e+00
-1.632e+00
-1.632e+00
-1.632e+00
-1.632e+00
-1.632e+00
-1.632e+00
-1.632e+00
-1.632e+00
-1.632e+00
-1.632e+00
-1.632e+00
-1.645e+00
-1.596e+00
-1.632e+00
-1.632e+00
-1.632e+00
-1.632e+00
-1.632e+00
-1.632e+00
-1.632e+00
-1.632e+00
-1.632e+00
-1.632e+00
-1.632e+00
-1.632e+00
-1.632e+00
-1.632e+00
-1.632e+00
-1.632e+00
-1.632e+00
-1.632e+00
-1.632e+00
-1.645e+00
-1.596e+00
-1.632e+00
-1.632e+00
-1.632e+00
-1.632e+00
-1.632e+00
-1.632e+00
-1.632e+00
-1.632e+00
-1.632e+00
-1.632e+00
-1.632e+00
-1.632e+00
-1.632e+00
-1.632e+00
-1.632e+00
-1.632e+00
-1.632e+00
-1.632e+00
-1.632e+00
-1.645e+00
-1.596e+00
-1.632e+00
-1.632e+00
-1.632e+00
-1.632e+00
-1.632e+00
-1.632e+00
-1.632e+00
-1.632e+00
-1.632e+00
-1.632e+00
-1.632e+00
-1.632e+00
-1.632e+00
-1.632e+00
-1.632e+00
-1.632e+00
-1.632e+00
-1.632e+00
-1.632e+00
-1.645e+00
-1.596e+00
-1.632e+00
-1.632e+00
-1.632e+00
-1.632e+00
-1.632e+00
-1.632e+00
-1.632e+00
-1.632e+00
-1.632e+00
-1.632e+00
-1.632e+00
-1.632e+00
-1.632e+00
-1.632e+00
-1.632e+00
-1.632e+00
-1.632e+00
-1.632e+00
-1.632e+00
-1.645e+00
-1.632e+00
-1.645e+00
-1.645e+00
-1.645e+00
-1.645e+00
-1.645e+00
-1.645e+00
-1.645e+00
-1.645e+00
-1.645e+00
-1.645e+00
-1.645e+00
-1.645e+00
-1.645e+00
-1.645e+00
-1.645e+00
-1.645e+00
-1.645e+00
-1.645e+00
-1.645e+00
-1.659e+00
-1.825e+00
-1.824e+00
-1.824e+00
-1.824e+00
-1.824e+00
-1.824e+00
-1.824e+00
-1.824e+00
-1.824e+00
-1.824e+00
-1.824e+00
-1.824e+00
-1.824e+00
-1.824e+00
-1.824e+00
-1.824e+00
-1.824e+00
-1.824e+00
-1.824e+00
-1.824e+00
-1.826e+00
-1.824e+00
-1.826e+00
-1.826e+00
-1.826e+00
-1.826e+00
-1.826e+00
-1.826e+00
-1.826e+00
-1.826e+00
-1.826e+00
-1.826e+00
-1.826e+00
-1.826e+00
-1.826e+00
-1.826e+00
-1.826e+00
-1.826e+00
-1.826e+00
-1.826e+00
-1.826e+00
-1.826e+00
-1.824e+00
-1.826e+00
-1.826e+00
-1.826e+00
-1.826e+00
-1.826e+00
-1.826e+00
-1.826e+00
-1.826e+00
-1.826e+00
-1.826e+00
-1.826e+00
-1.826e+00
-1.826e+00
-1.826e+00
-1.826e+00
-1.826e+00
-1.826e+00
-1.826e+00
-1.826e+00
-1.826e+00
-1.824e+00
-1.826e+00
-1.826e+00
-1.826e+00
-1.826e+00
-1.826e+00
-1.826e+00
-1.826e+00
-1.826e+00
-1.826e+00
-1.826e+00
-1.826e+00
-1.826e+00
-1.826e+00
-1.826e+00
-1.826e+00
-1.826e+00
-1.826e+00
-1.826e+00
-1.826e+00
-1.826e+00
-1.824e+00
-1.826e+00
-1.826e+00
-1.826e+00
-1.826e+00
-1.826e+00
-1.826e+00
-1.826e+00
-1.826e+00
-1.826e+00
-1.826e+00
-1.826e+00
-1.826e+00
-1.826e+00
-1.826e+00
-1.826e+00
-1.826e+00
-1.826e+00
-1.826e+00
-1.826e+00
-1.826e+00
-1.824e+00
-1.826e+00
-1.826e+00
-1.826e+00
-1.826e+00
-1.826e+00
-1.826e+00
-1.826e+00
-1.826e+00
-1.826e+00
-1.826e+00
-1.826e+00
-1.826e+00
-1.826e+00
-1.826e+00
-1.826e+00
-1.826e+00
-1.826e+00
-1.826e+00
-1.826e+00
-1.826e+00
-1.824e+00
-1.826e+00
-1.826e+00
-1.826e+00
-1.826e+00
-1.826e+00
-1.826e+00
-1.826e+00
-1.826e+00
-1.826e+00
-1.826e+00
-1.826e+00
-1.826e+00
-1.826e+00
-1.826e+00
-1.826e+00
-1.826e+00
-1.826e+00
-1.826e+00
-1.826e+00
-1.826e+00
-1.824e+00
-1.826e+00
-1.826e+00
-1.826e+00
-1.826e+00
-1.826e+00
-1.826e+00
-1.826e+00
-1.826e+00
-1.826e+00
-1.826e+00
-1.826e+00
-1.826e+00
-1.826e+00
-1.826e+00
-1.826e+00
-1.826e+00
-1.826e+00
-1.826e+00
-1.826e+00
-1.826e+00
-1.824e+00
-1.826e+00
-1.826e+00
-1.826e+00
-1.826e+00
-1.826e+00
-1.826e+00
-1.826e+00
-1.826e+00
-1.826e+00
-1.826e+00
-1.826e+00
-1.826e+00
-1.826e+00
-1.826e+00
-1.826e+00
-1.826e+00
-1.826e+00
-1.826e+00
-1.826e+00
-1.826e+00
-1.824e+00
-1.826e+00
-1.826e+00
-1.826e+00
-1.826e+00
-1.826e+00
-1.826e+00
-1.826e+00
-1.826e+00
-1.826e+00
-1.826e+00
-1.826e+00
-1.826e+00
-1.826e+00
-1.826e+00
-1.826e+00
-1.826e+00
-1.826e+00
-1.826e+00
-1.826e+00
-1.826e+00
-1.548e+00
-1.548e+00
-1.548e+00
-1.548e+00
-1.548e+00
-1.548e+00
-1.548e+00
-1.548e+00
-1.548e+00
-1.548e+00
-1.548e+00
-1.548e+00
-1.548e+00
-1.548e+00
-1.548e+00
-1.548e+00
-1.548e+00
-1.548e+00
-1.548e+00
-1.548e+00
-1.548e+00
-1.548e+00
-1.548e+00
-1.548e+00
-1.548e+00
-1.548e+00
-1.548e+00
-1.548e+00
-1.548e+00
-1.548e+00
-1.548e+00
-1.548e+00
-1.548e+00
-1.548e+00
-1.548e+00
-1.548e+00
-1.548e+00
-1.548e+00
-1.548e+00
-1.548e+00
-1.548e+00
-1.550e+00
-1.548e+00
-1.548e+00
-1.548e+00
-1.548e+00
-1.548e+00
-1.548e+00
-1.548e+00
-1.548e+00
-1.548e+00
-1.548e+00
-1.548e+00
-1.548e+00
-1.548e+00
-1.548e+00
-1.548e+00
-1.548e+00
-1.548e+00
-1.548e+00
-1.548e+00
-1.548e+00
-1.550e+00
-1.548e+00
-1.548e+00
-1.548e+00
-1.548e+00
-1.548e+00
-1.548e+00
-1.548e+00
-1.548e+00
-1.548e+00
-1.548e+00
-1.548e+00
-1.548e+00
-1.548e+00
-1.548e+00
-1.548e+00
-1.548e+00
-1.548e+00
-1.548e+00
-1.548e+00
-1.548e+00
-1.550e+00
-1.548e+00
-1.548e+00
-1.548e+00
-1.548e+00
-1.548e+00
-1.548e+00
-1.548e+00
-1.548e+00
-1.548e+00
-1.548e+00
-1.548e+00
-1.548e+00
-1.548e+00
-1.548e+00
-1.548e+00
-1.548e+00
-1.548e+00
-1.548e+00
-1.548e+00
-1.548e+00
-1.550e+00
-1.548e+00
-1.548e+00
-1.548e+00
-1.548e+00
-1.548e+00
-1.548e+00
-1.548e+00
-1.548e+00
-1.548e+00
-1.548e+00
-1.548e+00
-1.548e+00
-1.548e+00
-1.548e+00
-1.548e+00
-1.548e+00
-1.548e+00
-1.548e+00
-1.548e+00
-1.548e+00
-1.550e+00
-1.548e+00
-1.548e+00
-1.548e+00
-1.548e+00
-1.548e+00
-1.548e+00
-1.548e+00
-1.548e+00
-1.548e+00
-1.548e+00
-1.548e+00
-1.548e+00
-1.548e+00
-1.548e+00
-1.548e+00
-1.548e+00
-1.548e+00
-1.548e+00
-1.548e+00
-1.548e+00
-1.550e+00
-1.548e+00
-1.548e+00
-1.548e+00
-1.548e+00
-1.548e+00
-1.548e+00
-1.548e+00
-1.548e+00
-1.548e+00
-1.548e+00
-1.548e+00
-1.548e+00
-1.548e+00
-1.548e+00
-1.548e+00
-1.548e+00
-1.548e+00
-1.548e+00
-1.548e+00
-1.548e+00
-1.550e+00
-1.548e+00
-1.548e+00
-1.548e+00
-1.548e+00
-1.548e+00
-1.548e+00
-1.548e+00
-1.548e+00
-1.548e+00
-1.548e+00
-1.548e+00
-1.548e+00
-1.548e+00
-1.548e+00
-1.548e+00
-1.548e+00
-1.548e+00
-1.548e+00
-1.548e+00
-1.548e+00
-1.550e+00
-1.548e+00
-1.548e+00
-1.548e+00
-1.548e+00
-1.548e+00
-1.548e+00
-1.548e+00
-1.548e+00
-1.548e+00
-1.548e+00
-1.548e+00
-1.548e+00
-1.548e+00
-1.548e+00
-1.548e+00
-1.548e+00
-1.548e+00
-1.548e+00
-1.548e+00
-1.548e+00
-1.550e+00
-1.548e+00
-1.550e+00
-1.550e+00
-1.550e+00
-1.550e+00
-1.550e+00
-1.550e+00
-1.550e+00
-1.550e+00
-1.550e+00
-1.550e+00
-1.550e+00
-1.550e+00
-1.550e+00
-1.550e+00
-1.550e+00
-1.550e+00
-1.550e+00
-1.550e+00
-1.550e+00
-1.550e+00
-1.591e+00
-1.581e+00
-1.581e+00
-1.581e+00
-1.581e+00
-1.581e+00
-1.581e+00
-1.581e+00
-1.581e+00
-1.581e+00
-1.581e+00
-1.581e+00
-1.581e+00
-1.581e+00
-1.581e+00
-1.581e+00
-1.581e+00
-1.581e+00
-1.581e+00
-1.581e+00
-1.566e+00
-1.581e+00
-1.566e+00
-1.566e+00
-1.566e+00
-1.566e+00
-1.566e+00
-1.566e+00
-1.566e+00
-1.566e+00
-1.566e+00
-1.566e+00
-1.566e+00
-1.566e+00
-1.566e+00
-1.566e+00
-1.566e+00
-1.566e+00
-1.566e+00
-1.566e+00
-1.566e+00
-1.555e+00
-1.581e+00
-1.566e+00
-1.566e+00
-1.566e+00
-1.566e+00
-1.566e+00
-1.566e+00
-1.566e+00
-1.566e+00
-1.566e+00
-1.566e+00
-1.566e+00
-1.566e+00
-1.566e+00
-1.566e+00
-1.566e+00
-1.566e+00
-1.566e+00
-1.566e+00
-1.566e+00
-1.555e+00
-1.581e+00
-1.566e+00
-1.566e+00
-1.566e+00
-1.566e+00
-1.566e+00
-1.566e+00
-1.566e+00
-1.566e+00
-1.566e+00
-1.566e+00
-1.566e+00
-1.566e+00
-1.566e+00
-1.566e+00
-1.566e+00
-1.566e+00
-1.566e+00
-1.566e+00
-1.566e+00
-1.555e+00
-1.581e+00
-1.566e+00
-1.566e+00
-1.566e+00
-1.566e+00
-1.566e+00
-1.566e+00
-1.566e+00
-1.566e+00
-1.566e+00
-1.566e+00
-1.566e+00
-1.566e+00
-1.566e+00
-1.566e+00
-1.566e+00
-1.566e+00
-1.566e+00
-1.566e+00
-1.566e+00
-1.555e+00
-1.581e+00
-1.566e+00
-1.566e+00
-1.566e+00
-1.566e+00
-1.566e+00
-1.566e+00
-1.566e+00
-1.566e+00
-1.566e+00
-1.566e+00
-1.566e+00
-1.566e+00
-1.566e+00
-1.566e+00
-1.566e+00
-1.566e+00
-1.566e+00
-1.566e+00
-1.566e+00
-1.555e+00
-1.581e+00
-1.566e+00
-1.566e+00
-1.566e+00
-1.566e+00
-1.566e+00
-1.566e+00
-1.566e+00
-1.566e+00
-1.566e+00
-1.566e+00
-1.566e+00
-1.566e+00
-1.566e+00
-1.566e+00
-1.566e+00
-1.566e+00
-1.566e+00
-1.566e+00
-1.566e+00
-1.555e+00
-1.581e+00
-1.566e+00
-1.566e+00
-1.566e+00
-1.566e+00
-1.566e+00
-1.566e+00
-1.566e+00
-1.566e+00
-1.566e+00
-1.566e+00
-1.566e+00
-1.566e+00
-1.566e+00
-1.566e+00
-1.566e+00
-1.566e+00
-1.566e+00
-1.566e+00
-1.566e+00
-1.555e+00
-1.581e+00
-1.566e+00
-1.566e+00
-1.566e+00
-1.566e+00
-1.566e+00
-1.566e+00
-1.566e+00
-1.566e+00
-1.566e+00
-1.566e+00
-1.566e+00
-1.566e+00
-1.566e+00
-1.566e+00
-1.566e+00
-1.566e+00
-1.566e+00
-1.566e+00
-1.566e+00
-1.555e+00
-1.581e+00
-1.567e+00
-1.567e+00
-1.567e+00
-1.567e+00
-1.567e+00
-1.567e+00
-1.567e+00
-1.567e+00
-1.567e+00
-1.567e+00
-1.567e+00
-1.567e+00
-1.567e+00
-1.567e+00
-1.567e+00
-1.567e+00
-1.567e+00
-1.567e+00
-1.567e+00
-1.558e+00
-1.300e+00
-1.317e+00
-1.317e+00
-1.317e+00
-1.317e+00
-1.317e+00
-1.317e+00
-1.317e+00
-1.317e+00
-1.317e+00
-1.317e+00
-1.317e+00
-1.317e+00
-1.317e+00
-1.317e+00
-1.317e+00
-1.317e+00
-1.317e+00
-1.317e+00
-1.317e+00
-1.336e+00
-1.302e+00
-1.317e+00
-1.317e+00
-1.317e+00
-1.317e+00
-1.317e+00
-1.317e+00
-1.317e+00
-1.317e+00
-1.317e+00
-1.317e+00
-1.317e+00
-1.317e+00
-1.317e+00
-1.317e+00
-1.317e+00
-1.317e+00
-1.317e+00
-1.317e+00
-1.317e+00
-1.336e+00
-1.302e+00
-1.317e+00
-1.317e+00
-1.317e+00
-1.317e+00
-1.317e+00
-1.317e+00
-1.317e+00
-1.317e+00
-1.317e+00
-1.317e+00
-1.317e+00
-1.317e+00
-1.317e+00
-1.317e+00
-1.317e+00
-1.317e+00
-1.317e+00
-1.317e+00
-1.317e+00
-1.336e+00
-1.302e+00
-1.317e+00
-1.317e+00
-1.317e+00
-1.317e+00
-1.317e+00
-1.317e+00
-1.317e+00
-1.317e+00
-1.317e+00
-1.317e+00
-1.317e+00
-1.317e+00
-1.317e+00
-1.317e+00
-1.317e+00
-1.317e+00
-1.317e+00
-1.317e+00
-1.317e+00
-1.336e+00
-1.302e+00
-1.317e+00
-1.317e+00
-1.317e+00
-1.317e+00
-1.317e+00
-1.317e+00
-1.317e+00
-1.317e+00
-1.317e+00
-1.317e+00
-1.317e+00
-1.317e+00
-1.317e+00
-1.317e+00
-1.317e+00
-1.317e+00
-1.317e+00
-1.317e+00
-1.317e+00
-1.336e+00
-1.302e+00
-1.317e+00
-1.317e+00
-1.317e+00
-1.317e+00
-1.317e+00
-1.317e+00
-1.317e+00
-1.317e+00
-1.317e+00
-1.317e+00
-1.317e+00
-1.317e+00
-1.317e+00
-1.317e+00
-1.317e+00
-1.317e+00
-1.317e+00
-1.317e+00
-1.317e+00
-1.336e+00
-1.302e+00
-1.317e+00
-1.317e+00
-1.317e+00
-1.317e+00
-1.317e+00
-1.317e+00
-1.317e+00
-1.317e+00
-1.317e+00
-1.317e+00
-1.317e+00
-1.317e+00
-1.317e+00
-1.317e+00
-1.317e+00
-1.317e+00
-1.317e+00
-1.317e+00
-1.317e+00
-1.336e+00
-1.302e+00
-1.317e+00
-1.317e+00
-1.317e+00
-1.317e+00
-1.317e+00
-1.317e+00
-1.317e+00
-1.317e+00
-1.317e+00
-1.317e+00
-1.317e+00
-1.317e+00
-1.317e+00
-1.317e+00
-1.317e+00
-1.317e+00
-1.317e+00
-1.317e+00
-1.317e+00
-1.336e+00
-1.302e+00
-1.317e+00
-1.317e+00
-1.317e+00
-1.317e+00
-1.317e+00
-1.317e+00
-1.317e+00
-1.317e+00
-1.317e+00
-1.317e+00
-1.317e+00
-1.317e+00
-1.317e+00
-1.317e+00
-1.317e+00
-1.317e+00
-1.317e+00
-1.317e+00
-1.317e+00
-1.336e+00
-1.302e+00
-1.317e+00
-1.317e+00
-1.317e+00
-1.317e+00
-1.317e+00
-1.317e+00
-1.317e+00
-1.317e+00
-1.317e+00
-1.317e+00
-1.317e+00
-1.317e+00
-1.317e+00
-1.317e+00
-1.317e+00
-1.317e+00
-1.317e+00
-1.317e+00
-1.317e+00
-1.336e+00
-1.317e+00
-1.336e+00
-1.336e+00
-1.336e+00
-1.336e+00
-1.336e+00
-1.336e+00
-1.336e+00
-1.336e+00
-1.336e+00
-1.336e+00
-1.336e+00
-1.336e+00
-1.336e+00
-1.336e+00
-1.336e+00
-1.336e+00
-1.336e+00
-1.336e+00
-1.336e+00
-1.339e+00
-1.166e+00
-1.166e+00
-1.166e+00
-1.166e+00
-1.166e+00
-1.166e+00
-1.166e+00
-1.166e+00
-1.166e+00
-1.166e+00
-1.166e+00
-1.166e+00
-1.166e+00
-1.166e+00
-1.166e+00
-1.166e+00
-1.166e+00
-1.166e+00
-1.166e+00
-1.166e+00
-1.166e+00
-1.166e+00
-1.166e+00
-1.166e+00
-1.166e+00
-1.166e+00
-1.166e+00
-1.166e+00
-1.166e+00
-1.166e+00
-1.166e+00
-1.166e+00
-1.166e+00
-1.166e+00
-1.166e+00
-1.166e+00
-1.166e+00
-1.166e+00
-1.166e+00
-1.166e+00
-1.166e+00
-1.166e+00
-1.166e+00
-1.166e+00
-1.166e+00
-1.166e+00
-1.166e+00
-1.166e+00
-1.166e+00
-1.166e+00
-1.166e+00
-1.166e+00
-1.166e+00
-1.166e+00
-1.166e+00
-1.166e+00
-1.166e+00
-1.166e+00
-1.166e+00
-1.166e+00
-1.166e+00
-1.166e+00
-1.166e+00
-1.166e+00
-1.166e+00
-1.166e+00
-1.166e+00
-1.166e+00
-1.166e+00
-1.166e+00
-1.166e+00
-1.166e+00
-1.166e+00
-1.166e+00
-1.166e+00
-1.166e+00
-1.166e+00
-1.166e+00
-1.166e+00
-1.166e+00
-1.166e+00
-1.166e+00
-1.166e+00
-1.166e+00
-1.166e+00
-1.166e+00
-1.166e+00
-1.166e+00
-1.166e+00
-1.166e+00
-1.166e+00
-1.166e+00
-1.166e+00
-1.166e+00
-1.166e+00
-1.166e+00
-1.166e+00
-1.166e+00
-1.166e+00
-1.166e+00
-1.166e+00
-1.166e+00
-1.166e+00
-1.166e+00
-1.166e+00
-1.166e+00
-1.166e+00
-1.166e+00
-1.166e+00
-1.166e+00
-1.166e+00
-1.166e+00
-1.166e+00
-1.166e+00
-1.166e+00
-1.166e+00
-1.166e+00
-1.166e+00
-1.166e+00
-1.166e+00
-1.166e+00
-1.166e+00
-1.166e+00
-1.166e+00
-1.166e+00
-1.166e+00
-1.166e+00
-1.166e+00
-1.166e+00
-1.166e+00
-1.166e+00
-1.166e+00
-1.166e+00
-1.166e+00
-1.166e+00
-1.166e+00
-1.166e+00
-1.166e+00
-1.166e+00
-1.166e+00
-1.166e+00
-1.166e+00
-1.166e+00
-1.166e+00
-1.166e+00
-1.166e+00
-1.166e+00
-1.166e+00
-1.166e+00
-1.166e+00
-1.166e+00
-1.166e+00
-1.166e+00
-1.166e+00
-1.166e+00
-1.166e+00
-1.166e+00
-1.166e+00
-1.166e+00
-1.166e+00
-1.166e+00
-1.166e+00
-1.166e+00
-1.166e+00
-1.166e+00
-1.166e+00
-1.166e+00
-1.166e+00
-1.166e+00
-1.166e+00
-1.166e+00
-1.166e+00
-1.166e+00
-1.166e+00
-1.166e+00
-1.166e+00
-1.166e+00
-1.166e+00
-1.166e+00
-1.166e+00
-1.166e+00
-1.166e+00
-1.166e+00
-1.166e+00
-1.166e+00
-1.166e+00
-1.166e+00
-1.166e+00
-1.166e+00
-1.166e+00
-1.166e+00
-1.166e+00
-1.166e+00
-1.166e+00
-1.166e+00
-1.166e+00
-1.166e+00
-1.166e+00
-1.166e+00
-1.166e+00
-1.166e+00
-1.166e+00
-1.166e+00
-1.166e+00
-1.166e+00
-1.166e+00
-1.166e+00
-1.166e+00
-1.166e+00
-1.166e+00
-1.136e+00
-1.136e+00
-1.136e+00
-1.136e+00
-1.136e+00
-1.136e+00
-1.136e+00
-1.136e+00
-1.136e+00
-1.136e+00
-1.136e+00
-1.136e+00
-1.136e+00
-1.136e+00
-1.136e+00
-1.136e+00
-1.136e+00
-1.136e+00
-1.136e+00
-1.136e+00
-1.136e+00
-1.136e+00
-1.136e+00
-1.136e+00
-1.136e+00
-1.136e+00
-1.136e+00
-1.136e+00
-1.136e+00
-1.136e+00
-1.136e+00
-1.136e+00
-1.136e+00
-1.136e+00
-1.136e+00
-1.136e+00
-1.136e+00
-1.136e+00
-1.136e+00
-1.136e+00
-1.136e+00
-1.136e+00
-1.136e+00
-1.136e+00
-1.136e+00
-1.136e+00
-1.136e+00
-1.136e+00
-1.136e+00
-1.136e+00
-1.136e+00
-1.136e+00
-1.136e+00
-1.136e+00
-1.136e+00
-1.136e+00
-1.136e+00
-1.136e+00
-1.136e+00
-1.136e+00
-1.136e+00
-1.136e+00
-1.136e+00
-1.136e+00
-1.136e+00
-1.136e+00
-1.136e+00
-1.136e+00
-1.136e+00
-1.136e+00
-1.136e+00
-1.136e+00
-1.136e+00
-1.136e+00
-1.136e+00
-1.136e+00
-1.136e+00
-1.136e+00
-1.136e+00
-1.136e+00
-1.136e+00
-1.136e+00
-1.136e+00
-1.136e+00
-1.136e+00
-1.136e+00
-1.136e+00
-1.136e+00
-1.136e+00
-1.136e+00
-1.136e+00
-1.136e+00
-1.136e+00
-1.136e+00
-1.136e+00
-1.136e+00
-1.136e+00
-1.136e+00
-1.136e+00
-1.136e+00
-1.136e+00
-1.136e+00
-1.136e+00
-1.136e+00
-1.136e+00
-1.136e+00
-1.136e+00
-1.136e+00
-1.136e+00
-1.136e+00
-1.136e+00
-1.136e+00
-1.136e+00
-1.136e+00
-1.136e+00
-1.136e+00
-1.136e+00
-1.136e+00
-1.136e+00
-1.136e+00
-1.136e+00
-1.136e+00
-1.136e+00
-1.136e+00
-1.136e+00
-1.136e+00
-1.136e+00
-1.136e+00
-1.136e+00
-1.136e+00
-1.136e+00
-1.136e+00
-1.136e+00
-1.136e+00
-1.136e+00
-1.136e+00
-1.136e+00
-1.136e+00
-1.136e+00
-1.136e+00
-1.136e+00
-1.136e+00
-1.136e+00
-1.136e+00
-1.136e+00
-1.136e+00
-1.136e+00
-1.136e+00
-1.136e+00
-1.136e+00
-1.136e+00
-1.136e+00
-1.136e+00
-1.136e+00
-1.136e+00
-1.136e+00
-1.136e+00
-1.136e+00
-1.136e+00
-1.136e+00
-1.136e+00
-1.136e+00
-1.136e+00
-1.136e+00
-1.136e+00
-1.136e+00
-1.136e+00
-1.136e+00
-1.136e+00
-1.136e+00
-1.136e+00
-1.136e+00
-1.136e+00
-1.136e+00
-1.136e+00
-1.136e+00
-1.136e+00
-1.136e+00
-1.136e+00
-1.136e+00
-1.136e+00
-1.136e+00
-1.136e+00
-1.136e+00
-1.136e+00
-1.136e+00
-1.136e+00
-1.136e+00
-1.136e+00
-1.136e+00
-1.136e+00
-1.136e+00
-1.136e+00
-1.136e+00
-1.136e+00
-1.136e+00
-1.136e+00
-1.136e+00
-1.136e+00
-1.136e+00
-1.136e+00
-1.136e+00
-1.136e+00
-1.136e+00
-1.136e+00
-1.136e+00
-1.136e+00
-1.136e+00
-1.136e+00
-1.136e+00
-1.136e+00
-1.136e+00
-1.136e+00
-1.136e+00
-1.136e+00
-1.136e+00
-1.136e+00
-1.136e+00
-1.136e+00
-1.136e+00
-1.136e+00
-1.136e+00
-1.136e+00
-1.136e+00
-1.136e+00
-1.136e+00
-1.136e+00
-1.136e+00
-1.136e+00
-1.136e+00
-1.136e+00
-8.420e-01
-8.435e-01
-8.435e-01
-8.435e-01
-8.435e-01
-8.435e-01
-8.435e-01
-8.435e-01
-8.435e-01
-8.435e-01
-8.435e-01
-8.435e-01
-8.435e-01
-8.435e-01
-8.435e-01
-8.435e-01
-8.435e-01
-8.435e-01
-8.435e-01
-8.433e-01
-8.453e-01
-8.435e-01
-8.453e-01
-8.453e-01
-8.453e-01
-8.453e-01
-8.453e-01
-8.453e-01
-8.453e-01
-8.453e-01
-8.453e-01
-8.453e-01
-8.453e-01
-8.453e-01
-8.453e-01
-8.453e-01
-8.453e-01
-8.453e-01
-8.453e-01
-8.453e-01
-8.453e-01
-8.467e-01
-8.435e-01
-8.453e-01
-8.453e-01
-8.453e-01
-8.453e-01
-8.453e-01
-8.453e-01
-8.453e-01
-8.453e-01
-8.453e-01
-8.453e-01
-8.453e-01
-8.453e-01
-8.453e-01
-8.453e-01
-8.453e-01
-8.453e-01
-8.453e-01
-8.453e-01
-8.453e-01
-8.467e-01
-8.435e-01
-8.453e-01
-8.453e-01
-8.453e-01
-8.453e-01
-8.453e-01
-8.453e-01
-8.453e-01
-8.453e-01
-8.453e-01
-8.453e-01
-8.453e-01
-8.453e-01
-8.453e-01
-8.453e-01
-8.453e-01
-8.453e-01
-8.453e-01
-8.453e-01
-8.453e-01
-8.467e-01
-8.435e-01
-8.453e-01
-8.453e-01
-8.453e-01
-8.453e-01
-8.453e-01
-8.453e-01
-8.453e-01
-8.453e-01
-8.453e-01
-8.453e-01
-8.453e-01
-8.453e-01
-8.453e-01
-8.453e-01
-8.453e-01
-8.453e-01
-8.453e-01
-8.453e-01
-8.453e-01
-8.467e-01
-8.435e-01
-8.453e-01
-8.453e-01
-8.453e-01
-8.453e-01
-8.453e-01
-8.453e-01
-8.453e-01
-8.453e-01
-8.453e-01
-8.453e-01
-8.453e-01
-8.453e-01
-8.453e-01
-8.453e-01
-8.453e-01
-8.453e-01
-8.453e-01
-8.453e-01
-8.453e-01
-8.467e-01
-8.435e-01
-8.453e-01
-8.453e-01
-8.453e-01
-8.453e-01
-8.453e-01
-8.453e-01
-8.453e-01
-8.453e-01
-8.453e-01
-8.453e-01
-8.453e-01
-8.453e-01
-8.453e-01
-8.453e-01
-8.453e-01
-8.453e-01
-8.453e-01
-8.453e-01
-8.453e-01
-8.467e-01
-8.435e-01
-8.453e-01
-8.453e-01
-8.453e-01
-8.453e-01
-8.453e-01
-8.453e-01
-8.453e-01
-8.453e-01
-8.453e-01
-8.453e-01
-8.453e-01
-8.453e-01
-8.453e-01
-8.453e-01
-8.453e-01
-8.453e-01
-8.453e-01
-8.453e-01
-8.453e-01
-8.467e-01
-8.435e-01
-8.453e-01
-8.453e-01
-8.453e-01
-8.453e-01
-8.453e-01
-8.453e-01
-8.453e-01
-8.453e-01
-8.453e-01
-8.453e-01
-8.453e-01
-8.453e-01
-8.453e-01
-8.453e-01
-8.453e-01
-8.453e-01
-8.453e-01
-8.453e-01
-8.453e-01
-8.467e-01
-8.434e-01
-8.454e-01
-8.454e-01
-8.454e-01
-8.454e-01
-8.454e-01
-8.454e-01
-8.454e-01
-8.454e-01
-8.454e-01
-8.454e-01
-8.454e-01
-8.454e-01
-8.454e-01
-8.454e-01
-8.454e-01
-8.454e-01
-8.454e-01
-8.454e-01
-8.454e-01
-8.469e-01
-8.600e-01
-8.600e-01
-8.600e-01
-8.600e-01
-8.600e-01
-8.600e-01
-8.600e-01
-8.600e-01
-8.600e-01
-8.600e-01
-8.600e-01
-8.600e-01
-8.600e-01
-8.600e-01
-8.600e-01
-8.600e-01
-8.600e-01
-8.600e-01
-8.600e-01
-8.600e-01
-8.599e-01
-8.600e-01
-8.600e-01
-8.600e-01
-8.600e-01
-8.600e-01
-8.600e-01
-8.600e-01
-8.600e-01
-8.600e-01
-8.600e-01
-8.600e-01
-8.600e-01
-8.600e-01
-8.600e-01
-8.600e-01
-8.600e-01
-8.600e-01
-8.600e-01
-8.600e-01
-8.600e-01
-8.600e-01
-8.600e-01
-8.600e-01
-8.600e-01
-8.600e-01
-8.600e-01
-8.600e-01
-8.600e-01
-8.600e-01
-8.600e-01
-8.600e-01
-8.600e-01
-8.600e-01
-8.600e-01
-8.600e-01
-8.600e-01
-8.600e-01
-8.600e-01
-8.600e-01
-8.600e-01
-8.600e-01
-8.600e-01
-8.600e-01
-8.600e-01
-8.600e-01
-8.600e-01
-8.600e-01
-8.600e-01
-8.600e-01
-8.600e-01
-8.600e-01
-8.600e-01
-8.600e-01
-8.600e-01
-8.600e-01
-8.600e-01
-8.600e-01
-8.600e-01
-8.600e-01
-8.600e-01
-8.600e-01
-8.600e-01
-8.600e-01
-8.600e-01
-8.600e-01
-8.600e-01
-8.600e-01
-8.600e-01
-8.600e-01
-8.600e-01
-8.600e-01
-8.600e-01
-8.600e-01
-8.600e-01
-8.600e-01
-8.600e-01
-8.600e-01
-8.600e-01
-8.600e-01
-8.600e-01
-8.600e-01
-8.600e-01
-8.600e-01
-8.600e-01
-8.600e-01
-8.600e-01
-8.600e-01
-8.600e-01
-8.600e-01
-8.600e-01
-8.600e-01
-8.600e-01
-8.600e-01
-8.600e-01
-8.600e-01
-8.600e-01
-8.600e-01
-8.600e-01
-8.600e-01
-8.600e-01
-8.600e-01
-8.600e-01
-8.600e-01
-8.600e-01
-8.600e-01
-8.600e-01
-8.600e-01
-8.600e-01
-8.600e-01
-8.600e-01
-8.600e-01
-8.600e-01
-8.600e-01
-8.600e-01
-8.600e-01
-8.600e-01
-8.600e-01
-8.600e-01
-8.600e-01
-8.600e-01
-8.600e-01
-8.600e-01
-8.600e-01
-8.600e-01
-8.600e-01
-8.600e-01
-8.600e-01
-8.600e-01
-8.600e-01
-8.600e-01
-8.600e-01
-8.600e-01
-8.600e-01
-8.600e-01
-8.600e-01
-8.600e-01
-8.600e-01
-8.600e-01
-8.600e-01
-8.600e-01
-8.600e-01
-8.600e-01
-8.600e-01
-8.600e-01
-8.600e-01
-8.600e-01
-8.600e-01
-8.600e-01
-8.600e-01
-8.600e-01
-8.600e-01
-8.600e-01
-8.600e-01
-8.600e-01
-8.600e-01
-8.600e-01
-8.600e-01
-8.600e-01
-8.600e-01
-8.600e-01
-8.600e-01
-8.600e-01
-8.600e-01
-8.600e-01
-8.600e-01
-8.600e-01
-8.600e-01
-8.600e-01
-8.600e-01
-8.600e-01
-8.600e-01
-8.600e-01
-8.600e-01
-8.600e-01
-8.600e-01
-8.600e-01
-8.600e-01
-8.600e-01
-8.600e-01
-8.600e-01
-8.600e-01
-8.600e-01
-8.600e-01
-8.600e-01
-8.600e-01
-8.600e-01
-8.600e-01
-8.600e-01
-8.600e-01
-8.600e-01
-8.600e-01
-8.600e-01
-8.600e-01
-8.600e-01
-8.600e-01
-8.600e-01
-8.600e-01
-8.600e-01
-8.600e-01
-8.600e-01
-8.600e-01
-8.600e-01
-8.600e-01
-8.600e-01
-8.600e-01
-8.600e-01
-8.600e-01
-8.600e-01
-8.600e-01
-8.600e-01
-2.594e-01
-2.595e-01
-2.595e-01
-2.595e-01
-2.595e-01
-2.595e-01
-2.595e-01
-2.595e-01
-2.595e-01
-2.595e-01
-2.595e-01
-2.595e-01
-2.595e-01
-2.594e-01
-2.594e-01
-2.594e-01
-2.594e-01
-2.594e-01
-2.594e-01
-2.595e-01
-2.595e-01
-2.595e-01
-2.595e-01
-2.595e-01
-2.595e-01
-2.595e-01
-2.595e-01
-2.595e-01
-2.595e-01
-2.595e-01
-2.595e-01
-2.595e-01
-2.595e-01
-2.595e-01
-2.595e-01
-2.595e-01
-2.595e-01
-2.595e-01
-2.595e-01
-2.595e-01
-2.595e-01
-2.595e-01
-2.595e-01
-2.595e-01
-2.595e-01
-2.595e-01
-2.595e-01
-2.595e-01
-2.595e-01
-2.595e-01
-2.595e-01
-2.595e-01
-2.595e-01
-2.595e-01
-2.595e-01
-2.595e-01
-2.595e-01
-2.595e-01
-2.595e-01
-2.595e-01
-2.595e-01
-2.595e-01
-2.595e-01
-2.595e-01
-2.595e-01
-2.595e-01
-2.595e-01
-2.595e-01
-2.595e-01
-2.595e-01
-2.595e-01
-2.595e-01
-2.595e-01
-2.595e-01
-2.595e-01
-2.595e-01
-2.595e-01
-2.595e-01
-2.595e-01
-2.595e-01
-2.595e-01
-2.595e-01
-2.595e-01
-2.595e-01
-2.595e-01
-2.595e-01
-2.595e-01
-2.595e-01
-2.595e-01
-2.595e-01
-2.595e-01
-2.595e-01
-2.595e-01
-2.595e-01
-2.595e-01
-2.595e-01
-2.595e-01
-2.595e-01
-2.595e-01
-2.595e-01
-2.595e-01
-2.595e-01
-2.595e-01
-2.595e-01
-2.595e-01
-2.595e-01
-2.595e-01
-2.595e-01
-2.595e-01
-2.595e-01
-2.595e-01
-2.595e-01
-2.595e-01
-2.595e-01
-2.595e-01
-2.595e-01
-2.595e-01
-2.595e-01
-2.595e-01
-2.595e-01
-2.595e-01
-2.595e-01
-2.595e-01
-2.595e-01
-2.595e-01
-2.595e-01
-2.595e-01
-2.595e-01
-2.595e-01
-2.595e-01
-2.595e-01
-2.595e-01
-2.595e-01
-2.595e-01
-2.595e-01
-2.595e-01
-2.595e-01
-2.595e-01
-2.595e-01
-2.595e-01
-2.595e-01
-2.595e-01
-2.595e-01
-2.595e-01
-2.595e-01
-2.595e-01
-2.595e-01
-2.596e-01
-2.596e-01
-2.596e-01
-2.596e-01
-2.596e-01
-2.596e-01
-2.596e-01
-2.596e-01
-2.596e-01
-2.596e-01
-2.596e-01
-2.596e-01
-2.596e-01
-2.596e-01
-2.596e-01
-2.596e-01
-2.596e-01
-2.596e-01
-2.596e-01
-2.596e-01
-2.596e-01
-2.596e-01
-2.596e-01
-2.596e-01
-2.596e-01
-2.596e-01
-2.596e-01
-2.596e-01
-2.596e-01
-2.596e-01
-2.596e-01
-2.596e-01
-2.596e-01
-2.596e-01
-2.596e-01
-2.596e-01
-2.596e-01
-2.596e-01
-2.596e-01
-2.596e-01
-2.596e-01
-2.596e-01
-2.596e-01
-2.596e-01
-2.596e-01
-2.596e-01
-2.596e-01
-2.596e-01
-2.596e-01
-2.596e-01
-2.596e-01
-2.596e-01
-2.596e-01
-2.596e-01
-2.596e-01
-2.596e-01
-2.596e-01
-2.596e-01
-2.596e-01
-2.596e-01
-2.596e-01
-2.596e-01
-2.596e-01
-2.597e-01
-2.597e-01
-2.597e-01
-2.597e-01
-2.597e-01
-2.597e-01
-2.597e-01
-2.597e-01
-2.597e-01
-2.597e-01
-2.597e-01
-2.597e-01
-2.597e-01
-2.597e-01
-2.597e-01
-2.597e-01
-2.597e-01
-2.597e-01
-2.597e-01
-2.597e-01
-2.597e-01
-2.597e-01
-2.597e-01
-2.597e-01
-2.597e-01
-2.597e-01
-2.597e-01
-2.597e-01
-2.597e-01
-2.597e-01
-2.597e-01
-2.597e-01
-2.597e-01
-2.597e-01
-2.597e-01
-2.597e-01
-2.597e-01
-2.597e-01
-2.597e-01
-2.597e-01
-2.597e-01
-2.597e-01
-2.598e-01
-2.598e-01
-2.598e-01
-2.598e-01
-2.598e-01
-2.598e-01
-2.598e-01
-2.598e-01
-2.598e-01
-2.598e-01
-2.598e-01
-2.598e-01
-2.598e-01
-2.598e-01
-2.598e-01
-2.598e-01
-2.598e-01
-2.598e-01
-2.598e-01
-2.598e-01
-2.598e-01
-2.598e-01
-2.598e-01
-2.598e-01
-2.598e-01
-2.598e-01
-2.598e-01
-2.598e-01
-2.598e-01
-2.598e-01
-2.598e-01
-2.598e-01
-2.598e-01
-2.598e-01
-2.598e-01
-2.598e-01
-2.598e-01
-2.598e-01
-2.598e-01
-2.598e-01
-2.598e-01
-2.598e-01
-2.598e-01
-2.598e-01
-2.598e-01
-2.598e-01
-2.598e-01
-2.598e-01
-2.598e-01
-2.598e-01
-2.598e-01
-2.598e-01
-2.598e-01
-2.598e-01
-2.598e-01
-2.598e-01
-2.598e-01
-2.598e-01
-2.598e-01
-2.598e-01
-2.598e-01
-2.598e-01
-2.598e-01
-2.598e-01
-2.598e-01
-2.598e-01
-2.598e-01
-2.598e-01
-2.598e-01
-2.598e-01
-2.598e-01
-2.598e-01
-2.598e-01
-2.598e-01
-2.598e-01
-2.598e-01
-2.598e-01
-2.598e-01
-2.598e-01
-2.598e-01
-2.598e-01
-2.598e-01
-2.598e-01
-2.598e-01
-2.599e-01
-2.599e-01
-2.599e-01
-2.599e-01
-2.599e-01
-2.599e-01
-2.599e-01
-2.599e-01
-2.599e-01
-2.599e-01
-2.599e-01
-2.598e-01
-2.598e-01
-2.598e-01
-2.598e-01
-2.598e-01
-2.598e-01
-2.598e-01
-2.598e-01
-2.598e-01
-2.598e-01
-2.599e-01
-2.599e-01
-2.599e-01
-2.599e-01
-2.599e-01
-2.599e-01
-2.599e-01
-2.599e-01
-2.599e-01
-2.599e-01
-2.599e-01
-2.599e-01
-2.599e-01
-2.599e-01
-2.599e-01
-2.599e-01
-2.599e-01
-2.599e-01
-2.599e-01
-2.599e-01
-2.599e-01
-2.599e-01
-2.599e-01
-2.599e-01
-2.599e-01
-2.599e-01
-2.599e-01
-2.599e-01
-2.599e-01
-2.599e-01
-2.599e-01
-2.599e-01
-2.599e-01
-2.599e-01
-2.599e-01
-2.599e-01
-2.599e-01
-2.599e-01
-2.599e-01
-2.599e-01
-2.599e-01
-2.599e-01
-2.599e-01
-2.599e-01
-2.599e-01
-2.599e-01
-2.599e-01
-2.599e-01
-2.599e-01
-2.599e-01
-2.599e-01
-2.599e-01
-2.599e-01
-2.599e-01
-2.599e-01
-2.599e-01
-2.599e-01
-2.599e-01
-2.599e-01
-2.599e-01
-2.599e-01
-2.595e-01
-2.595e-01
-2.599e-01
-2.599e-01
-2.599e-01
-2.599e-01
-2.599e-01
-2.599e-01
-2.599e-01
-2.599e-01
-2.599e-01
-2.599e-01
-2.599e-01
-2.599e-01
-2.599e-01
-2.599e-01
-2.599e-01
-2.599e-01
-2.599e-01
-2.599e-01
-2.599e-01
-2.595e-01
-2.589e-01
3.405e-01
3.405e-01
3.405e-01
3.405e-01
3.405e-01
3.405e-01
3.405e-01
3.405e-01
3.405e-01
3.405e-01
3.405e-01
3.405e-01
3.405e-01
3.405e-01
3.405e-01
3.405e-01
3.405e-01
3.405e-01
3.405e-01
3.405e-01
3.405e-01
3.405e-01
3.405e-01
3.405e-01
3.405e-01
3.405e-01
3.405e-01
3.405e-01
3.405e-01
3.405e-01
3.405e-01
3.405e-01
3.405e-01
3.405e-01
3.405e-01
3.405e-01
3.405e-01
3.405e-01
3.405e-01
3.405e-01
3.405e-01
3.405e-01
3.405e-01
3.405e-01
3.405e-01
3.405e-01
3.405e-01
3.405e-01
3.405e-01
3.405e-01
3.405e-01
3.405e-01
3.405e-01
3.405e-01
3.405e-01
3.405e-01
3.405e-01
3.405e-01
3.405e-01
3.405e-01
3.405e-01
3.405e-01
3.405e-01
3.405e-01
3.405e-01
3.405e-01
3.405e-01
3.405e-01
3.405e-01
3.405e-01
3.405e-01
3.405e-01
3.405e-01
3.405e-01
3.405e-01
3.405e-01
3.405e-01
3.405e-01
3.405e-01
3.405e-01
3.405e-01
3.405e-01
3.405e-01
3.405e-01
3.405e-01
3.405e-01
3.405e-01
3.405e-01
3.405e-01
3.405e-01
3.405e-01
3.405e-01
3.405e-01
3.405e-01
3.405e-01
3.405e-01
3.405e-01
3.405e-01
3.405e-01
3.405e-01
3.405e-01
3.405e-01
3.405e-01
3.405e-01
3.405e-01
3.405e-01
3.405e-01
3.405e-01
3.405e-01
3.405e-01
3.405e-01
3.405e-01
3.405e-01
3.405e-01
3.405e-01
3.405e-01
3.405e-01
3.405e-01
3.405e-01
3.405e-01
3.405e-01
3.405e-01
3.405e-01
3.405e-01
3.405e-01
3.405e-01
3.404e-01
3.405e-01
3.405e-01
3.405e-01
3.405e-01
3.405e-01
3.405e-01
3.405e-01
3.405e-01
3.405e-01
3.405e-01
3.405e-01
3.405e-01
3.405e-01
3.405e-01
3.405e-01
3.405e-01
3.405e-01
3.405e-01
3.405e-01
3.405e-01
3.404e-01
3.404e-01
3.404e-01
3.404e-01
3.404e-01
3.404e-01
3.404e-01
3.404e-01
3.404e-01
3.404e-01
3.404e-01
3.404e-01
3.404e-01
3.404e-01
3.404e-01
3.404e-01
3.404e-01
3.404e-01
3.404e-01
3.404e-01
3.404e-01
3.404e-01
3.404e-01
3.404e-01
3.404e-01
3.404e-01
3.404e-01
3.404e-01
3.404e-01
3.404e-01
3.404e-01
3.404e-01
3.404e-01
3.404e-01
3.404e-01
3.404e-01
3.404e-01
3.404e-01
3.404e-01
3.404e-01
3.404e-01
3.404e-01
3.404e-01
3.404e-01
3.404e-01
3.404e-01
3.404e-01
3.404e-01
3.404e-01
3.404e-01
3.404e-01
3.404e-01
3.404e-01
3.404e-01
3.404e-01
3.404e-01
3.404e-01
3.404e-01
3.404e-01
3.404e-01
3.404e-01
3.404e-01
3.404e-01
3.403e-01
3.403e-01
3.403e-01
3.403e-01
3.403e-01
3.403e-01
3.403e-01
3.403e-01
3.403e-01
3.403e-01
3.403e-01
3.403e-01
3.403e-01
3.403e-01
3.403e-01
3.403e-01
3.403e-01
3.403e-01
3.403e-01
3.403e-01
3.403e-01
3.403e-01
3.403e-01
3.403e-01
3.403e-01
3.403e-01
3.403e-01
3.403e-01
3.403e-01
3.403e-01
3.403e-01
3.403e-01
3.403e-01
3.403e-01
3.403e-01
3.403e-01
3.403e-01
3.403e-01
3.403e-01
3.403e-01
3.403e-01
3.403e-01
3.403e-01
3.402e-01
3.402e-01
3.403e-01
3.403e-01
3.403e-01
3.403e-01
3.403e-01
3.403e-01
3.403e-01
3.403e-01
3.403e-01
3.403e-01
3.403e-01
3.403e-01
3.403e-01
3.403e-01
3.403e-01
3.403e-01
3.403e-01
3.403e-01
3.402e-01
3.402e-01
3.402e-01
3.402e-01
3.402e-01
3.402e-01
3.402e-01
3.402e-01
3.402e-01
3.402e-01
3.402e-01
3.402e-01
3.402e-01
3.402e-01
3.402e-01
3.402e-01
3.402e-01
3.402e-01
3.402e-01
3.402e-01
3.402e-01
3.402e-01
3.402e-01
3.402e-01
3.402e-01
3.402e-01
3.402e-01
3.402e-01
3.402e-01
3.402e-01
3.402e-01
3.402e-01
3.402e-01
3.402e-01
3.402e-01
3.402e-01
3.402e-01
3.402e-01
3.402e-01
3.402e-01
3.402e-01
3.402e-01
3.402e-01
3.402e-01
3.402e-01
3.402e-01
3.402e-01
3.402e-01
3.402e-01
3.402e-01
3.402e-01
3.402e-01
3.402e-01
3.402e-01
3.402e-01
3.402e-01
3.402e-01
3.402e-01
3.402e-01
3.402e-01
3.402e-01
3.402e-01
3.402e-01
3.402e-01
3.402e-01
3.402e-01
3.402e-01
3.402e-01
3.402e-01
3.402e-01
3.402e-01
3.402e-01
3.402e-01
3.402e-01
3.402e-01
3.402e-01
3.402e-01
3.402e-01
3.402e-01
3.402e-01
3.402e-01
3.402e-01
3.402e-01
3.402e-01
3.401e-01
3.401e-01
3.401e-01
3.401e-01
3.401e-01
3.401e-01
3.401e-01
3.401e-01
3.401e-01
3.402e-01
3.402e-01
3.402e-01
3.402e-01
3.402e-01
3.402e-01
3.402e-01
3.402e-01
3.402e-01
3.402e-01
3.402e-01
3.402e-01
3.401e-01
3.401e-01
3.401e-01
3.401e-01
3.401e-01
3.401e-01
3.401e-01
3.401e-01
3.401e-01
3.401e-01
3.401e-01
3.401e-01
3.401e-01
3.401e-01
3.401e-01
3.401e-01
3.401e-01
3.401e-01
3.401e-01
3.401e-01
3.401e-01
3.401e-01
3.401e-01
3.401e-01
3.401e-01
3.401e-01
3.401e-01
3.401e-01
3.401e-01
3.401e-01
3.401e-01
3.401e-01
3.401e-01
3.401e-01
3.401e-01
3.401e-01
3.401e-01
3.401e-01
3.401e-01
3.401e-01
3.405e-01
3.405e-01
3.401e-01
3.401e-01
3.401e-01
3.401e-01
3.401e-01
3.401e-01
3.401e-01
3.401e-01
3.401e-01
3.401e-01
3.401e-01
3.401e-01
3.401e-01
3.401e-01
3.401e-01
3.401e-01
3.401e-01
3.401e-01
3.401e-01
3.405e-01
3.411e-01
1.001e+00
1.001e+00
1.001e+00
1.001e+00
1.001e+00
1.001e+00
1.001e+00
1.001e+00
1.001e+00
1.001e+00
1.001e+00
1.001e+00
1.001e+00
1.001e+00
1.001e+00
1.001e+00
1.001e+00
1.001e+00
1.001e+00
1.001e+00
1.001e+00
1.001e+00
1.001e+00
1.001e+00
1.001e+00
1.001e+00
1.001e+00
1.001e+00
1.001e+00
1.001e+00
1.001e+00
1.001e+00
1.001e+00
1.001e+00
1.001e+00
1.001e+00
1.001e+00
1.001e+00
1.001e+00
1.001e+00
1.001e+00
1.001e+00
1.001e+00
1.001e+00
1.001e+00
1.001e+00
1.001e+00
1.001e+00
1.001e+00
1.001e+00
1.001e+00
1.001e+00
1.001e+00
1.001e+00
1.001e+00
1.001e+00
1.001e+00
1.001e+00
1.001e+00
1.001e+00
1.001e+00
1.001e+00
1.001e+00
1.001e+00
1.001e+00
1.001e+00
1.001e+00
1.001e+00
1.001e+00
1.001e+00
1.001e+00
1.001e+00
1.001e+00
1.001e+00
1.001e+00
1.001e+00
1.001e+00
1.001e+00
1.001e+00
1.001e+00
1.001e+00
1.001e+00
1.001e+00
1.001e+00
1.000e+00
1.000e+00
1.000e+00
1.000e+00
1.000e+00
1.000e+00
1.000e+00
1.000e+00
1.000e+00
1.000e+00
1.000e+00
1.000e+00
1.000e+00
1.000e+00
1.000e+00
1.000e+00
1.000e+00
1.000e+00
1.000e+00
1.000e+00
1.000e+00
1.000e+00
1.000e+00
1.000e+00
1.000e+00
1.000e+00
1.000e+00
1.000e+00
1.000e+00
1.000e+00
1.000e+00
1.000e+00
1.000e+00
1.000e+00
1.000e+00
1.000e+00
1.000e+00
1.000e+00
1.000e+00
1.000e+00
1.000e+00
1.000e+00
1.000e+00
1.000e+00
1.000e+00
1.000e+00
1.000e+00
1.000e+00
1.000e+00
1.000e+00
1.000e+00
1.000e+00
1.000e+00
1.000e+00
1.000e+00
1.000e+00
1.000e+00
1.000e+00
1.000e+00
1.000e+00
1.000e+00
1.000e+00
1.000e+00
1.000e+00
1.000e+00
1.000e+00
1.000e+00
1.000e+00
1.000e+00
1.000e+00
1.000e+00
1.000e+00
1.000e+00
1.000e+00
1.000e+00
1.000e+00
1.000e+00
1.000e+00
1.000e+00
1.000e+00
1.000e+00
1.000e+00
1.000e+00
1.000e+00
1.000e+00
1.000e+00
1.000e+00
1.000e+00
1.000e+00
1.000e+00
1.000e+00
1.000e+00
1.000e+00
1.000e+00
1.000e+00
1.000e+00
1.000e+00
1.000e+00
1.000e+00
1.000e+00
1.000e+00
1.000e+00
1.000e+00
1.000e+00
1.000e+00
1.000e+00
1.000e+00
1.000e+00
1.000e+00
1.000e+00
1.000e+00
1.000e+00
1.000e+00
1.000e+00
1.000e+00
1.000e+00
1.000e+00
1.000e+00
1.000e+00
1.000e+00
1.000e+00
1.000e+00
1.000e+00
1.000e+00
1.000e+00
1.000e+00
1.000e+00
1.000e+00
1.000e+00
1.000e+00
1.000e+00
1.000e+00
1.000e+00
1.000e+00
1.000e+00
1.000e+00
1.000e+00
1.000e+00
1.000e+00
1.000e+00
1.000e+00
1.000e+00
1.000e+00
1.000e+00
1.000e+00
1.000e+00
1.000e+00
1.000e+00
1.000e+00
1.000e+00
1.000e+00
1.000e+00
1.000e+00
1.000e+00
1.000e+00
1.000e+00
1.000e+00
1.000e+00
1.000e+00
1.000e+00
1.000e+00
1.000e+00
1.000e+00
1.000e+00
1.000e+00
1.000e+00
1.000e+00
1.000e+00
1.000e+00
1.000e+00
1.000e+00
1.000e+00
1.000e+00
1.000e+00
1.000e+00
1.000e+00
1.000e+00
1.000e+00
1.000e+00
1.000e+00
1.000e+00
1.000e+00
1.000e+00
1.000e+00
1.000e+00
1.000e+00
1.000e+00
1.000e+00
1.000e+00
1.000e+00
1.000e+00
1.000e+00
1.000e+00
1.000e+00
1.000e+00
1.000e+00
1.000e+00
1.000e+00
1.000e+00
1.000e+00
1.000e+00
1.000e+00
1.000e+00
1.000e+00
1.000e+00
1.000e+00
1.000e+00
1.000e+00
1.000e+00
1.000e+00
1.000e+00
1.000e+00
1.000e+00
1.000e+00
1.000e+00
1.000e+00
1.000e+00
1.000e+00
1.000e+00
1.000e+00
1.000e+00
1.000e+00
1.000e+00
1.000e+00
1.000e+00
1.000e+00
1.000e+00
1.000e+00
1.000e+00
1.000e+00
1.000e+00
1.000e+00
1.000e+00
1.000e+00
1.000e+00
1.000e+00
1.000e+00
1.000e+00
1.000e+00
1.000e+00
1.000e+00
1.000e+00
1.000e+00
1.000e+00
1.000e+00
1.000e+00
1.000e+00
1.000e+00
1.000e+00
1.000e+00
1.000e+00
1.000e+00
1.000e+00
1.000e+00
1.000e+00
1.000e+00
1.000e+00
1.000e+00
1.000e+00
1.000e+00
1.000e+00
1.000e+00
1.000e+00
1.000e+00
1.000e+00
1.000e+00
1.000e+00
1.000e+00
1.000e+00
1.000e+00
1.000e+00
1.000e+00
1.000e+00
1.000e+00
1.000e+00
1.000e+00
1.000e+00
1.000e+00
1.000e+00
1.000e+00
1.000e+00
1.000e+00
1.000e+00
1.000e+00
1.000e+00
1.000e+00
1.000e+00
1.000e+00
1.000e+00
1.000e+00
1.000e+00
1.000e+00
1.000e+00
1.000e+00
1.000e+00
1.000e+00
1.000e+00
1.000e+00
1.000e+00
1.000e+00
1.000e+00
1.000e+00
1.000e+00
1.000e+00
1.000e+00
1.000e+00
1.000e+00
1.000e+00
1.000e+00
1.000e+00
1.000e+00
1.000e+00
1.000e+00
1.000e+00
1.000e+00
1.000e+00
1.000e+00
1.000e+00
1.000e+00
1.000e+00
1.000e+00
1.000e+00
1.000e+00
1.000e+00
1.000e+00
1.000e+00
1.000e+00
1.000e+00
1.000e+00
1.000e+00
1.000e+00
1.000e+00
1.000e+00
1.000e+00
1.000e+00
1.000e+00
1.000e+00
1.000e+00
1.000e+00
1.000e+00
1.000e+00
1.000e+00
1.000e+00
1.000e+00
1.000e+00
1.000e+00
1.000e+00
1.000e+00
1.000e+00
1.000e+00
1.000e+00
1.000e+00
1.000e+00
1.000e+00
1.000e+00
1.000e+00
1.001e+00
