1	0	INDP	IPOND
-7.287e+01
-3.840e+01
-3.810e+01
-3.810e+01
-3.810e+01
-3.810e+01
-3.810e+01
-3.810e+01
-3.810e+01
-3.810e+01
-3.810e+01
-3.810e+01
-3.810e+01
-3.810e+01
-3.810e+01
-3.810e+01
-3.810e+01
-3.810e+01
-3.807e+01
-3.235e+01
-1.427e+01
-3.840e+01
-1.434e+01
-1.432e+01
-1.432e+01
-1.432e+01
-1.432e+01
-1.432e+01
-1.432e+01
-1.432e+01
-1.432e+01
-1.432e+01
-1.432e+01
-1.432e+01
-1.432e+01
-1.432e+01
-1.432e+01
-1.432e+01
-1.432e+01
-1.432e+01
-1.429e+01
-8.795e+00
-3.810e+01
-1.432e+01
-1.431e+01
-1.431e+01
-1.431e+01
-1.431e+01
-1.431e+01
-1.431e+01
-1.431e+01
-1.431e+01
-1.431e+01
-1.431e+01
-1.431e+01
-1.431e+01
-1.431e+01
-1.431e+01
-1.431e+01
-1.431e+01
-1.431e+01
-1.427e+01
-8.849e+00
-3.810e+01
-1.432e+01
-1.431e+01
-1.431e+01
-1.431e+01
-1.431e+01
-1.431e+01
-1.431e+01
-1.431e+01
-1.431e+01
-1.431e+01
-1.431e+01
-1.431e+01
-1.431e+01
-1.431e+01
-1.431e+01
-1.431e+01
-1.431e+01
-1.431e+01
-1.427e+01
-8.849e+00
-3.810e+01
-1.432e+01
-1.431e+01
-1.431e+01
-1.431e+01
-1.431e+01
-1.431e+01
-1.431e+01
-1.431e+01
-1.431e+01
-1.431e+01
-1.431e+01
-1.431e+01
-1.431e+01
-1.431e+01
-1.431e+01
-1.431e+01
-1.431e+01
-1.431e+01
-1.427e+01
-8.849e+00
-3.810e+01
-1.432e+01
-1.431e+01
-1.431e+01
-1.431e+01
-1.431e+01
-1.431e+01
-1.431e+01
-1.431e+01
-1.431e+01
-1.431e+01
-1.431e+01
-1.431e+01
-1.431e+01
-1.431e+01
-1.431e+01
-1.431e+01
-1.431e+01
-1.431e+01
-1.427e+01
-8.849e+00
-3.810e+01
-1.432e+01
-1.431e+01
-1.431e+01
-1.431e+01
-1.431e+01
-1.431e+01
-1.431e+01
-1.431e+01
-1.431e+01
-1.431e+01
-1.431e+01
-1.431e+01
-1.431e+01
-1.431e+01
-1.431e+01
-1.431e+01
-1.431e+01
-1.431e+01
-1.427e+01
-8.849e+00
-3.810e+01
-1.432e+01
-1.431e+01
-1.431e+01
-1.431e+01
-1.431e+01
-1.431e+01
-1.431e+01
-1.431e+01
-1.431e+01
-1.431e+01
-1.431e+01
-1.431e+01
-1.431e+01
-1.431e+01
-1.431e+01
-1.431e+01
-1.431e+01
-1.431e+01
-1.427e+01
-8.849e+00
-3.817e+01
-1.432e+01
-1.431e+01
-1.431e+01
-1.431e+01
-1.431e+01
-1.431e+01
-1.431e+01
-1.431e+01
-1.431e+01
-1.431e+01
-1.431e+01
-1.431e+01
-1.431e+01
-1.431e+01
-1.431e+01
-1.431e+01
-1.431e+01
-1.431e+01
-1.427e+01
-8.849e+00
-4.331e+01
-1.443e+01
-1.442e+01
-1.442e+01
-1.442e+01
-1.442e+01
-1.442e+01
-1.442e+01
-1.442e+01
-1.442e+01
-1.442e+01
-1.442e+01
-1.442e+01
-1.442e+01
-1.442e+01
-1.442e+01
-1.442e+01
-1.442e+01
-1.442e+01
-1.441e+01
-8.824e+00
-2.005e+02
-2.002e+02
-2.002e+02
-2.002e+02
-2.002e+02
-2.002e+02
-2.002e+02
-2.002e+02
-2.002e+02
-2.002e+02
-2.002e+02
-2.002e+02
-2.002e+02
-2.002e+02
-2.002e+02
-2.002e+02
-2.002e+02
-2.002e+02
-2.002e+02
-2.002e+02
-2.001e+02
-2.102e+02
-2.011e+02
-2.011e+02
-2.011e+02
-2.011e+02
-2.011e+02
-2.011e+02
-2.011e+02
-2.011e+02
-2.011e+02
-2.011e+02
-2.011e+02
-2.011e+02
-2.011e+02
-2.011e+02
-2.011e+02
-2.011e+02
-2.011e+02
-2.011e+02
-2.010e+02
-2.004e+02
-2.102e+02
-2.011e+02
-2.011e+02
-2.011e+02
-2.011e+02
-2.011e+02
-2.011e+02
-2.011e+02
-2.011e+02
-2.011e+02
-2.011e+02
-2.011e+02
-2.011e+02
-2.011e+02
-2.011e+02
-2.011e+02
-2.011e+02
-2.011e+02
-2.011e+02
-2.010e+02
-2.004e+02
-2.102e+02
-2.011e+02
-2.011e+02
-2.011e+02
-2.011e+02
-2.011e+02
-2.011e+02
-2.011e+02
-2.011e+02
-2.011e+02
-2.011e+02
-2.011e+02
-2.011e+02
-2.011e+02
-2.011e+02
-2.011e+02
-2.011e+02
-2.011e+02
-2.011e+02
-2.010e+02
-2.004e+02
-2.102e+02
-2.011e+02
-2.011e+02
-2.011e+02
-2.011e+02
-2.011e+02
-2.011e+02
-2.011e+02
-2.011e+02
-2.011e+02
-2.011e+02
-2.011e+02
-2.011e+02
-2.011e+02
-2.011e+02
-2.011e+02
-2.011e+02
-2.011e+02
-2.011e+02
-2.010e+02
-2.004e+02
-2.102e+02
-2.011e+02
-2.011e+02
-2.011e+02
-2.011e+02
-2.011e+02
-2.011e+02
-2.011e+02
-2.011e+02
-2.011e+02
-2.011e+02
-2.011e+02
-2.011e+02
-2.011e+02
-2.011e+02
-2.011e+02
-2.011e+02
-2.011e+02
-2.011e+02
-2.010e+02
-2.004e+02
-2.102e+02
-2.011e+02
-2.011e+02
-2.011e+02
-2.011e+02
-2.011e+02
-2.011e+02
-2.011e+02
-2.011e+02
-2.011e+02
-2.011e+02
-2.011e+02
-2.011e+02
-2.011e+02
-2.011e+02
-2.011e+02
-2.011e+02
-2.011e+02
-2.011e+02
-2.010e+02
-2.004e+02
-2.102e+02
-2.011e+02
-2.011e+02
-2.011e+02
-2.011e+02
-2.011e+02
-2.011e+02
-2.011e+02
-2.011e+02
-2.011e+02
-2.011e+02
-2.011e+02
-2.011e+02
-2.011e+02
-2.011e+02
-2.011e+02
-2.011e+02
-2.011e+02
-2.011e+02
-2.010e+02
-2.004e+02
-2.102e+02
-2.011e+02
-2.011e+02
-2.011e+02
-2.011e+02
-2.011e+02
-2.011e+02
-2.011e+02
-2.011e+02
-2.011e+02
-2.011e+02
-2.011e+02
-2.011e+02
-2.011e+02
-2.011e+02
-2.011e+02
-2.011e+02
-2.011e+02
-2.011e+02
-2.010e+02
-2.004e+02
-2.092e+02
-2.010e+02
-2.010e+02
-2.010e+02
-2.010e+02
-2.010e+02
-2.010e+02
-2.010e+02
-2.010e+02
-2.010e+02
-2.010e+02
-2.010e+02
-2.010e+02
-2.010e+02
-2.010e+02
-2.010e+02
-2.010e+02
-2.010e+02
-2.010e+02
-2.010e+02
-2.004e+02
-2.010e+02
-2.004e+02
-2.004e+02
-2.004e+02
-2.004e+02
-2.004e+02
-2.004e+02
-2.004e+02
-2.004e+02
-2.004e+02
-2.004e+02
-2.004e+02
-2.004e+02
-2.004e+02
-2.004e+02
-2.004e+02
-2.004e+02
-2.004e+02
-2.004e+02
-2.004e+02
-2.003e+02
-3.614e+01
-2.370e+01
-2.370e+01
-2.370e+01
-2.370e+01
-2.370e+01
-2.370e+01
-2.370e+01
-2.370e+01
-2.370e+01
-2.370e+01
-2.370e+01
-2.370e+01
-2.370e+01
-2.370e+01
-2.370e+01
-2.370e+01
-2.370e+01
-2.370e+01
-2.420e+01
-1.405e+01
-2.370e+01
-1.408e+01
-1.407e+01
-1.407e+01
-1.407e+01
-1.407e+01
-1.407e+01
-1.407e+01
-1.407e+01
-1.407e+01
-1.407e+01
-1.407e+01
-1.407e+01
-1.407e+01
-1.407e+01
-1.407e+01
-1.407e+01
-1.407e+01
-1.407e+01
-1.405e+01
-1.015e+01
-2.370e+01
-1.407e+01
-1.407e+01
-1.407e+01
-1.407e+01
-1.407e+01
-1.407e+01
-1.407e+01
-1.407e+01
-1.407e+01
-1.407e+01
-1.407e+01
-1.407e+01
-1.407e+01
-1.407e+01
-1.407e+01
-1.407e+01
-1.407e+01
-1.406e+01
-1.405e+01
-1.015e+01
-2.370e+01
-1.407e+01
-1.407e+01
-1.407e+01
-1.407e+01
-1.407e+01
-1.407e+01
-1.407e+01
-1.407e+01
-1.407e+01
-1.407e+01
-1.407e+01
-1.407e+01
-1.407e+01
-1.407e+01
-1.407e+01
-1.407e+01
-1.407e+01
-1.406e+01
-1.405e+01
-1.015e+01
-2.370e+01
-1.407e+01
-1.407e+01
-1.407e+01
-1.407e+01
-1.407e+01
-1.407e+01
-1.407e+01
-1.407e+01
-1.407e+01
-1.407e+01
-1.407e+01
-1.407e+01
-1.407e+01
-1.407e+01
-1.407e+01
-1.407e+01
-1.407e+01
-1.406e+01
-1.405e+01
-1.015e+01
-2.370e+01
-1.407e+01
-1.407e+01
-1.407e+01
-1.407e+01
-1.407e+01
-1.407e+01
-1.407e+01
-1.407e+01
-1.407e+01
-1.407e+01
-1.407e+01
-1.407e+01
-1.407e+01
-1.407e+01
-1.407e+01
-1.407e+01
-1.407e+01
-1.406e+01
-1.405e+01
-1.015e+01
-2.370e+01
-1.407e+01
-1.407e+01
-1.407e+01
-1.407e+01
-1.407e+01
-1.407e+01
-1.407e+01
-1.407e+01
-1.407e+01
-1.407e+01
-1.407e+01
-1.407e+01
-1.407e+01
-1.407e+01
-1.407e+01
-1.407e+01
-1.407e+01
-1.406e+01
-1.405e+01
-1.015e+01
-2.370e+01
-1.407e+01
-1.407e+01
-1.407e+01
-1.407e+01
-1.407e+01
-1.407e+01
-1.407e+01
-1.407e+01
-1.407e+01
-1.407e+01
-1.407e+01
-1.407e+01
-1.407e+01
-1.407e+01
-1.407e+01
-1.407e+01
-1.407e+01
-1.406e+01
-1.405e+01
-1.015e+01
-2.370e+01
-1.407e+01
-1.406e+01
-1.406e+01
-1.406e+01
-1.406e+01
-1.406e+01
-1.406e+01
-1.406e+01
-1.406e+01
-1.406e+01
-1.406e+01
-1.406e+01
-1.406e+01
-1.406e+01
-1.406e+01
-1.406e+01
-1.406e+01
-1.406e+01
-1.405e+01
-1.015e+01
-2.389e+01
-1.416e+01
-1.416e+01
-1.416e+01
-1.416e+01
-1.416e+01
-1.416e+01
-1.416e+01
-1.416e+01
-1.416e+01
-1.416e+01
-1.416e+01
-1.416e+01
-1.416e+01
-1.416e+01
-1.416e+01
-1.416e+01
-1.416e+01
-1.416e+01
-1.416e+01
-1.020e+01
-2.005e+02
-2.002e+02
-2.002e+02
-2.002e+02
-2.002e+02
-2.002e+02
-2.002e+02
-2.002e+02
-2.002e+02
-2.002e+02
-2.002e+02
-2.002e+02
-2.002e+02
-2.002e+02
-2.002e+02
-2.002e+02
-2.002e+02
-2.002e+02
-2.002e+02
-2.002e+02
-2.001e+02
-2.025e+02
-2.010e+02
-2.010e+02
-2.010e+02
-2.010e+02
-2.010e+02
-2.010e+02
-2.010e+02
-2.010e+02
-2.010e+02
-2.010e+02
-2.010e+02
-2.010e+02
-2.010e+02
-2.010e+02
-2.010e+02
-2.010e+02
-2.010e+02
-2.010e+02
-2.010e+02
-2.006e+02
-2.025e+02
-2.010e+02
-2.010e+02
-2.010e+02
-2.010e+02
-2.010e+02
-2.010e+02
-2.010e+02
-2.010e+02
-2.010e+02
-2.010e+02
-2.010e+02
-2.010e+02
-2.010e+02
-2.010e+02
-2.010e+02
-2.010e+02
-2.010e+02
-2.010e+02
-2.010e+02
-2.006e+02
-2.025e+02
-2.010e+02
-2.010e+02
-2.010e+02
-2.010e+02
-2.010e+02
-2.010e+02
-2.010e+02
-2.010e+02
-2.010e+02
-2.010e+02
-2.010e+02
-2.010e+02
-2.010e+02
-2.010e+02
-2.010e+02
-2.010e+02
-2.010e+02
-2.010e+02
-2.010e+02
-2.006e+02
-2.025e+02
-2.010e+02
-2.010e+02
-2.010e+02
-2.010e+02
-2.010e+02
-2.010e+02
-2.010e+02
-2.010e+02
-2.010e+02
-2.010e+02
-2.010e+02
-2.010e+02
-2.010e+02
-2.010e+02
-2.010e+02
-2.010e+02
-2.010e+02
-2.010e+02
-2.010e+02
-2.006e+02
-2.025e+02
-2.010e+02
-2.010e+02
-2.010e+02
-2.010e+02
-2.010e+02
-2.010e+02
-2.010e+02
-2.010e+02
-2.010e+02
-2.010e+02
-2.010e+02
-2.010e+02
-2.010e+02
-2.010e+02
-2.010e+02
-2.010e+02
-2.010e+02
-2.010e+02
-2.010e+02
-2.006e+02
-2.025e+02
-2.010e+02
-2.010e+02
-2.010e+02
-2.010e+02
-2.010e+02
-2.010e+02
-2.010e+02
-2.010e+02
-2.010e+02
-2.010e+02
-2.010e+02
-2.010e+02
-2.010e+02
-2.010e+02
-2.010e+02
-2.010e+02
-2.010e+02
-2.010e+02
-2.010e+02
-2.006e+02
-2.025e+02
-2.010e+02
-2.010e+02
-2.010e+02
-2.010e+02
-2.010e+02
-2.010e+02
-2.010e+02
-2.010e+02
-2.010e+02
-2.010e+02
-2.010e+02
-2.010e+02
-2.010e+02
-2.010e+02
-2.010e+02
-2.010e+02
-2.010e+02
-2.010e+02
-2.010e+02
-2.006e+02
-2.025e+02
-2.010e+02
-2.010e+02
-2.010e+02
-2.010e+02
-2.010e+02
-2.010e+02
-2.010e+02
-2.010e+02
-2.010e+02
-2.010e+02
-2.010e+02
-2.010e+02
-2.010e+02
-2.010e+02
-2.010e+02
-2.010e+02
-2.010e+02
-2.010e+02
-2.010e+02
-2.006e+02
-2.026e+02
-2.010e+02
-2.010e+02
-2.010e+02
-2.010e+02
-2.010e+02
-2.010e+02
-2.010e+02
-2.010e+02
-2.010e+02
-2.010e+02
-2.010e+02
-2.010e+02
-2.010e+02
-2.010e+02
-2.010e+02
-2.010e+02
-2.010e+02
-2.010e+02
-2.010e+02
-2.006e+02
-2.010e+02
-2.006e+02
-2.006e+02
-2.006e+02
-2.006e+02
-2.006e+02
-2.006e+02
-2.006e+02
-2.006e+02
-2.006e+02
-2.006e+02
-2.006e+02
-2.006e+02
-2.006e+02
-2.006e+02
-2.006e+02
-2.006e+02
-2.006e+02
-2.006e+02
-2.006e+02
-2.004e+02
-2.025e+01
-1.719e+01
-1.719e+01
-1.719e+01
-1.719e+01
-1.719e+01
-1.719e+01
-1.719e+01
-1.719e+01
-1.719e+01
-1.719e+01
-1.719e+01
-1.719e+01
-1.719e+01
-1.719e+01
-1.719e+01
-1.719e+01
-1.719e+01
-1.719e+01
-1.727e+01
-1.330e+01
-1.719e+01
-1.330e+01
-1.330e+01
-1.330e+01
-1.330e+01
-1.330e+01
-1.330e+01
-1.330e+01
-1.330e+01
-1.330e+01
-1.330e+01
-1.330e+01
-1.330e+01
-1.330e+01
-1.330e+01
-1.330e+01
-1.330e+01
-1.330e+01
-1.330e+01
-1.330e+01
-1.098e+01
-1.719e+01
-1.330e+01
-1.330e+01
-1.330e+01
-1.330e+01
-1.330e+01
-1.330e+01
-1.330e+01
-1.330e+01
-1.330e+01
-1.330e+01
-1.330e+01
-1.330e+01
-1.330e+01
-1.330e+01
-1.330e+01
-1.330e+01
-1.330e+01
-1.330e+01
-1.330e+01
-1.097e+01
-1.719e+01
-1.330e+01
-1.330e+01
-1.330e+01
-1.330e+01
-1.330e+01
-1.330e+01
-1.330e+01
-1.330e+01
-1.330e+01
-1.330e+01
-1.330e+01
-1.330e+01
-1.330e+01
-1.330e+01
-1.330e+01
-1.330e+01
-1.330e+01
-1.330e+01
-1.330e+01
-1.097e+01
-1.719e+01
-1.330e+01
-1.330e+01
-1.330e+01
-1.330e+01
-1.330e+01
-1.330e+01
-1.330e+01
-1.330e+01
-1.330e+01
-1.330e+01
-1.330e+01
-1.330e+01
-1.330e+01
-1.330e+01
-1.330e+01
-1.330e+01
-1.330e+01
-1.330e+01
-1.330e+01
-1.097e+01
-1.719e+01
-1.330e+01
-1.330e+01
-1.330e+01
-1.330e+01
-1.330e+01
-1.330e+01
-1.330e+01
-1.330e+01
-1.330e+01
-1.330e+01
-1.330e+01
-1.330e+01
-1.330e+01
-1.330e+01
-1.330e+01
-1.330e+01
-1.330e+01
-1.330e+01
-1.330e+01
-1.097e+01
-1.719e+01
-1.330e+01
-1.330e+01
-1.330e+01
-1.330e+01
-1.330e+01
-1.330e+01
-1.330e+01
-1.330e+01
-1.330e+01
-1.330e+01
-1.330e+01
-1.330e+01
-1.330e+01
-1.330e+01
-1.330e+01
-1.330e+01
-1.330e+01
-1.330e+01
-1.330e+01
-1.097e+01
-1.719e+01
-1.330e+01
-1.330e+01
-1.330e+01
-1.330e+01
-1.330e+01
-1.330e+01
-1.330e+01
-1.330e+01
-1.330e+01
-1.330e+01
-1.330e+01
-1.330e+01
-1.330e+01
-1.330e+01
-1.330e+01
-1.330e+01
-1.330e+01
-1.330e+01
-1.330e+01
-1.097e+01
-1.719e+01
-1.330e+01
-1.330e+01
-1.330e+01
-1.330e+01
-1.330e+01
-1.330e+01
-1.330e+01
-1.330e+01
-1.330e+01
-1.330e+01
-1.330e+01
-1.330e+01
-1.330e+01
-1.330e+01
-1.330e+01
-1.330e+01
-1.330e+01
-1.330e+01
-1.330e+01
-1.097e+01
-1.722e+01
-1.339e+01
-1.339e+01
-1.339e+01
-1.339e+01
-1.339e+01
-1.339e+01
-1.339e+01
-1.339e+01
-1.339e+01
-1.339e+01
-1.339e+01
-1.339e+01
-1.339e+01
-1.339e+01
-1.339e+01
-1.339e+01
-1.339e+01
-1.339e+01
-1.339e+01
-1.107e+01
-2.002e+02
-2.001e+02
-2.001e+02
-2.001e+02
-2.001e+02
-2.001e+02
-2.001e+02
-2.001e+02
-2.001e+02
-2.001e+02
-2.001e+02
-2.001e+02
-2.001e+02
-2.001e+02
-2.001e+02
-2.001e+02
-2.001e+02
-2.001e+02
-2.001e+02
-2.001e+02
-2.000e+02
-2.009e+02
-2.008e+02
-2.008e+02
-2.008e+02
-2.008e+02
-2.008e+02
-2.008e+02
-2.008e+02
-2.008e+02
-2.008e+02
-2.008e+02
-2.008e+02
-2.008e+02
-2.008e+02
-2.008e+02
-2.008e+02
-2.008e+02
-2.008e+02
-2.008e+02
-2.008e+02
-2.004e+02
-2.009e+02
-2.008e+02
-2.008e+02
-2.008e+02
-2.008e+02
-2.008e+02
-2.008e+02
-2.008e+02
-2.008e+02
-2.008e+02
-2.008e+02
-2.008e+02
-2.008e+02
-2.008e+02
-2.008e+02
-2.008e+02
-2.008e+02
-2.008e+02
-2.008e+02
-2.008e+02
-2.004e+02
-2.009e+02
-2.008e+02
-2.008e+02
-2.008e+02
-2.008e+02
-2.008e+02
-2.008e+02
-2.008e+02
-2.008e+02
-2.008e+02
-2.008e+02
-2.008e+02
-2.008e+02
-2.008e+02
-2.008e+02
-2.008e+02
-2.008e+02
-2.008e+02
-2.008e+02
-2.008e+02
-2.004e+02
-2.009e+02
-2.008e+02
-2.008e+02
-2.008e+02
-2.008e+02
-2.008e+02
-2.008e+02
-2.008e+02
-2.008e+02
-2.008e+02
-2.008e+02
-2.008e+02
-2.008e+02
-2.008e+02
-2.008e+02
-2.008e+02
-2.008e+02
-2.008e+02
-2.008e+02
-2.008e+02
-2.004e+02
-2.009e+02
-2.008e+02
-2.008e+02
-2.008e+02
-2.008e+02
-2.008e+02
-2.008e+02
-2.008e+02
-2.008e+02
-2.008e+02
-2.008e+02
-2.008e+02
-2.008e+02
-2.008e+02
-2.008e+02
-2.008e+02
-2.008e+02
-2.008e+02
-2.008e+02
-2.008e+02
-2.004e+02
-2.009e+02
-2.008e+02
-2.008e+02
-2.008e+02
-2.008e+02
-2.008e+02
-2.008e+02
-2.008e+02
-2.008e+02
-2.008e+02
-2.008e+02
-2.008e+02
-2.008e+02
-2.008e+02
-2.008e+02
-2.008e+02
-2.008e+02
-2.008e+02
-2.008e+02
-2.008e+02
-2.004e+02
-2.009e+02
-2.008e+02
-2.008e+02
-2.008e+02
-2.008e+02
-2.008e+02
-2.008e+02
-2.008e+02
-2.008e+02
-2.008e+02
-2.008e+02
-2.008e+02
-2.008e+02
-2.008e+02
-2.008e+02
-2.008e+02
-2.008e+02
-2.008e+02
-2.008e+02
-2.008e+02
-2.004e+02
-2.009e+02
-2.008e+02
-2.008e+02
-2.008e+02
-2.008e+02
-2.008e+02
-2.008e+02
-2.008e+02
-2.008e+02
-2.008e+02
-2.008e+02
-2.008e+02
-2.008e+02
-2.008e+02
-2.008e+02
-2.008e+02
-2.008e+02
-2.008e+02
-2.008e+02
-2.008e+02
-2.004e+02
-2.009e+02
-2.008e+02
-2.008e+02
-2.008e+02
-2.008e+02
-2.008e+02
-2.008e+02
-2.008e+02
-2.008e+02
-2.008e+02
-2.008e+02
-2.008e+02
-2.008e+02
-2.008e+02
-2.008e+02
-2.008e+02
-2.008e+02
-2.008e+02
-2.008e+02
-2.008e+02
-2.004e+02
-2.008e+02
-2.004e+02
-2.004e+02
-2.004e+02
-2.004e+02
-2.004e+02
-2.004e+02
-2.004e+02
-2.004e+02
-2.004e+02
-2.004e+02
-2.004e+02
-2.004e+02
-2.004e+02
-2.004e+02
-2.004e+02
-2.004e+02
-2.004e+02
-2.004e+02
-2.004e+02
-2.004e+02
-1.531e+01
-1.406e+01
-1.406e+01
-1.406e+01
-1.406e+01
-1.406e+01
-1.406e+01
-1.406e+01
-1.406e+01
-1.406e+01
-1.406e+01
-1.406e+01
-1.406e+01
-1.406e+01
-1.406e+01
-1.406e+01
-1.406e+01
-1.406e+01
-1.406e+01
-1.407e+01
-1.213e+01
-1.406e+01
-1.213e+01
-1.213e+01
-1.213e+01
-1.213e+01
-1.213e+01
-1.213e+01
-1.213e+01
-1.213e+01
-1.213e+01
-1.213e+01
-1.213e+01
-1.213e+01
-1.213e+01
-1.213e+01
-1.213e+01
-1.213e+01
-1.213e+01
-1.213e+01
-1.213e+01
-1.070e+01
-1.406e+01
-1.213e+01
-1.213e+01
-1.213e+01
-1.213e+01
-1.213e+01
-1.213e+01
-1.213e+01
-1.213e+01
-1.213e+01
-1.213e+01
-1.213e+01
-1.213e+01
-1.213e+01
-1.213e+01
-1.213e+01
-1.213e+01
-1.213e+01
-1.213e+01
-1.213e+01
-1.069e+01
-1.406e+01
-1.213e+01
-1.213e+01
-1.213e+01
-1.213e+01
-1.213e+01
-1.213e+01
-1.213e+01
-1.213e+01
-1.213e+01
-1.213e+01
-1.213e+01
-1.213e+01
-1.213e+01
-1.213e+01
-1.213e+01
-1.213e+01
-1.213e+01
-1.213e+01
-1.213e+01
-1.069e+01
-1.406e+01
-1.213e+01
-1.213e+01
-1.213e+01
-1.213e+01
-1.213e+01
-1.213e+01
-1.213e+01
-1.213e+01
-1.213e+01
-1.213e+01
-1.213e+01
-1.213e+01
-1.213e+01
-1.213e+01
-1.213e+01
-1.213e+01
-1.213e+01
-1.213e+01
-1.213e+01
-1.069e+01
-1.406e+01
-1.213e+01
-1.213e+01
-1.213e+01
-1.213e+01
-1.213e+01
-1.213e+01
-1.213e+01
-1.213e+01
-1.213e+01
-1.213e+01
-1.213e+01
-1.213e+01
-1.213e+01
-1.213e+01
-1.213e+01
-1.213e+01
-1.213e+01
-1.213e+01
-1.213e+01
-1.069e+01
-1.406e+01
-1.213e+01
-1.213e+01
-1.213e+01
-1.213e+01
-1.213e+01
-1.213e+01
-1.213e+01
-1.213e+01
-1.213e+01
-1.213e+01
-1.213e+01
-1.213e+01
-1.213e+01
-1.213e+01
-1.213e+01
-1.213e+01
-1.213e+01
-1.213e+01
-1.213e+01
-1.069e+01
-1.406e+01
-1.213e+01
-1.213e+01
-1.213e+01
-1.213e+01
-1.213e+01
-1.213e+01
-1.213e+01
-1.213e+01
-1.213e+01
-1.213e+01
-1.213e+01
-1.213e+01
-1.213e+01
-1.213e+01
-1.213e+01
-1.213e+01
-1.213e+01
-1.213e+01
-1.213e+01
-1.069e+01
-1.406e+01
-1.213e+01
-1.213e+01
-1.213e+01
-1.213e+01
-1.213e+01
-1.213e+01
-1.213e+01
-1.213e+01
-1.213e+01
-1.213e+01
-1.213e+01
-1.213e+01
-1.213e+01
-1.213e+01
-1.213e+01
-1.213e+01
-1.213e+01
-1.213e+01
-1.213e+01
-1.069e+01
-1.409e+01
-1.218e+01
-1.218e+01
-1.218e+01
-1.218e+01
-1.218e+01
-1.218e+01
-1.218e+01
-1.218e+01
-1.218e+01
-1.218e+01
-1.218e+01
-1.218e+01
-1.218e+01
-1.218e+01
-1.218e+01
-1.218e+01
-1.218e+01
-1.218e+01
-1.218e+01
-1.075e+01
-2.001e+02
-2.000e+02
-2.000e+02
-2.000e+02
-2.000e+02
-2.000e+02
-2.000e+02
-2.000e+02
-2.000e+02
-2.000e+02
-2.000e+02
-2.000e+02
-2.000e+02
-2.000e+02
-2.000e+02
-2.000e+02
-2.000e+02
-2.000e+02
-2.000e+02
-2.000e+02
-1.999e+02
-2.004e+02
-2.003e+02
-2.003e+02
-2.003e+02
-2.003e+02
-2.003e+02
-2.003e+02
-2.003e+02
-2.003e+02
-2.003e+02
-2.003e+02
-2.003e+02
-2.003e+02
-2.003e+02
-2.003e+02
-2.003e+02
-2.003e+02
-2.003e+02
-2.003e+02
-2.003e+02
-2.001e+02
-2.004e+02
-2.003e+02
-2.003e+02
-2.003e+02
-2.003e+02
-2.003e+02
-2.003e+02
-2.003e+02
-2.003e+02
-2.003e+02
-2.003e+02
-2.003e+02
-2.003e+02
-2.003e+02
-2.003e+02
-2.003e+02
-2.003e+02
-2.003e+02
-2.003e+02
-2.003e+02
-2.001e+02
-2.004e+02
-2.003e+02
-2.003e+02
-2.003e+02
-2.003e+02
-2.003e+02
-2.003e+02
-2.003e+02
-2.003e+02
-2.003e+02
-2.003e+02
-2.003e+02
-2.003e+02
-2.003e+02
-2.003e+02
-2.003e+02
-2.003e+02
-2.003e+02
-2.003e+02
-2.003e+02
-2.001e+02
-2.004e+02
-2.003e+02
-2.003e+02
-2.003e+02
-2.003e+02
-2.003e+02
-2.003e+02
-2.003e+02
-2.003e+02
-2.003e+02
-2.003e+02
-2.003e+02
-2.003e+02
-2.003e+02
-2.003e+02
-2.003e+02
-2.003e+02
-2.003e+02
-2.003e+02
-2.003e+02
-2.001e+02
-2.004e+02
-2.003e+02
-2.003e+02
-2.003e+02
-2.003e+02
-2.003e+02
-2.003e+02
-2.003e+02
-2.003e+02
-2.003e+02
-2.003e+02
-2.003e+02
-2.003e+02
-2.003e+02
-2.003e+02
-2.003e+02
-2.003e+02
-2.003e+02
-2.003e+02
-2.003e+02
-2.001e+02
-2.004e+02
-2.003e+02
-2.003e+02
-2.003e+02
-2.003e+02
-2.003e+02
-2.003e+02
-2.003e+02
-2.003e+02
-2.003e+02
-2.003e+02
-2.003e+02
-2.003e+02
-2.003e+02
-2.003e+02
-2.003e+02
-2.003e+02
-2.003e+02
-2.003e+02
-2.003e+02
-2.001e+02
-2.004e+02
-2.003e+02
-2.003e+02
-2.003e+02
-2.003e+02
-2.003e+02
-2.003e+02
-2.003e+02
-2.003e+02
-2.003e+02
-2.003e+02
-2.003e+02
-2.003e+02
-2.003e+02
-2.003e+02
-2.003e+02
-2.003e+02
-2.003e+02
-2.003e+02
-2.003e+02
-2.001e+02
-2.004e+02
-2.003e+02
-2.003e+02
-2.003e+02
-2.003e+02
-2.003e+02
-2.003e+02
-2.003e+02
-2.003e+02
-2.003e+02
-2.003e+02
-2.003e+02
-2.003e+02
-2.003e+02
-2.003e+02
-2.003e+02
-2.003e+02
-2.003e+02
-2.003e+02
-2.003e+02
-2.001e+02
-2.004e+02
-2.003e+02
-2.003e+02
-2.003e+02
-2.003e+02
-2.003e+02
-2.003e+02
-2.003e+02
-2.003e+02
-2.003e+02
-2.003e+02
-2.003e+02
-2.003e+02
-2.003e+02
-2.003e+02
-2.003e+02
-2.003e+02
-2.003e+02
-2.003e+02
-2.003e+02
-2.001e+02
-2.003e+02
-2.001e+02
-2.001e+02
-2.001e+02
-2.001e+02
-2.001e+02
-2.001e+02
-2.001e+02
-2.001e+02
-2.001e+02
-2.001e+02
-2.001e+02
-2.001e+02
-2.001e+02
-2.001e+02
-2.001e+02
-2.001e+02
-2.001e+02
-2.001e+02
-2.001e+02
-2.001e+02
-1.225e+01
-1.163e+01
-1.163e+01
-1.163e+01
-1.163e+01
-1.163e+01
-1.163e+01
-1.163e+01
-1.163e+01
-1.163e+01
-1.163e+01
-1.163e+01
-1.163e+01
-1.163e+01
-1.163e+01
-1.163e+01
-1.163e+01
-1.163e+01
-1.163e+01
-1.163e+01
-1.055e+01
-1.163e+01
-1.055e+01
-1.055e+01
-1.055e+01
-1.055e+01
-1.055e+01
-1.055e+01
-1.055e+01
-1.055e+01
-1.055e+01
-1.055e+01
-1.055e+01
-1.055e+01
-1.055e+01
-1.055e+01
-1.055e+01
-1.055e+01
-1.055e+01
-1.055e+01
-1.055e+01
-9.676e+00
-1.163e+01
-1.055e+01
-1.055e+01
-1.055e+01
-1.055e+01
-1.055e+01
-1.055e+01
-1.055e+01
-1.055e+01
-1.055e+01
-1.055e+01
-1.055e+01
-1.055e+01
-1.055e+01
-1.055e+01
-1.055e+01
-1.055e+01
-1.055e+01
-1.055e+01
-1.055e+01
-9.676e+00
-1.163e+01
-1.055e+01
-1.055e+01
-1.055e+01
-1.055e+01
-1.055e+01
-1.055e+01
-1.055e+01
-1.055e+01
-1.055e+01
-1.055e+01
-1.055e+01
-1.055e+01
-1.055e+01
-1.055e+01
-1.055e+01
-1.055e+01
-1.055e+01
-1.055e+01
-1.055e+01
-9.676e+00
-1.163e+01
-1.055e+01
-1.055e+01
-1.055e+01
-1.055e+01
-1.055e+01
-1.055e+01
-1.055e+01
-1.055e+01
-1.055e+01
-1.055e+01
-1.055e+01
-1.055e+01
-1.055e+01
-1.055e+01
-1.055e+01
-1.055e+01
-1.055e+01
-1.055e+01
-1.055e+01
-9.676e+00
-1.163e+01
-1.055e+01
-1.055e+01
-1.055e+01
-1.055e+01
-1.055e+01
-1.055e+01
-1.055e+01
-1.055e+01
-1.055e+01
-1.055e+01
-1.055e+01
-1.055e+01
-1.055e+01
-1.055e+01
-1.055e+01
-1.055e+01
-1.055e+01
-1.055e+01
-1.055e+01
-9.676e+00
-1.163e+01
-1.055e+01
-1.055e+01
-1.055e+01
-1.055e+01
-1.055e+01
-1.055e+01
-1.055e+01
-1.055e+01
-1.055e+01
-1.055e+01
-1.055e+01
-1.055e+01
-1.055e+01
-1.055e+01
-1.055e+01
-1.055e+01
-1.055e+01
-1.055e+01
-1.055e+01
-9.676e+00
-1.163e+01
-1.055e+01
-1.055e+01
-1.055e+01
-1.055e+01
-1.055e+01
-1.055e+01
-1.055e+01
-1.055e+01
-1.055e+01
-1.055e+01
-1.055e+01
-1.055e+01
-1.055e+01
-1.055e+01
-1.055e+01
-1.055e+01
-1.055e+01
-1.055e+01
-1.055e+01
-9.676e+00
-1.163e+01
-1.055e+01
-1.055e+01
-1.055e+01
-1.055e+01
-1.055e+01
-1.055e+01
-1.055e+01
-1.055e+01
-1.055e+01
-1.055e+01
-1.055e+01
-1.055e+01
-1.055e+01
-1.055e+01
-1.055e+01
-1.055e+01
-1.055e+01
-1.055e+01
-1.055e+01
-9.676e+00
-1.164e+01
-1.057e+01
-1.057e+01
-1.057e+01
-1.057e+01
-1.057e+01
-1.057e+01
-1.057e+01
-1.057e+01
-1.057e+01
-1.057e+01
-1.057e+01
-1.057e+01
-1.057e+01
-1.057e+01
-1.057e+01
-1.057e+01
-1.057e+01
-1.057e+01
-1.057e+01
-9.695e+00
-1.998e+02
-1.994e+02
-1.993e+02
-1.993e+02
-1.993e+02
-1.993e+02
-1.993e+02
-1.993e+02
-1.993e+02
-1.993e+02
-1.993e+02
-1.993e+02
-1.993e+02
-1.993e+02
-1.993e+02
-1.993e+02
-1.993e+02
-1.993e+02
-1.993e+02
-1.993e+02
-1.985e+02
-2.001e+02
-2.001e+02
-2.001e+02
-2.001e+02
-2.001e+02
-2.001e+02
-2.001e+02
-2.001e+02
-2.001e+02
-2.001e+02
-2.001e+02
-2.001e+02
-2.001e+02
-2.001e+02
-2.001e+02
-2.001e+02
-2.001e+02
-2.001e+02
-2.001e+02
-2.001e+02
-2.000e+02
-2.001e+02
-2.001e+02
-2.001e+02
-2.001e+02
-2.001e+02
-2.001e+02
-2.001e+02
-2.001e+02
-2.001e+02
-2.001e+02
-2.001e+02
-2.001e+02
-2.001e+02
-2.001e+02
-2.001e+02
-2.001e+02
-2.001e+02
-2.001e+02
-2.001e+02
-2.001e+02
-2.000e+02
-2.001e+02
-2.001e+02
-2.001e+02
-2.001e+02
-2.001e+02
-2.001e+02
-2.001e+02
-2.001e+02
-2.001e+02
-2.001e+02
-2.001e+02
-2.001e+02
-2.001e+02
-2.001e+02
-2.001e+02
-2.001e+02
-2.001e+02
-2.001e+02
-2.001e+02
-2.001e+02
-2.000e+02
-2.001e+02
-2.001e+02
-2.001e+02
-2.001e+02
-2.001e+02
-2.001e+02
-2.001e+02
-2.001e+02
-2.001e+02
-2.001e+02
-2.001e+02
-2.001e+02
-2.001e+02
-2.001e+02
-2.001e+02
-2.001e+02
-2.001e+02
-2.001e+02
-2.001e+02
-2.001e+02
-2.000e+02
-2.001e+02
-2.001e+02
-2.001e+02
-2.001e+02
-2.001e+02
-2.001e+02
-2.001e+02
-2.001e+02
-2.001e+02
-2.001e+02
-2.001e+02
-2.001e+02
-2.001e+02
-2.001e+02
-2.001e+02
-2.001e+02
-2.001e+02
-2.001e+02
-2.001e+02
-2.001e+02
-2.000e+02
-2.001e+02
-2.001e+02
-2.001e+02
-2.001e+02
-2.001e+02
-2.001e+02
-2.001e+02
-2.001e+02
-2.001e+02
-2.001e+02
-2.001e+02
-2.001e+02
-2.001e+02
-2.001e+02
-2.001e+02
-2.001e+02
-2.001e+02
-2.001e+02
-2.001e+02
-2.001e+02
-2.000e+02
-2.001e+02
-2.001e+02
-2.001e+02
-2.001e+02
-2.001e+02
-2.001e+02
-2.001e+02
-2.001e+02
-2.001e+02
-2.001e+02
-2.001e+02
-2.001e+02
-2.001e+02
-2.001e+02
-2.001e+02
-2.001e+02
-2.001e+02
-2.001e+02
-2.001e+02
-2.001e+02
-2.000e+02
-2.001e+02
-2.001e+02
-2.001e+02
-2.001e+02
-2.001e+02
-2.001e+02
-2.001e+02
-2.001e+02
-2.001e+02
-2.001e+02
-2.001e+02
-2.001e+02
-2.001e+02
-2.001e+02
-2.001e+02
-2.001e+02
-2.001e+02
-2.001e+02
-2.001e+02
-2.001e+02
-2.000e+02
-2.001e+02
-2.001e+02
-2.001e+02
-2.001e+02
-2.001e+02
-2.001e+02
-2.001e+02
-2.001e+02
-2.001e+02
-2.001e+02
-2.001e+02
-2.001e+02
-2.001e+02
-2.001e+02
-2.001e+02
-2.001e+02
-2.001e+02
-2.001e+02
-2.001e+02
-2.001e+02
-2.000e+02
-2.001e+02
-2.000e+02
-2.000e+02
-2.000e+02
-2.000e+02
-2.000e+02
-2.000e+02
-2.000e+02
-2.000e+02
-2.000e+02
-2.000e+02
-2.000e+02
-2.000e+02
-2.000e+02
-2.000e+02
-2.000e+02
-2.000e+02
-2.000e+02
-2.000e+02
-2.000e+02
-2.000e+02
-9.197e+00
-9.117e+00
-9.117e+00
-9.117e+00
-9.117e+00
-9.117e+00
-9.117e+00
-9.117e+00
-9.117e+00
-9.117e+00
-9.117e+00
-9.117e+00
-9.117e+00
-9.117e+00
-9.117e+00
-9.117e+00
-9.117e+00
-9.117e+00
-9.117e+00
-9.121e+00
-8.979e+00
-9.117e+00
-8.979e+00
-8.976e+00
-8.976e+00
-8.976e+00
-8.976e+00
-8.976e+00
-8.976e+00
-8.976e+00
-8.976e+00
-8.976e+00
-8.976e+00
-8.976e+00
-8.976e+00
-8.976e+00
-8.976e+00
-8.976e+00
-8.976e+00
-8.976e+00
-8.977e+00
-8.850e+00
-9.117e+00
-8.976e+00
-8.975e+00
-8.975e+00
-8.975e+00
-8.975e+00
-8.975e+00
-8.975e+00
-8.975e+00
-8.975e+00
-8.975e+00
-8.975e+00
-8.975e+00
-8.975e+00
-8.975e+00
-8.975e+00
-8.975e+00
-8.975e+00
-8.975e+00
-8.975e+00
-8.839e+00
-9.117e+00
-8.976e+00
-8.975e+00
-8.975e+00
-8.975e+00
-8.975e+00
-8.975e+00
-8.975e+00
-8.975e+00
-8.975e+00
-8.975e+00
-8.975e+00
-8.975e+00
-8.975e+00
-8.975e+00
-8.975e+00
-8.975e+00
-8.975e+00
-8.975e+00
-8.975e+00
-8.839e+00
-9.117e+00
-8.976e+00
-8.975e+00
-8.975e+00
-8.975e+00
-8.975e+00
-8.975e+00
-8.975e+00
-8.975e+00
-8.975e+00
-8.975e+00
-8.975e+00
-8.975e+00
-8.975e+00
-8.975e+00
-8.975e+00
-8.975e+00
-8.975e+00
-8.975e+00
-8.975e+00
-8.839e+00
-9.117e+00
-8.976e+00
-8.975e+00
-8.975e+00
-8.975e+00
-8.975e+00
-8.975e+00
-8.975e+00
-8.975e+00
-8.975e+00
-8.975e+00
-8.975e+00
-8.975e+00
-8.975e+00
-8.975e+00
-8.975e+00
-8.975e+00
-8.975e+00
-8.975e+00
-8.975e+00
-8.839e+00
-9.117e+00
-8.976e+00
-8.975e+00
-8.975e+00
-8.975e+00
-8.975e+00
-8.975e+00
-8.975e+00
-8.975e+00
-8.975e+00
-8.975e+00
-8.975e+00
-8.975e+00
-8.975e+00
-8.975e+00
-8.975e+00
-8.975e+00
-8.975e+00
-8.975e+00
-8.975e+00
-8.839e+00
-9.117e+00
-8.976e+00
-8.975e+00
-8.975e+00
-8.975e+00
-8.975e+00
-8.975e+00
-8.975e+00
-8.975e+00
-8.975e+00
-8.975e+00
-8.975e+00
-8.975e+00
-8.975e+00
-8.975e+00
-8.975e+00
-8.975e+00
-8.975e+00
-8.975e+00
-8.975e+00
-8.839e+00
-9.117e+00
-8.976e+00
-8.975e+00
-8.975e+00
-8.975e+00
-8.975e+00
-8.975e+00
-8.975e+00
-8.975e+00
-8.975e+00
-8.975e+00
-8.975e+00
-8.975e+00
-8.975e+00
-8.975e+00
-8.975e+00
-8.975e+00
-8.975e+00
-8.975e+00
-8.975e+00
-8.839e+00
-9.086e+00
-8.980e+00
-8.980e+00
-8.980e+00
-8.980e+00
-8.980e+00
-8.980e+00
-8.980e+00
-8.980e+00
-8.980e+00
-8.980e+00
-8.980e+00
-8.980e+00
-8.980e+00
-8.980e+00
-8.980e+00
-8.980e+00
-8.980e+00
-8.980e+00
-8.980e+00
-8.850e+00
-1.950e+02
-1.898e+02
-1.876e+02
-1.876e+02
-1.876e+02
-1.876e+02
-1.876e+02
-1.876e+02
-1.876e+02
-1.876e+02
-1.876e+02
-1.876e+02
-1.876e+02
-1.876e+02
-1.876e+02
-1.876e+02
-1.876e+02
-1.876e+02
-1.876e+02
-1.876e+02
-1.768e+02
-1.951e+02
-1.948e+02
-1.948e+02
-1.948e+02
-1.948e+02
-1.948e+02
-1.948e+02
-1.948e+02
-1.948e+02
-1.948e+02
-1.948e+02
-1.948e+02
-1.948e+02
-1.948e+02
-1.948e+02
-1.948e+02
-1.948e+02
-1.948e+02
-1.948e+02
-1.948e+02
-1.943e+02
-1.951e+02
-1.948e+02
-1.948e+02
-1.948e+02
-1.948e+02
-1.948e+02
-1.948e+02
-1.948e+02
-1.948e+02
-1.948e+02
-1.948e+02
-1.948e+02
-1.948e+02
-1.948e+02
-1.948e+02
-1.948e+02
-1.948e+02
-1.948e+02
-1.948e+02
-1.948e+02
-1.942e+02
-1.951e+02
-1.948e+02
-1.948e+02
-1.948e+02
-1.948e+02
-1.948e+02
-1.948e+02
-1.948e+02
-1.948e+02
-1.948e+02
-1.948e+02
-1.948e+02
-1.948e+02
-1.948e+02
-1.948e+02
-1.948e+02
-1.948e+02
-1.948e+02
-1.948e+02
-1.948e+02
-1.942e+02
-1.951e+02
-1.948e+02
-1.948e+02
-1.948e+02
-1.948e+02
-1.948e+02
-1.948e+02
-1.948e+02
-1.948e+02
-1.948e+02
-1.948e+02
-1.948e+02
-1.948e+02
-1.948e+02
-1.948e+02
-1.948e+02
-1.948e+02
-1.948e+02
-1.948e+02
-1.948e+02
-1.942e+02
-1.951e+02
-1.948e+02
-1.948e+02
-1.948e+02
-1.948e+02
-1.948e+02
-1.948e+02
-1.948e+02
-1.948e+02
-1.948e+02
-1.948e+02
-1.948e+02
-1.948e+02
-1.948e+02
-1.948e+02
-1.948e+02
-1.948e+02
-1.948e+02
-1.948e+02
-1.948e+02
-1.942e+02
-1.951e+02
-1.948e+02
-1.948e+02
-1.948e+02
-1.948e+02
-1.948e+02
-1.948e+02
-1.948e+02
-1.948e+02
-1.948e+02
-1.948e+02
-1.948e+02
-1.948e+02
-1.948e+02
-1.948e+02
-1.948e+02
-1.948e+02
-1.948e+02
-1.948e+02
-1.948e+02
-1.942e+02
-1.951e+02
-1.948e+02
-1.948e+02
-1.948e+02
-1.948e+02
-1.948e+02
-1.948e+02
-1.948e+02
-1.948e+02
-1.948e+02
-1.948e+02
-1.948e+02
-1.948e+02
-1.948e+02
-1.948e+02
-1.948e+02
-1.948e+02
-1.948e+02
-1.948e+02
-1.948e+02
-1.942e+02
-1.951e+02
-1.948e+02
-1.948e+02
-1.948e+02
-1.948e+02
-1.948e+02
-1.948e+02
-1.948e+02
-1.948e+02
-1.948e+02
-1.948e+02
-1.948e+02
-1.948e+02
-1.948e+02
-1.948e+02
-1.948e+02
-1.948e+02
-1.948e+02
-1.948e+02
-1.948e+02
-1.942e+02
-1.951e+02
-1.948e+02
-1.948e+02
-1.948e+02
-1.948e+02
-1.948e+02
-1.948e+02
-1.948e+02
-1.948e+02
-1.948e+02
-1.948e+02
-1.948e+02
-1.948e+02
-1.948e+02
-1.948e+02
-1.948e+02
-1.948e+02
-1.948e+02
-1.948e+02
-1.948e+02
-1.942e+02
-1.949e+02
-1.945e+02
-1.942e+02
-1.942e+02
-1.942e+02
-1.942e+02
-1.942e+02
-1.942e+02
-1.942e+02
-1.942e+02
-1.942e+02
-1.942e+02
-1.942e+02
-1.942e+02
-1.942e+02
-1.942e+02
-1.942e+02
-1.942e+02
-1.942e+02
-1.942e+02
-1.938e+02
-1.158e+01
-9.877e+00
-9.875e+00
-9.875e+00
-9.875e+00
-9.875e+00
-9.875e+00
-9.875e+00
-9.875e+00
-9.875e+00
-9.875e+00
-9.875e+00
-9.875e+00
-9.875e+00
-9.875e+00
-9.875e+00
-9.875e+00
-9.875e+00
-9.875e+00
-9.864e+00
-7.742e+00
-9.877e+00
-7.742e+00
-7.742e+00
-7.742e+00
-7.742e+00
-7.742e+00
-7.742e+00
-7.742e+00
-7.742e+00
-7.742e+00
-7.742e+00
-7.742e+00
-7.742e+00
-7.742e+00
-7.742e+00
-7.742e+00
-7.742e+00
-7.742e+00
-7.742e+00
-7.742e+00
-6.468e+00
-9.875e+00
-7.742e+00
-7.742e+00
-7.742e+00
-7.742e+00
-7.742e+00
-7.742e+00
-7.742e+00
-7.742e+00
-7.742e+00
-7.742e+00
-7.742e+00
-7.742e+00
-7.742e+00
-7.742e+00
-7.742e+00
-7.742e+00
-7.742e+00
-7.742e+00
-7.742e+00
-6.472e+00
-9.875e+00
-7.742e+00
-7.742e+00
-7.742e+00
-7.742e+00
-7.742e+00
-7.742e+00
-7.742e+00
-7.742e+00
-7.742e+00
-7.742e+00
-7.742e+00
-7.742e+00
-7.742e+00
-7.742e+00
-7.742e+00
-7.742e+00
-7.742e+00
-7.742e+00
-7.742e+00
-6.472e+00
-9.875e+00
-7.742e+00
-7.742e+00
-7.742e+00
-7.742e+00
-7.742e+00
-7.742e+00
-7.742e+00
-7.742e+00
-7.742e+00
-7.742e+00
-7.742e+00
-7.742e+00
-7.742e+00
-7.742e+00
-7.742e+00
-7.742e+00
-7.742e+00
-7.742e+00
-7.742e+00
-6.472e+00
-9.875e+00
-7.742e+00
-7.742e+00
-7.742e+00
-7.742e+00
-7.742e+00
-7.742e+00
-7.742e+00
-7.742e+00
-7.742e+00
-7.742e+00
-7.742e+00
-7.742e+00
-7.742e+00
-7.742e+00
-7.742e+00
-7.742e+00
-7.742e+00
-7.742e+00
-7.742e+00
-6.472e+00
-9.875e+00
-7.742e+00
-7.742e+00
-7.742e+00
-7.742e+00
-7.742e+00
-7.742e+00
-7.742e+00
-7.742e+00
-7.742e+00
-7.742e+00
-7.742e+00
-7.742e+00
-7.742e+00
-7.742e+00
-7.742e+00
-7.742e+00
-7.742e+00
-7.742e+00
-7.742e+00
-6.472e+00
-9.875e+00
-7.742e+00
-7.742e+00
-7.742e+00
-7.742e+00
-7.742e+00
-7.742e+00
-7.742e+00
-7.742e+00
-7.742e+00
-7.742e+00
-7.742e+00
-7.742e+00
-7.742e+00
-7.742e+00
-7.742e+00
-7.742e+00
-7.742e+00
-7.742e+00
-7.742e+00
-6.472e+00
-9.875e+00
-7.742e+00
-7.742e+00
-7.742e+00
-7.742e+00
-7.742e+00
-7.742e+00
-7.742e+00
-7.742e+00
-7.742e+00
-7.742e+00
-7.742e+00
-7.742e+00
-7.742e+00
-7.742e+00
-7.742e+00
-7.742e+00
-7.742e+00
-7.742e+00
-7.742e+00
-6.472e+00
-9.895e+00
-7.746e+00
-7.746e+00
-7.746e+00
-7.746e+00
-7.746e+00
-7.746e+00
-7.746e+00
-7.746e+00
-7.746e+00
-7.746e+00
-7.746e+00
-7.746e+00
-7.746e+00
-7.746e+00
-7.746e+00
-7.746e+00
-7.746e+00
-7.746e+00
-7.746e+00
-6.472e+00
-1.445e+02
-8.522e+01
-8.660e+01
-8.660e+01
-8.660e+01
-8.660e+01
-8.660e+01
-8.660e+01
-8.660e+01
-8.660e+01
-8.660e+01
-8.660e+01
-8.660e+01
-8.660e+01
-8.660e+01
-8.660e+01
-8.660e+01
-8.660e+01
-8.660e+01
-8.648e+01
-4.998e+01
-1.451e+02
-8.079e+01
-8.093e+01
-8.093e+01
-8.093e+01
-8.093e+01
-8.093e+01
-8.093e+01
-8.093e+01
-8.093e+01
-8.093e+01
-8.093e+01
-8.093e+01
-8.093e+01
-8.093e+01
-8.093e+01
-8.093e+01
-8.093e+01
-8.093e+01
-8.082e+01
-4.360e+01
-1.450e+02
-8.077e+01
-8.091e+01
-8.091e+01
-8.091e+01
-8.091e+01
-8.091e+01
-8.091e+01
-8.091e+01
-8.091e+01
-8.091e+01
-8.091e+01
-8.091e+01
-8.091e+01
-8.091e+01
-8.091e+01
-8.091e+01
-8.091e+01
-8.091e+01
-8.080e+01
-4.359e+01
-1.450e+02
-8.077e+01
-8.091e+01
-8.091e+01
-8.091e+01
-8.091e+01
-8.091e+01
-8.091e+01
-8.091e+01
-8.091e+01
-8.091e+01
-8.091e+01
-8.091e+01
-8.091e+01
-8.091e+01
-8.091e+01
-8.091e+01
-8.091e+01
-8.091e+01
-8.080e+01
-4.359e+01
-1.450e+02
-8.077e+01
-8.091e+01
-8.091e+01
-8.091e+01
-8.091e+01
-8.091e+01
-8.091e+01
-8.091e+01
-8.091e+01
-8.091e+01
-8.091e+01
-8.091e+01
-8.091e+01
-8.091e+01
-8.091e+01
-8.091e+01
-8.091e+01
-8.091e+01
-8.080e+01
-4.359e+01
-1.450e+02
-8.077e+01
-8.091e+01
-8.091e+01
-8.091e+01
-8.091e+01
-8.091e+01
-8.091e+01
-8.091e+01
-8.091e+01
-8.091e+01
-8.091e+01
-8.091e+01
-8.091e+01
-8.091e+01
-8.091e+01
-8.091e+01
-8.091e+01
-8.091e+01
-8.080e+01
-4.359e+01
-1.450e+02
-8.077e+01
-8.091e+01
-8.091e+01
-8.091e+01
-8.091e+01
-8.091e+01
-8.091e+01
-8.091e+01
-8.091e+01
-8.091e+01
-8.091e+01
-8.091e+01
-8.091e+01
-8.091e+01
-8.091e+01
-8.091e+01
-8.091e+01
-8.091e+01
-8.080e+01
-4.359e+01
-1.450e+02
-8.077e+01
-8.091e+01
-8.091e+01
-8.091e+01
-8.091e+01
-8.091e+01
-8.091e+01
-8.091e+01
-8.091e+01
-8.091e+01
-8.091e+01
-8.091e+01
-8.091e+01
-8.091e+01
-8.091e+01
-8.091e+01
-8.091e+01
-8.091e+01
-8.080e+01
-4.359e+01
-1.450e+02
-8.077e+01
-8.091e+01
-8.091e+01
-8.091e+01
-8.091e+01
-8.091e+01
-8.091e+01
-8.091e+01
-8.091e+01
-8.091e+01
-8.091e+01
-8.091e+01
-8.091e+01
-8.091e+01
-8.091e+01
-8.091e+01
-8.091e+01
-8.091e+01
-8.080e+01
-4.359e+01
-1.447e+02
-8.067e+01
-8.080e+01
-8.080e+01
-8.080e+01
-8.080e+01
-8.080e+01
-8.080e+01
-8.080e+01
-8.080e+01
-8.080e+01
-8.080e+01
-8.080e+01
-8.080e+01
-8.080e+01
-8.080e+01
-8.080e+01
-8.080e+01
-8.080e+01
-8.068e+01
-4.359e+01
-8.057e+01
-4.355e+01
-4.359e+01
-4.359e+01
-4.359e+01
-4.359e+01
-4.359e+01
-4.359e+01
-4.359e+01
-4.359e+01
-4.359e+01
-4.359e+01
-4.359e+01
-4.359e+01
-4.359e+01
-4.359e+01
-4.359e+01
-4.359e+01
-4.359e+01
-4.359e+01
-3.384e+01
-6.058e+00
-6.031e+00
-6.031e+00
-6.031e+00
-6.031e+00
-6.031e+00
-6.031e+00
-6.031e+00
-6.031e+00
-6.031e+00
-6.031e+00
-6.031e+00
-6.031e+00
-6.031e+00
-6.031e+00
-6.031e+00
-6.031e+00
-6.031e+00
-6.031e+00
-6.031e+00
-5.989e+00
-6.031e+00
-5.988e+00
-5.987e+00
-5.987e+00
-5.987e+00
-5.987e+00
-5.987e+00
-5.987e+00
-5.987e+00
-5.987e+00
-5.987e+00
-5.987e+00
-5.987e+00
-5.987e+00
-5.987e+00
-5.987e+00
-5.987e+00
-5.987e+00
-5.987e+00
-5.988e+00
-5.943e+00
-6.031e+00
-5.987e+00
-5.986e+00
-5.986e+00
-5.986e+00
-5.986e+00
-5.986e+00
-5.986e+00
-5.986e+00
-5.986e+00
-5.986e+00
-5.986e+00
-5.986e+00
-5.986e+00
-5.986e+00
-5.986e+00
-5.986e+00
-5.986e+00
-5.986e+00
-5.986e+00
-5.941e+00
-6.031e+00
-5.987e+00
-5.986e+00
-5.986e+00
-5.986e+00
-5.986e+00
-5.986e+00
-5.986e+00
-5.986e+00
-5.986e+00
-5.986e+00
-5.986e+00
-5.986e+00
-5.986e+00
-5.986e+00
-5.986e+00
-5.986e+00
-5.986e+00
-5.986e+00
-5.986e+00
-5.941e+00
-6.031e+00
-5.987e+00
-5.986e+00
-5.986e+00
-5.986e+00
-5.986e+00
-5.986e+00
-5.986e+00
-5.986e+00
-5.986e+00
-5.986e+00
-5.986e+00
-5.986e+00
-5.986e+00
-5.986e+00
-5.986e+00
-5.986e+00
-5.986e+00
-5.986e+00
-5.986e+00
-5.941e+00
-6.031e+00
-5.987e+00
-5.986e+00
-5.986e+00
-5.986e+00
-5.986e+00
-5.986e+00
-5.986e+00
-5.986e+00
-5.986e+00
-5.986e+00
-5.986e+00
-5.986e+00
-5.986e+00
-5.986e+00
-5.986e+00
-5.986e+00
-5.986e+00
-5.986e+00
-5.986e+00
-5.941e+00
-6.031e+00
-5.987e+00
-5.986e+00
-5.986e+00
-5.986e+00
-5.986e+00
-5.986e+00
-5.986e+00
-5.986e+00
-5.986e+00
-5.986e+00
-5.986e+00
-5.986e+00
-5.986e+00
-5.986e+00
-5.986e+00
-5.986e+00
-5.986e+00
-5.986e+00
-5.986e+00
-5.941e+00
-6.031e+00
-5.987e+00
-5.986e+00
-5.986e+00
-5.986e+00
-5.986e+00
-5.986e+00
-5.986e+00
-5.986e+00
-5.986e+00
-5.986e+00
-5.986e+00
-5.986e+00
-5.986e+00
-5.986e+00
-5.986e+00
-5.986e+00
-5.986e+00
-5.986e+00
-5.986e+00
-5.941e+00
-6.031e+00
-5.987e+00
-5.986e+00
-5.986e+00
-5.986e+00
-5.986e+00
-5.986e+00
-5.986e+00
-5.986e+00
-5.986e+00
-5.986e+00
-5.986e+00
-5.986e+00
-5.986e+00
-5.986e+00
-5.986e+00
-5.986e+00
-5.986e+00
-5.986e+00
-5.986e+00
-5.941e+00
-6.027e+00
-5.986e+00
-5.986e+00
-5.986e+00
-5.986e+00
-5.986e+00
-5.986e+00
-5.986e+00
-5.986e+00
-5.986e+00
-5.986e+00
-5.986e+00
-5.986e+00
-5.986e+00
-5.986e+00
-5.986e+00
-5.986e+00
-5.986e+00
-5.986e+00
-5.986e+00
-5.941e+00
-7.648e+00
-7.553e+00
-7.547e+00
-7.547e+00
-7.547e+00
-7.547e+00
-7.547e+00
-7.547e+00
-7.547e+00
-7.547e+00
-7.547e+00
-7.547e+00
-7.547e+00
-7.547e+00
-7.547e+00
-7.547e+00
-7.547e+00
-7.547e+00
-7.547e+00
-7.548e+00
-7.420e+00
-7.600e+00
-7.464e+00
-7.453e+00
-7.453e+00
-7.453e+00
-7.453e+00
-7.453e+00
-7.453e+00
-7.453e+00
-7.453e+00
-7.453e+00
-7.453e+00
-7.453e+00
-7.453e+00
-7.453e+00
-7.453e+00
-7.453e+00
-7.453e+00
-7.453e+00
-7.456e+00
-7.316e+00
-7.600e+00
-7.466e+00
-7.453e+00
-7.453e+00
-7.453e+00
-7.453e+00
-7.453e+00
-7.453e+00
-7.453e+00
-7.453e+00
-7.453e+00
-7.453e+00
-7.453e+00
-7.453e+00
-7.453e+00
-7.453e+00
-7.453e+00
-7.453e+00
-7.453e+00
-7.456e+00
-7.318e+00
-7.600e+00
-7.466e+00
-7.453e+00
-7.453e+00
-7.453e+00
-7.453e+00
-7.453e+00
-7.453e+00
-7.453e+00
-7.453e+00
-7.453e+00
-7.453e+00
-7.453e+00
-7.453e+00
-7.453e+00
-7.453e+00
-7.453e+00
-7.453e+00
-7.453e+00
-7.456e+00
-7.318e+00
-7.600e+00
-7.466e+00
-7.453e+00
-7.453e+00
-7.453e+00
-7.453e+00
-7.453e+00
-7.453e+00
-7.453e+00
-7.453e+00
-7.453e+00
-7.453e+00
-7.453e+00
-7.453e+00
-7.453e+00
-7.453e+00
-7.453e+00
-7.453e+00
-7.453e+00
-7.456e+00
-7.318e+00
-7.600e+00
-7.466e+00
-7.453e+00
-7.453e+00
-7.453e+00
-7.453e+00
-7.453e+00
-7.453e+00
-7.453e+00
-7.453e+00
-7.453e+00
-7.453e+00
-7.453e+00
-7.453e+00
-7.453e+00
-7.453e+00
-7.453e+00
-7.453e+00
-7.453e+00
-7.456e+00
-7.318e+00
-7.600e+00
-7.466e+00
-7.453e+00
-7.453e+00
-7.453e+00
-7.453e+00
-7.453e+00
-7.453e+00
-7.453e+00
-7.453e+00
-7.453e+00
-7.453e+00
-7.453e+00
-7.453e+00
-7.453e+00
-7.453e+00
-7.453e+00
-7.453e+00
-7.453e+00
-7.456e+00
-7.318e+00
-7.600e+00
-7.466e+00
-7.453e+00
-7.453e+00
-7.453e+00
-7.453e+00
-7.453e+00
-7.453e+00
-7.453e+00
-7.453e+00
-7.453e+00
-7.453e+00
-7.453e+00
-7.453e+00
-7.453e+00
-7.453e+00
-7.453e+00
-7.453e+00
-7.453e+00
-7.456e+00
-7.318e+00
-7.600e+00
-7.466e+00
-7.453e+00
-7.453e+00
-7.453e+00
-7.453e+00
-7.453e+00
-7.453e+00
-7.453e+00
-7.453e+00
-7.453e+00
-7.453e+00
-7.453e+00
-7.453e+00
-7.453e+00
-7.453e+00
-7.453e+00
-7.453e+00
-7.453e+00
-7.456e+00
-7.318e+00
-7.604e+00
-7.465e+00
-7.456e+00
-7.456e+00
-7.456e+00
-7.456e+00
-7.456e+00
-7.456e+00
-7.456e+00
-7.456e+00
-7.456e+00
-7.456e+00
-7.456e+00
-7.456e+00
-7.456e+00
-7.456e+00
-7.456e+00
-7.456e+00
-7.456e+00
-7.456e+00
-7.321e+00
-7.469e+00
-7.338e+00
-7.318e+00
-7.318e+00
-7.318e+00
-7.318e+00
-7.318e+00
-7.318e+00
-7.318e+00
-7.318e+00
-7.318e+00
-7.318e+00
-7.318e+00
-7.318e+00
-7.318e+00
-7.318e+00
-7.318e+00
-7.318e+00
-7.318e+00
-7.321e+00
-7.247e+00
-6.926e+00
-5.965e+00
-5.965e+00
-5.965e+00
-5.965e+00
-5.965e+00
-5.965e+00
-5.965e+00
-5.965e+00
-5.965e+00
-5.965e+00
-5.965e+00
-5.965e+00
-5.965e+00
-5.965e+00
-5.965e+00
-5.965e+00
-5.965e+00
-5.965e+00
-5.962e+00
-4.793e+00
-5.965e+00
-4.795e+00
-4.795e+00
-4.795e+00
-4.795e+00
-4.795e+00
-4.795e+00
-4.795e+00
-4.795e+00
-4.795e+00
-4.795e+00
-4.795e+00
-4.795e+00
-4.795e+00
-4.795e+00
-4.795e+00
-4.795e+00
-4.795e+00
-4.795e+00
-4.795e+00
-4.124e+00
-5.965e+00
-4.795e+00
-4.795e+00
-4.795e+00
-4.795e+00
-4.795e+00
-4.795e+00
-4.795e+00
-4.795e+00
-4.795e+00
-4.795e+00
-4.795e+00
-4.795e+00
-4.795e+00
-4.795e+00
-4.795e+00
-4.795e+00
-4.795e+00
-4.795e+00
-4.795e+00
-4.124e+00
-5.965e+00
-4.795e+00
-4.795e+00
-4.795e+00
-4.795e+00
-4.795e+00
-4.795e+00
-4.795e+00
-4.795e+00
-4.795e+00
-4.795e+00
-4.795e+00
-4.795e+00
-4.795e+00
-4.795e+00
-4.795e+00
-4.795e+00
-4.795e+00
-4.795e+00
-4.795e+00
-4.124e+00
-5.965e+00
-4.795e+00
-4.795e+00
-4.795e+00
-4.795e+00
-4.795e+00
-4.795e+00
-4.795e+00
-4.795e+00
-4.795e+00
-4.795e+00
-4.795e+00
-4.795e+00
-4.795e+00
-4.795e+00
-4.795e+00
-4.795e+00
-4.795e+00
-4.795e+00
-4.795e+00
-4.124e+00
-5.965e+00
-4.795e+00
-4.795e+00
-4.795e+00
-4.795e+00
-4.795e+00
-4.795e+00
-4.795e+00
-4.795e+00
-4.795e+00
-4.795e+00
-4.795e+00
-4.795e+00
-4.795e+00
-4.795e+00
-4.795e+00
-4.795e+00
-4.795e+00
-4.795e+00
-4.795e+00
-4.124e+00
-5.965e+00
-4.795e+00
-4.795e+00
-4.795e+00
-4.795e+00
-4.795e+00
-4.795e+00
-4.795e+00
-4.795e+00
-4.795e+00
-4.795e+00
-4.795e+00
-4.795e+00
-4.795e+00
-4.795e+00
-4.795e+00
-4.795e+00
-4.795e+00
-4.795e+00
-4.795e+00
-4.124e+00
-5.965e+00
-4.795e+00
-4.795e+00
-4.795e+00
-4.795e+00
-4.795e+00
-4.795e+00
-4.795e+00
-4.795e+00
-4.795e+00
-4.795e+00
-4.795e+00
-4.795e+00
-4.795e+00
-4.795e+00
-4.795e+00
-4.795e+00
-4.795e+00
-4.795e+00
-4.795e+00
-4.124e+00
-5.965e+00
-4.795e+00
-4.795e+00
-4.795e+00
-4.795e+00
-4.795e+00
-4.795e+00
-4.795e+00
-4.795e+00
-4.795e+00
-4.795e+00
-4.795e+00
-4.795e+00
-4.795e+00
-4.795e+00
-4.795e+00
-4.795e+00
-4.795e+00
-4.795e+00
-4.795e+00
-4.124e+00
-5.958e+00
-4.793e+00
-4.793e+00
-4.793e+00
-4.793e+00
-4.793e+00
-4.793e+00
-4.793e+00
-4.793e+00
-4.793e+00
-4.793e+00
-4.793e+00
-4.793e+00
-4.793e+00
-4.793e+00
-4.793e+00
-4.793e+00
-4.793e+00
-4.793e+00
-4.792e+00
-4.124e+00
-3.127e+00
-2.867e+00
-2.867e+00
-2.867e+00
-2.867e+00
-2.867e+00
-2.867e+00
-2.867e+00
-2.867e+00
-2.867e+00
-2.867e+00
-2.867e+00
-2.867e+00
-2.867e+00
-2.867e+00
-2.867e+00
-2.867e+00
-2.867e+00
-2.867e+00
-2.867e+00
-2.692e+00
-3.126e+00
-2.863e+00
-2.865e+00
-2.865e+00
-2.865e+00
-2.865e+00
-2.865e+00
-2.865e+00
-2.865e+00
-2.865e+00
-2.865e+00
-2.865e+00
-2.865e+00
-2.865e+00
-2.865e+00
-2.865e+00
-2.865e+00
-2.865e+00
-2.865e+00
-2.865e+00
-2.692e+00
-3.126e+00
-2.863e+00
-2.865e+00
-2.865e+00
-2.865e+00
-2.865e+00
-2.865e+00
-2.865e+00
-2.865e+00
-2.865e+00
-2.865e+00
-2.865e+00
-2.865e+00
-2.865e+00
-2.865e+00
-2.865e+00
-2.865e+00
-2.865e+00
-2.865e+00
-2.865e+00
-2.692e+00
-3.126e+00
-2.863e+00
-2.865e+00
-2.865e+00
-2.865e+00
-2.865e+00
-2.865e+00
-2.865e+00
-2.865e+00
-2.865e+00
-2.865e+00
-2.865e+00
-2.865e+00
-2.865e+00
-2.865e+00
-2.865e+00
-2.865e+00
-2.865e+00
-2.865e+00
-2.865e+00
-2.692e+00
-3.126e+00
-2.863e+00
-2.865e+00
-2.865e+00
-2.865e+00
-2.865e+00
-2.865e+00
-2.865e+00
-2.865e+00
-2.865e+00
-2.865e+00
-2.865e+00
-2.865e+00
-2.865e+00
-2.865e+00
-2.865e+00
-2.865e+00
-2.865e+00
-2.865e+00
-2.865e+00
-2.692e+00
-3.126e+00
-2.863e+00
-2.865e+00
-2.865e+00
-2.865e+00
-2.865e+00
-2.865e+00
-2.865e+00
-2.865e+00
-2.865e+00
-2.865e+00
-2.865e+00
-2.865e+00
-2.865e+00
-2.865e+00
-2.865e+00
-2.865e+00
-2.865e+00
-2.865e+00
-2.865e+00
-2.692e+00
-3.126e+00
-2.863e+00
-2.865e+00
-2.865e+00
-2.865e+00
-2.865e+00
-2.865e+00
-2.865e+00
-2.865e+00
-2.865e+00
-2.865e+00
-2.865e+00
-2.865e+00
-2.865e+00
-2.865e+00
-2.865e+00
-2.865e+00
-2.865e+00
-2.865e+00
-2.865e+00
-2.692e+00
-3.126e+00
-2.863e+00
-2.865e+00
-2.865e+00
-2.865e+00
-2.865e+00
-2.865e+00
-2.865e+00
-2.865e+00
-2.865e+00
-2.865e+00
-2.865e+00
-2.865e+00
-2.865e+00
-2.865e+00
-2.865e+00
-2.865e+00
-2.865e+00
-2.865e+00
-2.865e+00
-2.692e+00
-3.126e+00
-2.863e+00
-2.865e+00
-2.865e+00
-2.865e+00
-2.865e+00
-2.865e+00
-2.865e+00
-2.865e+00
-2.865e+00
-2.865e+00
-2.865e+00
-2.865e+00
-2.865e+00
-2.865e+00
-2.865e+00
-2.865e+00
-2.865e+00
-2.865e+00
-2.865e+00
-2.692e+00
-3.126e+00
-2.862e+00
-2.865e+00
-2.865e+00
-2.865e+00
-2.865e+00
-2.865e+00
-2.865e+00
-2.865e+00
-2.865e+00
-2.865e+00
-2.865e+00
-2.865e+00
-2.865e+00
-2.865e+00
-2.865e+00
-2.865e+00
-2.865e+00
-2.865e+00
-2.864e+00
-2.692e+00
-2.862e+00
-2.688e+00
-2.692e+00
-2.692e+00
-2.692e+00
-2.692e+00
-2.692e+00
-2.692e+00
-2.692e+00
-2.692e+00
-2.692e+00
-2.692e+00
-2.692e+00
-2.692e+00
-2.692e+00
-2.692e+00
-2.692e+00
-2.692e+00
-2.692e+00
-2.692e+00
-2.624e+00
-3.102e+00
-3.102e+00
-3.102e+00
-3.102e+00
-3.102e+00
-3.102e+00
-3.102e+00
-3.102e+00
-3.102e+00
-3.102e+00
-3.102e+00
-3.102e+00
-3.102e+00
-3.102e+00
-3.102e+00
-3.102e+00
-3.102e+00
-3.102e+00
-3.102e+00
-3.102e+00
-3.098e+00
-3.102e+00
-3.097e+00
-3.097e+00
-3.097e+00
-3.097e+00
-3.097e+00
-3.097e+00
-3.097e+00
-3.097e+00
-3.097e+00
-3.097e+00
-3.097e+00
-3.097e+00
-3.097e+00
-3.097e+00
-3.097e+00
-3.097e+00
-3.097e+00
-3.097e+00
-3.097e+00
-3.095e+00
-3.102e+00
-3.097e+00
-3.097e+00
-3.097e+00
-3.097e+00
-3.097e+00
-3.097e+00
-3.097e+00
-3.097e+00
-3.097e+00
-3.097e+00
-3.097e+00
-3.097e+00
-3.097e+00
-3.097e+00
-3.097e+00
-3.097e+00
-3.097e+00
-3.097e+00
-3.097e+00
-3.095e+00
-3.102e+00
-3.097e+00
-3.097e+00
-3.097e+00
-3.097e+00
-3.097e+00
-3.097e+00
-3.097e+00
-3.097e+00
-3.097e+00
-3.097e+00
-3.097e+00
-3.097e+00
-3.097e+00
-3.097e+00
-3.097e+00
-3.097e+00
-3.097e+00
-3.097e+00
-3.097e+00
-3.095e+00
-3.102e+00
-3.097e+00
-3.097e+00
-3.097e+00
-3.097e+00
-3.097e+00
-3.097e+00
-3.097e+00
-3.097e+00
-3.097e+00
-3.097e+00
-3.097e+00
-3.097e+00
-3.097e+00
-3.097e+00
-3.097e+00
-3.097e+00
-3.097e+00
-3.097e+00
-3.097e+00
-3.095e+00
-3.102e+00
-3.097e+00
-3.097e+00
-3.097e+00
-3.097e+00
-3.097e+00
-3.097e+00
-3.097e+00
-3.097e+00
-3.097e+00
-3.097e+00
-3.097e+00
-3.097e+00
-3.097e+00
-3.097e+00
-3.097e+00
-3.097e+00
-3.097e+00
-3.097e+00
-3.097e+00
-3.095e+00
-3.102e+00
-3.097e+00
-3.097e+00
-3.097e+00
-3.097e+00
-3.097e+00
-3.097e+00
-3.097e+00
-3.097e+00
-3.097e+00
-3.097e+00
-3.097e+00
-3.097e+00
-3.097e+00
-3.097e+00
-3.097e+00
-3.097e+00
-3.097e+00
-3.097e+00
-3.097e+00
-3.095e+00
-3.102e+00
-3.097e+00
-3.097e+00
-3.097e+00
-3.097e+00
-3.097e+00
-3.097e+00
-3.097e+00
-3.097e+00
-3.097e+00
-3.097e+00
-3.097e+00
-3.097e+00
-3.097e+00
-3.097e+00
-3.097e+00
-3.097e+00
-3.097e+00
-3.097e+00
-3.097e+00
-3.095e+00
-3.102e+00
-3.097e+00
-3.097e+00
-3.097e+00
-3.097e+00
-3.097e+00
-3.097e+00
-3.097e+00
-3.097e+00
-3.097e+00
-3.097e+00
-3.097e+00
-3.097e+00
-3.097e+00
-3.097e+00
-3.097e+00
-3.097e+00
-3.097e+00
-3.097e+00
-3.097e+00
-3.095e+00
-3.097e+00
-3.095e+00
-3.095e+00
-3.095e+00
-3.095e+00
-3.095e+00
-3.095e+00
-3.095e+00
-3.095e+00
-3.095e+00
-3.095e+00
-3.095e+00
-3.095e+00
-3.095e+00
-3.095e+00
-3.095e+00
-3.095e+00
-3.095e+00
-3.095e+00
-3.095e+00
-3.092e+00
-1.561e+00
-1.561e+00
-1.561e+00
-1.561e+00
-1.561e+00
-1.561e+00
-1.561e+00
-1.561e+00
-1.561e+00
-1.561e+00
-1.561e+00
-1.561e+00
-1.561e+00
-1.561e+00
-1.561e+00
-1.561e+00
-1.561e+00
-1.561e+00
-1.561e+00
-1.561e+00
-1.561e+00
-1.561e+00
-1.564e+00
-1.564e+00
-1.564e+00
-1.564e+00
-1.564e+00
-1.564e+00
-1.564e+00
-1.564e+00
-1.564e+00
-1.564e+00
-1.564e+00
-1.564e+00
-1.564e+00
-1.564e+00
-1.564e+00
-1.564e+00
-1.564e+00
-1.564e+00
-1.565e+00
-1.565e+00
-1.561e+00
-1.564e+00
-1.564e+00
-1.564e+00
-1.564e+00
-1.564e+00
-1.564e+00
-1.564e+00
-1.564e+00
-1.564e+00
-1.564e+00
-1.564e+00
-1.564e+00
-1.564e+00
-1.564e+00
-1.564e+00
-1.564e+00
-1.564e+00
-1.564e+00
-1.565e+00
-1.565e+00
-1.561e+00
-1.564e+00
-1.564e+00
-1.564e+00
-1.564e+00
-1.564e+00
-1.564e+00
-1.564e+00
-1.564e+00
-1.564e+00
-1.564e+00
-1.564e+00
-1.564e+00
-1.564e+00
-1.564e+00
-1.564e+00
-1.564e+00
-1.564e+00
-1.564e+00
-1.565e+00
-1.565e+00
-1.561e+00
-1.564e+00
-1.564e+00
-1.564e+00
-1.564e+00
-1.564e+00
-1.564e+00
-1.564e+00
-1.564e+00
-1.564e+00
-1.564e+00
-1.564e+00
-1.564e+00
-1.564e+00
-1.564e+00
-1.564e+00
-1.564e+00
-1.564e+00
-1.564e+00
-1.565e+00
-1.565e+00
-1.561e+00
-1.564e+00
-1.564e+00
-1.564e+00
-1.564e+00
-1.564e+00
-1.564e+00
-1.564e+00
-1.564e+00
-1.564e+00
-1.564e+00
-1.564e+00
-1.564e+00
-1.564e+00
-1.564e+00
-1.564e+00
-1.564e+00
-1.564e+00
-1.564e+00
-1.565e+00
-1.565e+00
-1.561e+00
-1.564e+00
-1.564e+00
-1.564e+00
-1.564e+00
-1.564e+00
-1.564e+00
-1.564e+00
-1.564e+00
-1.564e+00
-1.564e+00
-1.564e+00
-1.564e+00
-1.564e+00
-1.564e+00
-1.564e+00
-1.564e+00
-1.564e+00
-1.564e+00
-1.565e+00
-1.565e+00
-1.561e+00
-1.564e+00
-1.564e+00
-1.564e+00
-1.564e+00
-1.564e+00
-1.564e+00
-1.564e+00
-1.564e+00
-1.564e+00
-1.564e+00
-1.564e+00
-1.564e+00
-1.564e+00
-1.564e+00
-1.564e+00
-1.564e+00
-1.564e+00
-1.564e+00
-1.565e+00
-1.565e+00
-1.561e+00
-1.564e+00
-1.564e+00
-1.564e+00
-1.564e+00
-1.564e+00
-1.564e+00
-1.564e+00
-1.564e+00
-1.564e+00
-1.564e+00
-1.564e+00
-1.564e+00
-1.564e+00
-1.564e+00
-1.564e+00
-1.564e+00
-1.564e+00
-1.564e+00
-1.565e+00
-1.565e+00
-1.564e+00
-1.565e+00
-1.565e+00
-1.565e+00
-1.565e+00
-1.565e+00
-1.565e+00
-1.565e+00
-1.565e+00
-1.565e+00
-1.565e+00
-1.565e+00
-1.565e+00
-1.565e+00
-1.565e+00
-1.565e+00
-1.565e+00
-1.565e+00
-1.565e+00
-1.565e+00
-1.565e+00
-1.565e+00
-1.565e+00
-1.565e+00
-1.565e+00
-1.565e+00
-1.565e+00
-1.565e+00
-1.565e+00
-1.565e+00
-1.565e+00
-1.565e+00
-1.565e+00
-1.565e+00
-1.565e+00
-1.565e+00
-1.565e+00
-1.565e+00
-1.565e+00
-1.565e+00
-1.565e+00
-1.565e+00
-2.435e+00
-2.353e+00
-2.353e+00
-2.353e+00
-2.353e+00
-2.353e+00
-2.353e+00
-2.353e+00
-2.353e+00
-2.353e+00
-2.353e+00
-2.353e+00
-2.353e+00
-2.353e+00
-2.353e+00
-2.353e+00
-2.353e+00
-2.353e+00
-2.353e+00
-2.353e+00
-2.220e+00
-2.353e+00
-2.220e+00
-2.220e+00
-2.220e+00
-2.220e+00
-2.220e+00
-2.220e+00
-2.220e+00
-2.220e+00
-2.220e+00
-2.220e+00
-2.220e+00
-2.220e+00
-2.220e+00
-2.220e+00
-2.220e+00
-2.220e+00
-2.220e+00
-2.220e+00
-2.220e+00
-2.121e+00
-2.353e+00
-2.220e+00
-2.220e+00
-2.220e+00
-2.220e+00
-2.220e+00
-2.220e+00
-2.220e+00
-2.220e+00
-2.220e+00
-2.220e+00
-2.220e+00
-2.220e+00
-2.220e+00
-2.220e+00
-2.220e+00
-2.220e+00
-2.220e+00
-2.220e+00
-2.220e+00
-2.121e+00
-2.353e+00
-2.220e+00
-2.220e+00
-2.220e+00
-2.220e+00
-2.220e+00
-2.220e+00
-2.220e+00
-2.220e+00
-2.220e+00
-2.220e+00
-2.220e+00
-2.220e+00
-2.220e+00
-2.220e+00
-2.220e+00
-2.220e+00
-2.220e+00
-2.220e+00
-2.220e+00
-2.121e+00
-2.353e+00
-2.220e+00
-2.220e+00
-2.220e+00
-2.220e+00
-2.220e+00
-2.220e+00
-2.220e+00
-2.220e+00
-2.220e+00
-2.220e+00
-2.220e+00
-2.220e+00
-2.220e+00
-2.220e+00
-2.220e+00
-2.220e+00
-2.220e+00
-2.220e+00
-2.220e+00
-2.121e+00
-2.353e+00
-2.220e+00
-2.220e+00
-2.220e+00
-2.220e+00
-2.220e+00
-2.220e+00
-2.220e+00
-2.220e+00
-2.220e+00
-2.220e+00
-2.220e+00
-2.220e+00
-2.220e+00
-2.220e+00
-2.220e+00
-2.220e+00
-2.220e+00
-2.220e+00
-2.220e+00
-2.121e+00
-2.353e+00
-2.220e+00
-2.220e+00
-2.220e+00
-2.220e+00
-2.220e+00
-2.220e+00
-2.220e+00
-2.220e+00
-2.220e+00
-2.220e+00
-2.220e+00
-2.220e+00
-2.220e+00
-2.220e+00
-2.220e+00
-2.220e+00
-2.220e+00
-2.220e+00
-2.220e+00
-2.121e+00
-2.353e+00
-2.220e+00
-2.220e+00
-2.220e+00
-2.220e+00
-2.220e+00
-2.220e+00
-2.220e+00
-2.220e+00
-2.220e+00
-2.220e+00
-2.220e+00
-2.220e+00
-2.220e+00
-2.220e+00
-2.220e+00
-2.220e+00
-2.220e+00
-2.220e+00
-2.220e+00
-2.121e+00
-2.353e+00
-2.220e+00
-2.220e+00
-2.220e+00
-2.220e+00
-2.220e+00
-2.220e+00
-2.220e+00
-2.220e+00
-2.220e+00
-2.220e+00
-2.220e+00
-2.220e+00
-2.220e+00
-2.220e+00
-2.220e+00
-2.220e+00
-2.220e+00
-2.220e+00
-2.220e+00
-2.121e+00
-2.352e+00
-2.218e+00
-2.218e+00
-2.218e+00
-2.218e+00
-2.218e+00
-2.218e+00
-2.218e+00
-2.218e+00
-2.218e+00
-2.218e+00
-2.218e+00
-2.218e+00
-2.218e+00
-2.218e+00
-2.218e+00
-2.218e+00
-2.218e+00
-2.218e+00
-2.218e+00
-2.121e+00
-1.444e+00
-1.445e+00
-1.445e+00
-1.445e+00
-1.445e+00
-1.445e+00
-1.445e+00
-1.445e+00
-1.445e+00
-1.445e+00
-1.445e+00
-1.445e+00
-1.445e+00
-1.445e+00
-1.445e+00
-1.445e+00
-1.445e+00
-1.445e+00
-1.445e+00
-1.445e+00
-1.447e+00
-1.443e+00
-1.445e+00
-1.445e+00
-1.445e+00
-1.445e+00
-1.445e+00
-1.445e+00
-1.445e+00
-1.445e+00
-1.445e+00
-1.445e+00
-1.445e+00
-1.445e+00
-1.445e+00
-1.445e+00
-1.445e+00
-1.445e+00
-1.445e+00
-1.445e+00
-1.445e+00
-1.447e+00
-1.443e+00
-1.445e+00
-1.445e+00
-1.445e+00
-1.445e+00
-1.445e+00
-1.445e+00
-1.445e+00
-1.445e+00
-1.445e+00
-1.445e+00
-1.445e+00
-1.445e+00
-1.445e+00
-1.445e+00
-1.445e+00
-1.445e+00
-1.445e+00
-1.445e+00
-1.445e+00
-1.447e+00
-1.443e+00
-1.445e+00
-1.445e+00
-1.445e+00
-1.445e+00
-1.445e+00
-1.445e+00
-1.445e+00
-1.445e+00
-1.445e+00
-1.445e+00
-1.445e+00
-1.445e+00
-1.445e+00
-1.445e+00
-1.445e+00
-1.445e+00
-1.445e+00
-1.445e+00
-1.445e+00
-1.447e+00
-1.443e+00
-1.445e+00
-1.445e+00
-1.445e+00
-1.445e+00
-1.445e+00
-1.445e+00
-1.445e+00
-1.445e+00
-1.445e+00
-1.445e+00
-1.445e+00
-1.445e+00
-1.445e+00
-1.445e+00
-1.445e+00
-1.445e+00
-1.445e+00
-1.445e+00
-1.445e+00
-1.447e+00
-1.443e+00
-1.445e+00
-1.445e+00
-1.445e+00
-1.445e+00
-1.445e+00
-1.445e+00
-1.445e+00
-1.445e+00
-1.445e+00
-1.445e+00
-1.445e+00
-1.445e+00
-1.445e+00
-1.445e+00
-1.445e+00
-1.445e+00
-1.445e+00
-1.445e+00
-1.445e+00
-1.447e+00
-1.443e+00
-1.445e+00
-1.445e+00
-1.445e+00
-1.445e+00
-1.445e+00
-1.445e+00
-1.445e+00
-1.445e+00
-1.445e+00
-1.445e+00
-1.445e+00
-1.445e+00
-1.445e+00
-1.445e+00
-1.445e+00
-1.445e+00
-1.445e+00
-1.445e+00
-1.445e+00
-1.447e+00
-1.443e+00
-1.445e+00
-1.445e+00
-1.445e+00
-1.445e+00
-1.445e+00
-1.445e+00
-1.445e+00
-1.445e+00
-1.445e+00
-1.445e+00
-1.445e+00
-1.445e+00
-1.445e+00
-1.445e+00
-1.445e+00
-1.445e+00
-1.445e+00
-1.445e+00
-1.445e+00
-1.447e+00
-1.443e+00
-1.445e+00
-1.445e+00
-1.445e+00
-1.445e+00
-1.445e+00
-1.445e+00
-1.445e+00
-1.445e+00
-1.445e+00
-1.445e+00
-1.445e+00
-1.445e+00
-1.445e+00
-1.445e+00
-1.445e+00
-1.445e+00
-1.445e+00
-1.445e+00
-1.445e+00
-1.447e+00
-1.443e+00
-1.445e+00
-1.445e+00
-1.445e+00
-1.445e+00
-1.445e+00
-1.445e+00
-1.445e+00
-1.445e+00
-1.445e+00
-1.445e+00
-1.445e+00
-1.445e+00
-1.445e+00
-1.445e+00
-1.445e+00
-1.445e+00
-1.445e+00
-1.445e+00
-1.445e+00
-1.447e+00
-1.445e+00
-1.447e+00
-1.447e+00
-1.447e+00
-1.447e+00
-1.447e+00
-1.447e+00
-1.447e+00
-1.447e+00
-1.447e+00
-1.447e+00
-1.447e+00
-1.447e+00
-1.447e+00
-1.447e+00
-1.447e+00
-1.447e+00
-1.447e+00
-1.447e+00
-1.447e+00
-1.447e+00
-1.334e+00
-1.334e+00
-1.334e+00
-1.334e+00
-1.334e+00
-1.334e+00
-1.334e+00
-1.334e+00
-1.334e+00
-1.334e+00
-1.334e+00
-1.334e+00
-1.334e+00
-1.334e+00
-1.334e+00
-1.334e+00
-1.334e+00
-1.334e+00
-1.334e+00
-1.334e+00
-1.334e+00
-1.334e+00
-1.334e+00
-1.334e+00
-1.334e+00
-1.334e+00
-1.334e+00
-1.334e+00
-1.334e+00
-1.334e+00
-1.334e+00
-1.334e+00
-1.334e+00
-1.334e+00
-1.334e+00
-1.334e+00
-1.334e+00
-1.334e+00
-1.334e+00
-1.334e+00
-1.334e+00
-1.333e+00
-1.334e+00
-1.334e+00
-1.334e+00
-1.334e+00
-1.334e+00
-1.334e+00
-1.334e+00
-1.334e+00
-1.334e+00
-1.334e+00
-1.334e+00
-1.334e+00
-1.334e+00
-1.334e+00
-1.334e+00
-1.334e+00
-1.334e+00
-1.334e+00
-1.334e+00
-1.334e+00
-1.333e+00
-1.334e+00
-1.334e+00
-1.334e+00
-1.334e+00
-1.334e+00
-1.334e+00
-1.334e+00
-1.334e+00
-1.334e+00
-1.334e+00
-1.334e+00
-1.334e+00
-1.334e+00
-1.334e+00
-1.334e+00
-1.334e+00
-1.334e+00
-1.334e+00
-1.334e+00
-1.334e+00
-1.333e+00
-1.334e+00
-1.334e+00
-1.334e+00
-1.334e+00
-1.334e+00
-1.334e+00
-1.334e+00
-1.334e+00
-1.334e+00
-1.334e+00
-1.334e+00
-1.334e+00
-1.334e+00
-1.334e+00
-1.334e+00
-1.334e+00
-1.334e+00
-1.334e+00
-1.334e+00
-1.334e+00
-1.333e+00
-1.334e+00
-1.334e+00
-1.334e+00
-1.334e+00
-1.334e+00
-1.334e+00
-1.334e+00
-1.334e+00
-1.334e+00
-1.334e+00
-1.334e+00
-1.334e+00
-1.334e+00
-1.334e+00
-1.334e+00
-1.334e+00
-1.334e+00
-1.334e+00
-1.334e+00
-1.334e+00
-1.333e+00
-1.334e+00
-1.334e+00
-1.334e+00
-1.334e+00
-1.334e+00
-1.334e+00
-1.334e+00
-1.334e+00
-1.334e+00
-1.334e+00
-1.334e+00
-1.334e+00
-1.334e+00
-1.334e+00
-1.334e+00
-1.334e+00
-1.334e+00
-1.334e+00
-1.334e+00
-1.334e+00
-1.333e+00
-1.334e+00
-1.334e+00
-1.334e+00
-1.334e+00
-1.334e+00
-1.334e+00
-1.334e+00
-1.334e+00
-1.334e+00
-1.334e+00
-1.334e+00
-1.334e+00
-1.334e+00
-1.334e+00
-1.334e+00
-1.334e+00
-1.334e+00
-1.334e+00
-1.334e+00
-1.334e+00
-1.333e+00
-1.334e+00
-1.334e+00
-1.334e+00
-1.334e+00
-1.334e+00
-1.334e+00
-1.334e+00
-1.334e+00
-1.334e+00
-1.334e+00
-1.334e+00
-1.334e+00
-1.334e+00
-1.334e+00
-1.334e+00
-1.334e+00
-1.334e+00
-1.334e+00
-1.334e+00
-1.334e+00
-1.333e+00
-1.334e+00
-1.333e+00
-1.333e+00
-1.333e+00
-1.333e+00
-1.333e+00
-1.333e+00
-1.333e+00
-1.333e+00
-1.333e+00
-1.333e+00
-1.333e+00
-1.333e+00
-1.333e+00
-1.333e+00
-1.333e+00
-1.333e+00
-1.333e+00
-1.333e+00
-1.333e+00
-1.333e+00
-1.160e+00
-1.160e+00
-1.160e+00
-1.160e+00
-1.160e+00
-1.160e+00
-1.160e+00
-1.160e+00
-1.160e+00
-1.160e+00
-1.160e+00
-1.160e+00
-1.160e+00
-1.160e+00
-1.160e+00
-1.160e+00
-1.160e+00
-1.160e+00
-1.160e+00
-1.160e+00
-1.160e+00
-1.160e+00
-1.160e+00
-1.160e+00
-1.160e+00
-1.160e+00
-1.160e+00
-1.160e+00
-1.160e+00
-1.160e+00
-1.160e+00
-1.160e+00
-1.160e+00
-1.160e+00
-1.160e+00
-1.160e+00
-1.160e+00
-1.160e+00
-1.160e+00
-1.160e+00
-1.160e+00
-1.160e+00
-1.160e+00
-1.160e+00
-1.160e+00
-1.160e+00
-1.160e+00
-1.160e+00
-1.160e+00
-1.160e+00
-1.160e+00
-1.160e+00
-1.160e+00
-1.160e+00
-1.160e+00
-1.160e+00
-1.160e+00
-1.160e+00
-1.160e+00
-1.160e+00
-1.160e+00
-1.160e+00
-1.160e+00
-1.160e+00
-1.160e+00
-1.160e+00
-1.160e+00
-1.160e+00
-1.160e+00
-1.160e+00
-1.160e+00
-1.160e+00
-1.160e+00
-1.160e+00
-1.160e+00
-1.160e+00
-1.160e+00
-1.160e+00
-1.160e+00
-1.160e+00
-1.160e+00
-1.160e+00
-1.160e+00
-1.160e+00
-1.160e+00
-1.160e+00
-1.160e+00
-1.160e+00
-1.160e+00
-1.160e+00
-1.160e+00
-1.160e+00
-1.160e+00
-1.160e+00
-1.160e+00
-1.160e+00
-1.160e+00
-1.160e+00
-1.160e+00
-1.160e+00
-1.160e+00
-1.160e+00
-1.160e+00
-1.160e+00
-1.160e+00
-1.160e+00
-1.160e+00
-1.160e+00
-1.160e+00
-1.160e+00
-1.160e+00
-1.160e+00
-1.160e+00
-1.160e+00
-1.160e+00
-1.160e+00
-1.160e+00
-1.160e+00
-1.160e+00
-1.160e+00
-1.160e+00
-1.160e+00
-1.160e+00
-1.160e+00
-1.160e+00
-1.160e+00
-1.160e+00
-1.160e+00
-1.160e+00
-1.160e+00
-1.160e+00
-1.160e+00
-1.160e+00
-1.160e+00
-1.160e+00
-1.160e+00
-1.160e+00
-1.160e+00
-1.160e+00
-1.160e+00
-1.160e+00
-1.160e+00
-1.160e+00
-1.160e+00
-1.160e+00
-1.160e+00
-1.160e+00
-1.160e+00
-1.160e+00
-1.160e+00
-1.160e+00
-1.160e+00
-1.160e+00
-1.160e+00
-1.160e+00
-1.160e+00
-1.160e+00
-1.160e+00
-1.160e+00
-1.160e+00
-1.160e+00
-1.160e+00
-1.160e+00
-1.160e+00
-1.160e+00
-1.160e+00
-1.160e+00
-1.160e+00
-1.160e+00
-1.160e+00
-1.160e+00
-1.160e+00
-1.160e+00
-1.160e+00
-1.160e+00
-1.160e+00
-1.160e+00
-1.160e+00
-1.160e+00
-1.160e+00
-1.160e+00
-1.160e+00
-1.160e+00
-1.160e+00
-1.160e+00
-1.160e+00
-1.160e+00
-1.160e+00
-1.160e+00
-1.160e+00
-1.160e+00
-1.160e+00
-1.160e+00
-1.160e+00
-1.160e+00
-1.160e+00
-1.160e+00
-1.160e+00
-1.160e+00
-1.160e+00
-1.160e+00
-1.160e+00
-1.160e+00
-1.160e+00
-1.160e+00
-1.160e+00
-1.160e+00
-1.160e+00
-1.160e+00
-1.160e+00
-1.160e+00
-1.160e+00
-1.160e+00
-1.160e+00
-1.160e+00
-1.160e+00
-1.160e+00
-1.160e+00
-1.160e+00
-1.160e+00
-1.160e+00
-1.160e+00
-1.160e+00
-1.160e+00
-1.160e+00
-1.160e+00
-1.160e+00
-1.160e+00
-1.160e+00
-1.160e+00
-1.160e+00
-8.695e-01
-8.688e-01
-8.688e-01
-8.688e-01
-8.688e-01
-8.688e-01
-8.688e-01
-8.688e-01
-8.688e-01
-8.688e-01
-8.688e-01
-8.688e-01
-8.688e-01
-8.688e-01
-8.688e-01
-8.688e-01
-8.688e-01
-8.688e-01
-8.688e-01
-8.687e-01
-8.679e-01
-8.688e-01
-8.679e-01
-8.679e-01
-8.679e-01
-8.679e-01
-8.679e-01
-8.679e-01
-8.679e-01
-8.679e-01
-8.679e-01
-8.679e-01
-8.679e-01
-8.679e-01
-8.679e-01
-8.679e-01
-8.679e-01
-8.679e-01
-8.679e-01
-8.679e-01
-8.679e-01
-8.672e-01
-8.688e-01
-8.679e-01
-8.679e-01
-8.679e-01
-8.679e-01
-8.679e-01
-8.679e-01
-8.679e-01
-8.679e-01
-8.679e-01
-8.679e-01
-8.679e-01
-8.679e-01
-8.679e-01
-8.679e-01
-8.679e-01
-8.679e-01
-8.679e-01
-8.679e-01
-8.679e-01
-8.672e-01
-8.688e-01
-8.679e-01
-8.679e-01
-8.679e-01
-8.679e-01
-8.679e-01
-8.679e-01
-8.679e-01
-8.679e-01
-8.679e-01
-8.679e-01
-8.679e-01
-8.679e-01
-8.679e-01
-8.679e-01
-8.679e-01
-8.679e-01
-8.679e-01
-8.679e-01
-8.679e-01
-8.672e-01
-8.688e-01
-8.679e-01
-8.679e-01
-8.679e-01
-8.679e-01
-8.679e-01
-8.679e-01
-8.679e-01
-8.679e-01
-8.679e-01
-8.679e-01
-8.679e-01
-8.679e-01
-8.679e-01
-8.679e-01
-8.679e-01
-8.679e-01
-8.679e-01
-8.679e-01
-8.679e-01
-8.672e-01
-8.688e-01
-8.679e-01
-8.679e-01
-8.679e-01
-8.679e-01
-8.679e-01
-8.679e-01
-8.679e-01
-8.679e-01
-8.679e-01
-8.679e-01
-8.679e-01
-8.679e-01
-8.679e-01
-8.679e-01
-8.679e-01
-8.679e-01
-8.679e-01
-8.679e-01
-8.679e-01
-8.672e-01
-8.688e-01
-8.679e-01
-8.679e-01
-8.679e-01
-8.679e-01
-8.679e-01
-8.679e-01
-8.679e-01
-8.679e-01
-8.679e-01
-8.679e-01
-8.679e-01
-8.679e-01
-8.679e-01
-8.679e-01
-8.679e-01
-8.679e-01
-8.679e-01
-8.679e-01
-8.679e-01
-8.672e-01
-8.688e-01
-8.679e-01
-8.679e-01
-8.679e-01
-8.679e-01
-8.679e-01
-8.679e-01
-8.679e-01
-8.679e-01
-8.679e-01
-8.679e-01
-8.679e-01
-8.679e-01
-8.679e-01
-8.679e-01
-8.679e-01
-8.679e-01
-8.679e-01
-8.679e-01
-8.679e-01
-8.672e-01
-8.688e-01
-8.679e-01
-8.679e-01
-8.679e-01
-8.679e-01
-8.679e-01
-8.679e-01
-8.679e-01
-8.679e-01
-8.679e-01
-8.679e-01
-8.679e-01
-8.679e-01
-8.679e-01
-8.679e-01
-8.679e-01
-8.679e-01
-8.679e-01
-8.679e-01
-8.679e-01
-8.672e-01
-8.685e-01
-8.676e-01
-8.676e-01
-8.676e-01
-8.676e-01
-8.676e-01
-8.676e-01
-8.676e-01
-8.676e-01
-8.676e-01
-8.676e-01
-8.676e-01
-8.676e-01
-8.676e-01
-8.676e-01
-8.676e-01
-8.676e-01
-8.676e-01
-8.676e-01
-8.675e-01
-8.668e-01
-8.600e-01
-8.600e-01
-8.600e-01
-8.600e-01
-8.600e-01
-8.600e-01
-8.600e-01
-8.600e-01
-8.600e-01
-8.600e-01
-8.600e-01
-8.600e-01
-8.600e-01
-8.600e-01
-8.600e-01
-8.600e-01
-8.600e-01
-8.600e-01
-8.600e-01
-8.600e-01
-8.600e-01
-8.600e-01
-8.600e-01
-8.600e-01
-8.600e-01
-8.600e-01
-8.600e-01
-8.600e-01
-8.600e-01
-8.600e-01
-8.600e-01
-8.600e-01
-8.600e-01
-8.600e-01
-8.600e-01
-8.600e-01
-8.600e-01
-8.600e-01
-8.600e-01
-8.600e-01
-8.600e-01
-8.600e-01
-8.600e-01
-8.600e-01
-8.600e-01
-8.600e-01
-8.600e-01
-8.600e-01
-8.600e-01
-8.600e-01
-8.600e-01
-8.600e-01
-8.600e-01
-8.600e-01
-8.600e-01
-8.600e-01
-8.600e-01
-8.600e-01
-8.600e-01
-8.600e-01
-8.600e-01
-8.600e-01
-8.600e-01
-8.600e-01
-8.600e-01
-8.600e-01
-8.600e-01
-8.600e-01
-8.600e-01
-8.600e-01
-8.600e-01
-8.600e-01
-8.600e-01
-8.600e-01
-8.600e-01
-8.600e-01
-8.600e-01
-8.600e-01
-8.600e-01
-8.600e-01
-8.600e-01
-8.600e-01
-8.600e-01
-8.600e-01
-8.600e-01
-8.600e-01
-8.600e-01
-8.600e-01
-8.600e-01
-8.600e-01
-8.600e-01
-8.600e-01
-8.600e-01
-8.600e-01
-8.600e-01
-8.600e-01
-8.600e-01
-8.600e-01
-8.600e-01
-8.600e-01
-8.600e-01
-8.600e-01
-8.600e-01
-8.600e-01
-8.600e-01
-8.600e-01
-8.600e-01
-8.600e-01
-8.600e-01
-8.600e-01
-8.600e-01
-8.600e-01
-8.600e-01
-8.600e-01
-8.600e-01
-8.600e-01
-8.600e-01
-8.600e-01
-8.600e-01
-8.600e-01
-8.600e-01
-8.600e-01
-8.600e-01
-8.600e-01
-8.600e-01
-8.600e-01
-8.600e-01
-8.600e-01
-8.600e-01
-8.600e-01
-8.600e-01
-8.600e-01
-8.600e-01
-8.600e-01
-8.600e-01
-8.600e-01
-8.600e-01
-8.600e-01
-8.600e-01
-8.600e-01
-8.600e-01
-8.600e-01
-8.600e-01
-8.600e-01
-8.600e-01
-8.600e-01
-8.600e-01
-8.600e-01
-8.600e-01
-8.600e-01
-8.600e-01
-8.600e-01
-8.600e-01
-8.600e-01
-8.600e-01
-8.600e-01
-8.600e-01
-8.600e-01
-8.600e-01
-8.600e-01
-8.600e-01
-8.600e-01
-8.600e-01
-8.600e-01
-8.600e-01
-8.600e-01
-8.600e-01
-8.600e-01
-8.600e-01
-8.600e-01
-8.600e-01
-8.600e-01
-8.600e-01
-8.600e-01
-8.600e-01
-8.600e-01
-8.600e-01
-8.600e-01
-8.600e-01
-8.600e-01
-8.600e-01
-8.600e-01
-8.600e-01
-8.600e-01
-8.600e-01
-8.600e-01
-8.600e-01
-8.600e-01
-8.600e-01
-8.600e-01
-8.600e-01
-8.600e-01
-8.600e-01
-8.600e-01
-8.600e-01
-8.600e-01
-8.600e-01
-8.600e-01
-8.600e-01
-8.600e-01
-8.600e-01
-8.600e-01
-8.600e-01
-8.600e-01
-8.600e-01
-8.600e-01
-8.600e-01
-8.600e-01
-8.600e-01
-8.600e-01
-8.600e-01
-8.600e-01
-8.600e-01
-8.600e-01
-8.600e-01
-8.600e-01
-8.600e-01
-8.600e-01
-8.600e-01
-8.600e-01
-8.600e-01
-8.600e-01
-8.600e-01
-8.600e-01
-8.600e-01
-8.600e-01
-8.600e-01
-8.600e-01
-8.600e-01
-8.600e-01
-8.600e-01
-2.600e-01
-2.600e-01
-2.600e-01
-2.600e-01
-2.600e-01
-2.600e-01
-2.600e-01
-2.600e-01
-2.600e-01
-2.600e-01
-2.600e-01
-2.600e-01
-2.600e-01
-2.600e-01
-2.600e-01
-2.600e-01
-2.600e-01
-2.600e-01
-2.600e-01
-2.600e-01
-2.600e-01
-2.600e-01
-2.600e-01
-2.600e-01
-2.600e-01
-2.600e-01
-2.600e-01
-2.600e-01
-2.600e-01
-2.600e-01
-2.600e-01
-2.600e-01
-2.600e-01
-2.600e-01
-2.600e-01
-2.600e-01
-2.600e-01
-2.600e-01
-2.600e-01
-2.600e-01
-2.600e-01
-2.600e-01
-2.600e-01
-2.600e-01
-2.600e-01
-2.600e-01
-2.600e-01
-2.600e-01
-2.600e-01
-2.600e-01
-2.600e-01
-2.600e-01
-2.600e-01
-2.600e-01
-2.600e-01
-2.600e-01
-2.600e-01
-2.600e-01
-2.600e-01
-2.600e-01
-2.600e-01
-2.600e-01
-2.600e-01
-2.600e-01
-2.600e-01
-2.600e-01
-2.600e-01
-2.600e-01
-2.600e-01
-2.600e-01
-2.600e-01
-2.600e-01
-2.600e-01
-2.600e-01
-2.600e-01
-2.600e-01
-2.600e-01
-2.600e-01
-2.600e-01
-2.600e-01
-2.600e-01
-2.600e-01
-2.600e-01
-2.600e-01
-2.600e-01
-2.600e-01
-2.600e-01
-2.600e-01
-2.600e-01
-2.600e-01
-2.600e-01
-2.600e-01
-2.600e-01
-2.600e-01
-2.600e-01
-2.600e-01
-2.600e-01
-2.600e-01
-2.600e-01
-2.600e-01
-2.600e-01
-2.600e-01
-2.600e-01
-2.600e-01
-2.600e-01
-2.600e-01
-2.600e-01
-2.600e-01
-2.600e-01
-2.600e-01
-2.600e-01
-2.600e-01
-2.600e-01
-2.600e-01
-2.600e-01
-2.600e-01
-2.600e-01
-2.600e-01
-2.600e-01
-2.600e-01
-2.600e-01
-2.600e-01
-2.600e-01
-2.600e-01
-2.600e-01
-2.600e-01
-2.600e-01
-2.600e-01
-2.600e-01
-2.600e-01
-2.600e-01
-2.600e-01
-2.600e-01
-2.600e-01
-2.600e-01
-2.600e-01
-2.600e-01
-2.600e-01
-2.600e-01
-2.600e-01
-2.600e-01
-2.600e-01
-2.600e-01
-2.600e-01
-2.600e-01
-2.600e-01
-2.600e-01
-2.600e-01
-2.600e-01
-2.600e-01
-2.600e-01
-2.600e-01
-2.600e-01
-2.600e-01
-2.600e-01
-2.600e-01
-2.600e-01
-2.600e-01
-2.600e-01
-2.600e-01
-2.600e-01
-2.600e-01
-2.600e-01
-2.600e-01
-2.600e-01
-2.600e-01
-2.600e-01
-2.600e-01
-2.600e-01
-2.600e-01
-2.600e-01
-2.600e-01
-2.600e-01
-2.600e-01
-2.600e-01
-2.600e-01
-2.600e-01
-2.600e-01
-2.600e-01
-2.600e-01
-2.600e-01
-2.600e-01
-2.600e-01
-2.600e-01
-2.600e-01
-2.600e-01
-2.600e-01
-2.600e-01
-2.600e-01
-2.600e-01
-2.600e-01
-2.600e-01
-2.600e-01
-2.600e-01
-2.600e-01
-2.600e-01
-2.600e-01
-2.600e-01
-2.600e-01
-2.600e-01
-2.600e-01
-2.600e-01
-2.600e-01
-2.600e-01
-2.600e-01
-2.600e-01
-2.600e-01
-2.600e-01
-2.600e-01
-2.600e-01
-2.600e-01
-2.600e-01
-2.600e-01
-2.600e-01
-2.600e-01
-2.600e-01
-2.600e-01
-2.600e-01
-2.600e-01
-2.600e-01
-2.600e-01
-2.600e-01
-2.600e-01
-2.600e-01
-2.600e-01
-2.600e-01
-2.600e-01
-2.600e-01
-2.600e-01
-2.600e-01
-2.600e-01
-2.600e-01
-2.600e-01
-2.600e-01
-2.600e-01
-2.600e-01
-2.600e-01
-2.600e-01
-2.600e-01
-2.600e-01
-2.600e-01
-2.600e-01
-2.600e-01
-2.600e-01
-2.600e-01
-2.600e-01
-2.600e-01
-2.600e-01
-2.600e-01
-2.600e-01
-2.600e-01
-2.600e-01
-2.600e-01
-2.600e-01
-2.600e-01
-2.600e-01
-2.600e-01
-2.600e-01
-2.600e-01
-2.600e-01
-2.600e-01
-2.600e-01
-2.600e-01
-2.600e-01
-2.600e-01
-2.600e-01
-2.600e-01
-2.600e-01
-2.600e-01
-2.600e-01
-2.600e-01
-2.600e-01
-2.600e-01
-2.600e-01
-2.600e-01
-2.600e-01
-2.600e-01
-2.600e-01
-2.600e-01
-2.600e-01
-2.600e-01
-2.600e-01
-2.600e-01
-2.600e-01
-2.600e-01
-2.600e-01
-2.600e-01
-2.600e-01
-2.600e-01
-2.600e-01
-2.600e-01
-2.600e-01
-2.600e-01
-2.600e-01
-2.600e-01
-2.600e-01
-2.600e-01
-2.600e-01
-2.600e-01
-2.600e-01
-2.600e-01
-2.600e-01
-2.600e-01
-2.600e-01
-2.600e-01
-2.600e-01
-2.600e-01
-2.600e-01
-2.600e-01
-2.600e-01
-2.600e-01
-2.600e-01
-2.600e-01
-2.600e-01
-2.600e-01
-2.600e-01
-2.600e-01
-2.600e-01
-2.600e-01
-2.600e-01
-2.600e-01
-2.600e-01
-2.600e-01
-2.600e-01
-2.600e-01
-2.600e-01
-2.600e-01
-2.600e-01
-2.600e-01
-2.600e-01
-2.600e-01
-2.600e-01
-2.600e-01
-2.600e-01
-2.600e-01
-2.600e-01
-2.600e-01
-2.600e-01
-2.600e-01
-2.600e-01
-2.600e-01
-2.600e-01
-2.600e-01
-2.600e-01
-2.600e-01
-2.600e-01
-2.600e-01
-2.600e-01
-2.600e-01
-2.600e-01
-2.600e-01
-2.600e-01
-2.600e-01
-2.600e-01
-2.600e-01
-2.600e-01
-2.600e-01
-2.600e-01
-2.600e-01
-2.600e-01
-2.600e-01
-2.600e-01
-2.600e-01
-2.600e-01
-2.600e-01
-2.600e-01
-2.600e-01
-2.600e-01
-2.600e-01
-2.600e-01
-2.600e-01
-2.600e-01
-2.600e-01
-2.600e-01
-2.600e-01
-2.600e-01
-2.600e-01
-2.600e-01
-2.600e-01
-2.600e-01
-2.600e-01
-2.600e-01
-2.600e-01
-2.600e-01
-2.600e-01
-2.600e-01
-2.600e-01
-2.600e-01
-2.600e-01
-2.600e-01
-2.600e-01
-2.600e-01
-2.600e-01
-2.600e-01
-2.600e-01
-2.600e-01
-2.600e-01
-2.600e-01
-2.600e-01
-2.600e-01
-2.600e-01
-2.600e-01
-2.600e-01
-2.600e-01
-2.600e-01
-2.600e-01
-2.600e-01
-2.600e-01
-2.600e-01
-2.600e-01
-2.600e-01
-2.600e-01
-2.600e-01
-2.600e-01
-2.600e-01
-2.600e-01
-2.600e-01
-2.600e-01
-2.597e-01
-2.597e-01
-2.600e-01
-2.600e-01
-2.600e-01
-2.600e-01
-2.600e-01
-2.600e-01
-2.600e-01
-2.600e-01
-2.600e-01
-2.600e-01
-2.600e-01
-2.600e-01
-2.600e-01
-2.600e-01
-2.600e-01
-2.600e-01
-2.600e-01
-2.600e-01
-2.600e-01
-2.597e-01
-2.590e-01
3.400e-01
3.400e-01
3.400e-01
3.400e-01
3.400e-01
3.400e-01
3.400e-01
3.400e-01
3.400e-01
3.400e-01
3.400e-01
3.400e-01
3.400e-01
3.400e-01
3.400e-01
3.400e-01
3.400e-01
3.400e-01
3.400e-01
3.400e-01
3.400e-01
3.400e-01
3.400e-01
3.400e-01
3.400e-01
3.400e-01
3.400e-01
3.400e-01
3.400e-01
3.400e-01
3.400e-01
3.400e-01
3.400e-01
3.400e-01
3.400e-01
3.400e-01
3.400e-01
3.400e-01
3.400e-01
3.400e-01
3.400e-01
3.400e-01
3.400e-01
3.400e-01
3.400e-01
3.400e-01
3.400e-01
3.400e-01
3.400e-01
3.400e-01
3.400e-01
3.400e-01
3.400e-01
3.400e-01
3.400e-01
3.400e-01
3.400e-01
3.400e-01
3.400e-01
3.400e-01
3.400e-01
3.400e-01
3.400e-01
3.400e-01
3.400e-01
3.400e-01
3.400e-01
3.400e-01
3.400e-01
3.400e-01
3.400e-01
3.400e-01
3.400e-01
3.400e-01
3.400e-01
3.400e-01
3.400e-01
3.400e-01
3.400e-01
3.400e-01
3.400e-01
3.400e-01
3.400e-01
3.400e-01
3.400e-01
3.400e-01
3.400e-01
3.400e-01
3.400e-01
3.400e-01
3.400e-01
3.400e-01
3.400e-01
3.400e-01
3.400e-01
3.400e-01
3.400e-01
3.400e-01
3.400e-01
3.400e-01
3.400e-01
3.400e-01
3.400e-01
3.400e-01
3.400e-01
3.400e-01
3.400e-01
3.400e-01
3.400e-01
3.400e-01
3.400e-01
3.400e-01
3.400e-01
3.400e-01
3.400e-01
3.400e-01
3.400e-01
3.400e-01
3.400e-01
3.400e-01
3.400e-01
3.400e-01
3.400e-01
3.400e-01
3.400e-01
3.400e-01
3.400e-01
3.400e-01
3.400e-01
3.400e-01
3.400e-01
3.400e-01
3.400e-01
3.400e-01
3.400e-01
3.400e-01
3.400e-01
3.400e-01
3.400e-01
3.400e-01
3.400e-01
3.400e-01
3.400e-01
3.400e-01
3.400e-01
3.400e-01
3.400e-01
3.400e-01
3.400e-01
3.400e-01
3.400e-01
3.400e-01
3.400e-01
3.400e-01
3.400e-01
3.400e-01
3.400e-01
3.400e-01
3.400e-01
3.400e-01
3.400e-01
3.400e-01
3.400e-01
3.400e-01
3.400e-01
3.400e-01
3.400e-01
3.400e-01
3.400e-01
3.400e-01
3.400e-01
3.400e-01
3.400e-01
3.400e-01
3.400e-01
3.400e-01
3.400e-01
3.400e-01
3.400e-01
3.400e-01
3.400e-01
3.400e-01
3.400e-01
3.400e-01
3.400e-01
3.400e-01
3.400e-01
3.400e-01
3.400e-01
3.400e-01
3.400e-01
3.400e-01
3.400e-01
3.400e-01
3.400e-01
3.400e-01
3.400e-01
3.400e-01
3.400e-01
3.400e-01
3.400e-01
3.400e-01
3.400e-01
3.400e-01
3.400e-01
3.400e-01
3.400e-01
3.400e-01
3.400e-01
3.400e-01
3.400e-01
3.400e-01
3.400e-01
3.400e-01
3.400e-01
3.400e-01
3.400e-01
3.400e-01
3.400e-01
3.400e-01
3.400e-01
3.400e-01
3.400e-01
3.400e-01
3.400e-01
3.400e-01
3.400e-01
3.400e-01
3.400e-01
3.400e-01
3.400e-01
3.400e-01
3.400e-01
3.400e-01
3.400e-01
3.400e-01
3.400e-01
3.400e-01
3.400e-01
3.400e-01
3.400e-01
3.400e-01
3.400e-01
3.400e-01
3.400e-01
3.400e-01
3.400e-01
3.400e-01
3.400e-01
3.400e-01
3.400e-01
3.400e-01
3.400e-01
3.400e-01
3.400e-01
3.400e-01
3.400e-01
3.400e-01
3.400e-01
3.400e-01
3.400e-01
3.400e-01
3.400e-01
3.400e-01
3.400e-01
3.400e-01
3.400e-01
3.400e-01
3.400e-01
3.400e-01
3.400e-01
3.400e-01
3.400e-01
3.400e-01
3.400e-01
3.400e-01
3.400e-01
3.400e-01
3.400e-01
3.400e-01
3.400e-01
3.400e-01
3.400e-01
3.400e-01
3.400e-01
3.400e-01
3.400e-01
3.400e-01
3.400e-01
3.400e-01
3.400e-01
3.400e-01
3.400e-01
3.400e-01
3.400e-01
3.400e-01
3.400e-01
3.400e-01
3.400e-01
3.400e-01
3.400e-01
3.400e-01
3.400e-01
3.400e-01
3.400e-01
3.400e-01
3.400e-01
3.400e-01
3.400e-01
3.400e-01
3.400e-01
3.400e-01
3.400e-01
3.400e-01
3.400e-01
3.400e-01
3.400e-01
3.400e-01
3.400e-01
3.400e-01
3.400e-01
3.400e-01
3.400e-01
3.400e-01
3.400e-01
3.400e-01
3.400e-01
3.400e-01
3.400e-01
3.400e-01
3.400e-01
3.400e-01
3.400e-01
3.400e-01
3.400e-01
3.400e-01
3.400e-01
3.400e-01
3.400e-01
3.400e-01
3.400e-01
3.400e-01
3.400e-01
3.400e-01
3.400e-01
3.400e-01
3.400e-01
3.400e-01
3.400e-01
3.400e-01
3.400e-01
3.400e-01
3.400e-01
3.400e-01
3.400e-01
3.400e-01
3.400e-01
3.400e-01
3.400e-01
3.400e-01
3.400e-01
3.400e-01
3.400e-01
3.400e-01
3.400e-01
3.400e-01
3.400e-01
3.400e-01
3.400e-01
3.400e-01
3.400e-01
3.400e-01
3.400e-01
3.400e-01
3.400e-01
3.400e-01
3.400e-01
3.400e-01
3.400e-01
3.400e-01
3.400e-01
3.400e-01
3.400e-01
3.400e-01
3.400e-01
3.400e-01
3.400e-01
3.400e-01
3.400e-01
3.400e-01
3.400e-01
3.400e-01
3.400e-01
3.400e-01
3.400e-01
3.400e-01
3.400e-01
3.400e-01
3.400e-01
3.400e-01
3.400e-01
3.400e-01
3.400e-01
3.400e-01
3.400e-01
3.400e-01
3.400e-01
3.400e-01
3.400e-01
3.400e-01
3.400e-01
3.400e-01
3.400e-01
3.400e-01
3.400e-01
3.400e-01
3.400e-01
3.400e-01
3.403e-01
3.403e-01
3.400e-01
3.400e-01
3.400e-01
3.400e-01
3.400e-01
3.400e-01
3.400e-01
3.400e-01
3.400e-01
3.400e-01
3.400e-01
3.400e-01
3.400e-01
3.400e-01
3.400e-01
3.400e-01
3.400e-01
3.400e-01
3.400e-01
3.403e-01
3.410e-01
1.000e+00
1.000e+00
1.000e+00
1.000e+00
1.000e+00
1.000e+00
1.000e+00
1.000e+00
1.000e+00
1.000e+00
1.000e+00
1.000e+00
1.000e+00
1.000e+00
1.000e+00
1.000e+00
1.000e+00
1.000e+00
1.000e+00
1.000e+00
1.000e+00
1.000e+00
1.000e+00
1.000e+00
1.000e+00
1.000e+00
1.000e+00
1.000e+00
1.000e+00
1.000e+00
1.000e+00
1.000e+00
1.000e+00
1.000e+00
1.000e+00
1.000e+00
1.000e+00
1.000e+00
1.000e+00
1.000e+00
1.000e+00
1.000e+00
1.000e+00
1.000e+00
1.000e+00
1.000e+00
1.000e+00
1.000e+00
1.000e+00
1.000e+00
1.000e+00
1.000e+00
1.000e+00
1.000e+00
1.000e+00
1.000e+00
1.000e+00
1.000e+00
1.000e+00
1.000e+00
1.000e+00
1.000e+00
1.000e+00
1.000e+00
1.000e+00
1.000e+00
1.000e+00
1.000e+00
1.000e+00
1.000e+00
1.000e+00
1.000e+00
1.000e+00
1.000e+00
1.000e+00
1.000e+00
1.000e+00
1.000e+00
1.000e+00
1.000e+00
1.000e+00
1.000e+00
1.000e+00
1.000e+00
1.000e+00
1.000e+00
1.000e+00
1.000e+00
1.000e+00
1.000e+00
1.000e+00
1.000e+00
1.000e+00
1.000e+00
1.000e+00
1.000e+00
1.000e+00
1.000e+00
1.000e+00
1.000e+00
1.000e+00
1.000e+00
1.000e+00
1.000e+00
1.000e+00
1.000e+00
1.000e+00
1.000e+00
1.000e+00
1.000e+00
1.000e+00
1.000e+00
1.000e+00
1.000e+00
1.000e+00
1.000e+00
1.000e+00
1.000e+00
1.000e+00
1.000e+00
1.000e+00
1.000e+00
1.000e+00
1.000e+00
1.000e+00
1.000e+00
1.000e+00
1.000e+00
1.000e+00
1.000e+00
1.000e+00
1.000e+00
1.000e+00
1.000e+00
1.000e+00
1.000e+00
1.000e+00
1.000e+00
1.000e+00
1.000e+00
1.000e+00
1.000e+00
1.000e+00
1.000e+00
1.000e+00
1.000e+00
1.000e+00
1.000e+00
1.000e+00
1.000e+00
1.000e+00
1.000e+00
1.000e+00
1.000e+00
1.000e+00
1.000e+00
1.000e+00
1.000e+00
1.000e+00
1.000e+00
1.000e+00
1.000e+00
1.000e+00
1.000e+00
1.000e+00
1.000e+00
1.000e+00
1.000e+00
1.000e+00
1.000e+00
1.000e+00
1.000e+00
1.000e+00
1.000e+00
1.000e+00
1.000e+00
1.000e+00
1.000e+00
1.000e+00
1.000e+00
1.000e+00
1.000e+00
1.000e+00
1.000e+00
1.000e+00
1.000e+00
1.000e+00
1.000e+00
1.000e+00
1.000e+00
1.000e+00
1.000e+00
1.000e+00
1.000e+00
1.000e+00
1.000e+00
1.000e+00
1.000e+00
1.000e+00
1.000e+00
1.000e+00
1.000e+00
1.000e+00
1.000e+00
1.000e+00
1.000e+00
1.000e+00
1.000e+00
1.000e+00
1.000e+00
1.000e+00
1.000e+00
1.000e+00
1.000e+00
1.000e+00
1.000e+00
1.000e+00
1.000e+00
1.000e+00
1.000e+00
1.000e+00
1.000e+00
1.000e+00
1.000e+00
1.000e+00
1.000e+00
1.000e+00
1.000e+00
1.000e+00
1.000e+00
1.000e+00
1.000e+00
1.000e+00
1.000e+00
1.000e+00
1.000e+00
1.000e+00
1.000e+00
1.000e+00
1.000e+00
1.000e+00
1.000e+00
1.000e+00
1.000e+00
1.000e+00
1.000e+00
1.000e+00
1.000e+00
1.000e+00
1.000e+00
1.000e+00
1.000e+00
1.000e+00
1.000e+00
1.000e+00
1.000e+00
1.000e+00
1.000e+00
1.000e+00
1.000e+00
1.000e+00
1.000e+00
1.000e+00
1.000e+00
1.000e+00
1.000e+00
1.000e+00
1.000e+00
1.000e+00
1.000e+00
1.000e+00
1.000e+00
1.000e+00
1.000e+00
1.000e+00
1.000e+00
1.000e+00
1.000e+00
1.000e+00
1.000e+00
1.000e+00
1.000e+00
1.000e+00
1.000e+00
1.000e+00
1.000e+00
1.000e+00
1.000e+00
1.000e+00
1.000e+00
1.000e+00
1.000e+00
1.000e+00
1.000e+00
1.000e+00
1.000e+00
1.000e+00
1.000e+00
1.000e+00
1.000e+00
1.000e+00
1.000e+00
1.000e+00
1.000e+00
1.000e+00
1.000e+00
1.000e+00
1.000e+00
1.000e+00
1.000e+00
1.000e+00
1.000e+00
1.000e+00
1.000e+00
1.000e+00
1.000e+00
1.000e+00
1.000e+00
1.000e+00
1.000e+00
1.000e+00
1.000e+00
1.000e+00
1.000e+00
1.000e+00
1.000e+00
1.000e+00
1.000e+00
1.000e+00
1.000e+00
1.000e+00
1.000e+00
1.000e+00
1.000e+00
1.000e+00
1.000e+00
1.000e+00
1.000e+00
1.000e+00
1.000e+00
1.000e+00
1.000e+00
1.000e+00
1.000e+00
1.000e+00
1.000e+00
1.000e+00
1.000e+00
1.000e+00
1.000e+00
1.000e+00
1.000e+00
1.000e+00
1.000e+00
1.000e+00
1.000e+00
1.000e+00
1.000e+00
1.000e+00
1.000e+00
1.000e+00
1.000e+00
1.000e+00
1.000e+00
1.000e+00
1.000e+00
1.000e+00
1.000e+00
1.000e+00
1.000e+00
1.000e+00
1.000e+00
1.000e+00
1.000e+00
1.000e+00
1.000e+00
1.000e+00
1.000e+00
1.000e+00
1.000e+00
1.000e+00
1.000e+00
1.000e+00
1.000e+00
1.000e+00
1.000e+00
1.000e+00
1.000e+00
1.000e+00
1.000e+00
1.000e+00
1.000e+00
1.000e+00
1.000e+00
1.000e+00
1.000e+00
1.000e+00
1.000e+00
1.000e+00
1.000e+00
1.000e+00
1.000e+00
1.000e+00
1.000e+00
1.000e+00
1.000e+00
1.000e+00
1.000e+00
1.000e+00
1.000e+00
1.000e+00
1.000e+00
1.000e+00
1.000e+00
1.000e+00
1.000e+00
1.000e+00
1.000e+00
1.000e+00
1.000e+00
1.000e+00
1.000e+00
1.000e+00
1.000e+00
1.000e+00
1.000e+00
1.000e+00
1.000e+00
1.000e+00
1.000e+00
1.000e+00
1.000e+00
1.000e+00
1.000e+00
1.000e+00
1.000e+00
1.000e+00
1.000e+00
1.000e+00
1.000e+00
1.001e+00
