1	0	INDP	IPOND
-2.308e+01
-1.404e+01
-1.400e+01
-1.400e+01
-1.400e+01
-1.400e+01
-1.400e+01
-1.400e+01
-1.400e+01
-1.400e+01
-1.400e+01
-1.400e+01
-1.400e+01
-1.400e+01
-1.400e+01
-1.400e+01
-1.400e+01
-1.400e+01
-1.400e+01
-1.347e+01
-7.986e+00
-1.404e+01
-8.000e+00
-7.998e+00
-7.998e+00
-7.998e+00
-7.998e+00
-7.998e+00
-7.998e+00
-7.998e+00
-7.998e+00
-7.998e+00
-7.998e+00
-7.998e+00
-7.998e+00
-7.998e+00
-7.998e+00
-7.998e+00
-7.998e+00
-7.998e+00
-7.990e+00
-5.906e+00
-1.400e+01
-7.998e+00
-7.994e+00
-7.994e+00
-7.994e+00
-7.994e+00
-7.994e+00
-7.994e+00
-7.994e+00
-7.994e+00
-7.994e+00
-7.994e+00
-7.994e+00
-7.994e+00
-7.994e+00
-7.994e+00
-7.994e+00
-7.994e+00
-7.996e+00
-7.983e+00
-5.924e+00
-1.400e+01
-7.998e+00
-7.994e+00
-7.993e+00
-7.993e+00
-7.993e+00
-7.993e+00
-7.993e+00
-7.993e+00
-7.993e+00
-7.993e+00
-7.993e+00
-7.993e+00
-7.993e+00
-7.993e+00
-7.993e+00
-7.993e+00
-7.994e+00
-7.996e+00
-7.983e+00
-5.924e+00
-1.400e+01
-7.998e+00
-7.994e+00
-7.993e+00
-7.993e+00
-7.993e+00
-7.993e+00
-7.993e+00
-7.993e+00
-7.993e+00
-7.993e+00
-7.993e+00
-7.993e+00
-7.993e+00
-7.993e+00
-7.993e+00
-7.993e+00
-7.994e+00
-7.996e+00
-7.983e+00
-5.924e+00
-1.400e+01
-7.998e+00
-7.994e+00
-7.993e+00
-7.993e+00
-7.993e+00
-7.993e+00
-7.993e+00
-7.993e+00
-7.993e+00
-7.993e+00
-7.993e+00
-7.993e+00
-7.993e+00
-7.993e+00
-7.993e+00
-7.993e+00
-7.994e+00
-7.996e+00
-7.983e+00
-5.924e+00
-1.400e+01
-7.998e+00
-7.994e+00
-7.993e+00
-7.993e+00
-7.993e+00
-7.993e+00
-7.993e+00
-7.993e+00
-7.993e+00
-7.993e+00
-7.993e+00
-7.993e+00
-7.993e+00
-7.993e+00
-7.993e+00
-7.993e+00
-7.994e+00
-7.996e+00
-7.983e+00
-5.924e+00
-1.400e+01
-7.998e+00
-7.994e+00
-7.993e+00
-7.993e+00
-7.993e+00
-7.993e+00
-7.993e+00
-7.993e+00
-7.993e+00
-7.993e+00
-7.993e+00
-7.993e+00
-7.993e+00
-7.993e+00
-7.993e+00
-7.993e+00
-7.994e+00
-7.996e+00
-7.983e+00
-5.924e+00
-1.401e+01
-7.998e+00
-7.994e+00
-7.994e+00
-7.994e+00
-7.994e+00
-7.994e+00
-7.994e+00
-7.994e+00
-7.994e+00
-7.994e+00
-7.994e+00
-7.994e+00
-7.994e+00
-7.994e+00
-7.994e+00
-7.994e+00
-7.994e+00
-7.996e+00
-7.983e+00
-5.924e+00
-1.486e+01
-8.049e+00
-8.048e+00
-8.048e+00
-8.048e+00
-8.048e+00
-8.048e+00
-8.048e+00
-8.048e+00
-8.048e+00
-8.048e+00
-8.048e+00
-8.048e+00
-8.048e+00
-8.048e+00
-8.048e+00
-8.048e+00
-8.048e+00
-8.048e+00
-8.045e+00
-5.925e+00
-2.002e+02
-2.001e+02
-2.001e+02
-2.001e+02
-2.001e+02
-2.001e+02
-2.001e+02
-2.001e+02
-2.001e+02
-2.001e+02
-2.001e+02
-2.001e+02
-2.001e+02
-2.001e+02
-2.001e+02
-2.001e+02
-2.001e+02
-2.001e+02
-2.001e+02
-2.000e+02
-2.000e+02
-2.085e+02
-2.026e+02
-2.025e+02
-2.025e+02
-2.025e+02
-2.025e+02
-2.025e+02
-2.025e+02
-2.025e+02
-2.025e+02
-2.025e+02
-2.025e+02
-2.025e+02
-2.025e+02
-2.025e+02
-2.025e+02
-2.025e+02
-2.025e+02
-2.025e+02
-2.021e+02
-2.001e+02
-2.085e+02
-2.026e+02
-2.025e+02
-2.025e+02
-2.025e+02
-2.025e+02
-2.025e+02
-2.025e+02
-2.025e+02
-2.025e+02
-2.025e+02
-2.025e+02
-2.025e+02
-2.025e+02
-2.025e+02
-2.025e+02
-2.025e+02
-2.025e+02
-2.025e+02
-2.021e+02
-2.001e+02
-2.085e+02
-2.026e+02
-2.025e+02
-2.025e+02
-2.025e+02
-2.025e+02
-2.025e+02
-2.025e+02
-2.025e+02
-2.025e+02
-2.025e+02
-2.025e+02
-2.025e+02
-2.025e+02
-2.025e+02
-2.025e+02
-2.025e+02
-2.025e+02
-2.025e+02
-2.021e+02
-2.001e+02
-2.085e+02
-2.026e+02
-2.025e+02
-2.025e+02
-2.025e+02
-2.025e+02
-2.025e+02
-2.025e+02
-2.025e+02
-2.025e+02
-2.025e+02
-2.025e+02
-2.025e+02
-2.025e+02
-2.025e+02
-2.025e+02
-2.025e+02
-2.025e+02
-2.025e+02
-2.021e+02
-2.001e+02
-2.085e+02
-2.026e+02
-2.025e+02
-2.025e+02
-2.025e+02
-2.025e+02
-2.025e+02
-2.025e+02
-2.025e+02
-2.025e+02
-2.025e+02
-2.025e+02
-2.025e+02
-2.025e+02
-2.025e+02
-2.025e+02
-2.025e+02
-2.025e+02
-2.025e+02
-2.021e+02
-2.001e+02
-2.085e+02
-2.026e+02
-2.025e+02
-2.025e+02
-2.025e+02
-2.025e+02
-2.025e+02
-2.025e+02
-2.025e+02
-2.025e+02
-2.025e+02
-2.025e+02
-2.025e+02
-2.025e+02
-2.025e+02
-2.025e+02
-2.025e+02
-2.025e+02
-2.025e+02
-2.021e+02
-2.001e+02
-2.085e+02
-2.026e+02
-2.025e+02
-2.025e+02
-2.025e+02
-2.025e+02
-2.025e+02
-2.025e+02
-2.025e+02
-2.025e+02
-2.025e+02
-2.025e+02
-2.025e+02
-2.025e+02
-2.025e+02
-2.025e+02
-2.025e+02
-2.025e+02
-2.025e+02
-2.021e+02
-2.001e+02
-2.085e+02
-2.026e+02
-2.025e+02
-2.025e+02
-2.025e+02
-2.025e+02
-2.025e+02
-2.025e+02
-2.025e+02
-2.025e+02
-2.025e+02
-2.025e+02
-2.025e+02
-2.025e+02
-2.025e+02
-2.025e+02
-2.025e+02
-2.025e+02
-2.025e+02
-2.021e+02
-2.001e+02
-2.087e+02
-2.022e+02
-2.021e+02
-2.021e+02
-2.021e+02
-2.021e+02
-2.021e+02
-2.021e+02
-2.021e+02
-2.021e+02
-2.021e+02
-2.021e+02
-2.021e+02
-2.021e+02
-2.021e+02
-2.021e+02
-2.021e+02
-2.021e+02
-2.021e+02
-2.017e+02
-2.001e+02
-2.020e+02
-2.001e+02
-2.001e+02
-2.001e+02
-2.001e+02
-2.001e+02
-2.001e+02
-2.001e+02
-2.001e+02
-2.001e+02
-2.001e+02
-2.001e+02
-2.001e+02
-2.001e+02
-2.001e+02
-2.001e+02
-2.001e+02
-2.001e+02
-2.001e+02
-2.001e+02
-2.000e+02
-1.357e+01
-1.079e+01
-1.079e+01
-1.079e+01
-1.079e+01
-1.079e+01
-1.079e+01
-1.079e+01
-1.079e+01
-1.079e+01
-1.079e+01
-1.079e+01
-1.079e+01
-1.079e+01
-1.079e+01
-1.079e+01
-1.079e+01
-1.079e+01
-1.079e+01
-1.080e+01
-7.900e+00
-1.079e+01
-7.906e+00
-7.906e+00
-7.906e+00
-7.906e+00
-7.906e+00
-7.906e+00
-7.906e+00
-7.906e+00
-7.906e+00
-7.906e+00
-7.906e+00
-7.906e+00
-7.906e+00
-7.906e+00
-7.906e+00
-7.906e+00
-7.906e+00
-7.906e+00
-7.903e+00
-6.427e+00
-1.079e+01
-7.906e+00
-7.905e+00
-7.905e+00
-7.905e+00
-7.905e+00
-7.905e+00
-7.905e+00
-7.905e+00
-7.905e+00
-7.905e+00
-7.905e+00
-7.905e+00
-7.905e+00
-7.905e+00
-7.905e+00
-7.905e+00
-7.905e+00
-7.906e+00
-7.900e+00
-6.425e+00
-1.079e+01
-7.906e+00
-7.905e+00
-7.904e+00
-7.904e+00
-7.904e+00
-7.904e+00
-7.904e+00
-7.904e+00
-7.904e+00
-7.904e+00
-7.904e+00
-7.904e+00
-7.904e+00
-7.904e+00
-7.904e+00
-7.904e+00
-7.905e+00
-7.906e+00
-7.900e+00
-6.425e+00
-1.079e+01
-7.906e+00
-7.905e+00
-7.904e+00
-7.904e+00
-7.904e+00
-7.904e+00
-7.904e+00
-7.904e+00
-7.904e+00
-7.904e+00
-7.904e+00
-7.904e+00
-7.904e+00
-7.904e+00
-7.904e+00
-7.904e+00
-7.905e+00
-7.906e+00
-7.900e+00
-6.425e+00
-1.079e+01
-7.906e+00
-7.905e+00
-7.904e+00
-7.904e+00
-7.904e+00
-7.904e+00
-7.904e+00
-7.904e+00
-7.904e+00
-7.904e+00
-7.904e+00
-7.904e+00
-7.904e+00
-7.904e+00
-7.904e+00
-7.904e+00
-7.905e+00
-7.906e+00
-7.900e+00
-6.425e+00
-1.079e+01
-7.906e+00
-7.905e+00
-7.904e+00
-7.904e+00
-7.904e+00
-7.904e+00
-7.904e+00
-7.904e+00
-7.904e+00
-7.904e+00
-7.904e+00
-7.904e+00
-7.904e+00
-7.904e+00
-7.904e+00
-7.904e+00
-7.905e+00
-7.906e+00
-7.900e+00
-6.425e+00
-1.079e+01
-7.906e+00
-7.905e+00
-7.904e+00
-7.904e+00
-7.904e+00
-7.904e+00
-7.904e+00
-7.904e+00
-7.904e+00
-7.904e+00
-7.904e+00
-7.904e+00
-7.904e+00
-7.904e+00
-7.904e+00
-7.904e+00
-7.905e+00
-7.906e+00
-7.900e+00
-6.425e+00
-1.079e+01
-7.906e+00
-7.905e+00
-7.905e+00
-7.905e+00
-7.905e+00
-7.905e+00
-7.905e+00
-7.905e+00
-7.905e+00
-7.905e+00
-7.905e+00
-7.905e+00
-7.905e+00
-7.905e+00
-7.905e+00
-7.905e+00
-7.905e+00
-7.906e+00
-7.900e+00
-6.425e+00
-1.091e+01
-7.951e+00
-7.952e+00
-7.952e+00
-7.952e+00
-7.952e+00
-7.952e+00
-7.952e+00
-7.952e+00
-7.952e+00
-7.952e+00
-7.952e+00
-7.952e+00
-7.952e+00
-7.952e+00
-7.952e+00
-7.952e+00
-7.952e+00
-7.952e+00
-7.951e+00
-6.453e+00
-2.001e+02
-2.001e+02
-2.000e+02
-2.000e+02
-2.000e+02
-2.000e+02
-2.000e+02
-2.000e+02
-2.000e+02
-2.000e+02
-2.000e+02
-2.000e+02
-2.000e+02
-2.000e+02
-2.000e+02
-2.000e+02
-2.000e+02
-2.000e+02
-2.000e+02
-2.000e+02
-2.000e+02
-2.093e+02
-2.010e+02
-2.010e+02
-2.010e+02
-2.010e+02
-2.010e+02
-2.010e+02
-2.010e+02
-2.010e+02
-2.010e+02
-2.010e+02
-2.010e+02
-2.010e+02
-2.010e+02
-2.010e+02
-2.010e+02
-2.010e+02
-2.010e+02
-2.010e+02
-2.010e+02
-2.003e+02
-2.093e+02
-2.010e+02
-2.010e+02
-2.010e+02
-2.010e+02
-2.010e+02
-2.010e+02
-2.010e+02
-2.010e+02
-2.010e+02
-2.010e+02
-2.010e+02
-2.010e+02
-2.010e+02
-2.010e+02
-2.010e+02
-2.010e+02
-2.010e+02
-2.010e+02
-2.010e+02
-2.003e+02
-2.093e+02
-2.010e+02
-2.010e+02
-2.010e+02
-2.010e+02
-2.010e+02
-2.010e+02
-2.010e+02
-2.010e+02
-2.010e+02
-2.010e+02
-2.010e+02
-2.010e+02
-2.010e+02
-2.010e+02
-2.010e+02
-2.010e+02
-2.010e+02
-2.010e+02
-2.010e+02
-2.003e+02
-2.093e+02
-2.010e+02
-2.010e+02
-2.010e+02
-2.010e+02
-2.010e+02
-2.010e+02
-2.010e+02
-2.010e+02
-2.010e+02
-2.010e+02
-2.010e+02
-2.010e+02
-2.010e+02
-2.010e+02
-2.010e+02
-2.010e+02
-2.010e+02
-2.010e+02
-2.010e+02
-2.003e+02
-2.093e+02
-2.010e+02
-2.010e+02
-2.010e+02
-2.010e+02
-2.010e+02
-2.010e+02
-2.010e+02
-2.010e+02
-2.010e+02
-2.010e+02
-2.010e+02
-2.010e+02
-2.010e+02
-2.010e+02
-2.010e+02
-2.010e+02
-2.010e+02
-2.010e+02
-2.010e+02
-2.003e+02
-2.093e+02
-2.010e+02
-2.010e+02
-2.010e+02
-2.010e+02
-2.010e+02
-2.010e+02
-2.010e+02
-2.010e+02
-2.010e+02
-2.010e+02
-2.010e+02
-2.010e+02
-2.010e+02
-2.010e+02
-2.010e+02
-2.010e+02
-2.010e+02
-2.010e+02
-2.010e+02
-2.003e+02
-2.093e+02
-2.010e+02
-2.010e+02
-2.010e+02
-2.010e+02
-2.010e+02
-2.010e+02
-2.010e+02
-2.010e+02
-2.010e+02
-2.010e+02
-2.010e+02
-2.010e+02
-2.010e+02
-2.010e+02
-2.010e+02
-2.010e+02
-2.010e+02
-2.010e+02
-2.010e+02
-2.003e+02
-2.093e+02
-2.010e+02
-2.010e+02
-2.010e+02
-2.010e+02
-2.010e+02
-2.010e+02
-2.010e+02
-2.010e+02
-2.010e+02
-2.010e+02
-2.010e+02
-2.010e+02
-2.010e+02
-2.010e+02
-2.010e+02
-2.010e+02
-2.010e+02
-2.010e+02
-2.010e+02
-2.003e+02
-2.095e+02
-2.010e+02
-2.010e+02
-2.010e+02
-2.010e+02
-2.010e+02
-2.010e+02
-2.010e+02
-2.010e+02
-2.010e+02
-2.010e+02
-2.010e+02
-2.010e+02
-2.010e+02
-2.010e+02
-2.010e+02
-2.010e+02
-2.010e+02
-2.010e+02
-2.010e+02
-2.003e+02
-2.010e+02
-2.003e+02
-2.003e+02
-2.003e+02
-2.003e+02
-2.003e+02
-2.003e+02
-2.003e+02
-2.003e+02
-2.003e+02
-2.003e+02
-2.003e+02
-2.003e+02
-2.003e+02
-2.003e+02
-2.003e+02
-2.003e+02
-2.003e+02
-2.003e+02
-2.003e+02
-2.002e+02
-9.874e+00
-8.929e+00
-8.933e+00
-8.933e+00
-8.933e+00
-8.933e+00
-8.933e+00
-8.933e+00
-8.933e+00
-8.933e+00
-8.933e+00
-8.933e+00
-8.933e+00
-8.933e+00
-8.933e+00
-8.933e+00
-8.933e+00
-8.933e+00
-8.933e+00
-8.947e+00
-7.607e+00
-8.929e+00
-7.606e+00
-7.607e+00
-7.607e+00
-7.607e+00
-7.607e+00
-7.607e+00
-7.607e+00
-7.607e+00
-7.607e+00
-7.607e+00
-7.607e+00
-7.607e+00
-7.607e+00
-7.607e+00
-7.607e+00
-7.607e+00
-7.607e+00
-7.607e+00
-7.607e+00
-6.728e+00
-8.933e+00
-7.607e+00
-7.607e+00
-7.607e+00
-7.607e+00
-7.607e+00
-7.607e+00
-7.607e+00
-7.607e+00
-7.607e+00
-7.607e+00
-7.607e+00
-7.607e+00
-7.607e+00
-7.607e+00
-7.607e+00
-7.607e+00
-7.607e+00
-7.607e+00
-7.607e+00
-6.726e+00
-8.933e+00
-7.607e+00
-7.607e+00
-7.607e+00
-7.607e+00
-7.607e+00
-7.607e+00
-7.607e+00
-7.607e+00
-7.607e+00
-7.607e+00
-7.607e+00
-7.607e+00
-7.607e+00
-7.607e+00
-7.607e+00
-7.607e+00
-7.607e+00
-7.607e+00
-7.607e+00
-6.726e+00
-8.933e+00
-7.607e+00
-7.607e+00
-7.607e+00
-7.607e+00
-7.607e+00
-7.607e+00
-7.607e+00
-7.607e+00
-7.607e+00
-7.607e+00
-7.607e+00
-7.607e+00
-7.607e+00
-7.607e+00
-7.607e+00
-7.607e+00
-7.607e+00
-7.607e+00
-7.607e+00
-6.726e+00
-8.933e+00
-7.607e+00
-7.607e+00
-7.607e+00
-7.607e+00
-7.607e+00
-7.607e+00
-7.607e+00
-7.607e+00
-7.607e+00
-7.607e+00
-7.607e+00
-7.607e+00
-7.607e+00
-7.607e+00
-7.607e+00
-7.607e+00
-7.607e+00
-7.607e+00
-7.607e+00
-6.726e+00
-8.933e+00
-7.607e+00
-7.607e+00
-7.607e+00
-7.607e+00
-7.607e+00
-7.607e+00
-7.607e+00
-7.607e+00
-7.607e+00
-7.607e+00
-7.607e+00
-7.607e+00
-7.607e+00
-7.607e+00
-7.607e+00
-7.607e+00
-7.607e+00
-7.607e+00
-7.607e+00
-6.726e+00
-8.933e+00
-7.607e+00
-7.607e+00
-7.607e+00
-7.607e+00
-7.607e+00
-7.607e+00
-7.607e+00
-7.607e+00
-7.607e+00
-7.607e+00
-7.607e+00
-7.607e+00
-7.607e+00
-7.607e+00
-7.607e+00
-7.607e+00
-7.607e+00
-7.607e+00
-7.607e+00
-6.726e+00
-8.929e+00
-7.607e+00
-7.607e+00
-7.607e+00
-7.607e+00
-7.607e+00
-7.607e+00
-7.607e+00
-7.607e+00
-7.607e+00
-7.607e+00
-7.607e+00
-7.607e+00
-7.607e+00
-7.607e+00
-7.607e+00
-7.607e+00
-7.607e+00
-7.607e+00
-7.607e+00
-6.726e+00
-8.933e+00
-7.650e+00
-7.650e+00
-7.650e+00
-7.650e+00
-7.650e+00
-7.650e+00
-7.650e+00
-7.650e+00
-7.650e+00
-7.650e+00
-7.650e+00
-7.650e+00
-7.650e+00
-7.650e+00
-7.650e+00
-7.650e+00
-7.650e+00
-7.650e+00
-7.653e+00
-6.763e+00
-2.001e+02
-2.000e+02
-2.000e+02
-2.000e+02
-2.000e+02
-2.000e+02
-2.000e+02
-2.000e+02
-2.000e+02
-2.000e+02
-2.000e+02
-2.000e+02
-2.000e+02
-2.000e+02
-2.000e+02
-2.000e+02
-2.000e+02
-2.000e+02
-2.000e+02
-2.000e+02
-1.999e+02
-2.009e+02
-2.003e+02
-2.003e+02
-2.003e+02
-2.003e+02
-2.003e+02
-2.003e+02
-2.003e+02
-2.003e+02
-2.003e+02
-2.003e+02
-2.003e+02
-2.003e+02
-2.003e+02
-2.003e+02
-2.003e+02
-2.003e+02
-2.003e+02
-2.003e+02
-2.003e+02
-2.002e+02
-2.009e+02
-2.003e+02
-2.003e+02
-2.003e+02
-2.003e+02
-2.003e+02
-2.003e+02
-2.003e+02
-2.003e+02
-2.003e+02
-2.003e+02
-2.003e+02
-2.003e+02
-2.003e+02
-2.003e+02
-2.003e+02
-2.003e+02
-2.003e+02
-2.003e+02
-2.003e+02
-2.002e+02
-2.009e+02
-2.003e+02
-2.003e+02
-2.003e+02
-2.003e+02
-2.003e+02
-2.003e+02
-2.003e+02
-2.003e+02
-2.003e+02
-2.003e+02
-2.003e+02
-2.003e+02
-2.003e+02
-2.003e+02
-2.003e+02
-2.003e+02
-2.003e+02
-2.003e+02
-2.003e+02
-2.002e+02
-2.009e+02
-2.003e+02
-2.003e+02
-2.003e+02
-2.003e+02
-2.003e+02
-2.003e+02
-2.003e+02
-2.003e+02
-2.003e+02
-2.003e+02
-2.003e+02
-2.003e+02
-2.003e+02
-2.003e+02
-2.003e+02
-2.003e+02
-2.003e+02
-2.003e+02
-2.003e+02
-2.002e+02
-2.009e+02
-2.003e+02
-2.003e+02
-2.003e+02
-2.003e+02
-2.003e+02
-2.003e+02
-2.003e+02
-2.003e+02
-2.003e+02
-2.003e+02
-2.003e+02
-2.003e+02
-2.003e+02
-2.003e+02
-2.003e+02
-2.003e+02
-2.003e+02
-2.003e+02
-2.003e+02
-2.002e+02
-2.009e+02
-2.003e+02
-2.003e+02
-2.003e+02
-2.003e+02
-2.003e+02
-2.003e+02
-2.003e+02
-2.003e+02
-2.003e+02
-2.003e+02
-2.003e+02
-2.003e+02
-2.003e+02
-2.003e+02
-2.003e+02
-2.003e+02
-2.003e+02
-2.003e+02
-2.003e+02
-2.002e+02
-2.009e+02
-2.003e+02
-2.003e+02
-2.003e+02
-2.003e+02
-2.003e+02
-2.003e+02
-2.003e+02
-2.003e+02
-2.003e+02
-2.003e+02
-2.003e+02
-2.003e+02
-2.003e+02
-2.003e+02
-2.003e+02
-2.003e+02
-2.003e+02
-2.003e+02
-2.003e+02
-2.002e+02
-2.009e+02
-2.003e+02
-2.003e+02
-2.003e+02
-2.003e+02
-2.003e+02
-2.003e+02
-2.003e+02
-2.003e+02
-2.003e+02
-2.003e+02
-2.003e+02
-2.003e+02
-2.003e+02
-2.003e+02
-2.003e+02
-2.003e+02
-2.003e+02
-2.003e+02
-2.003e+02
-2.002e+02
-2.009e+02
-2.003e+02
-2.003e+02
-2.003e+02
-2.003e+02
-2.003e+02
-2.003e+02
-2.003e+02
-2.003e+02
-2.003e+02
-2.003e+02
-2.003e+02
-2.003e+02
-2.003e+02
-2.003e+02
-2.003e+02
-2.003e+02
-2.003e+02
-2.003e+02
-2.003e+02
-2.002e+02
-2.003e+02
-2.002e+02
-2.002e+02
-2.002e+02
-2.002e+02
-2.002e+02
-2.002e+02
-2.002e+02
-2.002e+02
-2.002e+02
-2.002e+02
-2.002e+02
-2.002e+02
-2.002e+02
-2.002e+02
-2.002e+02
-2.002e+02
-2.002e+02
-2.002e+02
-2.002e+02
-2.001e+02
-8.235e+00
-7.812e+00
-7.812e+00
-7.812e+00
-7.812e+00
-7.812e+00
-7.812e+00
-7.812e+00
-7.812e+00
-7.812e+00
-7.812e+00
-7.812e+00
-7.812e+00
-7.812e+00
-7.812e+00
-7.812e+00
-7.812e+00
-7.812e+00
-7.812e+00
-7.817e+00
-7.124e+00
-7.812e+00
-7.124e+00
-7.124e+00
-7.124e+00
-7.124e+00
-7.124e+00
-7.124e+00
-7.124e+00
-7.124e+00
-7.124e+00
-7.124e+00
-7.124e+00
-7.124e+00
-7.124e+00
-7.124e+00
-7.124e+00
-7.124e+00
-7.124e+00
-7.124e+00
-7.124e+00
-6.576e+00
-7.812e+00
-7.124e+00
-7.124e+00
-7.124e+00
-7.124e+00
-7.124e+00
-7.124e+00
-7.124e+00
-7.124e+00
-7.124e+00
-7.124e+00
-7.124e+00
-7.124e+00
-7.124e+00
-7.124e+00
-7.124e+00
-7.124e+00
-7.124e+00
-7.124e+00
-7.124e+00
-6.575e+00
-7.812e+00
-7.124e+00
-7.124e+00
-7.124e+00
-7.124e+00
-7.124e+00
-7.124e+00
-7.124e+00
-7.124e+00
-7.124e+00
-7.124e+00
-7.124e+00
-7.124e+00
-7.124e+00
-7.124e+00
-7.124e+00
-7.124e+00
-7.124e+00
-7.124e+00
-7.124e+00
-6.575e+00
-7.812e+00
-7.124e+00
-7.124e+00
-7.124e+00
-7.124e+00
-7.124e+00
-7.124e+00
-7.124e+00
-7.124e+00
-7.124e+00
-7.124e+00
-7.124e+00
-7.124e+00
-7.124e+00
-7.124e+00
-7.124e+00
-7.124e+00
-7.124e+00
-7.124e+00
-7.124e+00
-6.575e+00
-7.812e+00
-7.124e+00
-7.124e+00
-7.124e+00
-7.124e+00
-7.124e+00
-7.124e+00
-7.124e+00
-7.124e+00
-7.124e+00
-7.124e+00
-7.124e+00
-7.124e+00
-7.124e+00
-7.124e+00
-7.124e+00
-7.124e+00
-7.124e+00
-7.124e+00
-7.124e+00
-6.575e+00
-7.812e+00
-7.124e+00
-7.124e+00
-7.124e+00
-7.124e+00
-7.124e+00
-7.124e+00
-7.124e+00
-7.124e+00
-7.124e+00
-7.124e+00
-7.124e+00
-7.124e+00
-7.124e+00
-7.124e+00
-7.124e+00
-7.124e+00
-7.124e+00
-7.124e+00
-7.124e+00
-6.575e+00
-7.812e+00
-7.124e+00
-7.124e+00
-7.124e+00
-7.124e+00
-7.124e+00
-7.124e+00
-7.124e+00
-7.124e+00
-7.124e+00
-7.124e+00
-7.124e+00
-7.124e+00
-7.124e+00
-7.124e+00
-7.124e+00
-7.124e+00
-7.124e+00
-7.124e+00
-7.124e+00
-6.575e+00
-7.812e+00
-7.124e+00
-7.124e+00
-7.124e+00
-7.124e+00
-7.124e+00
-7.124e+00
-7.124e+00
-7.124e+00
-7.124e+00
-7.124e+00
-7.124e+00
-7.124e+00
-7.124e+00
-7.124e+00
-7.124e+00
-7.124e+00
-7.124e+00
-7.124e+00
-7.124e+00
-6.575e+00
-7.827e+00
-7.148e+00
-7.150e+00
-7.150e+00
-7.150e+00
-7.150e+00
-7.150e+00
-7.150e+00
-7.150e+00
-7.150e+00
-7.150e+00
-7.150e+00
-7.150e+00
-7.150e+00
-7.150e+00
-7.150e+00
-7.150e+00
-7.150e+00
-7.150e+00
-7.154e+00
-6.603e+00
-1.999e+02
-1.996e+02
-1.996e+02
-1.996e+02
-1.996e+02
-1.996e+02
-1.996e+02
-1.996e+02
-1.996e+02
-1.996e+02
-1.996e+02
-1.996e+02
-1.996e+02
-1.996e+02
-1.996e+02
-1.996e+02
-1.996e+02
-1.996e+02
-1.996e+02
-1.996e+02
-1.989e+02
-2.001e+02
-2.001e+02
-2.001e+02
-2.001e+02
-2.001e+02
-2.001e+02
-2.001e+02
-2.001e+02
-2.001e+02
-2.001e+02
-2.001e+02
-2.001e+02
-2.001e+02
-2.001e+02
-2.001e+02
-2.001e+02
-2.001e+02
-2.001e+02
-2.001e+02
-2.001e+02
-2.001e+02
-2.001e+02
-2.001e+02
-2.001e+02
-2.001e+02
-2.001e+02
-2.001e+02
-2.001e+02
-2.001e+02
-2.001e+02
-2.001e+02
-2.001e+02
-2.001e+02
-2.001e+02
-2.001e+02
-2.001e+02
-2.001e+02
-2.001e+02
-2.001e+02
-2.001e+02
-2.001e+02
-2.001e+02
-2.001e+02
-2.001e+02
-2.001e+02
-2.001e+02
-2.001e+02
-2.001e+02
-2.001e+02
-2.001e+02
-2.001e+02
-2.001e+02
-2.001e+02
-2.001e+02
-2.001e+02
-2.001e+02
-2.001e+02
-2.001e+02
-2.001e+02
-2.001e+02
-2.001e+02
-2.001e+02
-2.001e+02
-2.001e+02
-2.001e+02
-2.001e+02
-2.001e+02
-2.001e+02
-2.001e+02
-2.001e+02
-2.001e+02
-2.001e+02
-2.001e+02
-2.001e+02
-2.001e+02
-2.001e+02
-2.001e+02
-2.001e+02
-2.001e+02
-2.001e+02
-2.001e+02
-2.001e+02
-2.001e+02
-2.001e+02
-2.001e+02
-2.001e+02
-2.001e+02
-2.001e+02
-2.001e+02
-2.001e+02
-2.001e+02
-2.001e+02
-2.001e+02
-2.001e+02
-2.001e+02
-2.001e+02
-2.001e+02
-2.001e+02
-2.001e+02
-2.001e+02
-2.001e+02
-2.001e+02
-2.001e+02
-2.001e+02
-2.001e+02
-2.001e+02
-2.001e+02
-2.001e+02
-2.001e+02
-2.001e+02
-2.001e+02
-2.001e+02
-2.001e+02
-2.001e+02
-2.001e+02
-2.001e+02
-2.001e+02
-2.001e+02
-2.001e+02
-2.001e+02
-2.001e+02
-2.001e+02
-2.001e+02
-2.001e+02
-2.001e+02
-2.001e+02
-2.001e+02
-2.001e+02
-2.001e+02
-2.001e+02
-2.001e+02
-2.001e+02
-2.001e+02
-2.001e+02
-2.001e+02
-2.001e+02
-2.001e+02
-2.001e+02
-2.001e+02
-2.001e+02
-2.001e+02
-2.001e+02
-2.001e+02
-2.001e+02
-2.001e+02
-2.001e+02
-2.001e+02
-2.001e+02
-2.001e+02
-2.001e+02
-2.001e+02
-2.001e+02
-2.001e+02
-2.001e+02
-2.001e+02
-2.001e+02
-2.001e+02
-2.001e+02
-2.001e+02
-2.001e+02
-2.001e+02
-2.001e+02
-2.001e+02
-2.001e+02
-2.001e+02
-2.001e+02
-2.001e+02
-2.001e+02
-2.001e+02
-2.001e+02
-2.001e+02
-2.001e+02
-2.001e+02
-2.001e+02
-2.001e+02
-2.001e+02
-2.001e+02
-2.001e+02
-2.001e+02
-2.001e+02
-2.001e+02
-2.001e+02
-2.001e+02
-2.001e+02
-2.001e+02
-2.001e+02
-2.001e+02
-2.001e+02
-2.001e+02
-2.001e+02
-2.001e+02
-2.001e+02
-2.001e+02
-2.001e+02
-2.001e+02
-2.001e+02
-2.001e+02
-2.001e+02
-2.001e+02
-2.001e+02
-2.001e+02
-2.001e+02
-2.001e+02
-2.001e+02
-2.001e+02
-2.001e+02
-2.001e+02
-2.001e+02
-2.001e+02
-2.000e+02
-7.124e+00
-6.892e+00
-6.892e+00
-6.892e+00
-6.892e+00
-6.892e+00
-6.892e+00
-6.892e+00
-6.892e+00
-6.892e+00
-6.892e+00
-6.892e+00
-6.892e+00
-6.892e+00
-6.892e+00
-6.892e+00
-6.892e+00
-6.892e+00
-6.892e+00
-6.892e+00
-6.483e+00
-6.892e+00
-6.483e+00
-6.483e+00
-6.483e+00
-6.483e+00
-6.483e+00
-6.483e+00
-6.483e+00
-6.483e+00
-6.483e+00
-6.483e+00
-6.483e+00
-6.483e+00
-6.483e+00
-6.483e+00
-6.483e+00
-6.483e+00
-6.483e+00
-6.483e+00
-6.483e+00
-6.132e+00
-6.892e+00
-6.483e+00
-6.483e+00
-6.483e+00
-6.483e+00
-6.483e+00
-6.483e+00
-6.483e+00
-6.483e+00
-6.483e+00
-6.483e+00
-6.483e+00
-6.483e+00
-6.483e+00
-6.483e+00
-6.483e+00
-6.483e+00
-6.483e+00
-6.483e+00
-6.483e+00
-6.132e+00
-6.892e+00
-6.483e+00
-6.483e+00
-6.483e+00
-6.483e+00
-6.483e+00
-6.483e+00
-6.483e+00
-6.483e+00
-6.483e+00
-6.483e+00
-6.483e+00
-6.483e+00
-6.483e+00
-6.483e+00
-6.483e+00
-6.483e+00
-6.483e+00
-6.483e+00
-6.483e+00
-6.132e+00
-6.892e+00
-6.483e+00
-6.483e+00
-6.483e+00
-6.483e+00
-6.483e+00
-6.483e+00
-6.483e+00
-6.483e+00
-6.483e+00
-6.483e+00
-6.483e+00
-6.483e+00
-6.483e+00
-6.483e+00
-6.483e+00
-6.483e+00
-6.483e+00
-6.483e+00
-6.483e+00
-6.132e+00
-6.892e+00
-6.483e+00
-6.483e+00
-6.483e+00
-6.483e+00
-6.483e+00
-6.483e+00
-6.483e+00
-6.483e+00
-6.483e+00
-6.483e+00
-6.483e+00
-6.483e+00
-6.483e+00
-6.483e+00
-6.483e+00
-6.483e+00
-6.483e+00
-6.483e+00
-6.483e+00
-6.132e+00
-6.892e+00
-6.483e+00
-6.483e+00
-6.483e+00
-6.483e+00
-6.483e+00
-6.483e+00
-6.483e+00
-6.483e+00
-6.483e+00
-6.483e+00
-6.483e+00
-6.483e+00
-6.483e+00
-6.483e+00
-6.483e+00
-6.483e+00
-6.483e+00
-6.483e+00
-6.483e+00
-6.132e+00
-6.892e+00
-6.483e+00
-6.483e+00
-6.483e+00
-6.483e+00
-6.483e+00
-6.483e+00
-6.483e+00
-6.483e+00
-6.483e+00
-6.483e+00
-6.483e+00
-6.483e+00
-6.483e+00
-6.483e+00
-6.483e+00
-6.483e+00
-6.483e+00
-6.483e+00
-6.483e+00
-6.132e+00
-6.892e+00
-6.483e+00
-6.483e+00
-6.483e+00
-6.483e+00
-6.483e+00
-6.483e+00
-6.483e+00
-6.483e+00
-6.483e+00
-6.483e+00
-6.483e+00
-6.483e+00
-6.483e+00
-6.483e+00
-6.483e+00
-6.483e+00
-6.483e+00
-6.483e+00
-6.483e+00
-6.132e+00
-6.900e+00
-6.493e+00
-6.493e+00
-6.493e+00
-6.493e+00
-6.493e+00
-6.493e+00
-6.493e+00
-6.493e+00
-6.493e+00
-6.493e+00
-6.493e+00
-6.493e+00
-6.493e+00
-6.493e+00
-6.493e+00
-6.493e+00
-6.493e+00
-6.493e+00
-6.493e+00
-6.147e+00
-1.964e+02
-1.933e+02
-1.933e+02
-1.933e+02
-1.933e+02
-1.933e+02
-1.933e+02
-1.933e+02
-1.933e+02
-1.933e+02
-1.933e+02
-1.933e+02
-1.933e+02
-1.933e+02
-1.933e+02
-1.933e+02
-1.933e+02
-1.933e+02
-1.933e+02
-1.933e+02
-1.898e+02
-1.989e+02
-1.975e+02
-1.975e+02
-1.975e+02
-1.975e+02
-1.975e+02
-1.975e+02
-1.975e+02
-1.975e+02
-1.975e+02
-1.975e+02
-1.975e+02
-1.975e+02
-1.975e+02
-1.975e+02
-1.975e+02
-1.975e+02
-1.975e+02
-1.975e+02
-1.975e+02
-1.949e+02
-1.989e+02
-1.975e+02
-1.975e+02
-1.975e+02
-1.975e+02
-1.975e+02
-1.975e+02
-1.975e+02
-1.975e+02
-1.975e+02
-1.975e+02
-1.975e+02
-1.975e+02
-1.975e+02
-1.975e+02
-1.975e+02
-1.975e+02
-1.975e+02
-1.975e+02
-1.975e+02
-1.949e+02
-1.989e+02
-1.975e+02
-1.975e+02
-1.975e+02
-1.975e+02
-1.975e+02
-1.975e+02
-1.975e+02
-1.975e+02
-1.975e+02
-1.975e+02
-1.975e+02
-1.975e+02
-1.975e+02
-1.975e+02
-1.975e+02
-1.975e+02
-1.975e+02
-1.975e+02
-1.975e+02
-1.949e+02
-1.989e+02
-1.975e+02
-1.975e+02
-1.975e+02
-1.975e+02
-1.975e+02
-1.975e+02
-1.975e+02
-1.975e+02
-1.975e+02
-1.975e+02
-1.975e+02
-1.975e+02
-1.975e+02
-1.975e+02
-1.975e+02
-1.975e+02
-1.975e+02
-1.975e+02
-1.975e+02
-1.949e+02
-1.989e+02
-1.975e+02
-1.975e+02
-1.975e+02
-1.975e+02
-1.975e+02
-1.975e+02
-1.975e+02
-1.975e+02
-1.975e+02
-1.975e+02
-1.975e+02
-1.975e+02
-1.975e+02
-1.975e+02
-1.975e+02
-1.975e+02
-1.975e+02
-1.975e+02
-1.975e+02
-1.949e+02
-1.989e+02
-1.975e+02
-1.975e+02
-1.975e+02
-1.975e+02
-1.975e+02
-1.975e+02
-1.975e+02
-1.975e+02
-1.975e+02
-1.975e+02
-1.975e+02
-1.975e+02
-1.975e+02
-1.975e+02
-1.975e+02
-1.975e+02
-1.975e+02
-1.975e+02
-1.975e+02
-1.949e+02
-1.989e+02
-1.975e+02
-1.975e+02
-1.975e+02
-1.975e+02
-1.975e+02
-1.975e+02
-1.975e+02
-1.975e+02
-1.975e+02
-1.975e+02
-1.975e+02
-1.975e+02
-1.975e+02
-1.975e+02
-1.975e+02
-1.975e+02
-1.975e+02
-1.975e+02
-1.975e+02
-1.949e+02
-1.989e+02
-1.975e+02
-1.975e+02
-1.975e+02
-1.975e+02
-1.975e+02
-1.975e+02
-1.975e+02
-1.975e+02
-1.975e+02
-1.975e+02
-1.975e+02
-1.975e+02
-1.975e+02
-1.975e+02
-1.975e+02
-1.975e+02
-1.975e+02
-1.975e+02
-1.975e+02
-1.949e+02
-1.989e+02
-1.975e+02
-1.975e+02
-1.975e+02
-1.975e+02
-1.975e+02
-1.975e+02
-1.975e+02
-1.975e+02
-1.975e+02
-1.975e+02
-1.975e+02
-1.975e+02
-1.975e+02
-1.975e+02
-1.975e+02
-1.975e+02
-1.975e+02
-1.975e+02
-1.975e+02
-1.949e+02
-1.975e+02
-1.949e+02
-1.949e+02
-1.949e+02
-1.949e+02
-1.949e+02
-1.949e+02
-1.949e+02
-1.949e+02
-1.949e+02
-1.949e+02
-1.949e+02
-1.949e+02
-1.949e+02
-1.949e+02
-1.949e+02
-1.949e+02
-1.949e+02
-1.949e+02
-1.949e+02
-1.930e+02
-5.902e+00
-5.869e+00
-5.869e+00
-5.869e+00
-5.869e+00
-5.869e+00
-5.869e+00
-5.869e+00
-5.869e+00
-5.869e+00
-5.869e+00
-5.869e+00
-5.869e+00
-5.869e+00
-5.869e+00
-5.869e+00
-5.869e+00
-5.869e+00
-5.869e+00
-5.869e+00
-5.798e+00
-5.869e+00
-5.798e+00
-5.797e+00
-5.797e+00
-5.797e+00
-5.797e+00
-5.797e+00
-5.797e+00
-5.797e+00
-5.797e+00
-5.797e+00
-5.797e+00
-5.797e+00
-5.797e+00
-5.797e+00
-5.797e+00
-5.797e+00
-5.797e+00
-5.797e+00
-5.797e+00
-5.749e+00
-5.869e+00
-5.797e+00
-5.797e+00
-5.797e+00
-5.797e+00
-5.797e+00
-5.797e+00
-5.797e+00
-5.797e+00
-5.797e+00
-5.797e+00
-5.797e+00
-5.797e+00
-5.797e+00
-5.797e+00
-5.797e+00
-5.797e+00
-5.797e+00
-5.797e+00
-5.797e+00
-5.739e+00
-5.869e+00
-5.797e+00
-5.797e+00
-5.797e+00
-5.797e+00
-5.797e+00
-5.797e+00
-5.797e+00
-5.797e+00
-5.797e+00
-5.797e+00
-5.797e+00
-5.797e+00
-5.797e+00
-5.797e+00
-5.797e+00
-5.797e+00
-5.797e+00
-5.797e+00
-5.797e+00
-5.739e+00
-5.869e+00
-5.797e+00
-5.797e+00
-5.797e+00
-5.797e+00
-5.797e+00
-5.797e+00
-5.797e+00
-5.797e+00
-5.797e+00
-5.797e+00
-5.797e+00
-5.797e+00
-5.797e+00
-5.797e+00
-5.797e+00
-5.797e+00
-5.797e+00
-5.797e+00
-5.797e+00
-5.739e+00
-5.869e+00
-5.797e+00
-5.797e+00
-5.797e+00
-5.797e+00
-5.797e+00
-5.797e+00
-5.797e+00
-5.797e+00
-5.797e+00
-5.797e+00
-5.797e+00
-5.797e+00
-5.797e+00
-5.797e+00
-5.797e+00
-5.797e+00
-5.797e+00
-5.797e+00
-5.797e+00
-5.739e+00
-5.869e+00
-5.797e+00
-5.797e+00
-5.797e+00
-5.797e+00
-5.797e+00
-5.797e+00
-5.797e+00
-5.797e+00
-5.797e+00
-5.797e+00
-5.797e+00
-5.797e+00
-5.797e+00
-5.797e+00
-5.797e+00
-5.797e+00
-5.797e+00
-5.797e+00
-5.797e+00
-5.739e+00
-5.869e+00
-5.797e+00
-5.797e+00
-5.797e+00
-5.797e+00
-5.797e+00
-5.797e+00
-5.797e+00
-5.797e+00
-5.797e+00
-5.797e+00
-5.797e+00
-5.797e+00
-5.797e+00
-5.797e+00
-5.797e+00
-5.797e+00
-5.797e+00
-5.797e+00
-5.797e+00
-5.739e+00
-5.869e+00
-5.797e+00
-5.797e+00
-5.797e+00
-5.797e+00
-5.797e+00
-5.797e+00
-5.797e+00
-5.797e+00
-5.797e+00
-5.797e+00
-5.797e+00
-5.797e+00
-5.797e+00
-5.797e+00
-5.797e+00
-5.797e+00
-5.797e+00
-5.797e+00
-5.797e+00
-5.739e+00
-5.853e+00
-5.799e+00
-5.798e+00
-5.798e+00
-5.798e+00
-5.798e+00
-5.798e+00
-5.798e+00
-5.798e+00
-5.798e+00
-5.798e+00
-5.798e+00
-5.798e+00
-5.798e+00
-5.798e+00
-5.798e+00
-5.798e+00
-5.798e+00
-5.798e+00
-5.798e+00
-5.753e+00
-1.074e+02
-1.100e+02
-1.092e+02
-1.092e+02
-1.092e+02
-1.092e+02
-1.092e+02
-1.092e+02
-1.092e+02
-1.092e+02
-1.092e+02
-1.092e+02
-1.092e+02
-1.092e+02
-1.092e+02
-1.092e+02
-1.092e+02
-1.092e+02
-1.092e+02
-1.092e+02
-1.063e+02
-9.781e+01
-9.616e+01
-9.589e+01
-9.589e+01
-9.589e+01
-9.589e+01
-9.589e+01
-9.589e+01
-9.589e+01
-9.589e+01
-9.589e+01
-9.589e+01
-9.589e+01
-9.589e+01
-9.589e+01
-9.589e+01
-9.589e+01
-9.589e+01
-9.589e+01
-9.589e+01
-9.332e+01
-9.781e+01
-9.616e+01
-9.589e+01
-9.589e+01
-9.589e+01
-9.589e+01
-9.589e+01
-9.589e+01
-9.589e+01
-9.589e+01
-9.589e+01
-9.589e+01
-9.589e+01
-9.589e+01
-9.589e+01
-9.589e+01
-9.589e+01
-9.589e+01
-9.589e+01
-9.589e+01
-9.331e+01
-9.781e+01
-9.616e+01
-9.589e+01
-9.589e+01
-9.589e+01
-9.589e+01
-9.589e+01
-9.589e+01
-9.589e+01
-9.589e+01
-9.589e+01
-9.589e+01
-9.589e+01
-9.589e+01
-9.589e+01
-9.589e+01
-9.589e+01
-9.589e+01
-9.589e+01
-9.589e+01
-9.331e+01
-9.781e+01
-9.616e+01
-9.589e+01
-9.589e+01
-9.589e+01
-9.589e+01
-9.589e+01
-9.589e+01
-9.589e+01
-9.589e+01
-9.589e+01
-9.589e+01
-9.589e+01
-9.589e+01
-9.589e+01
-9.589e+01
-9.589e+01
-9.589e+01
-9.589e+01
-9.589e+01
-9.331e+01
-9.781e+01
-9.616e+01
-9.589e+01
-9.589e+01
-9.589e+01
-9.589e+01
-9.589e+01
-9.589e+01
-9.589e+01
-9.589e+01
-9.589e+01
-9.589e+01
-9.589e+01
-9.589e+01
-9.589e+01
-9.589e+01
-9.589e+01
-9.589e+01
-9.589e+01
-9.589e+01
-9.331e+01
-9.781e+01
-9.616e+01
-9.589e+01
-9.589e+01
-9.589e+01
-9.589e+01
-9.589e+01
-9.589e+01
-9.589e+01
-9.589e+01
-9.589e+01
-9.589e+01
-9.589e+01
-9.589e+01
-9.589e+01
-9.589e+01
-9.589e+01
-9.589e+01
-9.589e+01
-9.589e+01
-9.331e+01
-9.781e+01
-9.616e+01
-9.589e+01
-9.589e+01
-9.589e+01
-9.589e+01
-9.589e+01
-9.589e+01
-9.589e+01
-9.589e+01
-9.589e+01
-9.589e+01
-9.589e+01
-9.589e+01
-9.589e+01
-9.589e+01
-9.589e+01
-9.589e+01
-9.589e+01
-9.589e+01
-9.331e+01
-9.781e+01
-9.616e+01
-9.589e+01
-9.589e+01
-9.589e+01
-9.589e+01
-9.589e+01
-9.589e+01
-9.589e+01
-9.589e+01
-9.589e+01
-9.589e+01
-9.589e+01
-9.589e+01
-9.589e+01
-9.589e+01
-9.589e+01
-9.589e+01
-9.589e+01
-9.589e+01
-9.331e+01
-9.780e+01
-9.615e+01
-9.589e+01
-9.589e+01
-9.589e+01
-9.589e+01
-9.589e+01
-9.589e+01
-9.589e+01
-9.589e+01
-9.589e+01
-9.589e+01
-9.589e+01
-9.589e+01
-9.589e+01
-9.589e+01
-9.589e+01
-9.589e+01
-9.589e+01
-9.588e+01
-9.331e+01
-9.631e+01
-9.385e+01
-9.331e+01
-9.331e+01
-9.331e+01
-9.331e+01
-9.331e+01
-9.331e+01
-9.331e+01
-9.331e+01
-9.331e+01
-9.331e+01
-9.331e+01
-9.331e+01
-9.331e+01
-9.331e+01
-9.331e+01
-9.331e+01
-9.331e+01
-9.331e+01
-9.138e+01
-6.767e+00
-6.124e+00
-6.124e+00
-6.124e+00
-6.124e+00
-6.124e+00
-6.124e+00
-6.124e+00
-6.124e+00
-6.124e+00
-6.124e+00
-6.124e+00
-6.124e+00
-6.124e+00
-6.124e+00
-6.124e+00
-6.124e+00
-6.124e+00
-6.124e+00
-6.119e+00
-5.229e+00
-6.124e+00
-5.230e+00
-5.230e+00
-5.230e+00
-5.230e+00
-5.230e+00
-5.230e+00
-5.230e+00
-5.230e+00
-5.230e+00
-5.230e+00
-5.230e+00
-5.230e+00
-5.230e+00
-5.230e+00
-5.230e+00
-5.230e+00
-5.230e+00
-5.230e+00
-5.230e+00
-4.637e+00
-6.124e+00
-5.230e+00
-5.230e+00
-5.230e+00
-5.230e+00
-5.230e+00
-5.230e+00
-5.230e+00
-5.230e+00
-5.230e+00
-5.230e+00
-5.230e+00
-5.230e+00
-5.230e+00
-5.230e+00
-5.230e+00
-5.230e+00
-5.230e+00
-5.230e+00
-5.230e+00
-4.637e+00
-6.124e+00
-5.230e+00
-5.230e+00
-5.230e+00
-5.230e+00
-5.230e+00
-5.230e+00
-5.230e+00
-5.230e+00
-5.230e+00
-5.230e+00
-5.230e+00
-5.230e+00
-5.230e+00
-5.230e+00
-5.230e+00
-5.230e+00
-5.230e+00
-5.230e+00
-5.230e+00
-4.637e+00
-6.124e+00
-5.230e+00
-5.230e+00
-5.230e+00
-5.230e+00
-5.230e+00
-5.230e+00
-5.230e+00
-5.230e+00
-5.230e+00
-5.230e+00
-5.230e+00
-5.230e+00
-5.230e+00
-5.230e+00
-5.230e+00
-5.230e+00
-5.230e+00
-5.230e+00
-5.230e+00
-4.637e+00
-6.124e+00
-5.230e+00
-5.230e+00
-5.230e+00
-5.230e+00
-5.230e+00
-5.230e+00
-5.230e+00
-5.230e+00
-5.230e+00
-5.230e+00
-5.230e+00
-5.230e+00
-5.230e+00
-5.230e+00
-5.230e+00
-5.230e+00
-5.230e+00
-5.230e+00
-5.230e+00
-4.637e+00
-6.124e+00
-5.230e+00
-5.230e+00
-5.230e+00
-5.230e+00
-5.230e+00
-5.230e+00
-5.230e+00
-5.230e+00
-5.230e+00
-5.230e+00
-5.230e+00
-5.230e+00
-5.230e+00
-5.230e+00
-5.230e+00
-5.230e+00
-5.230e+00
-5.230e+00
-5.230e+00
-4.637e+00
-6.124e+00
-5.230e+00
-5.230e+00
-5.230e+00
-5.230e+00
-5.230e+00
-5.230e+00
-5.230e+00
-5.230e+00
-5.230e+00
-5.230e+00
-5.230e+00
-5.230e+00
-5.230e+00
-5.230e+00
-5.230e+00
-5.230e+00
-5.230e+00
-5.230e+00
-5.230e+00
-4.637e+00
-6.124e+00
-5.230e+00
-5.230e+00
-5.230e+00
-5.230e+00
-5.230e+00
-5.230e+00
-5.230e+00
-5.230e+00
-5.230e+00
-5.230e+00
-5.230e+00
-5.230e+00
-5.230e+00
-5.230e+00
-5.230e+00
-5.230e+00
-5.230e+00
-5.230e+00
-5.230e+00
-4.637e+00
-6.134e+00
-5.230e+00
-5.231e+00
-5.231e+00
-5.231e+00
-5.231e+00
-5.231e+00
-5.231e+00
-5.231e+00
-5.231e+00
-5.231e+00
-5.231e+00
-5.231e+00
-5.231e+00
-5.231e+00
-5.231e+00
-5.231e+00
-5.231e+00
-5.231e+00
-5.230e+00
-4.637e+00
-3.226e+01
-1.968e+01
-1.980e+01
-1.980e+01
-1.980e+01
-1.980e+01
-1.980e+01
-1.980e+01
-1.980e+01
-1.980e+01
-1.980e+01
-1.980e+01
-1.980e+01
-1.980e+01
-1.980e+01
-1.980e+01
-1.980e+01
-1.980e+01
-1.980e+01
-1.978e+01
-1.417e+01
-3.186e+01
-1.909e+01
-1.911e+01
-1.911e+01
-1.911e+01
-1.911e+01
-1.911e+01
-1.911e+01
-1.911e+01
-1.911e+01
-1.911e+01
-1.911e+01
-1.911e+01
-1.911e+01
-1.911e+01
-1.911e+01
-1.911e+01
-1.911e+01
-1.911e+01
-1.909e+01
-1.346e+01
-3.186e+01
-1.909e+01
-1.911e+01
-1.911e+01
-1.911e+01
-1.911e+01
-1.911e+01
-1.911e+01
-1.911e+01
-1.911e+01
-1.911e+01
-1.911e+01
-1.911e+01
-1.911e+01
-1.911e+01
-1.911e+01
-1.911e+01
-1.911e+01
-1.911e+01
-1.909e+01
-1.347e+01
-3.186e+01
-1.909e+01
-1.911e+01
-1.911e+01
-1.911e+01
-1.911e+01
-1.911e+01
-1.911e+01
-1.911e+01
-1.911e+01
-1.911e+01
-1.911e+01
-1.911e+01
-1.911e+01
-1.911e+01
-1.911e+01
-1.911e+01
-1.911e+01
-1.911e+01
-1.909e+01
-1.347e+01
-3.186e+01
-1.909e+01
-1.911e+01
-1.911e+01
-1.911e+01
-1.911e+01
-1.911e+01
-1.911e+01
-1.911e+01
-1.911e+01
-1.911e+01
-1.911e+01
-1.911e+01
-1.911e+01
-1.911e+01
-1.911e+01
-1.911e+01
-1.911e+01
-1.911e+01
-1.909e+01
-1.347e+01
-3.186e+01
-1.909e+01
-1.911e+01
-1.911e+01
-1.911e+01
-1.911e+01
-1.911e+01
-1.911e+01
-1.911e+01
-1.911e+01
-1.911e+01
-1.911e+01
-1.911e+01
-1.911e+01
-1.911e+01
-1.911e+01
-1.911e+01
-1.911e+01
-1.911e+01
-1.909e+01
-1.347e+01
-3.186e+01
-1.909e+01
-1.911e+01
-1.911e+01
-1.911e+01
-1.911e+01
-1.911e+01
-1.911e+01
-1.911e+01
-1.911e+01
-1.911e+01
-1.911e+01
-1.911e+01
-1.911e+01
-1.911e+01
-1.911e+01
-1.911e+01
-1.911e+01
-1.911e+01
-1.909e+01
-1.347e+01
-3.186e+01
-1.909e+01
-1.911e+01
-1.911e+01
-1.911e+01
-1.911e+01
-1.911e+01
-1.911e+01
-1.911e+01
-1.911e+01
-1.911e+01
-1.911e+01
-1.911e+01
-1.911e+01
-1.911e+01
-1.911e+01
-1.911e+01
-1.911e+01
-1.911e+01
-1.909e+01
-1.347e+01
-3.186e+01
-1.909e+01
-1.911e+01
-1.911e+01
-1.911e+01
-1.911e+01
-1.911e+01
-1.911e+01
-1.911e+01
-1.911e+01
-1.911e+01
-1.911e+01
-1.911e+01
-1.911e+01
-1.911e+01
-1.911e+01
-1.911e+01
-1.911e+01
-1.911e+01
-1.909e+01
-1.347e+01
-3.181e+01
-1.907e+01
-1.909e+01
-1.909e+01
-1.909e+01
-1.909e+01
-1.909e+01
-1.909e+01
-1.909e+01
-1.909e+01
-1.909e+01
-1.909e+01
-1.909e+01
-1.909e+01
-1.909e+01
-1.909e+01
-1.909e+01
-1.909e+01
-1.909e+01
-1.907e+01
-1.347e+01
-1.903e+01
-1.342e+01
-1.347e+01
-1.347e+01
-1.347e+01
-1.347e+01
-1.347e+01
-1.347e+01
-1.347e+01
-1.347e+01
-1.347e+01
-1.347e+01
-1.347e+01
-1.347e+01
-1.347e+01
-1.347e+01
-1.347e+01
-1.347e+01
-1.347e+01
-1.347e+01
-1.176e+01
-4.376e+00
-4.360e+00
-4.360e+00
-4.360e+00
-4.360e+00
-4.360e+00
-4.360e+00
-4.360e+00
-4.360e+00
-4.360e+00
-4.360e+00
-4.360e+00
-4.360e+00
-4.360e+00
-4.360e+00
-4.360e+00
-4.360e+00
-4.360e+00
-4.360e+00
-4.361e+00
-4.339e+00
-4.360e+00
-4.339e+00
-4.339e+00
-4.339e+00
-4.339e+00
-4.339e+00
-4.339e+00
-4.339e+00
-4.339e+00
-4.339e+00
-4.339e+00
-4.339e+00
-4.339e+00
-4.339e+00
-4.339e+00
-4.339e+00
-4.339e+00
-4.339e+00
-4.339e+00
-4.339e+00
-4.321e+00
-4.360e+00
-4.339e+00
-4.339e+00
-4.339e+00
-4.339e+00
-4.339e+00
-4.339e+00
-4.339e+00
-4.339e+00
-4.339e+00
-4.339e+00
-4.339e+00
-4.339e+00
-4.339e+00
-4.339e+00
-4.339e+00
-4.339e+00
-4.339e+00
-4.339e+00
-4.339e+00
-4.320e+00
-4.360e+00
-4.339e+00
-4.339e+00
-4.339e+00
-4.339e+00
-4.339e+00
-4.339e+00
-4.339e+00
-4.339e+00
-4.339e+00
-4.339e+00
-4.339e+00
-4.339e+00
-4.339e+00
-4.339e+00
-4.339e+00
-4.339e+00
-4.339e+00
-4.339e+00
-4.339e+00
-4.320e+00
-4.360e+00
-4.339e+00
-4.339e+00
-4.339e+00
-4.339e+00
-4.339e+00
-4.339e+00
-4.339e+00
-4.339e+00
-4.339e+00
-4.339e+00
-4.339e+00
-4.339e+00
-4.339e+00
-4.339e+00
-4.339e+00
-4.339e+00
-4.339e+00
-4.339e+00
-4.339e+00
-4.320e+00
-4.360e+00
-4.339e+00
-4.339e+00
-4.339e+00
-4.339e+00
-4.339e+00
-4.339e+00
-4.339e+00
-4.339e+00
-4.339e+00
-4.339e+00
-4.339e+00
-4.339e+00
-4.339e+00
-4.339e+00
-4.339e+00
-4.339e+00
-4.339e+00
-4.339e+00
-4.339e+00
-4.320e+00
-4.360e+00
-4.339e+00
-4.339e+00
-4.339e+00
-4.339e+00
-4.339e+00
-4.339e+00
-4.339e+00
-4.339e+00
-4.339e+00
-4.339e+00
-4.339e+00
-4.339e+00
-4.339e+00
-4.339e+00
-4.339e+00
-4.339e+00
-4.339e+00
-4.339e+00
-4.339e+00
-4.320e+00
-4.360e+00
-4.339e+00
-4.339e+00
-4.339e+00
-4.339e+00
-4.339e+00
-4.339e+00
-4.339e+00
-4.339e+00
-4.339e+00
-4.339e+00
-4.339e+00
-4.339e+00
-4.339e+00
-4.339e+00
-4.339e+00
-4.339e+00
-4.339e+00
-4.339e+00
-4.339e+00
-4.320e+00
-4.360e+00
-4.339e+00
-4.339e+00
-4.339e+00
-4.339e+00
-4.339e+00
-4.339e+00
-4.339e+00
-4.339e+00
-4.339e+00
-4.339e+00
-4.339e+00
-4.339e+00
-4.339e+00
-4.339e+00
-4.339e+00
-4.339e+00
-4.339e+00
-4.339e+00
-4.339e+00
-4.320e+00
-4.360e+00
-4.339e+00
-4.339e+00
-4.339e+00
-4.339e+00
-4.339e+00
-4.339e+00
-4.339e+00
-4.339e+00
-4.339e+00
-4.339e+00
-4.339e+00
-4.339e+00
-4.339e+00
-4.339e+00
-4.339e+00
-4.339e+00
-4.339e+00
-4.339e+00
-4.339e+00
-4.319e+00
-4.251e+00
-4.231e+00
-4.231e+00
-4.231e+00
-4.231e+00
-4.231e+00
-4.231e+00
-4.231e+00
-4.231e+00
-4.231e+00
-4.231e+00
-4.231e+00
-4.231e+00
-4.231e+00
-4.231e+00
-4.231e+00
-4.231e+00
-4.231e+00
-4.231e+00
-4.231e+00
-4.209e+00
-4.245e+00
-4.215e+00
-4.214e+00
-4.214e+00
-4.214e+00
-4.214e+00
-4.214e+00
-4.214e+00
-4.214e+00
-4.214e+00
-4.214e+00
-4.214e+00
-4.214e+00
-4.214e+00
-4.214e+00
-4.214e+00
-4.214e+00
-4.214e+00
-4.214e+00
-4.215e+00
-4.187e+00
-4.245e+00
-4.215e+00
-4.214e+00
-4.214e+00
-4.214e+00
-4.214e+00
-4.214e+00
-4.214e+00
-4.214e+00
-4.214e+00
-4.214e+00
-4.214e+00
-4.214e+00
-4.214e+00
-4.214e+00
-4.214e+00
-4.214e+00
-4.214e+00
-4.214e+00
-4.215e+00
-4.187e+00
-4.245e+00
-4.215e+00
-4.214e+00
-4.214e+00
-4.214e+00
-4.214e+00
-4.214e+00
-4.214e+00
-4.214e+00
-4.214e+00
-4.214e+00
-4.214e+00
-4.214e+00
-4.214e+00
-4.214e+00
-4.214e+00
-4.214e+00
-4.214e+00
-4.214e+00
-4.215e+00
-4.187e+00
-4.245e+00
-4.215e+00
-4.214e+00
-4.214e+00
-4.214e+00
-4.214e+00
-4.214e+00
-4.214e+00
-4.214e+00
-4.214e+00
-4.214e+00
-4.214e+00
-4.214e+00
-4.214e+00
-4.214e+00
-4.214e+00
-4.214e+00
-4.214e+00
-4.214e+00
-4.215e+00
-4.187e+00
-4.245e+00
-4.215e+00
-4.214e+00
-4.214e+00
-4.214e+00
-4.214e+00
-4.214e+00
-4.214e+00
-4.214e+00
-4.214e+00
-4.214e+00
-4.214e+00
-4.214e+00
-4.214e+00
-4.214e+00
-4.214e+00
-4.214e+00
-4.214e+00
-4.214e+00
-4.215e+00
-4.187e+00
-4.245e+00
-4.215e+00
-4.214e+00
-4.214e+00
-4.214e+00
-4.214e+00
-4.214e+00
-4.214e+00
-4.214e+00
-4.214e+00
-4.214e+00
-4.214e+00
-4.214e+00
-4.214e+00
-4.214e+00
-4.214e+00
-4.214e+00
-4.214e+00
-4.214e+00
-4.215e+00
-4.187e+00
-4.245e+00
-4.215e+00
-4.214e+00
-4.214e+00
-4.214e+00
-4.214e+00
-4.214e+00
-4.214e+00
-4.214e+00
-4.214e+00
-4.214e+00
-4.214e+00
-4.214e+00
-4.214e+00
-4.214e+00
-4.214e+00
-4.214e+00
-4.214e+00
-4.214e+00
-4.215e+00
-4.187e+00
-4.245e+00
-4.215e+00
-4.214e+00
-4.214e+00
-4.214e+00
-4.214e+00
-4.214e+00
-4.214e+00
-4.214e+00
-4.214e+00
-4.214e+00
-4.214e+00
-4.214e+00
-4.214e+00
-4.214e+00
-4.214e+00
-4.214e+00
-4.214e+00
-4.214e+00
-4.215e+00
-4.187e+00
-4.248e+00
-4.215e+00
-4.215e+00
-4.215e+00
-4.215e+00
-4.215e+00
-4.215e+00
-4.215e+00
-4.215e+00
-4.215e+00
-4.215e+00
-4.215e+00
-4.215e+00
-4.215e+00
-4.215e+00
-4.215e+00
-4.215e+00
-4.215e+00
-4.215e+00
-4.215e+00
-4.187e+00
-4.219e+00
-4.187e+00
-4.187e+00
-4.187e+00
-4.187e+00
-4.187e+00
-4.187e+00
-4.187e+00
-4.187e+00
-4.187e+00
-4.187e+00
-4.187e+00
-4.187e+00
-4.187e+00
-4.187e+00
-4.187e+00
-4.187e+00
-4.187e+00
-4.187e+00
-4.187e+00
-4.171e+00
-4.718e+00
-4.265e+00
-4.265e+00
-4.265e+00
-4.265e+00
-4.265e+00
-4.265e+00
-4.265e+00
-4.265e+00
-4.265e+00
-4.265e+00
-4.265e+00
-4.265e+00
-4.265e+00
-4.265e+00
-4.265e+00
-4.265e+00
-4.265e+00
-4.265e+00
-4.264e+00
-3.677e+00
-4.265e+00
-3.677e+00
-3.677e+00
-3.677e+00
-3.677e+00
-3.677e+00
-3.677e+00
-3.677e+00
-3.677e+00
-3.677e+00
-3.677e+00
-3.677e+00
-3.677e+00
-3.677e+00
-3.677e+00
-3.677e+00
-3.677e+00
-3.677e+00
-3.677e+00
-3.677e+00
-3.311e+00
-4.265e+00
-3.677e+00
-3.677e+00
-3.677e+00
-3.677e+00
-3.677e+00
-3.677e+00
-3.677e+00
-3.677e+00
-3.677e+00
-3.677e+00
-3.677e+00
-3.677e+00
-3.677e+00
-3.677e+00
-3.677e+00
-3.677e+00
-3.677e+00
-3.677e+00
-3.677e+00
-3.311e+00
-4.265e+00
-3.677e+00
-3.677e+00
-3.677e+00
-3.677e+00
-3.677e+00
-3.677e+00
-3.677e+00
-3.677e+00
-3.677e+00
-3.677e+00
-3.677e+00
-3.677e+00
-3.677e+00
-3.677e+00
-3.677e+00
-3.677e+00
-3.677e+00
-3.677e+00
-3.677e+00
-3.311e+00
-4.265e+00
-3.677e+00
-3.677e+00
-3.677e+00
-3.677e+00
-3.677e+00
-3.677e+00
-3.677e+00
-3.677e+00
-3.677e+00
-3.677e+00
-3.677e+00
-3.677e+00
-3.677e+00
-3.677e+00
-3.677e+00
-3.677e+00
-3.677e+00
-3.677e+00
-3.677e+00
-3.311e+00
-4.265e+00
-3.677e+00
-3.677e+00
-3.677e+00
-3.677e+00
-3.677e+00
-3.677e+00
-3.677e+00
-3.677e+00
-3.677e+00
-3.677e+00
-3.677e+00
-3.677e+00
-3.677e+00
-3.677e+00
-3.677e+00
-3.677e+00
-3.677e+00
-3.677e+00
-3.677e+00
-3.311e+00
-4.265e+00
-3.677e+00
-3.677e+00
-3.677e+00
-3.677e+00
-3.677e+00
-3.677e+00
-3.677e+00
-3.677e+00
-3.677e+00
-3.677e+00
-3.677e+00
-3.677e+00
-3.677e+00
-3.677e+00
-3.677e+00
-3.677e+00
-3.677e+00
-3.677e+00
-3.677e+00
-3.311e+00
-4.265e+00
-3.677e+00
-3.677e+00
-3.677e+00
-3.677e+00
-3.677e+00
-3.677e+00
-3.677e+00
-3.677e+00
-3.677e+00
-3.677e+00
-3.677e+00
-3.677e+00
-3.677e+00
-3.677e+00
-3.677e+00
-3.677e+00
-3.677e+00
-3.677e+00
-3.677e+00
-3.311e+00
-4.265e+00
-3.677e+00
-3.677e+00
-3.677e+00
-3.677e+00
-3.677e+00
-3.677e+00
-3.677e+00
-3.677e+00
-3.677e+00
-3.677e+00
-3.677e+00
-3.677e+00
-3.677e+00
-3.677e+00
-3.677e+00
-3.677e+00
-3.677e+00
-3.677e+00
-3.677e+00
-3.311e+00
-4.260e+00
-3.677e+00
-3.677e+00
-3.677e+00
-3.677e+00
-3.677e+00
-3.677e+00
-3.677e+00
-3.677e+00
-3.677e+00
-3.677e+00
-3.677e+00
-3.677e+00
-3.677e+00
-3.677e+00
-3.677e+00
-3.677e+00
-3.677e+00
-3.677e+00
-3.677e+00
-3.311e+00
-2.246e+00
-2.172e+00
-2.172e+00
-2.172e+00
-2.172e+00
-2.172e+00
-2.172e+00
-2.172e+00
-2.172e+00
-2.172e+00
-2.172e+00
-2.172e+00
-2.172e+00
-2.172e+00
-2.172e+00
-2.172e+00
-2.172e+00
-2.172e+00
-2.172e+00
-2.172e+00
-2.118e+00
-2.246e+00
-2.173e+00
-2.174e+00
-2.174e+00
-2.174e+00
-2.174e+00
-2.174e+00
-2.174e+00
-2.174e+00
-2.174e+00
-2.174e+00
-2.174e+00
-2.174e+00
-2.174e+00
-2.174e+00
-2.174e+00
-2.174e+00
-2.174e+00
-2.174e+00
-2.174e+00
-2.120e+00
-2.246e+00
-2.173e+00
-2.174e+00
-2.174e+00
-2.174e+00
-2.174e+00
-2.174e+00
-2.174e+00
-2.174e+00
-2.174e+00
-2.174e+00
-2.174e+00
-2.174e+00
-2.174e+00
-2.174e+00
-2.174e+00
-2.174e+00
-2.174e+00
-2.174e+00
-2.174e+00
-2.120e+00
-2.246e+00
-2.173e+00
-2.174e+00
-2.174e+00
-2.174e+00
-2.174e+00
-2.174e+00
-2.174e+00
-2.174e+00
-2.174e+00
-2.174e+00
-2.174e+00
-2.174e+00
-2.174e+00
-2.174e+00
-2.174e+00
-2.174e+00
-2.174e+00
-2.174e+00
-2.174e+00
-2.120e+00
-2.246e+00
-2.173e+00
-2.174e+00
-2.174e+00
-2.174e+00
-2.174e+00
-2.174e+00
-2.174e+00
-2.174e+00
-2.174e+00
-2.174e+00
-2.174e+00
-2.174e+00
-2.174e+00
-2.174e+00
-2.174e+00
-2.174e+00
-2.174e+00
-2.174e+00
-2.174e+00
-2.120e+00
-2.246e+00
-2.173e+00
-2.174e+00
-2.174e+00
-2.174e+00
-2.174e+00
-2.174e+00
-2.174e+00
-2.174e+00
-2.174e+00
-2.174e+00
-2.174e+00
-2.174e+00
-2.174e+00
-2.174e+00
-2.174e+00
-2.174e+00
-2.174e+00
-2.174e+00
-2.174e+00
-2.120e+00
-2.246e+00
-2.173e+00
-2.174e+00
-2.174e+00
-2.174e+00
-2.174e+00
-2.174e+00
-2.174e+00
-2.174e+00
-2.174e+00
-2.174e+00
-2.174e+00
-2.174e+00
-2.174e+00
-2.174e+00
-2.174e+00
-2.174e+00
-2.174e+00
-2.174e+00
-2.174e+00
-2.120e+00
-2.246e+00
-2.173e+00
-2.174e+00
-2.174e+00
-2.174e+00
-2.174e+00
-2.174e+00
-2.174e+00
-2.174e+00
-2.174e+00
-2.174e+00
-2.174e+00
-2.174e+00
-2.174e+00
-2.174e+00
-2.174e+00
-2.174e+00
-2.174e+00
-2.174e+00
-2.174e+00
-2.120e+00
-2.246e+00
-2.173e+00
-2.174e+00
-2.174e+00
-2.174e+00
-2.174e+00
-2.174e+00
-2.174e+00
-2.174e+00
-2.174e+00
-2.174e+00
-2.174e+00
-2.174e+00
-2.174e+00
-2.174e+00
-2.174e+00
-2.174e+00
-2.174e+00
-2.174e+00
-2.174e+00
-2.120e+00
-2.246e+00
-2.173e+00
-2.174e+00
-2.174e+00
-2.174e+00
-2.174e+00
-2.174e+00
-2.174e+00
-2.174e+00
-2.174e+00
-2.174e+00
-2.174e+00
-2.174e+00
-2.174e+00
-2.174e+00
-2.174e+00
-2.174e+00
-2.174e+00
-2.174e+00
-2.174e+00
-2.120e+00
-2.172e+00
-2.120e+00
-2.120e+00
-2.120e+00
-2.120e+00
-2.120e+00
-2.120e+00
-2.120e+00
-2.120e+00
-2.120e+00
-2.120e+00
-2.120e+00
-2.120e+00
-2.120e+00
-2.120e+00
-2.120e+00
-2.120e+00
-2.120e+00
-2.120e+00
-2.120e+00
-2.100e+00
-2.621e+00
-2.619e+00
-2.619e+00
-2.619e+00
-2.619e+00
-2.619e+00
-2.619e+00
-2.619e+00
-2.619e+00
-2.619e+00
-2.619e+00
-2.619e+00
-2.619e+00
-2.619e+00
-2.619e+00
-2.619e+00
-2.619e+00
-2.619e+00
-2.619e+00
-2.619e+00
-2.618e+00
-2.619e+00
-2.616e+00
-2.616e+00
-2.616e+00
-2.616e+00
-2.616e+00
-2.616e+00
-2.616e+00
-2.616e+00
-2.616e+00
-2.616e+00
-2.616e+00
-2.616e+00
-2.616e+00
-2.616e+00
-2.616e+00
-2.616e+00
-2.616e+00
-2.616e+00
-2.616e+00
-2.616e+00
-2.619e+00
-2.616e+00
-2.616e+00
-2.616e+00
-2.616e+00
-2.616e+00
-2.616e+00
-2.616e+00
-2.616e+00
-2.616e+00
-2.616e+00
-2.616e+00
-2.616e+00
-2.616e+00
-2.616e+00
-2.616e+00
-2.616e+00
-2.616e+00
-2.616e+00
-2.616e+00
-2.616e+00
-2.619e+00
-2.616e+00
-2.616e+00
-2.616e+00
-2.616e+00
-2.616e+00
-2.616e+00
-2.616e+00
-2.616e+00
-2.616e+00
-2.616e+00
-2.616e+00
-2.616e+00
-2.616e+00
-2.616e+00
-2.616e+00
-2.616e+00
-2.616e+00
-2.616e+00
-2.616e+00
-2.616e+00
-2.619e+00
-2.616e+00
-2.616e+00
-2.616e+00
-2.616e+00
-2.616e+00
-2.616e+00
-2.616e+00
-2.616e+00
-2.616e+00
-2.616e+00
-2.616e+00
-2.616e+00
-2.616e+00
-2.616e+00
-2.616e+00
-2.616e+00
-2.616e+00
-2.616e+00
-2.616e+00
-2.616e+00
-2.619e+00
-2.616e+00
-2.616e+00
-2.616e+00
-2.616e+00
-2.616e+00
-2.616e+00
-2.616e+00
-2.616e+00
-2.616e+00
-2.616e+00
-2.616e+00
-2.616e+00
-2.616e+00
-2.616e+00
-2.616e+00
-2.616e+00
-2.616e+00
-2.616e+00
-2.616e+00
-2.616e+00
-2.619e+00
-2.616e+00
-2.616e+00
-2.616e+00
-2.616e+00
-2.616e+00
-2.616e+00
-2.616e+00
-2.616e+00
-2.616e+00
-2.616e+00
-2.616e+00
-2.616e+00
-2.616e+00
-2.616e+00
-2.616e+00
-2.616e+00
-2.616e+00
-2.616e+00
-2.616e+00
-2.616e+00
-2.619e+00
-2.616e+00
-2.616e+00
-2.616e+00
-2.616e+00
-2.616e+00
-2.616e+00
-2.616e+00
-2.616e+00
-2.616e+00
-2.616e+00
-2.616e+00
-2.616e+00
-2.616e+00
-2.616e+00
-2.616e+00
-2.616e+00
-2.616e+00
-2.616e+00
-2.616e+00
-2.616e+00
-2.619e+00
-2.616e+00
-2.616e+00
-2.616e+00
-2.616e+00
-2.616e+00
-2.616e+00
-2.616e+00
-2.616e+00
-2.616e+00
-2.616e+00
-2.616e+00
-2.616e+00
-2.616e+00
-2.616e+00
-2.616e+00
-2.616e+00
-2.616e+00
-2.616e+00
-2.616e+00
-2.616e+00
-2.618e+00
-2.616e+00
-2.616e+00
-2.616e+00
-2.616e+00
-2.616e+00
-2.616e+00
-2.616e+00
-2.616e+00
-2.616e+00
-2.616e+00
-2.616e+00
-2.616e+00
-2.616e+00
-2.616e+00
-2.616e+00
-2.616e+00
-2.616e+00
-2.616e+00
-2.616e+00
-2.614e+00
-1.582e+00
-1.582e+00
-1.582e+00
-1.582e+00
-1.582e+00
-1.582e+00
-1.582e+00
-1.582e+00
-1.582e+00
-1.582e+00
-1.582e+00
-1.582e+00
-1.582e+00
-1.582e+00
-1.582e+00
-1.582e+00
-1.582e+00
-1.582e+00
-1.582e+00
-1.582e+00
-1.582e+00
-1.582e+00
-1.582e+00
-1.582e+00
-1.582e+00
-1.582e+00
-1.582e+00
-1.582e+00
-1.582e+00
-1.582e+00
-1.582e+00
-1.582e+00
-1.582e+00
-1.582e+00
-1.582e+00
-1.582e+00
-1.582e+00
-1.582e+00
-1.582e+00
-1.582e+00
-1.582e+00
-1.582e+00
-1.582e+00
-1.582e+00
-1.582e+00
-1.582e+00
-1.582e+00
-1.582e+00
-1.582e+00
-1.582e+00
-1.582e+00
-1.582e+00
-1.582e+00
-1.582e+00
-1.582e+00
-1.582e+00
-1.582e+00
-1.582e+00
-1.582e+00
-1.582e+00
-1.582e+00
-1.582e+00
-1.582e+00
-1.582e+00
-1.582e+00
-1.582e+00
-1.582e+00
-1.582e+00
-1.582e+00
-1.582e+00
-1.582e+00
-1.582e+00
-1.582e+00
-1.582e+00
-1.582e+00
-1.582e+00
-1.582e+00
-1.582e+00
-1.582e+00
-1.582e+00
-1.582e+00
-1.582e+00
-1.582e+00
-1.582e+00
-1.582e+00
-1.582e+00
-1.582e+00
-1.582e+00
-1.582e+00
-1.582e+00
-1.582e+00
-1.582e+00
-1.582e+00
-1.582e+00
-1.582e+00
-1.582e+00
-1.582e+00
-1.582e+00
-1.582e+00
-1.582e+00
-1.582e+00
-1.582e+00
-1.582e+00
-1.582e+00
-1.582e+00
-1.582e+00
-1.582e+00
-1.582e+00
-1.582e+00
-1.582e+00
-1.582e+00
-1.582e+00
-1.582e+00
-1.582e+00
-1.582e+00
-1.582e+00
-1.582e+00
-1.582e+00
-1.582e+00
-1.582e+00
-1.582e+00
-1.582e+00
-1.582e+00
-1.582e+00
-1.582e+00
-1.582e+00
-1.582e+00
-1.582e+00
-1.582e+00
-1.582e+00
-1.582e+00
-1.582e+00
-1.582e+00
-1.582e+00
-1.582e+00
-1.582e+00
-1.582e+00
-1.582e+00
-1.582e+00
-1.582e+00
-1.582e+00
-1.582e+00
-1.582e+00
-1.582e+00
-1.582e+00
-1.582e+00
-1.582e+00
-1.582e+00
-1.582e+00
-1.582e+00
-1.582e+00
-1.582e+00
-1.582e+00
-1.582e+00
-1.582e+00
-1.582e+00
-1.582e+00
-1.582e+00
-1.582e+00
-1.582e+00
-1.582e+00
-1.582e+00
-1.582e+00
-1.582e+00
-1.582e+00
-1.582e+00
-1.582e+00
-1.582e+00
-1.582e+00
-1.582e+00
-1.582e+00
-1.582e+00
-1.582e+00
-1.582e+00
-1.582e+00
-1.582e+00
-1.582e+00
-1.582e+00
-1.582e+00
-1.582e+00
-1.582e+00
-1.582e+00
-1.582e+00
-1.582e+00
-1.582e+00
-1.582e+00
-1.582e+00
-1.582e+00
-1.582e+00
-1.582e+00
-1.582e+00
-1.582e+00
-1.582e+00
-1.582e+00
-1.582e+00
-1.582e+00
-1.582e+00
-1.582e+00
-1.582e+00
-1.582e+00
-1.582e+00
-1.582e+00
-1.582e+00
-1.582e+00
-1.582e+00
-1.582e+00
-1.582e+00
-1.582e+00
-1.582e+00
-1.582e+00
-1.582e+00
-1.582e+00
-1.582e+00
-1.582e+00
-1.582e+00
-1.582e+00
-1.582e+00
-1.582e+00
-1.582e+00
-1.582e+00
-1.582e+00
-1.582e+00
-1.582e+00
-1.582e+00
-1.582e+00
-1.582e+00
-1.582e+00
-1.582e+00
-1.582e+00
-1.582e+00
-1.582e+00
-2.130e+00
-2.074e+00
-2.074e+00
-2.074e+00
-2.074e+00
-2.074e+00
-2.074e+00
-2.074e+00
-2.074e+00
-2.074e+00
-2.074e+00
-2.074e+00
-2.074e+00
-2.074e+00
-2.074e+00
-2.074e+00
-2.074e+00
-2.074e+00
-2.074e+00
-2.074e+00
-1.989e+00
-2.074e+00
-1.989e+00
-1.989e+00
-1.989e+00
-1.989e+00
-1.989e+00
-1.989e+00
-1.989e+00
-1.989e+00
-1.989e+00
-1.989e+00
-1.989e+00
-1.989e+00
-1.989e+00
-1.989e+00
-1.989e+00
-1.989e+00
-1.989e+00
-1.989e+00
-1.989e+00
-1.927e+00
-2.074e+00
-1.989e+00
-1.989e+00
-1.989e+00
-1.989e+00
-1.989e+00
-1.989e+00
-1.989e+00
-1.989e+00
-1.989e+00
-1.989e+00
-1.989e+00
-1.989e+00
-1.989e+00
-1.989e+00
-1.989e+00
-1.989e+00
-1.989e+00
-1.989e+00
-1.989e+00
-1.927e+00
-2.074e+00
-1.989e+00
-1.989e+00
-1.989e+00
-1.989e+00
-1.989e+00
-1.989e+00
-1.989e+00
-1.989e+00
-1.989e+00
-1.989e+00
-1.989e+00
-1.989e+00
-1.989e+00
-1.989e+00
-1.989e+00
-1.989e+00
-1.989e+00
-1.989e+00
-1.989e+00
-1.927e+00
-2.074e+00
-1.989e+00
-1.989e+00
-1.989e+00
-1.989e+00
-1.989e+00
-1.989e+00
-1.989e+00
-1.989e+00
-1.989e+00
-1.989e+00
-1.989e+00
-1.989e+00
-1.989e+00
-1.989e+00
-1.989e+00
-1.989e+00
-1.989e+00
-1.989e+00
-1.989e+00
-1.927e+00
-2.074e+00
-1.989e+00
-1.989e+00
-1.989e+00
-1.989e+00
-1.989e+00
-1.989e+00
-1.989e+00
-1.989e+00
-1.989e+00
-1.989e+00
-1.989e+00
-1.989e+00
-1.989e+00
-1.989e+00
-1.989e+00
-1.989e+00
-1.989e+00
-1.989e+00
-1.989e+00
-1.927e+00
-2.074e+00
-1.989e+00
-1.989e+00
-1.989e+00
-1.989e+00
-1.989e+00
-1.989e+00
-1.989e+00
-1.989e+00
-1.989e+00
-1.989e+00
-1.989e+00
-1.989e+00
-1.989e+00
-1.989e+00
-1.989e+00
-1.989e+00
-1.989e+00
-1.989e+00
-1.989e+00
-1.927e+00
-2.074e+00
-1.989e+00
-1.989e+00
-1.989e+00
-1.989e+00
-1.989e+00
-1.989e+00
-1.989e+00
-1.989e+00
-1.989e+00
-1.989e+00
-1.989e+00
-1.989e+00
-1.989e+00
-1.989e+00
-1.989e+00
-1.989e+00
-1.989e+00
-1.989e+00
-1.989e+00
-1.927e+00
-2.074e+00
-1.989e+00
-1.989e+00
-1.989e+00
-1.989e+00
-1.989e+00
-1.989e+00
-1.989e+00
-1.989e+00
-1.989e+00
-1.989e+00
-1.989e+00
-1.989e+00
-1.989e+00
-1.989e+00
-1.989e+00
-1.989e+00
-1.989e+00
-1.989e+00
-1.989e+00
-1.927e+00
-2.074e+00
-1.989e+00
-1.989e+00
-1.989e+00
-1.989e+00
-1.989e+00
-1.989e+00
-1.989e+00
-1.989e+00
-1.989e+00
-1.989e+00
-1.989e+00
-1.989e+00
-1.989e+00
-1.989e+00
-1.989e+00
-1.989e+00
-1.989e+00
-1.989e+00
-1.989e+00
-1.926e+00
-1.450e+00
-1.452e+00
-1.452e+00
-1.452e+00
-1.452e+00
-1.452e+00
-1.452e+00
-1.452e+00
-1.452e+00
-1.452e+00
-1.452e+00
-1.452e+00
-1.452e+00
-1.452e+00
-1.452e+00
-1.452e+00
-1.452e+00
-1.452e+00
-1.452e+00
-1.452e+00
-1.455e+00
-1.450e+00
-1.451e+00
-1.451e+00
-1.451e+00
-1.451e+00
-1.451e+00
-1.451e+00
-1.451e+00
-1.451e+00
-1.451e+00
-1.451e+00
-1.451e+00
-1.451e+00
-1.451e+00
-1.451e+00
-1.451e+00
-1.451e+00
-1.451e+00
-1.451e+00
-1.451e+00
-1.454e+00
-1.450e+00
-1.451e+00
-1.451e+00
-1.451e+00
-1.451e+00
-1.451e+00
-1.451e+00
-1.451e+00
-1.451e+00
-1.451e+00
-1.451e+00
-1.451e+00
-1.451e+00
-1.451e+00
-1.451e+00
-1.451e+00
-1.451e+00
-1.451e+00
-1.451e+00
-1.451e+00
-1.454e+00
-1.450e+00
-1.451e+00
-1.451e+00
-1.451e+00
-1.451e+00
-1.451e+00
-1.451e+00
-1.451e+00
-1.451e+00
-1.451e+00
-1.451e+00
-1.451e+00
-1.451e+00
-1.451e+00
-1.451e+00
-1.451e+00
-1.451e+00
-1.451e+00
-1.451e+00
-1.451e+00
-1.454e+00
-1.450e+00
-1.451e+00
-1.451e+00
-1.451e+00
-1.451e+00
-1.451e+00
-1.451e+00
-1.451e+00
-1.451e+00
-1.451e+00
-1.451e+00
-1.451e+00
-1.451e+00
-1.451e+00
-1.451e+00
-1.451e+00
-1.451e+00
-1.451e+00
-1.451e+00
-1.451e+00
-1.454e+00
-1.450e+00
-1.451e+00
-1.451e+00
-1.451e+00
-1.451e+00
-1.451e+00
-1.451e+00
-1.451e+00
-1.451e+00
-1.451e+00
-1.451e+00
-1.451e+00
-1.451e+00
-1.451e+00
-1.451e+00
-1.451e+00
-1.451e+00
-1.451e+00
-1.451e+00
-1.451e+00
-1.454e+00
-1.450e+00
-1.451e+00
-1.451e+00
-1.451e+00
-1.451e+00
-1.451e+00
-1.451e+00
-1.451e+00
-1.451e+00
-1.451e+00
-1.451e+00
-1.451e+00
-1.451e+00
-1.451e+00
-1.451e+00
-1.451e+00
-1.451e+00
-1.451e+00
-1.451e+00
-1.451e+00
-1.454e+00
-1.450e+00
-1.451e+00
-1.451e+00
-1.451e+00
-1.451e+00
-1.451e+00
-1.451e+00
-1.451e+00
-1.451e+00
-1.451e+00
-1.451e+00
-1.451e+00
-1.451e+00
-1.451e+00
-1.451e+00
-1.451e+00
-1.451e+00
-1.451e+00
-1.451e+00
-1.451e+00
-1.454e+00
-1.450e+00
-1.451e+00
-1.451e+00
-1.451e+00
-1.451e+00
-1.451e+00
-1.451e+00
-1.451e+00
-1.451e+00
-1.451e+00
-1.451e+00
-1.451e+00
-1.451e+00
-1.451e+00
-1.451e+00
-1.451e+00
-1.451e+00
-1.451e+00
-1.451e+00
-1.451e+00
-1.454e+00
-1.450e+00
-1.451e+00
-1.451e+00
-1.451e+00
-1.451e+00
-1.451e+00
-1.451e+00
-1.451e+00
-1.451e+00
-1.451e+00
-1.451e+00
-1.451e+00
-1.451e+00
-1.451e+00
-1.451e+00
-1.451e+00
-1.451e+00
-1.451e+00
-1.451e+00
-1.451e+00
-1.454e+00
-1.451e+00
-1.454e+00
-1.454e+00
-1.454e+00
-1.454e+00
-1.454e+00
-1.454e+00
-1.454e+00
-1.454e+00
-1.454e+00
-1.454e+00
-1.454e+00
-1.454e+00
-1.454e+00
-1.454e+00
-1.454e+00
-1.454e+00
-1.454e+00
-1.454e+00
-1.454e+00
-1.455e+00
-1.281e+00
-1.281e+00
-1.281e+00
-1.281e+00
-1.281e+00
-1.281e+00
-1.281e+00
-1.281e+00
-1.281e+00
-1.281e+00
-1.281e+00
-1.281e+00
-1.281e+00
-1.281e+00
-1.281e+00
-1.281e+00
-1.281e+00
-1.281e+00
-1.281e+00
-1.281e+00
-1.281e+00
-1.281e+00
-1.281e+00
-1.281e+00
-1.281e+00
-1.281e+00
-1.281e+00
-1.281e+00
-1.281e+00
-1.281e+00
-1.281e+00
-1.281e+00
-1.281e+00
-1.281e+00
-1.281e+00
-1.281e+00
-1.281e+00
-1.281e+00
-1.281e+00
-1.281e+00
-1.281e+00
-1.280e+00
-1.281e+00
-1.281e+00
-1.281e+00
-1.281e+00
-1.281e+00
-1.281e+00
-1.281e+00
-1.281e+00
-1.281e+00
-1.281e+00
-1.281e+00
-1.281e+00
-1.281e+00
-1.281e+00
-1.281e+00
-1.281e+00
-1.281e+00
-1.281e+00
-1.281e+00
-1.281e+00
-1.280e+00
-1.281e+00
-1.281e+00
-1.281e+00
-1.281e+00
-1.281e+00
-1.281e+00
-1.281e+00
-1.281e+00
-1.281e+00
-1.281e+00
-1.281e+00
-1.281e+00
-1.281e+00
-1.281e+00
-1.281e+00
-1.281e+00
-1.281e+00
-1.281e+00
-1.281e+00
-1.281e+00
-1.280e+00
-1.281e+00
-1.281e+00
-1.281e+00
-1.281e+00
-1.281e+00
-1.281e+00
-1.281e+00
-1.281e+00
-1.281e+00
-1.281e+00
-1.281e+00
-1.281e+00
-1.281e+00
-1.281e+00
-1.281e+00
-1.281e+00
-1.281e+00
-1.281e+00
-1.281e+00
-1.281e+00
-1.280e+00
-1.281e+00
-1.281e+00
-1.281e+00
-1.281e+00
-1.281e+00
-1.281e+00
-1.281e+00
-1.281e+00
-1.281e+00
-1.281e+00
-1.281e+00
-1.281e+00
-1.281e+00
-1.281e+00
-1.281e+00
-1.281e+00
-1.281e+00
-1.281e+00
-1.281e+00
-1.281e+00
-1.280e+00
-1.281e+00
-1.281e+00
-1.281e+00
-1.281e+00
-1.281e+00
-1.281e+00
-1.281e+00
-1.281e+00
-1.281e+00
-1.281e+00
-1.281e+00
-1.281e+00
-1.281e+00
-1.281e+00
-1.281e+00
-1.281e+00
-1.281e+00
-1.281e+00
-1.281e+00
-1.281e+00
-1.280e+00
-1.281e+00
-1.281e+00
-1.281e+00
-1.281e+00
-1.281e+00
-1.281e+00
-1.281e+00
-1.281e+00
-1.281e+00
-1.281e+00
-1.281e+00
-1.281e+00
-1.281e+00
-1.281e+00
-1.281e+00
-1.281e+00
-1.281e+00
-1.281e+00
-1.281e+00
-1.281e+00
-1.280e+00
-1.281e+00
-1.281e+00
-1.281e+00
-1.281e+00
-1.281e+00
-1.281e+00
-1.281e+00
-1.281e+00
-1.281e+00
-1.281e+00
-1.281e+00
-1.281e+00
-1.281e+00
-1.281e+00
-1.281e+00
-1.281e+00
-1.281e+00
-1.281e+00
-1.281e+00
-1.281e+00
-1.280e+00
-1.281e+00
-1.280e+00
-1.280e+00
-1.280e+00
-1.280e+00
-1.280e+00
-1.280e+00
-1.280e+00
-1.280e+00
-1.280e+00
-1.280e+00
-1.280e+00
-1.280e+00
-1.280e+00
-1.280e+00
-1.280e+00
-1.280e+00
-1.280e+00
-1.280e+00
-1.280e+00
-1.280e+00
-1.160e+00
-1.160e+00
-1.160e+00
-1.160e+00
-1.160e+00
-1.160e+00
-1.160e+00
-1.160e+00
-1.160e+00
-1.160e+00
-1.160e+00
-1.160e+00
-1.160e+00
-1.160e+00
-1.160e+00
-1.160e+00
-1.160e+00
-1.160e+00
-1.160e+00
-1.160e+00
-1.160e+00
-1.160e+00
-1.160e+00
-1.160e+00
-1.160e+00
-1.160e+00
-1.160e+00
-1.160e+00
-1.160e+00
-1.160e+00
-1.160e+00
-1.160e+00
-1.160e+00
-1.160e+00
-1.160e+00
-1.160e+00
-1.160e+00
-1.160e+00
-1.160e+00
-1.160e+00
-1.160e+00
-1.160e+00
-1.160e+00
-1.160e+00
-1.160e+00
-1.160e+00
-1.160e+00
-1.160e+00
-1.160e+00
-1.160e+00
-1.160e+00
-1.160e+00
-1.160e+00
-1.160e+00
-1.160e+00
-1.160e+00
-1.160e+00
-1.160e+00
-1.160e+00
-1.160e+00
-1.160e+00
-1.160e+00
-1.160e+00
-1.160e+00
-1.160e+00
-1.160e+00
-1.160e+00
-1.160e+00
-1.160e+00
-1.160e+00
-1.160e+00
-1.160e+00
-1.160e+00
-1.160e+00
-1.160e+00
-1.160e+00
-1.160e+00
-1.160e+00
-1.160e+00
-1.160e+00
-1.160e+00
-1.160e+00
-1.160e+00
-1.160e+00
-1.160e+00
-1.160e+00
-1.160e+00
-1.160e+00
-1.160e+00
-1.160e+00
-1.160e+00
-1.160e+00
-1.160e+00
-1.160e+00
-1.160e+00
-1.160e+00
-1.160e+00
-1.160e+00
-1.160e+00
-1.160e+00
-1.160e+00
-1.160e+00
-1.160e+00
-1.160e+00
-1.160e+00
-1.160e+00
-1.160e+00
-1.160e+00
-1.160e+00
-1.160e+00
-1.160e+00
-1.160e+00
-1.160e+00
-1.160e+00
-1.160e+00
-1.160e+00
-1.160e+00
-1.160e+00
-1.160e+00
-1.160e+00
-1.160e+00
-1.160e+00
-1.160e+00
-1.160e+00
-1.160e+00
-1.160e+00
-1.160e+00
-1.160e+00
-1.160e+00
-1.160e+00
-1.160e+00
-1.160e+00
-1.160e+00
-1.160e+00
-1.160e+00
-1.160e+00
-1.160e+00
-1.160e+00
-1.160e+00
-1.160e+00
-1.160e+00
-1.160e+00
-1.160e+00
-1.160e+00
-1.160e+00
-1.160e+00
-1.160e+00
-1.160e+00
-1.160e+00
-1.160e+00
-1.160e+00
-1.160e+00
-1.160e+00
-1.160e+00
-1.160e+00
-1.160e+00
-1.160e+00
-1.160e+00
-1.160e+00
-1.160e+00
-1.160e+00
-1.160e+00
-1.160e+00
-1.160e+00
-1.160e+00
-1.160e+00
-1.160e+00
-1.160e+00
-1.160e+00
-1.160e+00
-1.160e+00
-1.160e+00
-1.160e+00
-1.160e+00
-1.160e+00
-1.160e+00
-1.160e+00
-1.160e+00
-1.160e+00
-1.160e+00
-1.160e+00
-1.160e+00
-1.160e+00
-1.160e+00
-1.160e+00
-1.160e+00
-1.160e+00
-1.160e+00
-1.160e+00
-1.160e+00
-1.160e+00
-1.160e+00
-1.160e+00
-1.160e+00
-1.160e+00
-1.160e+00
-1.160e+00
-1.160e+00
-1.160e+00
-1.160e+00
-1.160e+00
-1.160e+00
-1.160e+00
-1.160e+00
-1.160e+00
-1.160e+00
-1.160e+00
-1.160e+00
-1.160e+00
-1.160e+00
-1.160e+00
-1.160e+00
-1.160e+00
-1.160e+00
-1.160e+00
-1.160e+00
-1.160e+00
-1.160e+00
-1.160e+00
-1.160e+00
-1.160e+00
-1.160e+00
-1.160e+00
-1.160e+00
-1.160e+00
-1.160e+00
-1.160e+00
-1.160e+00
-1.160e+00
-1.160e+00
-1.160e+00
-8.607e-01
-8.607e-01
-8.607e-01
-8.607e-01
-8.607e-01
-8.607e-01
-8.607e-01
-8.607e-01
-8.607e-01
-8.607e-01
-8.607e-01
-8.607e-01
-8.607e-01
-8.607e-01
-8.607e-01
-8.607e-01
-8.607e-01
-8.607e-01
-8.607e-01
-8.607e-01
-8.607e-01
-8.607e-01
-8.607e-01
-8.607e-01
-8.607e-01
-8.607e-01
-8.607e-01
-8.607e-01
-8.607e-01
-8.607e-01
-8.607e-01
-8.607e-01
-8.607e-01
-8.607e-01
-8.607e-01
-8.607e-01
-8.607e-01
-8.607e-01
-8.607e-01
-8.607e-01
-8.607e-01
-8.607e-01
-8.607e-01
-8.607e-01
-8.606e-01
-8.607e-01
-8.607e-01
-8.607e-01
-8.607e-01
-8.607e-01
-8.607e-01
-8.607e-01
-8.607e-01
-8.607e-01
-8.607e-01
-8.607e-01
-8.607e-01
-8.607e-01
-8.607e-01
-8.607e-01
-8.607e-01
-8.607e-01
-8.607e-01
-8.607e-01
-8.607e-01
-8.607e-01
-8.607e-01
-8.607e-01
-8.607e-01
-8.607e-01
-8.607e-01
-8.607e-01
-8.607e-01
-8.607e-01
-8.607e-01
-8.607e-01
-8.607e-01
-8.607e-01
-8.607e-01
-8.607e-01
-8.607e-01
-8.607e-01
-8.607e-01
-8.607e-01
-8.607e-01
-8.607e-01
-8.607e-01
-8.607e-01
-8.607e-01
-8.607e-01
-8.607e-01
-8.607e-01
-8.607e-01
-8.607e-01
-8.607e-01
-8.607e-01
-8.607e-01
-8.607e-01
-8.607e-01
-8.607e-01
-8.607e-01
-8.607e-01
-8.607e-01
-8.607e-01
-8.607e-01
-8.607e-01
-8.607e-01
-8.607e-01
-8.607e-01
-8.607e-01
-8.607e-01
-8.607e-01
-8.607e-01
-8.607e-01
-8.607e-01
-8.607e-01
-8.607e-01
-8.607e-01
-8.607e-01
-8.607e-01
-8.607e-01
-8.607e-01
-8.607e-01
-8.607e-01
-8.607e-01
-8.607e-01
-8.607e-01
-8.607e-01
-8.607e-01
-8.607e-01
-8.607e-01
-8.607e-01
-8.607e-01
-8.607e-01
-8.607e-01
-8.607e-01
-8.607e-01
-8.607e-01
-8.607e-01
-8.607e-01
-8.607e-01
-8.607e-01
-8.607e-01
-8.607e-01
-8.607e-01
-8.607e-01
-8.607e-01
-8.607e-01
-8.607e-01
-8.607e-01
-8.607e-01
-8.607e-01
-8.607e-01
-8.607e-01
-8.607e-01
-8.607e-01
-8.607e-01
-8.607e-01
-8.607e-01
-8.607e-01
-8.607e-01
-8.607e-01
-8.607e-01
-8.607e-01
-8.607e-01
-8.607e-01
-8.607e-01
-8.607e-01
-8.607e-01
-8.607e-01
-8.607e-01
-8.607e-01
-8.607e-01
-8.607e-01
-8.607e-01
-8.607e-01
-8.607e-01
-8.607e-01
-8.607e-01
-8.607e-01
-8.607e-01
-8.607e-01
-8.607e-01
-8.607e-01
-8.607e-01
-8.607e-01
-8.607e-01
-8.607e-01
-8.607e-01
-8.607e-01
-8.607e-01
-8.607e-01
-8.607e-01
-8.607e-01
-8.607e-01
-8.607e-01
-8.607e-01
-8.607e-01
-8.607e-01
-8.607e-01
-8.607e-01
-8.607e-01
-8.607e-01
-8.607e-01
-8.607e-01
-8.607e-01
-8.607e-01
-8.607e-01
-8.607e-01
-8.607e-01
-8.600e-01
-8.600e-01
-8.600e-01
-8.600e-01
-8.600e-01
-8.600e-01
-8.600e-01
-8.600e-01
-8.600e-01
-8.600e-01
-8.600e-01
-8.600e-01
-8.600e-01
-8.600e-01
-8.600e-01
-8.600e-01
-8.600e-01
-8.600e-01
-8.600e-01
-8.600e-01
-8.600e-01
-8.600e-01
-8.600e-01
-8.600e-01
-8.600e-01
-8.600e-01
-8.600e-01
-8.600e-01
-8.600e-01
-8.600e-01
-8.600e-01
-8.600e-01
-8.600e-01
-8.600e-01
-8.600e-01
-8.600e-01
-8.600e-01
-8.600e-01
-8.600e-01
-8.600e-01
-8.600e-01
-8.600e-01
-8.600e-01
-8.600e-01
-8.600e-01
-8.600e-01
-8.600e-01
-8.600e-01
-8.600e-01
-8.600e-01
-8.600e-01
-8.600e-01
-8.600e-01
-8.600e-01
-8.600e-01
-8.600e-01
-8.600e-01
-8.600e-01
-8.600e-01
-8.600e-01
-8.600e-01
-8.600e-01
-8.600e-01
-8.600e-01
-8.600e-01
-8.600e-01
-8.600e-01
-8.600e-01
-8.600e-01
-8.600e-01
-8.600e-01
-8.600e-01
-8.600e-01
-8.600e-01
-8.600e-01
-8.600e-01
-8.600e-01
-8.600e-01
-8.600e-01
-8.600e-01
-8.600e-01
-8.600e-01
-8.600e-01
-8.600e-01
-8.600e-01
-8.600e-01
-8.600e-01
-8.600e-01
-8.600e-01
-8.600e-01
-8.600e-01
-8.600e-01
-8.600e-01
-8.600e-01
-8.600e-01
-8.600e-01
-8.600e-01
-8.600e-01
-8.600e-01
-8.600e-01
-8.600e-01
-8.600e-01
-8.600e-01
-8.600e-01
-8.600e-01
-8.600e-01
-8.600e-01
-8.600e-01
-8.600e-01
-8.600e-01
-8.600e-01
-8.600e-01
-8.600e-01
-8.600e-01
-8.600e-01
-8.600e-01
-8.600e-01
-8.600e-01
-8.600e-01
-8.600e-01
-8.600e-01
-8.600e-01
-8.600e-01
-8.600e-01
-8.600e-01
-8.600e-01
-8.600e-01
-8.600e-01
-8.600e-01
-8.600e-01
-8.600e-01
-8.600e-01
-8.600e-01
-8.600e-01
-8.600e-01
-8.600e-01
-8.600e-01
-8.600e-01
-8.600e-01
-8.600e-01
-8.600e-01
-8.600e-01
-8.600e-01
-8.600e-01
-8.600e-01
-8.600e-01
-8.600e-01
-8.600e-01
-8.600e-01
-8.600e-01
-8.600e-01
-8.600e-01
-8.600e-01
-8.600e-01
-8.600e-01
-8.600e-01
-8.600e-01
-8.600e-01
-8.600e-01
-8.600e-01
-8.600e-01
-8.600e-01
-8.600e-01
-8.600e-01
-8.600e-01
-8.600e-01
-8.600e-01
-8.600e-01
-8.600e-01
-8.600e-01
-8.600e-01
-8.600e-01
-8.600e-01
-8.600e-01
-8.600e-01
-8.600e-01
-8.600e-01
-8.600e-01
-8.600e-01
-8.600e-01
-8.600e-01
-8.600e-01
-8.600e-01
-8.600e-01
-8.600e-01
-8.600e-01
-8.600e-01
-8.600e-01
-8.600e-01
-8.600e-01
-8.600e-01
-8.600e-01
-8.600e-01
-8.600e-01
-8.600e-01
-8.600e-01
-8.600e-01
-8.600e-01
-8.600e-01
-8.600e-01
-8.600e-01
-8.600e-01
-8.600e-01
-8.600e-01
-8.600e-01
-8.600e-01
-8.600e-01
-8.600e-01
-8.600e-01
-8.600e-01
-8.600e-01
-8.600e-01
-8.600e-01
-8.600e-01
-8.600e-01
-8.600e-01
-8.600e-01
-8.600e-01
-8.600e-01
-8.600e-01
-8.600e-01
-8.600e-01
-8.600e-01
-8.600e-01
-8.600e-01
-8.600e-01
-8.600e-01
-8.600e-01
-8.600e-01
-8.600e-01
-8.600e-01
-2.600e-01
-2.600e-01
-2.600e-01
-2.600e-01
-2.600e-01
-2.600e-01
-2.600e-01
-2.600e-01
-2.600e-01
-2.600e-01
-2.600e-01
-2.600e-01
-2.600e-01
-2.600e-01
-2.600e-01
-2.600e-01
-2.600e-01
-2.600e-01
-2.600e-01
-2.600e-01
-2.600e-01
-2.600e-01
-2.600e-01
-2.600e-01
-2.600e-01
-2.600e-01
-2.600e-01
-2.600e-01
-2.600e-01
-2.600e-01
-2.600e-01
-2.600e-01
-2.600e-01
-2.600e-01
-2.600e-01
-2.600e-01
-2.600e-01
-2.600e-01
-2.600e-01
-2.600e-01
-2.600e-01
-2.600e-01
-2.600e-01
-2.600e-01
-2.600e-01
-2.600e-01
-2.600e-01
-2.600e-01
-2.600e-01
-2.600e-01
-2.600e-01
-2.600e-01
-2.600e-01
-2.600e-01
-2.600e-01
-2.600e-01
-2.600e-01
-2.600e-01
-2.600e-01
-2.600e-01
-2.600e-01
-2.600e-01
-2.600e-01
-2.600e-01
-2.600e-01
-2.600e-01
-2.600e-01
-2.600e-01
-2.600e-01
-2.600e-01
-2.600e-01
-2.600e-01
-2.600e-01
-2.600e-01
-2.600e-01
-2.600e-01
-2.600e-01
-2.600e-01
-2.600e-01
-2.600e-01
-2.600e-01
-2.600e-01
-2.600e-01
-2.600e-01
-2.600e-01
-2.600e-01
-2.600e-01
-2.600e-01
-2.600e-01
-2.600e-01
-2.600e-01
-2.600e-01
-2.600e-01
-2.600e-01
-2.600e-01
-2.600e-01
-2.600e-01
-2.600e-01
-2.600e-01
-2.600e-01
-2.600e-01
-2.600e-01
-2.600e-01
-2.600e-01
-2.600e-01
-2.600e-01
-2.600e-01
-2.600e-01
-2.600e-01
-2.600e-01
-2.600e-01
-2.600e-01
-2.600e-01
-2.600e-01
-2.600e-01
-2.600e-01
-2.600e-01
-2.600e-01
-2.600e-01
-2.600e-01
-2.600e-01
-2.600e-01
-2.600e-01
-2.600e-01
-2.600e-01
-2.600e-01
-2.600e-01
-2.600e-01
-2.600e-01
-2.600e-01
-2.600e-01
-2.600e-01
-2.600e-01
-2.600e-01
-2.600e-01
-2.600e-01
-2.600e-01
-2.600e-01
-2.600e-01
-2.600e-01
-2.600e-01
-2.600e-01
-2.600e-01
-2.600e-01
-2.600e-01
-2.600e-01
-2.600e-01
-2.600e-01
-2.600e-01
-2.600e-01
-2.600e-01
-2.600e-01
-2.600e-01
-2.600e-01
-2.600e-01
-2.600e-01
-2.600e-01
-2.600e-01
-2.600e-01
-2.600e-01
-2.600e-01
-2.600e-01
-2.600e-01
-2.600e-01
-2.600e-01
-2.600e-01
-2.600e-01
-2.600e-01
-2.600e-01
-2.600e-01
-2.600e-01
-2.600e-01
-2.600e-01
-2.600e-01
-2.600e-01
-2.600e-01
-2.600e-01
-2.600e-01
-2.600e-01
-2.600e-01
-2.600e-01
-2.600e-01
-2.600e-01
-2.600e-01
-2.600e-01
-2.600e-01
-2.600e-01
-2.600e-01
-2.600e-01
-2.600e-01
-2.600e-01
-2.600e-01
-2.600e-01
-2.600e-01
-2.600e-01
-2.600e-01
-2.600e-01
-2.600e-01
-2.600e-01
-2.600e-01
-2.600e-01
-2.600e-01
-2.600e-01
-2.600e-01
-2.600e-01
-2.600e-01
-2.600e-01
-2.600e-01
-2.600e-01
-2.600e-01
-2.600e-01
-2.600e-01
-2.600e-01
-2.600e-01
-2.600e-01
-2.600e-01
-2.600e-01
-2.600e-01
-2.600e-01
-2.600e-01
-2.600e-01
-2.600e-01
-2.600e-01
-2.600e-01
-2.600e-01
-2.600e-01
-2.600e-01
-2.600e-01
-2.600e-01
-2.600e-01
-2.600e-01
-2.600e-01
-2.600e-01
-2.600e-01
-2.600e-01
-2.600e-01
-2.600e-01
-2.600e-01
-2.600e-01
-2.600e-01
-2.600e-01
-2.600e-01
-2.600e-01
-2.600e-01
-2.600e-01
-2.600e-01
-2.600e-01
-2.600e-01
-2.600e-01
-2.600e-01
-2.600e-01
-2.600e-01
-2.600e-01
-2.600e-01
-2.600e-01
-2.600e-01
-2.600e-01
-2.600e-01
-2.600e-01
-2.600e-01
-2.600e-01
-2.600e-01
-2.600e-01
-2.600e-01
-2.600e-01
-2.600e-01
-2.600e-01
-2.600e-01
-2.600e-01
-2.600e-01
-2.600e-01
-2.600e-01
-2.600e-01
-2.600e-01
-2.600e-01
-2.600e-01
-2.600e-01
-2.600e-01
-2.600e-01
-2.600e-01
-2.600e-01
-2.600e-01
-2.600e-01
-2.600e-01
-2.600e-01
-2.600e-01
-2.600e-01
-2.600e-01
-2.600e-01
-2.600e-01
-2.600e-01
-2.600e-01
-2.600e-01
-2.600e-01
-2.600e-01
-2.600e-01
-2.600e-01
-2.600e-01
-2.600e-01
-2.600e-01
-2.600e-01
-2.600e-01
-2.600e-01
-2.600e-01
-2.600e-01
-2.600e-01
-2.600e-01
-2.600e-01
-2.600e-01
-2.600e-01
-2.600e-01
-2.600e-01
-2.600e-01
-2.600e-01
-2.600e-01
-2.600e-01
-2.600e-01
-2.600e-01
-2.600e-01
-2.600e-01
-2.600e-01
-2.600e-01
-2.600e-01
-2.600e-01
-2.600e-01
-2.600e-01
-2.600e-01
-2.600e-01
-2.600e-01
-2.600e-01
-2.600e-01
-2.600e-01
-2.600e-01
-2.600e-01
-2.600e-01
-2.600e-01
-2.600e-01
-2.600e-01
-2.600e-01
-2.600e-01
-2.600e-01
-2.600e-01
-2.600e-01
-2.600e-01
-2.600e-01
-2.600e-01
-2.600e-01
-2.600e-01
-2.600e-01
-2.600e-01
-2.600e-01
-2.600e-01
-2.600e-01
-2.600e-01
-2.600e-01
-2.600e-01
-2.600e-01
-2.600e-01
-2.600e-01
-2.600e-01
-2.600e-01
-2.600e-01
-2.600e-01
-2.600e-01
-2.600e-01
-2.600e-01
-2.600e-01
-2.600e-01
-2.600e-01
-2.600e-01
-2.600e-01
-2.600e-01
-2.600e-01
-2.600e-01
-2.600e-01
-2.600e-01
-2.600e-01
-2.600e-01
-2.600e-01
-2.600e-01
-2.600e-01
-2.600e-01
-2.600e-01
-2.600e-01
-2.600e-01
-2.600e-01
-2.600e-01
-2.600e-01
-2.600e-01
-2.600e-01
-2.600e-01
-2.600e-01
-2.600e-01
-2.600e-01
-2.600e-01
-2.600e-01
-2.600e-01
-2.600e-01
-2.600e-01
-2.600e-01
-2.600e-01
-2.600e-01
-2.600e-01
-2.600e-01
-2.600e-01
-2.600e-01
-2.600e-01
-2.600e-01
-2.600e-01
-2.600e-01
-2.600e-01
-2.600e-01
-2.600e-01
-2.600e-01
-2.600e-01
-2.600e-01
-2.600e-01
-2.600e-01
-2.597e-01
-2.597e-01
-2.600e-01
-2.600e-01
-2.600e-01
-2.600e-01
-2.600e-01
-2.600e-01
-2.600e-01
-2.600e-01
-2.600e-01
-2.600e-01
-2.600e-01
-2.600e-01
-2.600e-01
-2.600e-01
-2.600e-01
-2.600e-01
-2.600e-01
-2.600e-01
-2.600e-01
-2.597e-01
-2.590e-01
3.400e-01
3.400e-01
3.400e-01
3.400e-01
3.400e-01
3.400e-01
3.400e-01
3.400e-01
3.400e-01
3.400e-01
3.400e-01
3.400e-01
3.400e-01
3.400e-01
3.400e-01
3.400e-01
3.400e-01
3.400e-01
3.400e-01
3.400e-01
3.400e-01
3.400e-01
3.400e-01
3.400e-01
3.400e-01
3.400e-01
3.400e-01
3.400e-01
3.400e-01
3.400e-01
3.400e-01
3.400e-01
3.400e-01
3.400e-01
3.400e-01
3.400e-01
3.400e-01
3.400e-01
3.400e-01
3.400e-01
3.400e-01
3.400e-01
3.400e-01
3.400e-01
3.400e-01
3.400e-01
3.400e-01
3.400e-01
3.400e-01
3.400e-01
3.400e-01
3.400e-01
3.400e-01
3.400e-01
3.400e-01
3.400e-01
3.400e-01
3.400e-01
3.400e-01
3.400e-01
3.400e-01
3.400e-01
3.400e-01
3.400e-01
3.400e-01
3.400e-01
3.400e-01
3.400e-01
3.400e-01
3.400e-01
3.400e-01
3.400e-01
3.400e-01
3.400e-01
3.400e-01
3.400e-01
3.400e-01
3.400e-01
3.400e-01
3.400e-01
3.400e-01
3.400e-01
3.400e-01
3.400e-01
3.400e-01
3.400e-01
3.400e-01
3.400e-01
3.400e-01
3.400e-01
3.400e-01
3.400e-01
3.400e-01
3.400e-01
3.400e-01
3.400e-01
3.400e-01
3.400e-01
3.400e-01
3.400e-01
3.400e-01
3.400e-01
3.400e-01
3.400e-01
3.400e-01
3.400e-01
3.400e-01
3.400e-01
3.400e-01
3.400e-01
3.400e-01
3.400e-01
3.400e-01
3.400e-01
3.400e-01
3.400e-01
3.400e-01
3.400e-01
3.400e-01
3.400e-01
3.400e-01
3.400e-01
3.400e-01
3.400e-01
3.400e-01
3.400e-01
3.400e-01
3.400e-01
3.400e-01
3.400e-01
3.400e-01
3.400e-01
3.400e-01
3.400e-01
3.400e-01
3.400e-01
3.400e-01
3.400e-01
3.400e-01
3.400e-01
3.400e-01
3.400e-01
3.400e-01
3.400e-01
3.400e-01
3.400e-01
3.400e-01
3.400e-01
3.400e-01
3.400e-01
3.400e-01
3.400e-01
3.400e-01
3.400e-01
3.400e-01
3.400e-01
3.400e-01
3.400e-01
3.400e-01
3.400e-01
3.400e-01
3.400e-01
3.400e-01
3.400e-01
3.400e-01
3.400e-01
3.400e-01
3.400e-01
3.400e-01
3.400e-01
3.400e-01
3.400e-01
3.400e-01
3.400e-01
3.400e-01
3.400e-01
3.400e-01
3.400e-01
3.400e-01
3.400e-01
3.400e-01
3.400e-01
3.400e-01
3.400e-01
3.400e-01
3.400e-01
3.400e-01
3.400e-01
3.400e-01
3.400e-01
3.400e-01
3.400e-01
3.400e-01
3.400e-01
3.400e-01
3.400e-01
3.400e-01
3.400e-01
3.400e-01
3.400e-01
3.400e-01
3.400e-01
3.400e-01
3.400e-01
3.400e-01
3.400e-01
3.400e-01
3.400e-01
3.400e-01
3.400e-01
3.400e-01
3.400e-01
3.400e-01
3.400e-01
3.400e-01
3.400e-01
3.400e-01
3.400e-01
3.400e-01
3.400e-01
3.400e-01
3.400e-01
3.400e-01
3.400e-01
3.400e-01
3.400e-01
3.400e-01
3.400e-01
3.400e-01
3.400e-01
3.400e-01
3.400e-01
3.400e-01
3.400e-01
3.400e-01
3.400e-01
3.400e-01
3.400e-01
3.400e-01
3.400e-01
3.400e-01
3.400e-01
3.400e-01
3.400e-01
3.400e-01
3.400e-01
3.400e-01
3.400e-01
3.400e-01
3.400e-01
3.400e-01
3.400e-01
3.400e-01
3.400e-01
3.400e-01
3.400e-01
3.400e-01
3.400e-01
3.400e-01
3.400e-01
3.400e-01
3.400e-01
3.400e-01
3.400e-01
3.400e-01
3.400e-01
3.400e-01
3.400e-01
3.400e-01
3.400e-01
3.400e-01
3.400e-01
3.400e-01
3.400e-01
3.400e-01
3.400e-01
3.400e-01
3.400e-01
3.400e-01
3.400e-01
3.400e-01
3.400e-01
3.400e-01
3.400e-01
3.400e-01
3.400e-01
3.400e-01
3.400e-01
3.400e-01
3.400e-01
3.400e-01
3.400e-01
3.400e-01
3.400e-01
3.400e-01
3.400e-01
3.400e-01
3.400e-01
3.400e-01
3.400e-01
3.400e-01
3.400e-01
3.400e-01
3.400e-01
3.400e-01
3.400e-01
3.400e-01
3.400e-01
3.400e-01
3.400e-01
3.400e-01
3.400e-01
3.400e-01
3.400e-01
3.400e-01
3.400e-01
3.400e-01
3.400e-01
3.400e-01
3.400e-01
3.400e-01
3.400e-01
3.400e-01
3.400e-01
3.400e-01
3.400e-01
3.400e-01
3.400e-01
3.400e-01
3.400e-01
3.400e-01
3.400e-01
3.400e-01
3.400e-01
3.400e-01
3.400e-01
3.400e-01
3.400e-01
3.400e-01
3.400e-01
3.400e-01
3.400e-01
3.400e-01
3.400e-01
3.400e-01
3.400e-01
3.400e-01
3.400e-01
3.400e-01
3.400e-01
3.400e-01
3.400e-01
3.400e-01
3.400e-01
3.400e-01
3.400e-01
3.400e-01
3.400e-01
3.400e-01
3.400e-01
3.400e-01
3.400e-01
3.400e-01
3.400e-01
3.400e-01
3.400e-01
3.400e-01
3.400e-01
3.400e-01
3.400e-01
3.400e-01
3.400e-01
3.400e-01
3.400e-01
3.400e-01
3.400e-01
3.400e-01
3.400e-01
3.400e-01
3.400e-01
3.400e-01
3.400e-01
3.400e-01
3.400e-01
3.400e-01
3.400e-01
3.400e-01
3.400e-01
3.400e-01
3.400e-01
3.400e-01
3.400e-01
3.400e-01
3.400e-01
3.400e-01
3.400e-01
3.400e-01
3.400e-01
3.400e-01
3.400e-01
3.400e-01
3.400e-01
3.400e-01
3.400e-01
3.400e-01
3.400e-01
3.400e-01
3.400e-01
3.400e-01
3.400e-01
3.400e-01
3.400e-01
3.400e-01
3.400e-01
3.400e-01
3.400e-01
3.400e-01
3.400e-01
3.403e-01
3.403e-01
3.400e-01
3.400e-01
3.400e-01
3.400e-01
3.400e-01
3.400e-01
3.400e-01
3.400e-01
3.400e-01
3.400e-01
3.400e-01
3.400e-01
3.400e-01
3.400e-01
3.400e-01
3.400e-01
3.400e-01
3.400e-01
3.400e-01
3.403e-01
3.410e-01
1.000e+00
1.000e+00
1.000e+00
1.000e+00
1.000e+00
1.000e+00
1.000e+00
1.000e+00
1.000e+00
1.000e+00
1.000e+00
1.000e+00
1.000e+00
1.000e+00
1.000e+00
1.000e+00
1.000e+00
1.000e+00
1.000e+00
1.000e+00
1.000e+00
1.000e+00
1.000e+00
1.000e+00
1.000e+00
1.000e+00
1.000e+00
1.000e+00
1.000e+00
1.000e+00
1.000e+00
1.000e+00
1.000e+00
1.000e+00
1.000e+00
1.000e+00
1.000e+00
1.000e+00
1.000e+00
1.000e+00
1.000e+00
1.000e+00
1.000e+00
1.000e+00
1.000e+00
1.000e+00
1.000e+00
1.000e+00
1.000e+00
1.000e+00
1.000e+00
1.000e+00
1.000e+00
1.000e+00
1.000e+00
1.000e+00
1.000e+00
1.000e+00
1.000e+00
1.000e+00
1.000e+00
1.000e+00
1.000e+00
1.000e+00
1.000e+00
1.000e+00
1.000e+00
1.000e+00
1.000e+00
1.000e+00
1.000e+00
1.000e+00
1.000e+00
1.000e+00
1.000e+00
1.000e+00
1.000e+00
1.000e+00
1.000e+00
1.000e+00
1.000e+00
1.000e+00
1.000e+00
1.000e+00
1.000e+00
1.000e+00
1.000e+00
1.000e+00
1.000e+00
1.000e+00
1.000e+00
1.000e+00
1.000e+00
1.000e+00
1.000e+00
1.000e+00
1.000e+00
1.000e+00
1.000e+00
1.000e+00
1.000e+00
1.000e+00
1.000e+00
1.000e+00
1.000e+00
1.000e+00
1.000e+00
1.000e+00
1.000e+00
1.000e+00
1.000e+00
1.000e+00
1.000e+00
1.000e+00
1.000e+00
1.000e+00
1.000e+00
1.000e+00
1.000e+00
1.000e+00
1.000e+00
1.000e+00
1.000e+00
1.000e+00
1.000e+00
1.000e+00
1.000e+00
1.000e+00
1.000e+00
1.000e+00
1.000e+00
1.000e+00
1.000e+00
1.000e+00
1.000e+00
1.000e+00
1.000e+00
1.000e+00
1.000e+00
1.000e+00
1.000e+00
1.000e+00
1.000e+00
1.000e+00
1.000e+00
1.000e+00
1.000e+00
1.000e+00
1.000e+00
1.000e+00
1.000e+00
1.000e+00
1.000e+00
1.000e+00
1.000e+00
1.000e+00
1.000e+00
1.000e+00
1.000e+00
1.000e+00
1.000e+00
1.000e+00
1.000e+00
1.000e+00
1.000e+00
1.000e+00
1.000e+00
1.000e+00
1.000e+00
1.000e+00
1.000e+00
1.000e+00
1.000e+00
1.000e+00
1.000e+00
1.000e+00
1.000e+00
1.000e+00
1.000e+00
1.000e+00
1.000e+00
1.000e+00
1.000e+00
1.000e+00
1.000e+00
1.000e+00
1.000e+00
1.000e+00
1.000e+00
1.000e+00
1.000e+00
1.000e+00
1.000e+00
1.000e+00
1.000e+00
1.000e+00
1.000e+00
1.000e+00
1.000e+00
1.000e+00
1.000e+00
1.000e+00
1.000e+00
1.000e+00
1.000e+00
1.000e+00
1.000e+00
1.000e+00
1.000e+00
1.000e+00
1.000e+00
1.000e+00
1.000e+00
1.000e+00
1.000e+00
1.000e+00
1.000e+00
1.000e+00
1.000e+00
1.000e+00
1.000e+00
1.000e+00
1.000e+00
1.000e+00
1.000e+00
1.000e+00
1.000e+00
1.000e+00
1.000e+00
1.000e+00
1.000e+00
1.000e+00
1.000e+00
1.000e+00
1.000e+00
1.000e+00
1.000e+00
1.000e+00
1.000e+00
1.000e+00
1.000e+00
1.000e+00
1.000e+00
1.000e+00
1.000e+00
1.000e+00
1.000e+00
1.000e+00
1.000e+00
1.000e+00
1.000e+00
1.000e+00
1.000e+00
1.000e+00
1.000e+00
1.000e+00
1.000e+00
1.000e+00
1.000e+00
1.000e+00
1.000e+00
1.000e+00
1.000e+00
1.000e+00
1.000e+00
1.000e+00
1.000e+00
1.000e+00
1.000e+00
1.000e+00
1.000e+00
1.000e+00
1.000e+00
1.000e+00
1.000e+00
1.000e+00
1.000e+00
1.000e+00
1.000e+00
1.000e+00
1.000e+00
1.000e+00
1.000e+00
1.000e+00
1.000e+00
1.000e+00
1.000e+00
1.000e+00
1.000e+00
1.000e+00
1.000e+00
1.000e+00
1.000e+00
1.000e+00
1.000e+00
1.000e+00
1.000e+00
1.000e+00
1.000e+00
1.000e+00
1.000e+00
1.000e+00
1.000e+00
1.000e+00
1.000e+00
1.000e+00
1.000e+00
1.000e+00
1.000e+00
1.000e+00
1.000e+00
1.000e+00
1.000e+00
1.000e+00
1.000e+00
1.000e+00
1.000e+00
1.000e+00
1.000e+00
1.000e+00
1.000e+00
1.000e+00
1.000e+00
1.000e+00
1.000e+00
1.000e+00
1.000e+00
1.000e+00
1.000e+00
1.000e+00
1.000e+00
1.000e+00
1.000e+00
1.000e+00
1.000e+00
1.000e+00
1.000e+00
1.000e+00
1.000e+00
1.000e+00
1.000e+00
1.000e+00
1.000e+00
1.000e+00
1.000e+00
1.000e+00
1.000e+00
1.000e+00
1.000e+00
1.000e+00
1.000e+00
1.000e+00
1.000e+00
1.000e+00
1.000e+00
1.000e+00
1.000e+00
1.000e+00
1.000e+00
1.000e+00
1.000e+00
1.000e+00
1.000e+00
1.000e+00
1.000e+00
1.000e+00
1.000e+00
1.000e+00
1.000e+00
1.000e+00
1.000e+00
1.000e+00
1.000e+00
1.000e+00
1.000e+00
1.000e+00
1.000e+00
1.000e+00
1.000e+00
1.000e+00
1.000e+00
1.000e+00
1.000e+00
1.000e+00
1.000e+00
1.000e+00
1.000e+00
1.000e+00
1.000e+00
1.000e+00
1.000e+00
1.000e+00
1.000e+00
1.000e+00
1.000e+00
1.000e+00
1.000e+00
1.000e+00
1.000e+00
1.000e+00
1.000e+00
1.000e+00
1.000e+00
1.000e+00
1.000e+00
1.000e+00
1.000e+00
1.000e+00
1.000e+00
1.000e+00
1.000e+00
1.000e+00
1.000e+00
1.000e+00
1.000e+00
1.000e+00
1.000e+00
1.000e+00
1.000e+00
1.000e+00
1.000e+00
1.000e+00
1.000e+00
1.000e+00
1.000e+00
1.000e+00
1.000e+00
1.000e+00
1.000e+00
1.000e+00
1.000e+00
1.000e+00
1.000e+00
1.000e+00
1.000e+00
1.000e+00
1.000e+00
1.000e+00
1.000e+00
1.000e+00
1.001e+00
