1	0	INDP	IPOND
-8.999e+01
-4.698e+01
-4.665e+01
-4.665e+01
-4.665e+01
-4.665e+01
-4.665e+01
-4.665e+01
-4.665e+01
-4.665e+01
-4.665e+01
-4.665e+01
-4.665e+01
-4.665e+01
-4.665e+01
-4.665e+01
-4.665e+01
-4.665e+01
-4.660e+01
-3.860e+01
-1.593e+01
-4.698e+01
-1.602e+01
-1.600e+01
-1.600e+01
-1.600e+01
-1.600e+01
-1.600e+01
-1.600e+01
-1.600e+01
-1.600e+01
-1.600e+01
-1.600e+01
-1.600e+01
-1.600e+01
-1.600e+01
-1.600e+01
-1.600e+01
-1.600e+01
-1.600e+01
-1.595e+01
-9.440e+00
-4.665e+01
-1.600e+01
-1.599e+01
-1.599e+01
-1.599e+01
-1.599e+01
-1.599e+01
-1.599e+01
-1.599e+01
-1.599e+01
-1.599e+01
-1.599e+01
-1.599e+01
-1.599e+01
-1.599e+01
-1.599e+01
-1.599e+01
-1.599e+01
-1.599e+01
-1.594e+01
-9.494e+00
-4.665e+01
-1.600e+01
-1.599e+01
-1.598e+01
-1.598e+01
-1.598e+01
-1.598e+01
-1.598e+01
-1.598e+01
-1.598e+01
-1.598e+01
-1.598e+01
-1.598e+01
-1.598e+01
-1.598e+01
-1.598e+01
-1.598e+01
-1.599e+01
-1.599e+01
-1.594e+01
-9.494e+00
-4.665e+01
-1.600e+01
-1.599e+01
-1.598e+01
-1.598e+01
-1.598e+01
-1.598e+01
-1.598e+01
-1.598e+01
-1.598e+01
-1.598e+01
-1.598e+01
-1.598e+01
-1.598e+01
-1.598e+01
-1.598e+01
-1.598e+01
-1.599e+01
-1.599e+01
-1.594e+01
-9.494e+00
-4.665e+01
-1.600e+01
-1.599e+01
-1.598e+01
-1.598e+01
-1.598e+01
-1.598e+01
-1.598e+01
-1.598e+01
-1.598e+01
-1.598e+01
-1.598e+01
-1.598e+01
-1.598e+01
-1.598e+01
-1.598e+01
-1.598e+01
-1.599e+01
-1.599e+01
-1.594e+01
-9.494e+00
-4.665e+01
-1.600e+01
-1.599e+01
-1.598e+01
-1.598e+01
-1.598e+01
-1.598e+01
-1.598e+01
-1.598e+01
-1.598e+01
-1.598e+01
-1.598e+01
-1.598e+01
-1.598e+01
-1.598e+01
-1.598e+01
-1.598e+01
-1.599e+01
-1.599e+01
-1.594e+01
-9.494e+00
-4.665e+01
-1.600e+01
-1.599e+01
-1.598e+01
-1.598e+01
-1.598e+01
-1.598e+01
-1.598e+01
-1.598e+01
-1.598e+01
-1.598e+01
-1.598e+01
-1.598e+01
-1.598e+01
-1.598e+01
-1.598e+01
-1.598e+01
-1.599e+01
-1.599e+01
-1.594e+01
-9.494e+00
-4.676e+01
-1.600e+01
-1.599e+01
-1.599e+01
-1.599e+01
-1.599e+01
-1.599e+01
-1.599e+01
-1.599e+01
-1.599e+01
-1.599e+01
-1.599e+01
-1.599e+01
-1.599e+01
-1.599e+01
-1.599e+01
-1.599e+01
-1.599e+01
-1.599e+01
-1.594e+01
-9.494e+00
-5.331e+01
-1.615e+01
-1.614e+01
-1.614e+01
-1.614e+01
-1.614e+01
-1.614e+01
-1.614e+01
-1.614e+01
-1.614e+01
-1.614e+01
-1.614e+01
-1.614e+01
-1.614e+01
-1.614e+01
-1.614e+01
-1.614e+01
-1.614e+01
-1.614e+01
-1.612e+01
-9.472e+00
-2.002e+02
-2.001e+02
-2.000e+02
-2.000e+02
-2.000e+02
-2.000e+02
-2.000e+02
-2.000e+02
-2.000e+02
-2.000e+02
-2.000e+02
-2.000e+02
-2.000e+02
-2.000e+02
-2.000e+02
-2.000e+02
-2.000e+02
-2.000e+02
-2.000e+02
-2.000e+02
-2.000e+02
-2.085e+02
-2.026e+02
-2.025e+02
-2.025e+02
-2.025e+02
-2.025e+02
-2.025e+02
-2.025e+02
-2.025e+02
-2.025e+02
-2.025e+02
-2.025e+02
-2.025e+02
-2.025e+02
-2.025e+02
-2.025e+02
-2.025e+02
-2.025e+02
-2.025e+02
-2.021e+02
-2.001e+02
-2.085e+02
-2.026e+02
-2.025e+02
-2.025e+02
-2.025e+02
-2.025e+02
-2.025e+02
-2.025e+02
-2.025e+02
-2.025e+02
-2.025e+02
-2.025e+02
-2.025e+02
-2.025e+02
-2.025e+02
-2.025e+02
-2.025e+02
-2.025e+02
-2.025e+02
-2.021e+02
-2.001e+02
-2.085e+02
-2.026e+02
-2.025e+02
-2.025e+02
-2.025e+02
-2.025e+02
-2.025e+02
-2.025e+02
-2.025e+02
-2.025e+02
-2.025e+02
-2.025e+02
-2.025e+02
-2.025e+02
-2.025e+02
-2.025e+02
-2.025e+02
-2.025e+02
-2.025e+02
-2.021e+02
-2.001e+02
-2.085e+02
-2.026e+02
-2.025e+02
-2.025e+02
-2.025e+02
-2.025e+02
-2.025e+02
-2.025e+02
-2.025e+02
-2.025e+02
-2.025e+02
-2.025e+02
-2.025e+02
-2.025e+02
-2.025e+02
-2.025e+02
-2.025e+02
-2.025e+02
-2.025e+02
-2.021e+02
-2.001e+02
-2.085e+02
-2.026e+02
-2.025e+02
-2.025e+02
-2.025e+02
-2.025e+02
-2.025e+02
-2.025e+02
-2.025e+02
-2.025e+02
-2.025e+02
-2.025e+02
-2.025e+02
-2.025e+02
-2.025e+02
-2.025e+02
-2.025e+02
-2.025e+02
-2.025e+02
-2.021e+02
-2.001e+02
-2.085e+02
-2.026e+02
-2.025e+02
-2.025e+02
-2.025e+02
-2.025e+02
-2.025e+02
-2.025e+02
-2.025e+02
-2.025e+02
-2.025e+02
-2.025e+02
-2.025e+02
-2.025e+02
-2.025e+02
-2.025e+02
-2.025e+02
-2.025e+02
-2.025e+02
-2.021e+02
-2.001e+02
-2.085e+02
-2.026e+02
-2.025e+02
-2.025e+02
-2.025e+02
-2.025e+02
-2.025e+02
-2.025e+02
-2.025e+02
-2.025e+02
-2.025e+02
-2.025e+02
-2.025e+02
-2.025e+02
-2.025e+02
-2.025e+02
-2.025e+02
-2.025e+02
-2.025e+02
-2.021e+02
-2.001e+02
-2.085e+02
-2.026e+02
-2.025e+02
-2.025e+02
-2.025e+02
-2.025e+02
-2.025e+02
-2.025e+02
-2.025e+02
-2.025e+02
-2.025e+02
-2.025e+02
-2.025e+02
-2.025e+02
-2.025e+02
-2.025e+02
-2.025e+02
-2.025e+02
-2.025e+02
-2.021e+02
-2.001e+02
-2.087e+02
-2.022e+02
-2.021e+02
-2.021e+02
-2.021e+02
-2.021e+02
-2.021e+02
-2.021e+02
-2.021e+02
-2.021e+02
-2.021e+02
-2.021e+02
-2.021e+02
-2.021e+02
-2.021e+02
-2.021e+02
-2.021e+02
-2.021e+02
-2.021e+02
-2.017e+02
-2.001e+02
-2.020e+02
-2.001e+02
-2.001e+02
-2.001e+02
-2.001e+02
-2.001e+02
-2.001e+02
-2.001e+02
-2.001e+02
-2.001e+02
-2.001e+02
-2.001e+02
-2.001e+02
-2.001e+02
-2.001e+02
-2.001e+02
-2.001e+02
-2.001e+02
-2.001e+02
-2.001e+02
-2.000e+02
-4.260e+01
-2.731e+01
-2.734e+01
-2.734e+01
-2.734e+01
-2.734e+01
-2.734e+01
-2.734e+01
-2.734e+01
-2.734e+01
-2.734e+01
-2.734e+01
-2.734e+01
-2.734e+01
-2.734e+01
-2.734e+01
-2.734e+01
-2.734e+01
-2.734e+01
-2.798e+01
-1.566e+01
-2.731e+01
-1.567e+01
-1.567e+01
-1.567e+01
-1.567e+01
-1.567e+01
-1.567e+01
-1.567e+01
-1.567e+01
-1.567e+01
-1.567e+01
-1.567e+01
-1.567e+01
-1.567e+01
-1.567e+01
-1.567e+01
-1.567e+01
-1.567e+01
-1.567e+01
-1.566e+01
-1.106e+01
-2.734e+01
-1.567e+01
-1.567e+01
-1.567e+01
-1.567e+01
-1.567e+01
-1.567e+01
-1.567e+01
-1.567e+01
-1.567e+01
-1.567e+01
-1.567e+01
-1.567e+01
-1.567e+01
-1.567e+01
-1.567e+01
-1.567e+01
-1.567e+01
-1.567e+01
-1.565e+01
-1.105e+01
-2.734e+01
-1.567e+01
-1.567e+01
-1.567e+01
-1.567e+01
-1.567e+01
-1.567e+01
-1.567e+01
-1.567e+01
-1.567e+01
-1.567e+01
-1.567e+01
-1.567e+01
-1.567e+01
-1.567e+01
-1.567e+01
-1.567e+01
-1.567e+01
-1.567e+01
-1.565e+01
-1.105e+01
-2.734e+01
-1.567e+01
-1.567e+01
-1.567e+01
-1.567e+01
-1.567e+01
-1.567e+01
-1.567e+01
-1.567e+01
-1.567e+01
-1.567e+01
-1.567e+01
-1.567e+01
-1.567e+01
-1.567e+01
-1.567e+01
-1.567e+01
-1.567e+01
-1.567e+01
-1.565e+01
-1.105e+01
-2.734e+01
-1.567e+01
-1.567e+01
-1.567e+01
-1.567e+01
-1.567e+01
-1.567e+01
-1.567e+01
-1.567e+01
-1.567e+01
-1.567e+01
-1.567e+01
-1.567e+01
-1.567e+01
-1.567e+01
-1.567e+01
-1.567e+01
-1.567e+01
-1.567e+01
-1.565e+01
-1.105e+01
-2.734e+01
-1.567e+01
-1.567e+01
-1.567e+01
-1.567e+01
-1.567e+01
-1.567e+01
-1.567e+01
-1.567e+01
-1.567e+01
-1.567e+01
-1.567e+01
-1.567e+01
-1.567e+01
-1.567e+01
-1.567e+01
-1.567e+01
-1.567e+01
-1.567e+01
-1.565e+01
-1.105e+01
-2.733e+01
-1.567e+01
-1.567e+01
-1.567e+01
-1.567e+01
-1.567e+01
-1.567e+01
-1.567e+01
-1.567e+01
-1.567e+01
-1.567e+01
-1.567e+01
-1.567e+01
-1.567e+01
-1.567e+01
-1.567e+01
-1.567e+01
-1.567e+01
-1.567e+01
-1.565e+01
-1.105e+01
-2.732e+01
-1.567e+01
-1.567e+01
-1.567e+01
-1.567e+01
-1.567e+01
-1.567e+01
-1.567e+01
-1.567e+01
-1.567e+01
-1.567e+01
-1.567e+01
-1.567e+01
-1.567e+01
-1.567e+01
-1.567e+01
-1.567e+01
-1.567e+01
-1.567e+01
-1.565e+01
-1.105e+01
-2.753e+01
-1.580e+01
-1.580e+01
-1.580e+01
-1.580e+01
-1.580e+01
-1.580e+01
-1.580e+01
-1.580e+01
-1.580e+01
-1.580e+01
-1.580e+01
-1.580e+01
-1.580e+01
-1.580e+01
-1.580e+01
-1.580e+01
-1.580e+01
-1.580e+01
-1.580e+01
-1.112e+01
-2.001e+02
-2.001e+02
-2.000e+02
-2.000e+02
-2.000e+02
-2.000e+02
-2.000e+02
-2.000e+02
-2.000e+02
-2.000e+02
-2.000e+02
-2.000e+02
-2.000e+02
-2.000e+02
-2.000e+02
-2.000e+02
-2.000e+02
-2.000e+02
-2.000e+02
-2.000e+02
-2.000e+02
-2.093e+02
-2.010e+02
-2.010e+02
-2.010e+02
-2.010e+02
-2.010e+02
-2.010e+02
-2.010e+02
-2.010e+02
-2.010e+02
-2.010e+02
-2.010e+02
-2.010e+02
-2.010e+02
-2.010e+02
-2.010e+02
-2.010e+02
-2.010e+02
-2.010e+02
-2.010e+02
-2.003e+02
-2.093e+02
-2.010e+02
-2.010e+02
-2.010e+02
-2.010e+02
-2.010e+02
-2.010e+02
-2.010e+02
-2.010e+02
-2.010e+02
-2.010e+02
-2.010e+02
-2.010e+02
-2.010e+02
-2.010e+02
-2.010e+02
-2.010e+02
-2.010e+02
-2.010e+02
-2.010e+02
-2.003e+02
-2.093e+02
-2.010e+02
-2.010e+02
-2.010e+02
-2.010e+02
-2.010e+02
-2.010e+02
-2.010e+02
-2.010e+02
-2.010e+02
-2.010e+02
-2.010e+02
-2.010e+02
-2.010e+02
-2.010e+02
-2.010e+02
-2.010e+02
-2.010e+02
-2.010e+02
-2.010e+02
-2.003e+02
-2.093e+02
-2.010e+02
-2.010e+02
-2.010e+02
-2.010e+02
-2.010e+02
-2.010e+02
-2.010e+02
-2.010e+02
-2.010e+02
-2.010e+02
-2.010e+02
-2.010e+02
-2.010e+02
-2.010e+02
-2.010e+02
-2.010e+02
-2.010e+02
-2.010e+02
-2.010e+02
-2.003e+02
-2.093e+02
-2.010e+02
-2.010e+02
-2.010e+02
-2.010e+02
-2.010e+02
-2.010e+02
-2.010e+02
-2.010e+02
-2.010e+02
-2.010e+02
-2.010e+02
-2.010e+02
-2.010e+02
-2.010e+02
-2.010e+02
-2.010e+02
-2.010e+02
-2.010e+02
-2.010e+02
-2.003e+02
-2.093e+02
-2.010e+02
-2.010e+02
-2.010e+02
-2.010e+02
-2.010e+02
-2.010e+02
-2.010e+02
-2.010e+02
-2.010e+02
-2.010e+02
-2.010e+02
-2.010e+02
-2.010e+02
-2.010e+02
-2.010e+02
-2.010e+02
-2.010e+02
-2.010e+02
-2.010e+02
-2.003e+02
-2.093e+02
-2.010e+02
-2.010e+02
-2.010e+02
-2.010e+02
-2.010e+02
-2.010e+02
-2.010e+02
-2.010e+02
-2.010e+02
-2.010e+02
-2.010e+02
-2.010e+02
-2.010e+02
-2.010e+02
-2.010e+02
-2.010e+02
-2.010e+02
-2.010e+02
-2.010e+02
-2.003e+02
-2.093e+02
-2.010e+02
-2.010e+02
-2.010e+02
-2.010e+02
-2.010e+02
-2.010e+02
-2.010e+02
-2.010e+02
-2.010e+02
-2.010e+02
-2.010e+02
-2.010e+02
-2.010e+02
-2.010e+02
-2.010e+02
-2.010e+02
-2.010e+02
-2.010e+02
-2.010e+02
-2.003e+02
-2.095e+02
-2.010e+02
-2.010e+02
-2.010e+02
-2.010e+02
-2.010e+02
-2.010e+02
-2.010e+02
-2.010e+02
-2.010e+02
-2.010e+02
-2.010e+02
-2.010e+02
-2.010e+02
-2.010e+02
-2.010e+02
-2.010e+02
-2.010e+02
-2.010e+02
-2.010e+02
-2.003e+02
-2.010e+02
-2.003e+02
-2.003e+02
-2.003e+02
-2.003e+02
-2.003e+02
-2.003e+02
-2.003e+02
-2.003e+02
-2.003e+02
-2.003e+02
-2.003e+02
-2.003e+02
-2.003e+02
-2.003e+02
-2.003e+02
-2.003e+02
-2.003e+02
-2.003e+02
-2.003e+02
-2.002e+02
-2.287e+01
-1.922e+01
-1.925e+01
-1.925e+01
-1.925e+01
-1.925e+01
-1.925e+01
-1.925e+01
-1.925e+01
-1.925e+01
-1.925e+01
-1.925e+01
-1.925e+01
-1.925e+01
-1.925e+01
-1.925e+01
-1.925e+01
-1.925e+01
-1.925e+01
-1.933e+01
-1.466e+01
-1.922e+01
-1.466e+01
-1.466e+01
-1.466e+01
-1.466e+01
-1.466e+01
-1.466e+01
-1.466e+01
-1.466e+01
-1.466e+01
-1.466e+01
-1.466e+01
-1.466e+01
-1.466e+01
-1.466e+01
-1.466e+01
-1.466e+01
-1.466e+01
-1.466e+01
-1.466e+01
-1.195e+01
-1.925e+01
-1.466e+01
-1.466e+01
-1.466e+01
-1.466e+01
-1.466e+01
-1.466e+01
-1.466e+01
-1.466e+01
-1.466e+01
-1.466e+01
-1.466e+01
-1.466e+01
-1.466e+01
-1.466e+01
-1.466e+01
-1.466e+01
-1.466e+01
-1.466e+01
-1.466e+01
-1.194e+01
-1.925e+01
-1.466e+01
-1.466e+01
-1.466e+01
-1.466e+01
-1.466e+01
-1.466e+01
-1.466e+01
-1.466e+01
-1.466e+01
-1.466e+01
-1.466e+01
-1.466e+01
-1.466e+01
-1.466e+01
-1.466e+01
-1.466e+01
-1.466e+01
-1.466e+01
-1.466e+01
-1.194e+01
-1.925e+01
-1.466e+01
-1.466e+01
-1.466e+01
-1.466e+01
-1.466e+01
-1.466e+01
-1.466e+01
-1.466e+01
-1.466e+01
-1.466e+01
-1.466e+01
-1.466e+01
-1.466e+01
-1.466e+01
-1.466e+01
-1.466e+01
-1.466e+01
-1.466e+01
-1.466e+01
-1.194e+01
-1.925e+01
-1.466e+01
-1.466e+01
-1.466e+01
-1.466e+01
-1.466e+01
-1.466e+01
-1.466e+01
-1.466e+01
-1.466e+01
-1.466e+01
-1.466e+01
-1.466e+01
-1.466e+01
-1.466e+01
-1.466e+01
-1.466e+01
-1.466e+01
-1.466e+01
-1.466e+01
-1.194e+01
-1.925e+01
-1.466e+01
-1.466e+01
-1.466e+01
-1.466e+01
-1.466e+01
-1.466e+01
-1.466e+01
-1.466e+01
-1.466e+01
-1.466e+01
-1.466e+01
-1.466e+01
-1.466e+01
-1.466e+01
-1.466e+01
-1.466e+01
-1.466e+01
-1.466e+01
-1.466e+01
-1.194e+01
-1.925e+01
-1.466e+01
-1.466e+01
-1.466e+01
-1.466e+01
-1.466e+01
-1.466e+01
-1.466e+01
-1.466e+01
-1.466e+01
-1.466e+01
-1.466e+01
-1.466e+01
-1.466e+01
-1.466e+01
-1.466e+01
-1.466e+01
-1.466e+01
-1.466e+01
-1.466e+01
-1.194e+01
-1.924e+01
-1.466e+01
-1.466e+01
-1.466e+01
-1.466e+01
-1.466e+01
-1.466e+01
-1.466e+01
-1.466e+01
-1.466e+01
-1.466e+01
-1.466e+01
-1.466e+01
-1.466e+01
-1.466e+01
-1.466e+01
-1.466e+01
-1.466e+01
-1.466e+01
-1.466e+01
-1.194e+01
-1.922e+01
-1.477e+01
-1.477e+01
-1.477e+01
-1.477e+01
-1.477e+01
-1.477e+01
-1.477e+01
-1.477e+01
-1.477e+01
-1.477e+01
-1.477e+01
-1.477e+01
-1.477e+01
-1.477e+01
-1.477e+01
-1.477e+01
-1.477e+01
-1.477e+01
-1.479e+01
-1.205e+01
-2.001e+02
-2.000e+02
-2.000e+02
-2.000e+02
-2.000e+02
-2.000e+02
-2.000e+02
-2.000e+02
-2.000e+02
-2.000e+02
-2.000e+02
-2.000e+02
-2.000e+02
-2.000e+02
-2.000e+02
-2.000e+02
-2.000e+02
-2.000e+02
-2.000e+02
-2.000e+02
-2.000e+02
-2.009e+02
-2.003e+02
-2.003e+02
-2.003e+02
-2.003e+02
-2.003e+02
-2.003e+02
-2.003e+02
-2.003e+02
-2.003e+02
-2.003e+02
-2.003e+02
-2.003e+02
-2.003e+02
-2.003e+02
-2.003e+02
-2.003e+02
-2.003e+02
-2.003e+02
-2.003e+02
-2.002e+02
-2.009e+02
-2.003e+02
-2.003e+02
-2.003e+02
-2.003e+02
-2.003e+02
-2.003e+02
-2.003e+02
-2.003e+02
-2.003e+02
-2.003e+02
-2.003e+02
-2.003e+02
-2.003e+02
-2.003e+02
-2.003e+02
-2.003e+02
-2.003e+02
-2.003e+02
-2.003e+02
-2.002e+02
-2.009e+02
-2.003e+02
-2.003e+02
-2.003e+02
-2.003e+02
-2.003e+02
-2.003e+02
-2.003e+02
-2.003e+02
-2.003e+02
-2.003e+02
-2.003e+02
-2.003e+02
-2.003e+02
-2.003e+02
-2.003e+02
-2.003e+02
-2.003e+02
-2.003e+02
-2.003e+02
-2.002e+02
-2.009e+02
-2.003e+02
-2.003e+02
-2.003e+02
-2.003e+02
-2.003e+02
-2.003e+02
-2.003e+02
-2.003e+02
-2.003e+02
-2.003e+02
-2.003e+02
-2.003e+02
-2.003e+02
-2.003e+02
-2.003e+02
-2.003e+02
-2.003e+02
-2.003e+02
-2.003e+02
-2.002e+02
-2.009e+02
-2.003e+02
-2.003e+02
-2.003e+02
-2.003e+02
-2.003e+02
-2.003e+02
-2.003e+02
-2.003e+02
-2.003e+02
-2.003e+02
-2.003e+02
-2.003e+02
-2.003e+02
-2.003e+02
-2.003e+02
-2.003e+02
-2.003e+02
-2.003e+02
-2.003e+02
-2.002e+02
-2.009e+02
-2.003e+02
-2.003e+02
-2.003e+02
-2.003e+02
-2.003e+02
-2.003e+02
-2.003e+02
-2.003e+02
-2.003e+02
-2.003e+02
-2.003e+02
-2.003e+02
-2.003e+02
-2.003e+02
-2.003e+02
-2.003e+02
-2.003e+02
-2.003e+02
-2.003e+02
-2.002e+02
-2.009e+02
-2.003e+02
-2.003e+02
-2.003e+02
-2.003e+02
-2.003e+02
-2.003e+02
-2.003e+02
-2.003e+02
-2.003e+02
-2.003e+02
-2.003e+02
-2.003e+02
-2.003e+02
-2.003e+02
-2.003e+02
-2.003e+02
-2.003e+02
-2.003e+02
-2.003e+02
-2.002e+02
-2.009e+02
-2.003e+02
-2.003e+02
-2.003e+02
-2.003e+02
-2.003e+02
-2.003e+02
-2.003e+02
-2.003e+02
-2.003e+02
-2.003e+02
-2.003e+02
-2.003e+02
-2.003e+02
-2.003e+02
-2.003e+02
-2.003e+02
-2.003e+02
-2.003e+02
-2.003e+02
-2.002e+02
-2.009e+02
-2.003e+02
-2.003e+02
-2.003e+02
-2.003e+02
-2.003e+02
-2.003e+02
-2.003e+02
-2.003e+02
-2.003e+02
-2.003e+02
-2.003e+02
-2.003e+02
-2.003e+02
-2.003e+02
-2.003e+02
-2.003e+02
-2.003e+02
-2.003e+02
-2.003e+02
-2.002e+02
-2.003e+02
-2.002e+02
-2.002e+02
-2.002e+02
-2.002e+02
-2.002e+02
-2.002e+02
-2.002e+02
-2.002e+02
-2.002e+02
-2.002e+02
-2.002e+02
-2.002e+02
-2.002e+02
-2.002e+02
-2.002e+02
-2.002e+02
-2.002e+02
-2.002e+02
-2.002e+02
-2.001e+02
-1.683e+01
-1.539e+01
-1.539e+01
-1.539e+01
-1.539e+01
-1.539e+01
-1.539e+01
-1.539e+01
-1.539e+01
-1.539e+01
-1.539e+01
-1.539e+01
-1.539e+01
-1.539e+01
-1.539e+01
-1.539e+01
-1.539e+01
-1.539e+01
-1.539e+01
-1.539e+01
-1.317e+01
-1.539e+01
-1.317e+01
-1.317e+01
-1.317e+01
-1.317e+01
-1.317e+01
-1.317e+01
-1.317e+01
-1.317e+01
-1.317e+01
-1.317e+01
-1.317e+01
-1.317e+01
-1.317e+01
-1.317e+01
-1.317e+01
-1.317e+01
-1.317e+01
-1.317e+01
-1.317e+01
-1.153e+01
-1.539e+01
-1.317e+01
-1.317e+01
-1.317e+01
-1.317e+01
-1.317e+01
-1.317e+01
-1.317e+01
-1.317e+01
-1.317e+01
-1.317e+01
-1.317e+01
-1.317e+01
-1.317e+01
-1.317e+01
-1.317e+01
-1.317e+01
-1.317e+01
-1.317e+01
-1.317e+01
-1.153e+01
-1.539e+01
-1.317e+01
-1.317e+01
-1.317e+01
-1.317e+01
-1.317e+01
-1.317e+01
-1.317e+01
-1.317e+01
-1.317e+01
-1.317e+01
-1.317e+01
-1.317e+01
-1.317e+01
-1.317e+01
-1.317e+01
-1.317e+01
-1.317e+01
-1.317e+01
-1.317e+01
-1.153e+01
-1.539e+01
-1.317e+01
-1.317e+01
-1.317e+01
-1.317e+01
-1.317e+01
-1.317e+01
-1.317e+01
-1.317e+01
-1.317e+01
-1.317e+01
-1.317e+01
-1.317e+01
-1.317e+01
-1.317e+01
-1.317e+01
-1.317e+01
-1.317e+01
-1.317e+01
-1.317e+01
-1.153e+01
-1.539e+01
-1.317e+01
-1.317e+01
-1.317e+01
-1.317e+01
-1.317e+01
-1.317e+01
-1.317e+01
-1.317e+01
-1.317e+01
-1.317e+01
-1.317e+01
-1.317e+01
-1.317e+01
-1.317e+01
-1.317e+01
-1.317e+01
-1.317e+01
-1.317e+01
-1.317e+01
-1.153e+01
-1.539e+01
-1.317e+01
-1.317e+01
-1.317e+01
-1.317e+01
-1.317e+01
-1.317e+01
-1.317e+01
-1.317e+01
-1.317e+01
-1.317e+01
-1.317e+01
-1.317e+01
-1.317e+01
-1.317e+01
-1.317e+01
-1.317e+01
-1.317e+01
-1.317e+01
-1.317e+01
-1.153e+01
-1.539e+01
-1.317e+01
-1.317e+01
-1.317e+01
-1.317e+01
-1.317e+01
-1.317e+01
-1.317e+01
-1.317e+01
-1.317e+01
-1.317e+01
-1.317e+01
-1.317e+01
-1.317e+01
-1.317e+01
-1.317e+01
-1.317e+01
-1.317e+01
-1.317e+01
-1.317e+01
-1.153e+01
-1.539e+01
-1.317e+01
-1.317e+01
-1.317e+01
-1.317e+01
-1.317e+01
-1.317e+01
-1.317e+01
-1.317e+01
-1.317e+01
-1.317e+01
-1.317e+01
-1.317e+01
-1.317e+01
-1.317e+01
-1.317e+01
-1.317e+01
-1.317e+01
-1.317e+01
-1.317e+01
-1.153e+01
-1.542e+01
-1.323e+01
-1.323e+01
-1.323e+01
-1.323e+01
-1.323e+01
-1.323e+01
-1.323e+01
-1.323e+01
-1.323e+01
-1.323e+01
-1.323e+01
-1.323e+01
-1.323e+01
-1.323e+01
-1.323e+01
-1.323e+01
-1.323e+01
-1.323e+01
-1.324e+01
-1.159e+01
-2.000e+02
-2.000e+02
-2.000e+02
-2.000e+02
-2.000e+02
-2.000e+02
-2.000e+02
-2.000e+02
-2.000e+02
-2.000e+02
-2.000e+02
-2.000e+02
-2.000e+02
-2.000e+02
-2.000e+02
-2.000e+02
-2.000e+02
-2.000e+02
-2.000e+02
-2.000e+02
-1.999e+02
-2.001e+02
-2.001e+02
-2.001e+02
-2.001e+02
-2.001e+02
-2.001e+02
-2.001e+02
-2.001e+02
-2.001e+02
-2.001e+02
-2.001e+02
-2.001e+02
-2.001e+02
-2.001e+02
-2.001e+02
-2.001e+02
-2.001e+02
-2.001e+02
-2.001e+02
-2.001e+02
-2.001e+02
-2.001e+02
-2.001e+02
-2.001e+02
-2.001e+02
-2.001e+02
-2.001e+02
-2.001e+02
-2.001e+02
-2.001e+02
-2.001e+02
-2.001e+02
-2.001e+02
-2.001e+02
-2.001e+02
-2.001e+02
-2.001e+02
-2.001e+02
-2.001e+02
-2.001e+02
-2.001e+02
-2.001e+02
-2.001e+02
-2.001e+02
-2.001e+02
-2.001e+02
-2.001e+02
-2.001e+02
-2.001e+02
-2.001e+02
-2.001e+02
-2.001e+02
-2.001e+02
-2.001e+02
-2.001e+02
-2.001e+02
-2.001e+02
-2.001e+02
-2.001e+02
-2.001e+02
-2.001e+02
-2.001e+02
-2.001e+02
-2.001e+02
-2.001e+02
-2.001e+02
-2.001e+02
-2.001e+02
-2.001e+02
-2.001e+02
-2.001e+02
-2.001e+02
-2.001e+02
-2.001e+02
-2.001e+02
-2.001e+02
-2.001e+02
-2.001e+02
-2.001e+02
-2.001e+02
-2.001e+02
-2.001e+02
-2.001e+02
-2.001e+02
-2.001e+02
-2.001e+02
-2.001e+02
-2.001e+02
-2.001e+02
-2.001e+02
-2.001e+02
-2.001e+02
-2.001e+02
-2.001e+02
-2.001e+02
-2.001e+02
-2.001e+02
-2.001e+02
-2.001e+02
-2.001e+02
-2.001e+02
-2.001e+02
-2.001e+02
-2.001e+02
-2.001e+02
-2.001e+02
-2.001e+02
-2.001e+02
-2.001e+02
-2.001e+02
-2.001e+02
-2.001e+02
-2.001e+02
-2.001e+02
-2.001e+02
-2.001e+02
-2.001e+02
-2.001e+02
-2.001e+02
-2.001e+02
-2.001e+02
-2.001e+02
-2.001e+02
-2.001e+02
-2.001e+02
-2.001e+02
-2.001e+02
-2.001e+02
-2.001e+02
-2.001e+02
-2.001e+02
-2.001e+02
-2.001e+02
-2.001e+02
-2.001e+02
-2.001e+02
-2.001e+02
-2.001e+02
-2.001e+02
-2.001e+02
-2.001e+02
-2.001e+02
-2.001e+02
-2.001e+02
-2.001e+02
-2.001e+02
-2.001e+02
-2.001e+02
-2.001e+02
-2.001e+02
-2.001e+02
-2.001e+02
-2.001e+02
-2.001e+02
-2.001e+02
-2.001e+02
-2.001e+02
-2.001e+02
-2.001e+02
-2.001e+02
-2.001e+02
-2.001e+02
-2.001e+02
-2.001e+02
-2.001e+02
-2.001e+02
-2.001e+02
-2.001e+02
-2.001e+02
-2.001e+02
-2.001e+02
-2.001e+02
-2.001e+02
-2.001e+02
-2.001e+02
-2.001e+02
-2.001e+02
-2.001e+02
-2.001e+02
-2.001e+02
-2.001e+02
-2.001e+02
-2.001e+02
-2.001e+02
-2.001e+02
-2.001e+02
-2.001e+02
-2.001e+02
-2.001e+02
-2.001e+02
-2.001e+02
-2.001e+02
-2.001e+02
-2.001e+02
-2.001e+02
-2.001e+02
-2.001e+02
-2.001e+02
-2.001e+02
-2.001e+02
-2.001e+02
-2.001e+02
-2.001e+02
-2.001e+02
-2.001e+02
-2.001e+02
-2.001e+02
-2.001e+02
-2.001e+02
-2.000e+02
-1.328e+01
-1.256e+01
-1.256e+01
-1.256e+01
-1.256e+01
-1.256e+01
-1.256e+01
-1.256e+01
-1.256e+01
-1.256e+01
-1.256e+01
-1.256e+01
-1.256e+01
-1.256e+01
-1.256e+01
-1.256e+01
-1.256e+01
-1.256e+01
-1.256e+01
-1.256e+01
-1.134e+01
-1.256e+01
-1.134e+01
-1.134e+01
-1.134e+01
-1.134e+01
-1.134e+01
-1.134e+01
-1.134e+01
-1.134e+01
-1.134e+01
-1.134e+01
-1.134e+01
-1.134e+01
-1.134e+01
-1.134e+01
-1.134e+01
-1.134e+01
-1.134e+01
-1.134e+01
-1.134e+01
-1.035e+01
-1.256e+01
-1.134e+01
-1.134e+01
-1.134e+01
-1.134e+01
-1.134e+01
-1.134e+01
-1.134e+01
-1.134e+01
-1.134e+01
-1.134e+01
-1.134e+01
-1.134e+01
-1.134e+01
-1.134e+01
-1.134e+01
-1.134e+01
-1.134e+01
-1.134e+01
-1.134e+01
-1.035e+01
-1.256e+01
-1.134e+01
-1.134e+01
-1.134e+01
-1.134e+01
-1.134e+01
-1.134e+01
-1.134e+01
-1.134e+01
-1.134e+01
-1.134e+01
-1.134e+01
-1.134e+01
-1.134e+01
-1.134e+01
-1.134e+01
-1.134e+01
-1.134e+01
-1.134e+01
-1.134e+01
-1.035e+01
-1.256e+01
-1.134e+01
-1.134e+01
-1.134e+01
-1.134e+01
-1.134e+01
-1.134e+01
-1.134e+01
-1.134e+01
-1.134e+01
-1.134e+01
-1.134e+01
-1.134e+01
-1.134e+01
-1.134e+01
-1.134e+01
-1.134e+01
-1.134e+01
-1.134e+01
-1.134e+01
-1.035e+01
-1.256e+01
-1.134e+01
-1.134e+01
-1.134e+01
-1.134e+01
-1.134e+01
-1.134e+01
-1.134e+01
-1.134e+01
-1.134e+01
-1.134e+01
-1.134e+01
-1.134e+01
-1.134e+01
-1.134e+01
-1.134e+01
-1.134e+01
-1.134e+01
-1.134e+01
-1.134e+01
-1.035e+01
-1.256e+01
-1.134e+01
-1.134e+01
-1.134e+01
-1.134e+01
-1.134e+01
-1.134e+01
-1.134e+01
-1.134e+01
-1.134e+01
-1.134e+01
-1.134e+01
-1.134e+01
-1.134e+01
-1.134e+01
-1.134e+01
-1.134e+01
-1.134e+01
-1.134e+01
-1.134e+01
-1.035e+01
-1.256e+01
-1.134e+01
-1.134e+01
-1.134e+01
-1.134e+01
-1.134e+01
-1.134e+01
-1.134e+01
-1.134e+01
-1.134e+01
-1.134e+01
-1.134e+01
-1.134e+01
-1.134e+01
-1.134e+01
-1.134e+01
-1.134e+01
-1.134e+01
-1.134e+01
-1.134e+01
-1.035e+01
-1.256e+01
-1.134e+01
-1.134e+01
-1.134e+01
-1.134e+01
-1.134e+01
-1.134e+01
-1.134e+01
-1.134e+01
-1.134e+01
-1.134e+01
-1.134e+01
-1.134e+01
-1.134e+01
-1.134e+01
-1.134e+01
-1.134e+01
-1.134e+01
-1.134e+01
-1.134e+01
-1.035e+01
-1.258e+01
-1.137e+01
-1.137e+01
-1.137e+01
-1.137e+01
-1.137e+01
-1.137e+01
-1.137e+01
-1.137e+01
-1.137e+01
-1.137e+01
-1.137e+01
-1.137e+01
-1.137e+01
-1.137e+01
-1.137e+01
-1.137e+01
-1.137e+01
-1.137e+01
-1.137e+01
-1.039e+01
-1.999e+02
-1.996e+02
-1.996e+02
-1.996e+02
-1.996e+02
-1.996e+02
-1.996e+02
-1.996e+02
-1.996e+02
-1.996e+02
-1.996e+02
-1.996e+02
-1.996e+02
-1.996e+02
-1.996e+02
-1.996e+02
-1.996e+02
-1.996e+02
-1.996e+02
-1.996e+02
-1.990e+02
-2.000e+02
-2.000e+02
-2.000e+02
-2.000e+02
-2.000e+02
-2.000e+02
-2.000e+02
-2.000e+02
-2.000e+02
-2.000e+02
-2.000e+02
-2.000e+02
-2.000e+02
-2.000e+02
-2.000e+02
-2.000e+02
-2.000e+02
-2.000e+02
-2.000e+02
-2.000e+02
-2.000e+02
-2.000e+02
-2.000e+02
-2.000e+02
-2.000e+02
-2.000e+02
-2.000e+02
-2.000e+02
-2.000e+02
-2.000e+02
-2.000e+02
-2.000e+02
-2.000e+02
-2.000e+02
-2.000e+02
-2.000e+02
-2.000e+02
-2.000e+02
-2.000e+02
-2.000e+02
-2.000e+02
-2.000e+02
-2.000e+02
-2.000e+02
-2.000e+02
-2.000e+02
-2.000e+02
-2.000e+02
-2.000e+02
-2.000e+02
-2.000e+02
-2.000e+02
-2.000e+02
-2.000e+02
-2.000e+02
-2.000e+02
-2.000e+02
-2.000e+02
-2.000e+02
-2.000e+02
-2.000e+02
-2.000e+02
-2.000e+02
-2.000e+02
-2.000e+02
-2.000e+02
-2.000e+02
-2.000e+02
-2.000e+02
-2.000e+02
-2.000e+02
-2.000e+02
-2.000e+02
-2.000e+02
-2.000e+02
-2.000e+02
-2.000e+02
-2.000e+02
-2.000e+02
-2.000e+02
-2.000e+02
-2.000e+02
-2.000e+02
-2.000e+02
-2.000e+02
-2.000e+02
-2.000e+02
-2.000e+02
-2.000e+02
-2.000e+02
-2.000e+02
-2.000e+02
-2.000e+02
-2.000e+02
-2.000e+02
-2.000e+02
-2.000e+02
-2.000e+02
-2.000e+02
-2.000e+02
-2.000e+02
-2.000e+02
-2.000e+02
-2.000e+02
-2.000e+02
-2.000e+02
-2.000e+02
-2.000e+02
-2.000e+02
-2.000e+02
-2.000e+02
-2.000e+02
-2.000e+02
-2.000e+02
-2.000e+02
-2.000e+02
-2.000e+02
-2.000e+02
-2.000e+02
-2.000e+02
-2.000e+02
-2.000e+02
-2.000e+02
-2.000e+02
-2.000e+02
-2.000e+02
-2.000e+02
-2.000e+02
-2.000e+02
-2.000e+02
-2.000e+02
-2.000e+02
-2.000e+02
-2.000e+02
-2.000e+02
-2.000e+02
-2.000e+02
-2.000e+02
-2.000e+02
-2.000e+02
-2.000e+02
-2.000e+02
-2.000e+02
-2.000e+02
-2.000e+02
-2.000e+02
-2.000e+02
-2.000e+02
-2.000e+02
-2.000e+02
-2.000e+02
-2.000e+02
-2.000e+02
-2.000e+02
-2.000e+02
-2.000e+02
-2.000e+02
-2.000e+02
-2.000e+02
-2.000e+02
-2.000e+02
-2.000e+02
-2.000e+02
-2.000e+02
-2.000e+02
-2.000e+02
-2.000e+02
-2.000e+02
-2.000e+02
-2.000e+02
-2.000e+02
-2.000e+02
-2.000e+02
-2.000e+02
-2.000e+02
-2.000e+02
-2.000e+02
-2.000e+02
-2.000e+02
-2.000e+02
-2.000e+02
-2.000e+02
-2.000e+02
-2.000e+02
-2.000e+02
-2.000e+02
-2.000e+02
-2.000e+02
-2.000e+02
-2.000e+02
-2.000e+02
-2.000e+02
-2.000e+02
-2.000e+02
-2.000e+02
-2.000e+02
-2.000e+02
-2.000e+02
-2.000e+02
-2.000e+02
-2.000e+02
-2.000e+02
-2.000e+02
-2.000e+02
-2.000e+02
-2.000e+02
-2.000e+02
-2.000e+02
-2.000e+02
-2.000e+02
-9.797e+00
-9.715e+00
-9.715e+00
-9.715e+00
-9.715e+00
-9.715e+00
-9.715e+00
-9.715e+00
-9.715e+00
-9.715e+00
-9.715e+00
-9.715e+00
-9.715e+00
-9.715e+00
-9.715e+00
-9.715e+00
-9.715e+00
-9.715e+00
-9.715e+00
-9.716e+00
-9.548e+00
-9.715e+00
-9.548e+00
-9.546e+00
-9.546e+00
-9.546e+00
-9.546e+00
-9.546e+00
-9.546e+00
-9.546e+00
-9.546e+00
-9.546e+00
-9.546e+00
-9.546e+00
-9.546e+00
-9.546e+00
-9.546e+00
-9.546e+00
-9.546e+00
-9.546e+00
-9.547e+00
-9.423e+00
-9.715e+00
-9.546e+00
-9.544e+00
-9.544e+00
-9.544e+00
-9.544e+00
-9.544e+00
-9.544e+00
-9.544e+00
-9.544e+00
-9.544e+00
-9.544e+00
-9.544e+00
-9.544e+00
-9.544e+00
-9.544e+00
-9.544e+00
-9.544e+00
-9.544e+00
-9.544e+00
-9.400e+00
-9.715e+00
-9.546e+00
-9.544e+00
-9.544e+00
-9.544e+00
-9.544e+00
-9.544e+00
-9.544e+00
-9.544e+00
-9.544e+00
-9.544e+00
-9.544e+00
-9.544e+00
-9.544e+00
-9.544e+00
-9.544e+00
-9.544e+00
-9.544e+00
-9.544e+00
-9.544e+00
-9.401e+00
-9.715e+00
-9.546e+00
-9.544e+00
-9.544e+00
-9.544e+00
-9.544e+00
-9.544e+00
-9.544e+00
-9.544e+00
-9.544e+00
-9.544e+00
-9.544e+00
-9.544e+00
-9.544e+00
-9.544e+00
-9.544e+00
-9.544e+00
-9.544e+00
-9.544e+00
-9.544e+00
-9.401e+00
-9.715e+00
-9.546e+00
-9.544e+00
-9.544e+00
-9.544e+00
-9.544e+00
-9.544e+00
-9.544e+00
-9.544e+00
-9.544e+00
-9.544e+00
-9.544e+00
-9.544e+00
-9.544e+00
-9.544e+00
-9.544e+00
-9.544e+00
-9.544e+00
-9.544e+00
-9.544e+00
-9.401e+00
-9.715e+00
-9.546e+00
-9.544e+00
-9.544e+00
-9.544e+00
-9.544e+00
-9.544e+00
-9.544e+00
-9.544e+00
-9.544e+00
-9.544e+00
-9.544e+00
-9.544e+00
-9.544e+00
-9.544e+00
-9.544e+00
-9.544e+00
-9.544e+00
-9.544e+00
-9.544e+00
-9.401e+00
-9.715e+00
-9.546e+00
-9.544e+00
-9.544e+00
-9.544e+00
-9.544e+00
-9.544e+00
-9.544e+00
-9.544e+00
-9.544e+00
-9.544e+00
-9.544e+00
-9.544e+00
-9.544e+00
-9.544e+00
-9.544e+00
-9.544e+00
-9.544e+00
-9.544e+00
-9.544e+00
-9.401e+00
-9.715e+00
-9.546e+00
-9.544e+00
-9.544e+00
-9.544e+00
-9.544e+00
-9.544e+00
-9.544e+00
-9.544e+00
-9.544e+00
-9.544e+00
-9.544e+00
-9.544e+00
-9.544e+00
-9.544e+00
-9.544e+00
-9.544e+00
-9.544e+00
-9.544e+00
-9.544e+00
-9.401e+00
-9.682e+00
-9.555e+00
-9.551e+00
-9.551e+00
-9.551e+00
-9.551e+00
-9.551e+00
-9.551e+00
-9.551e+00
-9.551e+00
-9.551e+00
-9.551e+00
-9.551e+00
-9.551e+00
-9.551e+00
-9.551e+00
-9.551e+00
-9.551e+00
-9.551e+00
-9.551e+00
-9.434e+00
-1.970e+02
-1.923e+02
-1.903e+02
-1.903e+02
-1.903e+02
-1.903e+02
-1.903e+02
-1.903e+02
-1.903e+02
-1.903e+02
-1.903e+02
-1.903e+02
-1.903e+02
-1.903e+02
-1.903e+02
-1.903e+02
-1.903e+02
-1.903e+02
-1.903e+02
-1.902e+02
-1.805e+02
-1.976e+02
-1.974e+02
-1.974e+02
-1.974e+02
-1.974e+02
-1.974e+02
-1.974e+02
-1.974e+02
-1.974e+02
-1.974e+02
-1.974e+02
-1.974e+02
-1.974e+02
-1.974e+02
-1.974e+02
-1.974e+02
-1.974e+02
-1.974e+02
-1.974e+02
-1.974e+02
-1.970e+02
-1.976e+02
-1.974e+02
-1.974e+02
-1.974e+02
-1.974e+02
-1.974e+02
-1.974e+02
-1.974e+02
-1.974e+02
-1.974e+02
-1.974e+02
-1.974e+02
-1.974e+02
-1.974e+02
-1.974e+02
-1.974e+02
-1.974e+02
-1.974e+02
-1.974e+02
-1.974e+02
-1.970e+02
-1.976e+02
-1.974e+02
-1.974e+02
-1.974e+02
-1.974e+02
-1.974e+02
-1.974e+02
-1.974e+02
-1.974e+02
-1.974e+02
-1.974e+02
-1.974e+02
-1.974e+02
-1.974e+02
-1.974e+02
-1.974e+02
-1.974e+02
-1.974e+02
-1.974e+02
-1.974e+02
-1.970e+02
-1.976e+02
-1.974e+02
-1.974e+02
-1.974e+02
-1.974e+02
-1.974e+02
-1.974e+02
-1.974e+02
-1.974e+02
-1.974e+02
-1.974e+02
-1.974e+02
-1.974e+02
-1.974e+02
-1.974e+02
-1.974e+02
-1.974e+02
-1.974e+02
-1.974e+02
-1.974e+02
-1.970e+02
-1.976e+02
-1.974e+02
-1.974e+02
-1.974e+02
-1.974e+02
-1.974e+02
-1.974e+02
-1.974e+02
-1.974e+02
-1.974e+02
-1.974e+02
-1.974e+02
-1.974e+02
-1.974e+02
-1.974e+02
-1.974e+02
-1.974e+02
-1.974e+02
-1.974e+02
-1.974e+02
-1.970e+02
-1.976e+02
-1.974e+02
-1.974e+02
-1.974e+02
-1.974e+02
-1.974e+02
-1.974e+02
-1.974e+02
-1.974e+02
-1.974e+02
-1.974e+02
-1.974e+02
-1.974e+02
-1.974e+02
-1.974e+02
-1.974e+02
-1.974e+02
-1.974e+02
-1.974e+02
-1.974e+02
-1.970e+02
-1.976e+02
-1.974e+02
-1.974e+02
-1.974e+02
-1.974e+02
-1.974e+02
-1.974e+02
-1.974e+02
-1.974e+02
-1.974e+02
-1.974e+02
-1.974e+02
-1.974e+02
-1.974e+02
-1.974e+02
-1.974e+02
-1.974e+02
-1.974e+02
-1.974e+02
-1.974e+02
-1.970e+02
-1.976e+02
-1.974e+02
-1.974e+02
-1.974e+02
-1.974e+02
-1.974e+02
-1.974e+02
-1.974e+02
-1.974e+02
-1.974e+02
-1.974e+02
-1.974e+02
-1.974e+02
-1.974e+02
-1.974e+02
-1.974e+02
-1.974e+02
-1.974e+02
-1.974e+02
-1.974e+02
-1.970e+02
-1.976e+02
-1.974e+02
-1.974e+02
-1.974e+02
-1.974e+02
-1.974e+02
-1.974e+02
-1.974e+02
-1.974e+02
-1.974e+02
-1.974e+02
-1.974e+02
-1.974e+02
-1.974e+02
-1.974e+02
-1.974e+02
-1.974e+02
-1.974e+02
-1.974e+02
-1.974e+02
-1.970e+02
-1.974e+02
-1.971e+02
-1.970e+02
-1.970e+02
-1.970e+02
-1.970e+02
-1.970e+02
-1.970e+02
-1.970e+02
-1.970e+02
-1.970e+02
-1.970e+02
-1.970e+02
-1.970e+02
-1.970e+02
-1.970e+02
-1.970e+02
-1.970e+02
-1.970e+02
-1.970e+02
-1.965e+02
-1.248e+01
-1.055e+01
-1.055e+01
-1.055e+01
-1.055e+01
-1.055e+01
-1.055e+01
-1.055e+01
-1.055e+01
-1.055e+01
-1.055e+01
-1.055e+01
-1.055e+01
-1.055e+01
-1.055e+01
-1.055e+01
-1.055e+01
-1.055e+01
-1.055e+01
-1.054e+01
-8.168e+00
-1.055e+01
-8.170e+00
-8.170e+00
-8.170e+00
-8.170e+00
-8.170e+00
-8.170e+00
-8.170e+00
-8.170e+00
-8.170e+00
-8.170e+00
-8.170e+00
-8.170e+00
-8.170e+00
-8.170e+00
-8.170e+00
-8.170e+00
-8.170e+00
-8.170e+00
-8.169e+00
-6.766e+00
-1.055e+01
-8.170e+00
-8.171e+00
-8.171e+00
-8.171e+00
-8.171e+00
-8.171e+00
-8.171e+00
-8.171e+00
-8.171e+00
-8.171e+00
-8.171e+00
-8.171e+00
-8.171e+00
-8.171e+00
-8.171e+00
-8.171e+00
-8.171e+00
-8.171e+00
-8.170e+00
-6.766e+00
-1.055e+01
-8.170e+00
-8.171e+00
-8.171e+00
-8.171e+00
-8.171e+00
-8.171e+00
-8.171e+00
-8.171e+00
-8.171e+00
-8.171e+00
-8.171e+00
-8.171e+00
-8.171e+00
-8.171e+00
-8.171e+00
-8.171e+00
-8.171e+00
-8.171e+00
-8.170e+00
-6.766e+00
-1.055e+01
-8.170e+00
-8.171e+00
-8.171e+00
-8.171e+00
-8.171e+00
-8.171e+00
-8.171e+00
-8.171e+00
-8.171e+00
-8.171e+00
-8.171e+00
-8.171e+00
-8.171e+00
-8.171e+00
-8.171e+00
-8.171e+00
-8.171e+00
-8.171e+00
-8.170e+00
-6.766e+00
-1.055e+01
-8.170e+00
-8.171e+00
-8.171e+00
-8.171e+00
-8.171e+00
-8.171e+00
-8.171e+00
-8.171e+00
-8.171e+00
-8.171e+00
-8.171e+00
-8.171e+00
-8.171e+00
-8.171e+00
-8.171e+00
-8.171e+00
-8.171e+00
-8.171e+00
-8.170e+00
-6.766e+00
-1.055e+01
-8.170e+00
-8.171e+00
-8.171e+00
-8.171e+00
-8.171e+00
-8.171e+00
-8.171e+00
-8.171e+00
-8.171e+00
-8.171e+00
-8.171e+00
-8.171e+00
-8.171e+00
-8.171e+00
-8.171e+00
-8.171e+00
-8.171e+00
-8.171e+00
-8.170e+00
-6.766e+00
-1.055e+01
-8.170e+00
-8.171e+00
-8.171e+00
-8.171e+00
-8.171e+00
-8.171e+00
-8.171e+00
-8.171e+00
-8.171e+00
-8.171e+00
-8.171e+00
-8.171e+00
-8.171e+00
-8.171e+00
-8.171e+00
-8.171e+00
-8.171e+00
-8.171e+00
-8.170e+00
-6.766e+00
-1.055e+01
-8.170e+00
-8.171e+00
-8.171e+00
-8.171e+00
-8.171e+00
-8.171e+00
-8.171e+00
-8.171e+00
-8.171e+00
-8.171e+00
-8.171e+00
-8.171e+00
-8.171e+00
-8.171e+00
-8.171e+00
-8.171e+00
-8.171e+00
-8.171e+00
-8.170e+00
-6.766e+00
-1.058e+01
-8.172e+00
-8.176e+00
-8.176e+00
-8.176e+00
-8.176e+00
-8.176e+00
-8.176e+00
-8.176e+00
-8.176e+00
-8.176e+00
-8.176e+00
-8.176e+00
-8.176e+00
-8.176e+00
-8.176e+00
-8.176e+00
-8.176e+00
-8.176e+00
-8.172e+00
-6.768e+00
-1.357e+02
-8.037e+01
-8.178e+01
-8.178e+01
-8.178e+01
-8.178e+01
-8.178e+01
-8.178e+01
-8.178e+01
-8.178e+01
-8.178e+01
-8.178e+01
-8.178e+01
-8.178e+01
-8.178e+01
-8.178e+01
-8.178e+01
-8.178e+01
-8.178e+01
-8.167e+01
-4.822e+01
-1.333e+02
-7.449e+01
-7.449e+01
-7.449e+01
-7.449e+01
-7.449e+01
-7.449e+01
-7.449e+01
-7.449e+01
-7.449e+01
-7.449e+01
-7.449e+01
-7.449e+01
-7.449e+01
-7.449e+01
-7.449e+01
-7.449e+01
-7.449e+01
-7.449e+01
-7.439e+01
-4.128e+01
-1.333e+02
-7.446e+01
-7.445e+01
-7.445e+01
-7.445e+01
-7.445e+01
-7.445e+01
-7.445e+01
-7.445e+01
-7.445e+01
-7.445e+01
-7.445e+01
-7.445e+01
-7.445e+01
-7.445e+01
-7.445e+01
-7.445e+01
-7.445e+01
-7.445e+01
-7.435e+01
-4.131e+01
-1.333e+02
-7.446e+01
-7.445e+01
-7.445e+01
-7.445e+01
-7.445e+01
-7.445e+01
-7.445e+01
-7.445e+01
-7.445e+01
-7.445e+01
-7.445e+01
-7.445e+01
-7.445e+01
-7.445e+01
-7.445e+01
-7.445e+01
-7.445e+01
-7.445e+01
-7.435e+01
-4.131e+01
-1.333e+02
-7.446e+01
-7.445e+01
-7.445e+01
-7.445e+01
-7.445e+01
-7.445e+01
-7.445e+01
-7.445e+01
-7.445e+01
-7.445e+01
-7.445e+01
-7.445e+01
-7.445e+01
-7.445e+01
-7.445e+01
-7.445e+01
-7.445e+01
-7.445e+01
-7.435e+01
-4.131e+01
-1.333e+02
-7.446e+01
-7.445e+01
-7.445e+01
-7.445e+01
-7.445e+01
-7.445e+01
-7.445e+01
-7.445e+01
-7.445e+01
-7.445e+01
-7.445e+01
-7.445e+01
-7.445e+01
-7.445e+01
-7.445e+01
-7.445e+01
-7.445e+01
-7.445e+01
-7.435e+01
-4.131e+01
-1.333e+02
-7.446e+01
-7.445e+01
-7.445e+01
-7.445e+01
-7.445e+01
-7.445e+01
-7.445e+01
-7.445e+01
-7.445e+01
-7.445e+01
-7.445e+01
-7.445e+01
-7.445e+01
-7.445e+01
-7.445e+01
-7.445e+01
-7.445e+01
-7.445e+01
-7.435e+01
-4.131e+01
-1.333e+02
-7.446e+01
-7.445e+01
-7.445e+01
-7.445e+01
-7.445e+01
-7.445e+01
-7.445e+01
-7.445e+01
-7.445e+01
-7.445e+01
-7.445e+01
-7.445e+01
-7.445e+01
-7.445e+01
-7.445e+01
-7.445e+01
-7.445e+01
-7.445e+01
-7.435e+01
-4.131e+01
-1.333e+02
-7.446e+01
-7.445e+01
-7.445e+01
-7.445e+01
-7.445e+01
-7.445e+01
-7.445e+01
-7.445e+01
-7.445e+01
-7.445e+01
-7.445e+01
-7.445e+01
-7.445e+01
-7.445e+01
-7.445e+01
-7.445e+01
-7.445e+01
-7.445e+01
-7.435e+01
-4.131e+01
-1.331e+02
-7.436e+01
-7.435e+01
-7.435e+01
-7.435e+01
-7.435e+01
-7.435e+01
-7.435e+01
-7.435e+01
-7.435e+01
-7.435e+01
-7.435e+01
-7.435e+01
-7.435e+01
-7.435e+01
-7.435e+01
-7.435e+01
-7.435e+01
-7.435e+01
-7.424e+01
-4.131e+01
-7.420e+01
-4.113e+01
-4.131e+01
-4.131e+01
-4.131e+01
-4.131e+01
-4.131e+01
-4.131e+01
-4.131e+01
-4.131e+01
-4.131e+01
-4.131e+01
-4.131e+01
-4.131e+01
-4.131e+01
-4.131e+01
-4.131e+01
-4.131e+01
-4.131e+01
-4.131e+01
-3.236e+01
-6.297e+00
-6.266e+00
-6.266e+00
-6.266e+00
-6.266e+00
-6.266e+00
-6.266e+00
-6.266e+00
-6.266e+00
-6.266e+00
-6.266e+00
-6.266e+00
-6.266e+00
-6.266e+00
-6.266e+00
-6.266e+00
-6.266e+00
-6.266e+00
-6.266e+00
-6.267e+00
-6.221e+00
-6.266e+00
-6.221e+00
-6.221e+00
-6.221e+00
-6.221e+00
-6.221e+00
-6.221e+00
-6.221e+00
-6.221e+00
-6.221e+00
-6.221e+00
-6.221e+00
-6.221e+00
-6.221e+00
-6.221e+00
-6.221e+00
-6.221e+00
-6.221e+00
-6.221e+00
-6.221e+00
-6.180e+00
-6.266e+00
-6.221e+00
-6.220e+00
-6.220e+00
-6.220e+00
-6.220e+00
-6.220e+00
-6.220e+00
-6.220e+00
-6.220e+00
-6.220e+00
-6.220e+00
-6.220e+00
-6.220e+00
-6.220e+00
-6.220e+00
-6.220e+00
-6.220e+00
-6.220e+00
-6.221e+00
-6.178e+00
-6.266e+00
-6.221e+00
-6.220e+00
-6.220e+00
-6.220e+00
-6.220e+00
-6.220e+00
-6.220e+00
-6.220e+00
-6.220e+00
-6.220e+00
-6.220e+00
-6.220e+00
-6.220e+00
-6.220e+00
-6.220e+00
-6.220e+00
-6.220e+00
-6.220e+00
-6.221e+00
-6.178e+00
-6.266e+00
-6.221e+00
-6.220e+00
-6.220e+00
-6.220e+00
-6.220e+00
-6.220e+00
-6.220e+00
-6.220e+00
-6.220e+00
-6.220e+00
-6.220e+00
-6.220e+00
-6.220e+00
-6.220e+00
-6.220e+00
-6.220e+00
-6.220e+00
-6.220e+00
-6.221e+00
-6.178e+00
-6.266e+00
-6.221e+00
-6.220e+00
-6.220e+00
-6.220e+00
-6.220e+00
-6.220e+00
-6.220e+00
-6.220e+00
-6.220e+00
-6.220e+00
-6.220e+00
-6.220e+00
-6.220e+00
-6.220e+00
-6.220e+00
-6.220e+00
-6.220e+00
-6.220e+00
-6.221e+00
-6.178e+00
-6.266e+00
-6.221e+00
-6.220e+00
-6.220e+00
-6.220e+00
-6.220e+00
-6.220e+00
-6.220e+00
-6.220e+00
-6.220e+00
-6.220e+00
-6.220e+00
-6.220e+00
-6.220e+00
-6.220e+00
-6.220e+00
-6.220e+00
-6.220e+00
-6.220e+00
-6.221e+00
-6.178e+00
-6.266e+00
-6.221e+00
-6.220e+00
-6.220e+00
-6.220e+00
-6.220e+00
-6.220e+00
-6.220e+00
-6.220e+00
-6.220e+00
-6.220e+00
-6.220e+00
-6.220e+00
-6.220e+00
-6.220e+00
-6.220e+00
-6.220e+00
-6.220e+00
-6.220e+00
-6.221e+00
-6.178e+00
-6.266e+00
-6.221e+00
-6.220e+00
-6.220e+00
-6.220e+00
-6.220e+00
-6.220e+00
-6.220e+00
-6.220e+00
-6.220e+00
-6.220e+00
-6.220e+00
-6.220e+00
-6.220e+00
-6.220e+00
-6.220e+00
-6.220e+00
-6.220e+00
-6.220e+00
-6.221e+00
-6.178e+00
-6.264e+00
-6.220e+00
-6.219e+00
-6.219e+00
-6.219e+00
-6.219e+00
-6.219e+00
-6.219e+00
-6.219e+00
-6.219e+00
-6.219e+00
-6.219e+00
-6.219e+00
-6.219e+00
-6.219e+00
-6.219e+00
-6.219e+00
-6.219e+00
-6.219e+00
-6.219e+00
-6.175e+00
-5.874e+00
-5.790e+00
-5.790e+00
-5.790e+00
-5.790e+00
-5.790e+00
-5.790e+00
-5.790e+00
-5.790e+00
-5.790e+00
-5.790e+00
-5.790e+00
-5.790e+00
-5.790e+00
-5.790e+00
-5.790e+00
-5.790e+00
-5.790e+00
-5.790e+00
-5.790e+00
-5.702e+00
-5.853e+00
-5.733e+00
-5.730e+00
-5.730e+00
-5.730e+00
-5.730e+00
-5.730e+00
-5.730e+00
-5.730e+00
-5.730e+00
-5.730e+00
-5.730e+00
-5.730e+00
-5.730e+00
-5.730e+00
-5.730e+00
-5.730e+00
-5.730e+00
-5.730e+00
-5.731e+00
-5.617e+00
-5.854e+00
-5.733e+00
-5.732e+00
-5.732e+00
-5.732e+00
-5.732e+00
-5.732e+00
-5.732e+00
-5.732e+00
-5.732e+00
-5.732e+00
-5.732e+00
-5.732e+00
-5.732e+00
-5.732e+00
-5.732e+00
-5.732e+00
-5.732e+00
-5.732e+00
-5.733e+00
-5.618e+00
-5.854e+00
-5.733e+00
-5.732e+00
-5.732e+00
-5.732e+00
-5.732e+00
-5.732e+00
-5.732e+00
-5.732e+00
-5.732e+00
-5.732e+00
-5.732e+00
-5.732e+00
-5.732e+00
-5.732e+00
-5.732e+00
-5.732e+00
-5.732e+00
-5.732e+00
-5.733e+00
-5.618e+00
-5.854e+00
-5.733e+00
-5.732e+00
-5.732e+00
-5.732e+00
-5.732e+00
-5.732e+00
-5.732e+00
-5.732e+00
-5.732e+00
-5.732e+00
-5.732e+00
-5.732e+00
-5.732e+00
-5.732e+00
-5.732e+00
-5.732e+00
-5.732e+00
-5.732e+00
-5.733e+00
-5.618e+00
-5.854e+00
-5.733e+00
-5.732e+00
-5.732e+00
-5.732e+00
-5.732e+00
-5.732e+00
-5.732e+00
-5.732e+00
-5.732e+00
-5.732e+00
-5.732e+00
-5.732e+00
-5.732e+00
-5.732e+00
-5.732e+00
-5.732e+00
-5.732e+00
-5.732e+00
-5.733e+00
-5.618e+00
-5.854e+00
-5.733e+00
-5.732e+00
-5.732e+00
-5.732e+00
-5.732e+00
-5.732e+00
-5.732e+00
-5.732e+00
-5.732e+00
-5.732e+00
-5.732e+00
-5.732e+00
-5.732e+00
-5.732e+00
-5.732e+00
-5.732e+00
-5.732e+00
-5.732e+00
-5.733e+00
-5.618e+00
-5.854e+00
-5.733e+00
-5.732e+00
-5.732e+00
-5.732e+00
-5.732e+00
-5.732e+00
-5.732e+00
-5.732e+00
-5.732e+00
-5.732e+00
-5.732e+00
-5.732e+00
-5.732e+00
-5.732e+00
-5.732e+00
-5.732e+00
-5.732e+00
-5.732e+00
-5.733e+00
-5.618e+00
-5.854e+00
-5.733e+00
-5.732e+00
-5.732e+00
-5.732e+00
-5.732e+00
-5.732e+00
-5.732e+00
-5.732e+00
-5.732e+00
-5.732e+00
-5.732e+00
-5.732e+00
-5.732e+00
-5.732e+00
-5.732e+00
-5.732e+00
-5.732e+00
-5.732e+00
-5.733e+00
-5.618e+00
-5.857e+00
-5.733e+00
-5.733e+00
-5.733e+00
-5.733e+00
-5.733e+00
-5.733e+00
-5.733e+00
-5.733e+00
-5.733e+00
-5.733e+00
-5.733e+00
-5.733e+00
-5.733e+00
-5.733e+00
-5.733e+00
-5.733e+00
-5.733e+00
-5.733e+00
-5.733e+00
-5.618e+00
-5.740e+00
-5.621e+00
-5.618e+00
-5.618e+00
-5.618e+00
-5.618e+00
-5.618e+00
-5.618e+00
-5.618e+00
-5.618e+00
-5.618e+00
-5.618e+00
-5.618e+00
-5.618e+00
-5.618e+00
-5.618e+00
-5.618e+00
-5.618e+00
-5.618e+00
-5.618e+00
-5.562e+00
-7.214e+00
-6.168e+00
-6.168e+00
-6.168e+00
-6.168e+00
-6.168e+00
-6.168e+00
-6.168e+00
-6.168e+00
-6.168e+00
-6.168e+00
-6.168e+00
-6.168e+00
-6.168e+00
-6.168e+00
-6.168e+00
-6.168e+00
-6.168e+00
-6.168e+00
-6.166e+00
-4.926e+00
-6.168e+00
-4.926e+00
-4.926e+00
-4.926e+00
-4.926e+00
-4.926e+00
-4.926e+00
-4.926e+00
-4.926e+00
-4.926e+00
-4.926e+00
-4.926e+00
-4.926e+00
-4.926e+00
-4.926e+00
-4.926e+00
-4.926e+00
-4.926e+00
-4.926e+00
-4.926e+00
-4.218e+00
-6.168e+00
-4.926e+00
-4.926e+00
-4.926e+00
-4.926e+00
-4.926e+00
-4.926e+00
-4.926e+00
-4.926e+00
-4.926e+00
-4.926e+00
-4.926e+00
-4.926e+00
-4.926e+00
-4.926e+00
-4.926e+00
-4.926e+00
-4.926e+00
-4.926e+00
-4.926e+00
-4.219e+00
-6.168e+00
-4.926e+00
-4.926e+00
-4.926e+00
-4.926e+00
-4.926e+00
-4.926e+00
-4.926e+00
-4.926e+00
-4.926e+00
-4.926e+00
-4.926e+00
-4.926e+00
-4.926e+00
-4.926e+00
-4.926e+00
-4.926e+00
-4.926e+00
-4.926e+00
-4.926e+00
-4.219e+00
-6.168e+00
-4.926e+00
-4.926e+00
-4.926e+00
-4.926e+00
-4.926e+00
-4.926e+00
-4.926e+00
-4.926e+00
-4.926e+00
-4.926e+00
-4.926e+00
-4.926e+00
-4.926e+00
-4.926e+00
-4.926e+00
-4.926e+00
-4.926e+00
-4.926e+00
-4.926e+00
-4.219e+00
-6.168e+00
-4.926e+00
-4.926e+00
-4.926e+00
-4.926e+00
-4.926e+00
-4.926e+00
-4.926e+00
-4.926e+00
-4.926e+00
-4.926e+00
-4.926e+00
-4.926e+00
-4.926e+00
-4.926e+00
-4.926e+00
-4.926e+00
-4.926e+00
-4.926e+00
-4.926e+00
-4.219e+00
-6.168e+00
-4.926e+00
-4.926e+00
-4.926e+00
-4.926e+00
-4.926e+00
-4.926e+00
-4.926e+00
-4.926e+00
-4.926e+00
-4.926e+00
-4.926e+00
-4.926e+00
-4.926e+00
-4.926e+00
-4.926e+00
-4.926e+00
-4.926e+00
-4.926e+00
-4.926e+00
-4.219e+00
-6.168e+00
-4.926e+00
-4.926e+00
-4.926e+00
-4.926e+00
-4.926e+00
-4.926e+00
-4.926e+00
-4.926e+00
-4.926e+00
-4.926e+00
-4.926e+00
-4.926e+00
-4.926e+00
-4.926e+00
-4.926e+00
-4.926e+00
-4.926e+00
-4.926e+00
-4.926e+00
-4.219e+00
-6.168e+00
-4.926e+00
-4.926e+00
-4.926e+00
-4.926e+00
-4.926e+00
-4.926e+00
-4.926e+00
-4.926e+00
-4.926e+00
-4.926e+00
-4.926e+00
-4.926e+00
-4.926e+00
-4.926e+00
-4.926e+00
-4.926e+00
-4.926e+00
-4.926e+00
-4.926e+00
-4.219e+00
-6.145e+00
-4.922e+00
-4.922e+00
-4.922e+00
-4.922e+00
-4.922e+00
-4.922e+00
-4.922e+00
-4.922e+00
-4.922e+00
-4.922e+00
-4.922e+00
-4.922e+00
-4.922e+00
-4.922e+00
-4.922e+00
-4.922e+00
-4.922e+00
-4.922e+00
-4.921e+00
-4.218e+00
-2.340e+00
-2.252e+00
-2.254e+00
-2.254e+00
-2.254e+00
-2.254e+00
-2.254e+00
-2.254e+00
-2.254e+00
-2.254e+00
-2.254e+00
-2.254e+00
-2.254e+00
-2.254e+00
-2.254e+00
-2.254e+00
-2.254e+00
-2.254e+00
-2.254e+00
-2.253e+00
-2.190e+00
-2.340e+00
-2.257e+00
-2.258e+00
-2.258e+00
-2.258e+00
-2.258e+00
-2.258e+00
-2.258e+00
-2.258e+00
-2.258e+00
-2.258e+00
-2.258e+00
-2.258e+00
-2.258e+00
-2.258e+00
-2.258e+00
-2.258e+00
-2.258e+00
-2.258e+00
-2.258e+00
-2.196e+00
-2.340e+00
-2.257e+00
-2.258e+00
-2.258e+00
-2.258e+00
-2.258e+00
-2.258e+00
-2.258e+00
-2.258e+00
-2.258e+00
-2.258e+00
-2.258e+00
-2.258e+00
-2.258e+00
-2.258e+00
-2.258e+00
-2.258e+00
-2.258e+00
-2.258e+00
-2.258e+00
-2.196e+00
-2.340e+00
-2.257e+00
-2.258e+00
-2.258e+00
-2.258e+00
-2.258e+00
-2.258e+00
-2.258e+00
-2.258e+00
-2.258e+00
-2.258e+00
-2.258e+00
-2.258e+00
-2.258e+00
-2.258e+00
-2.258e+00
-2.258e+00
-2.258e+00
-2.258e+00
-2.258e+00
-2.196e+00
-2.340e+00
-2.257e+00
-2.258e+00
-2.258e+00
-2.258e+00
-2.258e+00
-2.258e+00
-2.258e+00
-2.258e+00
-2.258e+00
-2.258e+00
-2.258e+00
-2.258e+00
-2.258e+00
-2.258e+00
-2.258e+00
-2.258e+00
-2.258e+00
-2.258e+00
-2.258e+00
-2.196e+00
-2.340e+00
-2.257e+00
-2.258e+00
-2.258e+00
-2.258e+00
-2.258e+00
-2.258e+00
-2.258e+00
-2.258e+00
-2.258e+00
-2.258e+00
-2.258e+00
-2.258e+00
-2.258e+00
-2.258e+00
-2.258e+00
-2.258e+00
-2.258e+00
-2.258e+00
-2.258e+00
-2.196e+00
-2.340e+00
-2.257e+00
-2.258e+00
-2.258e+00
-2.258e+00
-2.258e+00
-2.258e+00
-2.258e+00
-2.258e+00
-2.258e+00
-2.258e+00
-2.258e+00
-2.258e+00
-2.258e+00
-2.258e+00
-2.258e+00
-2.258e+00
-2.258e+00
-2.258e+00
-2.258e+00
-2.196e+00
-2.340e+00
-2.257e+00
-2.258e+00
-2.258e+00
-2.258e+00
-2.258e+00
-2.258e+00
-2.258e+00
-2.258e+00
-2.258e+00
-2.258e+00
-2.258e+00
-2.258e+00
-2.258e+00
-2.258e+00
-2.258e+00
-2.258e+00
-2.258e+00
-2.258e+00
-2.258e+00
-2.196e+00
-2.340e+00
-2.257e+00
-2.258e+00
-2.258e+00
-2.258e+00
-2.258e+00
-2.258e+00
-2.258e+00
-2.258e+00
-2.258e+00
-2.258e+00
-2.258e+00
-2.258e+00
-2.258e+00
-2.258e+00
-2.258e+00
-2.258e+00
-2.258e+00
-2.258e+00
-2.258e+00
-2.196e+00
-2.340e+00
-2.257e+00
-2.258e+00
-2.258e+00
-2.258e+00
-2.258e+00
-2.258e+00
-2.258e+00
-2.258e+00
-2.258e+00
-2.258e+00
-2.258e+00
-2.258e+00
-2.258e+00
-2.258e+00
-2.258e+00
-2.258e+00
-2.258e+00
-2.258e+00
-2.258e+00
-2.196e+00
-2.254e+00
-2.195e+00
-2.196e+00
-2.196e+00
-2.196e+00
-2.196e+00
-2.196e+00
-2.196e+00
-2.196e+00
-2.196e+00
-2.196e+00
-2.196e+00
-2.196e+00
-2.196e+00
-2.196e+00
-2.196e+00
-2.196e+00
-2.196e+00
-2.196e+00
-2.196e+00
-2.173e+00
-3.130e+00
-3.126e+00
-3.126e+00
-3.126e+00
-3.126e+00
-3.126e+00
-3.126e+00
-3.126e+00
-3.126e+00
-3.126e+00
-3.126e+00
-3.126e+00
-3.126e+00
-3.126e+00
-3.126e+00
-3.126e+00
-3.126e+00
-3.126e+00
-3.126e+00
-3.126e+00
-3.125e+00
-3.126e+00
-3.123e+00
-3.123e+00
-3.123e+00
-3.123e+00
-3.123e+00
-3.123e+00
-3.123e+00
-3.123e+00
-3.123e+00
-3.123e+00
-3.123e+00
-3.123e+00
-3.123e+00
-3.123e+00
-3.123e+00
-3.123e+00
-3.123e+00
-3.123e+00
-3.123e+00
-3.119e+00
-3.126e+00
-3.123e+00
-3.123e+00
-3.123e+00
-3.123e+00
-3.123e+00
-3.123e+00
-3.123e+00
-3.123e+00
-3.123e+00
-3.123e+00
-3.123e+00
-3.123e+00
-3.123e+00
-3.123e+00
-3.123e+00
-3.123e+00
-3.123e+00
-3.123e+00
-3.123e+00
-3.119e+00
-3.126e+00
-3.123e+00
-3.123e+00
-3.123e+00
-3.123e+00
-3.123e+00
-3.123e+00
-3.123e+00
-3.123e+00
-3.123e+00
-3.123e+00
-3.123e+00
-3.123e+00
-3.123e+00
-3.123e+00
-3.123e+00
-3.123e+00
-3.123e+00
-3.123e+00
-3.123e+00
-3.119e+00
-3.126e+00
-3.123e+00
-3.123e+00
-3.123e+00
-3.123e+00
-3.123e+00
-3.123e+00
-3.123e+00
-3.123e+00
-3.123e+00
-3.123e+00
-3.123e+00
-3.123e+00
-3.123e+00
-3.123e+00
-3.123e+00
-3.123e+00
-3.123e+00
-3.123e+00
-3.123e+00
-3.119e+00
-3.126e+00
-3.123e+00
-3.123e+00
-3.123e+00
-3.123e+00
-3.123e+00
-3.123e+00
-3.123e+00
-3.123e+00
-3.123e+00
-3.123e+00
-3.123e+00
-3.123e+00
-3.123e+00
-3.123e+00
-3.123e+00
-3.123e+00
-3.123e+00
-3.123e+00
-3.123e+00
-3.119e+00
-3.126e+00
-3.123e+00
-3.123e+00
-3.123e+00
-3.123e+00
-3.123e+00
-3.123e+00
-3.123e+00
-3.123e+00
-3.123e+00
-3.123e+00
-3.123e+00
-3.123e+00
-3.123e+00
-3.123e+00
-3.123e+00
-3.123e+00
-3.123e+00
-3.123e+00
-3.123e+00
-3.119e+00
-3.126e+00
-3.123e+00
-3.123e+00
-3.123e+00
-3.123e+00
-3.123e+00
-3.123e+00
-3.123e+00
-3.123e+00
-3.123e+00
-3.123e+00
-3.123e+00
-3.123e+00
-3.123e+00
-3.123e+00
-3.123e+00
-3.123e+00
-3.123e+00
-3.123e+00
-3.123e+00
-3.119e+00
-3.126e+00
-3.123e+00
-3.123e+00
-3.123e+00
-3.123e+00
-3.123e+00
-3.123e+00
-3.123e+00
-3.123e+00
-3.123e+00
-3.123e+00
-3.123e+00
-3.123e+00
-3.123e+00
-3.123e+00
-3.123e+00
-3.123e+00
-3.123e+00
-3.123e+00
-3.123e+00
-3.119e+00
-3.125e+00
-3.119e+00
-3.119e+00
-3.119e+00
-3.119e+00
-3.119e+00
-3.119e+00
-3.119e+00
-3.119e+00
-3.119e+00
-3.119e+00
-3.119e+00
-3.119e+00
-3.119e+00
-3.119e+00
-3.119e+00
-3.119e+00
-3.119e+00
-3.119e+00
-3.119e+00
-3.117e+00
-1.583e+00
-1.581e+00
-1.581e+00
-1.581e+00
-1.581e+00
-1.581e+00
-1.581e+00
-1.581e+00
-1.581e+00
-1.581e+00
-1.581e+00
-1.581e+00
-1.581e+00
-1.581e+00
-1.581e+00
-1.581e+00
-1.581e+00
-1.581e+00
-1.581e+00
-1.581e+00
-1.581e+00
-1.581e+00
-1.583e+00
-1.583e+00
-1.583e+00
-1.583e+00
-1.583e+00
-1.583e+00
-1.583e+00
-1.583e+00
-1.583e+00
-1.583e+00
-1.583e+00
-1.583e+00
-1.583e+00
-1.583e+00
-1.583e+00
-1.583e+00
-1.583e+00
-1.583e+00
-1.583e+00
-1.583e+00
-1.581e+00
-1.583e+00
-1.583e+00
-1.583e+00
-1.583e+00
-1.583e+00
-1.583e+00
-1.583e+00
-1.583e+00
-1.583e+00
-1.583e+00
-1.583e+00
-1.583e+00
-1.583e+00
-1.583e+00
-1.583e+00
-1.583e+00
-1.583e+00
-1.583e+00
-1.583e+00
-1.583e+00
-1.581e+00
-1.583e+00
-1.583e+00
-1.583e+00
-1.583e+00
-1.583e+00
-1.583e+00
-1.583e+00
-1.583e+00
-1.583e+00
-1.583e+00
-1.583e+00
-1.583e+00
-1.583e+00
-1.583e+00
-1.583e+00
-1.583e+00
-1.583e+00
-1.583e+00
-1.583e+00
-1.583e+00
-1.581e+00
-1.583e+00
-1.583e+00
-1.583e+00
-1.583e+00
-1.583e+00
-1.583e+00
-1.583e+00
-1.583e+00
-1.583e+00
-1.583e+00
-1.583e+00
-1.583e+00
-1.583e+00
-1.583e+00
-1.583e+00
-1.583e+00
-1.583e+00
-1.583e+00
-1.583e+00
-1.583e+00
-1.581e+00
-1.583e+00
-1.583e+00
-1.583e+00
-1.583e+00
-1.583e+00
-1.583e+00
-1.583e+00
-1.583e+00
-1.583e+00
-1.583e+00
-1.583e+00
-1.583e+00
-1.583e+00
-1.583e+00
-1.583e+00
-1.583e+00
-1.583e+00
-1.583e+00
-1.583e+00
-1.583e+00
-1.581e+00
-1.583e+00
-1.583e+00
-1.583e+00
-1.583e+00
-1.583e+00
-1.583e+00
-1.583e+00
-1.583e+00
-1.583e+00
-1.583e+00
-1.583e+00
-1.583e+00
-1.583e+00
-1.583e+00
-1.583e+00
-1.583e+00
-1.583e+00
-1.583e+00
-1.583e+00
-1.583e+00
-1.581e+00
-1.583e+00
-1.583e+00
-1.583e+00
-1.583e+00
-1.583e+00
-1.583e+00
-1.583e+00
-1.583e+00
-1.583e+00
-1.583e+00
-1.583e+00
-1.583e+00
-1.583e+00
-1.583e+00
-1.583e+00
-1.583e+00
-1.583e+00
-1.583e+00
-1.583e+00
-1.583e+00
-1.581e+00
-1.583e+00
-1.583e+00
-1.583e+00
-1.583e+00
-1.583e+00
-1.583e+00
-1.583e+00
-1.583e+00
-1.583e+00
-1.583e+00
-1.583e+00
-1.583e+00
-1.583e+00
-1.583e+00
-1.583e+00
-1.583e+00
-1.583e+00
-1.583e+00
-1.583e+00
-1.583e+00
-1.581e+00
-1.583e+00
-1.583e+00
-1.583e+00
-1.583e+00
-1.583e+00
-1.583e+00
-1.583e+00
-1.583e+00
-1.583e+00
-1.583e+00
-1.583e+00
-1.583e+00
-1.583e+00
-1.583e+00
-1.583e+00
-1.583e+00
-1.583e+00
-1.583e+00
-1.583e+00
-1.583e+00
-1.583e+00
-1.583e+00
-1.583e+00
-1.583e+00
-1.583e+00
-1.583e+00
-1.583e+00
-1.583e+00
-1.583e+00
-1.583e+00
-1.583e+00
-1.583e+00
-1.583e+00
-1.583e+00
-1.583e+00
-1.583e+00
-1.583e+00
-1.583e+00
-1.583e+00
-1.583e+00
-1.583e+00
-2.431e+00
-2.343e+00
-2.343e+00
-2.343e+00
-2.343e+00
-2.343e+00
-2.343e+00
-2.343e+00
-2.343e+00
-2.343e+00
-2.343e+00
-2.343e+00
-2.343e+00
-2.343e+00
-2.343e+00
-2.343e+00
-2.343e+00
-2.343e+00
-2.343e+00
-2.343e+00
-2.212e+00
-2.343e+00
-2.212e+00
-2.212e+00
-2.212e+00
-2.212e+00
-2.212e+00
-2.212e+00
-2.212e+00
-2.212e+00
-2.212e+00
-2.212e+00
-2.212e+00
-2.212e+00
-2.212e+00
-2.212e+00
-2.212e+00
-2.212e+00
-2.212e+00
-2.212e+00
-2.212e+00
-2.117e+00
-2.343e+00
-2.212e+00
-2.212e+00
-2.212e+00
-2.212e+00
-2.212e+00
-2.212e+00
-2.212e+00
-2.212e+00
-2.212e+00
-2.212e+00
-2.212e+00
-2.212e+00
-2.212e+00
-2.212e+00
-2.212e+00
-2.212e+00
-2.212e+00
-2.212e+00
-2.212e+00
-2.117e+00
-2.343e+00
-2.212e+00
-2.212e+00
-2.212e+00
-2.212e+00
-2.212e+00
-2.212e+00
-2.212e+00
-2.212e+00
-2.212e+00
-2.212e+00
-2.212e+00
-2.212e+00
-2.212e+00
-2.212e+00
-2.212e+00
-2.212e+00
-2.212e+00
-2.212e+00
-2.212e+00
-2.117e+00
-2.343e+00
-2.212e+00
-2.212e+00
-2.212e+00
-2.212e+00
-2.212e+00
-2.212e+00
-2.212e+00
-2.212e+00
-2.212e+00
-2.212e+00
-2.212e+00
-2.212e+00
-2.212e+00
-2.212e+00
-2.212e+00
-2.212e+00
-2.212e+00
-2.212e+00
-2.212e+00
-2.117e+00
-2.343e+00
-2.212e+00
-2.212e+00
-2.212e+00
-2.212e+00
-2.212e+00
-2.212e+00
-2.212e+00
-2.212e+00
-2.212e+00
-2.212e+00
-2.212e+00
-2.212e+00
-2.212e+00
-2.212e+00
-2.212e+00
-2.212e+00
-2.212e+00
-2.212e+00
-2.212e+00
-2.117e+00
-2.343e+00
-2.212e+00
-2.212e+00
-2.212e+00
-2.212e+00
-2.212e+00
-2.212e+00
-2.212e+00
-2.212e+00
-2.212e+00
-2.212e+00
-2.212e+00
-2.212e+00
-2.212e+00
-2.212e+00
-2.212e+00
-2.212e+00
-2.212e+00
-2.212e+00
-2.212e+00
-2.117e+00
-2.343e+00
-2.212e+00
-2.212e+00
-2.212e+00
-2.212e+00
-2.212e+00
-2.212e+00
-2.212e+00
-2.212e+00
-2.212e+00
-2.212e+00
-2.212e+00
-2.212e+00
-2.212e+00
-2.212e+00
-2.212e+00
-2.212e+00
-2.212e+00
-2.212e+00
-2.212e+00
-2.117e+00
-2.343e+00
-2.212e+00
-2.212e+00
-2.212e+00
-2.212e+00
-2.212e+00
-2.212e+00
-2.212e+00
-2.212e+00
-2.212e+00
-2.212e+00
-2.212e+00
-2.212e+00
-2.212e+00
-2.212e+00
-2.212e+00
-2.212e+00
-2.212e+00
-2.212e+00
-2.212e+00
-2.117e+00
-2.343e+00
-2.211e+00
-2.211e+00
-2.211e+00
-2.211e+00
-2.211e+00
-2.211e+00
-2.211e+00
-2.211e+00
-2.211e+00
-2.211e+00
-2.211e+00
-2.211e+00
-2.211e+00
-2.211e+00
-2.211e+00
-2.211e+00
-2.211e+00
-2.211e+00
-2.211e+00
-2.116e+00
-1.450e+00
-1.452e+00
-1.452e+00
-1.452e+00
-1.452e+00
-1.452e+00
-1.452e+00
-1.452e+00
-1.452e+00
-1.452e+00
-1.452e+00
-1.452e+00
-1.452e+00
-1.452e+00
-1.452e+00
-1.452e+00
-1.452e+00
-1.452e+00
-1.452e+00
-1.452e+00
-1.455e+00
-1.450e+00
-1.451e+00
-1.451e+00
-1.451e+00
-1.451e+00
-1.451e+00
-1.451e+00
-1.451e+00
-1.451e+00
-1.451e+00
-1.451e+00
-1.451e+00
-1.451e+00
-1.451e+00
-1.451e+00
-1.451e+00
-1.451e+00
-1.451e+00
-1.451e+00
-1.451e+00
-1.454e+00
-1.450e+00
-1.451e+00
-1.451e+00
-1.451e+00
-1.451e+00
-1.451e+00
-1.451e+00
-1.451e+00
-1.451e+00
-1.451e+00
-1.451e+00
-1.451e+00
-1.451e+00
-1.451e+00
-1.451e+00
-1.451e+00
-1.451e+00
-1.451e+00
-1.451e+00
-1.451e+00
-1.454e+00
-1.450e+00
-1.451e+00
-1.451e+00
-1.451e+00
-1.451e+00
-1.451e+00
-1.451e+00
-1.451e+00
-1.451e+00
-1.451e+00
-1.451e+00
-1.451e+00
-1.451e+00
-1.451e+00
-1.451e+00
-1.451e+00
-1.451e+00
-1.451e+00
-1.451e+00
-1.451e+00
-1.454e+00
-1.450e+00
-1.451e+00
-1.451e+00
-1.451e+00
-1.451e+00
-1.451e+00
-1.451e+00
-1.451e+00
-1.451e+00
-1.451e+00
-1.451e+00
-1.451e+00
-1.451e+00
-1.451e+00
-1.451e+00
-1.451e+00
-1.451e+00
-1.451e+00
-1.451e+00
-1.451e+00
-1.454e+00
-1.450e+00
-1.451e+00
-1.451e+00
-1.451e+00
-1.451e+00
-1.451e+00
-1.451e+00
-1.451e+00
-1.451e+00
-1.451e+00
-1.451e+00
-1.451e+00
-1.451e+00
-1.451e+00
-1.451e+00
-1.451e+00
-1.451e+00
-1.451e+00
-1.451e+00
-1.451e+00
-1.454e+00
-1.450e+00
-1.451e+00
-1.451e+00
-1.451e+00
-1.451e+00
-1.451e+00
-1.451e+00
-1.451e+00
-1.451e+00
-1.451e+00
-1.451e+00
-1.451e+00
-1.451e+00
-1.451e+00
-1.451e+00
-1.451e+00
-1.451e+00
-1.451e+00
-1.451e+00
-1.451e+00
-1.454e+00
-1.450e+00
-1.451e+00
-1.451e+00
-1.451e+00
-1.451e+00
-1.451e+00
-1.451e+00
-1.451e+00
-1.451e+00
-1.451e+00
-1.451e+00
-1.451e+00
-1.451e+00
-1.451e+00
-1.451e+00
-1.451e+00
-1.451e+00
-1.451e+00
-1.451e+00
-1.451e+00
-1.454e+00
-1.450e+00
-1.451e+00
-1.451e+00
-1.451e+00
-1.451e+00
-1.451e+00
-1.451e+00
-1.451e+00
-1.451e+00
-1.451e+00
-1.451e+00
-1.451e+00
-1.451e+00
-1.451e+00
-1.451e+00
-1.451e+00
-1.451e+00
-1.451e+00
-1.451e+00
-1.451e+00
-1.454e+00
-1.450e+00
-1.451e+00
-1.451e+00
-1.451e+00
-1.451e+00
-1.451e+00
-1.451e+00
-1.451e+00
-1.451e+00
-1.451e+00
-1.451e+00
-1.451e+00
-1.451e+00
-1.451e+00
-1.451e+00
-1.451e+00
-1.451e+00
-1.451e+00
-1.451e+00
-1.451e+00
-1.454e+00
-1.451e+00
-1.454e+00
-1.454e+00
-1.454e+00
-1.454e+00
-1.454e+00
-1.454e+00
-1.454e+00
-1.454e+00
-1.454e+00
-1.454e+00
-1.454e+00
-1.454e+00
-1.454e+00
-1.454e+00
-1.454e+00
-1.454e+00
-1.454e+00
-1.454e+00
-1.454e+00
-1.455e+00
-1.321e+00
-1.321e+00
-1.321e+00
-1.321e+00
-1.321e+00
-1.321e+00
-1.321e+00
-1.321e+00
-1.321e+00
-1.321e+00
-1.321e+00
-1.321e+00
-1.321e+00
-1.321e+00
-1.321e+00
-1.321e+00
-1.321e+00
-1.321e+00
-1.321e+00
-1.321e+00
-1.321e+00
-1.321e+00
-1.321e+00
-1.321e+00
-1.321e+00
-1.321e+00
-1.321e+00
-1.321e+00
-1.321e+00
-1.321e+00
-1.321e+00
-1.321e+00
-1.321e+00
-1.321e+00
-1.321e+00
-1.321e+00
-1.321e+00
-1.321e+00
-1.321e+00
-1.321e+00
-1.321e+00
-1.320e+00
-1.321e+00
-1.321e+00
-1.321e+00
-1.321e+00
-1.321e+00
-1.321e+00
-1.321e+00
-1.321e+00
-1.321e+00
-1.321e+00
-1.321e+00
-1.321e+00
-1.321e+00
-1.321e+00
-1.321e+00
-1.321e+00
-1.321e+00
-1.321e+00
-1.321e+00
-1.321e+00
-1.320e+00
-1.321e+00
-1.321e+00
-1.321e+00
-1.321e+00
-1.321e+00
-1.321e+00
-1.321e+00
-1.321e+00
-1.321e+00
-1.321e+00
-1.321e+00
-1.321e+00
-1.321e+00
-1.321e+00
-1.321e+00
-1.321e+00
-1.321e+00
-1.321e+00
-1.321e+00
-1.321e+00
-1.320e+00
-1.321e+00
-1.321e+00
-1.321e+00
-1.321e+00
-1.321e+00
-1.321e+00
-1.321e+00
-1.321e+00
-1.321e+00
-1.321e+00
-1.321e+00
-1.321e+00
-1.321e+00
-1.321e+00
-1.321e+00
-1.321e+00
-1.321e+00
-1.321e+00
-1.321e+00
-1.321e+00
-1.320e+00
-1.321e+00
-1.321e+00
-1.321e+00
-1.321e+00
-1.321e+00
-1.321e+00
-1.321e+00
-1.321e+00
-1.321e+00
-1.321e+00
-1.321e+00
-1.321e+00
-1.321e+00
-1.321e+00
-1.321e+00
-1.321e+00
-1.321e+00
-1.321e+00
-1.321e+00
-1.321e+00
-1.320e+00
-1.321e+00
-1.321e+00
-1.321e+00
-1.321e+00
-1.321e+00
-1.321e+00
-1.321e+00
-1.321e+00
-1.321e+00
-1.321e+00
-1.321e+00
-1.321e+00
-1.321e+00
-1.321e+00
-1.321e+00
-1.321e+00
-1.321e+00
-1.321e+00
-1.321e+00
-1.321e+00
-1.320e+00
-1.321e+00
-1.321e+00
-1.321e+00
-1.321e+00
-1.321e+00
-1.321e+00
-1.321e+00
-1.321e+00
-1.321e+00
-1.321e+00
-1.321e+00
-1.321e+00
-1.321e+00
-1.321e+00
-1.321e+00
-1.321e+00
-1.321e+00
-1.321e+00
-1.321e+00
-1.321e+00
-1.320e+00
-1.321e+00
-1.321e+00
-1.321e+00
-1.321e+00
-1.321e+00
-1.321e+00
-1.321e+00
-1.321e+00
-1.321e+00
-1.321e+00
-1.321e+00
-1.321e+00
-1.321e+00
-1.321e+00
-1.321e+00
-1.321e+00
-1.321e+00
-1.321e+00
-1.321e+00
-1.321e+00
-1.320e+00
-1.321e+00
-1.320e+00
-1.320e+00
-1.320e+00
-1.320e+00
-1.320e+00
-1.320e+00
-1.320e+00
-1.320e+00
-1.320e+00
-1.320e+00
-1.320e+00
-1.320e+00
-1.320e+00
-1.320e+00
-1.320e+00
-1.320e+00
-1.320e+00
-1.320e+00
-1.320e+00
-1.320e+00
-1.160e+00
-1.160e+00
-1.160e+00
-1.160e+00
-1.160e+00
-1.160e+00
-1.160e+00
-1.160e+00
-1.160e+00
-1.160e+00
-1.160e+00
-1.160e+00
-1.160e+00
-1.160e+00
-1.160e+00
-1.160e+00
-1.160e+00
-1.160e+00
-1.160e+00
-1.160e+00
-1.160e+00
-1.160e+00
-1.160e+00
-1.160e+00
-1.160e+00
-1.160e+00
-1.160e+00
-1.160e+00
-1.160e+00
-1.160e+00
-1.160e+00
-1.160e+00
-1.160e+00
-1.160e+00
-1.160e+00
-1.160e+00
-1.160e+00
-1.160e+00
-1.160e+00
-1.160e+00
-1.160e+00
-1.160e+00
-1.160e+00
-1.160e+00
-1.160e+00
-1.160e+00
-1.160e+00
-1.160e+00
-1.160e+00
-1.160e+00
-1.160e+00
-1.160e+00
-1.160e+00
-1.160e+00
-1.160e+00
-1.160e+00
-1.160e+00
-1.160e+00
-1.160e+00
-1.160e+00
-1.160e+00
-1.160e+00
-1.160e+00
-1.160e+00
-1.160e+00
-1.160e+00
-1.160e+00
-1.160e+00
-1.160e+00
-1.160e+00
-1.160e+00
-1.160e+00
-1.160e+00
-1.160e+00
-1.160e+00
-1.160e+00
-1.160e+00
-1.160e+00
-1.160e+00
-1.160e+00
-1.160e+00
-1.160e+00
-1.160e+00
-1.160e+00
-1.160e+00
-1.160e+00
-1.160e+00
-1.160e+00
-1.160e+00
-1.160e+00
-1.160e+00
-1.160e+00
-1.160e+00
-1.160e+00
-1.160e+00
-1.160e+00
-1.160e+00
-1.160e+00
-1.160e+00
-1.160e+00
-1.160e+00
-1.160e+00
-1.160e+00
-1.160e+00
-1.160e+00
-1.160e+00
-1.160e+00
-1.160e+00
-1.160e+00
-1.160e+00
-1.160e+00
-1.160e+00
-1.160e+00
-1.160e+00
-1.160e+00
-1.160e+00
-1.160e+00
-1.160e+00
-1.160e+00
-1.160e+00
-1.160e+00
-1.160e+00
-1.160e+00
-1.160e+00
-1.160e+00
-1.160e+00
-1.160e+00
-1.160e+00
-1.160e+00
-1.160e+00
-1.160e+00
-1.160e+00
-1.160e+00
-1.160e+00
-1.160e+00
-1.160e+00
-1.160e+00
-1.160e+00
-1.160e+00
-1.160e+00
-1.160e+00
-1.160e+00
-1.160e+00
-1.160e+00
-1.160e+00
-1.160e+00
-1.160e+00
-1.160e+00
-1.160e+00
-1.160e+00
-1.160e+00
-1.160e+00
-1.160e+00
-1.160e+00
-1.160e+00
-1.160e+00
-1.160e+00
-1.160e+00
-1.160e+00
-1.160e+00
-1.160e+00
-1.160e+00
-1.160e+00
-1.160e+00
-1.160e+00
-1.160e+00
-1.160e+00
-1.160e+00
-1.160e+00
-1.160e+00
-1.160e+00
-1.160e+00
-1.160e+00
-1.160e+00
-1.160e+00
-1.160e+00
-1.160e+00
-1.160e+00
-1.160e+00
-1.160e+00
-1.160e+00
-1.160e+00
-1.160e+00
-1.160e+00
-1.160e+00
-1.160e+00
-1.160e+00
-1.160e+00
-1.160e+00
-1.160e+00
-1.160e+00
-1.160e+00
-1.160e+00
-1.160e+00
-1.160e+00
-1.160e+00
-1.160e+00
-1.160e+00
-1.160e+00
-1.160e+00
-1.160e+00
-1.160e+00
-1.160e+00
-1.160e+00
-1.160e+00
-1.160e+00
-1.160e+00
-1.160e+00
-1.160e+00
-1.160e+00
-1.160e+00
-1.160e+00
-1.160e+00
-1.160e+00
-1.160e+00
-1.160e+00
-1.160e+00
-1.160e+00
-1.160e+00
-1.160e+00
-1.160e+00
-1.160e+00
-1.160e+00
-1.160e+00
-1.160e+00
-1.160e+00
-1.160e+00
-1.160e+00
-1.160e+00
-1.160e+00
-1.160e+00
-8.608e-01
-8.608e-01
-8.608e-01
-8.608e-01
-8.608e-01
-8.608e-01
-8.608e-01
-8.608e-01
-8.608e-01
-8.608e-01
-8.608e-01
-8.608e-01
-8.608e-01
-8.608e-01
-8.608e-01
-8.608e-01
-8.608e-01
-8.608e-01
-8.608e-01
-8.608e-01
-8.609e-01
-8.608e-01
-8.609e-01
-8.609e-01
-8.609e-01
-8.609e-01
-8.609e-01
-8.609e-01
-8.609e-01
-8.609e-01
-8.609e-01
-8.609e-01
-8.609e-01
-8.609e-01
-8.609e-01
-8.609e-01
-8.609e-01
-8.609e-01
-8.609e-01
-8.609e-01
-8.609e-01
-8.609e-01
-8.608e-01
-8.609e-01
-8.608e-01
-8.609e-01
-8.609e-01
-8.609e-01
-8.609e-01
-8.609e-01
-8.609e-01
-8.609e-01
-8.609e-01
-8.609e-01
-8.609e-01
-8.609e-01
-8.609e-01
-8.609e-01
-8.609e-01
-8.609e-01
-8.609e-01
-8.609e-01
-8.609e-01
-8.608e-01
-8.609e-01
-8.609e-01
-8.609e-01
-8.609e-01
-8.609e-01
-8.609e-01
-8.609e-01
-8.609e-01
-8.609e-01
-8.609e-01
-8.609e-01
-8.609e-01
-8.609e-01
-8.609e-01
-8.609e-01
-8.609e-01
-8.609e-01
-8.609e-01
-8.609e-01
-8.609e-01
-8.608e-01
-8.609e-01
-8.609e-01
-8.609e-01
-8.609e-01
-8.609e-01
-8.609e-01
-8.609e-01
-8.609e-01
-8.609e-01
-8.609e-01
-8.609e-01
-8.609e-01
-8.609e-01
-8.609e-01
-8.609e-01
-8.609e-01
-8.609e-01
-8.609e-01
-8.609e-01
-8.609e-01
-8.608e-01
-8.609e-01
-8.609e-01
-8.609e-01
-8.609e-01
-8.609e-01
-8.609e-01
-8.609e-01
-8.609e-01
-8.609e-01
-8.609e-01
-8.609e-01
-8.609e-01
-8.609e-01
-8.609e-01
-8.609e-01
-8.609e-01
-8.609e-01
-8.609e-01
-8.609e-01
-8.609e-01
-8.608e-01
-8.609e-01
-8.609e-01
-8.609e-01
-8.609e-01
-8.609e-01
-8.609e-01
-8.609e-01
-8.609e-01
-8.609e-01
-8.609e-01
-8.609e-01
-8.609e-01
-8.609e-01
-8.609e-01
-8.609e-01
-8.609e-01
-8.609e-01
-8.609e-01
-8.609e-01
-8.609e-01
-8.608e-01
-8.609e-01
-8.609e-01
-8.609e-01
-8.609e-01
-8.609e-01
-8.609e-01
-8.609e-01
-8.609e-01
-8.609e-01
-8.609e-01
-8.609e-01
-8.609e-01
-8.609e-01
-8.609e-01
-8.609e-01
-8.609e-01
-8.609e-01
-8.609e-01
-8.609e-01
-8.609e-01
-8.608e-01
-8.609e-01
-8.609e-01
-8.609e-01
-8.609e-01
-8.609e-01
-8.609e-01
-8.609e-01
-8.609e-01
-8.609e-01
-8.609e-01
-8.609e-01
-8.609e-01
-8.609e-01
-8.609e-01
-8.609e-01
-8.609e-01
-8.609e-01
-8.609e-01
-8.609e-01
-8.609e-01
-8.608e-01
-8.609e-01
-8.609e-01
-8.609e-01
-8.609e-01
-8.609e-01
-8.609e-01
-8.609e-01
-8.609e-01
-8.609e-01
-8.609e-01
-8.609e-01
-8.609e-01
-8.609e-01
-8.609e-01
-8.609e-01
-8.609e-01
-8.609e-01
-8.609e-01
-8.609e-01
-8.609e-01
-8.600e-01
-8.600e-01
-8.600e-01
-8.600e-01
-8.600e-01
-8.600e-01
-8.600e-01
-8.600e-01
-8.600e-01
-8.600e-01
-8.600e-01
-8.600e-01
-8.600e-01
-8.600e-01
-8.600e-01
-8.600e-01
-8.600e-01
-8.600e-01
-8.600e-01
-8.600e-01
-8.600e-01
-8.600e-01
-8.600e-01
-8.600e-01
-8.600e-01
-8.600e-01
-8.600e-01
-8.600e-01
-8.600e-01
-8.600e-01
-8.600e-01
-8.600e-01
-8.600e-01
-8.600e-01
-8.600e-01
-8.600e-01
-8.600e-01
-8.600e-01
-8.600e-01
-8.600e-01
-8.600e-01
-8.600e-01
-8.600e-01
-8.600e-01
-8.600e-01
-8.600e-01
-8.600e-01
-8.600e-01
-8.600e-01
-8.600e-01
-8.600e-01
-8.600e-01
-8.600e-01
-8.600e-01
-8.600e-01
-8.600e-01
-8.600e-01
-8.600e-01
-8.600e-01
-8.600e-01
-8.600e-01
-8.600e-01
-8.600e-01
-8.600e-01
-8.600e-01
-8.600e-01
-8.600e-01
-8.600e-01
-8.600e-01
-8.600e-01
-8.600e-01
-8.600e-01
-8.600e-01
-8.600e-01
-8.600e-01
-8.600e-01
-8.600e-01
-8.600e-01
-8.600e-01
-8.600e-01
-8.600e-01
-8.600e-01
-8.600e-01
-8.600e-01
-8.600e-01
-8.600e-01
-8.600e-01
-8.600e-01
-8.600e-01
-8.600e-01
-8.600e-01
-8.600e-01
-8.600e-01
-8.600e-01
-8.600e-01
-8.600e-01
-8.600e-01
-8.600e-01
-8.600e-01
-8.600e-01
-8.600e-01
-8.600e-01
-8.600e-01
-8.600e-01
-8.600e-01
-8.600e-01
-8.600e-01
-8.600e-01
-8.600e-01
-8.600e-01
-8.600e-01
-8.600e-01
-8.600e-01
-8.600e-01
-8.600e-01
-8.600e-01
-8.600e-01
-8.600e-01
-8.600e-01
-8.600e-01
-8.600e-01
-8.600e-01
-8.600e-01
-8.600e-01
-8.600e-01
-8.600e-01
-8.600e-01
-8.600e-01
-8.600e-01
-8.600e-01
-8.600e-01
-8.600e-01
-8.600e-01
-8.600e-01
-8.600e-01
-8.600e-01
-8.600e-01
-8.600e-01
-8.600e-01
-8.600e-01
-8.600e-01
-8.600e-01
-8.600e-01
-8.600e-01
-8.600e-01
-8.600e-01
-8.600e-01
-8.600e-01
-8.600e-01
-8.600e-01
-8.600e-01
-8.600e-01
-8.600e-01
-8.600e-01
-8.600e-01
-8.600e-01
-8.600e-01
-8.600e-01
-8.600e-01
-8.600e-01
-8.600e-01
-8.600e-01
-8.600e-01
-8.600e-01
-8.600e-01
-8.600e-01
-8.600e-01
-8.600e-01
-8.600e-01
-8.600e-01
-8.600e-01
-8.600e-01
-8.600e-01
-8.600e-01
-8.600e-01
-8.600e-01
-8.600e-01
-8.600e-01
-8.600e-01
-8.600e-01
-8.600e-01
-8.600e-01
-8.600e-01
-8.600e-01
-8.600e-01
-8.600e-01
-8.600e-01
-8.600e-01
-8.600e-01
-8.600e-01
-8.600e-01
-8.600e-01
-8.600e-01
-8.600e-01
-8.600e-01
-8.600e-01
-8.600e-01
-8.600e-01
-8.600e-01
-8.600e-01
-8.600e-01
-8.600e-01
-8.600e-01
-8.600e-01
-8.600e-01
-8.600e-01
-8.600e-01
-8.600e-01
-8.600e-01
-8.600e-01
-8.600e-01
-8.600e-01
-8.600e-01
-8.600e-01
-8.600e-01
-8.600e-01
-8.600e-01
-8.600e-01
-8.600e-01
-8.600e-01
-8.600e-01
-8.600e-01
-8.600e-01
-8.600e-01
-8.600e-01
-8.600e-01
-8.600e-01
-8.600e-01
-8.600e-01
-8.600e-01
-8.600e-01
-2.600e-01
-2.600e-01
-2.600e-01
-2.600e-01
-2.600e-01
-2.600e-01
-2.600e-01
-2.600e-01
-2.600e-01
-2.600e-01
-2.600e-01
-2.600e-01
-2.600e-01
-2.600e-01
-2.600e-01
-2.600e-01
-2.600e-01
-2.600e-01
-2.600e-01
-2.600e-01
-2.600e-01
-2.600e-01
-2.600e-01
-2.600e-01
-2.600e-01
-2.600e-01
-2.600e-01
-2.600e-01
-2.600e-01
-2.600e-01
-2.600e-01
-2.600e-01
-2.600e-01
-2.600e-01
-2.600e-01
-2.600e-01
-2.600e-01
-2.600e-01
-2.600e-01
-2.600e-01
-2.600e-01
-2.600e-01
-2.600e-01
-2.600e-01
-2.600e-01
-2.600e-01
-2.600e-01
-2.600e-01
-2.600e-01
-2.600e-01
-2.600e-01
-2.600e-01
-2.600e-01
-2.600e-01
-2.600e-01
-2.600e-01
-2.600e-01
-2.600e-01
-2.600e-01
-2.600e-01
-2.600e-01
-2.600e-01
-2.600e-01
-2.600e-01
-2.600e-01
-2.600e-01
-2.600e-01
-2.600e-01
-2.600e-01
-2.600e-01
-2.600e-01
-2.600e-01
-2.600e-01
-2.600e-01
-2.600e-01
-2.600e-01
-2.600e-01
-2.600e-01
-2.600e-01
-2.600e-01
-2.600e-01
-2.600e-01
-2.600e-01
-2.600e-01
-2.600e-01
-2.600e-01
-2.600e-01
-2.600e-01
-2.600e-01
-2.600e-01
-2.600e-01
-2.600e-01
-2.600e-01
-2.600e-01
-2.600e-01
-2.600e-01
-2.600e-01
-2.600e-01
-2.600e-01
-2.600e-01
-2.600e-01
-2.600e-01
-2.600e-01
-2.600e-01
-2.600e-01
-2.600e-01
-2.600e-01
-2.600e-01
-2.600e-01
-2.600e-01
-2.600e-01
-2.600e-01
-2.600e-01
-2.600e-01
-2.600e-01
-2.600e-01
-2.600e-01
-2.600e-01
-2.600e-01
-2.600e-01
-2.600e-01
-2.600e-01
-2.600e-01
-2.600e-01
-2.600e-01
-2.600e-01
-2.600e-01
-2.600e-01
-2.600e-01
-2.600e-01
-2.600e-01
-2.600e-01
-2.600e-01
-2.600e-01
-2.600e-01
-2.600e-01
-2.600e-01
-2.600e-01
-2.600e-01
-2.600e-01
-2.600e-01
-2.600e-01
-2.600e-01
-2.600e-01
-2.600e-01
-2.600e-01
-2.600e-01
-2.600e-01
-2.600e-01
-2.600e-01
-2.600e-01
-2.600e-01
-2.600e-01
-2.600e-01
-2.600e-01
-2.600e-01
-2.600e-01
-2.600e-01
-2.600e-01
-2.600e-01
-2.600e-01
-2.600e-01
-2.600e-01
-2.600e-01
-2.600e-01
-2.600e-01
-2.600e-01
-2.600e-01
-2.600e-01
-2.600e-01
-2.600e-01
-2.600e-01
-2.600e-01
-2.600e-01
-2.600e-01
-2.600e-01
-2.600e-01
-2.600e-01
-2.600e-01
-2.600e-01
-2.600e-01
-2.600e-01
-2.600e-01
-2.600e-01
-2.600e-01
-2.600e-01
-2.600e-01
-2.600e-01
-2.600e-01
-2.600e-01
-2.600e-01
-2.600e-01
-2.600e-01
-2.600e-01
-2.600e-01
-2.600e-01
-2.600e-01
-2.600e-01
-2.600e-01
-2.600e-01
-2.600e-01
-2.600e-01
-2.600e-01
-2.600e-01
-2.600e-01
-2.600e-01
-2.600e-01
-2.600e-01
-2.600e-01
-2.600e-01
-2.600e-01
-2.600e-01
-2.600e-01
-2.600e-01
-2.600e-01
-2.600e-01
-2.600e-01
-2.600e-01
-2.600e-01
-2.600e-01
-2.600e-01
-2.600e-01
-2.600e-01
-2.600e-01
-2.600e-01
-2.600e-01
-2.600e-01
-2.600e-01
-2.600e-01
-2.600e-01
-2.600e-01
-2.600e-01
-2.600e-01
-2.600e-01
-2.600e-01
-2.600e-01
-2.600e-01
-2.600e-01
-2.600e-01
-2.600e-01
-2.600e-01
-2.600e-01
-2.600e-01
-2.600e-01
-2.600e-01
-2.600e-01
-2.600e-01
-2.600e-01
-2.600e-01
-2.600e-01
-2.600e-01
-2.600e-01
-2.600e-01
-2.600e-01
-2.600e-01
-2.600e-01
-2.600e-01
-2.600e-01
-2.600e-01
-2.600e-01
-2.600e-01
-2.600e-01
-2.600e-01
-2.600e-01
-2.600e-01
-2.600e-01
-2.600e-01
-2.600e-01
-2.600e-01
-2.600e-01
-2.600e-01
-2.600e-01
-2.600e-01
-2.600e-01
-2.600e-01
-2.600e-01
-2.600e-01
-2.600e-01
-2.600e-01
-2.600e-01
-2.600e-01
-2.600e-01
-2.600e-01
-2.600e-01
-2.600e-01
-2.600e-01
-2.600e-01
-2.600e-01
-2.600e-01
-2.600e-01
-2.600e-01
-2.600e-01
-2.600e-01
-2.600e-01
-2.600e-01
-2.600e-01
-2.600e-01
-2.600e-01
-2.600e-01
-2.600e-01
-2.600e-01
-2.600e-01
-2.600e-01
-2.600e-01
-2.600e-01
-2.600e-01
-2.600e-01
-2.600e-01
-2.600e-01
-2.600e-01
-2.600e-01
-2.600e-01
-2.600e-01
-2.600e-01
-2.600e-01
-2.600e-01
-2.600e-01
-2.600e-01
-2.600e-01
-2.600e-01
-2.600e-01
-2.600e-01
-2.600e-01
-2.600e-01
-2.600e-01
-2.600e-01
-2.600e-01
-2.600e-01
-2.600e-01
-2.600e-01
-2.600e-01
-2.600e-01
-2.600e-01
-2.600e-01
-2.600e-01
-2.600e-01
-2.600e-01
-2.600e-01
-2.600e-01
-2.600e-01
-2.600e-01
-2.600e-01
-2.600e-01
-2.600e-01
-2.600e-01
-2.600e-01
-2.600e-01
-2.600e-01
-2.600e-01
-2.600e-01
-2.600e-01
-2.600e-01
-2.600e-01
-2.600e-01
-2.600e-01
-2.600e-01
-2.600e-01
-2.600e-01
-2.600e-01
-2.600e-01
-2.600e-01
-2.600e-01
-2.600e-01
-2.600e-01
-2.600e-01
-2.600e-01
-2.600e-01
-2.600e-01
-2.600e-01
-2.600e-01
-2.600e-01
-2.600e-01
-2.600e-01
-2.600e-01
-2.600e-01
-2.600e-01
-2.600e-01
-2.600e-01
-2.600e-01
-2.600e-01
-2.600e-01
-2.600e-01
-2.600e-01
-2.600e-01
-2.600e-01
-2.600e-01
-2.600e-01
-2.600e-01
-2.600e-01
-2.600e-01
-2.600e-01
-2.600e-01
-2.600e-01
-2.600e-01
-2.600e-01
-2.600e-01
-2.600e-01
-2.600e-01
-2.600e-01
-2.600e-01
-2.600e-01
-2.600e-01
-2.600e-01
-2.600e-01
-2.600e-01
-2.600e-01
-2.600e-01
-2.600e-01
-2.600e-01
-2.600e-01
-2.600e-01
-2.600e-01
-2.600e-01
-2.600e-01
-2.600e-01
-2.600e-01
-2.600e-01
-2.600e-01
-2.597e-01
-2.597e-01
-2.600e-01
-2.600e-01
-2.600e-01
-2.600e-01
-2.600e-01
-2.600e-01
-2.600e-01
-2.600e-01
-2.600e-01
-2.600e-01
-2.600e-01
-2.600e-01
-2.600e-01
-2.600e-01
-2.600e-01
-2.600e-01
-2.600e-01
-2.600e-01
-2.600e-01
-2.597e-01
-2.590e-01
3.400e-01
3.400e-01
3.400e-01
3.400e-01
3.400e-01
3.400e-01
3.400e-01
3.400e-01
3.400e-01
3.400e-01
3.400e-01
3.400e-01
3.400e-01
3.400e-01
3.400e-01
3.400e-01
3.400e-01
3.400e-01
3.400e-01
3.400e-01
3.400e-01
3.400e-01
3.400e-01
3.400e-01
3.400e-01
3.400e-01
3.400e-01
3.400e-01
3.400e-01
3.400e-01
3.400e-01
3.400e-01
3.400e-01
3.400e-01
3.400e-01
3.400e-01
3.400e-01
3.400e-01
3.400e-01
3.400e-01
3.400e-01
3.400e-01
3.400e-01
3.400e-01
3.400e-01
3.400e-01
3.400e-01
3.400e-01
3.400e-01
3.400e-01
3.400e-01
3.400e-01
3.400e-01
3.400e-01
3.400e-01
3.400e-01
3.400e-01
3.400e-01
3.400e-01
3.400e-01
3.400e-01
3.400e-01
3.400e-01
3.400e-01
3.400e-01
3.400e-01
3.400e-01
3.400e-01
3.400e-01
3.400e-01
3.400e-01
3.400e-01
3.400e-01
3.400e-01
3.400e-01
3.400e-01
3.400e-01
3.400e-01
3.400e-01
3.400e-01
3.400e-01
3.400e-01
3.400e-01
3.400e-01
3.400e-01
3.400e-01
3.400e-01
3.400e-01
3.400e-01
3.400e-01
3.400e-01
3.400e-01
3.400e-01
3.400e-01
3.400e-01
3.400e-01
3.400e-01
3.400e-01
3.400e-01
3.400e-01
3.400e-01
3.400e-01
3.400e-01
3.400e-01
3.400e-01
3.400e-01
3.400e-01
3.400e-01
3.400e-01
3.400e-01
3.400e-01
3.400e-01
3.400e-01
3.400e-01
3.400e-01
3.400e-01
3.400e-01
3.400e-01
3.400e-01
3.400e-01
3.400e-01
3.400e-01
3.400e-01
3.400e-01
3.400e-01
3.400e-01
3.400e-01
3.400e-01
3.400e-01
3.400e-01
3.400e-01
3.400e-01
3.400e-01
3.400e-01
3.400e-01
3.400e-01
3.400e-01
3.400e-01
3.400e-01
3.400e-01
3.400e-01
3.400e-01
3.400e-01
3.400e-01
3.400e-01
3.400e-01
3.400e-01
3.400e-01
3.400e-01
3.400e-01
3.400e-01
3.400e-01
3.400e-01
3.400e-01
3.400e-01
3.400e-01
3.400e-01
3.400e-01
3.400e-01
3.400e-01
3.400e-01
3.400e-01
3.400e-01
3.400e-01
3.400e-01
3.400e-01
3.400e-01
3.400e-01
3.400e-01
3.400e-01
3.400e-01
3.400e-01
3.400e-01
3.400e-01
3.400e-01
3.400e-01
3.400e-01
3.400e-01
3.400e-01
3.400e-01
3.400e-01
3.400e-01
3.400e-01
3.400e-01
3.400e-01
3.400e-01
3.400e-01
3.400e-01
3.400e-01
3.400e-01
3.400e-01
3.400e-01
3.400e-01
3.400e-01
3.400e-01
3.400e-01
3.400e-01
3.400e-01
3.400e-01
3.400e-01
3.400e-01
3.400e-01
3.400e-01
3.400e-01
3.400e-01
3.400e-01
3.400e-01
3.400e-01
3.400e-01
3.400e-01
3.400e-01
3.400e-01
3.400e-01
3.400e-01
3.400e-01
3.400e-01
3.400e-01
3.400e-01
3.400e-01
3.400e-01
3.400e-01
3.400e-01
3.400e-01
3.400e-01
3.400e-01
3.400e-01
3.400e-01
3.400e-01
3.400e-01
3.400e-01
3.400e-01
3.400e-01
3.400e-01
3.400e-01
3.400e-01
3.400e-01
3.400e-01
3.400e-01
3.400e-01
3.400e-01
3.400e-01
3.400e-01
3.400e-01
3.400e-01
3.400e-01
3.400e-01
3.400e-01
3.400e-01
3.400e-01
3.400e-01
3.400e-01
3.400e-01
3.400e-01
3.400e-01
3.400e-01
3.400e-01
3.400e-01
3.400e-01
3.400e-01
3.400e-01
3.400e-01
3.400e-01
3.400e-01
3.400e-01
3.400e-01
3.400e-01
3.400e-01
3.400e-01
3.400e-01
3.400e-01
3.400e-01
3.400e-01
3.400e-01
3.400e-01
3.400e-01
3.400e-01
3.400e-01
3.400e-01
3.400e-01
3.400e-01
3.400e-01
3.400e-01
3.400e-01
3.400e-01
3.400e-01
3.400e-01
3.400e-01
3.400e-01
3.400e-01
3.400e-01
3.400e-01
3.400e-01
3.400e-01
3.400e-01
3.400e-01
3.400e-01
3.400e-01
3.400e-01
3.400e-01
3.400e-01
3.400e-01
3.400e-01
3.400e-01
3.400e-01
3.400e-01
3.400e-01
3.400e-01
3.400e-01
3.400e-01
3.400e-01
3.400e-01
3.400e-01
3.400e-01
3.400e-01
3.400e-01
3.400e-01
3.400e-01
3.400e-01
3.400e-01
3.400e-01
3.400e-01
3.400e-01
3.400e-01
3.400e-01
3.400e-01
3.400e-01
3.400e-01
3.400e-01
3.400e-01
3.400e-01
3.400e-01
3.400e-01
3.400e-01
3.400e-01
3.400e-01
3.400e-01
3.400e-01
3.400e-01
3.400e-01
3.400e-01
3.400e-01
3.400e-01
3.400e-01
3.400e-01
3.400e-01
3.400e-01
3.400e-01
3.400e-01
3.400e-01
3.400e-01
3.400e-01
3.400e-01
3.400e-01
3.400e-01
3.400e-01
3.400e-01
3.400e-01
3.400e-01
3.400e-01
3.400e-01
3.400e-01
3.400e-01
3.400e-01
3.400e-01
3.400e-01
3.400e-01
3.400e-01
3.400e-01
3.400e-01
3.400e-01
3.400e-01
3.400e-01
3.400e-01
3.400e-01
3.400e-01
3.400e-01
3.400e-01
3.400e-01
3.400e-01
3.400e-01
3.400e-01
3.400e-01
3.400e-01
3.400e-01
3.400e-01
3.400e-01
3.400e-01
3.400e-01
3.400e-01
3.400e-01
3.400e-01
3.400e-01
3.400e-01
3.400e-01
3.400e-01
3.400e-01
3.400e-01
3.400e-01
3.400e-01
3.400e-01
3.400e-01
3.400e-01
3.400e-01
3.400e-01
3.400e-01
3.400e-01
3.400e-01
3.400e-01
3.400e-01
3.400e-01
3.400e-01
3.400e-01
3.400e-01
3.400e-01
3.400e-01
3.400e-01
3.400e-01
3.400e-01
3.403e-01
3.403e-01
3.400e-01
3.400e-01
3.400e-01
3.400e-01
3.400e-01
3.400e-01
3.400e-01
3.400e-01
3.400e-01
3.400e-01
3.400e-01
3.400e-01
3.400e-01
3.400e-01
3.400e-01
3.400e-01
3.400e-01
3.400e-01
3.400e-01
3.403e-01
3.410e-01
1.000e+00
1.000e+00
1.000e+00
1.000e+00
1.000e+00
1.000e+00
1.000e+00
1.000e+00
1.000e+00
1.000e+00
1.000e+00
1.000e+00
1.000e+00
1.000e+00
1.000e+00
1.000e+00
1.000e+00
1.000e+00
1.000e+00
1.000e+00
1.000e+00
1.000e+00
1.000e+00
1.000e+00
1.000e+00
1.000e+00
1.000e+00
1.000e+00
1.000e+00
1.000e+00
1.000e+00
1.000e+00
1.000e+00
1.000e+00
1.000e+00
1.000e+00
1.000e+00
1.000e+00
1.000e+00
1.000e+00
1.000e+00
1.000e+00
1.000e+00
1.000e+00
1.000e+00
1.000e+00
1.000e+00
1.000e+00
1.000e+00
1.000e+00
1.000e+00
1.000e+00
1.000e+00
1.000e+00
1.000e+00
1.000e+00
1.000e+00
1.000e+00
1.000e+00
1.000e+00
1.000e+00
1.000e+00
1.000e+00
1.000e+00
1.000e+00
1.000e+00
1.000e+00
1.000e+00
1.000e+00
1.000e+00
1.000e+00
1.000e+00
1.000e+00
1.000e+00
1.000e+00
1.000e+00
1.000e+00
1.000e+00
1.000e+00
1.000e+00
1.000e+00
1.000e+00
1.000e+00
1.000e+00
1.000e+00
1.000e+00
1.000e+00
1.000e+00
1.000e+00
1.000e+00
1.000e+00
1.000e+00
1.000e+00
1.000e+00
1.000e+00
1.000e+00
1.000e+00
1.000e+00
1.000e+00
1.000e+00
1.000e+00
1.000e+00
1.000e+00
1.000e+00
1.000e+00
1.000e+00
1.000e+00
1.000e+00
1.000e+00
1.000e+00
1.000e+00
1.000e+00
1.000e+00
1.000e+00
1.000e+00
1.000e+00
1.000e+00
1.000e+00
1.000e+00
1.000e+00
1.000e+00
1.000e+00
1.000e+00
1.000e+00
1.000e+00
1.000e+00
1.000e+00
1.000e+00
1.000e+00
1.000e+00
1.000e+00
1.000e+00
1.000e+00
1.000e+00
1.000e+00
1.000e+00
1.000e+00
1.000e+00
1.000e+00
1.000e+00
1.000e+00
1.000e+00
1.000e+00
1.000e+00
1.000e+00
1.000e+00
1.000e+00
1.000e+00
1.000e+00
1.000e+00
1.000e+00
1.000e+00
1.000e+00
1.000e+00
1.000e+00
1.000e+00
1.000e+00
1.000e+00
1.000e+00
1.000e+00
1.000e+00
1.000e+00
1.000e+00
1.000e+00
1.000e+00
1.000e+00
1.000e+00
1.000e+00
1.000e+00
1.000e+00
1.000e+00
1.000e+00
1.000e+00
1.000e+00
1.000e+00
1.000e+00
1.000e+00
1.000e+00
1.000e+00
1.000e+00
1.000e+00
1.000e+00
1.000e+00
1.000e+00
1.000e+00
1.000e+00
1.000e+00
1.000e+00
1.000e+00
1.000e+00
1.000e+00
1.000e+00
1.000e+00
1.000e+00
1.000e+00
1.000e+00
1.000e+00
1.000e+00
1.000e+00
1.000e+00
1.000e+00
1.000e+00
1.000e+00
1.000e+00
1.000e+00
1.000e+00
1.000e+00
1.000e+00
1.000e+00
1.000e+00
1.000e+00
1.000e+00
1.000e+00
1.000e+00
1.000e+00
1.000e+00
1.000e+00
1.000e+00
1.000e+00
1.000e+00
1.000e+00
1.000e+00
1.000e+00
1.000e+00
1.000e+00
1.000e+00
1.000e+00
1.000e+00
1.000e+00
1.000e+00
1.000e+00
1.000e+00
1.000e+00
1.000e+00
1.000e+00
1.000e+00
1.000e+00
1.000e+00
1.000e+00
1.000e+00
1.000e+00
1.000e+00
1.000e+00
1.000e+00
1.000e+00
1.000e+00
1.000e+00
1.000e+00
1.000e+00
1.000e+00
1.000e+00
1.000e+00
1.000e+00
1.000e+00
1.000e+00
1.000e+00
1.000e+00
1.000e+00
1.000e+00
1.000e+00
1.000e+00
1.000e+00
1.000e+00
1.000e+00
1.000e+00
1.000e+00
1.000e+00
1.000e+00
1.000e+00
1.000e+00
1.000e+00
1.000e+00
1.000e+00
1.000e+00
1.000e+00
1.000e+00
1.000e+00
1.000e+00
1.000e+00
1.000e+00
1.000e+00
1.000e+00
1.000e+00
1.000e+00
1.000e+00
1.000e+00
1.000e+00
1.000e+00
1.000e+00
1.000e+00
1.000e+00
1.000e+00
1.000e+00
1.000e+00
1.000e+00
1.000e+00
1.000e+00
1.000e+00
1.000e+00
1.000e+00
1.000e+00
1.000e+00
1.000e+00
1.000e+00
1.000e+00
1.000e+00
1.000e+00
1.000e+00
1.000e+00
1.000e+00
1.000e+00
1.000e+00
1.000e+00
1.000e+00
1.000e+00
1.000e+00
1.000e+00
1.000e+00
1.000e+00
1.000e+00
1.000e+00
1.000e+00
1.000e+00
1.000e+00
1.000e+00
1.000e+00
1.000e+00
1.000e+00
1.000e+00
1.000e+00
1.000e+00
1.000e+00
1.000e+00
1.000e+00
1.000e+00
1.000e+00
1.000e+00
1.000e+00
1.000e+00
1.000e+00
1.000e+00
1.000e+00
1.000e+00
1.000e+00
1.000e+00
1.000e+00
1.000e+00
1.000e+00
1.000e+00
1.000e+00
1.000e+00
1.000e+00
1.000e+00
1.000e+00
1.000e+00
1.000e+00
1.000e+00
1.000e+00
1.000e+00
1.000e+00
1.000e+00
1.000e+00
1.000e+00
1.000e+00
1.000e+00
1.000e+00
1.000e+00
1.000e+00
1.000e+00
1.000e+00
1.000e+00
1.000e+00
1.000e+00
1.000e+00
1.000e+00
1.000e+00
1.000e+00
1.000e+00
1.000e+00
1.000e+00
1.000e+00
1.000e+00
1.000e+00
1.000e+00
1.000e+00
1.000e+00
1.000e+00
1.000e+00
1.000e+00
1.000e+00
1.000e+00
1.000e+00
1.000e+00
1.000e+00
1.000e+00
1.000e+00
1.000e+00
1.000e+00
1.000e+00
1.000e+00
1.000e+00
1.000e+00
1.000e+00
1.000e+00
1.000e+00
1.000e+00
1.000e+00
1.000e+00
1.000e+00
1.000e+00
1.000e+00
1.000e+00
1.000e+00
1.000e+00
1.000e+00
1.000e+00
1.000e+00
1.000e+00
1.000e+00
1.000e+00
1.000e+00
1.000e+00
1.000e+00
1.000e+00
1.000e+00
1.000e+00
1.000e+00
1.000e+00
1.000e+00
1.000e+00
1.000e+00
1.000e+00
1.000e+00
1.000e+00
1.000e+00
1.000e+00
1.000e+00
1.000e+00
1.000e+00
1.000e+00
1.001e+00
