1	0	INDP	IPOND
-1.061e+02
-5.652e+01
-5.609e+01
-5.609e+01
-5.609e+01
-5.609e+01
-5.609e+01
-5.609e+01
-5.609e+01
-5.609e+01
-5.609e+01
-5.609e+01
-5.609e+01
-5.609e+01
-5.609e+01
-5.609e+01
-5.609e+01
-5.609e+01
-5.597e+01
-4.696e+01
-1.799e+01
-5.652e+01
-1.807e+01
-1.807e+01
-1.807e+01
-1.807e+01
-1.807e+01
-1.807e+01
-1.807e+01
-1.807e+01
-1.807e+01
-1.807e+01
-1.807e+01
-1.807e+01
-1.807e+01
-1.807e+01
-1.807e+01
-1.807e+01
-1.807e+01
-1.807e+01
-1.799e+01
-1.022e+01
-5.609e+01
-1.807e+01
-1.803e+01
-1.803e+01
-1.803e+01
-1.803e+01
-1.803e+01
-1.803e+01
-1.803e+01
-1.803e+01
-1.803e+01
-1.803e+01
-1.803e+01
-1.803e+01
-1.803e+01
-1.803e+01
-1.803e+01
-1.803e+01
-1.803e+01
-1.799e+01
-1.029e+01
-5.609e+01
-1.807e+01
-1.803e+01
-1.803e+01
-1.803e+01
-1.803e+01
-1.803e+01
-1.803e+01
-1.803e+01
-1.803e+01
-1.803e+01
-1.803e+01
-1.803e+01
-1.803e+01
-1.803e+01
-1.803e+01
-1.803e+01
-1.803e+01
-1.803e+01
-1.799e+01
-1.029e+01
-5.609e+01
-1.807e+01
-1.803e+01
-1.803e+01
-1.803e+01
-1.803e+01
-1.803e+01
-1.803e+01
-1.803e+01
-1.803e+01
-1.803e+01
-1.803e+01
-1.803e+01
-1.803e+01
-1.803e+01
-1.803e+01
-1.803e+01
-1.803e+01
-1.803e+01
-1.799e+01
-1.029e+01
-5.609e+01
-1.807e+01
-1.803e+01
-1.803e+01
-1.803e+01
-1.803e+01
-1.803e+01
-1.803e+01
-1.803e+01
-1.803e+01
-1.803e+01
-1.803e+01
-1.803e+01
-1.803e+01
-1.803e+01
-1.803e+01
-1.803e+01
-1.803e+01
-1.803e+01
-1.799e+01
-1.029e+01
-5.609e+01
-1.807e+01
-1.803e+01
-1.803e+01
-1.803e+01
-1.803e+01
-1.803e+01
-1.803e+01
-1.803e+01
-1.803e+01
-1.803e+01
-1.803e+01
-1.803e+01
-1.803e+01
-1.803e+01
-1.803e+01
-1.803e+01
-1.803e+01
-1.803e+01
-1.799e+01
-1.029e+01
-5.609e+01
-1.807e+01
-1.803e+01
-1.803e+01
-1.803e+01
-1.803e+01
-1.803e+01
-1.803e+01
-1.803e+01
-1.803e+01
-1.803e+01
-1.803e+01
-1.803e+01
-1.803e+01
-1.803e+01
-1.803e+01
-1.803e+01
-1.803e+01
-1.803e+01
-1.799e+01
-1.029e+01
-5.626e+01
-1.807e+01
-1.803e+01
-1.803e+01
-1.803e+01
-1.803e+01
-1.803e+01
-1.803e+01
-1.803e+01
-1.803e+01
-1.803e+01
-1.803e+01
-1.803e+01
-1.803e+01
-1.803e+01
-1.803e+01
-1.803e+01
-1.803e+01
-1.803e+01
-1.799e+01
-1.029e+01
-6.457e+01
-1.821e+01
-1.821e+01
-1.821e+01
-1.821e+01
-1.821e+01
-1.821e+01
-1.821e+01
-1.821e+01
-1.821e+01
-1.821e+01
-1.821e+01
-1.821e+01
-1.821e+01
-1.821e+01
-1.821e+01
-1.821e+01
-1.821e+01
-1.821e+01
-1.818e+01
-1.026e+01
-2.002e+02
-2.001e+02
-2.000e+02
-2.000e+02
-2.000e+02
-2.000e+02
-2.000e+02
-2.000e+02
-2.000e+02
-2.000e+02
-2.000e+02
-2.000e+02
-2.000e+02
-2.000e+02
-2.000e+02
-2.000e+02
-2.000e+02
-2.000e+02
-2.000e+02
-2.000e+02
-2.000e+02
-2.013e+02
-2.006e+02
-2.006e+02
-2.006e+02
-2.006e+02
-2.006e+02
-2.006e+02
-2.006e+02
-2.006e+02
-2.006e+02
-2.006e+02
-2.006e+02
-2.006e+02
-2.006e+02
-2.006e+02
-2.006e+02
-2.006e+02
-2.006e+02
-2.006e+02
-2.006e+02
-2.002e+02
-2.013e+02
-2.006e+02
-2.006e+02
-2.006e+02
-2.006e+02
-2.006e+02
-2.006e+02
-2.006e+02
-2.006e+02
-2.006e+02
-2.006e+02
-2.006e+02
-2.006e+02
-2.006e+02
-2.006e+02
-2.006e+02
-2.006e+02
-2.006e+02
-2.006e+02
-2.006e+02
-2.002e+02
-2.013e+02
-2.006e+02
-2.006e+02
-2.006e+02
-2.006e+02
-2.006e+02
-2.006e+02
-2.006e+02
-2.006e+02
-2.006e+02
-2.006e+02
-2.006e+02
-2.006e+02
-2.006e+02
-2.006e+02
-2.006e+02
-2.006e+02
-2.006e+02
-2.006e+02
-2.006e+02
-2.002e+02
-2.013e+02
-2.006e+02
-2.006e+02
-2.006e+02
-2.006e+02
-2.006e+02
-2.006e+02
-2.006e+02
-2.006e+02
-2.006e+02
-2.006e+02
-2.006e+02
-2.006e+02
-2.006e+02
-2.006e+02
-2.006e+02
-2.006e+02
-2.006e+02
-2.006e+02
-2.006e+02
-2.002e+02
-2.013e+02
-2.006e+02
-2.006e+02
-2.006e+02
-2.006e+02
-2.006e+02
-2.006e+02
-2.006e+02
-2.006e+02
-2.006e+02
-2.006e+02
-2.006e+02
-2.006e+02
-2.006e+02
-2.006e+02
-2.006e+02
-2.006e+02
-2.006e+02
-2.006e+02
-2.006e+02
-2.002e+02
-2.013e+02
-2.006e+02
-2.006e+02
-2.006e+02
-2.006e+02
-2.006e+02
-2.006e+02
-2.006e+02
-2.006e+02
-2.006e+02
-2.006e+02
-2.006e+02
-2.006e+02
-2.006e+02
-2.006e+02
-2.006e+02
-2.006e+02
-2.006e+02
-2.006e+02
-2.006e+02
-2.002e+02
-2.013e+02
-2.006e+02
-2.006e+02
-2.006e+02
-2.006e+02
-2.006e+02
-2.006e+02
-2.006e+02
-2.006e+02
-2.006e+02
-2.006e+02
-2.006e+02
-2.006e+02
-2.006e+02
-2.006e+02
-2.006e+02
-2.006e+02
-2.006e+02
-2.006e+02
-2.006e+02
-2.002e+02
-2.013e+02
-2.006e+02
-2.006e+02
-2.006e+02
-2.006e+02
-2.006e+02
-2.006e+02
-2.006e+02
-2.006e+02
-2.006e+02
-2.006e+02
-2.006e+02
-2.006e+02
-2.006e+02
-2.006e+02
-2.006e+02
-2.006e+02
-2.006e+02
-2.006e+02
-2.006e+02
-2.002e+02
-2.013e+02
-2.006e+02
-2.006e+02
-2.006e+02
-2.006e+02
-2.006e+02
-2.006e+02
-2.006e+02
-2.006e+02
-2.006e+02
-2.006e+02
-2.006e+02
-2.006e+02
-2.006e+02
-2.006e+02
-2.006e+02
-2.006e+02
-2.006e+02
-2.006e+02
-2.005e+02
-2.002e+02
-2.006e+02
-2.002e+02
-2.002e+02
-2.002e+02
-2.002e+02
-2.002e+02
-2.002e+02
-2.002e+02
-2.002e+02
-2.002e+02
-2.002e+02
-2.002e+02
-2.002e+02
-2.002e+02
-2.002e+02
-2.002e+02
-2.002e+02
-2.002e+02
-2.002e+02
-2.002e+02
-2.002e+02
-5.603e+01
-3.429e+01
-3.430e+01
-3.430e+01
-3.430e+01
-3.430e+01
-3.430e+01
-3.430e+01
-3.430e+01
-3.430e+01
-3.430e+01
-3.430e+01
-3.430e+01
-3.430e+01
-3.430e+01
-3.430e+01
-3.430e+01
-3.429e+01
-3.432e+01
-3.492e+01
-1.771e+01
-3.429e+01
-1.772e+01
-1.772e+01
-1.772e+01
-1.772e+01
-1.772e+01
-1.772e+01
-1.772e+01
-1.772e+01
-1.772e+01
-1.772e+01
-1.772e+01
-1.772e+01
-1.772e+01
-1.772e+01
-1.772e+01
-1.772e+01
-1.772e+01
-1.774e+01
-1.771e+01
-1.200e+01
-3.430e+01
-1.772e+01
-1.774e+01
-1.774e+01
-1.774e+01
-1.774e+01
-1.774e+01
-1.774e+01
-1.774e+01
-1.774e+01
-1.774e+01
-1.774e+01
-1.774e+01
-1.774e+01
-1.774e+01
-1.774e+01
-1.774e+01
-1.774e+01
-1.774e+01
-1.771e+01
-1.198e+01
-3.430e+01
-1.772e+01
-1.774e+01
-1.774e+01
-1.774e+01
-1.774e+01
-1.774e+01
-1.774e+01
-1.774e+01
-1.774e+01
-1.774e+01
-1.774e+01
-1.774e+01
-1.774e+01
-1.774e+01
-1.774e+01
-1.774e+01
-1.774e+01
-1.774e+01
-1.771e+01
-1.198e+01
-3.430e+01
-1.772e+01
-1.774e+01
-1.774e+01
-1.774e+01
-1.774e+01
-1.774e+01
-1.774e+01
-1.774e+01
-1.774e+01
-1.774e+01
-1.774e+01
-1.774e+01
-1.774e+01
-1.774e+01
-1.774e+01
-1.774e+01
-1.774e+01
-1.774e+01
-1.771e+01
-1.198e+01
-3.430e+01
-1.772e+01
-1.774e+01
-1.774e+01
-1.774e+01
-1.774e+01
-1.774e+01
-1.774e+01
-1.774e+01
-1.774e+01
-1.774e+01
-1.774e+01
-1.774e+01
-1.774e+01
-1.774e+01
-1.774e+01
-1.774e+01
-1.774e+01
-1.774e+01
-1.771e+01
-1.198e+01
-3.430e+01
-1.772e+01
-1.774e+01
-1.774e+01
-1.774e+01
-1.774e+01
-1.774e+01
-1.774e+01
-1.774e+01
-1.774e+01
-1.774e+01
-1.774e+01
-1.774e+01
-1.774e+01
-1.774e+01
-1.774e+01
-1.774e+01
-1.774e+01
-1.774e+01
-1.771e+01
-1.198e+01
-3.430e+01
-1.772e+01
-1.774e+01
-1.774e+01
-1.774e+01
-1.774e+01
-1.774e+01
-1.774e+01
-1.774e+01
-1.774e+01
-1.774e+01
-1.774e+01
-1.774e+01
-1.774e+01
-1.774e+01
-1.774e+01
-1.774e+01
-1.774e+01
-1.774e+01
-1.771e+01
-1.198e+01
-3.429e+01
-1.772e+01
-1.774e+01
-1.774e+01
-1.774e+01
-1.774e+01
-1.774e+01
-1.774e+01
-1.774e+01
-1.774e+01
-1.774e+01
-1.774e+01
-1.774e+01
-1.774e+01
-1.774e+01
-1.774e+01
-1.774e+01
-1.774e+01
-1.774e+01
-1.771e+01
-1.198e+01
-3.448e+01
-1.787e+01
-1.789e+01
-1.789e+01
-1.789e+01
-1.789e+01
-1.789e+01
-1.789e+01
-1.789e+01
-1.789e+01
-1.789e+01
-1.789e+01
-1.789e+01
-1.789e+01
-1.789e+01
-1.789e+01
-1.789e+01
-1.789e+01
-1.789e+01
-1.788e+01
-1.208e+01
-2.001e+02
-2.001e+02
-2.000e+02
-2.000e+02
-2.000e+02
-2.000e+02
-2.000e+02
-2.000e+02
-2.000e+02
-2.000e+02
-2.000e+02
-2.000e+02
-2.000e+02
-2.000e+02
-2.000e+02
-2.000e+02
-2.000e+02
-2.000e+02
-2.000e+02
-2.000e+02
-2.000e+02
-2.009e+02
-2.004e+02
-2.004e+02
-2.004e+02
-2.004e+02
-2.004e+02
-2.004e+02
-2.004e+02
-2.004e+02
-2.004e+02
-2.004e+02
-2.004e+02
-2.004e+02
-2.004e+02
-2.004e+02
-2.004e+02
-2.004e+02
-2.004e+02
-2.004e+02
-2.004e+02
-2.004e+02
-2.009e+02
-2.004e+02
-2.004e+02
-2.004e+02
-2.004e+02
-2.004e+02
-2.004e+02
-2.004e+02
-2.004e+02
-2.004e+02
-2.004e+02
-2.004e+02
-2.004e+02
-2.004e+02
-2.004e+02
-2.004e+02
-2.004e+02
-2.004e+02
-2.004e+02
-2.004e+02
-2.004e+02
-2.009e+02
-2.004e+02
-2.004e+02
-2.004e+02
-2.004e+02
-2.004e+02
-2.004e+02
-2.004e+02
-2.004e+02
-2.004e+02
-2.004e+02
-2.004e+02
-2.004e+02
-2.004e+02
-2.004e+02
-2.004e+02
-2.004e+02
-2.004e+02
-2.004e+02
-2.004e+02
-2.004e+02
-2.009e+02
-2.004e+02
-2.004e+02
-2.004e+02
-2.004e+02
-2.004e+02
-2.004e+02
-2.004e+02
-2.004e+02
-2.004e+02
-2.004e+02
-2.004e+02
-2.004e+02
-2.004e+02
-2.004e+02
-2.004e+02
-2.004e+02
-2.004e+02
-2.004e+02
-2.004e+02
-2.004e+02
-2.009e+02
-2.004e+02
-2.004e+02
-2.004e+02
-2.004e+02
-2.004e+02
-2.004e+02
-2.004e+02
-2.004e+02
-2.004e+02
-2.004e+02
-2.004e+02
-2.004e+02
-2.004e+02
-2.004e+02
-2.004e+02
-2.004e+02
-2.004e+02
-2.004e+02
-2.004e+02
-2.004e+02
-2.009e+02
-2.004e+02
-2.004e+02
-2.004e+02
-2.004e+02
-2.004e+02
-2.004e+02
-2.004e+02
-2.004e+02
-2.004e+02
-2.004e+02
-2.004e+02
-2.004e+02
-2.004e+02
-2.004e+02
-2.004e+02
-2.004e+02
-2.004e+02
-2.004e+02
-2.004e+02
-2.004e+02
-2.009e+02
-2.004e+02
-2.004e+02
-2.004e+02
-2.004e+02
-2.004e+02
-2.004e+02
-2.004e+02
-2.004e+02
-2.004e+02
-2.004e+02
-2.004e+02
-2.004e+02
-2.004e+02
-2.004e+02
-2.004e+02
-2.004e+02
-2.004e+02
-2.004e+02
-2.004e+02
-2.004e+02
-2.009e+02
-2.004e+02
-2.004e+02
-2.004e+02
-2.004e+02
-2.004e+02
-2.004e+02
-2.004e+02
-2.004e+02
-2.004e+02
-2.004e+02
-2.004e+02
-2.004e+02
-2.004e+02
-2.004e+02
-2.004e+02
-2.004e+02
-2.004e+02
-2.004e+02
-2.004e+02
-2.004e+02
-2.009e+02
-2.004e+02
-2.004e+02
-2.004e+02
-2.004e+02
-2.004e+02
-2.004e+02
-2.004e+02
-2.004e+02
-2.004e+02
-2.004e+02
-2.004e+02
-2.004e+02
-2.004e+02
-2.004e+02
-2.004e+02
-2.004e+02
-2.004e+02
-2.004e+02
-2.004e+02
-2.004e+02
-2.004e+02
-2.004e+02
-2.004e+02
-2.004e+02
-2.004e+02
-2.004e+02
-2.004e+02
-2.004e+02
-2.004e+02
-2.004e+02
-2.004e+02
-2.004e+02
-2.004e+02
-2.004e+02
-2.004e+02
-2.004e+02
-2.004e+02
-2.004e+02
-2.004e+02
-2.004e+02
-2.003e+02
-2.883e+01
-2.330e+01
-2.332e+01
-2.332e+01
-2.332e+01
-2.332e+01
-2.332e+01
-2.332e+01
-2.332e+01
-2.332e+01
-2.332e+01
-2.332e+01
-2.332e+01
-2.332e+01
-2.332e+01
-2.332e+01
-2.332e+01
-2.332e+01
-2.332e+01
-2.350e+01
-1.686e+01
-2.330e+01
-1.686e+01
-1.686e+01
-1.686e+01
-1.686e+01
-1.686e+01
-1.686e+01
-1.686e+01
-1.686e+01
-1.686e+01
-1.686e+01
-1.686e+01
-1.686e+01
-1.686e+01
-1.686e+01
-1.686e+01
-1.686e+01
-1.686e+01
-1.686e+01
-1.686e+01
-1.346e+01
-2.332e+01
-1.686e+01
-1.686e+01
-1.686e+01
-1.686e+01
-1.686e+01
-1.686e+01
-1.686e+01
-1.686e+01
-1.686e+01
-1.686e+01
-1.686e+01
-1.686e+01
-1.686e+01
-1.686e+01
-1.686e+01
-1.686e+01
-1.686e+01
-1.686e+01
-1.686e+01
-1.345e+01
-2.332e+01
-1.686e+01
-1.686e+01
-1.686e+01
-1.686e+01
-1.686e+01
-1.686e+01
-1.686e+01
-1.686e+01
-1.686e+01
-1.686e+01
-1.686e+01
-1.686e+01
-1.686e+01
-1.686e+01
-1.686e+01
-1.686e+01
-1.686e+01
-1.686e+01
-1.686e+01
-1.345e+01
-2.332e+01
-1.686e+01
-1.686e+01
-1.686e+01
-1.686e+01
-1.686e+01
-1.686e+01
-1.686e+01
-1.686e+01
-1.686e+01
-1.686e+01
-1.686e+01
-1.686e+01
-1.686e+01
-1.686e+01
-1.686e+01
-1.686e+01
-1.686e+01
-1.686e+01
-1.686e+01
-1.345e+01
-2.332e+01
-1.686e+01
-1.686e+01
-1.686e+01
-1.686e+01
-1.686e+01
-1.686e+01
-1.686e+01
-1.686e+01
-1.686e+01
-1.686e+01
-1.686e+01
-1.686e+01
-1.686e+01
-1.686e+01
-1.686e+01
-1.686e+01
-1.686e+01
-1.686e+01
-1.686e+01
-1.345e+01
-2.332e+01
-1.686e+01
-1.686e+01
-1.686e+01
-1.686e+01
-1.686e+01
-1.686e+01
-1.686e+01
-1.686e+01
-1.686e+01
-1.686e+01
-1.686e+01
-1.686e+01
-1.686e+01
-1.686e+01
-1.686e+01
-1.686e+01
-1.686e+01
-1.686e+01
-1.686e+01
-1.345e+01
-2.332e+01
-1.686e+01
-1.686e+01
-1.686e+01
-1.686e+01
-1.686e+01
-1.686e+01
-1.686e+01
-1.686e+01
-1.686e+01
-1.686e+01
-1.686e+01
-1.686e+01
-1.686e+01
-1.686e+01
-1.686e+01
-1.686e+01
-1.686e+01
-1.686e+01
-1.686e+01
-1.345e+01
-2.329e+01
-1.686e+01
-1.686e+01
-1.686e+01
-1.686e+01
-1.686e+01
-1.686e+01
-1.686e+01
-1.686e+01
-1.686e+01
-1.686e+01
-1.686e+01
-1.686e+01
-1.686e+01
-1.686e+01
-1.686e+01
-1.686e+01
-1.686e+01
-1.686e+01
-1.686e+01
-1.345e+01
-2.349e+01
-1.711e+01
-1.711e+01
-1.711e+01
-1.711e+01
-1.711e+01
-1.711e+01
-1.711e+01
-1.711e+01
-1.711e+01
-1.711e+01
-1.711e+01
-1.711e+01
-1.711e+01
-1.711e+01
-1.711e+01
-1.711e+01
-1.711e+01
-1.711e+01
-1.712e+01
-1.362e+01
-2.001e+02
-2.000e+02
-2.000e+02
-2.000e+02
-2.000e+02
-2.000e+02
-2.000e+02
-2.000e+02
-2.000e+02
-2.000e+02
-2.000e+02
-2.000e+02
-2.000e+02
-2.000e+02
-2.000e+02
-2.000e+02
-2.000e+02
-2.000e+02
-2.000e+02
-2.000e+02
-2.000e+02
-2.004e+02
-2.004e+02
-2.004e+02
-2.004e+02
-2.004e+02
-2.004e+02
-2.004e+02
-2.004e+02
-2.004e+02
-2.004e+02
-2.004e+02
-2.004e+02
-2.004e+02
-2.004e+02
-2.004e+02
-2.004e+02
-2.004e+02
-2.004e+02
-2.004e+02
-2.004e+02
-2.003e+02
-2.004e+02
-2.004e+02
-2.004e+02
-2.004e+02
-2.004e+02
-2.004e+02
-2.004e+02
-2.004e+02
-2.004e+02
-2.004e+02
-2.004e+02
-2.004e+02
-2.004e+02
-2.004e+02
-2.004e+02
-2.004e+02
-2.004e+02
-2.004e+02
-2.004e+02
-2.004e+02
-2.003e+02
-2.004e+02
-2.004e+02
-2.004e+02
-2.004e+02
-2.004e+02
-2.004e+02
-2.004e+02
-2.004e+02
-2.004e+02
-2.004e+02
-2.004e+02
-2.004e+02
-2.004e+02
-2.004e+02
-2.004e+02
-2.004e+02
-2.004e+02
-2.004e+02
-2.004e+02
-2.004e+02
-2.003e+02
-2.004e+02
-2.004e+02
-2.004e+02
-2.004e+02
-2.004e+02
-2.004e+02
-2.004e+02
-2.004e+02
-2.004e+02
-2.004e+02
-2.004e+02
-2.004e+02
-2.004e+02
-2.004e+02
-2.004e+02
-2.004e+02
-2.004e+02
-2.004e+02
-2.004e+02
-2.004e+02
-2.003e+02
-2.004e+02
-2.004e+02
-2.004e+02
-2.004e+02
-2.004e+02
-2.004e+02
-2.004e+02
-2.004e+02
-2.004e+02
-2.004e+02
-2.004e+02
-2.004e+02
-2.004e+02
-2.004e+02
-2.004e+02
-2.004e+02
-2.004e+02
-2.004e+02
-2.004e+02
-2.004e+02
-2.003e+02
-2.004e+02
-2.004e+02
-2.004e+02
-2.004e+02
-2.004e+02
-2.004e+02
-2.004e+02
-2.004e+02
-2.004e+02
-2.004e+02
-2.004e+02
-2.004e+02
-2.004e+02
-2.004e+02
-2.004e+02
-2.004e+02
-2.004e+02
-2.004e+02
-2.004e+02
-2.004e+02
-2.003e+02
-2.004e+02
-2.004e+02
-2.004e+02
-2.004e+02
-2.004e+02
-2.004e+02
-2.004e+02
-2.004e+02
-2.004e+02
-2.004e+02
-2.004e+02
-2.004e+02
-2.004e+02
-2.004e+02
-2.004e+02
-2.004e+02
-2.004e+02
-2.004e+02
-2.004e+02
-2.004e+02
-2.003e+02
-2.004e+02
-2.004e+02
-2.004e+02
-2.004e+02
-2.004e+02
-2.004e+02
-2.004e+02
-2.004e+02
-2.004e+02
-2.004e+02
-2.004e+02
-2.004e+02
-2.004e+02
-2.004e+02
-2.004e+02
-2.004e+02
-2.004e+02
-2.004e+02
-2.004e+02
-2.004e+02
-2.003e+02
-2.004e+02
-2.004e+02
-2.004e+02
-2.004e+02
-2.004e+02
-2.004e+02
-2.004e+02
-2.004e+02
-2.004e+02
-2.004e+02
-2.004e+02
-2.004e+02
-2.004e+02
-2.004e+02
-2.004e+02
-2.004e+02
-2.004e+02
-2.004e+02
-2.004e+02
-2.004e+02
-2.003e+02
-2.004e+02
-2.003e+02
-2.003e+02
-2.003e+02
-2.003e+02
-2.003e+02
-2.003e+02
-2.003e+02
-2.003e+02
-2.003e+02
-2.003e+02
-2.003e+02
-2.003e+02
-2.003e+02
-2.003e+02
-2.003e+02
-2.003e+02
-2.003e+02
-2.003e+02
-2.003e+02
-2.002e+02
-2.094e+01
-1.880e+01
-1.880e+01
-1.880e+01
-1.880e+01
-1.880e+01
-1.880e+01
-1.880e+01
-1.880e+01
-1.880e+01
-1.880e+01
-1.880e+01
-1.880e+01
-1.880e+01
-1.880e+01
-1.880e+01
-1.880e+01
-1.880e+01
-1.880e+01
-1.885e+01
-1.565e+01
-1.880e+01
-1.560e+01
-1.560e+01
-1.560e+01
-1.560e+01
-1.560e+01
-1.560e+01
-1.560e+01
-1.560e+01
-1.560e+01
-1.560e+01
-1.560e+01
-1.560e+01
-1.560e+01
-1.560e+01
-1.560e+01
-1.560e+01
-1.560e+01
-1.560e+01
-1.562e+01
-1.338e+01
-1.880e+01
-1.560e+01
-1.560e+01
-1.560e+01
-1.560e+01
-1.560e+01
-1.560e+01
-1.560e+01
-1.560e+01
-1.560e+01
-1.560e+01
-1.560e+01
-1.560e+01
-1.560e+01
-1.560e+01
-1.560e+01
-1.560e+01
-1.560e+01
-1.560e+01
-1.562e+01
-1.338e+01
-1.880e+01
-1.560e+01
-1.560e+01
-1.560e+01
-1.560e+01
-1.560e+01
-1.560e+01
-1.560e+01
-1.560e+01
-1.560e+01
-1.560e+01
-1.560e+01
-1.560e+01
-1.560e+01
-1.560e+01
-1.560e+01
-1.560e+01
-1.560e+01
-1.560e+01
-1.562e+01
-1.338e+01
-1.880e+01
-1.560e+01
-1.560e+01
-1.560e+01
-1.560e+01
-1.560e+01
-1.560e+01
-1.560e+01
-1.560e+01
-1.560e+01
-1.560e+01
-1.560e+01
-1.560e+01
-1.560e+01
-1.560e+01
-1.560e+01
-1.560e+01
-1.560e+01
-1.560e+01
-1.562e+01
-1.338e+01
-1.880e+01
-1.560e+01
-1.560e+01
-1.560e+01
-1.560e+01
-1.560e+01
-1.560e+01
-1.560e+01
-1.560e+01
-1.560e+01
-1.560e+01
-1.560e+01
-1.560e+01
-1.560e+01
-1.560e+01
-1.560e+01
-1.560e+01
-1.560e+01
-1.560e+01
-1.562e+01
-1.338e+01
-1.880e+01
-1.560e+01
-1.560e+01
-1.560e+01
-1.560e+01
-1.560e+01
-1.560e+01
-1.560e+01
-1.560e+01
-1.560e+01
-1.560e+01
-1.560e+01
-1.560e+01
-1.560e+01
-1.560e+01
-1.560e+01
-1.560e+01
-1.560e+01
-1.560e+01
-1.562e+01
-1.338e+01
-1.880e+01
-1.560e+01
-1.560e+01
-1.560e+01
-1.560e+01
-1.560e+01
-1.560e+01
-1.560e+01
-1.560e+01
-1.560e+01
-1.560e+01
-1.560e+01
-1.560e+01
-1.560e+01
-1.560e+01
-1.560e+01
-1.560e+01
-1.560e+01
-1.560e+01
-1.562e+01
-1.338e+01
-1.884e+01
-1.562e+01
-1.562e+01
-1.562e+01
-1.562e+01
-1.562e+01
-1.562e+01
-1.562e+01
-1.562e+01
-1.562e+01
-1.562e+01
-1.562e+01
-1.562e+01
-1.562e+01
-1.562e+01
-1.562e+01
-1.562e+01
-1.562e+01
-1.562e+01
-1.562e+01
-1.338e+01
-1.895e+01
-1.575e+01
-1.575e+01
-1.575e+01
-1.575e+01
-1.575e+01
-1.575e+01
-1.575e+01
-1.575e+01
-1.575e+01
-1.575e+01
-1.575e+01
-1.575e+01
-1.575e+01
-1.575e+01
-1.575e+01
-1.575e+01
-1.575e+01
-1.575e+01
-1.575e+01
-1.347e+01
-2.000e+02
-2.000e+02
-2.000e+02
-2.000e+02
-2.000e+02
-2.000e+02
-2.000e+02
-2.000e+02
-2.000e+02
-2.000e+02
-2.000e+02
-2.000e+02
-2.000e+02
-2.000e+02
-2.000e+02
-2.000e+02
-2.000e+02
-2.000e+02
-2.000e+02
-2.000e+02
-1.999e+02
-2.001e+02
-2.001e+02
-2.001e+02
-2.001e+02
-2.001e+02
-2.001e+02
-2.001e+02
-2.001e+02
-2.001e+02
-2.001e+02
-2.001e+02
-2.001e+02
-2.001e+02
-2.001e+02
-2.001e+02
-2.001e+02
-2.001e+02
-2.001e+02
-2.001e+02
-2.001e+02
-2.002e+02
-2.001e+02
-2.001e+02
-2.001e+02
-2.001e+02
-2.001e+02
-2.001e+02
-2.001e+02
-2.001e+02
-2.001e+02
-2.001e+02
-2.001e+02
-2.001e+02
-2.001e+02
-2.001e+02
-2.001e+02
-2.001e+02
-2.001e+02
-2.001e+02
-2.001e+02
-2.001e+02
-2.002e+02
-2.001e+02
-2.001e+02
-2.001e+02
-2.001e+02
-2.001e+02
-2.001e+02
-2.001e+02
-2.001e+02
-2.001e+02
-2.001e+02
-2.001e+02
-2.001e+02
-2.001e+02
-2.001e+02
-2.001e+02
-2.001e+02
-2.001e+02
-2.001e+02
-2.001e+02
-2.001e+02
-2.002e+02
-2.001e+02
-2.001e+02
-2.001e+02
-2.001e+02
-2.001e+02
-2.001e+02
-2.001e+02
-2.001e+02
-2.001e+02
-2.001e+02
-2.001e+02
-2.001e+02
-2.001e+02
-2.001e+02
-2.001e+02
-2.001e+02
-2.001e+02
-2.001e+02
-2.001e+02
-2.001e+02
-2.002e+02
-2.001e+02
-2.001e+02
-2.001e+02
-2.001e+02
-2.001e+02
-2.001e+02
-2.001e+02
-2.001e+02
-2.001e+02
-2.001e+02
-2.001e+02
-2.001e+02
-2.001e+02
-2.001e+02
-2.001e+02
-2.001e+02
-2.001e+02
-2.001e+02
-2.001e+02
-2.001e+02
-2.002e+02
-2.001e+02
-2.001e+02
-2.001e+02
-2.001e+02
-2.001e+02
-2.001e+02
-2.001e+02
-2.001e+02
-2.001e+02
-2.001e+02
-2.001e+02
-2.001e+02
-2.001e+02
-2.001e+02
-2.001e+02
-2.001e+02
-2.001e+02
-2.001e+02
-2.001e+02
-2.001e+02
-2.002e+02
-2.001e+02
-2.001e+02
-2.001e+02
-2.001e+02
-2.001e+02
-2.001e+02
-2.001e+02
-2.001e+02
-2.001e+02
-2.001e+02
-2.001e+02
-2.001e+02
-2.001e+02
-2.001e+02
-2.001e+02
-2.001e+02
-2.001e+02
-2.001e+02
-2.001e+02
-2.001e+02
-2.002e+02
-2.001e+02
-2.001e+02
-2.001e+02
-2.001e+02
-2.001e+02
-2.001e+02
-2.001e+02
-2.001e+02
-2.001e+02
-2.001e+02
-2.001e+02
-2.001e+02
-2.001e+02
-2.001e+02
-2.001e+02
-2.001e+02
-2.001e+02
-2.001e+02
-2.001e+02
-2.001e+02
-2.002e+02
-2.001e+02
-2.001e+02
-2.001e+02
-2.001e+02
-2.001e+02
-2.001e+02
-2.001e+02
-2.001e+02
-2.001e+02
-2.001e+02
-2.001e+02
-2.001e+02
-2.001e+02
-2.001e+02
-2.001e+02
-2.001e+02
-2.001e+02
-2.001e+02
-2.001e+02
-2.001e+02
-2.002e+02
-2.001e+02
-2.002e+02
-2.002e+02
-2.002e+02
-2.002e+02
-2.002e+02
-2.002e+02
-2.002e+02
-2.002e+02
-2.002e+02
-2.002e+02
-2.002e+02
-2.002e+02
-2.002e+02
-2.002e+02
-2.002e+02
-2.002e+02
-2.002e+02
-2.002e+02
-2.002e+02
-2.002e+02
-1.591e+01
-1.489e+01
-1.489e+01
-1.489e+01
-1.489e+01
-1.489e+01
-1.489e+01
-1.489e+01
-1.489e+01
-1.489e+01
-1.489e+01
-1.489e+01
-1.489e+01
-1.489e+01
-1.489e+01
-1.489e+01
-1.489e+01
-1.489e+01
-1.489e+01
-1.489e+01
-1.318e+01
-1.489e+01
-1.318e+01
-1.318e+01
-1.318e+01
-1.318e+01
-1.318e+01
-1.318e+01
-1.318e+01
-1.318e+01
-1.318e+01
-1.318e+01
-1.318e+01
-1.318e+01
-1.318e+01
-1.318e+01
-1.318e+01
-1.318e+01
-1.318e+01
-1.318e+01
-1.318e+01
-1.184e+01
-1.489e+01
-1.318e+01
-1.318e+01
-1.318e+01
-1.318e+01
-1.318e+01
-1.318e+01
-1.318e+01
-1.318e+01
-1.318e+01
-1.318e+01
-1.318e+01
-1.318e+01
-1.318e+01
-1.318e+01
-1.318e+01
-1.318e+01
-1.318e+01
-1.318e+01
-1.318e+01
-1.184e+01
-1.489e+01
-1.318e+01
-1.318e+01
-1.318e+01
-1.318e+01
-1.318e+01
-1.318e+01
-1.318e+01
-1.318e+01
-1.318e+01
-1.318e+01
-1.318e+01
-1.318e+01
-1.318e+01
-1.318e+01
-1.318e+01
-1.318e+01
-1.318e+01
-1.318e+01
-1.318e+01
-1.184e+01
-1.489e+01
-1.318e+01
-1.318e+01
-1.318e+01
-1.318e+01
-1.318e+01
-1.318e+01
-1.318e+01
-1.318e+01
-1.318e+01
-1.318e+01
-1.318e+01
-1.318e+01
-1.318e+01
-1.318e+01
-1.318e+01
-1.318e+01
-1.318e+01
-1.318e+01
-1.318e+01
-1.184e+01
-1.489e+01
-1.318e+01
-1.318e+01
-1.318e+01
-1.318e+01
-1.318e+01
-1.318e+01
-1.318e+01
-1.318e+01
-1.318e+01
-1.318e+01
-1.318e+01
-1.318e+01
-1.318e+01
-1.318e+01
-1.318e+01
-1.318e+01
-1.318e+01
-1.318e+01
-1.318e+01
-1.184e+01
-1.489e+01
-1.318e+01
-1.318e+01
-1.318e+01
-1.318e+01
-1.318e+01
-1.318e+01
-1.318e+01
-1.318e+01
-1.318e+01
-1.318e+01
-1.318e+01
-1.318e+01
-1.318e+01
-1.318e+01
-1.318e+01
-1.318e+01
-1.318e+01
-1.318e+01
-1.318e+01
-1.184e+01
-1.489e+01
-1.318e+01
-1.318e+01
-1.318e+01
-1.318e+01
-1.318e+01
-1.318e+01
-1.318e+01
-1.318e+01
-1.318e+01
-1.318e+01
-1.318e+01
-1.318e+01
-1.318e+01
-1.318e+01
-1.318e+01
-1.318e+01
-1.318e+01
-1.318e+01
-1.318e+01
-1.184e+01
-1.489e+01
-1.318e+01
-1.318e+01
-1.318e+01
-1.318e+01
-1.318e+01
-1.318e+01
-1.318e+01
-1.318e+01
-1.318e+01
-1.318e+01
-1.318e+01
-1.318e+01
-1.318e+01
-1.318e+01
-1.318e+01
-1.318e+01
-1.318e+01
-1.318e+01
-1.318e+01
-1.184e+01
-1.490e+01
-1.322e+01
-1.322e+01
-1.322e+01
-1.322e+01
-1.322e+01
-1.322e+01
-1.322e+01
-1.322e+01
-1.322e+01
-1.322e+01
-1.322e+01
-1.322e+01
-1.322e+01
-1.322e+01
-1.322e+01
-1.322e+01
-1.322e+01
-1.322e+01
-1.322e+01
-1.188e+01
-1.999e+02
-1.997e+02
-1.996e+02
-1.996e+02
-1.996e+02
-1.996e+02
-1.996e+02
-1.996e+02
-1.996e+02
-1.996e+02
-1.996e+02
-1.996e+02
-1.996e+02
-1.996e+02
-1.996e+02
-1.996e+02
-1.996e+02
-1.996e+02
-1.996e+02
-1.996e+02
-1.992e+02
-2.000e+02
-2.000e+02
-2.000e+02
-2.000e+02
-2.000e+02
-2.000e+02
-2.000e+02
-2.000e+02
-2.000e+02
-2.000e+02
-2.000e+02
-2.000e+02
-2.000e+02
-2.000e+02
-2.000e+02
-2.000e+02
-2.000e+02
-2.000e+02
-2.000e+02
-2.000e+02
-2.000e+02
-2.000e+02
-2.000e+02
-2.000e+02
-2.000e+02
-2.000e+02
-2.000e+02
-2.000e+02
-2.000e+02
-2.000e+02
-2.000e+02
-2.000e+02
-2.000e+02
-2.000e+02
-2.000e+02
-2.000e+02
-2.000e+02
-2.000e+02
-2.000e+02
-2.000e+02
-2.000e+02
-2.000e+02
-2.000e+02
-2.000e+02
-2.000e+02
-2.000e+02
-2.000e+02
-2.000e+02
-2.000e+02
-2.000e+02
-2.000e+02
-2.000e+02
-2.000e+02
-2.000e+02
-2.000e+02
-2.000e+02
-2.000e+02
-2.000e+02
-2.000e+02
-2.000e+02
-2.000e+02
-2.000e+02
-2.000e+02
-2.000e+02
-2.000e+02
-2.000e+02
-2.000e+02
-2.000e+02
-2.000e+02
-2.000e+02
-2.000e+02
-2.000e+02
-2.000e+02
-2.000e+02
-2.000e+02
-2.000e+02
-2.000e+02
-2.000e+02
-2.000e+02
-2.000e+02
-2.000e+02
-2.000e+02
-2.000e+02
-2.000e+02
-2.000e+02
-2.000e+02
-2.000e+02
-2.000e+02
-2.000e+02
-2.000e+02
-2.000e+02
-2.000e+02
-2.000e+02
-2.000e+02
-2.000e+02
-2.000e+02
-2.000e+02
-2.000e+02
-2.000e+02
-2.000e+02
-2.000e+02
-2.000e+02
-2.000e+02
-2.000e+02
-2.000e+02
-2.000e+02
-2.000e+02
-2.000e+02
-2.000e+02
-2.000e+02
-2.000e+02
-2.000e+02
-2.000e+02
-2.000e+02
-2.000e+02
-2.000e+02
-2.000e+02
-2.000e+02
-2.000e+02
-2.000e+02
-2.000e+02
-2.000e+02
-2.000e+02
-2.000e+02
-2.000e+02
-2.000e+02
-2.000e+02
-2.000e+02
-2.000e+02
-2.000e+02
-2.000e+02
-2.000e+02
-2.000e+02
-2.000e+02
-2.000e+02
-2.000e+02
-2.000e+02
-2.000e+02
-2.000e+02
-2.000e+02
-2.000e+02
-2.000e+02
-2.000e+02
-2.000e+02
-2.000e+02
-2.000e+02
-2.000e+02
-2.000e+02
-2.000e+02
-2.000e+02
-2.000e+02
-2.000e+02
-2.000e+02
-2.000e+02
-2.000e+02
-2.000e+02
-2.000e+02
-2.000e+02
-2.000e+02
-2.000e+02
-2.000e+02
-2.000e+02
-2.000e+02
-2.000e+02
-2.000e+02
-2.000e+02
-2.000e+02
-2.000e+02
-2.000e+02
-2.000e+02
-2.000e+02
-2.000e+02
-2.000e+02
-2.000e+02
-2.000e+02
-2.000e+02
-2.000e+02
-2.000e+02
-2.000e+02
-2.000e+02
-2.000e+02
-2.000e+02
-2.000e+02
-2.000e+02
-2.000e+02
-2.000e+02
-2.000e+02
-2.000e+02
-2.000e+02
-2.000e+02
-2.000e+02
-2.000e+02
-2.000e+02
-2.000e+02
-2.000e+02
-2.000e+02
-2.000e+02
-2.000e+02
-2.000e+02
-2.000e+02
-2.000e+02
-2.000e+02
-2.000e+02
-2.000e+02
-2.000e+02
-2.000e+02
-2.000e+02
-2.000e+02
-2.000e+02
-2.000e+02
-1.115e+01
-1.102e+01
-1.102e+01
-1.102e+01
-1.102e+01
-1.102e+01
-1.102e+01
-1.102e+01
-1.102e+01
-1.102e+01
-1.102e+01
-1.102e+01
-1.102e+01
-1.102e+01
-1.102e+01
-1.102e+01
-1.102e+01
-1.102e+01
-1.102e+01
-1.103e+01
-1.082e+01
-1.102e+01
-1.082e+01
-1.081e+01
-1.081e+01
-1.081e+01
-1.081e+01
-1.081e+01
-1.081e+01
-1.081e+01
-1.081e+01
-1.081e+01
-1.081e+01
-1.081e+01
-1.081e+01
-1.081e+01
-1.081e+01
-1.081e+01
-1.081e+01
-1.081e+01
-1.081e+01
-1.060e+01
-1.102e+01
-1.081e+01
-1.081e+01
-1.081e+01
-1.081e+01
-1.081e+01
-1.081e+01
-1.081e+01
-1.081e+01
-1.081e+01
-1.081e+01
-1.081e+01
-1.081e+01
-1.081e+01
-1.081e+01
-1.081e+01
-1.081e+01
-1.081e+01
-1.081e+01
-1.081e+01
-1.058e+01
-1.102e+01
-1.081e+01
-1.081e+01
-1.081e+01
-1.081e+01
-1.081e+01
-1.081e+01
-1.081e+01
-1.081e+01
-1.081e+01
-1.081e+01
-1.081e+01
-1.081e+01
-1.081e+01
-1.081e+01
-1.081e+01
-1.081e+01
-1.081e+01
-1.081e+01
-1.081e+01
-1.058e+01
-1.102e+01
-1.081e+01
-1.081e+01
-1.081e+01
-1.081e+01
-1.081e+01
-1.081e+01
-1.081e+01
-1.081e+01
-1.081e+01
-1.081e+01
-1.081e+01
-1.081e+01
-1.081e+01
-1.081e+01
-1.081e+01
-1.081e+01
-1.081e+01
-1.081e+01
-1.081e+01
-1.058e+01
-1.102e+01
-1.081e+01
-1.081e+01
-1.081e+01
-1.081e+01
-1.081e+01
-1.081e+01
-1.081e+01
-1.081e+01
-1.081e+01
-1.081e+01
-1.081e+01
-1.081e+01
-1.081e+01
-1.081e+01
-1.081e+01
-1.081e+01
-1.081e+01
-1.081e+01
-1.081e+01
-1.058e+01
-1.102e+01
-1.081e+01
-1.081e+01
-1.081e+01
-1.081e+01
-1.081e+01
-1.081e+01
-1.081e+01
-1.081e+01
-1.081e+01
-1.081e+01
-1.081e+01
-1.081e+01
-1.081e+01
-1.081e+01
-1.081e+01
-1.081e+01
-1.081e+01
-1.081e+01
-1.081e+01
-1.058e+01
-1.102e+01
-1.081e+01
-1.081e+01
-1.081e+01
-1.081e+01
-1.081e+01
-1.081e+01
-1.081e+01
-1.081e+01
-1.081e+01
-1.081e+01
-1.081e+01
-1.081e+01
-1.081e+01
-1.081e+01
-1.081e+01
-1.081e+01
-1.081e+01
-1.081e+01
-1.081e+01
-1.058e+01
-1.102e+01
-1.081e+01
-1.081e+01
-1.081e+01
-1.081e+01
-1.081e+01
-1.081e+01
-1.081e+01
-1.081e+01
-1.081e+01
-1.081e+01
-1.081e+01
-1.081e+01
-1.081e+01
-1.081e+01
-1.081e+01
-1.081e+01
-1.081e+01
-1.081e+01
-1.081e+01
-1.058e+01
-1.099e+01
-1.081e+01
-1.080e+01
-1.080e+01
-1.080e+01
-1.080e+01
-1.080e+01
-1.080e+01
-1.080e+01
-1.080e+01
-1.080e+01
-1.080e+01
-1.080e+01
-1.080e+01
-1.080e+01
-1.080e+01
-1.080e+01
-1.080e+01
-1.080e+01
-1.080e+01
-1.060e+01
-1.973e+02
-1.950e+02
-1.941e+02
-1.941e+02
-1.941e+02
-1.941e+02
-1.941e+02
-1.941e+02
-1.941e+02
-1.941e+02
-1.941e+02
-1.941e+02
-1.941e+02
-1.941e+02
-1.941e+02
-1.941e+02
-1.941e+02
-1.941e+02
-1.941e+02
-1.941e+02
-1.889e+02
-1.969e+02
-1.967e+02
-1.967e+02
-1.967e+02
-1.967e+02
-1.967e+02
-1.967e+02
-1.967e+02
-1.967e+02
-1.967e+02
-1.967e+02
-1.967e+02
-1.967e+02
-1.967e+02
-1.967e+02
-1.967e+02
-1.967e+02
-1.967e+02
-1.967e+02
-1.967e+02
-1.964e+02
-1.969e+02
-1.967e+02
-1.967e+02
-1.967e+02
-1.967e+02
-1.967e+02
-1.967e+02
-1.967e+02
-1.967e+02
-1.967e+02
-1.967e+02
-1.967e+02
-1.967e+02
-1.967e+02
-1.967e+02
-1.967e+02
-1.967e+02
-1.967e+02
-1.967e+02
-1.967e+02
-1.964e+02
-1.969e+02
-1.967e+02
-1.967e+02
-1.967e+02
-1.967e+02
-1.967e+02
-1.967e+02
-1.967e+02
-1.967e+02
-1.967e+02
-1.967e+02
-1.967e+02
-1.967e+02
-1.967e+02
-1.967e+02
-1.967e+02
-1.967e+02
-1.967e+02
-1.967e+02
-1.967e+02
-1.964e+02
-1.969e+02
-1.967e+02
-1.967e+02
-1.967e+02
-1.967e+02
-1.967e+02
-1.967e+02
-1.967e+02
-1.967e+02
-1.967e+02
-1.967e+02
-1.967e+02
-1.967e+02
-1.967e+02
-1.967e+02
-1.967e+02
-1.967e+02
-1.967e+02
-1.967e+02
-1.967e+02
-1.964e+02
-1.969e+02
-1.967e+02
-1.967e+02
-1.967e+02
-1.967e+02
-1.967e+02
-1.967e+02
-1.967e+02
-1.967e+02
-1.967e+02
-1.967e+02
-1.967e+02
-1.967e+02
-1.967e+02
-1.967e+02
-1.967e+02
-1.967e+02
-1.967e+02
-1.967e+02
-1.967e+02
-1.964e+02
-1.969e+02
-1.967e+02
-1.967e+02
-1.967e+02
-1.967e+02
-1.967e+02
-1.967e+02
-1.967e+02
-1.967e+02
-1.967e+02
-1.967e+02
-1.967e+02
-1.967e+02
-1.967e+02
-1.967e+02
-1.967e+02
-1.967e+02
-1.967e+02
-1.967e+02
-1.967e+02
-1.964e+02
-1.969e+02
-1.967e+02
-1.967e+02
-1.967e+02
-1.967e+02
-1.967e+02
-1.967e+02
-1.967e+02
-1.967e+02
-1.967e+02
-1.967e+02
-1.967e+02
-1.967e+02
-1.967e+02
-1.967e+02
-1.967e+02
-1.967e+02
-1.967e+02
-1.967e+02
-1.967e+02
-1.964e+02
-1.969e+02
-1.967e+02
-1.967e+02
-1.967e+02
-1.967e+02
-1.967e+02
-1.967e+02
-1.967e+02
-1.967e+02
-1.967e+02
-1.967e+02
-1.967e+02
-1.967e+02
-1.967e+02
-1.967e+02
-1.967e+02
-1.967e+02
-1.967e+02
-1.967e+02
-1.967e+02
-1.964e+02
-1.969e+02
-1.968e+02
-1.967e+02
-1.967e+02
-1.967e+02
-1.967e+02
-1.967e+02
-1.967e+02
-1.967e+02
-1.967e+02
-1.967e+02
-1.967e+02
-1.967e+02
-1.967e+02
-1.967e+02
-1.967e+02
-1.967e+02
-1.967e+02
-1.967e+02
-1.967e+02
-1.964e+02
-1.968e+02
-1.965e+02
-1.964e+02
-1.964e+02
-1.964e+02
-1.964e+02
-1.964e+02
-1.964e+02
-1.964e+02
-1.964e+02
-1.964e+02
-1.964e+02
-1.964e+02
-1.964e+02
-1.964e+02
-1.964e+02
-1.964e+02
-1.964e+02
-1.964e+02
-1.964e+02
-1.961e+02
-1.475e+01
-1.217e+01
-1.217e+01
-1.217e+01
-1.217e+01
-1.217e+01
-1.217e+01
-1.217e+01
-1.217e+01
-1.217e+01
-1.217e+01
-1.217e+01
-1.217e+01
-1.217e+01
-1.217e+01
-1.217e+01
-1.217e+01
-1.217e+01
-1.217e+01
-1.215e+01
-9.083e+00
-1.217e+01
-9.087e+00
-9.087e+00
-9.087e+00
-9.087e+00
-9.087e+00
-9.087e+00
-9.087e+00
-9.087e+00
-9.087e+00
-9.087e+00
-9.087e+00
-9.087e+00
-9.087e+00
-9.087e+00
-9.087e+00
-9.087e+00
-9.087e+00
-9.087e+00
-9.087e+00
-7.373e+00
-1.217e+01
-9.087e+00
-9.094e+00
-9.094e+00
-9.094e+00
-9.094e+00
-9.094e+00
-9.094e+00
-9.094e+00
-9.094e+00
-9.094e+00
-9.094e+00
-9.094e+00
-9.094e+00
-9.094e+00
-9.094e+00
-9.094e+00
-9.094e+00
-9.094e+00
-9.087e+00
-7.375e+00
-1.217e+01
-9.087e+00
-9.094e+00
-9.094e+00
-9.094e+00
-9.094e+00
-9.094e+00
-9.094e+00
-9.094e+00
-9.094e+00
-9.094e+00
-9.094e+00
-9.094e+00
-9.094e+00
-9.094e+00
-9.094e+00
-9.094e+00
-9.094e+00
-9.094e+00
-9.087e+00
-7.375e+00
-1.217e+01
-9.087e+00
-9.094e+00
-9.094e+00
-9.094e+00
-9.094e+00
-9.094e+00
-9.094e+00
-9.094e+00
-9.094e+00
-9.094e+00
-9.094e+00
-9.094e+00
-9.094e+00
-9.094e+00
-9.094e+00
-9.094e+00
-9.094e+00
-9.094e+00
-9.087e+00
-7.375e+00
-1.217e+01
-9.087e+00
-9.094e+00
-9.094e+00
-9.094e+00
-9.094e+00
-9.094e+00
-9.094e+00
-9.094e+00
-9.094e+00
-9.094e+00
-9.094e+00
-9.094e+00
-9.094e+00
-9.094e+00
-9.094e+00
-9.094e+00
-9.094e+00
-9.094e+00
-9.087e+00
-7.375e+00
-1.217e+01
-9.087e+00
-9.094e+00
-9.094e+00
-9.094e+00
-9.094e+00
-9.094e+00
-9.094e+00
-9.094e+00
-9.094e+00
-9.094e+00
-9.094e+00
-9.094e+00
-9.094e+00
-9.094e+00
-9.094e+00
-9.094e+00
-9.094e+00
-9.094e+00
-9.087e+00
-7.375e+00
-1.217e+01
-9.087e+00
-9.094e+00
-9.094e+00
-9.094e+00
-9.094e+00
-9.094e+00
-9.094e+00
-9.094e+00
-9.094e+00
-9.094e+00
-9.094e+00
-9.094e+00
-9.094e+00
-9.094e+00
-9.094e+00
-9.094e+00
-9.094e+00
-9.094e+00
-9.087e+00
-7.375e+00
-1.217e+01
-9.087e+00
-9.094e+00
-9.094e+00
-9.094e+00
-9.094e+00
-9.094e+00
-9.094e+00
-9.094e+00
-9.094e+00
-9.094e+00
-9.094e+00
-9.094e+00
-9.094e+00
-9.094e+00
-9.094e+00
-9.094e+00
-9.094e+00
-9.094e+00
-9.087e+00
-7.375e+00
-1.210e+01
-9.084e+00
-9.084e+00
-9.084e+00
-9.084e+00
-9.084e+00
-9.084e+00
-9.084e+00
-9.084e+00
-9.084e+00
-9.084e+00
-9.084e+00
-9.084e+00
-9.084e+00
-9.084e+00
-9.084e+00
-9.084e+00
-9.084e+00
-9.084e+00
-9.083e+00
-7.379e+00
-1.811e+02
-1.347e+02
-1.366e+02
-1.366e+02
-1.366e+02
-1.366e+02
-1.366e+02
-1.366e+02
-1.366e+02
-1.366e+02
-1.366e+02
-1.366e+02
-1.366e+02
-1.366e+02
-1.366e+02
-1.366e+02
-1.366e+02
-1.366e+02
-1.366e+02
-1.366e+02
-8.472e+01
-1.832e+02
-1.310e+02
-1.310e+02
-1.310e+02
-1.310e+02
-1.310e+02
-1.310e+02
-1.310e+02
-1.310e+02
-1.310e+02
-1.310e+02
-1.310e+02
-1.310e+02
-1.310e+02
-1.310e+02
-1.310e+02
-1.310e+02
-1.310e+02
-1.310e+02
-1.309e+02
-7.231e+01
-1.832e+02
-1.309e+02
-1.310e+02
-1.310e+02
-1.310e+02
-1.310e+02
-1.310e+02
-1.310e+02
-1.310e+02
-1.310e+02
-1.310e+02
-1.310e+02
-1.310e+02
-1.310e+02
-1.310e+02
-1.310e+02
-1.310e+02
-1.310e+02
-1.310e+02
-1.308e+02
-7.231e+01
-1.832e+02
-1.309e+02
-1.310e+02
-1.310e+02
-1.310e+02
-1.310e+02
-1.310e+02
-1.310e+02
-1.310e+02
-1.310e+02
-1.310e+02
-1.310e+02
-1.310e+02
-1.310e+02
-1.310e+02
-1.310e+02
-1.310e+02
-1.310e+02
-1.310e+02
-1.308e+02
-7.231e+01
-1.832e+02
-1.309e+02
-1.310e+02
-1.310e+02
-1.310e+02
-1.310e+02
-1.310e+02
-1.310e+02
-1.310e+02
-1.310e+02
-1.310e+02
-1.310e+02
-1.310e+02
-1.310e+02
-1.310e+02
-1.310e+02
-1.310e+02
-1.310e+02
-1.310e+02
-1.308e+02
-7.231e+01
-1.832e+02
-1.309e+02
-1.310e+02
-1.310e+02
-1.310e+02
-1.310e+02
-1.310e+02
-1.310e+02
-1.310e+02
-1.310e+02
-1.310e+02
-1.310e+02
-1.310e+02
-1.310e+02
-1.310e+02
-1.310e+02
-1.310e+02
-1.310e+02
-1.310e+02
-1.308e+02
-7.231e+01
-1.832e+02
-1.309e+02
-1.310e+02
-1.310e+02
-1.310e+02
-1.310e+02
-1.310e+02
-1.310e+02
-1.310e+02
-1.310e+02
-1.310e+02
-1.310e+02
-1.310e+02
-1.310e+02
-1.310e+02
-1.310e+02
-1.310e+02
-1.310e+02
-1.310e+02
-1.308e+02
-7.231e+01
-1.832e+02
-1.309e+02
-1.310e+02
-1.310e+02
-1.310e+02
-1.310e+02
-1.310e+02
-1.310e+02
-1.310e+02
-1.310e+02
-1.310e+02
-1.310e+02
-1.310e+02
-1.310e+02
-1.310e+02
-1.310e+02
-1.310e+02
-1.310e+02
-1.310e+02
-1.308e+02
-7.231e+01
-1.832e+02
-1.309e+02
-1.310e+02
-1.310e+02
-1.310e+02
-1.310e+02
-1.310e+02
-1.310e+02
-1.310e+02
-1.310e+02
-1.310e+02
-1.310e+02
-1.310e+02
-1.310e+02
-1.310e+02
-1.310e+02
-1.310e+02
-1.310e+02
-1.310e+02
-1.308e+02
-7.231e+01
-1.831e+02
-1.307e+02
-1.308e+02
-1.308e+02
-1.308e+02
-1.308e+02
-1.308e+02
-1.308e+02
-1.308e+02
-1.308e+02
-1.308e+02
-1.308e+02
-1.308e+02
-1.308e+02
-1.308e+02
-1.308e+02
-1.308e+02
-1.308e+02
-1.308e+02
-1.307e+02
-7.231e+01
-1.307e+02
-7.215e+01
-7.231e+01
-7.231e+01
-7.231e+01
-7.231e+01
-7.231e+01
-7.231e+01
-7.231e+01
-7.231e+01
-7.231e+01
-7.231e+01
-7.231e+01
-7.231e+01
-7.231e+01
-7.231e+01
-7.231e+01
-7.231e+01
-7.231e+01
-7.231e+01
-5.387e+01
-6.909e+00
-6.870e+00
-6.870e+00
-6.870e+00
-6.870e+00
-6.870e+00
-6.870e+00
-6.870e+00
-6.870e+00
-6.870e+00
-6.870e+00
-6.870e+00
-6.870e+00
-6.870e+00
-6.870e+00
-6.870e+00
-6.870e+00
-6.870e+00
-6.870e+00
-6.872e+00
-6.811e+00
-6.870e+00
-6.811e+00
-6.811e+00
-6.811e+00
-6.811e+00
-6.811e+00
-6.811e+00
-6.811e+00
-6.811e+00
-6.811e+00
-6.811e+00
-6.811e+00
-6.811e+00
-6.811e+00
-6.811e+00
-6.811e+00
-6.811e+00
-6.811e+00
-6.811e+00
-6.811e+00
-6.748e+00
-6.870e+00
-6.811e+00
-6.810e+00
-6.810e+00
-6.810e+00
-6.810e+00
-6.810e+00
-6.810e+00
-6.810e+00
-6.810e+00
-6.810e+00
-6.810e+00
-6.810e+00
-6.810e+00
-6.810e+00
-6.810e+00
-6.810e+00
-6.810e+00
-6.810e+00
-6.811e+00
-6.742e+00
-6.870e+00
-6.811e+00
-6.810e+00
-6.810e+00
-6.810e+00
-6.810e+00
-6.810e+00
-6.810e+00
-6.810e+00
-6.810e+00
-6.810e+00
-6.810e+00
-6.810e+00
-6.810e+00
-6.810e+00
-6.810e+00
-6.810e+00
-6.810e+00
-6.810e+00
-6.811e+00
-6.742e+00
-6.870e+00
-6.811e+00
-6.810e+00
-6.810e+00
-6.810e+00
-6.810e+00
-6.810e+00
-6.810e+00
-6.810e+00
-6.810e+00
-6.810e+00
-6.810e+00
-6.810e+00
-6.810e+00
-6.810e+00
-6.810e+00
-6.810e+00
-6.810e+00
-6.810e+00
-6.811e+00
-6.742e+00
-6.870e+00
-6.811e+00
-6.810e+00
-6.810e+00
-6.810e+00
-6.810e+00
-6.810e+00
-6.810e+00
-6.810e+00
-6.810e+00
-6.810e+00
-6.810e+00
-6.810e+00
-6.810e+00
-6.810e+00
-6.810e+00
-6.810e+00
-6.810e+00
-6.810e+00
-6.811e+00
-6.742e+00
-6.870e+00
-6.811e+00
-6.810e+00
-6.810e+00
-6.810e+00
-6.810e+00
-6.810e+00
-6.810e+00
-6.810e+00
-6.810e+00
-6.810e+00
-6.810e+00
-6.810e+00
-6.810e+00
-6.810e+00
-6.810e+00
-6.810e+00
-6.810e+00
-6.810e+00
-6.811e+00
-6.742e+00
-6.870e+00
-6.811e+00
-6.810e+00
-6.810e+00
-6.810e+00
-6.810e+00
-6.810e+00
-6.810e+00
-6.810e+00
-6.810e+00
-6.810e+00
-6.810e+00
-6.810e+00
-6.810e+00
-6.810e+00
-6.810e+00
-6.810e+00
-6.810e+00
-6.810e+00
-6.811e+00
-6.742e+00
-6.870e+00
-6.811e+00
-6.810e+00
-6.810e+00
-6.810e+00
-6.810e+00
-6.810e+00
-6.810e+00
-6.810e+00
-6.810e+00
-6.810e+00
-6.810e+00
-6.810e+00
-6.810e+00
-6.810e+00
-6.810e+00
-6.810e+00
-6.810e+00
-6.810e+00
-6.811e+00
-6.742e+00
-6.876e+00
-6.809e+00
-6.808e+00
-6.808e+00
-6.808e+00
-6.808e+00
-6.808e+00
-6.808e+00
-6.808e+00
-6.808e+00
-6.808e+00
-6.808e+00
-6.808e+00
-6.808e+00
-6.808e+00
-6.808e+00
-6.808e+00
-6.808e+00
-6.808e+00
-6.809e+00
-6.738e+00
-1.647e+01
-1.612e+01
-1.610e+01
-1.610e+01
-1.610e+01
-1.610e+01
-1.610e+01
-1.610e+01
-1.610e+01
-1.610e+01
-1.610e+01
-1.610e+01
-1.610e+01
-1.610e+01
-1.610e+01
-1.610e+01
-1.610e+01
-1.610e+01
-1.610e+01
-1.610e+01
-1.566e+01
-1.618e+01
-1.582e+01
-1.579e+01
-1.579e+01
-1.579e+01
-1.579e+01
-1.579e+01
-1.579e+01
-1.579e+01
-1.579e+01
-1.579e+01
-1.579e+01
-1.579e+01
-1.579e+01
-1.579e+01
-1.579e+01
-1.579e+01
-1.579e+01
-1.579e+01
-1.579e+01
-1.548e+01
-1.618e+01
-1.582e+01
-1.579e+01
-1.579e+01
-1.579e+01
-1.579e+01
-1.579e+01
-1.579e+01
-1.579e+01
-1.579e+01
-1.579e+01
-1.579e+01
-1.579e+01
-1.579e+01
-1.579e+01
-1.579e+01
-1.579e+01
-1.579e+01
-1.579e+01
-1.579e+01
-1.548e+01
-1.618e+01
-1.582e+01
-1.579e+01
-1.579e+01
-1.579e+01
-1.579e+01
-1.579e+01
-1.579e+01
-1.579e+01
-1.579e+01
-1.579e+01
-1.579e+01
-1.579e+01
-1.579e+01
-1.579e+01
-1.579e+01
-1.579e+01
-1.579e+01
-1.579e+01
-1.579e+01
-1.548e+01
-1.618e+01
-1.582e+01
-1.579e+01
-1.579e+01
-1.579e+01
-1.579e+01
-1.579e+01
-1.579e+01
-1.579e+01
-1.579e+01
-1.579e+01
-1.579e+01
-1.579e+01
-1.579e+01
-1.579e+01
-1.579e+01
-1.579e+01
-1.579e+01
-1.579e+01
-1.579e+01
-1.548e+01
-1.618e+01
-1.582e+01
-1.579e+01
-1.579e+01
-1.579e+01
-1.579e+01
-1.579e+01
-1.579e+01
-1.579e+01
-1.579e+01
-1.579e+01
-1.579e+01
-1.579e+01
-1.579e+01
-1.579e+01
-1.579e+01
-1.579e+01
-1.579e+01
-1.579e+01
-1.579e+01
-1.548e+01
-1.618e+01
-1.582e+01
-1.579e+01
-1.579e+01
-1.579e+01
-1.579e+01
-1.579e+01
-1.579e+01
-1.579e+01
-1.579e+01
-1.579e+01
-1.579e+01
-1.579e+01
-1.579e+01
-1.579e+01
-1.579e+01
-1.579e+01
-1.579e+01
-1.579e+01
-1.579e+01
-1.548e+01
-1.618e+01
-1.582e+01
-1.579e+01
-1.579e+01
-1.579e+01
-1.579e+01
-1.579e+01
-1.579e+01
-1.579e+01
-1.579e+01
-1.579e+01
-1.579e+01
-1.579e+01
-1.579e+01
-1.579e+01
-1.579e+01
-1.579e+01
-1.579e+01
-1.579e+01
-1.579e+01
-1.548e+01
-1.618e+01
-1.582e+01
-1.579e+01
-1.579e+01
-1.579e+01
-1.579e+01
-1.579e+01
-1.579e+01
-1.579e+01
-1.579e+01
-1.579e+01
-1.579e+01
-1.579e+01
-1.579e+01
-1.579e+01
-1.579e+01
-1.579e+01
-1.579e+01
-1.579e+01
-1.579e+01
-1.548e+01
-1.618e+01
-1.583e+01
-1.579e+01
-1.579e+01
-1.579e+01
-1.579e+01
-1.579e+01
-1.579e+01
-1.579e+01
-1.579e+01
-1.579e+01
-1.579e+01
-1.579e+01
-1.579e+01
-1.579e+01
-1.579e+01
-1.579e+01
-1.579e+01
-1.579e+01
-1.583e+01
-1.548e+01
-1.591e+01
-1.550e+01
-1.548e+01
-1.548e+01
-1.548e+01
-1.548e+01
-1.548e+01
-1.548e+01
-1.548e+01
-1.548e+01
-1.548e+01
-1.548e+01
-1.548e+01
-1.548e+01
-1.548e+01
-1.548e+01
-1.548e+01
-1.548e+01
-1.548e+01
-1.548e+01
-1.522e+01
-8.175e+00
-6.864e+00
-6.864e+00
-6.864e+00
-6.864e+00
-6.864e+00
-6.864e+00
-6.864e+00
-6.864e+00
-6.864e+00
-6.864e+00
-6.864e+00
-6.864e+00
-6.864e+00
-6.864e+00
-6.864e+00
-6.864e+00
-6.864e+00
-6.864e+00
-6.860e+00
-5.353e+00
-6.864e+00
-5.359e+00
-5.359e+00
-5.359e+00
-5.359e+00
-5.359e+00
-5.359e+00
-5.359e+00
-5.359e+00
-5.359e+00
-5.359e+00
-5.359e+00
-5.359e+00
-5.359e+00
-5.359e+00
-5.359e+00
-5.359e+00
-5.359e+00
-5.359e+00
-5.359e+00
-4.509e+00
-6.864e+00
-5.359e+00
-5.359e+00
-5.359e+00
-5.359e+00
-5.359e+00
-5.359e+00
-5.359e+00
-5.359e+00
-5.359e+00
-5.359e+00
-5.359e+00
-5.359e+00
-5.359e+00
-5.359e+00
-5.359e+00
-5.359e+00
-5.359e+00
-5.359e+00
-5.359e+00
-4.509e+00
-6.864e+00
-5.359e+00
-5.359e+00
-5.359e+00
-5.359e+00
-5.359e+00
-5.359e+00
-5.359e+00
-5.359e+00
-5.359e+00
-5.359e+00
-5.359e+00
-5.359e+00
-5.359e+00
-5.359e+00
-5.359e+00
-5.359e+00
-5.359e+00
-5.359e+00
-5.359e+00
-4.509e+00
-6.864e+00
-5.359e+00
-5.359e+00
-5.359e+00
-5.359e+00
-5.359e+00
-5.359e+00
-5.359e+00
-5.359e+00
-5.359e+00
-5.359e+00
-5.359e+00
-5.359e+00
-5.359e+00
-5.359e+00
-5.359e+00
-5.359e+00
-5.359e+00
-5.359e+00
-5.359e+00
-4.509e+00
-6.864e+00
-5.359e+00
-5.359e+00
-5.359e+00
-5.359e+00
-5.359e+00
-5.359e+00
-5.359e+00
-5.359e+00
-5.359e+00
-5.359e+00
-5.359e+00
-5.359e+00
-5.359e+00
-5.359e+00
-5.359e+00
-5.359e+00
-5.359e+00
-5.359e+00
-5.359e+00
-4.509e+00
-6.864e+00
-5.359e+00
-5.359e+00
-5.359e+00
-5.359e+00
-5.359e+00
-5.359e+00
-5.359e+00
-5.359e+00
-5.359e+00
-5.359e+00
-5.359e+00
-5.359e+00
-5.359e+00
-5.359e+00
-5.359e+00
-5.359e+00
-5.359e+00
-5.359e+00
-5.359e+00
-4.509e+00
-6.864e+00
-5.359e+00
-5.359e+00
-5.359e+00
-5.359e+00
-5.359e+00
-5.359e+00
-5.359e+00
-5.359e+00
-5.359e+00
-5.359e+00
-5.359e+00
-5.359e+00
-5.359e+00
-5.359e+00
-5.359e+00
-5.359e+00
-5.359e+00
-5.359e+00
-5.359e+00
-4.509e+00
-6.864e+00
-5.359e+00
-5.359e+00
-5.359e+00
-5.359e+00
-5.359e+00
-5.359e+00
-5.359e+00
-5.359e+00
-5.359e+00
-5.359e+00
-5.359e+00
-5.359e+00
-5.359e+00
-5.359e+00
-5.359e+00
-5.359e+00
-5.359e+00
-5.359e+00
-5.359e+00
-4.509e+00
-6.855e+00
-5.358e+00
-5.358e+00
-5.358e+00
-5.358e+00
-5.358e+00
-5.358e+00
-5.358e+00
-5.358e+00
-5.358e+00
-5.358e+00
-5.358e+00
-5.358e+00
-5.358e+00
-5.358e+00
-5.358e+00
-5.358e+00
-5.358e+00
-5.358e+00
-5.358e+00
-4.509e+00
-6.833e+00
-5.286e+00
-5.287e+00
-5.287e+00
-5.287e+00
-5.287e+00
-5.287e+00
-5.287e+00
-5.287e+00
-5.287e+00
-5.287e+00
-5.287e+00
-5.287e+00
-5.287e+00
-5.287e+00
-5.287e+00
-5.287e+00
-5.287e+00
-5.287e+00
-5.286e+00
-4.446e+00
-6.805e+00
-5.262e+00
-5.264e+00
-5.264e+00
-5.264e+00
-5.264e+00
-5.264e+00
-5.264e+00
-5.264e+00
-5.264e+00
-5.264e+00
-5.264e+00
-5.264e+00
-5.264e+00
-5.264e+00
-5.264e+00
-5.264e+00
-5.264e+00
-5.264e+00
-5.262e+00
-4.424e+00
-6.805e+00
-5.262e+00
-5.264e+00
-5.264e+00
-5.264e+00
-5.264e+00
-5.264e+00
-5.264e+00
-5.264e+00
-5.264e+00
-5.264e+00
-5.264e+00
-5.264e+00
-5.264e+00
-5.264e+00
-5.264e+00
-5.264e+00
-5.264e+00
-5.264e+00
-5.262e+00
-4.424e+00
-6.805e+00
-5.262e+00
-5.264e+00
-5.264e+00
-5.264e+00
-5.264e+00
-5.264e+00
-5.264e+00
-5.264e+00
-5.264e+00
-5.264e+00
-5.264e+00
-5.264e+00
-5.264e+00
-5.264e+00
-5.264e+00
-5.264e+00
-5.264e+00
-5.264e+00
-5.262e+00
-4.424e+00
-6.805e+00
-5.262e+00
-5.264e+00
-5.264e+00
-5.264e+00
-5.264e+00
-5.264e+00
-5.264e+00
-5.264e+00
-5.264e+00
-5.264e+00
-5.264e+00
-5.264e+00
-5.264e+00
-5.264e+00
-5.264e+00
-5.264e+00
-5.264e+00
-5.264e+00
-5.262e+00
-4.424e+00
-6.805e+00
-5.262e+00
-5.264e+00
-5.264e+00
-5.264e+00
-5.264e+00
-5.264e+00
-5.264e+00
-5.264e+00
-5.264e+00
-5.264e+00
-5.264e+00
-5.264e+00
-5.264e+00
-5.264e+00
-5.264e+00
-5.264e+00
-5.264e+00
-5.264e+00
-5.262e+00
-4.424e+00
-6.805e+00
-5.262e+00
-5.264e+00
-5.264e+00
-5.264e+00
-5.264e+00
-5.264e+00
-5.264e+00
-5.264e+00
-5.264e+00
-5.264e+00
-5.264e+00
-5.264e+00
-5.264e+00
-5.264e+00
-5.264e+00
-5.264e+00
-5.264e+00
-5.264e+00
-5.262e+00
-4.424e+00
-6.805e+00
-5.262e+00
-5.264e+00
-5.264e+00
-5.264e+00
-5.264e+00
-5.264e+00
-5.264e+00
-5.264e+00
-5.264e+00
-5.264e+00
-5.264e+00
-5.264e+00
-5.264e+00
-5.264e+00
-5.264e+00
-5.264e+00
-5.264e+00
-5.264e+00
-5.262e+00
-4.424e+00
-6.805e+00
-5.262e+00
-5.264e+00
-5.264e+00
-5.264e+00
-5.264e+00
-5.264e+00
-5.264e+00
-5.264e+00
-5.264e+00
-5.264e+00
-5.264e+00
-5.264e+00
-5.264e+00
-5.264e+00
-5.264e+00
-5.264e+00
-5.264e+00
-5.264e+00
-5.262e+00
-4.424e+00
-6.800e+00
-5.260e+00
-5.262e+00
-5.262e+00
-5.262e+00
-5.262e+00
-5.262e+00
-5.262e+00
-5.262e+00
-5.262e+00
-5.262e+00
-5.262e+00
-5.262e+00
-5.262e+00
-5.262e+00
-5.262e+00
-5.262e+00
-5.262e+00
-5.262e+00
-5.262e+00
-4.424e+00
-5.254e+00
-4.422e+00
-4.424e+00
-4.424e+00
-4.424e+00
-4.424e+00
-4.424e+00
-4.424e+00
-4.424e+00
-4.424e+00
-4.424e+00
-4.424e+00
-4.424e+00
-4.424e+00
-4.424e+00
-4.424e+00
-4.424e+00
-4.424e+00
-4.424e+00
-4.424e+00
-4.141e+00
-3.370e+00
-3.370e+00
-3.370e+00
-3.370e+00
-3.370e+00
-3.370e+00
-3.370e+00
-3.370e+00
-3.370e+00
-3.370e+00
-3.370e+00
-3.370e+00
-3.370e+00
-3.370e+00
-3.370e+00
-3.370e+00
-3.370e+00
-3.370e+00
-3.370e+00
-3.370e+00
-3.366e+00
-3.370e+00
-3.366e+00
-3.366e+00
-3.366e+00
-3.366e+00
-3.366e+00
-3.366e+00
-3.366e+00
-3.366e+00
-3.366e+00
-3.366e+00
-3.366e+00
-3.366e+00
-3.366e+00
-3.366e+00
-3.366e+00
-3.366e+00
-3.366e+00
-3.366e+00
-3.366e+00
-3.358e+00
-3.370e+00
-3.366e+00
-3.366e+00
-3.366e+00
-3.366e+00
-3.366e+00
-3.366e+00
-3.366e+00
-3.366e+00
-3.366e+00
-3.366e+00
-3.366e+00
-3.366e+00
-3.366e+00
-3.366e+00
-3.366e+00
-3.366e+00
-3.366e+00
-3.366e+00
-3.366e+00
-3.358e+00
-3.370e+00
-3.366e+00
-3.366e+00
-3.366e+00
-3.366e+00
-3.366e+00
-3.366e+00
-3.366e+00
-3.366e+00
-3.366e+00
-3.366e+00
-3.366e+00
-3.366e+00
-3.366e+00
-3.366e+00
-3.366e+00
-3.366e+00
-3.366e+00
-3.366e+00
-3.366e+00
-3.358e+00
-3.370e+00
-3.366e+00
-3.366e+00
-3.366e+00
-3.366e+00
-3.366e+00
-3.366e+00
-3.366e+00
-3.366e+00
-3.366e+00
-3.366e+00
-3.366e+00
-3.366e+00
-3.366e+00
-3.366e+00
-3.366e+00
-3.366e+00
-3.366e+00
-3.366e+00
-3.366e+00
-3.358e+00
-3.370e+00
-3.366e+00
-3.366e+00
-3.366e+00
-3.366e+00
-3.366e+00
-3.366e+00
-3.366e+00
-3.366e+00
-3.366e+00
-3.366e+00
-3.366e+00
-3.366e+00
-3.366e+00
-3.366e+00
-3.366e+00
-3.366e+00
-3.366e+00
-3.366e+00
-3.366e+00
-3.358e+00
-3.370e+00
-3.366e+00
-3.366e+00
-3.366e+00
-3.366e+00
-3.366e+00
-3.366e+00
-3.366e+00
-3.366e+00
-3.366e+00
-3.366e+00
-3.366e+00
-3.366e+00
-3.366e+00
-3.366e+00
-3.366e+00
-3.366e+00
-3.366e+00
-3.366e+00
-3.366e+00
-3.358e+00
-3.370e+00
-3.366e+00
-3.366e+00
-3.366e+00
-3.366e+00
-3.366e+00
-3.366e+00
-3.366e+00
-3.366e+00
-3.366e+00
-3.366e+00
-3.366e+00
-3.366e+00
-3.366e+00
-3.366e+00
-3.366e+00
-3.366e+00
-3.366e+00
-3.366e+00
-3.366e+00
-3.358e+00
-3.370e+00
-3.366e+00
-3.366e+00
-3.366e+00
-3.366e+00
-3.366e+00
-3.366e+00
-3.366e+00
-3.366e+00
-3.366e+00
-3.366e+00
-3.366e+00
-3.366e+00
-3.366e+00
-3.366e+00
-3.366e+00
-3.366e+00
-3.366e+00
-3.366e+00
-3.366e+00
-3.358e+00
-3.366e+00
-3.364e+00
-3.364e+00
-3.364e+00
-3.364e+00
-3.364e+00
-3.364e+00
-3.364e+00
-3.364e+00
-3.364e+00
-3.364e+00
-3.364e+00
-3.364e+00
-3.364e+00
-3.364e+00
-3.364e+00
-3.364e+00
-3.364e+00
-3.364e+00
-3.364e+00
-3.354e+00
-1.779e+00
-1.779e+00
-1.779e+00
-1.779e+00
-1.779e+00
-1.779e+00
-1.779e+00
-1.779e+00
-1.779e+00
-1.779e+00
-1.779e+00
-1.779e+00
-1.779e+00
-1.779e+00
-1.779e+00
-1.779e+00
-1.779e+00
-1.779e+00
-1.779e+00
-1.779e+00
-1.779e+00
-1.780e+00
-1.780e+00
-1.780e+00
-1.780e+00
-1.780e+00
-1.780e+00
-1.780e+00
-1.780e+00
-1.780e+00
-1.780e+00
-1.780e+00
-1.780e+00
-1.780e+00
-1.780e+00
-1.780e+00
-1.780e+00
-1.780e+00
-1.780e+00
-1.780e+00
-1.780e+00
-1.780e+00
-1.780e+00
-1.780e+00
-1.780e+00
-1.780e+00
-1.780e+00
-1.780e+00
-1.780e+00
-1.780e+00
-1.780e+00
-1.780e+00
-1.780e+00
-1.780e+00
-1.780e+00
-1.780e+00
-1.780e+00
-1.780e+00
-1.780e+00
-1.780e+00
-1.780e+00
-1.780e+00
-1.780e+00
-1.780e+00
-1.780e+00
-1.780e+00
-1.780e+00
-1.780e+00
-1.780e+00
-1.780e+00
-1.780e+00
-1.780e+00
-1.780e+00
-1.780e+00
-1.780e+00
-1.780e+00
-1.780e+00
-1.780e+00
-1.780e+00
-1.780e+00
-1.780e+00
-1.780e+00
-1.780e+00
-1.780e+00
-1.780e+00
-1.780e+00
-1.780e+00
-1.780e+00
-1.780e+00
-1.780e+00
-1.780e+00
-1.780e+00
-1.780e+00
-1.780e+00
-1.780e+00
-1.780e+00
-1.780e+00
-1.780e+00
-1.780e+00
-1.780e+00
-1.780e+00
-1.780e+00
-1.780e+00
-1.780e+00
-1.780e+00
-1.780e+00
-1.780e+00
-1.780e+00
-1.780e+00
-1.780e+00
-1.780e+00
-1.780e+00
-1.780e+00
-1.780e+00
-1.780e+00
-1.780e+00
-1.780e+00
-1.780e+00
-1.780e+00
-1.780e+00
-1.780e+00
-1.780e+00
-1.780e+00
-1.780e+00
-1.780e+00
-1.780e+00
-1.780e+00
-1.780e+00
-1.780e+00
-1.780e+00
-1.780e+00
-1.780e+00
-1.780e+00
-1.780e+00
-1.780e+00
-1.780e+00
-1.780e+00
-1.780e+00
-1.780e+00
-1.780e+00
-1.780e+00
-1.780e+00
-1.780e+00
-1.780e+00
-1.780e+00
-1.780e+00
-1.780e+00
-1.780e+00
-1.780e+00
-1.780e+00
-1.780e+00
-1.780e+00
-1.780e+00
-1.780e+00
-1.780e+00
-1.780e+00
-1.780e+00
-1.780e+00
-1.780e+00
-1.780e+00
-1.780e+00
-1.780e+00
-1.780e+00
-1.780e+00
-1.780e+00
-1.780e+00
-1.780e+00
-1.780e+00
-1.780e+00
-1.780e+00
-1.780e+00
-1.780e+00
-1.780e+00
-1.780e+00
-1.780e+00
-1.780e+00
-1.780e+00
-1.780e+00
-1.780e+00
-1.780e+00
-1.780e+00
-1.780e+00
-1.780e+00
-1.780e+00
-1.780e+00
-1.780e+00
-1.780e+00
-1.780e+00
-1.780e+00
-1.780e+00
-1.780e+00
-1.780e+00
-1.780e+00
-1.780e+00
-1.780e+00
-1.780e+00
-1.780e+00
-1.780e+00
-1.780e+00
-1.780e+00
-1.780e+00
-1.780e+00
-1.780e+00
-1.780e+00
-1.780e+00
-1.780e+00
-1.780e+00
-1.780e+00
-1.780e+00
-1.780e+00
-1.780e+00
-1.780e+00
-1.780e+00
-1.780e+00
-1.780e+00
-1.780e+00
-1.780e+00
-1.780e+00
-1.780e+00
-1.780e+00
-1.780e+00
-1.780e+00
-1.780e+00
-1.780e+00
-1.780e+00
-1.780e+00
-1.780e+00
-1.780e+00
-1.780e+00
-1.780e+00
-1.780e+00
-2.646e+00
-2.537e+00
-2.537e+00
-2.537e+00
-2.537e+00
-2.537e+00
-2.537e+00
-2.537e+00
-2.537e+00
-2.537e+00
-2.537e+00
-2.537e+00
-2.537e+00
-2.537e+00
-2.537e+00
-2.537e+00
-2.537e+00
-2.537e+00
-2.537e+00
-2.537e+00
-2.367e+00
-2.537e+00
-2.367e+00
-2.367e+00
-2.367e+00
-2.367e+00
-2.367e+00
-2.367e+00
-2.367e+00
-2.367e+00
-2.367e+00
-2.367e+00
-2.367e+00
-2.367e+00
-2.367e+00
-2.367e+00
-2.367e+00
-2.367e+00
-2.367e+00
-2.367e+00
-2.367e+00
-2.247e+00
-2.537e+00
-2.367e+00
-2.367e+00
-2.367e+00
-2.367e+00
-2.367e+00
-2.367e+00
-2.367e+00
-2.367e+00
-2.367e+00
-2.367e+00
-2.367e+00
-2.367e+00
-2.367e+00
-2.367e+00
-2.367e+00
-2.367e+00
-2.367e+00
-2.367e+00
-2.367e+00
-2.247e+00
-2.537e+00
-2.367e+00
-2.367e+00
-2.367e+00
-2.367e+00
-2.367e+00
-2.367e+00
-2.367e+00
-2.367e+00
-2.367e+00
-2.367e+00
-2.367e+00
-2.367e+00
-2.367e+00
-2.367e+00
-2.367e+00
-2.367e+00
-2.367e+00
-2.367e+00
-2.367e+00
-2.247e+00
-2.537e+00
-2.367e+00
-2.367e+00
-2.367e+00
-2.367e+00
-2.367e+00
-2.367e+00
-2.367e+00
-2.367e+00
-2.367e+00
-2.367e+00
-2.367e+00
-2.367e+00
-2.367e+00
-2.367e+00
-2.367e+00
-2.367e+00
-2.367e+00
-2.367e+00
-2.367e+00
-2.247e+00
-2.537e+00
-2.367e+00
-2.367e+00
-2.367e+00
-2.367e+00
-2.367e+00
-2.367e+00
-2.367e+00
-2.367e+00
-2.367e+00
-2.367e+00
-2.367e+00
-2.367e+00
-2.367e+00
-2.367e+00
-2.367e+00
-2.367e+00
-2.367e+00
-2.367e+00
-2.367e+00
-2.247e+00
-2.537e+00
-2.367e+00
-2.367e+00
-2.367e+00
-2.367e+00
-2.367e+00
-2.367e+00
-2.367e+00
-2.367e+00
-2.367e+00
-2.367e+00
-2.367e+00
-2.367e+00
-2.367e+00
-2.367e+00
-2.367e+00
-2.367e+00
-2.367e+00
-2.367e+00
-2.367e+00
-2.247e+00
-2.537e+00
-2.367e+00
-2.367e+00
-2.367e+00
-2.367e+00
-2.367e+00
-2.367e+00
-2.367e+00
-2.367e+00
-2.367e+00
-2.367e+00
-2.367e+00
-2.367e+00
-2.367e+00
-2.367e+00
-2.367e+00
-2.367e+00
-2.367e+00
-2.367e+00
-2.367e+00
-2.247e+00
-2.537e+00
-2.367e+00
-2.367e+00
-2.367e+00
-2.367e+00
-2.367e+00
-2.367e+00
-2.367e+00
-2.367e+00
-2.367e+00
-2.367e+00
-2.367e+00
-2.367e+00
-2.367e+00
-2.367e+00
-2.367e+00
-2.367e+00
-2.367e+00
-2.367e+00
-2.367e+00
-2.247e+00
-2.531e+00
-2.367e+00
-2.367e+00
-2.367e+00
-2.367e+00
-2.367e+00
-2.367e+00
-2.367e+00
-2.367e+00
-2.367e+00
-2.367e+00
-2.367e+00
-2.367e+00
-2.367e+00
-2.367e+00
-2.367e+00
-2.367e+00
-2.367e+00
-2.367e+00
-2.367e+00
-2.247e+00
-1.417e+00
-1.423e+00
-1.423e+00
-1.423e+00
-1.423e+00
-1.423e+00
-1.423e+00
-1.423e+00
-1.423e+00
-1.423e+00
-1.423e+00
-1.423e+00
-1.423e+00
-1.423e+00
-1.423e+00
-1.423e+00
-1.423e+00
-1.423e+00
-1.423e+00
-1.423e+00
-1.425e+00
-1.417e+00
-1.423e+00
-1.423e+00
-1.423e+00
-1.423e+00
-1.423e+00
-1.423e+00
-1.423e+00
-1.423e+00
-1.423e+00
-1.423e+00
-1.423e+00
-1.423e+00
-1.423e+00
-1.423e+00
-1.423e+00
-1.423e+00
-1.423e+00
-1.423e+00
-1.423e+00
-1.425e+00
-1.417e+00
-1.423e+00
-1.423e+00
-1.423e+00
-1.423e+00
-1.423e+00
-1.423e+00
-1.423e+00
-1.423e+00
-1.423e+00
-1.423e+00
-1.423e+00
-1.423e+00
-1.423e+00
-1.423e+00
-1.423e+00
-1.423e+00
-1.423e+00
-1.423e+00
-1.423e+00
-1.425e+00
-1.417e+00
-1.423e+00
-1.423e+00
-1.423e+00
-1.423e+00
-1.423e+00
-1.423e+00
-1.423e+00
-1.423e+00
-1.423e+00
-1.423e+00
-1.423e+00
-1.423e+00
-1.423e+00
-1.423e+00
-1.423e+00
-1.423e+00
-1.423e+00
-1.423e+00
-1.423e+00
-1.425e+00
-1.417e+00
-1.423e+00
-1.423e+00
-1.423e+00
-1.423e+00
-1.423e+00
-1.423e+00
-1.423e+00
-1.423e+00
-1.423e+00
-1.423e+00
-1.423e+00
-1.423e+00
-1.423e+00
-1.423e+00
-1.423e+00
-1.423e+00
-1.423e+00
-1.423e+00
-1.423e+00
-1.425e+00
-1.417e+00
-1.423e+00
-1.423e+00
-1.423e+00
-1.423e+00
-1.423e+00
-1.423e+00
-1.423e+00
-1.423e+00
-1.423e+00
-1.423e+00
-1.423e+00
-1.423e+00
-1.423e+00
-1.423e+00
-1.423e+00
-1.423e+00
-1.423e+00
-1.423e+00
-1.423e+00
-1.425e+00
-1.417e+00
-1.423e+00
-1.423e+00
-1.423e+00
-1.423e+00
-1.423e+00
-1.423e+00
-1.423e+00
-1.423e+00
-1.423e+00
-1.423e+00
-1.423e+00
-1.423e+00
-1.423e+00
-1.423e+00
-1.423e+00
-1.423e+00
-1.423e+00
-1.423e+00
-1.423e+00
-1.425e+00
-1.417e+00
-1.423e+00
-1.423e+00
-1.423e+00
-1.423e+00
-1.423e+00
-1.423e+00
-1.423e+00
-1.423e+00
-1.423e+00
-1.423e+00
-1.423e+00
-1.423e+00
-1.423e+00
-1.423e+00
-1.423e+00
-1.423e+00
-1.423e+00
-1.423e+00
-1.423e+00
-1.425e+00
-1.417e+00
-1.423e+00
-1.423e+00
-1.423e+00
-1.423e+00
-1.423e+00
-1.423e+00
-1.423e+00
-1.423e+00
-1.423e+00
-1.423e+00
-1.423e+00
-1.423e+00
-1.423e+00
-1.423e+00
-1.423e+00
-1.423e+00
-1.423e+00
-1.423e+00
-1.423e+00
-1.425e+00
-1.417e+00
-1.423e+00
-1.423e+00
-1.423e+00
-1.423e+00
-1.423e+00
-1.423e+00
-1.423e+00
-1.423e+00
-1.423e+00
-1.423e+00
-1.423e+00
-1.423e+00
-1.423e+00
-1.423e+00
-1.423e+00
-1.423e+00
-1.423e+00
-1.423e+00
-1.423e+00
-1.425e+00
-1.423e+00
-1.425e+00
-1.425e+00
-1.425e+00
-1.425e+00
-1.425e+00
-1.425e+00
-1.425e+00
-1.425e+00
-1.425e+00
-1.425e+00
-1.425e+00
-1.425e+00
-1.425e+00
-1.425e+00
-1.425e+00
-1.425e+00
-1.425e+00
-1.425e+00
-1.425e+00
-1.427e+00
-1.394e+00
-1.394e+00
-1.394e+00
-1.394e+00
-1.394e+00
-1.394e+00
-1.394e+00
-1.394e+00
-1.394e+00
-1.394e+00
-1.394e+00
-1.394e+00
-1.394e+00
-1.394e+00
-1.394e+00
-1.394e+00
-1.394e+00
-1.394e+00
-1.394e+00
-1.394e+00
-1.394e+00
-1.394e+00
-1.394e+00
-1.394e+00
-1.394e+00
-1.394e+00
-1.394e+00
-1.394e+00
-1.394e+00
-1.394e+00
-1.394e+00
-1.394e+00
-1.394e+00
-1.394e+00
-1.394e+00
-1.394e+00
-1.394e+00
-1.394e+00
-1.394e+00
-1.394e+00
-1.394e+00
-1.393e+00
-1.394e+00
-1.394e+00
-1.394e+00
-1.394e+00
-1.394e+00
-1.394e+00
-1.394e+00
-1.394e+00
-1.394e+00
-1.394e+00
-1.394e+00
-1.394e+00
-1.394e+00
-1.394e+00
-1.394e+00
-1.394e+00
-1.394e+00
-1.394e+00
-1.394e+00
-1.394e+00
-1.393e+00
-1.394e+00
-1.394e+00
-1.394e+00
-1.394e+00
-1.394e+00
-1.394e+00
-1.394e+00
-1.394e+00
-1.394e+00
-1.394e+00
-1.394e+00
-1.394e+00
-1.394e+00
-1.394e+00
-1.394e+00
-1.394e+00
-1.394e+00
-1.394e+00
-1.394e+00
-1.394e+00
-1.393e+00
-1.394e+00
-1.394e+00
-1.394e+00
-1.394e+00
-1.394e+00
-1.394e+00
-1.394e+00
-1.394e+00
-1.394e+00
-1.394e+00
-1.394e+00
-1.394e+00
-1.394e+00
-1.394e+00
-1.394e+00
-1.394e+00
-1.394e+00
-1.394e+00
-1.394e+00
-1.394e+00
-1.393e+00
-1.394e+00
-1.394e+00
-1.394e+00
-1.394e+00
-1.394e+00
-1.394e+00
-1.394e+00
-1.394e+00
-1.394e+00
-1.394e+00
-1.394e+00
-1.394e+00
-1.394e+00
-1.394e+00
-1.394e+00
-1.394e+00
-1.394e+00
-1.394e+00
-1.394e+00
-1.394e+00
-1.393e+00
-1.394e+00
-1.394e+00
-1.394e+00
-1.394e+00
-1.394e+00
-1.394e+00
-1.394e+00
-1.394e+00
-1.394e+00
-1.394e+00
-1.394e+00
-1.394e+00
-1.394e+00
-1.394e+00
-1.394e+00
-1.394e+00
-1.394e+00
-1.394e+00
-1.394e+00
-1.394e+00
-1.393e+00
-1.394e+00
-1.394e+00
-1.394e+00
-1.394e+00
-1.394e+00
-1.394e+00
-1.394e+00
-1.394e+00
-1.394e+00
-1.394e+00
-1.394e+00
-1.394e+00
-1.394e+00
-1.394e+00
-1.394e+00
-1.394e+00
-1.394e+00
-1.394e+00
-1.394e+00
-1.394e+00
-1.393e+00
-1.394e+00
-1.394e+00
-1.394e+00
-1.394e+00
-1.394e+00
-1.394e+00
-1.394e+00
-1.394e+00
-1.394e+00
-1.394e+00
-1.394e+00
-1.394e+00
-1.394e+00
-1.394e+00
-1.394e+00
-1.394e+00
-1.394e+00
-1.394e+00
-1.394e+00
-1.394e+00
-1.393e+00
-1.394e+00
-1.393e+00
-1.393e+00
-1.393e+00
-1.393e+00
-1.393e+00
-1.393e+00
-1.393e+00
-1.393e+00
-1.393e+00
-1.393e+00
-1.393e+00
-1.393e+00
-1.393e+00
-1.393e+00
-1.393e+00
-1.393e+00
-1.393e+00
-1.393e+00
-1.393e+00
-1.393e+00
-1.160e+00
-1.160e+00
-1.160e+00
-1.160e+00
-1.160e+00
-1.160e+00
-1.160e+00
-1.160e+00
-1.160e+00
-1.160e+00
-1.160e+00
-1.160e+00
-1.160e+00
-1.160e+00
-1.160e+00
-1.160e+00
-1.160e+00
-1.160e+00
-1.160e+00
-1.160e+00
-1.160e+00
-1.160e+00
-1.160e+00
-1.160e+00
-1.160e+00
-1.160e+00
-1.160e+00
-1.160e+00
-1.160e+00
-1.160e+00
-1.160e+00
-1.160e+00
-1.160e+00
-1.160e+00
-1.160e+00
-1.160e+00
-1.160e+00
-1.160e+00
-1.160e+00
-1.160e+00
-1.160e+00
-1.160e+00
-1.160e+00
-1.160e+00
-1.160e+00
-1.160e+00
-1.160e+00
-1.160e+00
-1.160e+00
-1.160e+00
-1.160e+00
-1.160e+00
-1.160e+00
-1.160e+00
-1.160e+00
-1.160e+00
-1.160e+00
-1.160e+00
-1.160e+00
-1.160e+00
-1.160e+00
-1.160e+00
-1.160e+00
-1.160e+00
-1.160e+00
-1.160e+00
-1.160e+00
-1.160e+00
-1.160e+00
-1.160e+00
-1.160e+00
-1.160e+00
-1.160e+00
-1.160e+00
-1.160e+00
-1.160e+00
-1.160e+00
-1.160e+00
-1.160e+00
-1.160e+00
-1.160e+00
-1.160e+00
-1.160e+00
-1.160e+00
-1.160e+00
-1.160e+00
-1.160e+00
-1.160e+00
-1.160e+00
-1.160e+00
-1.160e+00
-1.160e+00
-1.160e+00
-1.160e+00
-1.160e+00
-1.160e+00
-1.160e+00
-1.160e+00
-1.160e+00
-1.160e+00
-1.160e+00
-1.160e+00
-1.160e+00
-1.160e+00
-1.160e+00
-1.160e+00
-1.160e+00
-1.160e+00
-1.160e+00
-1.160e+00
-1.160e+00
-1.160e+00
-1.160e+00
-1.160e+00
-1.160e+00
-1.160e+00
-1.160e+00
-1.160e+00
-1.160e+00
-1.160e+00
-1.160e+00
-1.160e+00
-1.160e+00
-1.160e+00
-1.160e+00
-1.160e+00
-1.160e+00
-1.160e+00
-1.160e+00
-1.160e+00
-1.160e+00
-1.160e+00
-1.160e+00
-1.160e+00
-1.160e+00
-1.160e+00
-1.160e+00
-1.160e+00
-1.160e+00
-1.160e+00
-1.160e+00
-1.160e+00
-1.160e+00
-1.160e+00
-1.160e+00
-1.160e+00
-1.160e+00
-1.160e+00
-1.160e+00
-1.160e+00
-1.160e+00
-1.160e+00
-1.160e+00
-1.160e+00
-1.160e+00
-1.160e+00
-1.160e+00
-1.160e+00
-1.160e+00
-1.160e+00
-1.160e+00
-1.160e+00
-1.160e+00
-1.160e+00
-1.160e+00
-1.160e+00
-1.160e+00
-1.160e+00
-1.160e+00
-1.160e+00
-1.160e+00
-1.160e+00
-1.160e+00
-1.160e+00
-1.160e+00
-1.160e+00
-1.160e+00
-1.160e+00
-1.160e+00
-1.160e+00
-1.160e+00
-1.160e+00
-1.160e+00
-1.160e+00
-1.160e+00
-1.160e+00
-1.160e+00
-1.160e+00
-1.160e+00
-1.160e+00
-1.160e+00
-1.160e+00
-1.160e+00
-1.160e+00
-1.160e+00
-1.160e+00
-1.160e+00
-1.160e+00
-1.160e+00
-1.160e+00
-1.160e+00
-1.160e+00
-1.160e+00
-1.160e+00
-1.160e+00
-1.160e+00
-1.160e+00
-1.160e+00
-1.160e+00
-1.160e+00
-1.160e+00
-1.160e+00
-1.160e+00
-1.160e+00
-1.160e+00
-1.160e+00
-1.160e+00
-1.160e+00
-1.160e+00
-1.160e+00
-1.160e+00
-1.160e+00
-1.160e+00
-1.160e+00
-1.160e+00
-1.160e+00
-1.160e+00
-1.160e+00
-1.160e+00
-1.160e+00
-1.160e+00
-9.021e-01
-8.988e-01
-8.987e-01
-8.987e-01
-8.987e-01
-8.987e-01
-8.987e-01
-8.987e-01
-8.987e-01
-8.987e-01
-8.987e-01
-8.987e-01
-8.987e-01
-8.987e-01
-8.987e-01
-8.987e-01
-8.987e-01
-8.987e-01
-8.987e-01
-8.987e-01
-8.942e-01
-8.988e-01
-8.948e-01
-8.945e-01
-8.945e-01
-8.945e-01
-8.945e-01
-8.945e-01
-8.945e-01
-8.945e-01
-8.945e-01
-8.945e-01
-8.945e-01
-8.945e-01
-8.945e-01
-8.945e-01
-8.945e-01
-8.945e-01
-8.945e-01
-8.945e-01
-8.944e-01
-8.909e-01
-8.987e-01
-8.945e-01
-8.943e-01
-8.943e-01
-8.943e-01
-8.943e-01
-8.943e-01
-8.943e-01
-8.943e-01
-8.943e-01
-8.943e-01
-8.943e-01
-8.943e-01
-8.943e-01
-8.943e-01
-8.943e-01
-8.943e-01
-8.943e-01
-8.943e-01
-8.943e-01
-8.906e-01
-8.987e-01
-8.945e-01
-8.943e-01
-8.943e-01
-8.943e-01
-8.943e-01
-8.943e-01
-8.943e-01
-8.943e-01
-8.943e-01
-8.943e-01
-8.943e-01
-8.943e-01
-8.943e-01
-8.943e-01
-8.943e-01
-8.943e-01
-8.943e-01
-8.943e-01
-8.943e-01
-8.906e-01
-8.987e-01
-8.945e-01
-8.943e-01
-8.943e-01
-8.943e-01
-8.943e-01
-8.943e-01
-8.943e-01
-8.943e-01
-8.943e-01
-8.943e-01
-8.943e-01
-8.943e-01
-8.943e-01
-8.943e-01
-8.943e-01
-8.943e-01
-8.943e-01
-8.943e-01
-8.943e-01
-8.906e-01
-8.987e-01
-8.945e-01
-8.943e-01
-8.943e-01
-8.943e-01
-8.943e-01
-8.943e-01
-8.943e-01
-8.943e-01
-8.943e-01
-8.943e-01
-8.943e-01
-8.943e-01
-8.943e-01
-8.943e-01
-8.943e-01
-8.943e-01
-8.943e-01
-8.943e-01
-8.943e-01
-8.906e-01
-8.987e-01
-8.945e-01
-8.943e-01
-8.943e-01
-8.943e-01
-8.943e-01
-8.943e-01
-8.943e-01
-8.943e-01
-8.943e-01
-8.943e-01
-8.943e-01
-8.943e-01
-8.943e-01
-8.943e-01
-8.943e-01
-8.943e-01
-8.943e-01
-8.943e-01
-8.943e-01
-8.906e-01
-8.987e-01
-8.945e-01
-8.943e-01
-8.943e-01
-8.943e-01
-8.943e-01
-8.943e-01
-8.943e-01
-8.943e-01
-8.943e-01
-8.943e-01
-8.943e-01
-8.943e-01
-8.943e-01
-8.943e-01
-8.943e-01
-8.943e-01
-8.943e-01
-8.943e-01
-8.943e-01
-8.906e-01
-8.987e-01
-8.945e-01
-8.943e-01
-8.943e-01
-8.943e-01
-8.943e-01
-8.943e-01
-8.943e-01
-8.943e-01
-8.943e-01
-8.943e-01
-8.943e-01
-8.943e-01
-8.943e-01
-8.943e-01
-8.943e-01
-8.943e-01
-8.943e-01
-8.943e-01
-8.943e-01
-8.906e-01
-8.978e-01
-8.930e-01
-8.928e-01
-8.928e-01
-8.928e-01
-8.928e-01
-8.928e-01
-8.928e-01
-8.928e-01
-8.928e-01
-8.928e-01
-8.928e-01
-8.928e-01
-8.928e-01
-8.928e-01
-8.928e-01
-8.928e-01
-8.928e-01
-8.928e-01
-8.928e-01
-8.892e-01
-8.609e-01
-8.613e-01
-8.614e-01
-8.614e-01
-8.614e-01
-8.614e-01
-8.614e-01
-8.614e-01
-8.614e-01
-8.614e-01
-8.614e-01
-8.614e-01
-8.614e-01
-8.614e-01
-8.614e-01
-8.614e-01
-8.614e-01
-8.614e-01
-8.614e-01
-8.614e-01
-8.615e-01
-8.600e-01
-8.600e-01
-8.600e-01
-8.600e-01
-8.600e-01
-8.600e-01
-8.600e-01
-8.600e-01
-8.600e-01
-8.600e-01
-8.600e-01
-8.600e-01
-8.600e-01
-8.600e-01
-8.600e-01
-8.600e-01
-8.600e-01
-8.600e-01
-8.600e-01
-8.600e-01
-8.600e-01
-8.600e-01
-8.600e-01
-8.600e-01
-8.600e-01
-8.600e-01
-8.600e-01
-8.600e-01
-8.600e-01
-8.600e-01
-8.600e-01
-8.600e-01
-8.600e-01
-8.600e-01
-8.600e-01
-8.600e-01
-8.600e-01
-8.600e-01
-8.600e-01
-8.600e-01
-8.600e-01
-8.600e-01
-8.600e-01
-8.600e-01
-8.600e-01
-8.600e-01
-8.600e-01
-8.600e-01
-8.600e-01
-8.600e-01
-8.600e-01
-8.600e-01
-8.600e-01
-8.600e-01
-8.600e-01
-8.600e-01
-8.600e-01
-8.600e-01
-8.600e-01
-8.600e-01
-8.600e-01
-8.600e-01
-8.600e-01
-8.600e-01
-8.600e-01
-8.600e-01
-8.600e-01
-8.600e-01
-8.600e-01
-8.600e-01
-8.600e-01
-8.600e-01
-8.600e-01
-8.600e-01
-8.600e-01
-8.600e-01
-8.600e-01
-8.600e-01
-8.600e-01
-8.600e-01
-8.600e-01
-8.600e-01
-8.600e-01
-8.600e-01
-8.600e-01
-8.600e-01
-8.600e-01
-8.600e-01
-8.600e-01
-8.600e-01
-8.600e-01
-8.600e-01
-8.600e-01
-8.600e-01
-8.600e-01
-8.600e-01
-8.600e-01
-8.600e-01
-8.600e-01
-8.600e-01
-8.600e-01
-8.600e-01
-8.600e-01
-8.600e-01
-8.600e-01
-8.600e-01
-8.600e-01
-8.600e-01
-8.600e-01
-8.600e-01
-8.600e-01
-8.600e-01
-8.600e-01
-8.600e-01
-8.600e-01
-8.600e-01
-8.600e-01
-8.600e-01
-8.600e-01
-8.600e-01
-8.600e-01
-8.600e-01
-8.600e-01
-8.600e-01
-8.600e-01
-8.600e-01
-8.600e-01
-8.600e-01
-8.600e-01
-8.600e-01
-8.600e-01
-8.600e-01
-8.600e-01
-8.600e-01
-8.600e-01
-8.600e-01
-8.600e-01
-8.600e-01
-8.600e-01
-8.600e-01
-8.600e-01
-8.600e-01
-8.600e-01
-8.600e-01
-8.600e-01
-8.600e-01
-8.600e-01
-8.600e-01
-8.600e-01
-8.600e-01
-8.600e-01
-8.600e-01
-8.600e-01
-8.600e-01
-8.600e-01
-8.600e-01
-8.600e-01
-8.600e-01
-8.600e-01
-8.600e-01
-8.600e-01
-8.600e-01
-8.600e-01
-8.600e-01
-8.600e-01
-8.600e-01
-8.600e-01
-8.600e-01
-8.600e-01
-8.600e-01
-8.600e-01
-8.600e-01
-8.600e-01
-8.600e-01
-8.600e-01
-8.600e-01
-8.600e-01
-8.600e-01
-8.600e-01
-8.600e-01
-8.600e-01
-8.600e-01
-8.600e-01
-8.600e-01
-8.600e-01
-8.600e-01
-8.600e-01
-8.600e-01
-8.600e-01
-8.600e-01
-8.600e-01
-8.600e-01
-8.600e-01
-8.600e-01
-8.600e-01
-8.600e-01
-8.600e-01
-8.600e-01
-8.600e-01
-8.600e-01
-8.600e-01
-8.600e-01
-8.600e-01
-8.600e-01
-8.600e-01
-8.600e-01
-8.600e-01
-8.600e-01
-8.600e-01
-8.600e-01
-2.600e-01
-2.600e-01
-2.600e-01
-2.600e-01
-2.600e-01
-2.600e-01
-2.600e-01
-2.600e-01
-2.600e-01
-2.600e-01
-2.600e-01
-2.600e-01
-2.600e-01
-2.600e-01
-2.600e-01
-2.600e-01
-2.600e-01
-2.600e-01
-2.600e-01
-2.600e-01
-2.600e-01
-2.600e-01
-2.600e-01
-2.600e-01
-2.600e-01
-2.600e-01
-2.600e-01
-2.600e-01
-2.600e-01
-2.600e-01
-2.600e-01
-2.600e-01
-2.600e-01
-2.600e-01
-2.600e-01
-2.600e-01
-2.600e-01
-2.600e-01
-2.600e-01
-2.600e-01
-2.600e-01
-2.600e-01
-2.600e-01
-2.600e-01
-2.600e-01
-2.600e-01
-2.600e-01
-2.600e-01
-2.600e-01
-2.600e-01
-2.600e-01
-2.600e-01
-2.600e-01
-2.600e-01
-2.600e-01
-2.600e-01
-2.600e-01
-2.600e-01
-2.600e-01
-2.600e-01
-2.600e-01
-2.600e-01
-2.600e-01
-2.600e-01
-2.600e-01
-2.600e-01
-2.600e-01
-2.600e-01
-2.600e-01
-2.600e-01
-2.600e-01
-2.600e-01
-2.600e-01
-2.600e-01
-2.600e-01
-2.600e-01
-2.600e-01
-2.600e-01
-2.600e-01
-2.600e-01
-2.600e-01
-2.600e-01
-2.600e-01
-2.600e-01
-2.600e-01
-2.600e-01
-2.600e-01
-2.600e-01
-2.600e-01
-2.600e-01
-2.600e-01
-2.600e-01
-2.600e-01
-2.600e-01
-2.600e-01
-2.600e-01
-2.600e-01
-2.600e-01
-2.600e-01
-2.600e-01
-2.600e-01
-2.600e-01
-2.600e-01
-2.600e-01
-2.600e-01
-2.600e-01
-2.600e-01
-2.600e-01
-2.600e-01
-2.600e-01
-2.600e-01
-2.600e-01
-2.600e-01
-2.600e-01
-2.600e-01
-2.600e-01
-2.600e-01
-2.600e-01
-2.600e-01
-2.600e-01
-2.600e-01
-2.600e-01
-2.600e-01
-2.600e-01
-2.600e-01
-2.600e-01
-2.600e-01
-2.600e-01
-2.600e-01
-2.600e-01
-2.600e-01
-2.600e-01
-2.600e-01
-2.600e-01
-2.600e-01
-2.600e-01
-2.600e-01
-2.600e-01
-2.600e-01
-2.600e-01
-2.600e-01
-2.600e-01
-2.600e-01
-2.600e-01
-2.600e-01
-2.600e-01
-2.600e-01
-2.600e-01
-2.600e-01
-2.600e-01
-2.600e-01
-2.600e-01
-2.600e-01
-2.600e-01
-2.600e-01
-2.600e-01
-2.600e-01
-2.600e-01
-2.600e-01
-2.600e-01
-2.600e-01
-2.600e-01
-2.600e-01
-2.600e-01
-2.600e-01
-2.600e-01
-2.600e-01
-2.600e-01
-2.600e-01
-2.600e-01
-2.600e-01
-2.600e-01
-2.600e-01
-2.600e-01
-2.600e-01
-2.600e-01
-2.600e-01
-2.600e-01
-2.600e-01
-2.600e-01
-2.600e-01
-2.600e-01
-2.600e-01
-2.600e-01
-2.600e-01
-2.600e-01
-2.600e-01
-2.600e-01
-2.600e-01
-2.600e-01
-2.600e-01
-2.600e-01
-2.600e-01
-2.600e-01
-2.600e-01
-2.600e-01
-2.600e-01
-2.600e-01
-2.600e-01
-2.600e-01
-2.600e-01
-2.600e-01
-2.600e-01
-2.600e-01
-2.600e-01
-2.600e-01
-2.600e-01
-2.600e-01
-2.600e-01
-2.600e-01
-2.600e-01
-2.600e-01
-2.600e-01
-2.600e-01
-2.600e-01
-2.600e-01
-2.600e-01
-2.600e-01
-2.600e-01
-2.600e-01
-2.600e-01
-2.600e-01
-2.600e-01
-2.600e-01
-2.600e-01
-2.600e-01
-2.600e-01
-2.600e-01
-2.600e-01
-2.600e-01
-2.600e-01
-2.600e-01
-2.600e-01
-2.600e-01
-2.600e-01
-2.600e-01
-2.600e-01
-2.600e-01
-2.600e-01
-2.600e-01
-2.600e-01
-2.600e-01
-2.600e-01
-2.600e-01
-2.600e-01
-2.600e-01
-2.600e-01
-2.600e-01
-2.600e-01
-2.600e-01
-2.600e-01
-2.600e-01
-2.600e-01
-2.600e-01
-2.600e-01
-2.600e-01
-2.600e-01
-2.600e-01
-2.600e-01
-2.600e-01
-2.600e-01
-2.600e-01
-2.600e-01
-2.600e-01
-2.600e-01
-2.600e-01
-2.600e-01
-2.600e-01
-2.600e-01
-2.600e-01
-2.600e-01
-2.600e-01
-2.600e-01
-2.600e-01
-2.600e-01
-2.600e-01
-2.600e-01
-2.600e-01
-2.600e-01
-2.600e-01
-2.600e-01
-2.600e-01
-2.600e-01
-2.600e-01
-2.600e-01
-2.600e-01
-2.600e-01
-2.600e-01
-2.600e-01
-2.600e-01
-2.600e-01
-2.600e-01
-2.600e-01
-2.600e-01
-2.600e-01
-2.600e-01
-2.600e-01
-2.600e-01
-2.600e-01
-2.600e-01
-2.600e-01
-2.600e-01
-2.600e-01
-2.600e-01
-2.600e-01
-2.600e-01
-2.600e-01
-2.600e-01
-2.600e-01
-2.600e-01
-2.600e-01
-2.600e-01
-2.600e-01
-2.600e-01
-2.600e-01
-2.600e-01
-2.600e-01
-2.600e-01
-2.600e-01
-2.600e-01
-2.600e-01
-2.600e-01
-2.600e-01
-2.600e-01
-2.600e-01
-2.600e-01
-2.600e-01
-2.600e-01
-2.600e-01
-2.600e-01
-2.600e-01
-2.600e-01
-2.600e-01
-2.600e-01
-2.600e-01
-2.600e-01
-2.600e-01
-2.600e-01
-2.600e-01
-2.600e-01
-2.600e-01
-2.600e-01
-2.600e-01
-2.600e-01
-2.600e-01
-2.600e-01
-2.600e-01
-2.600e-01
-2.600e-01
-2.600e-01
-2.600e-01
-2.600e-01
-2.600e-01
-2.600e-01
-2.600e-01
-2.600e-01
-2.600e-01
-2.600e-01
-2.600e-01
-2.600e-01
-2.600e-01
-2.600e-01
-2.600e-01
-2.600e-01
-2.600e-01
-2.600e-01
-2.600e-01
-2.600e-01
-2.600e-01
-2.600e-01
-2.600e-01
-2.600e-01
-2.600e-01
-2.600e-01
-2.600e-01
-2.600e-01
-2.600e-01
-2.600e-01
-2.600e-01
-2.600e-01
-2.600e-01
-2.600e-01
-2.600e-01
-2.600e-01
-2.600e-01
-2.600e-01
-2.600e-01
-2.600e-01
-2.600e-01
-2.600e-01
-2.600e-01
-2.600e-01
-2.600e-01
-2.600e-01
-2.600e-01
-2.600e-01
-2.600e-01
-2.600e-01
-2.600e-01
-2.600e-01
-2.600e-01
-2.600e-01
-2.600e-01
-2.600e-01
-2.600e-01
-2.600e-01
-2.600e-01
-2.600e-01
-2.600e-01
-2.600e-01
-2.600e-01
-2.600e-01
-2.600e-01
-2.600e-01
-2.600e-01
-2.600e-01
-2.600e-01
-2.600e-01
-2.597e-01
-2.597e-01
-2.600e-01
-2.600e-01
-2.600e-01
-2.600e-01
-2.600e-01
-2.600e-01
-2.600e-01
-2.600e-01
-2.600e-01
-2.600e-01
-2.600e-01
-2.600e-01
-2.600e-01
-2.600e-01
-2.600e-01
-2.600e-01
-2.600e-01
-2.600e-01
-2.600e-01
-2.597e-01
-2.590e-01
3.400e-01
3.400e-01
3.400e-01
3.400e-01
3.400e-01
3.400e-01
3.400e-01
3.400e-01
3.400e-01
3.400e-01
3.400e-01
3.400e-01
3.400e-01
3.400e-01
3.400e-01
3.400e-01
3.400e-01
3.400e-01
3.400e-01
3.400e-01
3.400e-01
3.400e-01
3.400e-01
3.400e-01
3.400e-01
3.400e-01
3.400e-01
3.400e-01
3.400e-01
3.400e-01
3.400e-01
3.400e-01
3.400e-01
3.400e-01
3.400e-01
3.400e-01
3.400e-01
3.400e-01
3.400e-01
3.400e-01
3.400e-01
3.400e-01
3.400e-01
3.400e-01
3.400e-01
3.400e-01
3.400e-01
3.400e-01
3.400e-01
3.400e-01
3.400e-01
3.400e-01
3.400e-01
3.400e-01
3.400e-01
3.400e-01
3.400e-01
3.400e-01
3.400e-01
3.400e-01
3.400e-01
3.400e-01
3.400e-01
3.400e-01
3.400e-01
3.400e-01
3.400e-01
3.400e-01
3.400e-01
3.400e-01
3.400e-01
3.400e-01
3.400e-01
3.400e-01
3.400e-01
3.400e-01
3.400e-01
3.400e-01
3.400e-01
3.400e-01
3.400e-01
3.400e-01
3.400e-01
3.400e-01
3.400e-01
3.400e-01
3.400e-01
3.400e-01
3.400e-01
3.400e-01
3.400e-01
3.400e-01
3.400e-01
3.400e-01
3.400e-01
3.400e-01
3.400e-01
3.400e-01
3.400e-01
3.400e-01
3.400e-01
3.400e-01
3.400e-01
3.400e-01
3.400e-01
3.400e-01
3.400e-01
3.400e-01
3.400e-01
3.400e-01
3.400e-01
3.400e-01
3.400e-01
3.400e-01
3.400e-01
3.400e-01
3.400e-01
3.400e-01
3.400e-01
3.400e-01
3.400e-01
3.400e-01
3.400e-01
3.400e-01
3.400e-01
3.400e-01
3.400e-01
3.400e-01
3.400e-01
3.400e-01
3.400e-01
3.400e-01
3.400e-01
3.400e-01
3.400e-01
3.400e-01
3.400e-01
3.400e-01
3.400e-01
3.400e-01
3.400e-01
3.400e-01
3.400e-01
3.400e-01
3.400e-01
3.400e-01
3.400e-01
3.400e-01
3.400e-01
3.400e-01
3.400e-01
3.400e-01
3.400e-01
3.400e-01
3.400e-01
3.400e-01
3.400e-01
3.400e-01
3.400e-01
3.400e-01
3.400e-01
3.400e-01
3.400e-01
3.400e-01
3.400e-01
3.400e-01
3.400e-01
3.400e-01
3.400e-01
3.400e-01
3.400e-01
3.400e-01
3.400e-01
3.400e-01
3.400e-01
3.400e-01
3.400e-01
3.400e-01
3.400e-01
3.400e-01
3.400e-01
3.400e-01
3.400e-01
3.400e-01
3.400e-01
3.400e-01
3.400e-01
3.400e-01
3.400e-01
3.400e-01
3.400e-01
3.400e-01
3.400e-01
3.400e-01
3.400e-01
3.400e-01
3.400e-01
3.400e-01
3.400e-01
3.400e-01
3.400e-01
3.400e-01
3.400e-01
3.400e-01
3.400e-01
3.400e-01
3.400e-01
3.400e-01
3.400e-01
3.400e-01
3.400e-01
3.400e-01
3.400e-01
3.400e-01
3.400e-01
3.400e-01
3.400e-01
3.400e-01
3.400e-01
3.400e-01
3.400e-01
3.400e-01
3.400e-01
3.400e-01
3.400e-01
3.400e-01
3.400e-01
3.400e-01
3.400e-01
3.400e-01
3.400e-01
3.400e-01
3.400e-01
3.400e-01
3.400e-01
3.400e-01
3.400e-01
3.400e-01
3.400e-01
3.400e-01
3.400e-01
3.400e-01
3.400e-01
3.400e-01
3.400e-01
3.400e-01
3.400e-01
3.400e-01
3.400e-01
3.400e-01
3.400e-01
3.400e-01
3.400e-01
3.400e-01
3.400e-01
3.400e-01
3.400e-01
3.400e-01
3.400e-01
3.400e-01
3.400e-01
3.400e-01
3.400e-01
3.400e-01
3.400e-01
3.400e-01
3.400e-01
3.400e-01
3.400e-01
3.400e-01
3.400e-01
3.400e-01
3.400e-01
3.400e-01
3.400e-01
3.400e-01
3.400e-01
3.400e-01
3.400e-01
3.400e-01
3.400e-01
3.400e-01
3.400e-01
3.400e-01
3.400e-01
3.400e-01
3.400e-01
3.400e-01
3.400e-01
3.400e-01
3.400e-01
3.400e-01
3.400e-01
3.400e-01
3.400e-01
3.400e-01
3.400e-01
3.400e-01
3.400e-01
3.400e-01
3.400e-01
3.400e-01
3.400e-01
3.400e-01
3.400e-01
3.400e-01
3.400e-01
3.400e-01
3.400e-01
3.400e-01
3.400e-01
3.400e-01
3.400e-01
3.400e-01
3.400e-01
3.400e-01
3.400e-01
3.400e-01
3.400e-01
3.400e-01
3.400e-01
3.400e-01
3.400e-01
3.400e-01
3.400e-01
3.400e-01
3.400e-01
3.400e-01
3.400e-01
3.400e-01
3.400e-01
3.400e-01
3.400e-01
3.400e-01
3.400e-01
3.400e-01
3.400e-01
3.400e-01
3.400e-01
3.400e-01
3.400e-01
3.400e-01
3.400e-01
3.400e-01
3.400e-01
3.400e-01
3.400e-01
3.400e-01
3.400e-01
3.400e-01
3.400e-01
3.400e-01
3.400e-01
3.400e-01
3.400e-01
3.400e-01
3.400e-01
3.400e-01
3.400e-01
3.400e-01
3.400e-01
3.400e-01
3.400e-01
3.400e-01
3.400e-01
3.400e-01
3.400e-01
3.400e-01
3.400e-01
3.400e-01
3.400e-01
3.400e-01
3.400e-01
3.400e-01
3.400e-01
3.400e-01
3.400e-01
3.400e-01
3.400e-01
3.400e-01
3.400e-01
3.400e-01
3.400e-01
3.400e-01
3.400e-01
3.400e-01
3.400e-01
3.400e-01
3.400e-01
3.400e-01
3.400e-01
3.400e-01
3.400e-01
3.400e-01
3.400e-01
3.400e-01
3.400e-01
3.400e-01
3.400e-01
3.400e-01
3.400e-01
3.400e-01
3.400e-01
3.400e-01
3.400e-01
3.400e-01
3.400e-01
3.400e-01
3.400e-01
3.400e-01
3.400e-01
3.400e-01
3.400e-01
3.400e-01
3.400e-01
3.400e-01
3.400e-01
3.400e-01
3.403e-01
3.403e-01
3.400e-01
3.400e-01
3.400e-01
3.400e-01
3.400e-01
3.400e-01
3.400e-01
3.400e-01
3.400e-01
3.400e-01
3.400e-01
3.400e-01
3.400e-01
3.400e-01
3.400e-01
3.400e-01
3.400e-01
3.400e-01
3.400e-01
3.403e-01
3.410e-01
1.000e+00
1.000e+00
1.000e+00
1.000e+00
1.000e+00
1.000e+00
1.000e+00
1.000e+00
1.000e+00
1.000e+00
1.000e+00
1.000e+00
1.000e+00
1.000e+00
1.000e+00
1.000e+00
1.000e+00
1.000e+00
1.000e+00
1.000e+00
1.000e+00
1.000e+00
1.000e+00
1.000e+00
1.000e+00
1.000e+00
1.000e+00
1.000e+00
1.000e+00
1.000e+00
1.000e+00
1.000e+00
1.000e+00
1.000e+00
1.000e+00
1.000e+00
1.000e+00
1.000e+00
1.000e+00
1.000e+00
1.000e+00
1.000e+00
1.000e+00
1.000e+00
1.000e+00
1.000e+00
1.000e+00
1.000e+00
1.000e+00
1.000e+00
1.000e+00
1.000e+00
1.000e+00
1.000e+00
1.000e+00
1.000e+00
1.000e+00
1.000e+00
1.000e+00
1.000e+00
1.000e+00
1.000e+00
1.000e+00
1.000e+00
1.000e+00
1.000e+00
1.000e+00
1.000e+00
1.000e+00
1.000e+00
1.000e+00
1.000e+00
1.000e+00
1.000e+00
1.000e+00
1.000e+00
1.000e+00
1.000e+00
1.000e+00
1.000e+00
1.000e+00
1.000e+00
1.000e+00
1.000e+00
1.000e+00
1.000e+00
1.000e+00
1.000e+00
1.000e+00
1.000e+00
1.000e+00
1.000e+00
1.000e+00
1.000e+00
1.000e+00
1.000e+00
1.000e+00
1.000e+00
1.000e+00
1.000e+00
1.000e+00
1.000e+00
1.000e+00
1.000e+00
1.000e+00
1.000e+00
1.000e+00
1.000e+00
1.000e+00
1.000e+00
1.000e+00
1.000e+00
1.000e+00
1.000e+00
1.000e+00
1.000e+00
1.000e+00
1.000e+00
1.000e+00
1.000e+00
1.000e+00
1.000e+00
1.000e+00
1.000e+00
1.000e+00
1.000e+00
1.000e+00
1.000e+00
1.000e+00
1.000e+00
1.000e+00
1.000e+00
1.000e+00
1.000e+00
1.000e+00
1.000e+00
1.000e+00
1.000e+00
1.000e+00
1.000e+00
1.000e+00
1.000e+00
1.000e+00
1.000e+00
1.000e+00
1.000e+00
1.000e+00
1.000e+00
1.000e+00
1.000e+00
1.000e+00
1.000e+00
1.000e+00
1.000e+00
1.000e+00
1.000e+00
1.000e+00
1.000e+00
1.000e+00
1.000e+00
1.000e+00
1.000e+00
1.000e+00
1.000e+00
1.000e+00
1.000e+00
1.000e+00
1.000e+00
1.000e+00
1.000e+00
1.000e+00
1.000e+00
1.000e+00
1.000e+00
1.000e+00
1.000e+00
1.000e+00
1.000e+00
1.000e+00
1.000e+00
1.000e+00
1.000e+00
1.000e+00
1.000e+00
1.000e+00
1.000e+00
1.000e+00
1.000e+00
1.000e+00
1.000e+00
1.000e+00
1.000e+00
1.000e+00
1.000e+00
1.000e+00
1.000e+00
1.000e+00
1.000e+00
1.000e+00
1.000e+00
1.000e+00
1.000e+00
1.000e+00
1.000e+00
1.000e+00
1.000e+00
1.000e+00
1.000e+00
1.000e+00
1.000e+00
1.000e+00
1.000e+00
1.000e+00
1.000e+00
1.000e+00
1.000e+00
1.000e+00
1.000e+00
1.000e+00
1.000e+00
1.000e+00
1.000e+00
1.000e+00
1.000e+00
1.000e+00
1.000e+00
1.000e+00
1.000e+00
1.000e+00
1.000e+00
1.000e+00
1.000e+00
1.000e+00
1.000e+00
1.000e+00
1.000e+00
1.000e+00
1.000e+00
1.000e+00
1.000e+00
1.000e+00
1.000e+00
1.000e+00
1.000e+00
1.000e+00
1.000e+00
1.000e+00
1.000e+00
1.000e+00
1.000e+00
1.000e+00
1.000e+00
1.000e+00
1.000e+00
1.000e+00
1.000e+00
1.000e+00
1.000e+00
1.000e+00
1.000e+00
1.000e+00
1.000e+00
1.000e+00
1.000e+00
1.000e+00
1.000e+00
1.000e+00
1.000e+00
1.000e+00
1.000e+00
1.000e+00
1.000e+00
1.000e+00
1.000e+00
1.000e+00
1.000e+00
1.000e+00
1.000e+00
1.000e+00
1.000e+00
1.000e+00
1.000e+00
1.000e+00
1.000e+00
1.000e+00
1.000e+00
1.000e+00
1.000e+00
1.000e+00
1.000e+00
1.000e+00
1.000e+00
1.000e+00
1.000e+00
1.000e+00
1.000e+00
1.000e+00
1.000e+00
1.000e+00
1.000e+00
1.000e+00
1.000e+00
1.000e+00
1.000e+00
1.000e+00
1.000e+00
1.000e+00
1.000e+00
1.000e+00
1.000e+00
1.000e+00
1.000e+00
1.000e+00
1.000e+00
1.000e+00
1.000e+00
1.000e+00
1.000e+00
1.000e+00
1.000e+00
1.000e+00
1.000e+00
1.000e+00
1.000e+00
1.000e+00
1.000e+00
1.000e+00
1.000e+00
1.000e+00
1.000e+00
1.000e+00
1.000e+00
1.000e+00
1.000e+00
1.000e+00
1.000e+00
1.000e+00
1.000e+00
1.000e+00
1.000e+00
1.000e+00
1.000e+00
1.000e+00
1.000e+00
1.000e+00
1.000e+00
1.000e+00
1.000e+00
1.000e+00
1.000e+00
1.000e+00
1.000e+00
1.000e+00
1.000e+00
1.000e+00
1.000e+00
1.000e+00
1.000e+00
1.000e+00
1.000e+00
1.000e+00
1.000e+00
1.000e+00
1.000e+00
1.000e+00
1.000e+00
1.000e+00
1.000e+00
1.000e+00
1.000e+00
1.000e+00
1.000e+00
1.000e+00
1.000e+00
1.000e+00
1.000e+00
1.000e+00
1.000e+00
1.000e+00
1.000e+00
1.000e+00
1.000e+00
1.000e+00
1.000e+00
1.000e+00
1.000e+00
1.000e+00
1.000e+00
1.000e+00
1.000e+00
1.000e+00
1.000e+00
1.000e+00
1.000e+00
1.000e+00
1.000e+00
1.000e+00
1.000e+00
1.000e+00
1.000e+00
1.000e+00
1.000e+00
1.000e+00
1.000e+00
1.000e+00
1.000e+00
1.000e+00
1.000e+00
1.000e+00
1.000e+00
1.000e+00
1.000e+00
1.000e+00
1.000e+00
1.000e+00
1.000e+00
1.000e+00
1.000e+00
1.000e+00
1.000e+00
1.000e+00
1.000e+00
1.000e+00
1.000e+00
1.000e+00
1.000e+00
1.000e+00
1.000e+00
1.000e+00
1.000e+00
1.000e+00
1.000e+00
1.000e+00
1.000e+00
1.000e+00
1.000e+00
1.000e+00
1.000e+00
1.000e+00
1.000e+00
1.001e+00
