1	0	INDP	IPOND
-3.933e+00
-3.691e+00
-3.690e+00
-3.690e+00
-3.690e+00
-3.690e+00
-3.690e+00
-3.690e+00
-3.690e+00
-3.690e+00
-3.690e+00
-3.690e+00
-3.690e+00
-3.690e+00
-3.690e+00
-3.690e+00
-3.690e+00
-3.690e+00
-3.690e+00
-3.681e+00
-3.333e+00
-3.691e+00
-3.334e+00
-3.333e+00
-3.333e+00
-3.333e+00
-3.333e+00
-3.333e+00
-3.333e+00
-3.333e+00
-3.333e+00
-3.333e+00
-3.333e+00
-3.333e+00
-3.333e+00
-3.333e+00
-3.333e+00
-3.333e+00
-3.333e+00
-3.333e+00
-3.333e+00
-3.090e+00
-3.690e+00
-3.333e+00
-3.333e+00
-3.333e+00
-3.333e+00
-3.333e+00
-3.333e+00
-3.333e+00
-3.333e+00
-3.333e+00
-3.333e+00
-3.333e+00
-3.333e+00
-3.333e+00
-3.333e+00
-3.333e+00
-3.333e+00
-3.333e+00
-3.333e+00
-3.333e+00
-3.092e+00
-3.690e+00
-3.333e+00
-3.333e+00
-3.333e+00
-3.333e+00
-3.333e+00
-3.333e+00
-3.333e+00
-3.333e+00
-3.333e+00
-3.333e+00
-3.333e+00
-3.333e+00
-3.333e+00
-3.333e+00
-3.333e+00
-3.333e+00
-3.333e+00
-3.333e+00
-3.333e+00
-3.092e+00
-3.690e+00
-3.333e+00
-3.333e+00
-3.333e+00
-3.333e+00
-3.333e+00
-3.333e+00
-3.333e+00
-3.333e+00
-3.333e+00
-3.333e+00
-3.333e+00
-3.333e+00
-3.333e+00
-3.333e+00
-3.333e+00
-3.333e+00
-3.333e+00
-3.333e+00
-3.333e+00
-3.092e+00
-3.690e+00
-3.333e+00
-3.333e+00
-3.333e+00
-3.333e+00
-3.333e+00
-3.333e+00
-3.333e+00
-3.333e+00
-3.333e+00
-3.333e+00
-3.333e+00
-3.333e+00
-3.333e+00
-3.333e+00
-3.333e+00
-3.333e+00
-3.333e+00
-3.333e+00
-3.333e+00
-3.092e+00
-3.690e+00
-3.333e+00
-3.333e+00
-3.333e+00
-3.333e+00
-3.333e+00
-3.333e+00
-3.333e+00
-3.333e+00
-3.333e+00
-3.333e+00
-3.333e+00
-3.333e+00
-3.333e+00
-3.333e+00
-3.333e+00
-3.333e+00
-3.333e+00
-3.333e+00
-3.333e+00
-3.092e+00
-3.690e+00
-3.333e+00
-3.333e+00
-3.333e+00
-3.333e+00
-3.333e+00
-3.333e+00
-3.333e+00
-3.333e+00
-3.333e+00
-3.333e+00
-3.333e+00
-3.333e+00
-3.333e+00
-3.333e+00
-3.333e+00
-3.333e+00
-3.333e+00
-3.333e+00
-3.333e+00
-3.092e+00
-3.689e+00
-3.333e+00
-3.333e+00
-3.333e+00
-3.333e+00
-3.333e+00
-3.333e+00
-3.333e+00
-3.333e+00
-3.333e+00
-3.333e+00
-3.333e+00
-3.333e+00
-3.333e+00
-3.333e+00
-3.333e+00
-3.333e+00
-3.333e+00
-3.333e+00
-3.333e+00
-3.092e+00
-3.731e+00
-3.338e+00
-3.338e+00
-3.338e+00
-3.338e+00
-3.338e+00
-3.338e+00
-3.338e+00
-3.338e+00
-3.338e+00
-3.338e+00
-3.338e+00
-3.338e+00
-3.338e+00
-3.338e+00
-3.338e+00
-3.338e+00
-3.338e+00
-3.338e+00
-3.337e+00
-3.089e+00
-3.128e+01
-2.121e+01
-2.123e+01
-2.123e+01
-2.123e+01
-2.123e+01
-2.123e+01
-2.123e+01
-2.123e+01
-2.123e+01
-2.123e+01
-2.123e+01
-2.123e+01
-2.123e+01
-2.123e+01
-2.123e+01
-2.123e+01
-2.123e+01
-2.123e+01
-2.123e+01
-1.678e+01
-6.347e+01
-2.360e+01
-2.359e+01
-2.359e+01
-2.359e+01
-2.359e+01
-2.359e+01
-2.359e+01
-2.359e+01
-2.359e+01
-2.359e+01
-2.359e+01
-2.359e+01
-2.359e+01
-2.359e+01
-2.359e+01
-2.359e+01
-2.359e+01
-2.359e+01
-2.356e+01
-1.572e+01
-6.349e+01
-2.361e+01
-2.359e+01
-2.359e+01
-2.359e+01
-2.359e+01
-2.359e+01
-2.359e+01
-2.359e+01
-2.359e+01
-2.359e+01
-2.359e+01
-2.359e+01
-2.359e+01
-2.359e+01
-2.359e+01
-2.359e+01
-2.359e+01
-2.359e+01
-2.356e+01
-1.570e+01
-6.350e+01
-2.361e+01
-2.359e+01
-2.359e+01
-2.359e+01
-2.359e+01
-2.359e+01
-2.359e+01
-2.359e+01
-2.359e+01
-2.359e+01
-2.359e+01
-2.359e+01
-2.359e+01
-2.359e+01
-2.359e+01
-2.359e+01
-2.359e+01
-2.359e+01
-2.356e+01
-1.570e+01
-6.350e+01
-2.361e+01
-2.359e+01
-2.359e+01
-2.359e+01
-2.359e+01
-2.359e+01
-2.359e+01
-2.359e+01
-2.359e+01
-2.359e+01
-2.359e+01
-2.359e+01
-2.359e+01
-2.359e+01
-2.359e+01
-2.359e+01
-2.359e+01
-2.359e+01
-2.356e+01
-1.570e+01
-6.350e+01
-2.361e+01
-2.359e+01
-2.359e+01
-2.359e+01
-2.359e+01
-2.359e+01
-2.359e+01
-2.359e+01
-2.359e+01
-2.359e+01
-2.359e+01
-2.359e+01
-2.359e+01
-2.359e+01
-2.359e+01
-2.359e+01
-2.359e+01
-2.359e+01
-2.356e+01
-1.570e+01
-6.350e+01
-2.361e+01
-2.359e+01
-2.359e+01
-2.359e+01
-2.359e+01
-2.359e+01
-2.359e+01
-2.359e+01
-2.359e+01
-2.359e+01
-2.359e+01
-2.359e+01
-2.359e+01
-2.359e+01
-2.359e+01
-2.359e+01
-2.359e+01
-2.359e+01
-2.356e+01
-1.570e+01
-6.350e+01
-2.361e+01
-2.359e+01
-2.359e+01
-2.359e+01
-2.359e+01
-2.359e+01
-2.359e+01
-2.359e+01
-2.359e+01
-2.359e+01
-2.359e+01
-2.359e+01
-2.359e+01
-2.359e+01
-2.359e+01
-2.359e+01
-2.359e+01
-2.359e+01
-2.356e+01
-1.570e+01
-6.344e+01
-2.361e+01
-2.359e+01
-2.359e+01
-2.359e+01
-2.359e+01
-2.359e+01
-2.359e+01
-2.359e+01
-2.359e+01
-2.359e+01
-2.359e+01
-2.359e+01
-2.359e+01
-2.359e+01
-2.359e+01
-2.359e+01
-2.359e+01
-2.359e+01
-2.356e+01
-1.570e+01
-5.529e+01
-2.357e+01
-2.356e+01
-2.356e+01
-2.356e+01
-2.356e+01
-2.356e+01
-2.356e+01
-2.356e+01
-2.356e+01
-2.356e+01
-2.356e+01
-2.356e+01
-2.356e+01
-2.356e+01
-2.356e+01
-2.356e+01
-2.356e+01
-2.356e+01
-2.349e+01
-1.572e+01
-2.356e+01
-1.564e+01
-1.570e+01
-1.570e+01
-1.570e+01
-1.570e+01
-1.570e+01
-1.570e+01
-1.570e+01
-1.570e+01
-1.570e+01
-1.570e+01
-1.570e+01
-1.570e+01
-1.570e+01
-1.570e+01
-1.570e+01
-1.570e+01
-1.570e+01
-1.572e+01
-1.368e+01
-3.889e+00
-3.654e+00
-3.654e+00
-3.654e+00
-3.654e+00
-3.654e+00
-3.654e+00
-3.654e+00
-3.654e+00
-3.654e+00
-3.654e+00
-3.654e+00
-3.654e+00
-3.654e+00
-3.654e+00
-3.654e+00
-3.654e+00
-3.654e+00
-3.654e+00
-3.649e+00
-3.322e+00
-3.654e+00
-3.323e+00
-3.322e+00
-3.322e+00
-3.322e+00
-3.322e+00
-3.322e+00
-3.322e+00
-3.322e+00
-3.322e+00
-3.322e+00
-3.322e+00
-3.322e+00
-3.322e+00
-3.322e+00
-3.322e+00
-3.322e+00
-3.322e+00
-3.322e+00
-3.322e+00
-3.106e+00
-3.654e+00
-3.322e+00
-3.322e+00
-3.322e+00
-3.322e+00
-3.322e+00
-3.322e+00
-3.322e+00
-3.322e+00
-3.322e+00
-3.322e+00
-3.322e+00
-3.322e+00
-3.322e+00
-3.322e+00
-3.322e+00
-3.322e+00
-3.322e+00
-3.322e+00
-3.322e+00
-3.106e+00
-3.654e+00
-3.322e+00
-3.322e+00
-3.322e+00
-3.322e+00
-3.322e+00
-3.322e+00
-3.322e+00
-3.322e+00
-3.322e+00
-3.322e+00
-3.322e+00
-3.322e+00
-3.322e+00
-3.322e+00
-3.322e+00
-3.322e+00
-3.322e+00
-3.322e+00
-3.322e+00
-3.106e+00
-3.654e+00
-3.322e+00
-3.322e+00
-3.322e+00
-3.322e+00
-3.322e+00
-3.322e+00
-3.322e+00
-3.322e+00
-3.322e+00
-3.322e+00
-3.322e+00
-3.322e+00
-3.322e+00
-3.322e+00
-3.322e+00
-3.322e+00
-3.322e+00
-3.322e+00
-3.322e+00
-3.106e+00
-3.654e+00
-3.322e+00
-3.322e+00
-3.322e+00
-3.322e+00
-3.322e+00
-3.322e+00
-3.322e+00
-3.322e+00
-3.322e+00
-3.322e+00
-3.322e+00
-3.322e+00
-3.322e+00
-3.322e+00
-3.322e+00
-3.322e+00
-3.322e+00
-3.322e+00
-3.322e+00
-3.106e+00
-3.654e+00
-3.322e+00
-3.322e+00
-3.322e+00
-3.322e+00
-3.322e+00
-3.322e+00
-3.322e+00
-3.322e+00
-3.322e+00
-3.322e+00
-3.322e+00
-3.322e+00
-3.322e+00
-3.322e+00
-3.322e+00
-3.322e+00
-3.322e+00
-3.322e+00
-3.322e+00
-3.106e+00
-3.654e+00
-3.322e+00
-3.322e+00
-3.322e+00
-3.322e+00
-3.322e+00
-3.322e+00
-3.322e+00
-3.322e+00
-3.322e+00
-3.322e+00
-3.322e+00
-3.322e+00
-3.322e+00
-3.322e+00
-3.322e+00
-3.322e+00
-3.322e+00
-3.322e+00
-3.322e+00
-3.106e+00
-3.653e+00
-3.322e+00
-3.322e+00
-3.322e+00
-3.322e+00
-3.322e+00
-3.322e+00
-3.322e+00
-3.322e+00
-3.322e+00
-3.322e+00
-3.322e+00
-3.322e+00
-3.322e+00
-3.322e+00
-3.322e+00
-3.322e+00
-3.322e+00
-3.322e+00
-3.322e+00
-3.106e+00
-3.674e+00
-3.327e+00
-3.327e+00
-3.327e+00
-3.327e+00
-3.327e+00
-3.327e+00
-3.327e+00
-3.327e+00
-3.327e+00
-3.327e+00
-3.327e+00
-3.327e+00
-3.327e+00
-3.327e+00
-3.327e+00
-3.327e+00
-3.327e+00
-3.327e+00
-3.327e+00
-3.107e+00
-3.036e+01
-2.090e+01
-2.096e+01
-2.096e+01
-2.096e+01
-2.096e+01
-2.096e+01
-2.096e+01
-2.096e+01
-2.096e+01
-2.096e+01
-2.096e+01
-2.096e+01
-2.096e+01
-2.096e+01
-2.096e+01
-2.096e+01
-2.096e+01
-2.096e+01
-2.096e+01
-1.669e+01
-3.250e+01
-2.262e+01
-2.269e+01
-2.269e+01
-2.269e+01
-2.269e+01
-2.269e+01
-2.269e+01
-2.269e+01
-2.269e+01
-2.269e+01
-2.269e+01
-2.269e+01
-2.269e+01
-2.269e+01
-2.269e+01
-2.269e+01
-2.269e+01
-2.269e+01
-2.270e+01
-1.821e+01
-3.258e+01
-2.269e+01
-2.269e+01
-2.269e+01
-2.269e+01
-2.269e+01
-2.269e+01
-2.269e+01
-2.269e+01
-2.269e+01
-2.269e+01
-2.269e+01
-2.269e+01
-2.269e+01
-2.269e+01
-2.269e+01
-2.269e+01
-2.269e+01
-2.269e+01
-2.271e+01
-1.822e+01
-3.258e+01
-2.269e+01
-2.269e+01
-2.269e+01
-2.269e+01
-2.269e+01
-2.269e+01
-2.269e+01
-2.269e+01
-2.269e+01
-2.269e+01
-2.269e+01
-2.269e+01
-2.269e+01
-2.269e+01
-2.269e+01
-2.269e+01
-2.269e+01
-2.269e+01
-2.271e+01
-1.822e+01
-3.258e+01
-2.269e+01
-2.269e+01
-2.269e+01
-2.269e+01
-2.269e+01
-2.269e+01
-2.269e+01
-2.269e+01
-2.269e+01
-2.269e+01
-2.269e+01
-2.269e+01
-2.269e+01
-2.269e+01
-2.269e+01
-2.269e+01
-2.269e+01
-2.269e+01
-2.271e+01
-1.822e+01
-3.258e+01
-2.269e+01
-2.269e+01
-2.269e+01
-2.269e+01
-2.269e+01
-2.269e+01
-2.269e+01
-2.269e+01
-2.269e+01
-2.269e+01
-2.269e+01
-2.269e+01
-2.269e+01
-2.269e+01
-2.269e+01
-2.269e+01
-2.269e+01
-2.269e+01
-2.271e+01
-1.822e+01
-3.258e+01
-2.269e+01
-2.269e+01
-2.269e+01
-2.269e+01
-2.269e+01
-2.269e+01
-2.269e+01
-2.269e+01
-2.269e+01
-2.269e+01
-2.269e+01
-2.269e+01
-2.269e+01
-2.269e+01
-2.269e+01
-2.269e+01
-2.269e+01
-2.269e+01
-2.271e+01
-1.822e+01
-3.258e+01
-2.269e+01
-2.269e+01
-2.269e+01
-2.269e+01
-2.269e+01
-2.269e+01
-2.269e+01
-2.269e+01
-2.269e+01
-2.269e+01
-2.269e+01
-2.269e+01
-2.269e+01
-2.269e+01
-2.269e+01
-2.269e+01
-2.269e+01
-2.269e+01
-2.271e+01
-1.822e+01
-3.259e+01
-2.269e+01
-2.269e+01
-2.269e+01
-2.269e+01
-2.269e+01
-2.269e+01
-2.269e+01
-2.269e+01
-2.269e+01
-2.269e+01
-2.269e+01
-2.269e+01
-2.269e+01
-2.269e+01
-2.269e+01
-2.269e+01
-2.269e+01
-2.269e+01
-2.271e+01
-1.822e+01
-3.329e+01
-2.271e+01
-2.271e+01
-2.271e+01
-2.271e+01
-2.271e+01
-2.271e+01
-2.271e+01
-2.271e+01
-2.271e+01
-2.271e+01
-2.271e+01
-2.271e+01
-2.271e+01
-2.271e+01
-2.271e+01
-2.271e+01
-2.271e+01
-2.271e+01
-2.271e+01
-1.821e+01
-2.272e+01
-1.826e+01
-1.822e+01
-1.822e+01
-1.822e+01
-1.822e+01
-1.822e+01
-1.822e+01
-1.822e+01
-1.822e+01
-1.822e+01
-1.822e+01
-1.822e+01
-1.822e+01
-1.822e+01
-1.822e+01
-1.822e+01
-1.822e+01
-1.822e+01
-1.821e+01
-1.673e+01
-3.577e+00
-3.462e+00
-3.462e+00
-3.462e+00
-3.462e+00
-3.462e+00
-3.462e+00
-3.462e+00
-3.462e+00
-3.462e+00
-3.462e+00
-3.462e+00
-3.462e+00
-3.462e+00
-3.462e+00
-3.462e+00
-3.462e+00
-3.462e+00
-3.462e+00
-3.462e+00
-3.283e+00
-3.462e+00
-3.282e+00
-3.282e+00
-3.282e+00
-3.282e+00
-3.282e+00
-3.282e+00
-3.282e+00
-3.282e+00
-3.282e+00
-3.282e+00
-3.282e+00
-3.282e+00
-3.282e+00
-3.282e+00
-3.282e+00
-3.282e+00
-3.282e+00
-3.282e+00
-3.282e+00
-3.153e+00
-3.462e+00
-3.282e+00
-3.282e+00
-3.282e+00
-3.282e+00
-3.282e+00
-3.282e+00
-3.282e+00
-3.282e+00
-3.282e+00
-3.282e+00
-3.282e+00
-3.282e+00
-3.282e+00
-3.282e+00
-3.282e+00
-3.282e+00
-3.282e+00
-3.282e+00
-3.282e+00
-3.152e+00
-3.462e+00
-3.282e+00
-3.282e+00
-3.282e+00
-3.282e+00
-3.282e+00
-3.282e+00
-3.282e+00
-3.282e+00
-3.282e+00
-3.282e+00
-3.282e+00
-3.282e+00
-3.282e+00
-3.282e+00
-3.282e+00
-3.282e+00
-3.282e+00
-3.282e+00
-3.282e+00
-3.152e+00
-3.462e+00
-3.282e+00
-3.282e+00
-3.282e+00
-3.282e+00
-3.282e+00
-3.282e+00
-3.282e+00
-3.282e+00
-3.282e+00
-3.282e+00
-3.282e+00
-3.282e+00
-3.282e+00
-3.282e+00
-3.282e+00
-3.282e+00
-3.282e+00
-3.282e+00
-3.282e+00
-3.152e+00
-3.462e+00
-3.282e+00
-3.282e+00
-3.282e+00
-3.282e+00
-3.282e+00
-3.282e+00
-3.282e+00
-3.282e+00
-3.282e+00
-3.282e+00
-3.282e+00
-3.282e+00
-3.282e+00
-3.282e+00
-3.282e+00
-3.282e+00
-3.282e+00
-3.282e+00
-3.282e+00
-3.152e+00
-3.462e+00
-3.282e+00
-3.282e+00
-3.282e+00
-3.282e+00
-3.282e+00
-3.282e+00
-3.282e+00
-3.282e+00
-3.282e+00
-3.282e+00
-3.282e+00
-3.282e+00
-3.282e+00
-3.282e+00
-3.282e+00
-3.282e+00
-3.282e+00
-3.282e+00
-3.282e+00
-3.152e+00
-3.462e+00
-3.282e+00
-3.282e+00
-3.282e+00
-3.282e+00
-3.282e+00
-3.282e+00
-3.282e+00
-3.282e+00
-3.282e+00
-3.282e+00
-3.282e+00
-3.282e+00
-3.282e+00
-3.282e+00
-3.282e+00
-3.282e+00
-3.282e+00
-3.282e+00
-3.282e+00
-3.152e+00
-3.462e+00
-3.282e+00
-3.282e+00
-3.282e+00
-3.282e+00
-3.282e+00
-3.282e+00
-3.282e+00
-3.282e+00
-3.282e+00
-3.282e+00
-3.282e+00
-3.282e+00
-3.282e+00
-3.282e+00
-3.282e+00
-3.282e+00
-3.282e+00
-3.282e+00
-3.282e+00
-3.152e+00
-3.459e+00
-3.287e+00
-3.287e+00
-3.287e+00
-3.287e+00
-3.287e+00
-3.287e+00
-3.287e+00
-3.287e+00
-3.287e+00
-3.287e+00
-3.287e+00
-3.287e+00
-3.287e+00
-3.287e+00
-3.287e+00
-3.287e+00
-3.287e+00
-3.287e+00
-3.288e+00
-3.156e+00
-2.353e+01
-1.880e+01
-1.898e+01
-1.897e+01
-1.897e+01
-1.897e+01
-1.897e+01
-1.897e+01
-1.897e+01
-1.897e+01
-1.897e+01
-1.897e+01
-1.897e+01
-1.897e+01
-1.897e+01
-1.897e+01
-1.897e+01
-1.897e+01
-1.897e+01
-1.897e+01
-1.593e+01
-2.288e+01
-1.961e+01
-1.994e+01
-1.993e+01
-1.993e+01
-1.993e+01
-1.993e+01
-1.993e+01
-1.993e+01
-1.993e+01
-1.993e+01
-1.993e+01
-1.993e+01
-1.993e+01
-1.993e+01
-1.993e+01
-1.993e+01
-1.993e+01
-1.993e+01
-1.993e+01
-1.753e+01
-2.319e+01
-1.994e+01
-1.996e+01
-1.994e+01
-1.994e+01
-1.994e+01
-1.994e+01
-1.994e+01
-1.994e+01
-1.994e+01
-1.994e+01
-1.994e+01
-1.994e+01
-1.994e+01
-1.994e+01
-1.994e+01
-1.994e+01
-1.994e+01
-1.994e+01
-1.996e+01
-1.754e+01
-2.316e+01
-1.990e+01
-1.996e+01
-1.996e+01
-1.996e+01
-1.996e+01
-1.996e+01
-1.996e+01
-1.996e+01
-1.996e+01
-1.996e+01
-1.996e+01
-1.996e+01
-1.996e+01
-1.996e+01
-1.996e+01
-1.996e+01
-1.996e+01
-1.996e+01
-1.996e+01
-1.754e+01
-2.316e+01
-1.991e+01
-1.996e+01
-1.994e+01
-1.994e+01
-1.994e+01
-1.994e+01
-1.994e+01
-1.994e+01
-1.994e+01
-1.994e+01
-1.994e+01
-1.994e+01
-1.994e+01
-1.994e+01
-1.994e+01
-1.994e+01
-1.994e+01
-1.994e+01
-1.996e+01
-1.754e+01
-2.316e+01
-1.991e+01
-1.996e+01
-1.994e+01
-1.994e+01
-1.994e+01
-1.994e+01
-1.994e+01
-1.994e+01
-1.994e+01
-1.994e+01
-1.994e+01
-1.994e+01
-1.994e+01
-1.994e+01
-1.994e+01
-1.994e+01
-1.994e+01
-1.994e+01
-1.996e+01
-1.754e+01
-2.316e+01
-1.991e+01
-1.996e+01
-1.994e+01
-1.994e+01
-1.994e+01
-1.994e+01
-1.994e+01
-1.994e+01
-1.994e+01
-1.994e+01
-1.994e+01
-1.994e+01
-1.994e+01
-1.994e+01
-1.994e+01
-1.994e+01
-1.994e+01
-1.994e+01
-1.996e+01
-1.754e+01
-2.316e+01
-1.991e+01
-1.996e+01
-1.994e+01
-1.994e+01
-1.994e+01
-1.994e+01
-1.994e+01
-1.994e+01
-1.994e+01
-1.994e+01
-1.994e+01
-1.994e+01
-1.994e+01
-1.994e+01
-1.994e+01
-1.994e+01
-1.994e+01
-1.994e+01
-1.996e+01
-1.754e+01
-2.316e+01
-1.991e+01
-1.996e+01
-1.994e+01
-1.994e+01
-1.994e+01
-1.994e+01
-1.994e+01
-1.994e+01
-1.994e+01
-1.994e+01
-1.994e+01
-1.994e+01
-1.994e+01
-1.994e+01
-1.994e+01
-1.994e+01
-1.994e+01
-1.994e+01
-1.996e+01
-1.754e+01
-2.321e+01
-1.991e+01
-1.996e+01
-1.996e+01
-1.996e+01
-1.996e+01
-1.996e+01
-1.996e+01
-1.996e+01
-1.996e+01
-1.996e+01
-1.996e+01
-1.996e+01
-1.996e+01
-1.996e+01
-1.996e+01
-1.996e+01
-1.996e+01
-1.996e+01
-1.996e+01
-1.754e+01
-1.986e+01
-1.747e+01
-1.756e+01
-1.754e+01
-1.754e+01
-1.754e+01
-1.754e+01
-1.754e+01
-1.754e+01
-1.754e+01
-1.754e+01
-1.754e+01
-1.754e+01
-1.754e+01
-1.754e+01
-1.754e+01
-1.754e+01
-1.754e+01
-1.754e+01
-1.754e+01
-1.657e+01
-3.362e+00
-3.307e+00
-3.307e+00
-3.307e+00
-3.307e+00
-3.307e+00
-3.307e+00
-3.307e+00
-3.307e+00
-3.307e+00
-3.307e+00
-3.307e+00
-3.307e+00
-3.307e+00
-3.307e+00
-3.307e+00
-3.307e+00
-3.307e+00
-3.307e+00
-3.307e+00
-3.210e+00
-3.307e+00
-3.209e+00
-3.209e+00
-3.209e+00
-3.209e+00
-3.209e+00
-3.209e+00
-3.209e+00
-3.209e+00
-3.209e+00
-3.209e+00
-3.209e+00
-3.209e+00
-3.209e+00
-3.209e+00
-3.209e+00
-3.209e+00
-3.209e+00
-3.209e+00
-3.209e+00
-3.126e+00
-3.307e+00
-3.209e+00
-3.209e+00
-3.209e+00
-3.209e+00
-3.209e+00
-3.209e+00
-3.209e+00
-3.209e+00
-3.209e+00
-3.209e+00
-3.209e+00
-3.209e+00
-3.209e+00
-3.209e+00
-3.209e+00
-3.209e+00
-3.209e+00
-3.209e+00
-3.209e+00
-3.126e+00
-3.307e+00
-3.209e+00
-3.209e+00
-3.209e+00
-3.209e+00
-3.209e+00
-3.209e+00
-3.209e+00
-3.209e+00
-3.209e+00
-3.209e+00
-3.209e+00
-3.209e+00
-3.209e+00
-3.209e+00
-3.209e+00
-3.209e+00
-3.209e+00
-3.209e+00
-3.209e+00
-3.126e+00
-3.307e+00
-3.209e+00
-3.209e+00
-3.209e+00
-3.209e+00
-3.209e+00
-3.209e+00
-3.209e+00
-3.209e+00
-3.209e+00
-3.209e+00
-3.209e+00
-3.209e+00
-3.209e+00
-3.209e+00
-3.209e+00
-3.209e+00
-3.209e+00
-3.209e+00
-3.209e+00
-3.126e+00
-3.307e+00
-3.209e+00
-3.209e+00
-3.209e+00
-3.209e+00
-3.209e+00
-3.209e+00
-3.209e+00
-3.209e+00
-3.209e+00
-3.209e+00
-3.209e+00
-3.209e+00
-3.209e+00
-3.209e+00
-3.209e+00
-3.209e+00
-3.209e+00
-3.209e+00
-3.209e+00
-3.126e+00
-3.307e+00
-3.209e+00
-3.209e+00
-3.209e+00
-3.209e+00
-3.209e+00
-3.209e+00
-3.209e+00
-3.209e+00
-3.209e+00
-3.209e+00
-3.209e+00
-3.209e+00
-3.209e+00
-3.209e+00
-3.209e+00
-3.209e+00
-3.209e+00
-3.209e+00
-3.209e+00
-3.126e+00
-3.307e+00
-3.209e+00
-3.209e+00
-3.209e+00
-3.209e+00
-3.209e+00
-3.209e+00
-3.209e+00
-3.209e+00
-3.209e+00
-3.209e+00
-3.209e+00
-3.209e+00
-3.209e+00
-3.209e+00
-3.209e+00
-3.209e+00
-3.209e+00
-3.209e+00
-3.209e+00
-3.126e+00
-3.307e+00
-3.209e+00
-3.209e+00
-3.209e+00
-3.209e+00
-3.209e+00
-3.209e+00
-3.209e+00
-3.209e+00
-3.209e+00
-3.209e+00
-3.209e+00
-3.209e+00
-3.209e+00
-3.209e+00
-3.209e+00
-3.209e+00
-3.209e+00
-3.209e+00
-3.209e+00
-3.126e+00
-3.307e+00
-3.210e+00
-3.210e+00
-3.210e+00
-3.210e+00
-3.210e+00
-3.210e+00
-3.210e+00
-3.210e+00
-3.210e+00
-3.210e+00
-3.210e+00
-3.210e+00
-3.210e+00
-3.210e+00
-3.210e+00
-3.210e+00
-3.210e+00
-3.210e+00
-3.210e+00
-3.128e+00
-1.571e+01
-1.401e+01
-1.400e+01
-1.400e+01
-1.400e+01
-1.400e+01
-1.400e+01
-1.400e+01
-1.400e+01
-1.400e+01
-1.400e+01
-1.400e+01
-1.400e+01
-1.400e+01
-1.400e+01
-1.400e+01
-1.400e+01
-1.400e+01
-1.400e+01
-1.399e+01
-1.252e+01
-1.540e+01
-1.371e+01
-1.364e+01
-1.364e+01
-1.364e+01
-1.364e+01
-1.364e+01
-1.364e+01
-1.364e+01
-1.364e+01
-1.364e+01
-1.364e+01
-1.364e+01
-1.364e+01
-1.364e+01
-1.364e+01
-1.364e+01
-1.364e+01
-1.364e+01
-1.363e+01
-1.218e+01
-1.540e+01
-1.367e+01
-1.363e+01
-1.363e+01
-1.363e+01
-1.363e+01
-1.363e+01
-1.363e+01
-1.363e+01
-1.363e+01
-1.363e+01
-1.363e+01
-1.363e+01
-1.363e+01
-1.363e+01
-1.363e+01
-1.363e+01
-1.363e+01
-1.363e+01
-1.362e+01
-1.218e+01
-1.540e+01
-1.367e+01
-1.363e+01
-1.363e+01
-1.363e+01
-1.363e+01
-1.363e+01
-1.363e+01
-1.363e+01
-1.363e+01
-1.363e+01
-1.363e+01
-1.363e+01
-1.363e+01
-1.363e+01
-1.363e+01
-1.363e+01
-1.363e+01
-1.363e+01
-1.362e+01
-1.218e+01
-1.540e+01
-1.367e+01
-1.363e+01
-1.363e+01
-1.363e+01
-1.363e+01
-1.363e+01
-1.363e+01
-1.363e+01
-1.363e+01
-1.363e+01
-1.363e+01
-1.363e+01
-1.363e+01
-1.363e+01
-1.363e+01
-1.363e+01
-1.363e+01
-1.363e+01
-1.362e+01
-1.218e+01
-1.540e+01
-1.367e+01
-1.363e+01
-1.363e+01
-1.363e+01
-1.363e+01
-1.363e+01
-1.363e+01
-1.363e+01
-1.363e+01
-1.363e+01
-1.363e+01
-1.363e+01
-1.363e+01
-1.363e+01
-1.363e+01
-1.363e+01
-1.363e+01
-1.363e+01
-1.362e+01
-1.218e+01
-1.540e+01
-1.367e+01
-1.363e+01
-1.363e+01
-1.363e+01
-1.363e+01
-1.363e+01
-1.363e+01
-1.363e+01
-1.363e+01
-1.363e+01
-1.363e+01
-1.363e+01
-1.363e+01
-1.363e+01
-1.363e+01
-1.363e+01
-1.363e+01
-1.363e+01
-1.362e+01
-1.218e+01
-1.540e+01
-1.367e+01
-1.363e+01
-1.363e+01
-1.363e+01
-1.363e+01
-1.363e+01
-1.363e+01
-1.363e+01
-1.363e+01
-1.363e+01
-1.363e+01
-1.363e+01
-1.363e+01
-1.363e+01
-1.363e+01
-1.363e+01
-1.363e+01
-1.363e+01
-1.362e+01
-1.218e+01
-1.540e+01
-1.367e+01
-1.363e+01
-1.363e+01
-1.363e+01
-1.363e+01
-1.363e+01
-1.363e+01
-1.363e+01
-1.363e+01
-1.363e+01
-1.363e+01
-1.363e+01
-1.363e+01
-1.363e+01
-1.363e+01
-1.363e+01
-1.363e+01
-1.363e+01
-1.362e+01
-1.218e+01
-1.540e+01
-1.366e+01
-1.362e+01
-1.362e+01
-1.362e+01
-1.362e+01
-1.362e+01
-1.362e+01
-1.362e+01
-1.362e+01
-1.362e+01
-1.362e+01
-1.362e+01
-1.362e+01
-1.362e+01
-1.362e+01
-1.362e+01
-1.362e+01
-1.362e+01
-1.362e+01
-1.218e+01
-1.367e+01
-1.219e+01
-1.218e+01
-1.218e+01
-1.218e+01
-1.218e+01
-1.218e+01
-1.218e+01
-1.218e+01
-1.218e+01
-1.218e+01
-1.218e+01
-1.218e+01
-1.218e+01
-1.218e+01
-1.218e+01
-1.218e+01
-1.218e+01
-1.218e+01
-1.218e+01
-1.150e+01
-3.197e+00
-3.163e+00
-3.163e+00
-3.163e+00
-3.163e+00
-3.163e+00
-3.163e+00
-3.163e+00
-3.163e+00
-3.163e+00
-3.163e+00
-3.163e+00
-3.163e+00
-3.163e+00
-3.163e+00
-3.163e+00
-3.163e+00
-3.163e+00
-3.163e+00
-3.163e+00
-3.100e+00
-3.163e+00
-3.100e+00
-3.100e+00
-3.100e+00
-3.100e+00
-3.100e+00
-3.100e+00
-3.100e+00
-3.100e+00
-3.100e+00
-3.100e+00
-3.100e+00
-3.100e+00
-3.100e+00
-3.100e+00
-3.100e+00
-3.100e+00
-3.100e+00
-3.100e+00
-3.100e+00
-3.043e+00
-3.163e+00
-3.100e+00
-3.100e+00
-3.100e+00
-3.100e+00
-3.100e+00
-3.100e+00
-3.100e+00
-3.100e+00
-3.100e+00
-3.100e+00
-3.100e+00
-3.100e+00
-3.100e+00
-3.100e+00
-3.100e+00
-3.100e+00
-3.100e+00
-3.100e+00
-3.100e+00
-3.043e+00
-3.163e+00
-3.100e+00
-3.100e+00
-3.100e+00
-3.100e+00
-3.100e+00
-3.100e+00
-3.100e+00
-3.100e+00
-3.100e+00
-3.100e+00
-3.100e+00
-3.100e+00
-3.100e+00
-3.100e+00
-3.100e+00
-3.100e+00
-3.100e+00
-3.100e+00
-3.100e+00
-3.043e+00
-3.163e+00
-3.100e+00
-3.100e+00
-3.100e+00
-3.100e+00
-3.100e+00
-3.100e+00
-3.100e+00
-3.100e+00
-3.100e+00
-3.100e+00
-3.100e+00
-3.100e+00
-3.100e+00
-3.100e+00
-3.100e+00
-3.100e+00
-3.100e+00
-3.100e+00
-3.100e+00
-3.043e+00
-3.163e+00
-3.100e+00
-3.100e+00
-3.100e+00
-3.100e+00
-3.100e+00
-3.100e+00
-3.100e+00
-3.100e+00
-3.100e+00
-3.100e+00
-3.100e+00
-3.100e+00
-3.100e+00
-3.100e+00
-3.100e+00
-3.100e+00
-3.100e+00
-3.100e+00
-3.100e+00
-3.043e+00
-3.163e+00
-3.100e+00
-3.100e+00
-3.100e+00
-3.100e+00
-3.100e+00
-3.100e+00
-3.100e+00
-3.100e+00
-3.100e+00
-3.100e+00
-3.100e+00
-3.100e+00
-3.100e+00
-3.100e+00
-3.100e+00
-3.100e+00
-3.100e+00
-3.100e+00
-3.100e+00
-3.043e+00
-3.163e+00
-3.100e+00
-3.100e+00
-3.100e+00
-3.100e+00
-3.100e+00
-3.100e+00
-3.100e+00
-3.100e+00
-3.100e+00
-3.100e+00
-3.100e+00
-3.100e+00
-3.100e+00
-3.100e+00
-3.100e+00
-3.100e+00
-3.100e+00
-3.100e+00
-3.100e+00
-3.043e+00
-3.163e+00
-3.100e+00
-3.100e+00
-3.100e+00
-3.100e+00
-3.100e+00
-3.100e+00
-3.100e+00
-3.100e+00
-3.100e+00
-3.100e+00
-3.100e+00
-3.100e+00
-3.100e+00
-3.100e+00
-3.100e+00
-3.100e+00
-3.100e+00
-3.100e+00
-3.100e+00
-3.043e+00
-3.163e+00
-3.101e+00
-3.101e+00
-3.101e+00
-3.101e+00
-3.101e+00
-3.101e+00
-3.101e+00
-3.101e+00
-3.101e+00
-3.101e+00
-3.101e+00
-3.101e+00
-3.101e+00
-3.101e+00
-3.101e+00
-3.101e+00
-3.101e+00
-3.101e+00
-3.101e+00
-3.043e+00
-8.423e+00
-7.930e+00
-7.938e+00
-7.938e+00
-7.938e+00
-7.938e+00
-7.938e+00
-7.938e+00
-7.938e+00
-7.938e+00
-7.938e+00
-7.938e+00
-7.938e+00
-7.938e+00
-7.938e+00
-7.938e+00
-7.938e+00
-7.938e+00
-7.938e+00
-7.939e+00
-7.489e+00
-8.271e+00
-7.684e+00
-7.685e+00
-7.685e+00
-7.685e+00
-7.685e+00
-7.685e+00
-7.685e+00
-7.685e+00
-7.685e+00
-7.685e+00
-7.685e+00
-7.685e+00
-7.685e+00
-7.685e+00
-7.685e+00
-7.685e+00
-7.685e+00
-7.685e+00
-7.685e+00
-7.193e+00
-8.271e+00
-7.685e+00
-7.687e+00
-7.687e+00
-7.687e+00
-7.687e+00
-7.687e+00
-7.687e+00
-7.687e+00
-7.687e+00
-7.687e+00
-7.687e+00
-7.687e+00
-7.687e+00
-7.687e+00
-7.687e+00
-7.687e+00
-7.687e+00
-7.687e+00
-7.687e+00
-7.195e+00
-8.271e+00
-7.685e+00
-7.687e+00
-7.687e+00
-7.687e+00
-7.687e+00
-7.687e+00
-7.687e+00
-7.687e+00
-7.687e+00
-7.687e+00
-7.687e+00
-7.687e+00
-7.687e+00
-7.687e+00
-7.687e+00
-7.687e+00
-7.687e+00
-7.687e+00
-7.687e+00
-7.195e+00
-8.271e+00
-7.685e+00
-7.687e+00
-7.687e+00
-7.687e+00
-7.687e+00
-7.687e+00
-7.687e+00
-7.687e+00
-7.687e+00
-7.687e+00
-7.687e+00
-7.687e+00
-7.687e+00
-7.687e+00
-7.687e+00
-7.687e+00
-7.687e+00
-7.687e+00
-7.687e+00
-7.195e+00
-8.271e+00
-7.685e+00
-7.687e+00
-7.687e+00
-7.687e+00
-7.687e+00
-7.687e+00
-7.687e+00
-7.687e+00
-7.687e+00
-7.687e+00
-7.687e+00
-7.687e+00
-7.687e+00
-7.687e+00
-7.687e+00
-7.687e+00
-7.687e+00
-7.687e+00
-7.687e+00
-7.195e+00
-8.271e+00
-7.685e+00
-7.687e+00
-7.687e+00
-7.687e+00
-7.687e+00
-7.687e+00
-7.687e+00
-7.687e+00
-7.687e+00
-7.687e+00
-7.687e+00
-7.687e+00
-7.687e+00
-7.687e+00
-7.687e+00
-7.687e+00
-7.687e+00
-7.687e+00
-7.687e+00
-7.195e+00
-8.271e+00
-7.685e+00
-7.687e+00
-7.687e+00
-7.687e+00
-7.687e+00
-7.687e+00
-7.687e+00
-7.687e+00
-7.687e+00
-7.687e+00
-7.687e+00
-7.687e+00
-7.687e+00
-7.687e+00
-7.687e+00
-7.687e+00
-7.687e+00
-7.687e+00
-7.687e+00
-7.195e+00
-8.271e+00
-7.685e+00
-7.687e+00
-7.687e+00
-7.687e+00
-7.687e+00
-7.687e+00
-7.687e+00
-7.687e+00
-7.687e+00
-7.687e+00
-7.687e+00
-7.687e+00
-7.687e+00
-7.687e+00
-7.687e+00
-7.687e+00
-7.687e+00
-7.687e+00
-7.687e+00
-7.195e+00
-8.271e+00
-7.685e+00
-7.687e+00
-7.687e+00
-7.687e+00
-7.687e+00
-7.687e+00
-7.687e+00
-7.687e+00
-7.687e+00
-7.687e+00
-7.687e+00
-7.687e+00
-7.687e+00
-7.687e+00
-7.687e+00
-7.687e+00
-7.687e+00
-7.687e+00
-7.687e+00
-7.195e+00
-7.682e+00
-7.192e+00
-7.195e+00
-7.195e+00
-7.195e+00
-7.195e+00
-7.195e+00
-7.195e+00
-7.195e+00
-7.195e+00
-7.195e+00
-7.195e+00
-7.195e+00
-7.195e+00
-7.195e+00
-7.195e+00
-7.195e+00
-7.195e+00
-7.195e+00
-7.195e+00
-6.978e+00
-2.995e+00
-2.986e+00
-2.986e+00
-2.986e+00
-2.986e+00
-2.986e+00
-2.986e+00
-2.986e+00
-2.986e+00
-2.986e+00
-2.986e+00
-2.986e+00
-2.986e+00
-2.986e+00
-2.986e+00
-2.986e+00
-2.986e+00
-2.986e+00
-2.986e+00
-2.986e+00
-2.971e+00
-2.986e+00
-2.971e+00
-2.971e+00
-2.971e+00
-2.971e+00
-2.971e+00
-2.971e+00
-2.971e+00
-2.971e+00
-2.971e+00
-2.971e+00
-2.971e+00
-2.971e+00
-2.971e+00
-2.971e+00
-2.971e+00
-2.971e+00
-2.971e+00
-2.971e+00
-2.971e+00
-2.956e+00
-2.986e+00
-2.971e+00
-2.971e+00
-2.971e+00
-2.971e+00
-2.971e+00
-2.971e+00
-2.971e+00
-2.971e+00
-2.971e+00
-2.971e+00
-2.971e+00
-2.971e+00
-2.971e+00
-2.971e+00
-2.971e+00
-2.971e+00
-2.971e+00
-2.971e+00
-2.971e+00
-2.956e+00
-2.986e+00
-2.971e+00
-2.971e+00
-2.971e+00
-2.971e+00
-2.971e+00
-2.971e+00
-2.971e+00
-2.971e+00
-2.971e+00
-2.971e+00
-2.971e+00
-2.971e+00
-2.971e+00
-2.971e+00
-2.971e+00
-2.971e+00
-2.971e+00
-2.971e+00
-2.971e+00
-2.956e+00
-2.986e+00
-2.971e+00
-2.971e+00
-2.971e+00
-2.971e+00
-2.971e+00
-2.971e+00
-2.971e+00
-2.971e+00
-2.971e+00
-2.971e+00
-2.971e+00
-2.971e+00
-2.971e+00
-2.971e+00
-2.971e+00
-2.971e+00
-2.971e+00
-2.971e+00
-2.971e+00
-2.956e+00
-2.986e+00
-2.971e+00
-2.971e+00
-2.971e+00
-2.971e+00
-2.971e+00
-2.971e+00
-2.971e+00
-2.971e+00
-2.971e+00
-2.971e+00
-2.971e+00
-2.971e+00
-2.971e+00
-2.971e+00
-2.971e+00
-2.971e+00
-2.971e+00
-2.971e+00
-2.971e+00
-2.956e+00
-2.986e+00
-2.971e+00
-2.971e+00
-2.971e+00
-2.971e+00
-2.971e+00
-2.971e+00
-2.971e+00
-2.971e+00
-2.971e+00
-2.971e+00
-2.971e+00
-2.971e+00
-2.971e+00
-2.971e+00
-2.971e+00
-2.971e+00
-2.971e+00
-2.971e+00
-2.971e+00
-2.956e+00
-2.986e+00
-2.971e+00
-2.971e+00
-2.971e+00
-2.971e+00
-2.971e+00
-2.971e+00
-2.971e+00
-2.971e+00
-2.971e+00
-2.971e+00
-2.971e+00
-2.971e+00
-2.971e+00
-2.971e+00
-2.971e+00
-2.971e+00
-2.971e+00
-2.971e+00
-2.971e+00
-2.956e+00
-2.986e+00
-2.971e+00
-2.971e+00
-2.971e+00
-2.971e+00
-2.971e+00
-2.971e+00
-2.971e+00
-2.971e+00
-2.971e+00
-2.971e+00
-2.971e+00
-2.971e+00
-2.971e+00
-2.971e+00
-2.971e+00
-2.971e+00
-2.971e+00
-2.971e+00
-2.971e+00
-2.956e+00
-2.984e+00
-2.971e+00
-2.971e+00
-2.971e+00
-2.971e+00
-2.971e+00
-2.971e+00
-2.971e+00
-2.971e+00
-2.971e+00
-2.971e+00
-2.971e+00
-2.971e+00
-2.971e+00
-2.971e+00
-2.971e+00
-2.971e+00
-2.971e+00
-2.971e+00
-2.971e+00
-2.957e+00
-5.886e+00
-5.843e+00
-5.839e+00
-5.839e+00
-5.839e+00
-5.839e+00
-5.839e+00
-5.839e+00
-5.839e+00
-5.839e+00
-5.839e+00
-5.839e+00
-5.839e+00
-5.839e+00
-5.839e+00
-5.839e+00
-5.839e+00
-5.839e+00
-5.839e+00
-5.840e+00
-5.777e+00
-5.864e+00
-5.822e+00
-5.819e+00
-5.819e+00
-5.819e+00
-5.819e+00
-5.819e+00
-5.819e+00
-5.819e+00
-5.819e+00
-5.819e+00
-5.819e+00
-5.819e+00
-5.819e+00
-5.819e+00
-5.819e+00
-5.819e+00
-5.819e+00
-5.819e+00
-5.821e+00
-5.779e+00
-5.864e+00
-5.822e+00
-5.819e+00
-5.819e+00
-5.819e+00
-5.819e+00
-5.819e+00
-5.819e+00
-5.819e+00
-5.819e+00
-5.819e+00
-5.819e+00
-5.819e+00
-5.819e+00
-5.819e+00
-5.819e+00
-5.819e+00
-5.819e+00
-5.819e+00
-5.821e+00
-5.779e+00
-5.864e+00
-5.822e+00
-5.819e+00
-5.819e+00
-5.819e+00
-5.819e+00
-5.819e+00
-5.819e+00
-5.819e+00
-5.819e+00
-5.819e+00
-5.819e+00
-5.819e+00
-5.819e+00
-5.819e+00
-5.819e+00
-5.819e+00
-5.819e+00
-5.819e+00
-5.821e+00
-5.779e+00
-5.864e+00
-5.822e+00
-5.819e+00
-5.819e+00
-5.819e+00
-5.819e+00
-5.819e+00
-5.819e+00
-5.819e+00
-5.819e+00
-5.819e+00
-5.819e+00
-5.819e+00
-5.819e+00
-5.819e+00
-5.819e+00
-5.819e+00
-5.819e+00
-5.819e+00
-5.821e+00
-5.779e+00
-5.864e+00
-5.822e+00
-5.819e+00
-5.819e+00
-5.819e+00
-5.819e+00
-5.819e+00
-5.819e+00
-5.819e+00
-5.819e+00
-5.819e+00
-5.819e+00
-5.819e+00
-5.819e+00
-5.819e+00
-5.819e+00
-5.819e+00
-5.819e+00
-5.819e+00
-5.821e+00
-5.779e+00
-5.864e+00
-5.822e+00
-5.819e+00
-5.819e+00
-5.819e+00
-5.819e+00
-5.819e+00
-5.819e+00
-5.819e+00
-5.819e+00
-5.819e+00
-5.819e+00
-5.819e+00
-5.819e+00
-5.819e+00
-5.819e+00
-5.819e+00
-5.819e+00
-5.819e+00
-5.821e+00
-5.779e+00
-5.864e+00
-5.822e+00
-5.819e+00
-5.819e+00
-5.819e+00
-5.819e+00
-5.819e+00
-5.819e+00
-5.819e+00
-5.819e+00
-5.819e+00
-5.819e+00
-5.819e+00
-5.819e+00
-5.819e+00
-5.819e+00
-5.819e+00
-5.819e+00
-5.819e+00
-5.821e+00
-5.779e+00
-5.864e+00
-5.822e+00
-5.819e+00
-5.819e+00
-5.819e+00
-5.819e+00
-5.819e+00
-5.819e+00
-5.819e+00
-5.819e+00
-5.819e+00
-5.819e+00
-5.819e+00
-5.819e+00
-5.819e+00
-5.819e+00
-5.819e+00
-5.819e+00
-5.819e+00
-5.821e+00
-5.779e+00
-5.864e+00
-5.825e+00
-5.821e+00
-5.821e+00
-5.821e+00
-5.821e+00
-5.821e+00
-5.821e+00
-5.821e+00
-5.821e+00
-5.821e+00
-5.821e+00
-5.821e+00
-5.821e+00
-5.821e+00
-5.821e+00
-5.821e+00
-5.821e+00
-5.821e+00
-5.821e+00
-5.779e+00
-5.825e+00
-5.785e+00
-5.779e+00
-5.779e+00
-5.779e+00
-5.779e+00
-5.779e+00
-5.779e+00
-5.779e+00
-5.779e+00
-5.779e+00
-5.779e+00
-5.779e+00
-5.779e+00
-5.779e+00
-5.779e+00
-5.779e+00
-5.779e+00
-5.779e+00
-5.779e+00
-5.752e+00
-3.106e+00
-3.009e+00
-3.009e+00
-3.009e+00
-3.009e+00
-3.009e+00
-3.009e+00
-3.009e+00
-3.009e+00
-3.009e+00
-3.009e+00
-3.009e+00
-3.009e+00
-3.009e+00
-3.009e+00
-3.009e+00
-3.009e+00
-3.009e+00
-3.009e+00
-3.009e+00
-2.851e+00
-3.009e+00
-2.851e+00
-2.851e+00
-2.851e+00
-2.851e+00
-2.851e+00
-2.851e+00
-2.851e+00
-2.851e+00
-2.851e+00
-2.851e+00
-2.851e+00
-2.851e+00
-2.851e+00
-2.851e+00
-2.851e+00
-2.851e+00
-2.851e+00
-2.851e+00
-2.851e+00
-2.731e+00
-3.009e+00
-2.851e+00
-2.851e+00
-2.851e+00
-2.851e+00
-2.851e+00
-2.851e+00
-2.851e+00
-2.851e+00
-2.851e+00
-2.851e+00
-2.851e+00
-2.851e+00
-2.851e+00
-2.851e+00
-2.851e+00
-2.851e+00
-2.851e+00
-2.851e+00
-2.851e+00
-2.731e+00
-3.009e+00
-2.851e+00
-2.851e+00
-2.851e+00
-2.851e+00
-2.851e+00
-2.851e+00
-2.851e+00
-2.851e+00
-2.851e+00
-2.851e+00
-2.851e+00
-2.851e+00
-2.851e+00
-2.851e+00
-2.851e+00
-2.851e+00
-2.851e+00
-2.851e+00
-2.851e+00
-2.731e+00
-3.009e+00
-2.851e+00
-2.851e+00
-2.851e+00
-2.851e+00
-2.851e+00
-2.851e+00
-2.851e+00
-2.851e+00
-2.851e+00
-2.851e+00
-2.851e+00
-2.851e+00
-2.851e+00
-2.851e+00
-2.851e+00
-2.851e+00
-2.851e+00
-2.851e+00
-2.851e+00
-2.731e+00
-3.009e+00
-2.851e+00
-2.851e+00
-2.851e+00
-2.851e+00
-2.851e+00
-2.851e+00
-2.851e+00
-2.851e+00
-2.851e+00
-2.851e+00
-2.851e+00
-2.851e+00
-2.851e+00
-2.851e+00
-2.851e+00
-2.851e+00
-2.851e+00
-2.851e+00
-2.851e+00
-2.731e+00
-3.009e+00
-2.851e+00
-2.851e+00
-2.851e+00
-2.851e+00
-2.851e+00
-2.851e+00
-2.851e+00
-2.851e+00
-2.851e+00
-2.851e+00
-2.851e+00
-2.851e+00
-2.851e+00
-2.851e+00
-2.851e+00
-2.851e+00
-2.851e+00
-2.851e+00
-2.851e+00
-2.731e+00
-3.009e+00
-2.851e+00
-2.851e+00
-2.851e+00
-2.851e+00
-2.851e+00
-2.851e+00
-2.851e+00
-2.851e+00
-2.851e+00
-2.851e+00
-2.851e+00
-2.851e+00
-2.851e+00
-2.851e+00
-2.851e+00
-2.851e+00
-2.851e+00
-2.851e+00
-2.851e+00
-2.731e+00
-3.009e+00
-2.851e+00
-2.851e+00
-2.851e+00
-2.851e+00
-2.851e+00
-2.851e+00
-2.851e+00
-2.851e+00
-2.851e+00
-2.851e+00
-2.851e+00
-2.851e+00
-2.851e+00
-2.851e+00
-2.851e+00
-2.851e+00
-2.851e+00
-2.851e+00
-2.851e+00
-2.731e+00
-3.010e+00
-2.851e+00
-2.851e+00
-2.851e+00
-2.851e+00
-2.851e+00
-2.851e+00
-2.851e+00
-2.851e+00
-2.851e+00
-2.851e+00
-2.851e+00
-2.851e+00
-2.851e+00
-2.851e+00
-2.851e+00
-2.851e+00
-2.851e+00
-2.851e+00
-2.851e+00
-2.731e+00
-5.448e+00
-4.735e+00
-4.736e+00
-4.736e+00
-4.736e+00
-4.736e+00
-4.736e+00
-4.736e+00
-4.736e+00
-4.736e+00
-4.736e+00
-4.736e+00
-4.736e+00
-4.736e+00
-4.736e+00
-4.736e+00
-4.736e+00
-4.736e+00
-4.736e+00
-4.736e+00
-4.265e+00
-5.456e+00
-4.731e+00
-4.731e+00
-4.731e+00
-4.731e+00
-4.731e+00
-4.731e+00
-4.731e+00
-4.731e+00
-4.731e+00
-4.731e+00
-4.731e+00
-4.731e+00
-4.731e+00
-4.731e+00
-4.731e+00
-4.731e+00
-4.731e+00
-4.731e+00
-4.731e+00
-4.250e+00
-5.456e+00
-4.731e+00
-4.731e+00
-4.731e+00
-4.731e+00
-4.731e+00
-4.731e+00
-4.731e+00
-4.731e+00
-4.731e+00
-4.731e+00
-4.731e+00
-4.731e+00
-4.731e+00
-4.731e+00
-4.731e+00
-4.731e+00
-4.731e+00
-4.731e+00
-4.731e+00
-4.250e+00
-5.456e+00
-4.731e+00
-4.731e+00
-4.731e+00
-4.731e+00
-4.731e+00
-4.731e+00
-4.731e+00
-4.731e+00
-4.731e+00
-4.731e+00
-4.731e+00
-4.731e+00
-4.731e+00
-4.731e+00
-4.731e+00
-4.731e+00
-4.731e+00
-4.731e+00
-4.731e+00
-4.250e+00
-5.456e+00
-4.731e+00
-4.731e+00
-4.731e+00
-4.731e+00
-4.731e+00
-4.731e+00
-4.731e+00
-4.731e+00
-4.731e+00
-4.731e+00
-4.731e+00
-4.731e+00
-4.731e+00
-4.731e+00
-4.731e+00
-4.731e+00
-4.731e+00
-4.731e+00
-4.731e+00
-4.250e+00
-5.456e+00
-4.731e+00
-4.731e+00
-4.731e+00
-4.731e+00
-4.731e+00
-4.731e+00
-4.731e+00
-4.731e+00
-4.731e+00
-4.731e+00
-4.731e+00
-4.731e+00
-4.731e+00
-4.731e+00
-4.731e+00
-4.731e+00
-4.731e+00
-4.731e+00
-4.731e+00
-4.250e+00
-5.456e+00
-4.731e+00
-4.731e+00
-4.731e+00
-4.731e+00
-4.731e+00
-4.731e+00
-4.731e+00
-4.731e+00
-4.731e+00
-4.731e+00
-4.731e+00
-4.731e+00
-4.731e+00
-4.731e+00
-4.731e+00
-4.731e+00
-4.731e+00
-4.731e+00
-4.731e+00
-4.250e+00
-5.456e+00
-4.731e+00
-4.731e+00
-4.731e+00
-4.731e+00
-4.731e+00
-4.731e+00
-4.731e+00
-4.731e+00
-4.731e+00
-4.731e+00
-4.731e+00
-4.731e+00
-4.731e+00
-4.731e+00
-4.731e+00
-4.731e+00
-4.731e+00
-4.731e+00
-4.731e+00
-4.250e+00
-5.456e+00
-4.731e+00
-4.731e+00
-4.731e+00
-4.731e+00
-4.731e+00
-4.731e+00
-4.731e+00
-4.731e+00
-4.731e+00
-4.731e+00
-4.731e+00
-4.731e+00
-4.731e+00
-4.731e+00
-4.731e+00
-4.731e+00
-4.731e+00
-4.731e+00
-4.731e+00
-4.250e+00
-5.451e+00
-4.728e+00
-4.731e+00
-4.731e+00
-4.731e+00
-4.731e+00
-4.731e+00
-4.731e+00
-4.731e+00
-4.731e+00
-4.731e+00
-4.731e+00
-4.731e+00
-4.731e+00
-4.731e+00
-4.731e+00
-4.731e+00
-4.731e+00
-4.731e+00
-4.729e+00
-4.250e+00
-4.728e+00
-4.247e+00
-4.250e+00
-4.250e+00
-4.250e+00
-4.250e+00
-4.250e+00
-4.250e+00
-4.250e+00
-4.250e+00
-4.250e+00
-4.250e+00
-4.250e+00
-4.250e+00
-4.250e+00
-4.250e+00
-4.250e+00
-4.250e+00
-4.250e+00
-4.250e+00
-4.064e+00
-2.644e+00
-2.640e+00
-2.640e+00
-2.640e+00
-2.640e+00
-2.640e+00
-2.640e+00
-2.640e+00
-2.640e+00
-2.640e+00
-2.640e+00
-2.640e+00
-2.640e+00
-2.640e+00
-2.640e+00
-2.640e+00
-2.640e+00
-2.640e+00
-2.640e+00
-2.640e+00
-2.635e+00
-2.640e+00
-2.635e+00
-2.635e+00
-2.635e+00
-2.635e+00
-2.635e+00
-2.635e+00
-2.635e+00
-2.635e+00
-2.635e+00
-2.635e+00
-2.635e+00
-2.635e+00
-2.635e+00
-2.635e+00
-2.635e+00
-2.635e+00
-2.635e+00
-2.635e+00
-2.635e+00
-2.628e+00
-2.640e+00
-2.635e+00
-2.635e+00
-2.635e+00
-2.635e+00
-2.635e+00
-2.635e+00
-2.635e+00
-2.635e+00
-2.635e+00
-2.635e+00
-2.635e+00
-2.635e+00
-2.635e+00
-2.635e+00
-2.635e+00
-2.635e+00
-2.635e+00
-2.635e+00
-2.635e+00
-2.628e+00
-2.640e+00
-2.635e+00
-2.635e+00
-2.635e+00
-2.635e+00
-2.635e+00
-2.635e+00
-2.635e+00
-2.635e+00
-2.635e+00
-2.635e+00
-2.635e+00
-2.635e+00
-2.635e+00
-2.635e+00
-2.635e+00
-2.635e+00
-2.635e+00
-2.635e+00
-2.635e+00
-2.628e+00
-2.640e+00
-2.635e+00
-2.635e+00
-2.635e+00
-2.635e+00
-2.635e+00
-2.635e+00
-2.635e+00
-2.635e+00
-2.635e+00
-2.635e+00
-2.635e+00
-2.635e+00
-2.635e+00
-2.635e+00
-2.635e+00
-2.635e+00
-2.635e+00
-2.635e+00
-2.635e+00
-2.628e+00
-2.640e+00
-2.635e+00
-2.635e+00
-2.635e+00
-2.635e+00
-2.635e+00
-2.635e+00
-2.635e+00
-2.635e+00
-2.635e+00
-2.635e+00
-2.635e+00
-2.635e+00
-2.635e+00
-2.635e+00
-2.635e+00
-2.635e+00
-2.635e+00
-2.635e+00
-2.635e+00
-2.628e+00
-2.640e+00
-2.635e+00
-2.635e+00
-2.635e+00
-2.635e+00
-2.635e+00
-2.635e+00
-2.635e+00
-2.635e+00
-2.635e+00
-2.635e+00
-2.635e+00
-2.635e+00
-2.635e+00
-2.635e+00
-2.635e+00
-2.635e+00
-2.635e+00
-2.635e+00
-2.635e+00
-2.628e+00
-2.640e+00
-2.635e+00
-2.635e+00
-2.635e+00
-2.635e+00
-2.635e+00
-2.635e+00
-2.635e+00
-2.635e+00
-2.635e+00
-2.635e+00
-2.635e+00
-2.635e+00
-2.635e+00
-2.635e+00
-2.635e+00
-2.635e+00
-2.635e+00
-2.635e+00
-2.635e+00
-2.628e+00
-2.640e+00
-2.635e+00
-2.635e+00
-2.635e+00
-2.635e+00
-2.635e+00
-2.635e+00
-2.635e+00
-2.635e+00
-2.635e+00
-2.635e+00
-2.635e+00
-2.635e+00
-2.635e+00
-2.635e+00
-2.635e+00
-2.635e+00
-2.635e+00
-2.635e+00
-2.635e+00
-2.628e+00
-2.640e+00
-2.635e+00
-2.635e+00
-2.635e+00
-2.635e+00
-2.635e+00
-2.635e+00
-2.635e+00
-2.635e+00
-2.635e+00
-2.635e+00
-2.635e+00
-2.635e+00
-2.635e+00
-2.635e+00
-2.635e+00
-2.635e+00
-2.635e+00
-2.635e+00
-2.635e+00
-2.628e+00
-3.449e+00
-3.439e+00
-3.439e+00
-3.439e+00
-3.439e+00
-3.439e+00
-3.439e+00
-3.439e+00
-3.439e+00
-3.439e+00
-3.439e+00
-3.439e+00
-3.439e+00
-3.439e+00
-3.439e+00
-3.439e+00
-3.439e+00
-3.439e+00
-3.439e+00
-3.439e+00
-3.428e+00
-3.448e+00
-3.438e+00
-3.437e+00
-3.437e+00
-3.437e+00
-3.437e+00
-3.437e+00
-3.437e+00
-3.437e+00
-3.437e+00
-3.437e+00
-3.437e+00
-3.437e+00
-3.437e+00
-3.437e+00
-3.437e+00
-3.437e+00
-3.437e+00
-3.437e+00
-3.437e+00
-3.428e+00
-3.448e+00
-3.438e+00
-3.437e+00
-3.437e+00
-3.437e+00
-3.437e+00
-3.437e+00
-3.437e+00
-3.437e+00
-3.437e+00
-3.437e+00
-3.437e+00
-3.437e+00
-3.437e+00
-3.437e+00
-3.437e+00
-3.437e+00
-3.437e+00
-3.437e+00
-3.437e+00
-3.428e+00
-3.448e+00
-3.438e+00
-3.437e+00
-3.437e+00
-3.437e+00
-3.437e+00
-3.437e+00
-3.437e+00
-3.437e+00
-3.437e+00
-3.437e+00
-3.437e+00
-3.437e+00
-3.437e+00
-3.437e+00
-3.437e+00
-3.437e+00
-3.437e+00
-3.437e+00
-3.437e+00
-3.428e+00
-3.448e+00
-3.438e+00
-3.437e+00
-3.437e+00
-3.437e+00
-3.437e+00
-3.437e+00
-3.437e+00
-3.437e+00
-3.437e+00
-3.437e+00
-3.437e+00
-3.437e+00
-3.437e+00
-3.437e+00
-3.437e+00
-3.437e+00
-3.437e+00
-3.437e+00
-3.437e+00
-3.428e+00
-3.448e+00
-3.438e+00
-3.437e+00
-3.437e+00
-3.437e+00
-3.437e+00
-3.437e+00
-3.437e+00
-3.437e+00
-3.437e+00
-3.437e+00
-3.437e+00
-3.437e+00
-3.437e+00
-3.437e+00
-3.437e+00
-3.437e+00
-3.437e+00
-3.437e+00
-3.437e+00
-3.428e+00
-3.448e+00
-3.438e+00
-3.437e+00
-3.437e+00
-3.437e+00
-3.437e+00
-3.437e+00
-3.437e+00
-3.437e+00
-3.437e+00
-3.437e+00
-3.437e+00
-3.437e+00
-3.437e+00
-3.437e+00
-3.437e+00
-3.437e+00
-3.437e+00
-3.437e+00
-3.437e+00
-3.428e+00
-3.448e+00
-3.438e+00
-3.437e+00
-3.437e+00
-3.437e+00
-3.437e+00
-3.437e+00
-3.437e+00
-3.437e+00
-3.437e+00
-3.437e+00
-3.437e+00
-3.437e+00
-3.437e+00
-3.437e+00
-3.437e+00
-3.437e+00
-3.437e+00
-3.437e+00
-3.437e+00
-3.428e+00
-3.448e+00
-3.438e+00
-3.437e+00
-3.437e+00
-3.437e+00
-3.437e+00
-3.437e+00
-3.437e+00
-3.437e+00
-3.437e+00
-3.437e+00
-3.437e+00
-3.437e+00
-3.437e+00
-3.437e+00
-3.437e+00
-3.437e+00
-3.437e+00
-3.437e+00
-3.437e+00
-3.428e+00
-3.448e+00
-3.439e+00
-3.437e+00
-3.437e+00
-3.437e+00
-3.437e+00
-3.437e+00
-3.437e+00
-3.437e+00
-3.437e+00
-3.437e+00
-3.437e+00
-3.437e+00
-3.437e+00
-3.437e+00
-3.437e+00
-3.437e+00
-3.437e+00
-3.437e+00
-3.439e+00
-3.428e+00
-3.439e+00
-3.428e+00
-3.428e+00
-3.428e+00
-3.428e+00
-3.428e+00
-3.428e+00
-3.428e+00
-3.428e+00
-3.428e+00
-3.428e+00
-3.428e+00
-3.428e+00
-3.428e+00
-3.428e+00
-3.428e+00
-3.428e+00
-3.428e+00
-3.428e+00
-3.428e+00
-3.421e+00
-2.691e+00
-2.588e+00
-2.588e+00
-2.588e+00
-2.588e+00
-2.588e+00
-2.588e+00
-2.588e+00
-2.588e+00
-2.588e+00
-2.588e+00
-2.588e+00
-2.588e+00
-2.588e+00
-2.588e+00
-2.588e+00
-2.588e+00
-2.588e+00
-2.588e+00
-2.588e+00
-2.444e+00
-2.588e+00
-2.444e+00
-2.444e+00
-2.444e+00
-2.444e+00
-2.444e+00
-2.444e+00
-2.444e+00
-2.444e+00
-2.444e+00
-2.444e+00
-2.444e+00
-2.444e+00
-2.444e+00
-2.444e+00
-2.444e+00
-2.444e+00
-2.444e+00
-2.444e+00
-2.444e+00
-2.338e+00
-2.588e+00
-2.444e+00
-2.444e+00
-2.444e+00
-2.444e+00
-2.444e+00
-2.444e+00
-2.444e+00
-2.444e+00
-2.444e+00
-2.444e+00
-2.444e+00
-2.444e+00
-2.444e+00
-2.444e+00
-2.444e+00
-2.444e+00
-2.444e+00
-2.444e+00
-2.444e+00
-2.338e+00
-2.588e+00
-2.444e+00
-2.444e+00
-2.444e+00
-2.444e+00
-2.444e+00
-2.444e+00
-2.444e+00
-2.444e+00
-2.444e+00
-2.444e+00
-2.444e+00
-2.444e+00
-2.444e+00
-2.444e+00
-2.444e+00
-2.444e+00
-2.444e+00
-2.444e+00
-2.444e+00
-2.338e+00
-2.588e+00
-2.444e+00
-2.444e+00
-2.444e+00
-2.444e+00
-2.444e+00
-2.444e+00
-2.444e+00
-2.444e+00
-2.444e+00
-2.444e+00
-2.444e+00
-2.444e+00
-2.444e+00
-2.444e+00
-2.444e+00
-2.444e+00
-2.444e+00
-2.444e+00
-2.444e+00
-2.338e+00
-2.588e+00
-2.444e+00
-2.444e+00
-2.444e+00
-2.444e+00
-2.444e+00
-2.444e+00
-2.444e+00
-2.444e+00
-2.444e+00
-2.444e+00
-2.444e+00
-2.444e+00
-2.444e+00
-2.444e+00
-2.444e+00
-2.444e+00
-2.444e+00
-2.444e+00
-2.444e+00
-2.338e+00
-2.588e+00
-2.444e+00
-2.444e+00
-2.444e+00
-2.444e+00
-2.444e+00
-2.444e+00
-2.444e+00
-2.444e+00
-2.444e+00
-2.444e+00
-2.444e+00
-2.444e+00
-2.444e+00
-2.444e+00
-2.444e+00
-2.444e+00
-2.444e+00
-2.444e+00
-2.444e+00
-2.338e+00
-2.588e+00
-2.444e+00
-2.444e+00
-2.444e+00
-2.444e+00
-2.444e+00
-2.444e+00
-2.444e+00
-2.444e+00
-2.444e+00
-2.444e+00
-2.444e+00
-2.444e+00
-2.444e+00
-2.444e+00
-2.444e+00
-2.444e+00
-2.444e+00
-2.444e+00
-2.444e+00
-2.338e+00
-2.588e+00
-2.444e+00
-2.444e+00
-2.444e+00
-2.444e+00
-2.444e+00
-2.444e+00
-2.444e+00
-2.444e+00
-2.444e+00
-2.444e+00
-2.444e+00
-2.444e+00
-2.444e+00
-2.444e+00
-2.444e+00
-2.444e+00
-2.444e+00
-2.444e+00
-2.444e+00
-2.338e+00
-2.588e+00
-2.444e+00
-2.444e+00
-2.444e+00
-2.444e+00
-2.444e+00
-2.444e+00
-2.444e+00
-2.444e+00
-2.444e+00
-2.444e+00
-2.444e+00
-2.444e+00
-2.444e+00
-2.444e+00
-2.444e+00
-2.444e+00
-2.444e+00
-2.444e+00
-2.444e+00
-2.338e+00
-2.925e+00
-2.704e+00
-2.704e+00
-2.704e+00
-2.704e+00
-2.704e+00
-2.704e+00
-2.704e+00
-2.704e+00
-2.704e+00
-2.704e+00
-2.704e+00
-2.704e+00
-2.704e+00
-2.704e+00
-2.704e+00
-2.704e+00
-2.704e+00
-2.704e+00
-2.704e+00
-2.553e+00
-2.925e+00
-2.704e+00
-2.704e+00
-2.704e+00
-2.704e+00
-2.704e+00
-2.704e+00
-2.704e+00
-2.704e+00
-2.704e+00
-2.704e+00
-2.704e+00
-2.704e+00
-2.704e+00
-2.704e+00
-2.704e+00
-2.704e+00
-2.704e+00
-2.704e+00
-2.704e+00
-2.551e+00
-2.925e+00
-2.704e+00
-2.704e+00
-2.704e+00
-2.704e+00
-2.704e+00
-2.704e+00
-2.704e+00
-2.704e+00
-2.704e+00
-2.704e+00
-2.704e+00
-2.704e+00
-2.704e+00
-2.704e+00
-2.704e+00
-2.704e+00
-2.704e+00
-2.704e+00
-2.704e+00
-2.551e+00
-2.925e+00
-2.704e+00
-2.704e+00
-2.704e+00
-2.704e+00
-2.704e+00
-2.704e+00
-2.704e+00
-2.704e+00
-2.704e+00
-2.704e+00
-2.704e+00
-2.704e+00
-2.704e+00
-2.704e+00
-2.704e+00
-2.704e+00
-2.704e+00
-2.704e+00
-2.704e+00
-2.551e+00
-2.925e+00
-2.704e+00
-2.704e+00
-2.704e+00
-2.704e+00
-2.704e+00
-2.704e+00
-2.704e+00
-2.704e+00
-2.704e+00
-2.704e+00
-2.704e+00
-2.704e+00
-2.704e+00
-2.704e+00
-2.704e+00
-2.704e+00
-2.704e+00
-2.704e+00
-2.704e+00
-2.551e+00
-2.925e+00
-2.704e+00
-2.704e+00
-2.704e+00
-2.704e+00
-2.704e+00
-2.704e+00
-2.704e+00
-2.704e+00
-2.704e+00
-2.704e+00
-2.704e+00
-2.704e+00
-2.704e+00
-2.704e+00
-2.704e+00
-2.704e+00
-2.704e+00
-2.704e+00
-2.704e+00
-2.551e+00
-2.925e+00
-2.704e+00
-2.704e+00
-2.704e+00
-2.704e+00
-2.704e+00
-2.704e+00
-2.704e+00
-2.704e+00
-2.704e+00
-2.704e+00
-2.704e+00
-2.704e+00
-2.704e+00
-2.704e+00
-2.704e+00
-2.704e+00
-2.704e+00
-2.704e+00
-2.704e+00
-2.551e+00
-2.925e+00
-2.704e+00
-2.704e+00
-2.704e+00
-2.704e+00
-2.704e+00
-2.704e+00
-2.704e+00
-2.704e+00
-2.704e+00
-2.704e+00
-2.704e+00
-2.704e+00
-2.704e+00
-2.704e+00
-2.704e+00
-2.704e+00
-2.704e+00
-2.704e+00
-2.704e+00
-2.551e+00
-2.925e+00
-2.704e+00
-2.704e+00
-2.704e+00
-2.704e+00
-2.704e+00
-2.704e+00
-2.704e+00
-2.704e+00
-2.704e+00
-2.704e+00
-2.704e+00
-2.704e+00
-2.704e+00
-2.704e+00
-2.704e+00
-2.704e+00
-2.704e+00
-2.704e+00
-2.704e+00
-2.551e+00
-2.925e+00
-2.704e+00
-2.704e+00
-2.704e+00
-2.704e+00
-2.704e+00
-2.704e+00
-2.704e+00
-2.704e+00
-2.704e+00
-2.704e+00
-2.704e+00
-2.704e+00
-2.704e+00
-2.704e+00
-2.704e+00
-2.704e+00
-2.704e+00
-2.704e+00
-2.704e+00
-2.551e+00
-2.704e+00
-2.551e+00
-2.551e+00
-2.551e+00
-2.551e+00
-2.551e+00
-2.551e+00
-2.551e+00
-2.551e+00
-2.551e+00
-2.551e+00
-2.551e+00
-2.551e+00
-2.551e+00
-2.551e+00
-2.551e+00
-2.551e+00
-2.551e+00
-2.551e+00
-2.551e+00
-2.492e+00
-2.048e+00
-2.048e+00
-2.048e+00
-2.048e+00
-2.048e+00
-2.048e+00
-2.048e+00
-2.048e+00
-2.048e+00
-2.048e+00
-2.048e+00
-2.048e+00
-2.048e+00
-2.048e+00
-2.048e+00
-2.048e+00
-2.048e+00
-2.048e+00
-2.048e+00
-2.048e+00
-2.048e+00
-2.048e+00
-2.048e+00
-2.048e+00
-2.048e+00
-2.048e+00
-2.048e+00
-2.048e+00
-2.048e+00
-2.048e+00
-2.048e+00
-2.048e+00
-2.048e+00
-2.048e+00
-2.048e+00
-2.048e+00
-2.048e+00
-2.048e+00
-2.048e+00
-2.048e+00
-2.048e+00
-2.047e+00
-2.048e+00
-2.048e+00
-2.048e+00
-2.048e+00
-2.048e+00
-2.048e+00
-2.048e+00
-2.048e+00
-2.048e+00
-2.048e+00
-2.048e+00
-2.048e+00
-2.048e+00
-2.048e+00
-2.048e+00
-2.048e+00
-2.048e+00
-2.048e+00
-2.048e+00
-2.048e+00
-2.047e+00
-2.048e+00
-2.048e+00
-2.048e+00
-2.048e+00
-2.048e+00
-2.048e+00
-2.048e+00
-2.048e+00
-2.048e+00
-2.048e+00
-2.048e+00
-2.048e+00
-2.048e+00
-2.048e+00
-2.048e+00
-2.048e+00
-2.048e+00
-2.048e+00
-2.048e+00
-2.048e+00
-2.047e+00
-2.048e+00
-2.048e+00
-2.048e+00
-2.048e+00
-2.048e+00
-2.048e+00
-2.048e+00
-2.048e+00
-2.048e+00
-2.048e+00
-2.048e+00
-2.048e+00
-2.048e+00
-2.048e+00
-2.048e+00
-2.048e+00
-2.048e+00
-2.048e+00
-2.048e+00
-2.048e+00
-2.047e+00
-2.048e+00
-2.048e+00
-2.048e+00
-2.048e+00
-2.048e+00
-2.048e+00
-2.048e+00
-2.048e+00
-2.048e+00
-2.048e+00
-2.048e+00
-2.048e+00
-2.048e+00
-2.048e+00
-2.048e+00
-2.048e+00
-2.048e+00
-2.048e+00
-2.048e+00
-2.048e+00
-2.047e+00
-2.048e+00
-2.048e+00
-2.048e+00
-2.048e+00
-2.048e+00
-2.048e+00
-2.048e+00
-2.048e+00
-2.048e+00
-2.048e+00
-2.048e+00
-2.048e+00
-2.048e+00
-2.048e+00
-2.048e+00
-2.048e+00
-2.048e+00
-2.048e+00
-2.048e+00
-2.048e+00
-2.047e+00
-2.048e+00
-2.048e+00
-2.048e+00
-2.048e+00
-2.048e+00
-2.048e+00
-2.048e+00
-2.048e+00
-2.048e+00
-2.048e+00
-2.048e+00
-2.048e+00
-2.048e+00
-2.048e+00
-2.048e+00
-2.048e+00
-2.048e+00
-2.048e+00
-2.048e+00
-2.048e+00
-2.047e+00
-2.048e+00
-2.048e+00
-2.048e+00
-2.048e+00
-2.048e+00
-2.048e+00
-2.048e+00
-2.048e+00
-2.048e+00
-2.048e+00
-2.048e+00
-2.048e+00
-2.048e+00
-2.048e+00
-2.048e+00
-2.048e+00
-2.048e+00
-2.048e+00
-2.048e+00
-2.048e+00
-2.047e+00
-2.048e+00
-2.048e+00
-2.048e+00
-2.048e+00
-2.048e+00
-2.048e+00
-2.048e+00
-2.048e+00
-2.048e+00
-2.048e+00
-2.048e+00
-2.048e+00
-2.048e+00
-2.048e+00
-2.048e+00
-2.048e+00
-2.048e+00
-2.048e+00
-2.048e+00
-2.048e+00
-2.047e+00
-1.811e+00
-1.811e+00
-1.811e+00
-1.811e+00
-1.811e+00
-1.811e+00
-1.811e+00
-1.811e+00
-1.811e+00
-1.811e+00
-1.811e+00
-1.811e+00
-1.811e+00
-1.811e+00
-1.811e+00
-1.811e+00
-1.811e+00
-1.811e+00
-1.811e+00
-1.811e+00
-1.811e+00
-1.811e+00
-1.811e+00
-1.811e+00
-1.811e+00
-1.811e+00
-1.811e+00
-1.811e+00
-1.811e+00
-1.811e+00
-1.811e+00
-1.811e+00
-1.811e+00
-1.811e+00
-1.811e+00
-1.811e+00
-1.811e+00
-1.811e+00
-1.811e+00
-1.811e+00
-1.811e+00
-1.811e+00
-1.811e+00
-1.811e+00
-1.811e+00
-1.811e+00
-1.811e+00
-1.811e+00
-1.811e+00
-1.811e+00
-1.811e+00
-1.811e+00
-1.811e+00
-1.811e+00
-1.811e+00
-1.811e+00
-1.811e+00
-1.811e+00
-1.811e+00
-1.811e+00
-1.811e+00
-1.811e+00
-1.811e+00
-1.811e+00
-1.811e+00
-1.811e+00
-1.811e+00
-1.811e+00
-1.811e+00
-1.811e+00
-1.811e+00
-1.811e+00
-1.811e+00
-1.811e+00
-1.811e+00
-1.811e+00
-1.811e+00
-1.811e+00
-1.811e+00
-1.811e+00
-1.811e+00
-1.811e+00
-1.811e+00
-1.811e+00
-1.811e+00
-1.811e+00
-1.811e+00
-1.811e+00
-1.811e+00
-1.811e+00
-1.811e+00
-1.811e+00
-1.811e+00
-1.811e+00
-1.811e+00
-1.811e+00
-1.811e+00
-1.811e+00
-1.811e+00
-1.811e+00
-1.811e+00
-1.811e+00
-1.811e+00
-1.811e+00
-1.811e+00
-1.811e+00
-1.811e+00
-1.811e+00
-1.811e+00
-1.811e+00
-1.811e+00
-1.811e+00
-1.811e+00
-1.811e+00
-1.811e+00
-1.811e+00
-1.811e+00
-1.811e+00
-1.811e+00
-1.811e+00
-1.811e+00
-1.811e+00
-1.811e+00
-1.811e+00
-1.811e+00
-1.811e+00
-1.811e+00
-1.811e+00
-1.811e+00
-1.811e+00
-1.811e+00
-1.811e+00
-1.811e+00
-1.811e+00
-1.811e+00
-1.811e+00
-1.811e+00
-1.811e+00
-1.811e+00
-1.811e+00
-1.811e+00
-1.811e+00
-1.811e+00
-1.811e+00
-1.811e+00
-1.811e+00
-1.811e+00
-1.811e+00
-1.811e+00
-1.811e+00
-1.811e+00
-1.811e+00
-1.811e+00
-1.811e+00
-1.811e+00
-1.811e+00
-1.811e+00
-1.811e+00
-1.811e+00
-1.811e+00
-1.811e+00
-1.811e+00
-1.811e+00
-1.811e+00
-1.811e+00
-1.811e+00
-1.811e+00
-1.811e+00
-1.811e+00
-1.811e+00
-1.811e+00
-1.811e+00
-1.811e+00
-1.811e+00
-1.811e+00
-1.811e+00
-1.811e+00
-1.811e+00
-1.811e+00
-1.811e+00
-1.811e+00
-1.811e+00
-1.811e+00
-1.811e+00
-1.811e+00
-1.811e+00
-1.811e+00
-1.811e+00
-1.811e+00
-1.811e+00
-1.811e+00
-1.811e+00
-1.811e+00
-1.811e+00
-1.811e+00
-1.811e+00
-1.811e+00
-1.811e+00
-1.811e+00
-1.811e+00
-1.811e+00
-1.811e+00
-1.811e+00
-1.811e+00
-1.811e+00
-1.811e+00
-1.811e+00
-1.811e+00
-1.811e+00
-1.811e+00
-1.811e+00
-1.811e+00
-1.811e+00
-1.811e+00
-1.811e+00
-1.811e+00
-1.811e+00
-1.811e+00
-1.811e+00
-1.811e+00
-1.811e+00
-1.811e+00
-1.811e+00
-1.811e+00
-1.811e+00
-1.811e+00
-1.811e+00
-1.811e+00
-1.811e+00
-1.811e+00
-1.811e+00
-1.798e+00
-1.774e+00
-1.774e+00
-1.774e+00
-1.774e+00
-1.774e+00
-1.774e+00
-1.774e+00
-1.774e+00
-1.774e+00
-1.774e+00
-1.774e+00
-1.774e+00
-1.774e+00
-1.774e+00
-1.774e+00
-1.774e+00
-1.774e+00
-1.774e+00
-1.774e+00
-1.735e+00
-1.774e+00
-1.735e+00
-1.735e+00
-1.735e+00
-1.735e+00
-1.735e+00
-1.735e+00
-1.735e+00
-1.735e+00
-1.735e+00
-1.735e+00
-1.735e+00
-1.735e+00
-1.735e+00
-1.735e+00
-1.735e+00
-1.735e+00
-1.735e+00
-1.735e+00
-1.735e+00
-1.705e+00
-1.774e+00
-1.735e+00
-1.735e+00
-1.735e+00
-1.735e+00
-1.735e+00
-1.735e+00
-1.735e+00
-1.735e+00
-1.735e+00
-1.735e+00
-1.735e+00
-1.735e+00
-1.735e+00
-1.735e+00
-1.735e+00
-1.735e+00
-1.735e+00
-1.735e+00
-1.735e+00
-1.705e+00
-1.774e+00
-1.735e+00
-1.735e+00
-1.735e+00
-1.735e+00
-1.735e+00
-1.735e+00
-1.735e+00
-1.735e+00
-1.735e+00
-1.735e+00
-1.735e+00
-1.735e+00
-1.735e+00
-1.735e+00
-1.735e+00
-1.735e+00
-1.735e+00
-1.735e+00
-1.735e+00
-1.705e+00
-1.774e+00
-1.735e+00
-1.735e+00
-1.735e+00
-1.735e+00
-1.735e+00
-1.735e+00
-1.735e+00
-1.735e+00
-1.735e+00
-1.735e+00
-1.735e+00
-1.735e+00
-1.735e+00
-1.735e+00
-1.735e+00
-1.735e+00
-1.735e+00
-1.735e+00
-1.735e+00
-1.705e+00
-1.774e+00
-1.735e+00
-1.735e+00
-1.735e+00
-1.735e+00
-1.735e+00
-1.735e+00
-1.735e+00
-1.735e+00
-1.735e+00
-1.735e+00
-1.735e+00
-1.735e+00
-1.735e+00
-1.735e+00
-1.735e+00
-1.735e+00
-1.735e+00
-1.735e+00
-1.735e+00
-1.705e+00
-1.774e+00
-1.735e+00
-1.735e+00
-1.735e+00
-1.735e+00
-1.735e+00
-1.735e+00
-1.735e+00
-1.735e+00
-1.735e+00
-1.735e+00
-1.735e+00
-1.735e+00
-1.735e+00
-1.735e+00
-1.735e+00
-1.735e+00
-1.735e+00
-1.735e+00
-1.735e+00
-1.705e+00
-1.774e+00
-1.735e+00
-1.735e+00
-1.735e+00
-1.735e+00
-1.735e+00
-1.735e+00
-1.735e+00
-1.735e+00
-1.735e+00
-1.735e+00
-1.735e+00
-1.735e+00
-1.735e+00
-1.735e+00
-1.735e+00
-1.735e+00
-1.735e+00
-1.735e+00
-1.735e+00
-1.705e+00
-1.774e+00
-1.735e+00
-1.735e+00
-1.735e+00
-1.735e+00
-1.735e+00
-1.735e+00
-1.735e+00
-1.735e+00
-1.735e+00
-1.735e+00
-1.735e+00
-1.735e+00
-1.735e+00
-1.735e+00
-1.735e+00
-1.735e+00
-1.735e+00
-1.735e+00
-1.735e+00
-1.705e+00
-1.774e+00
-1.735e+00
-1.735e+00
-1.735e+00
-1.735e+00
-1.735e+00
-1.735e+00
-1.735e+00
-1.735e+00
-1.735e+00
-1.735e+00
-1.735e+00
-1.735e+00
-1.735e+00
-1.735e+00
-1.735e+00
-1.735e+00
-1.735e+00
-1.735e+00
-1.735e+00
-1.705e+00
-1.459e+00
-1.459e+00
-1.459e+00
-1.459e+00
-1.459e+00
-1.459e+00
-1.459e+00
-1.459e+00
-1.459e+00
-1.459e+00
-1.459e+00
-1.459e+00
-1.459e+00
-1.459e+00
-1.459e+00
-1.459e+00
-1.459e+00
-1.459e+00
-1.459e+00
-1.459e+00
-1.459e+00
-1.459e+00
-1.459e+00
-1.459e+00
-1.459e+00
-1.459e+00
-1.459e+00
-1.459e+00
-1.459e+00
-1.459e+00
-1.459e+00
-1.459e+00
-1.459e+00
-1.459e+00
-1.459e+00
-1.459e+00
-1.459e+00
-1.459e+00
-1.459e+00
-1.459e+00
-1.459e+00
-1.459e+00
-1.459e+00
-1.459e+00
-1.459e+00
-1.459e+00
-1.459e+00
-1.459e+00
-1.459e+00
-1.459e+00
-1.459e+00
-1.459e+00
-1.459e+00
-1.459e+00
-1.459e+00
-1.459e+00
-1.459e+00
-1.459e+00
-1.459e+00
-1.459e+00
-1.459e+00
-1.459e+00
-1.459e+00
-1.459e+00
-1.459e+00
-1.459e+00
-1.459e+00
-1.459e+00
-1.459e+00
-1.459e+00
-1.459e+00
-1.459e+00
-1.459e+00
-1.459e+00
-1.459e+00
-1.459e+00
-1.459e+00
-1.459e+00
-1.459e+00
-1.459e+00
-1.459e+00
-1.459e+00
-1.459e+00
-1.459e+00
-1.459e+00
-1.459e+00
-1.459e+00
-1.459e+00
-1.459e+00
-1.459e+00
-1.459e+00
-1.459e+00
-1.459e+00
-1.459e+00
-1.459e+00
-1.459e+00
-1.459e+00
-1.459e+00
-1.459e+00
-1.459e+00
-1.459e+00
-1.459e+00
-1.459e+00
-1.459e+00
-1.459e+00
-1.459e+00
-1.459e+00
-1.459e+00
-1.459e+00
-1.459e+00
-1.459e+00
-1.459e+00
-1.459e+00
-1.459e+00
-1.459e+00
-1.459e+00
-1.459e+00
-1.459e+00
-1.459e+00
-1.459e+00
-1.459e+00
-1.459e+00
-1.459e+00
-1.459e+00
-1.459e+00
-1.459e+00
-1.459e+00
-1.459e+00
-1.459e+00
-1.459e+00
-1.459e+00
-1.459e+00
-1.459e+00
-1.459e+00
-1.459e+00
-1.459e+00
-1.459e+00
-1.459e+00
-1.459e+00
-1.459e+00
-1.459e+00
-1.459e+00
-1.459e+00
-1.459e+00
-1.459e+00
-1.459e+00
-1.459e+00
-1.459e+00
-1.459e+00
-1.459e+00
-1.459e+00
-1.459e+00
-1.459e+00
-1.459e+00
-1.459e+00
-1.459e+00
-1.459e+00
-1.459e+00
-1.459e+00
-1.459e+00
-1.459e+00
-1.459e+00
-1.459e+00
-1.459e+00
-1.459e+00
-1.459e+00
-1.459e+00
-1.459e+00
-1.459e+00
-1.459e+00
-1.459e+00
-1.459e+00
-1.459e+00
-1.459e+00
-1.459e+00
-1.459e+00
-1.459e+00
-1.459e+00
-1.459e+00
-1.459e+00
-1.459e+00
-1.459e+00
-1.459e+00
-1.459e+00
-1.459e+00
-1.459e+00
-1.459e+00
-1.459e+00
-1.459e+00
-1.459e+00
-1.459e+00
-1.459e+00
-1.459e+00
-1.459e+00
-1.459e+00
-1.459e+00
-1.459e+00
-1.459e+00
-1.459e+00
-1.459e+00
-1.459e+00
-1.459e+00
-1.459e+00
-1.459e+00
-1.459e+00
-1.459e+00
-1.459e+00
-1.459e+00
-1.459e+00
-1.459e+00
-1.459e+00
-1.459e+00
-1.459e+00
-1.459e+00
-1.459e+00
-1.459e+00
-1.459e+00
-1.459e+00
-1.459e+00
-1.459e+00
-1.459e+00
-1.459e+00
-1.459e+00
-1.459e+00
-1.459e+00
-1.459e+00
-1.459e+00
-1.459e+00
-1.459e+00
-1.459e+00
-1.459e+00
-1.256e+00
-1.256e+00
-1.256e+00
-1.256e+00
-1.256e+00
-1.256e+00
-1.256e+00
-1.256e+00
-1.256e+00
-1.256e+00
-1.256e+00
-1.256e+00
-1.256e+00
-1.256e+00
-1.256e+00
-1.256e+00
-1.256e+00
-1.256e+00
-1.256e+00
-1.256e+00
-1.256e+00
-1.256e+00
-1.256e+00
-1.256e+00
-1.256e+00
-1.256e+00
-1.256e+00
-1.256e+00
-1.256e+00
-1.256e+00
-1.256e+00
-1.256e+00
-1.256e+00
-1.256e+00
-1.256e+00
-1.256e+00
-1.256e+00
-1.256e+00
-1.256e+00
-1.256e+00
-1.256e+00
-1.256e+00
-1.256e+00
-1.256e+00
-1.256e+00
-1.256e+00
-1.256e+00
-1.256e+00
-1.256e+00
-1.256e+00
-1.256e+00
-1.256e+00
-1.256e+00
-1.256e+00
-1.256e+00
-1.256e+00
-1.256e+00
-1.256e+00
-1.256e+00
-1.256e+00
-1.256e+00
-1.256e+00
-1.256e+00
-1.256e+00
-1.256e+00
-1.256e+00
-1.256e+00
-1.256e+00
-1.256e+00
-1.256e+00
-1.256e+00
-1.256e+00
-1.256e+00
-1.256e+00
-1.256e+00
-1.256e+00
-1.256e+00
-1.256e+00
-1.256e+00
-1.256e+00
-1.256e+00
-1.256e+00
-1.256e+00
-1.256e+00
-1.256e+00
-1.256e+00
-1.256e+00
-1.256e+00
-1.256e+00
-1.256e+00
-1.256e+00
-1.256e+00
-1.256e+00
-1.256e+00
-1.256e+00
-1.256e+00
-1.256e+00
-1.256e+00
-1.256e+00
-1.256e+00
-1.256e+00
-1.256e+00
-1.256e+00
-1.256e+00
-1.256e+00
-1.256e+00
-1.256e+00
-1.256e+00
-1.256e+00
-1.256e+00
-1.256e+00
-1.256e+00
-1.256e+00
-1.256e+00
-1.256e+00
-1.256e+00
-1.256e+00
-1.256e+00
-1.256e+00
-1.256e+00
-1.256e+00
-1.256e+00
-1.256e+00
-1.256e+00
-1.256e+00
-1.256e+00
-1.256e+00
-1.256e+00
-1.256e+00
-1.256e+00
-1.256e+00
-1.256e+00
-1.256e+00
-1.256e+00
-1.256e+00
-1.256e+00
-1.256e+00
-1.256e+00
-1.256e+00
-1.256e+00
-1.256e+00
-1.256e+00
-1.256e+00
-1.256e+00
-1.256e+00
-1.256e+00
-1.256e+00
-1.256e+00
-1.256e+00
-1.256e+00
-1.256e+00
-1.256e+00
-1.256e+00
-1.256e+00
-1.256e+00
-1.256e+00
-1.256e+00
-1.256e+00
-1.256e+00
-1.256e+00
-1.256e+00
-1.256e+00
-1.256e+00
-1.256e+00
-1.256e+00
-1.256e+00
-1.256e+00
-1.256e+00
-1.256e+00
-1.256e+00
-1.256e+00
-1.256e+00
-1.256e+00
-1.256e+00
-1.256e+00
-1.256e+00
-1.256e+00
-1.256e+00
-1.256e+00
-1.256e+00
-1.256e+00
-1.256e+00
-1.256e+00
-1.256e+00
-1.256e+00
-1.256e+00
-1.256e+00
-1.256e+00
-1.256e+00
-1.256e+00
-1.256e+00
-1.256e+00
-1.256e+00
-1.256e+00
-1.256e+00
-1.256e+00
-1.256e+00
-1.256e+00
-1.256e+00
-1.256e+00
-1.256e+00
-1.256e+00
-1.256e+00
-1.256e+00
-1.256e+00
-1.256e+00
-1.256e+00
-1.256e+00
-1.256e+00
-1.256e+00
-1.160e+00
-1.160e+00
-1.160e+00
-1.160e+00
-1.160e+00
-1.160e+00
-1.160e+00
-1.160e+00
-1.160e+00
-1.160e+00
-1.160e+00
-1.160e+00
-1.160e+00
-1.160e+00
-1.160e+00
-1.160e+00
-1.160e+00
-1.160e+00
-1.160e+00
-1.160e+00
-1.160e+00
-1.160e+00
-1.160e+00
-1.160e+00
-1.160e+00
-1.160e+00
-1.160e+00
-1.160e+00
-1.160e+00
-1.160e+00
-1.160e+00
-1.160e+00
-1.160e+00
-1.160e+00
-1.160e+00
-1.160e+00
-1.160e+00
-1.160e+00
-1.160e+00
-1.160e+00
-1.160e+00
-1.160e+00
-1.160e+00
-1.160e+00
-1.160e+00
-1.160e+00
-1.160e+00
-1.160e+00
-1.160e+00
-1.160e+00
-1.160e+00
-1.160e+00
-1.160e+00
-1.160e+00
-1.160e+00
-1.160e+00
-1.160e+00
-1.160e+00
-1.160e+00
-1.160e+00
-1.160e+00
-1.160e+00
-1.160e+00
-1.160e+00
-1.160e+00
-1.160e+00
-1.160e+00
-1.160e+00
-1.160e+00
-1.160e+00
-1.160e+00
-1.160e+00
-1.160e+00
-1.160e+00
-1.160e+00
-1.160e+00
-1.160e+00
-1.160e+00
-1.160e+00
-1.160e+00
-1.160e+00
-1.160e+00
-1.160e+00
-1.160e+00
-1.160e+00
-1.160e+00
-1.160e+00
-1.160e+00
-1.160e+00
-1.160e+00
-1.160e+00
-1.160e+00
-1.160e+00
-1.160e+00
-1.160e+00
-1.160e+00
-1.160e+00
-1.160e+00
-1.160e+00
-1.160e+00
-1.160e+00
-1.160e+00
-1.160e+00
-1.160e+00
-1.160e+00
-1.160e+00
-1.160e+00
-1.160e+00
-1.160e+00
-1.160e+00
-1.160e+00
-1.160e+00
-1.160e+00
-1.160e+00
-1.160e+00
-1.160e+00
-1.160e+00
-1.160e+00
-1.160e+00
-1.160e+00
-1.160e+00
-1.160e+00
-1.160e+00
-1.160e+00
-1.160e+00
-1.160e+00
-1.160e+00
-1.160e+00
-1.160e+00
-1.160e+00
-1.160e+00
-1.160e+00
-1.160e+00
-1.160e+00
-1.160e+00
-1.160e+00
-1.160e+00
-1.160e+00
-1.160e+00
-1.160e+00
-1.160e+00
-1.160e+00
-1.160e+00
-1.160e+00
-1.160e+00
-1.160e+00
-1.160e+00
-1.160e+00
-1.160e+00
-1.160e+00
-1.160e+00
-1.160e+00
-1.160e+00
-1.160e+00
-1.160e+00
-1.160e+00
-1.160e+00
-1.160e+00
-1.160e+00
-1.160e+00
-1.160e+00
-1.160e+00
-1.160e+00
-1.160e+00
-1.160e+00
-1.160e+00
-1.160e+00
-1.160e+00
-1.160e+00
-1.160e+00
-1.160e+00
-1.160e+00
-1.160e+00
-1.160e+00
-1.160e+00
-1.160e+00
-1.160e+00
-1.160e+00
-1.160e+00
-1.160e+00
-1.160e+00
-1.160e+00
-1.160e+00
-1.160e+00
-1.160e+00
-1.160e+00
-1.160e+00
-1.160e+00
-1.160e+00
-1.160e+00
-1.160e+00
-1.160e+00
-1.160e+00
-1.160e+00
-1.160e+00
-1.160e+00
-1.160e+00
-1.160e+00
-1.160e+00
-1.160e+00
-1.160e+00
-1.160e+00
-1.160e+00
-1.160e+00
-1.160e+00
-1.160e+00
-1.160e+00
-1.160e+00
-1.160e+00
-1.160e+00
-1.160e+00
-1.160e+00
-1.160e+00
-1.160e+00
-1.160e+00
-1.160e+00
-1.160e+00
-1.160e+00
-1.160e+00
-1.160e+00
-1.160e+00
-1.160e+00
-1.160e+00
-1.160e+00
-1.160e+00
-1.160e+00
-1.160e+00
-1.160e+00
-1.160e+00
-1.160e+00
-1.160e+00
-8.867e-01
-8.849e-01
-8.849e-01
-8.849e-01
-8.849e-01
-8.849e-01
-8.849e-01
-8.849e-01
-8.849e-01
-8.849e-01
-8.849e-01
-8.849e-01
-8.849e-01
-8.849e-01
-8.849e-01
-8.849e-01
-8.849e-01
-8.849e-01
-8.849e-01
-8.849e-01
-8.821e-01
-8.849e-01
-8.821e-01
-8.821e-01
-8.821e-01
-8.821e-01
-8.821e-01
-8.821e-01
-8.821e-01
-8.821e-01
-8.821e-01
-8.821e-01
-8.821e-01
-8.821e-01
-8.821e-01
-8.821e-01
-8.821e-01
-8.821e-01
-8.821e-01
-8.821e-01
-8.821e-01
-8.798e-01
-8.849e-01
-8.821e-01
-8.821e-01
-8.821e-01
-8.821e-01
-8.821e-01
-8.821e-01
-8.821e-01
-8.821e-01
-8.821e-01
-8.821e-01
-8.821e-01
-8.821e-01
-8.821e-01
-8.821e-01
-8.821e-01
-8.821e-01
-8.821e-01
-8.821e-01
-8.821e-01
-8.798e-01
-8.849e-01
-8.821e-01
-8.821e-01
-8.821e-01
-8.821e-01
-8.821e-01
-8.821e-01
-8.821e-01
-8.821e-01
-8.821e-01
-8.821e-01
-8.821e-01
-8.821e-01
-8.821e-01
-8.821e-01
-8.821e-01
-8.821e-01
-8.821e-01
-8.821e-01
-8.821e-01
-8.798e-01
-8.849e-01
-8.821e-01
-8.821e-01
-8.821e-01
-8.821e-01
-8.821e-01
-8.821e-01
-8.821e-01
-8.821e-01
-8.821e-01
-8.821e-01
-8.821e-01
-8.821e-01
-8.821e-01
-8.821e-01
-8.821e-01
-8.821e-01
-8.821e-01
-8.821e-01
-8.821e-01
-8.798e-01
-8.849e-01
-8.821e-01
-8.821e-01
-8.821e-01
-8.821e-01
-8.821e-01
-8.821e-01
-8.821e-01
-8.821e-01
-8.821e-01
-8.821e-01
-8.821e-01
-8.821e-01
-8.821e-01
-8.821e-01
-8.821e-01
-8.821e-01
-8.821e-01
-8.821e-01
-8.821e-01
-8.798e-01
-8.849e-01
-8.821e-01
-8.821e-01
-8.821e-01
-8.821e-01
-8.821e-01
-8.821e-01
-8.821e-01
-8.821e-01
-8.821e-01
-8.821e-01
-8.821e-01
-8.821e-01
-8.821e-01
-8.821e-01
-8.821e-01
-8.821e-01
-8.821e-01
-8.821e-01
-8.821e-01
-8.798e-01
-8.849e-01
-8.821e-01
-8.821e-01
-8.821e-01
-8.821e-01
-8.821e-01
-8.821e-01
-8.821e-01
-8.821e-01
-8.821e-01
-8.821e-01
-8.821e-01
-8.821e-01
-8.821e-01
-8.821e-01
-8.821e-01
-8.821e-01
-8.821e-01
-8.821e-01
-8.821e-01
-8.798e-01
-8.849e-01
-8.821e-01
-8.821e-01
-8.821e-01
-8.821e-01
-8.821e-01
-8.821e-01
-8.821e-01
-8.821e-01
-8.821e-01
-8.821e-01
-8.821e-01
-8.821e-01
-8.821e-01
-8.821e-01
-8.821e-01
-8.821e-01
-8.821e-01
-8.821e-01
-8.821e-01
-8.798e-01
-8.844e-01
-8.815e-01
-8.815e-01
-8.815e-01
-8.815e-01
-8.815e-01
-8.815e-01
-8.815e-01
-8.815e-01
-8.815e-01
-8.815e-01
-8.815e-01
-8.815e-01
-8.815e-01
-8.815e-01
-8.815e-01
-8.815e-01
-8.815e-01
-8.815e-01
-8.815e-01
-8.792e-01
-8.602e-01
-8.605e-01
-8.605e-01
-8.605e-01
-8.605e-01
-8.605e-01
-8.605e-01
-8.605e-01
-8.605e-01
-8.605e-01
-8.605e-01
-8.605e-01
-8.605e-01
-8.605e-01
-8.605e-01
-8.605e-01
-8.605e-01
-8.605e-01
-8.605e-01
-8.605e-01
-8.606e-01
-8.600e-01
-8.600e-01
-8.600e-01
-8.600e-01
-8.600e-01
-8.600e-01
-8.600e-01
-8.600e-01
-8.600e-01
-8.600e-01
-8.600e-01
-8.600e-01
-8.600e-01
-8.600e-01
-8.600e-01
-8.600e-01
-8.600e-01
-8.600e-01
-8.600e-01
-8.600e-01
-8.600e-01
-8.600e-01
-8.600e-01
-8.600e-01
-8.600e-01
-8.600e-01
-8.600e-01
-8.600e-01
-8.600e-01
-8.600e-01
-8.600e-01
-8.600e-01
-8.600e-01
-8.600e-01
-8.600e-01
-8.600e-01
-8.600e-01
-8.600e-01
-8.600e-01
-8.600e-01
-8.600e-01
-8.600e-01
-8.600e-01
-8.600e-01
-8.600e-01
-8.600e-01
-8.600e-01
-8.600e-01
-8.600e-01
-8.600e-01
-8.600e-01
-8.600e-01
-8.600e-01
-8.600e-01
-8.600e-01
-8.600e-01
-8.600e-01
-8.600e-01
-8.600e-01
-8.600e-01
-8.600e-01
-8.600e-01
-8.600e-01
-8.600e-01
-8.600e-01
-8.600e-01
-8.600e-01
-8.600e-01
-8.600e-01
-8.600e-01
-8.600e-01
-8.600e-01
-8.600e-01
-8.600e-01
-8.600e-01
-8.600e-01
-8.600e-01
-8.600e-01
-8.600e-01
-8.600e-01
-8.600e-01
-8.600e-01
-8.600e-01
-8.600e-01
-8.600e-01
-8.600e-01
-8.600e-01
-8.600e-01
-8.600e-01
-8.600e-01
-8.600e-01
-8.600e-01
-8.600e-01
-8.600e-01
-8.600e-01
-8.600e-01
-8.600e-01
-8.600e-01
-8.600e-01
-8.600e-01
-8.600e-01
-8.600e-01
-8.600e-01
-8.600e-01
-8.600e-01
-8.600e-01
-8.600e-01
-8.600e-01
-8.600e-01
-8.600e-01
-8.600e-01
-8.600e-01
-8.600e-01
-8.600e-01
-8.600e-01
-8.600e-01
-8.600e-01
-8.600e-01
-8.600e-01
-8.600e-01
-8.600e-01
-8.600e-01
-8.600e-01
-8.600e-01
-8.600e-01
-8.600e-01
-8.600e-01
-8.600e-01
-8.600e-01
-8.600e-01
-8.600e-01
-8.600e-01
-8.600e-01
-8.600e-01
-8.600e-01
-8.600e-01
-8.600e-01
-8.600e-01
-8.600e-01
-8.600e-01
-8.600e-01
-8.600e-01
-8.600e-01
-8.600e-01
-8.600e-01
-8.600e-01
-8.600e-01
-8.600e-01
-8.600e-01
-8.600e-01
-8.600e-01
-8.600e-01
-8.600e-01
-8.600e-01
-8.600e-01
-8.600e-01
-8.600e-01
-8.600e-01
-8.600e-01
-8.600e-01
-8.600e-01
-8.600e-01
-8.600e-01
-8.600e-01
-8.600e-01
-8.600e-01
-8.600e-01
-8.600e-01
-8.600e-01
-8.600e-01
-8.600e-01
-8.600e-01
-8.600e-01
-8.600e-01
-8.600e-01
-8.600e-01
-8.600e-01
-8.600e-01
-8.600e-01
-8.600e-01
-8.600e-01
-8.600e-01
-8.600e-01
-8.600e-01
-8.600e-01
-8.600e-01
-8.600e-01
-8.600e-01
-8.600e-01
-8.600e-01
-8.600e-01
-8.600e-01
-8.600e-01
-8.600e-01
-8.600e-01
-8.600e-01
-8.600e-01
-8.600e-01
-8.600e-01
-8.600e-01
-8.600e-01
-8.600e-01
-8.600e-01
-8.600e-01
-8.600e-01
-8.600e-01
-8.600e-01
-8.600e-01
-8.600e-01
-8.600e-01
-2.600e-01
-2.600e-01
-2.600e-01
-2.600e-01
-2.600e-01
-2.600e-01
-2.600e-01
-2.600e-01
-2.600e-01
-2.600e-01
-2.600e-01
-2.600e-01
-2.600e-01
-2.600e-01
-2.600e-01
-2.600e-01
-2.600e-01
-2.600e-01
-2.600e-01
-2.600e-01
-2.600e-01
-2.600e-01
-2.600e-01
-2.600e-01
-2.600e-01
-2.600e-01
-2.600e-01
-2.600e-01
-2.600e-01
-2.600e-01
-2.600e-01
-2.600e-01
-2.600e-01
-2.600e-01
-2.600e-01
-2.600e-01
-2.600e-01
-2.600e-01
-2.600e-01
-2.600e-01
-2.600e-01
-2.600e-01
-2.600e-01
-2.600e-01
-2.600e-01
-2.600e-01
-2.600e-01
-2.600e-01
-2.600e-01
-2.600e-01
-2.600e-01
-2.600e-01
-2.600e-01
-2.600e-01
-2.600e-01
-2.600e-01
-2.600e-01
-2.600e-01
-2.600e-01
-2.600e-01
-2.600e-01
-2.600e-01
-2.600e-01
-2.600e-01
-2.600e-01
-2.600e-01
-2.600e-01
-2.600e-01
-2.600e-01
-2.600e-01
-2.600e-01
-2.600e-01
-2.600e-01
-2.600e-01
-2.600e-01
-2.600e-01
-2.600e-01
-2.600e-01
-2.600e-01
-2.600e-01
-2.600e-01
-2.600e-01
-2.600e-01
-2.600e-01
-2.600e-01
-2.600e-01
-2.600e-01
-2.600e-01
-2.600e-01
-2.600e-01
-2.600e-01
-2.600e-01
-2.600e-01
-2.600e-01
-2.600e-01
-2.600e-01
-2.600e-01
-2.600e-01
-2.600e-01
-2.600e-01
-2.600e-01
-2.600e-01
-2.600e-01
-2.600e-01
-2.600e-01
-2.600e-01
-2.600e-01
-2.600e-01
-2.600e-01
-2.600e-01
-2.600e-01
-2.600e-01
-2.600e-01
-2.600e-01
-2.600e-01
-2.600e-01
-2.600e-01
-2.600e-01
-2.600e-01
-2.600e-01
-2.600e-01
-2.600e-01
-2.600e-01
-2.600e-01
-2.600e-01
-2.600e-01
-2.600e-01
-2.600e-01
-2.600e-01
-2.600e-01
-2.600e-01
-2.600e-01
-2.600e-01
-2.600e-01
-2.600e-01
-2.600e-01
-2.600e-01
-2.600e-01
-2.600e-01
-2.600e-01
-2.600e-01
-2.600e-01
-2.600e-01
-2.600e-01
-2.600e-01
-2.600e-01
-2.600e-01
-2.600e-01
-2.600e-01
-2.600e-01
-2.600e-01
-2.600e-01
-2.600e-01
-2.600e-01
-2.600e-01
-2.600e-01
-2.600e-01
-2.600e-01
-2.600e-01
-2.600e-01
-2.600e-01
-2.600e-01
-2.600e-01
-2.600e-01
-2.600e-01
-2.600e-01
-2.600e-01
-2.600e-01
-2.600e-01
-2.600e-01
-2.600e-01
-2.600e-01
-2.600e-01
-2.600e-01
-2.600e-01
-2.600e-01
-2.600e-01
-2.600e-01
-2.600e-01
-2.600e-01
-2.600e-01
-2.600e-01
-2.600e-01
-2.600e-01
-2.600e-01
-2.600e-01
-2.600e-01
-2.600e-01
-2.600e-01
-2.600e-01
-2.600e-01
-2.600e-01
-2.600e-01
-2.600e-01
-2.600e-01
-2.600e-01
-2.600e-01
-2.600e-01
-2.600e-01
-2.600e-01
-2.600e-01
-2.600e-01
-2.600e-01
-2.600e-01
-2.600e-01
-2.600e-01
-2.600e-01
-2.600e-01
-2.600e-01
-2.600e-01
-2.600e-01
-2.600e-01
-2.600e-01
-2.600e-01
-2.600e-01
-2.600e-01
-2.600e-01
-2.600e-01
-2.600e-01
-2.600e-01
-2.600e-01
-2.600e-01
-2.600e-01
-2.600e-01
-2.600e-01
-2.600e-01
-2.600e-01
-2.600e-01
-2.600e-01
-2.600e-01
-2.600e-01
-2.600e-01
-2.600e-01
-2.600e-01
-2.600e-01
-2.600e-01
-2.600e-01
-2.600e-01
-2.600e-01
-2.600e-01
-2.600e-01
-2.600e-01
-2.600e-01
-2.600e-01
-2.600e-01
-2.600e-01
-2.600e-01
-2.600e-01
-2.600e-01
-2.600e-01
-2.600e-01
-2.600e-01
-2.600e-01
-2.600e-01
-2.600e-01
-2.600e-01
-2.600e-01
-2.600e-01
-2.600e-01
-2.600e-01
-2.600e-01
-2.600e-01
-2.600e-01
-2.600e-01
-2.600e-01
-2.600e-01
-2.600e-01
-2.600e-01
-2.600e-01
-2.600e-01
-2.600e-01
-2.600e-01
-2.600e-01
-2.600e-01
-2.600e-01
-2.600e-01
-2.600e-01
-2.600e-01
-2.600e-01
-2.600e-01
-2.600e-01
-2.600e-01
-2.600e-01
-2.600e-01
-2.600e-01
-2.600e-01
-2.600e-01
-2.600e-01
-2.600e-01
-2.600e-01
-2.600e-01
-2.600e-01
-2.600e-01
-2.600e-01
-2.600e-01
-2.600e-01
-2.600e-01
-2.600e-01
-2.600e-01
-2.600e-01
-2.600e-01
-2.600e-01
-2.600e-01
-2.600e-01
-2.600e-01
-2.600e-01
-2.600e-01
-2.600e-01
-2.600e-01
-2.600e-01
-2.600e-01
-2.600e-01
-2.600e-01
-2.600e-01
-2.600e-01
-2.600e-01
-2.600e-01
-2.600e-01
-2.600e-01
-2.600e-01
-2.600e-01
-2.600e-01
-2.600e-01
-2.600e-01
-2.600e-01
-2.600e-01
-2.600e-01
-2.600e-01
-2.600e-01
-2.600e-01
-2.600e-01
-2.600e-01
-2.600e-01
-2.600e-01
-2.600e-01
-2.600e-01
-2.600e-01
-2.600e-01
-2.600e-01
-2.600e-01
-2.600e-01
-2.600e-01
-2.600e-01
-2.600e-01
-2.600e-01
-2.600e-01
-2.600e-01
-2.600e-01
-2.600e-01
-2.600e-01
-2.600e-01
-2.600e-01
-2.600e-01
-2.600e-01
-2.600e-01
-2.600e-01
-2.600e-01
-2.600e-01
-2.600e-01
-2.600e-01
-2.600e-01
-2.600e-01
-2.600e-01
-2.600e-01
-2.600e-01
-2.600e-01
-2.600e-01
-2.600e-01
-2.600e-01
-2.600e-01
-2.600e-01
-2.600e-01
-2.600e-01
-2.600e-01
-2.600e-01
-2.600e-01
-2.600e-01
-2.600e-01
-2.600e-01
-2.600e-01
-2.600e-01
-2.600e-01
-2.600e-01
-2.600e-01
-2.600e-01
-2.600e-01
-2.600e-01
-2.600e-01
-2.600e-01
-2.600e-01
-2.600e-01
-2.600e-01
-2.600e-01
-2.600e-01
-2.600e-01
-2.600e-01
-2.600e-01
-2.600e-01
-2.600e-01
-2.600e-01
-2.600e-01
-2.600e-01
-2.600e-01
-2.600e-01
-2.600e-01
-2.600e-01
-2.600e-01
-2.600e-01
-2.600e-01
-2.600e-01
-2.600e-01
-2.600e-01
-2.600e-01
-2.600e-01
-2.600e-01
-2.600e-01
-2.600e-01
-2.600e-01
-2.597e-01
-2.597e-01
-2.600e-01
-2.600e-01
-2.600e-01
-2.600e-01
-2.600e-01
-2.600e-01
-2.600e-01
-2.600e-01
-2.600e-01
-2.600e-01
-2.600e-01
-2.600e-01
-2.600e-01
-2.600e-01
-2.600e-01
-2.600e-01
-2.600e-01
-2.600e-01
-2.600e-01
-2.597e-01
-2.590e-01
3.400e-01
3.400e-01
3.400e-01
3.400e-01
3.400e-01
3.400e-01
3.400e-01
3.400e-01
3.400e-01
3.400e-01
3.400e-01
3.400e-01
3.400e-01
3.400e-01
3.400e-01
3.400e-01
3.400e-01
3.400e-01
3.400e-01
3.400e-01
3.400e-01
3.400e-01
3.400e-01
3.400e-01
3.400e-01
3.400e-01
3.400e-01
3.400e-01
3.400e-01
3.400e-01
3.400e-01
3.400e-01
3.400e-01
3.400e-01
3.400e-01
3.400e-01
3.400e-01
3.400e-01
3.400e-01
3.400e-01
3.400e-01
3.400e-01
3.400e-01
3.400e-01
3.400e-01
3.400e-01
3.400e-01
3.400e-01
3.400e-01
3.400e-01
3.400e-01
3.400e-01
3.400e-01
3.400e-01
3.400e-01
3.400e-01
3.400e-01
3.400e-01
3.400e-01
3.400e-01
3.400e-01
3.400e-01
3.400e-01
3.400e-01
3.400e-01
3.400e-01
3.400e-01
3.400e-01
3.400e-01
3.400e-01
3.400e-01
3.400e-01
3.400e-01
3.400e-01
3.400e-01
3.400e-01
3.400e-01
3.400e-01
3.400e-01
3.400e-01
3.400e-01
3.400e-01
3.400e-01
3.400e-01
3.400e-01
3.400e-01
3.400e-01
3.400e-01
3.400e-01
3.400e-01
3.400e-01
3.400e-01
3.400e-01
3.400e-01
3.400e-01
3.400e-01
3.400e-01
3.400e-01
3.400e-01
3.400e-01
3.400e-01
3.400e-01
3.400e-01
3.400e-01
3.400e-01
3.400e-01
3.400e-01
3.400e-01
3.400e-01
3.400e-01
3.400e-01
3.400e-01
3.400e-01
3.400e-01
3.400e-01
3.400e-01
3.400e-01
3.400e-01
3.400e-01
3.400e-01
3.400e-01
3.400e-01
3.400e-01
3.400e-01
3.400e-01
3.400e-01
3.400e-01
3.400e-01
3.400e-01
3.400e-01
3.400e-01
3.400e-01
3.400e-01
3.400e-01
3.400e-01
3.400e-01
3.400e-01
3.400e-01
3.400e-01
3.400e-01
3.400e-01
3.400e-01
3.400e-01
3.400e-01
3.400e-01
3.400e-01
3.400e-01
3.400e-01
3.400e-01
3.400e-01
3.400e-01
3.400e-01
3.400e-01
3.400e-01
3.400e-01
3.400e-01
3.400e-01
3.400e-01
3.400e-01
3.400e-01
3.400e-01
3.400e-01
3.400e-01
3.400e-01
3.400e-01
3.400e-01
3.400e-01
3.400e-01
3.400e-01
3.400e-01
3.400e-01
3.400e-01
3.400e-01
3.400e-01
3.400e-01
3.400e-01
3.400e-01
3.400e-01
3.400e-01
3.400e-01
3.400e-01
3.400e-01
3.400e-01
3.400e-01
3.400e-01
3.400e-01
3.400e-01
3.400e-01
3.400e-01
3.400e-01
3.400e-01
3.400e-01
3.400e-01
3.400e-01
3.400e-01
3.400e-01
3.400e-01
3.400e-01
3.400e-01
3.400e-01
3.400e-01
3.400e-01
3.400e-01
3.400e-01
3.400e-01
3.400e-01
3.400e-01
3.400e-01
3.400e-01
3.400e-01
3.400e-01
3.400e-01
3.400e-01
3.400e-01
3.400e-01
3.400e-01
3.400e-01
3.400e-01
3.400e-01
3.400e-01
3.400e-01
3.400e-01
3.400e-01
3.400e-01
3.400e-01
3.400e-01
3.400e-01
3.400e-01
3.400e-01
3.400e-01
3.400e-01
3.400e-01
3.400e-01
3.400e-01
3.400e-01
3.400e-01
3.400e-01
3.400e-01
3.400e-01
3.400e-01
3.400e-01
3.400e-01
3.400e-01
3.400e-01
3.400e-01
3.400e-01
3.400e-01
3.400e-01
3.400e-01
3.400e-01
3.400e-01
3.400e-01
3.400e-01
3.400e-01
3.400e-01
3.400e-01
3.400e-01
3.400e-01
3.400e-01
3.400e-01
3.400e-01
3.400e-01
3.400e-01
3.400e-01
3.400e-01
3.400e-01
3.400e-01
3.400e-01
3.400e-01
3.400e-01
3.400e-01
3.400e-01
3.400e-01
3.400e-01
3.400e-01
3.400e-01
3.400e-01
3.400e-01
3.400e-01
3.400e-01
3.400e-01
3.400e-01
3.400e-01
3.400e-01
3.400e-01
3.400e-01
3.400e-01
3.400e-01
3.400e-01
3.400e-01
3.400e-01
3.400e-01
3.400e-01
3.400e-01
3.400e-01
3.400e-01
3.400e-01
3.400e-01
3.400e-01
3.400e-01
3.400e-01
3.400e-01
3.400e-01
3.400e-01
3.400e-01
3.400e-01
3.400e-01
3.400e-01
3.400e-01
3.400e-01
3.400e-01
3.400e-01
3.400e-01
3.400e-01
3.400e-01
3.400e-01
3.400e-01
3.400e-01
3.400e-01
3.400e-01
3.400e-01
3.400e-01
3.400e-01
3.400e-01
3.400e-01
3.400e-01
3.400e-01
3.400e-01
3.400e-01
3.400e-01
3.400e-01
3.400e-01
3.400e-01
3.400e-01
3.400e-01
3.400e-01
3.400e-01
3.400e-01
3.400e-01
3.400e-01
3.400e-01
3.400e-01
3.400e-01
3.400e-01
3.400e-01
3.400e-01
3.400e-01
3.400e-01
3.400e-01
3.400e-01
3.400e-01
3.400e-01
3.400e-01
3.400e-01
3.400e-01
3.400e-01
3.400e-01
3.400e-01
3.400e-01
3.400e-01
3.400e-01
3.400e-01
3.400e-01
3.400e-01
3.400e-01
3.400e-01
3.400e-01
3.400e-01
3.400e-01
3.400e-01
3.400e-01
3.400e-01
3.400e-01
3.400e-01
3.400e-01
3.400e-01
3.400e-01
3.400e-01
3.400e-01
3.400e-01
3.400e-01
3.400e-01
3.400e-01
3.400e-01
3.400e-01
3.400e-01
3.400e-01
3.400e-01
3.400e-01
3.400e-01
3.400e-01
3.400e-01
3.400e-01
3.400e-01
3.400e-01
3.400e-01
3.400e-01
3.400e-01
3.400e-01
3.400e-01
3.400e-01
3.400e-01
3.400e-01
3.400e-01
3.400e-01
3.400e-01
3.400e-01
3.400e-01
3.400e-01
3.400e-01
3.400e-01
3.400e-01
3.400e-01
3.400e-01
3.400e-01
3.400e-01
3.400e-01
3.400e-01
3.403e-01
3.403e-01
3.400e-01
3.400e-01
3.400e-01
3.400e-01
3.400e-01
3.400e-01
3.400e-01
3.400e-01
3.400e-01
3.400e-01
3.400e-01
3.400e-01
3.400e-01
3.400e-01
3.400e-01
3.400e-01
3.400e-01
3.400e-01
3.400e-01
3.403e-01
3.410e-01
1.000e+00
1.000e+00
1.000e+00
1.000e+00
1.000e+00
1.000e+00
1.000e+00
1.000e+00
1.000e+00
1.000e+00
1.000e+00
1.000e+00
1.000e+00
1.000e+00
1.000e+00
1.000e+00
1.000e+00
1.000e+00
1.000e+00
1.000e+00
1.000e+00
1.000e+00
1.000e+00
1.000e+00
1.000e+00
1.000e+00
1.000e+00
1.000e+00
1.000e+00
1.000e+00
1.000e+00
1.000e+00
1.000e+00
1.000e+00
1.000e+00
1.000e+00
1.000e+00
1.000e+00
1.000e+00
1.000e+00
1.000e+00
1.000e+00
1.000e+00
1.000e+00
1.000e+00
1.000e+00
1.000e+00
1.000e+00
1.000e+00
1.000e+00
1.000e+00
1.000e+00
1.000e+00
1.000e+00
1.000e+00
1.000e+00
1.000e+00
1.000e+00
1.000e+00
1.000e+00
1.000e+00
1.000e+00
1.000e+00
1.000e+00
1.000e+00
1.000e+00
1.000e+00
1.000e+00
1.000e+00
1.000e+00
1.000e+00
1.000e+00
1.000e+00
1.000e+00
1.000e+00
1.000e+00
1.000e+00
1.000e+00
1.000e+00
1.000e+00
1.000e+00
1.000e+00
1.000e+00
1.000e+00
1.000e+00
1.000e+00
1.000e+00
1.000e+00
1.000e+00
1.000e+00
1.000e+00
1.000e+00
1.000e+00
1.000e+00
1.000e+00
1.000e+00
1.000e+00
1.000e+00
1.000e+00
1.000e+00
1.000e+00
1.000e+00
1.000e+00
1.000e+00
1.000e+00
1.000e+00
1.000e+00
1.000e+00
1.000e+00
1.000e+00
1.000e+00
1.000e+00
1.000e+00
1.000e+00
1.000e+00
1.000e+00
1.000e+00
1.000e+00
1.000e+00
1.000e+00
1.000e+00
1.000e+00
1.000e+00
1.000e+00
1.000e+00
1.000e+00
1.000e+00
1.000e+00
1.000e+00
1.000e+00
1.000e+00
1.000e+00
1.000e+00
1.000e+00
1.000e+00
1.000e+00
1.000e+00
1.000e+00
1.000e+00
1.000e+00
1.000e+00
1.000e+00
1.000e+00
1.000e+00
1.000e+00
1.000e+00
1.000e+00
1.000e+00
1.000e+00
1.000e+00
1.000e+00
1.000e+00
1.000e+00
1.000e+00
1.000e+00
1.000e+00
1.000e+00
1.000e+00
1.000e+00
1.000e+00
1.000e+00
1.000e+00
1.000e+00
1.000e+00
1.000e+00
1.000e+00
1.000e+00
1.000e+00
1.000e+00
1.000e+00
1.000e+00
1.000e+00
1.000e+00
1.000e+00
1.000e+00
1.000e+00
1.000e+00
1.000e+00
1.000e+00
1.000e+00
1.000e+00
1.000e+00
1.000e+00
1.000e+00
1.000e+00
1.000e+00
1.000e+00
1.000e+00
1.000e+00
1.000e+00
1.000e+00
1.000e+00
1.000e+00
1.000e+00
1.000e+00
1.000e+00
1.000e+00
1.000e+00
1.000e+00
1.000e+00
1.000e+00
1.000e+00
1.000e+00
1.000e+00
1.000e+00
1.000e+00
1.000e+00
1.000e+00
1.000e+00
1.000e+00
1.000e+00
1.000e+00
1.000e+00
1.000e+00
1.000e+00
1.000e+00
1.000e+00
1.000e+00
1.000e+00
1.000e+00
1.000e+00
1.000e+00
1.000e+00
1.000e+00
1.000e+00
1.000e+00
1.000e+00
1.000e+00
1.000e+00
1.000e+00
1.000e+00
1.000e+00
1.000e+00
1.000e+00
1.000e+00
1.000e+00
1.000e+00
1.000e+00
1.000e+00
1.000e+00
1.000e+00
1.000e+00
1.000e+00
1.000e+00
1.000e+00
1.000e+00
1.000e+00
1.000e+00
1.000e+00
1.000e+00
1.000e+00
1.000e+00
1.000e+00
1.000e+00
1.000e+00
1.000e+00
1.000e+00
1.000e+00
1.000e+00
1.000e+00
1.000e+00
1.000e+00
1.000e+00
1.000e+00
1.000e+00
1.000e+00
1.000e+00
1.000e+00
1.000e+00
1.000e+00
1.000e+00
1.000e+00
1.000e+00
1.000e+00
1.000e+00
1.000e+00
1.000e+00
1.000e+00
1.000e+00
1.000e+00
1.000e+00
1.000e+00
1.000e+00
1.000e+00
1.000e+00
1.000e+00
1.000e+00
1.000e+00
1.000e+00
1.000e+00
1.000e+00
1.000e+00
1.000e+00
1.000e+00
1.000e+00
1.000e+00
1.000e+00
1.000e+00
1.000e+00
1.000e+00
1.000e+00
1.000e+00
1.000e+00
1.000e+00
1.000e+00
1.000e+00
1.000e+00
1.000e+00
1.000e+00
1.000e+00
1.000e+00
1.000e+00
1.000e+00
1.000e+00
1.000e+00
1.000e+00
1.000e+00
1.000e+00
1.000e+00
1.000e+00
1.000e+00
1.000e+00
1.000e+00
1.000e+00
1.000e+00
1.000e+00
1.000e+00
1.000e+00
1.000e+00
1.000e+00
1.000e+00
1.000e+00
1.000e+00
1.000e+00
1.000e+00
1.000e+00
1.000e+00
1.000e+00
1.000e+00
1.000e+00
1.000e+00
1.000e+00
1.000e+00
1.000e+00
1.000e+00
1.000e+00
1.000e+00
1.000e+00
1.000e+00
1.000e+00
1.000e+00
1.000e+00
1.000e+00
1.000e+00
1.000e+00
1.000e+00
1.000e+00
1.000e+00
1.000e+00
1.000e+00
1.000e+00
1.000e+00
1.000e+00
1.000e+00
1.000e+00
1.000e+00
1.000e+00
1.000e+00
1.000e+00
1.000e+00
1.000e+00
1.000e+00
1.000e+00
1.000e+00
1.000e+00
1.000e+00
1.000e+00
1.000e+00
1.000e+00
1.000e+00
1.000e+00
1.000e+00
1.000e+00
1.000e+00
1.000e+00
1.000e+00
1.000e+00
1.000e+00
1.000e+00
1.000e+00
1.000e+00
1.000e+00
1.000e+00
1.000e+00
1.000e+00
1.000e+00
1.000e+00
1.000e+00
1.000e+00
1.000e+00
1.000e+00
1.000e+00
1.000e+00
1.000e+00
1.000e+00
1.000e+00
1.000e+00
1.000e+00
1.000e+00
1.000e+00
1.000e+00
1.000e+00
1.000e+00
1.000e+00
1.000e+00
1.000e+00
1.000e+00
1.000e+00
1.000e+00
1.000e+00
1.000e+00
1.000e+00
1.000e+00
1.000e+00
1.000e+00
1.000e+00
1.000e+00
1.000e+00
1.000e+00
1.000e+00
1.000e+00
1.000e+00
1.000e+00
1.000e+00
1.000e+00
1.000e+00
1.000e+00
1.000e+00
1.000e+00
1.000e+00
1.001e+00
